data/CoulombOnly/Outputs_CoulombOnly_V1/1HS_03_curv76s_MoT-Voellmy_h_max.asc
ncols        1001
nrows        301
xllcorner    997.5
yllcorner    -5002.5
cellsize     5.00
NODATA_value -9999
[rows 136 to 169 of 301, columns 539 to 615 of 1001]
1.252 1.259 1.266 1.273 1.280 1.286 1.293 1.299 1.305 1.311 1.317 1.322 1.328 1.333 1.338 1.344 1.349 1.353 1.358 1.363 1.367 1.372 1.376 1.380 1.385 1.389 1.392 1.396 1.399 1.403 1.406 1.408 1.411 1.413 1.416 1.418 1.419 1.421 1.423 1.424 1.425 1.426 1.427 1.427 1.428 1.428 1.428 1.428 1.428 1.428 1.428 1.427 1.427 1.426 1.425 1.425 1.424 1.424 1.423 1.423 1.422 1.422 1.422 1.422 1.423 1.423 1.424 1.425 1.427 1.430 1.434 1.439 1.447 1.457 1.474 1.501 1.572
1.342 1.347 1.352 1.357 1.362 1.367 1.371 1.376 1.380 1.384 1.389 1.392 1.396 1.400 1.403 1.407 1.410 1.413 1.416 1.419 1.422 1.424 1.427 1.429 1.432 1.434 1.436 1.438 1.439 1.440 1.441 1.442 1.443 1.443 1.443 1.443 1.443 1.442 1.442 1.441 1.440 1.439 1.438 1.437 1.435 1.434 1.432 1.430 1.429 1.427 1.425 1.423 1.421 1.420 1.418 1.416 1.415 1.414 1.412 1.411 1.410 1.409 1.409 1.408 1.407 1.406 1.404 1.402 1.399 1.395 1.390 1.384 1.375 1.365 1.353 1.339 1.323
1.417 1.420 1.424 1.427 1.430 1.433 1.436 1.439 1.441 1.444 1.446 1.449 1.451 1.453 1.455 1.456 1.458 1.459 1.460 1.461 1.462 1.462 1.463 1.463 1.463 1.463 1.463 1.463 1.462 1.461 1.460 1.458 1.457 1.455 1.453 1.450 1.448 1.446 1.443 1.440 1.437 1.434 1.431 1.428 1.424 1.421 1.418 1.415 1.412 1.409 1.406 1.404 1.401 1.399 1.398 1.397 1.396 1.396 1.398 1.400 1.403 1.408 1.415 1.423 1.434 1.448 1.465 1.487 1.514 1.547 1.586 1.632 1.688 1.753 1.831 1.906 1.968
1.478 1.480 1.481 1.483 1.484 1.485 1.486 1.488 1.488 1.489 1.490 1.490 1.491 1.491 1.491 1.490 1.490 1.489 1.488 1.487 1.485 1.483 1.481 1.479 1.477 1.474 1.472 1.469 1.466 1.462 1.459 1.455 1.451 1.447 1.443 1.438 1.433 1.429 1.424 1.419 1.414 1.409 1.404 1.399 1.395 1.390 1.385 1.380 1.376 1.371 1.366 1.362 1.357 1.352 1.347 1.342 1.336 1.331 1.324 1.317 1.310 1.302 1.294 1.284 1.275 1.265 1.254 1.242 1.230 1.218 1.205 1.191 1.177 1.162 1.147 1.131 1.115
1.525 1.525 1.525 1.524 1.524 1.523 1.522 1.521 1.520 1.519 1.517 1.515 1.513 1.511 1.509 1.506 1.503 1.500 1.496 1.492 1.488 1.484 1.479 1.475 1.470 1.464 1.459 1.454 1.448 1.442 1.437 1.430 1.424 1.418 1.412 1.406 1.399 1.393 1.387 1.382 1.377 1.372 1.368 1.365 1.362 1.362 1.362 1.365 1.370 1.377 1.386 1.398 1.412 1.428 1.446 1.467 1.490 1.516 1.544 1.576 1.611 1.649 1.690 1.734 1.783 1.836 1.893 1.945 1.990 2.029 2.060 2.084 2.102 2.112 2.117 2.117 2.113
1.557 1.555 1.552 1.550 1.547 1.544 1.541 1.537 1.533 1.529 1.525 1.521 1.516 1.511 1.506 1.501 1.495 1.489 1.482 1.476 1.469 1.461 1.454 1.446 1.438 1.430 1.421 1.413 1.404 1.395 1.387 1.377 1.368 1.359 1.349 1.340 1.330 1.320 1.310 1.301 1.290 1.280 1.270 1.260 1.250 1.240 1.230 1.220 1.210 1.201 1.191 1.182 1.173 1.163 1.154 1.146 1.137 1.129 1.120 1.112 1.104 1.095 1.088 1.079 1.071 1.062 1.054 1.045 1.035 1.026 1.015 1.005 0.993 0.981 0.969 0.955 0.942
1.570 1.565 1.560 1.555 1.549 1.544 1.538 1.532 1.525 1.518 1.511 1.504 1.497 1.489 1.481 1.473 1.465 1.456 1.448 1.439 1.430 1.422 1.413 1.405 1.398 1.391 1.386 1.383 1.382 1.383 1.386 1.391 1.399 1.408 1.419 1.433 1.448 1.464 1.483 1.503 1.525 1.549 1.574 1.601 1.630 1.661 1.693 1.728 1.764 1.802 1.842 1.882 1.923 1.960 1.996 2.030 2.063 2.094 2.123 2.151 2.177 2.203 2.228 2.253 2.277 2.302 2.327 2.354 2.383 2.415 2.449 2.486 2.525 2.566 2.607 2.645 2.677
1.556 1.547 1.539 1.530 1.520 1.511 1.501 1.490 1.480 1.469 1.457 1.446 1.434 1.422 1.409 1.396 1.383 1.370 1.356 1.342 1.328 1.313 1.298 1.283 1.267 1.252 1.236 1.220 1.205 1.189 1.173 1.158 1.143 1.128 1.113 1.099 1.085 1.073 1.060 1.048 1.037 1.026 1.017 1.007 0.999 0.991 0.983 0.977 0.971 0.966 0.961 0.956 0.952 0.949 0.945 0.942 0.938 0.934 0.930 0.925 0.920 0.914 0.907 0.899 0.890 0.881 0.870 0.860 0.847 0.834 0.820 0.805 0.790 0.774 0.756 0.739 0.721
1.665 1.654 1.643 1.632 1.622 1.612 1.602 1.593 1.585 1.578 1.572 1.569 1.568 1.572 1.587 1.611 1.638 1.666 1.695 1.725 1.757 1.788 1.820 1.852 1.885 1.917 1.950 1.981 2.013 2.045 2.076 2.106 2.137 2.166 2.194 2.222 2.249 2.275 2.299 2.322 2.344 2.364 2.383 2.400 2.415 2.430 2.443 2.456 2.468 2.481 2.494 2.510 2.527 2.546 2.566 2.588 2.611 2.635 2.658 2.681 2.704 2.726 2.749 2.771 2.792 2.814 2.836 2.858 2.878 2.893 2.903 2.911 2.915 2.914 2.909 2.900 2.890
0.978 0.960 0.941 0.921 0.902 0.883 0.864 0.845 0.826 0.807 0.788 0.770 0.751 0.733 0.715 0.697 0.679 0.662 0.644 0.628 0.611 0.595 0.579 0.563 0.548 0.533 0.519 0.526 0.537 0.548 0.558 0.568 0.585 0.605 0.625 0.643 0.659 0.674 0.687 0.699 0.709 0.716 0.721 0.725 0.727 0.727 0.725 0.721 0.715 0.708 0.700 0.689 0.677 0.664 0.650 0.634 0.618 0.601 0.583 0.564 0.545 0.524 0.505 0.485 0.464 0.444 0.423 0.410 0.424 0.438 0.451 0.462 0.473 0.482 0.489 0.493 0.495
3.560 3.571 3.581 3.590 3.598 3.605 3.611 3.617 3.623 3.626 3.629 3.629 3.630 3.629 3.628 3.625 3.621 3.616 3.611 3.605 3.600 3.596 3.593 3.592 3.594 3.600 3.611 3.625 3.643 3.663 3.686 3.710 3.736 3.761 3.788 3.816 3.842 3.870 3.895 3.921 3.945 3.966 3.987 4.006 4.021 4.037 4.049 4.059 4.066 4.073 4.076 4.077 4.077 4.074 4.070 4.065 4.059 4.052 4.046 4.041 4.039 4.039 4.045 4.053 4.059 4.061 4.062 4.062 4.064 4.073 4.085 4.094 4.099 4.099 4.095 4.086 4.072
0.528 0.535 0.541 0.549 0.558 0.566 0.576 0.586 0.598 0.609 0.623 0.637 0.653 0.669 0.685 0.699 0.712 0.724 0.734 0.741 0.746 0.749 0.749 0.746 0.741 0.734 0.724 0.711 0.695 0.677 0.659 0.638 0.616 0.592 0.569 0.543 0.518 0.493 0.467 0.441 0.416 0.392 0.369 0.365 0.371 0.376 0.381 0.388 0.394 0.400 0.406 0.414 0.422 0.430 0.437 0.444 0.452 0.458 0.463 0.467 0.468 0.468 0.466 0.462 0.457 0.450 0.441 0.430 0.418 0.404 0.389 0.373 0.355 0.338 0.319 0.331 0.341
5.822 5.813 5.805 5.799 5.795 5.792 5.792 5.794 5.799 5.806 5.816 5.829 5.845 5.862 5.880 5.896 5.909 5.920 5.929 5.935 5.939 5.941 5.940 5.939 5.935 5.931 5.926 5.921 5.915 5.910 5.905 5.901 5.899 5.897 5.897 5.899 5.902 5.906 5.911 5.911 5.909 5.905 5.898 5.890 5.880 5.869 5.859 5.848 5.839 5.831 5.827 5.824 5.826 5.831 5.840 5.853 5.867 5.880 5.894 5.907 5.922 5.938 5.955 5.975 5.995 6.017 6.039 6.060 6.079 6.096 6.110 6.121 6.127 6.128 6.124 6.115 6.132
0.646 0.622 0.597 0.571 0.543 0.515 0.486 0.458 0.429 0.403 0.377 0.351 0.326 0.313 0.319 0.324 0.329 0.332 0.334 0.337 0.338 0.340 0.341 0.343 0.344 0.346 0.349 0.353 0.357 0.362 0.367 0.375 0.383 0.391 0.400 0.409 0.418 0.426 0.434 0.441 0.447 0.451 0.454 0.455 0.454 0.451 0.445 0.438 0.428 0.416 0.404 0.390 0.374 0.358 0.340 0.321 0.302 0.284 0.265 0.246 0.242 0.250 0.255 0.262 0.268 0.272 0.275 0.279 0.282 0.285 0.285 0.284 0.285 0.284 0.282 0.278 0.272
8.557 8.589 8.620 8.653 8.684 8.716 8.748 8.780 8.812 8.844 8.876 8.908 8.939 8.972 9.002 9.033 9.063 9.092 9.122 9.152 9.181 9.210 9.239 9.268 9.297 9.327 9.356 9.385 9.413 9.441 9.467 9.494 9.520 9.546 9.571 9.596 9.620 9.644 9.668 9.691 9.714 9.737 9.759 9.781 9.801 9.822 9.841 9.858 9.876 9.892 9.907 9.921 9.933 9.944 9.953 9.960 9.966 9.970 9.971 9.972 9.970 9.966 9.962 9.954 9.945 9.932 9.917 9.898 9.876 9.851 9.825 9.795 9.764 9.729 9.691 9.651 9.606
0.647 0.623 0.598 0.572 0.544 0.516 0.487 0.459 0.431 0.404 0.378 0.353 0.328 0.311 0.318 0.324 0.328 0.332 0.336 0.339 0.341 0.343 0.345 0.347 0.350 0.352 0.355 0.359 0.364 0.370 0.375 0.382 0.391 0.399 0.408 0.416 0.425 0.433 0.441 0.447 0.453 0.457 0.459 0.460 0.458 0.454 0.449 0.440 0.430 0.417 0.405 0.390 0.375 0.358 0.340 0.321 0.301 0.283 0.264 0.245 0.241 0.247 0.253 0.259 0.263 0.266 0.270 0.274 0.276 0.277 0.277 0.278 0.277 0.276 0.273 0.269 0.264
5.833 5.824 5.816 5.810 5.806 5.803 5.803 5.805 5.809 5.816 5.826 5.839 5.854 5.872 5.889 5.905 5.918 5.929 5.938 5.944 5.948 5.950 5.950 5.948 5.944 5.940 5.935 5.930 5.924 5.918 5.913 5.909 5.906 5.905 5.905 5.906 5.909 5.913 5.917 5.917 5.915 5.910 5.903 5.894 5.884 5.872 5.861 5.850 5.841 5.832 5.827 5.825 5.826 5.831 5.839 5.852 5.865 5.878 5.891 5.903 5.917 5.933 5.949 5.969 5.988 6.010 6.032 6.053 6.072 6.089 6.103 6.114 6.121 6.123 6.119 6.123 6.143
0.531 0.538 0.545 0.553 0.562 0.571 0.582 0.592 0.604 0.616 0.630 0.645 0.660 0.676 0.692 0.706 0.719 0.731 0.740 0.748 0.753 0.755 0.755 0.753 0.748 0.740 0.729 0.716 0.700 0.682 0.663 0.643 0.620 0.596 0.572 0.547 0.520 0.495 0.469 0.444 0.418 0.393 0.370 0.368 0.374 0.379 0.384 0.390 0.396 0.402 0.407 0.415 0.422 0.429 0.436 0.443 0.450 0.456 0.460 0.463 0.465 0.464 0.462 0.458 0.453 0.446 0.437 0.426 0.413 0.399 0.384 0.368 0.351 0.333 0.314 0.323 0.332
3.562 3.573 3.583 3.592 3.600 3.608 3.614 3.619 3.625 3.628 3.631 3.631 3.632 3.631 3.629 3.626 3.622 3.617 3.612 3.606 3.600 3.596 3.593 3.592 3.594 3.601 3.612 3.626 3.644 3.664 3.687 3.711 3.737 3.762 3.789 3.817 3.843 3.870 3.896 3.922 3.945 3.966 3.987 4.005 4.020 4.035 4.047 4.057 4.064 4.070 4.073 4.073 4.073 4.071 4.066 4.061 4.055 4.048 4.042 4.037 4.034 4.034 4.041 4.049 4.054 4.057 4.057 4.057 4.058 4.066 4.078 4.088 4.094 4.095 4.091 4.083 4.069
0.977 0.958 0.939 0.920 0.901 0.882 0.863 0.844 0.825 0.806 0.788 0.769 0.750 0.732 0.714 0.696 0.679 0.661 0.644 0.627 0.611 0.594 0.578 0.562 0.547 0.533 0.518 0.530 0.541 0.553 0.563 0.574 0.594 0.615 0.634 0.652 0.669 0.683 0.696 0.708 0.717 0.724 0.729 0.733 0.735 0.735 0.732 0.728 0.722 0.715 0.706 0.695 0.683 0.670 0.655 0.639 0.623 0.606 0.588 0.569 0.549 0.528 0.508 0.488 0.468 0.447 0.426 0.405 0.418 0.432 0.444 0.455 0.465 0.474 0.480 0.485 0.487
1.664 1.653 1.642 1.631 1.621 1.610 1.601 1.592 1.584 1.577 1.571 1.568 1.567 1.571 1.587 1.611 1.637 1.665 1.695 1.725 1.756 1.788 1.821 1.852 1.885 1.917 1.950 1.982 2.014 2.045 2.077 2.108 2.138 2.167 2.196 2.224 2.250 2.276 2.300 2.322 2.345 2.364 2.382 2.400 2.414 2.429 2.441 2.454 2.466 2.479 2.493 2.508 2.525 2.545 2.566 2.588 2.611 2.634 2.658 2.680 2.703 2.725 2.747 2.769 2.790 2.811 2.833 2.856 2.876 2.891 2.902 2.910 2.914 2.913 2.908 2.899 2.889
1.555 1.546 1.538 1.529 1.520 1.510 1.500 1.489 1.479 1.468 1.457 1.445 1.433 1.421 1.409 1.396 1.383 1.370 1.355 1.341 1.327 1.312 1.298 1.283 1.267 1.251 1.236 1.220 1.204 1.188 1.173 1.158 1.142 1.127 1.113 1.099 1.085 1.073 1.061 1.049 1.038 1.027 1.018 1.009 1.001 0.993 0.986 0.980 0.974 0.970 0.965 0.961 0.957 0.954 0.951 0.947 0.944 0.940 0.936 0.931 0.926 0.920 0.914 0.906 0.897 0.888 0.877 0.866 0.853 0.840 0.826 0.811 0.796 0.779 0.761 0.744 0.726
1.569 1.564 1.559 1.554 1.549 1.543 1.537 1.531 1.524 1.518 1.511 1.503 1.496 1.488 1.481 1.472 1.464 1.456 1.447 1.439 1.430 1.421 1.413 1.405 1.397 1.391 1.386 1.383 1.382 1.383 1.386 1.391 1.399 1.408 1.419 1.433 1.448 1.464 1.483 1.503 1.525 1.549 1.574 1.601 1.630 1.661 1.693 1.728 1.764 1.802 1.842 1.882 1.923 1.961 1.998 2.032 2.066 2.097 2.127 2.155 2.182 2.208 2.234 2.259 2.283 2.308 2.333 2.360 2.389 2.421 2.454 2.491 2.530 2.570 2.611 2.648 2.680
1.556 1.554 1.551 1.549 1.546 1.543 1.540 1.536 1.532 1.529 1.524 1.520 1.515 1.510 1.505 1.500 1.494 1.488 1.482 1.475 1.468 1.461 1.453 1.446 1.438 1.429 1.421 1.412 1.404 1.395 1.386 1.377 1.368 1.359 1.349 1.340 1.330 1.320 1.310 1.300 1.290 1.280 1.270 1.260 1.250 1.240 1.230 1.221 1.211 1.201 1.192 1.183 1.174 1.165 1.156 1.148 1.139 1.131 1.123 1.115 1.107 1.099 1.091 1.083 1.075 1.066 1.058 1.049 1.040 1.030 1.020 1.010 0.998 0.986 0.974 0.960 0.947
1.524 1.524 1.524 1.524 1.523 1.522 1.522 1.520 1.519 1.518 1.516 1.514 1.513 1.511 1.508 1.505 1.502 1.499 1.495 1.492 1.488 1.483 1.479 1.474 1.469 1.464 1.458 1.453 1.448 1.442 1.436 1.430 1.424 1.418 1.411 1.405 1.399 1.393 1.387 1.382 1.376 1.372 1.368 1.365 1.362 1.362 1.362 1.365 1.370 1.377 1.386 1.398 1.412 1.428 1.446 1.467 1.490 1.516 1.544 1.576 1.611 1.649 1.690 1.734 1.783 1.836 1.893 1.946 1.991 2.030 2.062 2.087 2.105 2.116 2.122 2.121 2.118
1.478 1.479 1.481 1.482 1.483 1.485 1.486 1.487 1.488 1.488 1.489 1.490 1.490 1.490 1.490 1.489 1.489 1.488 1.487 1.486 1.484 1.482 1.481 1.478 1.476 1.473 1.471 1.468 1.465 1.462 1.458 1.455 1.451 1.446 1.442 1.438 1.433 1.428 1.424 1.419 1.414 1.409 1.404 1.399 1.394 1.390 1.385 1.380 1.376 1.371 1.366 1.362 1.357 1.352 1.347 1.342 1.337 1.331 1.325 1.318 1.311 1.303 1.295 1.286 1.276 1.266 1.256 1.244 1.233 1.221 1.208 1.194 1.180 1.166 1.150 1.135 1.119
1.416 1.420 1.423 1.426 1.429 1.432 1.435 1.438 1.440 1.443 1.446 1.448 1.450 1.452 1.454 1.455 1.457 1.458 1.459 1.460 1.461 1.462 1.462 1.462 1.463 1.462 1.462 1.462 1.461 1.460 1.459 1.458 1.456 1.454 1.452 1.450 1.448 1.445 1.442 1.439 1.436 1.433 1.430 1.427 1.424 1.421 1.418 1.415 1.412 1.409 1.406 1.404 1.401 1.399 1.398 1.397 1.396 1.396 1.398 1.400 1.403 1.408 1.415 1.423 1.434 1.448 1.465 1.487 1.514 1.547 1.586 1.632 1.688 1.752 1.831 1.907 1.969
1.341 1.347 1.352 1.357 1.361 1.366 1.371 1.375 1.379 1.384 1.388 1.392 1.396 1.399 1.403 1.406 1.410 1.413 1.416 1.419 1.421 1.424 1.426 1.429 1.431 1.433 1.435 1.437 1.438 1.440 1.441 1.441 1.442 1.442 1.442 1.442 1.442 1.442 1.441 1.440 1.439 1.438 1.437 1.436 1.435 1.433 1.432 1.430 1.428 1.426 1.425 1.423 1.421 1.419 1.418 1.416 1.414 1.413 1.412 1.411 1.410 1.409 1.409 1.408 1.407 1.406 1.404 1.402 1.399 1.396 1.391 1.385 1.376 1.366 1.355 1.341 1.325
1.252 1.259 1.266 1.273 1.280 1.286 1.293 1.299 1.305 1.311 1.316 1.322 1.327 1.333 1.338 1.343 1.348 1.353 1.358 1.362 1.367 1.371 1.376 1.380 1.384 1.388 1.392 1.395 1.399 1.402 1.405 1.408 1.410 1.413 1.415 1.417 1.419 1.420 1.422 1.423 1.424 1.425 1.426 1.427 1.427 1.428 1.428 1.428 1.428 1.428 1.427 1.427 1.426 1.426 1.425 1.425 1.424 1.423 1.423 1.422 1.422 1.422 1.422 1.422 1.423 1.423 1.424 1.425 1.427 1.430 1.434 1.439 1.447 1.458 1.474 1.501 1.572
1.146 1.155 1.165 1.173 1.182 1.191 1.199 1.208 1.216 1.223 1.231 1.238 1.246 1.253 1.259 1.266 1.273 1.279 1.286 1.292 1.299 1.305 1.311 1.317 1.323 1.328 1.334 1.339 1.344 1.349 1.354 1.359 1.363 1.367 1.372 1.375 1.379 1.383 1.386 1.389 1.392 1.395 1.398 1.401 1.403 1.405 1.407 1.409 1.411 1.412 1.413 1.415 1.416 1.416 1.417 1.418 1.418 1.419 1.420 1.420 1.420 1.420 1.421 1.421 1.422 1.422 1.422 1.422 1.423 1.423 1.424 1.425 1.426 1.426 1.426 1.426 1.423
1.022 1.034 1.046 1.057 1.068 1.079 1.090 1.101 1.111 1.121 1.130 1.140 1.149 1.158 1.167 1.176 1.184 1.192 1.201 1.209 1.217 1.225 1.233 1.240 1.248 1.255 1.262 1.269 1.276 1.283 1.289 1.296 1.302 1.308 1.313 1.319 1.325 1.330 1.335 1.340 1.345 1.350 1.355 1.359 1.363 1.367 1.371 1.375 1.378 1.381 1.384 1.387 1.390 1.392 1.395 1.396 1.398 1.400 1.402 1.403 1.405 1.406 1.407 1.408 1.409 1.410 1.410 1.411 1.412 1.413 1.414 1.415 1.416 1.418 1.419 1.421 1.423
0.879 0.894 0.909 0.923 0.937 0.950 0.963 0.976 0.989 1.001 1.013 1.025 1.037 1.048 1.059 1.070 1.080 1.091 1.101 1.111 1.122 1.131 1.141 1.150 1.160 1.169 1.177 1.186 1.195 1.203 1.211 1.219 1.227 1.235 1.242 1.250 1.257 1.264 1.271 1.278 1.284 1.291 1.297 1.303 1.309 1.315 1.320 1.326 1.331 1.336 1.340 1.345 1.349 1.353 1.357 1.361 1.364 1.367 1.370 1.373 1.376 1.378 1.381 1.383 1.385 1.386 1.387 1.388 1.390 1.391 1.393 1.394 1.395 1.396 1.397 1.398 1.398
0.720 0.737 0.754 0.771 0.788 0.804 0.820 0.835 0.851 0.865 0.880 0.894 0.908 0.922 0.935 0.949 0.962 0.974 0.987 0.999 1.012 1.023 1.035 1.046 1.058 1.069 1.079 1.090 1.100 1.110 1.120 1.130 1.139 1.149 1.158 1.167 1.176 1.185 1.193 1.202 1.210 1.219 1.226 1.234 1.242 1.249 1.256 1.263 1.270 1.277 1.283 1.289 1.295 1.301 1.306 1.311 1.316 1.321 1.326 1.330 1.334 1.338 1.341 1.344 1.347 1.350 1.352 1.354 1.357 1.359 1.361 1.362 1.364 1.365 1.366 1.367 1.368
0.550 0.569 0.588 0.607 0.626 0.644 0.662 0.680 0.697 0.714 0.732 0.748 0.765 0.781 0.797 0.812 0.828 0.843 0.858 0.873 0.887 0.901 0.915 0.929 0.942 0.955 0.968 0.980 0.993 1.005 1.016 1.028 1.039 1.051 1.062 1.072 1.083 1.094 1.104 1.114 1.124 1.134 1.144 1.153 1.162 1.172 1.180 1.189 1.197 1.205 1.213 1.221 1.228 1.236 1.243 1.250 1.256 1.262 1.269 1.274 1.280 1.285 1.290 1.295 1.298 1.302 1.305 1.309 1.313 1.316 1.318 1.321 1.323 1.325 1.326 1.328 1.329
