data/CoulombOnly/Outputs_CoulombOnly_V1/1HS_03_curv76s_MoT-Voellmy_h_max.asc
ncols        1001
nrows        301
xllcorner    997.5
yllcorner    -5002.5
cellsize     5.00
NODATA_value -9999
[rows 136 to 169 of 301, columns 77 to 153 of 1001]
0.634 0.617 0.608 0.599 0.589 0.578 0.567 0.554 0.540 0.526 0.510 0.494 0.477 0.459 0.440 0.421 0.401 0.381 0.360 0.339 0.318 0.297 0.276 0.255 0.235 0.215 0.196 0.178 0.160 0.143 0.128 0.113 0.099 0.086 0.075 0.065 0.056 0.048 0.040 0.033 0.028 0.023 0.019 0.016 0.014 0.011 0.008 0.007 0.007 0.007 0.007 0.007 0.006 0.006 0.002 0.000 0.000 0.000 0.000 0.000 0.000 0.000 0.000 0.000 0.000 0.000 0.000 0.000 0.000 0.000 0.000 0.000 0.000 0.000 0.000 0.000 0.000
0.850 0.836 0.822 0.807 0.793 0.777 0.762 0.746 0.730 0.714 0.698 0.681 0.664 0.647 0.629 0.610 0.591 0.571 0.551 0.530 0.508 0.485 0.462 0.439 0.415 0.391 0.366 0.342 0.318 0.294 0.271 0.248 0.226 0.204 0.184 0.164 0.146 0.129 0.114 0.099 0.086 0.074 0.063 0.054 0.046 0.038 0.032 0.026 0.021 0.017 0.014 0.012 0.009 0.007 0.007 0.007 0.007 0.007 0.006 0.006 0.004 0.000 0.000 0.000 0.000 0.000 0.000 0.000 0.000 0.000 0.000 0.000 0.000 0.000 0.000 0.000 0.000
1.099 1.058 1.017 0.978 0.939 0.901 0.886 0.872 0.858 0.850 0.841 0.832 0.821 0.810 0.798 0.785 0.771 0.756 0.740 0.723 0.705 0.685 0.665 0.643 0.620 0.597 0.572 0.547 0.521 0.494 0.467 0.439 0.411 0.383 0.356 0.328 0.302 0.276 0.251 0.226 0.203 0.181 0.161 0.142 0.124 0.108 0.093 0.080 0.068 0.058 0.049 0.041 0.034 0.028 0.022 0.018 0.015 0.012 0.010 0.007 0.007 0.007 0.007 0.007 0.006 0.006 0.005 0.001 0.000 0.000 0.000 0.000 0.000 0.000 0.000 0.000 0.000
1.168 1.150 1.132 1.115 1.097 1.084 1.079 1.073 1.066 1.058 1.050 1.040 1.030 1.019 1.008 0.995 0.982 0.968 0.953 0.937 0.920 0.902 0.883 0.864 0.843 0.821 0.798 0.774 0.749 0.723 0.696 0.668 0.639 0.610 0.579 0.549 0.517 0.486 0.454 0.422 0.391 0.360 0.330 0.300 0.272 0.245 0.219 0.195 0.172 0.151 0.132 0.114 0.098 0.084 0.071 0.060 0.050 0.042 0.035 0.028 0.023 0.018 0.015 0.012 0.010 0.007 0.007 0.007 0.007 0.007 0.006 0.006 0.005 0.001 0.000 0.000 0.000
1.360 1.340 1.321 1.310 1.302 1.293 1.284 1.274 1.265 1.254 1.244 1.233 1.222 1.210 1.198 1.185 1.172 1.158 1.144 1.129 1.114 1.099 1.082 1.066 1.048 1.031 1.012 0.993 0.972 0.951 0.929 0.905 0.880 0.854 0.826 0.798 0.768 0.736 0.704 0.671 0.636 0.602 0.566 0.530 0.495 0.459 0.424 0.389 0.355 0.323 0.291 0.261 0.233 0.207 0.182 0.159 0.138 0.119 0.102 0.087 0.074 0.062 0.051 0.043 0.035 0.029 0.023 0.018 0.015 0.012 0.010 0.007 0.007 0.007 0.007 0.007 0.006
1.487 1.477 1.466 1.455 1.444 1.433 1.423 1.412 1.401 1.391 1.381 1.370 1.360 1.349 1.338 1.327 1.316 1.305 1.293 1.281 1.268 1.255 1.247 1.242 1.236 1.228 1.219 1.208 1.196 1.183 1.168 1.151 1.133 1.113 1.091 1.068 1.043 1.016 0.988 0.958 0.926 0.892 0.858 0.821 0.784 0.745 0.706 0.666 0.625 0.584 0.543 0.503 0.463 0.424 0.386 0.349 0.314 0.281 0.250 0.221 0.194 0.169 0.146 0.126 0.107 0.091 0.077 0.064 0.053 0.044 0.036 0.029 0.023 0.019 0.015 0.012 0.010
1.584 1.576 1.569 1.561 1.554 1.547 1.540 1.538 1.538 1.537 1.535 1.534 1.532 1.530 1.528 1.526 1.523 1.520 1.516 1.513 1.509 1.504 1.499 1.493 1.487 1.480 1.472 1.464 1.455 1.444 1.433 1.420 1.407 1.392 1.375 1.358 1.339 1.318 1.295 1.271 1.245 1.217 1.188 1.156 1.123 1.088 1.051 1.012 0.971 0.929 0.886 0.841 0.795 0.749 0.702 0.655 0.608 0.562 0.516 0.472 0.428 0.387 0.348 0.310 0.275 0.242 0.212 0.185 0.160 0.137 0.117 0.099 0.083 0.069 0.058 0.048 0.039
1.705 1.703 1.700 1.698 1.695 1.693 1.690 1.688 1.686 1.684 1.682 1.680 1.679 1.677 1.676 1.675 1.674 1.673 1.673 1.672 1.671 1.670 1.668 1.667 1.665 1.663 1.661 1.658 1.654 1.651 1.646 1.642 1.637 1.632 1.626 1.619 1.611 1.602 1.591 1.579 1.565 1.549 1.530 1.510 1.487 1.462 1.435 1.405 1.373 1.338 1.301 1.261 1.219 1.175 1.128 1.080 1.030 0.978 0.925 0.872 0.817 0.763 0.709 0.655 0.602 0.550 0.500 0.452 0.406 0.363 0.322 0.284 0.249 0.217 0.188 0.162 0.138
1.766 1.770 1.773 1.777 1.780 1.783 1.785 1.788 1.791 1.794 1.797 1.801 1.804 1.807 1.811 1.815 1.818 1.822 1.826 1.830 1.833 1.837 1.841 1.846 1.850 1.854 1.859 1.863 1.868 1.876 1.885 1.892 1.899 1.905 1.910 1.914 1.917 1.918 1.918 1.917 1.914 1.910 1.904 1.896 1.886 1.874 1.859 1.843 1.824 1.802 1.778 1.751 1.722 1.689 1.654 1.615 1.574 1.530 1.483 1.433 1.380 1.325 1.268 1.209 1.148 1.086 1.023 0.959 0.895 0.831 0.768 0.707 0.646 0.588 0.533 0.479 0.429
1.896 1.902 1.908 1.914 1.920 1.926 1.932 1.938 1.944 1.950 1.957 1.963 1.970 1.977 1.985 1.992 2.000 2.009 2.018 2.028 2.037 2.048 2.058 2.070 2.081 2.093 2.106 2.118 2.131 2.144 2.157 2.171 2.184 2.196 2.209 2.221 2.232 2.243 2.253 2.262 2.271 2.279 2.285 2.291 2.295 2.298 2.300 2.301 2.300 2.298 2.294 2.288 2.280 2.270 2.257 2.242 2.224 2.202 2.178 2.150 2.118 2.084 2.045 2.004 1.958 1.909 1.857 1.801 1.742 1.681 1.616 1.549 1.481 1.411 1.339 1.267 1.194
1.928 1.941 1.955 1.968 1.982 1.996 2.010 2.024 2.039 2.054 2.069 2.085 2.100 2.116 2.133 2.149 2.166 2.183 2.200 2.218 2.235 2.254 2.272 2.291 2.310 2.329 2.349 2.369 2.390 2.411 2.432 2.454 2.476 2.499 2.522 2.545 2.569 2.594 2.619 2.644 2.670 2.695 2.722 2.748 2.774 2.800 2.826 2.852 2.877 2.901 2.925 2.948 2.970 2.991 3.010 3.028 3.045 3.060 3.074 3.085 3.096 3.104 3.111 3.116 3.119 3.121 3.121 3.120 3.118 3.114 3.110 3.105 3.100 3.095 3.090 3.086 3.083
2.007 2.022 2.036 2.051 2.067 2.084 2.102 2.122 2.141 2.161 2.181 2.201 2.222 2.242 2.263 2.285 2.306 2.328 2.350 2.374 2.397 2.422 2.447 2.473 2.500 2.528 2.558 2.588 2.620 2.653 2.688 2.723 2.761 2.799 2.839 2.880 2.922 2.965 3.009 3.054 3.100 3.147 3.193 3.241 3.288 3.335 3.382 3.429 3.476 3.522 3.567 3.611 3.654 3.696 3.737 3.776 3.814 3.849 3.884 3.916 3.946 3.975 4.001 4.025 4.048 4.068 4.087 4.103 4.118 4.132 4.148 4.167 4.191 4.218 4.249 4.282 4.319
2.042 2.061 2.081 2.102 2.124 2.146 2.169 2.192 2.217 2.242 2.268 2.295 2.323 2.352 2.382 2.413 2.445 2.478 2.512 2.547 2.583 2.621 2.659 2.698 2.738 2.779 2.821 2.864 2.908 2.952 2.997 3.042 3.088 3.134 3.180 3.226 3.272 3.317 3.363 3.408 3.452 3.495 3.538 3.580 3.620 3.660 3.698 3.734 3.770 3.804 3.836 3.866 3.895 3.922 3.948 3.972 3.996 4.022 4.054 4.092 4.136 4.185 4.239 4.297 4.358 4.422 4.488 4.556 4.624 4.693 4.762 4.831 4.899 4.968 5.035 5.102 5.167
2.126 2.148 2.172 2.197 2.223 2.250 2.278 2.307 2.337 2.368 2.400 2.433 2.467 2.502 2.538 2.574 2.612 2.649 2.688 2.726 2.764 2.803 2.841 2.879 2.916 2.954 2.990 3.026 3.062 3.097 3.131 3.165 3.197 3.230 3.261 3.292 3.323 3.353 3.384 3.414 3.444 3.474 3.506 3.539 3.576 3.618 3.667 3.722 3.784 3.850 3.921 3.995 4.072 4.151 4.233 4.316 4.400 4.485 4.571 4.657 4.743 4.828 4.912 4.995 5.075 5.153 5.228 5.299 5.365 5.427 5.482 5.532 5.575 5.610 5.638 5.657 5.668
2.156 2.180 2.205 2.231 2.258 2.286 2.314 2.343 2.373 2.404 2.435 2.466 2.497 2.528 2.559 2.590 2.620 2.650 2.681 2.710 2.740 2.770 2.800 2.831 2.863 2.896 2.932 2.970 3.010 3.054 3.101 3.150 3.201 3.253 3.308 3.364 3.422 3.481 3.541 3.602 3.665 3.727 3.791 3.855 3.918 3.982 4.045 4.108 4.170 4.230 4.289 4.347 4.402 4.455 4.505 4.553 4.597 4.638 4.675 4.708 4.737 4.762 4.782 4.799 4.847 4.937 5.027 5.117 5.205 5.292 5.376 5.458 5.537 5.612 5.683 5.749 5.810
2.126 2.148 2.172 2.197 2.223 2.250 2.277 2.306 2.336 2.367 2.399 2.432 2.467 2.502 2.537 2.574 2.611 2.649 2.687 2.726 2.764 2.802 2.841 2.878 2.916 2.953 2.990 3.026 3.062 3.096 3.131 3.164 3.197 3.229 3.261 3.292 3.323 3.353 3.383 3.413 3.443 3.474 3.505 3.539 3.576 3.618 3.667 3.722 3.783 3.850 3.920 3.994 4.071 4.151 4.232 4.315 4.399 4.484 4.570 4.656 4.742 4.827 4.912 4.994 5.075 5.152 5.227 5.298 5.364 5.426 5.482 5.531 5.574 5.610 5.637 5.656 5.668
2.042 2.061 2.081 2.102 2.123 2.146 2.168 2.192 2.216 2.242 2.268 2.295 2.323 2.352 2.382 2.413 2.445 2.478 2.512 2.547 2.583 2.620 2.658 2.697 2.738 2.779 2.821 2.863 2.907 2.951 2.996 3.041 3.087 3.133 3.179 3.225 3.271 3.316 3.362 3.407 3.451 3.494 3.537 3.579 3.619 3.659 3.697 3.734 3.769 3.803 3.835 3.866 3.895 3.922 3.947 3.971 3.995 4.022 4.053 4.092 4.136 4.185 4.238 4.296 4.357 4.421 4.487 4.555 4.623 4.692 4.761 4.830 4.899 4.967 5.034 5.101 5.166
2.007 2.022 2.036 2.051 2.066 2.083 2.102 2.121 2.141 2.161 2.181 2.201 2.221 2.242 2.263 2.284 2.306 2.327 2.350 2.373 2.397 2.421 2.446 2.472 2.499 2.527 2.557 2.587 2.619 2.652 2.686 2.722 2.759 2.798 2.837 2.878 2.921 2.964 3.008 3.053 3.099 3.145 3.192 3.239 3.286 3.334 3.381 3.428 3.474 3.520 3.565 3.610 3.653 3.695 3.735 3.775 3.812 3.848 3.882 3.915 3.945 3.973 4.000 4.024 4.047 4.067 4.086 4.102 4.117 4.131 4.147 4.167 4.191 4.218 4.248 4.282 4.319
1.928 1.941 1.954 1.968 1.981 1.995 2.010 2.024 2.039 2.054 2.069 2.084 2.100 2.116 2.132 2.149 2.165 2.182 2.199 2.217 2.235 2.253 2.271 2.290 2.309 2.329 2.348 2.368 2.389 2.410 2.431 2.453 2.475 2.498 2.521 2.544 2.568 2.592 2.617 2.643 2.668 2.694 2.720 2.746 2.773 2.799 2.825 2.850 2.875 2.900 2.924 2.946 2.968 2.989 3.008 3.027 3.043 3.058 3.072 3.084 3.094 3.103 3.109 3.114 3.118 3.119 3.120 3.119 3.116 3.113 3.109 3.104 3.099 3.094 3.089 3.085 3.082
1.896 1.902 1.908 1.914 1.920 1.926 1.931 1.937 1.944 1.950 1.956 1.963 1.970 1.977 1.984 1.992 2.000 2.009 2.018 2.027 2.037 2.047 2.058 2.069 2.081 2.093 2.105 2.118 2.130 2.144 2.157 2.170 2.183 2.195 2.208 2.220 2.231 2.242 2.252 2.262 2.270 2.278 2.284 2.290 2.294 2.297 2.299 2.300 2.299 2.297 2.293 2.287 2.279 2.269 2.256 2.241 2.223 2.201 2.177 2.149 2.118 2.083 2.045 2.003 1.958 1.909 1.857 1.801 1.742 1.681 1.616 1.550 1.481 1.411 1.339 1.267 1.195
1.766 1.770 1.773 1.776 1.779 1.782 1.785 1.788 1.791 1.794 1.797 1.800 1.804 1.807 1.810 1.814 1.818 1.821 1.825 1.829 1.833 1.837 1.841 1.845 1.849 1.853 1.858 1.862 1.867 1.876 1.884 1.892 1.898 1.904 1.909 1.913 1.916 1.918 1.918 1.917 1.914 1.909 1.903 1.895 1.885 1.873 1.859 1.842 1.823 1.802 1.778 1.751 1.721 1.689 1.654 1.615 1.574 1.530 1.483 1.433 1.381 1.326 1.269 1.209 1.148 1.086 1.023 0.959 0.895 0.832 0.769 0.707 0.647 0.589 0.533 0.480 0.430
1.705 1.702 1.700 1.697 1.695 1.693 1.690 1.688 1.686 1.684 1.682 1.680 1.679 1.677 1.676 1.675 1.674 1.673 1.672 1.671 1.670 1.669 1.668 1.667 1.665 1.663 1.660 1.657 1.654 1.650 1.646 1.641 1.637 1.631 1.626 1.619 1.611 1.602 1.591 1.579 1.564 1.548 1.530 1.510 1.487 1.462 1.435 1.405 1.373 1.338 1.301 1.261 1.219 1.175 1.129 1.080 1.030 0.979 0.926 0.872 0.818 0.764 0.709 0.655 0.602 0.551 0.501 0.453 0.407 0.363 0.323 0.285 0.250 0.217 0.188 0.162 0.139
1.584 1.576 1.569 1.561 1.554 1.546 1.539 1.538 1.538 1.537 1.535 1.534 1.532 1.530 1.528 1.526 1.523 1.520 1.516 1.513 1.508 1.504 1.499 1.493 1.487 1.480 1.472 1.464 1.454 1.444 1.433 1.420 1.407 1.392 1.375 1.358 1.338 1.318 1.295 1.271 1.245 1.217 1.188 1.156 1.123 1.088 1.051 1.012 0.972 0.929 0.886 0.841 0.796 0.749 0.703 0.656 0.609 0.562 0.517 0.472 0.429 0.387 0.348 0.311 0.275 0.243 0.213 0.185 0.160 0.137 0.117 0.099 0.083 0.070 0.058 0.048 0.039
1.487 1.477 1.466 1.455 1.444 1.433 1.423 1.412 1.401 1.391 1.380 1.370 1.359 1.349 1.338 1.327 1.316 1.304 1.293 1.280 1.268 1.255 1.247 1.242 1.235 1.228 1.219 1.208 1.196 1.183 1.168 1.151 1.133 1.113 1.091 1.068 1.043 1.016 0.988 0.958 0.926 0.893 0.858 0.822 0.784 0.746 0.706 0.666 0.626 0.585 0.544 0.503 0.463 0.424 0.386 0.350 0.315 0.282 0.250 0.221 0.194 0.169 0.146 0.126 0.108 0.091 0.077 0.064 0.053 0.044 0.036 0.029 0.024 0.019 0.015 0.012 0.010
1.360 1.340 1.320 1.310 1.302 1.293 1.284 1.274 1.265 1.254 1.244 1.233 1.222 1.210 1.198 1.185 1.172 1.158 1.144 1.129 1.114 1.098 1.082 1.065 1.048 1.030 1.012 0.993 0.972 0.951 0.929 0.905 0.880 0.854 0.827 0.798 0.768 0.737 0.704 0.671 0.637 0.602 0.567 0.531 0.495 0.460 0.424 0.390 0.356 0.323 0.292 0.262 0.234 0.207 0.182 0.159 0.139 0.120 0.103 0.087 0.074 0.062 0.052 0.043 0.035 0.029 0.023 0.018 0.015 0.012 0.010 0.007 0.007 0.007 0.007 0.007 0.006
1.168 1.150 1.132 1.115 1.097 1.084 1.079 1.073 1.066 1.058 1.050 1.040 1.030 1.019 1.008 0.995 0.982 0.968 0.953 0.937 0.920 0.902 0.883 0.864 0.843 0.821 0.798 0.774 0.749 0.723 0.697 0.669 0.640 0.610 0.580 0.549 0.518 0.486 0.454 0.423 0.391 0.360 0.330 0.301 0.272 0.245 0.220 0.195 0.173 0.152 0.132 0.115 0.099 0.084 0.072 0.060 0.050 0.042 0.035 0.028 0.023 0.018 0.015 0.012 0.010 0.007 0.007 0.007 0.007 0.007 0.006 0.006 0.005 0.001 0.000 0.000 0.000
1.099 1.058 1.017 0.978 0.939 0.901 0.886 0.872 0.858 0.850 0.841 0.832 0.821 0.810 0.798 0.786 0.772 0.757 0.740 0.723 0.705 0.686 0.665 0.643 0.621 0.597 0.572 0.547 0.521 0.494 0.467 0.439 0.412 0.384 0.356 0.329 0.302 0.276 0.251 0.227 0.204 0.182 0.161 0.142 0.125 0.108 0.094 0.080 0.068 0.058 0.049 0.041 0.034 0.028 0.022 0.018 0.015 0.012 0.010 0.007 0.007 0.007 0.007 0.007 0.006 0.006 0.005 0.001 0.000 0.000 0.000 0.000 0.000 0.000 0.000 0.000 0.000
0.850 0.836 0.822 0.807 0.793 0.777 0.762 0.746 0.730 0.714 0.698 0.681 0.664 0.647 0.629 0.610 0.591 0.571 0.551 0.530 0.508 0.486 0.462 0.439 0.415 0.391 0.367 0.342 0.318 0.295 0.271 0.248 0.226 0.205 0.184 0.165 0.147 0.130 0.114 0.100 0.086 0.074 0.063 0.054 0.046 0.038 0.032 0.026 0.021 0.017 0.014 0.012 0.009 0.007 0.007 0.007 0.007 0.007 0.006 0.006 0.004 0.000 0.000 0.000 0.000 0.000 0.000 0.000 0.000 0.000 0.000 0.000 0.000 0.000 0.000 0.000 0.000
0.634 0.617 0.609 0.599 0.589 0.579 0.567 0.554 0.541 0.526 0.511 0.494 0.477 0.459 0.441 0.421 0.402 0.381 0.361 0.340 0.319 0.297 0.276 0.256 0.235 0.215 0.196 0.178 0.161 0.144 0.128 0.113 0.099 0.087 0.075 0.065 0.056 0.048 0.040 0.034 0.028 0.023 0.019 0.016 0.014 0.011 0.008 0.007 0.007 0.007 0.007 0.007 0.006 0.006 0.002 0.000 0.000 0.000 0.000 0.000 0.000 0.000 0.000 0.000 0.000 0.000 0.000 0.000 0.000 0.000 0.000 0.000 0.000 0.000 0.000 0.000 0.000
0.507 0.493 0.478 0.463 0.447 0.431 0.414 0.397 0.379 0.361 0.343 0.324 0.305 0.286 0.268 0.249 0.231 0.212 0.195 0.178 0.161 0.145 0.130 0.116 0.103 0.092 0.081 0.071 0.061 0.053 0.045 0.038 0.031 0.026 0.022 0.019 0.016 0.014 0.010 0.007 0.007 0.007 0.007 0.007 0.007 0.006 0.006 0.002 0.000 0.000 0.000 0.000 0.000 0.000 0.000 0.000 0.000 0.000 0.000 0.000 0.000 0.000 0.000 0.000 0.000 0.000 0.000 0.000 0.000 0.000 0.000 0.000 0.000 0.000 0.000 0.000 0.000
0.324 0.309 0.293 0.277 0.262 0.246 0.230 0.214 0.199 0.184 0.170 0.156 0.142 0.129 0.116 0.104 0.093 0.082 0.072 0.063 0.055 0.047 0.040 0.035 0.030 0.026 0.023 0.019 0.016 0.013 0.009 0.008 0.008 0.008 0.008 0.007 0.007 0.007 0.006 0.004 0.000 0.000 0.000 0.000 0.000 0.000 0.000 0.000 0.000 0.000 0.000 0.000 0.000 0.000 0.000 0.000 0.000 0.000 0.000 0.000 0.000 0.000 0.000 0.000 0.000 0.000 0.000 0.000 0.000 0.000 0.000 0.000 0.000 0.000 0.000 0.000 0.000
0.134 0.123 0.113 0.103 0.093 0.084 0.076 0.068 0.061 0.055 0.049 0.044 0.039 0.033 0.028 0.024 0.020 0.017 0.014 0.011 0.009 0.009 0.008 0.008 0.008 0.008 0.007 0.007 0.006 0.005 0.002 0.000 0.000 0.000 0.000 0.000 0.000 0.000 0.000 0.000 0.000 0.000 0.000 0.000 0.000 0.000 0.000 0.000 0.000 0.000 0.000 0.000 0.000 0.000 0.000 0.000 0.000 0.000 0.000 0.000 0.000 0.000 0.000 0.000 0.000 0.000 0.000 0.000 0.000 0.000 0.000 0.000 0.000 0.000 0.000 0.000 0.000
0.019 0.017 0.015 0.013 0.011 0.010 0.010 0.009 0.009 0.009 0.008 0.008 0.008 0.007 0.006 0.005 0.002 0.000 0.000 0.000 0.000 0.000 0.000 0.000 0.000 0.000 0.000 0.000 0.000 0.000 0.000 0.000 0.000 0.000 0.000 0.000 0.000 0.000 0.000 0.000 0.000 0.000 0.000 0.000 0.000 0.000 0.000 0.000 0.000 0.000 0.000 0.000 0.000 0.000 0.000 0.000 0.000 0.000 0.000 0.000 0.000 0.000 0.000 0.000 0.000 0.000 0.000 0.000 0.000 0.000 0.000 0.000 0.000 0.000 0.000 0.000 0.000
0.000 0.000 0.000 0.000 0.000 0.000 0.000 0.000 0.000 0.000 0.000 0.000 0.000 0.000 0.000 0.000 0.000 0.000 0.000 0.000 0.000 0.000 0.000 0.000 0.000 0.000 0.000 0.000 0.000 0.000 0.000 0.000 0.000 0.000 0.000 0.000 0.000 0.000 0.000 0.000 0.000 0.000 0.000 0.000 0.000 0.000 0.000 0.000 0.000 0.000 0.000 0.000 0.000 0.000 0.000 0.000 0.000 0.000 0.000 0.000 0.000 0.000 0.000 0.000 0.000 0.000 0.000 0.000 0.000 0.000 0.000 0.000 0.000 0.000 0.000 0.000 0.000
