data/CoulombOnly/Outputs_CoulombOnly_V1/1HS_03_curv76s_MoT-Voellmy_s_max.asc
ncols        1001
nrows        301
xllcorner    997.5
yllcorner    -5002.5
cellsize     5.00
NODATA_value -9999
[rows 128 to 159 of 301, columns 365 to 437 of 1001]
0.000 0.000 0.000 0.000 0.000 0.000 0.000 0.000 0.000 0.000 0.000 0.000 0.000 0.000 0.000 0.000 0.000 0.000 0.000 0.000 0.000 0.000 0.000 0.000 0.000 0.000 0.000 0.000 0.000 0.000 0.000 0.000 0.000 0.000 0.000 0.000 0.000 0.000 0.000 0.000 0.000 0.000 0.000 0.000 0.000 0.000 0.000 0.000 0.000 0.000 0.000 0.000 0.000 0.000 0.000 0.000 0.000 0.000 0.000 0.000 0.000 0.000 0.000 0.000 0.000 0.000 0.000 0.000 0.000 0.000 0.000 0.000 0.000
0.000 0.000 0.000 0.000 0.000 0.000 0.000 0.000 0.000 0.000 0.000 0.000 0.000 0.000 0.000 0.000 0.000 0.000 0.000 0.000 0.000 0.000 0.000 0.000 0.000 0.000 0.000 0.000 0.000 0.000 0.000 0.000 0.000 0.000 0.000 0.000 0.000 0.000 0.000 0.000 0.000 0.000 0.000 0.000 0.000 0.000 0.000 0.000 0.000 0.000 0.000 0.000 0.000 0.000 0.000 0.000 0.000 0.000 0.000 0.000 0.000 0.000 0.000 0.000 0.000 0.000 0.000 0.000 0.000 0.000 0.000 0.000 0.000
0.000 0.000 0.000 0.000 0.000 0.000 0.000 0.000 0.000 0.000 0.000 0.000 0.000 0.000 0.000 0.000 0.000 0.000 0.000 0.000 0.000 0.000 0.000 0.000 0.000 0.000 0.000 0.000 0.000 0.000 0.000 0.000 0.000 0.000 0.000 0.000 0.000 0.000 0.000 0.000 0.000 0.000 0.000 0.000 0.000 0.000 0.000 0.000 0.000 0.000 0.000 0.000 0.000 0.000 0.000 0.000 0.000 0.000 0.000 0.000 0.000 0.000 0.000 0.000 0.000 0.000 0.000 0.000 0.000 0.000 0.000 0.000 0.000
0.000 0.000 0.000 0.000 0.000 0.000 0.000 0.000 0.000 0.000 0.000 0.000 0.000 0.000 0.000 0.000 0.000 0.000 0.000 0.000 0.000 0.000 0.000 0.000 0.000 0.000 0.000 0.000 0.000 0.000 0.000 0.000 0.000 0.000 0.000 0.000 0.000 0.000 0.000 0.000 0.000 0.000 0.000 0.000 0.000 0.000 0.000 0.000 0.000 0.000 0.000 0.000 0.000 0.000 0.000 0.000 0.000 0.000 0.000 0.000 0.000 0.000 0.000 0.000 0.000 0.000 0.000 0.000 0.000 0.000 0.000 0.000 0.000
0.000 0.000 0.000 0.000 0.000 0.000 0.000 0.000 0.000 0.000 0.000 0.000 0.000 0.000 0.000 0.000 0.000 0.000 0.000 0.000 0.000 0.000 0.000 0.000 0.000 0.000 0.000 0.000 0.000 0.000 0.000 0.000 0.000 0.000 0.000 0.000 0.000 0.000 0.000 0.000 0.000 0.000 0.000 0.000 0.000 0.000 0.000 0.000 0.000 0.000 0.000 0.000 0.000 0.000 0.000 0.000 0.000 0.000 0.000 0.000 0.000 0.000 0.000 0.000 0.000 0.000 0.000 0.000 0.000 0.000 0.000 0.000 0.000
0.000 0.000 0.000 0.000 0.000 0.000 0.000 0.000 0.000 0.000 0.000 0.000 0.000 0.000 0.000 0.000 0.000 0.000 0.000 0.000 0.000 0.000 0.000 0.000 0.000 0.000 0.000 0.000 0.000 0.000 0.000 0.000 0.000 0.000 0.000 0.000 0.000 0.000 0.000 0.000 0.000 0.000 0.000 0.000 0.000 0.000 0.000 0.000 0.000 0.000 0.000 0.000 0.000 0.000 0.000 0.000 0.000 0.000 0.000 0.000 0.000 0.000 0.000 0.000 0.000 0.000 0.000 0.000 0.000 0.000 0.000 0.000 0.000
0.000 0.000 0.000 0.000 0.000 0.000 0.000 0.000 0.000 0.000 0.000 0.000 0.000 0.000 0.000 0.000 0.000 0.000 0.000 0.000 0.000 0.000 0.000 0.000 0.000 0.000 0.000 0.000 0.000 0.000 0.000 0.000 0.000 0.000 0.000 0.000 0.000 0.000 0.000 0.000 0.000 0.000 0.000 0.000 0.000 0.000 0.000 0.000 0.000 0.000 0.000 0.000 0.000 0.000 0.000 0.000 0.000 0.000 0.000 0.000 0.000 0.000 0.000 0.000 0.000 0.000 0.000 0.000 0.000 0.000 0.000 0.000 0.000
0.000 0.000 0.000 0.000 0.000 0.000 0.000 0.000 0.000 0.000 0.000 0.000 0.000 0.000 0.000 0.000 0.000 0.000 0.000 0.000 0.000 0.000 0.000 0.000 0.000 0.000 0.000 0.000 0.000 0.000 0.000 0.000 0.000 0.000 0.000 0.000 0.000 0.000 0.000 0.000 0.000 0.000 0.000 0.000 0.000 0.000 0.000 0.000 0.000 0.000 0.000 0.000 0.000 0.000 0.000 0.000 0.000 0.000 0.000 0.000 0.000 0.000 0.000 0.000 0.000 0.000 0.001 0.002 0.005 0.013 0.033 0.074 0.151
0.000 0.000 0.000 0.000 0.000 0.000 0.000 0.000 0.000 0.000 0.000 0.000 0.000 0.000 0.000 0.000 0.000 0.000 0.000 0.000 0.000 0.000 0.000 0.000 0.000 0.000 0.000 0.000 0.000 0.000 0.000 0.000 0.000 0.000 0.000 0.000 0.000 0.000 0.000 0.000 0.000 0.000 0.000 0.000 0.000 0.000 0.000 0.000 0.000 0.000 0.000 0.000 0.000 0.000 0.001 0.004 0.009 0.022 0.047 0.094 0.169 0.288 0.465 0.729 1.107 1.638 2.358 3.313 4.542 6.078 7.953 10.292 13.159
0.000 0.000 0.000 0.000 0.000 0.000 0.000 0.000 0.000 0.000 0.000 0.000 0.000 0.000 0.000 0.000 0.000 0.000 0.000 0.000 0.000 0.000 0.000 0.000 0.000 0.000 0.000 0.000 0.000 0.000 0.000 0.000 0.000 0.000 0.000 0.000 0.000 0.000 0.000 0.000 0.000 0.001 0.004 0.009 0.023 0.052 0.107 0.206 0.365 0.602 0.944 1.413 2.043 2.858 3.884 5.141 6.643 8.386 10.428 12.831 15.580 18.706 22.225 26.121 30.393 35.017 39.906 44.877 49.818 54.661 59.364 63.874 68.153
0.000 0.000 0.000 0.000 0.000 0.000 0.000 0.000 0.000 0.000 0.000 0.000 0.000 0.000 0.000 0.000 0.000 0.000 0.000 0.000 0.000 0.000 0.000 0.000 0.000 0.000 0.000 0.000 0.001 0.004 0.011 0.028 0.066 0.139 0.269 0.479 0.800 1.258 1.882 2.709 3.765 5.077 6.658 8.570 10.876 13.579 16.690 20.188 24.048 28.244 32.736 37.469 42.296 47.120 51.882 56.544 61.083 65.485 69.751 73.818 77.408 80.862 84.210 87.442 88.742 89.045 89.340 89.683 89.954 90.124 90.202 90.197 90.122
0.000 0.000 0.000 0.000 0.000 0.000 0.000 0.000 0.000 0.000 0.000 0.000 0.000 0.000 0.001 0.003 0.009 0.023 0.054 0.117 0.234 0.432 0.746 1.211 1.868 2.753 3.897 5.330 7.126 9.355 12.026 15.142 18.692 22.658 27.000 31.663 36.538 41.480 46.403 51.255 56.001 60.609 65.065 69.364 73.528 77.546 81.436 85.237 88.251 89.880 90.533 91.474 92.358 93.154 93.868 94.514 95.108 95.660 96.167 96.555 96.457 96.256 96.027 95.772 95.495 95.197 94.879 94.544 94.192 93.825 93.445 93.051 92.645
0.001 0.002 0.007 0.019 0.048 0.109 0.227 0.435 0.770 1.278 2.006 2.999 4.299 5.990 8.182 10.871 14.087 17.814 22.009 26.612 31.511 36.555 41.637 46.676 51.617 56.435 61.105 65.620 70.010 74.263 78.413 82.470 86.053 87.332 88.377 89.193 90.084 90.882 91.587 92.220 92.795 93.341 93.853 94.330 94.779 95.203 95.608 95.995 96.365 96.719 97.059 97.386 97.702 98.006 98.302 98.588 98.866 99.137 99.400 99.563 99.224 98.804 98.379 97.946 97.508 97.063 96.612 96.156 95.694 95.228 94.756 94.279 93.797
8.066 11.301 15.232 19.811 24.919 30.365 35.991 41.661 47.272 52.759 58.087 63.242 68.232 73.073 77.768 82.334 85.209 86.474 87.093 87.958 88.600 89.282 89.886 90.445 90.952 91.414 91.840 92.241 92.629 93.010 93.392 93.773 94.146 94.509 94.860 95.200 95.529 95.847 96.154 96.451 96.740 97.021 97.293 97.559 97.817 98.070 98.316 98.558 98.794 99.026 99.254 99.477 99.698 99.916 100.130 100.343 100.554 100.762 100.968 101.072 100.657 100.164 99.670 99.175 98.677 98.177 97.674 97.169 96.661 96.150 95.637 95.121 94.601
83.118 85.188 85.794 86.769 87.179 87.765 88.278 88.728 89.147 89.523 89.874 90.227 90.580 90.927 91.271 91.616 91.963 92.310 92.651 92.986 93.313 93.631 93.940 94.241 94.533 94.819 95.096 95.368 95.633 95.893 96.146 96.394 96.637 96.875 97.108 97.337 97.562 97.784 98.003 98.220 98.434 98.647 98.860 99.072 99.284 99.496 99.708 99.919 100.130 100.341 100.551 100.760 100.967 101.174 101.378 101.583 101.785 101.985 102.183 102.270 101.800 101.248 100.699 100.147 99.598 99.047 98.497 97.946 97.394 96.844 96.293 95.741 95.190
89.730 90.067 90.398 90.723 91.043 91.356 91.661 91.959 92.251 92.536 92.816 93.091 93.361 93.626 93.888 94.146 94.401 94.649 94.892 95.130 95.361 95.588 95.811 96.030 96.247 96.464 96.680 96.896 97.115 97.336 97.558 97.782 98.006 98.229 98.451 98.673 98.893 99.109 99.326 99.539 99.751 99.960 100.167 100.373 100.576 100.776 100.977 101.175 101.370 101.564 101.756 101.946 102.136 102.325 102.511 102.697 102.881 103.063 103.242 103.305 102.776 102.167 101.562 100.959 100.362 99.767 99.173 98.584 97.996 97.411 96.827 96.245 95.665
92.824 92.987 93.153 93.317 93.480 93.644 93.813 93.982 94.154 94.329 94.509 94.697 94.895 95.114 95.348 95.589 95.833 96.075 96.314 96.551 96.785 97.017 97.245 97.470 97.693 97.911 98.128 98.342 98.552 98.763 98.970 99.173 99.376 99.577 99.775 99.971 100.165 100.357 100.550 100.740 100.929 101.116 101.301 101.486 101.669 101.851 102.031 102.211 102.390 102.567 102.743 102.918 103.092 103.265 103.437 103.607 103.779 103.950 104.117 104.162 103.591 102.942 102.298 101.659 101.029 100.401 99.777 99.158 98.544 97.932 97.323 96.717 96.113
93.751 93.984 94.214 94.446 94.677 94.909 95.141 95.371 95.599 95.828 96.053 96.276 96.496 96.714 96.928 97.142 97.352 97.559 97.766 97.969 98.169 98.369 98.568 98.764 98.957 99.149 99.339 99.527 99.716 99.902 100.088 100.272 100.454 100.636 100.816 100.995 101.173 101.350 101.526 101.700 101.873 102.046 102.217 102.387 102.558 102.728 102.898 103.067 103.234 103.400 103.564 103.727 103.894 104.058 104.222 104.383 104.542 104.704 104.864 104.898 104.303 103.626 102.959 102.297 101.642 100.995 100.351 99.711 99.077 98.447 97.820 97.196 96.575
95.359 95.568 95.774 95.977 96.184 96.387 96.586 96.788 96.988 97.185 97.380 97.573 97.767 97.960 98.150 98.339 98.526 98.711 98.895 99.077 99.259 99.439 99.619 99.798 99.976 100.153 100.329 100.503 100.677 100.851 101.023 101.195 101.365 101.535 101.704 101.871 102.038 102.203 102.366 102.531 102.697 102.861 103.023 103.183 103.342 103.504 103.666 103.825 103.983 104.138 104.298 104.457 104.613 104.766 104.922 105.080 105.234 105.385 105.538 105.566 104.956 104.266 103.586 102.910 102.243 101.583 100.927 100.275 99.630 98.988 98.349 97.711 97.078
96.711 96.899 97.085 97.270 97.455 97.638 97.821 98.002 98.182 98.362 98.540 98.717 98.893 99.068 99.242 99.415 99.587 99.758 99.928 100.096 100.264 100.431 100.596 100.761 100.924 101.087 101.252 101.416 101.580 101.742 101.902 102.060 102.217 102.378 102.538 102.696 102.853 103.006 103.163 103.321 103.476 103.629 103.780 103.937 104.091 104.243 104.391 104.547 104.699 104.847 104.996 105.149 105.299 105.443 105.596 105.745 105.889 106.038 106.185 106.204 105.607 104.920 104.241 103.577 102.918 102.265 101.617 100.977 100.344 99.715 99.092 98.472 97.858
98.238 98.402 98.567 98.731 98.894 99.057 99.219 99.381 99.543 99.706 99.868 100.030 100.190 100.350 100.509 100.667 100.824 100.980 101.135 101.293 101.450 101.606 101.760 101.912 102.063 102.218 102.372 102.524 102.673 102.821 102.974 103.125 103.273 103.419 103.569 103.718 103.864 104.007 104.156 104.303 104.445 104.589 104.735 104.876 105.018 105.162 105.301 105.441 105.584 105.719 105.860 105.999 106.132 106.272 106.403 106.541 106.674 106.807 106.938 106.933 106.293 105.568 104.847 104.131 103.428 102.726 102.024 101.327 100.637 99.947 99.256 98.567 97.883
99.157 99.305 99.453 99.600 99.746 99.896 100.044 100.192 100.338 100.484 100.630 100.778 100.925 101.070 101.214 101.360 101.507 101.651 101.795 101.938 102.084 102.227 102.369 102.512 102.656 102.797 102.936 103.080 103.222 103.359 103.502 103.642 103.778 103.920 104.058 104.192 104.334 104.470 104.606 104.745 104.876 105.015 105.150 105.283 105.420 105.548 105.687 105.815 105.951 106.080 106.213 106.343 106.474 106.604 106.733 106.864 106.991 107.120 107.246 107.267 106.708 106.058 105.412 104.778 104.141 103.502 102.876 102.248 101.616 100.991 100.369 99.741 99.115
100.327 100.478 100.628 100.776 100.923 101.068 101.213 101.363 101.510 101.655 101.799 101.940 102.088 102.233 102.376 102.516 102.658 102.803 102.945 103.084 103.223 103.368 103.509 103.646 103.785 103.927 104.066 104.200 104.342 104.482 104.618 104.753 104.895 105.031 105.162 105.304 105.441 105.571 105.712 105.849 105.978 106.118 106.254 106.382 106.523 106.657 106.786 106.926 107.058 107.190 107.327 107.454 107.592 107.725 107.853 107.992 108.120 108.255 108.385 108.375 107.692 106.915 106.143 105.381 104.632 103.883 103.135 102.401 101.668 100.935 100.201 99.479 98.755
99.157 99.306 99.453 99.600 99.746 99.896 100.044 100.192 100.338 100.484 100.630 100.778 100.925 101.070 101.214 101.360 101.507 101.652 101.795 101.938 102.084 102.228 102.369 102.512 102.656 102.798 102.936 103.081 103.222 103.359 103.502 103.642 103.778 103.920 104.058 104.193 104.334 104.470 104.606 104.745 104.877 105.016 105.150 105.283 105.420 105.549 105.687 105.815 105.951 106.080 106.213 106.344 106.474 106.605 106.733 106.864 106.991 107.121 107.246 107.267 106.708 106.058 105.412 104.778 104.142 103.503 102.876 102.248 101.616 100.991 100.369 99.741 99.115
98.238 98.402 98.567 98.730 98.894 99.057 99.219 99.381 99.543 99.706 99.868 100.029 100.190 100.350 100.509 100.667 100.824 100.980 101.135 101.293 101.450 101.606 101.760 101.912 102.063 102.218 102.372 102.524 102.673 102.821 102.974 103.125 103.273 103.419 103.569 103.718 103.864 104.007 104.156 104.303 104.445 104.589 104.735 104.876 105.018 105.162 105.301 105.442 105.584 105.719 105.860 105.999 106.132 106.272 106.403 106.541 106.674 106.807 106.938 106.933 106.293 105.568 104.847 104.131 103.428 102.725 102.024 101.327 100.637 99.947 99.256 98.567 97.883
96.710 96.898 97.085 97.270 97.454 97.638 97.820 98.002 98.182 98.361 98.540 98.717 98.893 99.068 99.242 99.415 99.587 99.758 99.927 100.096 100.264 100.430 100.596 100.760 100.924 101.087 101.252 101.416 101.580 101.741 101.902 102.060 102.217 102.378 102.538 102.696 102.852 103.006 103.163 103.321 103.476 103.629 103.780 103.937 104.091 104.242 104.391 104.546 104.699 104.847 104.996 105.149 105.298 105.443 105.595 105.745 105.889 106.038 106.185 106.204 105.607 104.920 104.241 103.577 102.918 102.265 101.617 100.976 100.344 99.715 99.091 98.472 97.858
95.358 95.567 95.773 95.977 96.183 96.386 96.586 96.787 96.987 97.184 97.379 97.572 97.766 97.959 98.149 98.338 98.525 98.710 98.894 99.077 99.258 99.439 99.618 99.798 99.976 100.153 100.328 100.503 100.677 100.850 101.023 101.194 101.365 101.535 101.703 101.871 102.037 102.202 102.366 102.531 102.696 102.860 103.023 103.183 103.342 103.503 103.665 103.825 103.983 104.138 104.298 104.456 104.613 104.766 104.922 105.080 105.234 105.384 105.538 105.566 104.956 104.266 103.585 102.910 102.242 101.583 100.927 100.275 99.630 98.988 98.349 97.711 97.078
93.749 93.982 94.212 94.444 94.676 94.908 95.139 95.370 95.598 95.827 96.051 96.274 96.495 96.713 96.927 97.141 97.351 97.558 97.765 97.968 98.169 98.368 98.567 98.763 98.957 99.148 99.338 99.526 99.715 99.902 100.087 100.271 100.454 100.635 100.815 100.994 101.172 101.349 101.525 101.699 101.873 102.045 102.216 102.386 102.557 102.728 102.898 103.066 103.234 103.400 103.564 103.727 103.893 104.058 104.221 104.383 104.542 104.704 104.864 104.898 104.302 103.626 102.959 102.296 101.641 100.994 100.350 99.711 99.076 98.447 97.820 97.196 96.575
92.823 92.987 93.152 93.316 93.479 93.643 93.811 93.981 94.153 94.328 94.508 94.696 94.894 95.112 95.346 95.588 95.831 96.073 96.313 96.550 96.783 97.016 97.244 97.468 97.691 97.910 98.127 98.341 98.551 98.762 98.968 99.172 99.374 99.576 99.774 99.970 100.164 100.356 100.549 100.739 100.928 101.115 101.301 101.485 101.668 101.850 102.031 102.210 102.389 102.566 102.742 102.918 103.092 103.265 103.436 103.607 103.778 103.949 104.117 104.162 103.590 102.942 102.298 101.659 101.028 100.400 99.776 99.158 98.543 97.931 97.322 96.716 96.113
89.724 90.061 90.392 90.718 91.037 91.350 91.655 91.954 92.246 92.531 92.812 93.087 93.357 93.623 93.885 94.144 94.398 94.647 94.890 95.128 95.360 95.586 95.809 96.028 96.246 96.462 96.678 96.895 97.113 97.334 97.557 97.780 98.004 98.227 98.450 98.671 98.891 99.108 99.325 99.537 99.750 99.958 100.166 100.372 100.574 100.775 100.976 101.174 101.369 101.563 101.755 101.945 102.135 102.324 102.510 102.696 102.880 103.062 103.241 103.304 102.775 102.166 101.561 100.958 100.362 99.766 99.172 98.583 97.995 97.410 96.826 96.244 95.664
83.050 85.364 85.843 86.862 87.254 87.763 88.275 88.720 89.140 89.518 89.869 90.218 90.572 90.920 91.264 91.609 91.957 92.303 92.645 92.980 93.307 93.626 93.935 94.236 94.528 94.814 95.092 95.364 95.630 95.889 96.143 96.391 96.634 96.872 97.106 97.335 97.560 97.782 98.001 98.217 98.432 98.645 98.858 99.070 99.282 99.494 99.706 99.917 100.129 100.339 100.549 100.758 100.965 101.173 101.377 101.582 101.783 101.983 102.181 102.269 101.799 101.246 100.697 100.146 99.597 99.046 98.496 97.945 97.393 96.843 96.292 95.740 95.189
7.977 11.191 15.100 19.661 24.755 30.194 35.816 41.486 47.100 52.592 57.926 63.088 68.078 72.925 77.626 82.196 85.354 86.585 87.178 87.803 88.584 89.269 89.874 90.427 90.939 91.404 91.833 92.237 92.624 93.003 93.385 93.765 94.139 94.502 94.854 95.194 95.523 95.841 96.149 96.446 96.735 97.016 97.289 97.555 97.814 98.066 98.313 98.555 98.791 99.023 99.251 99.474 99.695 99.913 100.128 100.341 100.551 100.760 100.966 101.070 100.655 100.162 99.669 99.173 98.675 98.175 97.673 97.168 96.660 96.149 95.635 95.119 94.600
