data/CoulombOnly/Outputs_CoulombOnly_V1/1HS_03_curv76s_MoT-Voellmy_s_max.asc
ncols        1001
nrows        301
xllcorner    997.5
yllcorner    -5002.5
cellsize     5.00
NODATA_value -9999
[rows 128 to 159 of 301, columns 584 to 656 of 1001]
48.038 46.935 47.803 46.174 46.915 46.831 45.627 46.135 45.149 44.574 45.765 43.903 44.534 43.907 43.685 43.676 42.841 42.859 42.572 41.921 41.989 40.879 41.655 39.975 40.894 40.176 39.848 39.696 38.901 38.286 38.776 36.915 38.333 36.415 37.383 36.061 36.239 35.724 35.017 35.265 33.781 34.679 32.614 33.947 31.850 33.036 31.025 32.068 30.180 31.088 29.209 30.101 28.126 29.093 27.361 27.901 26.722 26.464 25.447 24.798 24.339 23.674 22.273 22.443 21.437 19.951 19.513 18.675 17.603 16.153 14.998 13.606 12.350
48.897 47.733 48.541 47.035 47.799 47.166 46.672 46.846 46.481 45.882 45.799 45.525 44.007 45.534 43.725 44.554 43.192 43.621 42.592 43.452 41.670 42.858 41.549 41.690 41.645 40.132 40.868 40.241 39.631 39.846 38.345 38.886 37.981 37.868 37.592 36.801 37.107 35.734 36.526 34.702 35.849 33.730 35.085 32.924 34.226 32.068 33.321 31.216 32.373 30.509 31.313 29.820 30.088 29.125 28.658 28.348 27.060 27.324 26.489 26.209 25.155 24.346 23.594 23.153 21.967 21.313 20.472 19.752 17.981 17.382 16.278 14.940 13.876
50.127 48.076 49.498 48.452 48.219 48.179 46.849 47.807 46.997 46.319 46.466 46.599 45.053 46.173 44.487 44.929 44.403 44.096 43.649 43.374 42.744 43.430 41.988 42.566 41.950 40.851 41.655 40.455 40.179 40.677 38.969 39.718 38.593 38.929 37.612 38.256 36.776 37.527 35.983 36.733 35.233 35.864 34.521 34.906 33.837 33.844 33.159 32.668 32.452 31.381 31.683 30.028 30.826 29.046 29.777 28.601 28.256 27.899 26.395 26.088 25.741 24.808 24.486 23.807 22.537 22.241 21.482 20.287 19.019 17.807 17.074 16.066 14.714
50.603 49.471 48.384 49.652 49.074 47.972 48.853 47.306 47.719 48.008 46.536 46.235 46.813 46.591 45.059 46.189 44.364 45.219 43.798 44.492 42.989 43.902 42.794 42.826 42.895 41.224 42.218 41.623 40.247 41.005 40.660 39.103 39.858 39.194 38.793 38.203 37.885 37.593 36.885 36.959 35.814 36.290 34.688 35.573 33.693 34.796 32.763 33.946 32.429 32.744 31.910 31.241 31.244 29.600 30.387 28.982 29.028 28.438 27.140 27.533 26.460 25.841 25.043 24.524 23.339 22.656 22.190 21.199 19.740 18.846 17.917 16.670 15.817
51.041 50.177 49.240 50.576 48.337 49.778 48.824 48.230 48.845 47.495 47.372 47.892 46.962 46.581 45.712 46.541 45.745 45.465 44.505 45.001 43.962 43.857 44.238 42.521 43.340 42.942 41.502 42.366 41.471 40.414 41.268 40.630 39.642 39.778 39.711 38.008 38.980 37.057 38.296 36.378 37.468 36.093 36.297 35.659 34.879 35.089 33.368 34.361 32.574 33.388 32.322 31.862 31.754 30.069 30.910 29.679 29.386 29.097 27.556 27.988 27.190 26.043 25.606 24.680 24.274 22.951 22.603 21.900 20.929 19.518 18.535 17.213 16.277
52.021 50.052 51.024 49.865 49.801 49.976 48.322 49.410 49.353 48.031 48.234 48.301 47.508 46.458 47.038 46.880 46.887 45.088 45.986 44.716 45.201 44.084 44.107 44.335 42.568 43.474 43.137 41.671 42.376 41.997 40.917 40.780 40.836 40.374 38.931 39.576 39.287 37.922 38.508 36.770 37.868 36.084 36.968 35.948 35.514 35.507 33.821 34.813 33.256 33.673 33.003 31.898 32.345 30.848 31.149 30.542 29.162 29.715 28.684 27.906 27.926 26.863 25.732 25.196 24.425 23.993 22.721 22.007 21.602 20.485 19.636 18.115 17.494
51.650 50.672 51.604 49.542 51.445 49.026 50.911 48.579 49.972 48.732 48.384 48.899 48.352 46.869 47.351 47.716 46.852 46.784 45.480 45.635 45.696 44.238 44.996 43.332 44.344 43.592 42.775 43.193 42.728 41.242 42.062 41.565 40.913 40.069 40.343 40.256 38.849 38.878 38.885 37.222 38.235 36.631 37.215 36.548 35.507 36.044 34.264 35.154 34.267 33.400 33.721 32.175 32.613 31.997 30.580 31.228 30.210 29.416 29.531 28.452 27.782 27.737 26.653 25.571 24.879 24.209 23.478 22.730 21.551 20.398 19.751 18.981 17.720
50.811 52.745 50.246 52.245 49.766 51.654 49.230 51.035 48.653 50.396 48.258 48.892 49.081 48.503 46.942 47.483 47.680 47.009 46.758 46.522 44.925 45.843 44.536 44.774 44.310 43.125 44.120 42.715 42.340 42.892 42.602 41.454 41.036 41.233 40.966 40.001 39.150 39.491 39.406 37.481 38.539 37.617 36.869 37.233 35.476 36.384 35.596 34.489 35.053 33.702 33.727 33.469 31.857 32.541 31.822 30.398 31.033 30.175 28.766 29.307 28.520 27.236 27.309 26.545 25.380 24.273 23.375 22.576 22.247 21.470 20.615 19.472 18.349
53.363 51.022 52.801 50.561 52.162 50.165 51.428 49.823 50.577 49.515 49.595 48.992 47.934 48.859 48.748 48.098 46.731 46.623 47.208 46.570 46.498 46.059 44.870 45.306 44.434 43.846 44.228 43.267 43.103 42.994 42.627 41.504 41.568 41.623 41.072 40.270 39.389 39.769 39.535 39.060 37.597 38.343 36.979 37.153 36.955 35.221 36.251 35.411 34.265 34.867 33.753 33.197 33.358 32.158 31.822 31.785 30.646 30.157 30.145 29.183 27.969 28.345 27.481 26.450 25.495 24.711 24.336 23.032 22.678 21.500 20.803 19.384 18.842
52.797 51.976 52.484 51.071 52.118 50.329 51.681 49.575 51.174 48.826 50.611 48.649 49.713 48.952 48.202 47.578 48.141 47.875 47.343 46.948 46.026 46.150 44.930 45.451 45.310 43.712 44.671 43.286 43.065 43.763 42.607 42.059 41.564 41.876 41.424 40.752 39.885 39.619 39.703 39.333 38.891 37.400 38.154 37.077 36.559 36.866 35.570 35.505 35.473 34.121 34.199 34.025 32.742 32.659 32.522 31.405 30.860 30.927 30.057 28.772 29.079 28.474 27.439 26.187 26.285 25.050 24.038 23.279 22.712 21.846 20.799 19.915 18.706
51.775 53.594 51.660 52.675 51.778 51.269 51.670 50.059 51.332 49.170 50.798 48.923 49.837 49.152 47.927 48.673 48.541 48.065 47.029 46.664 46.066 46.186 45.537 45.906 45.583 44.641 44.189 44.378 42.742 43.342 43.634 42.416 41.964 41.260 41.619 41.296 40.736 40.081 39.222 38.872 39.034 38.888 37.574 37.295 37.450 36.239 35.983 36.121 35.008 34.455 34.710 33.782 32.706 33.199 32.512 31.213 31.367 31.036 30.078 28.864 29.211 28.558 27.625 26.552 26.108 25.328 24.045 23.669 22.566 22.070 20.972 20.303 18.962
52.020 53.726 51.908 52.694 52.231 50.965 52.085 49.995 51.583 49.938 50.385 50.232 48.678 49.949 47.786 48.907 48.743 48.321 47.731 46.681 46.453 45.937 45.965 45.543 45.422 45.286 44.827 43.384 44.263 43.315 42.465 42.944 42.468 42.210 41.533 40.580 40.322 40.299 40.193 39.601 39.352 38.357 37.462 37.770 37.364 36.007 36.310 36.150 35.049 34.480 34.735 33.980 32.661 33.049 32.683 31.711 30.637 30.990 30.453 29.516 28.435 28.472 27.815 27.053 26.098 25.071 24.086 23.177 22.298 21.672 20.557 19.595 18.801
53.033 52.907 53.295 51.439 52.930 51.184 51.731 51.679 49.975 51.362 49.667 50.104 50.149 48.322 49.716 48.425 47.690 48.197 48.073 47.761 47.133 46.731 46.466 45.689 45.755 45.056 44.162 44.184 44.082 42.444 43.038 43.180 42.249 42.060 41.405 40.393 40.670 40.397 40.183 39.569 39.270 38.438 38.057 36.959 37.370 36.732 35.420 35.866 35.614 34.671 33.651 34.095 33.606 32.618 31.706 31.981 31.477 30.596 29.560 29.431 29.047 28.280 27.454 26.519 25.333 24.573 23.708 23.023 22.041 21.299 20.363 19.184 18.672
54.063 53.405 51.957 53.260 51.484 52.015 52.135 50.184 51.634 50.712 49.520 50.692 49.091 49.312 49.603 47.501 48.881 48.345 48.055 47.558 47.019 46.201 46.377 45.373 45.555 45.444 44.263 43.455 44.141 43.308 42.058 42.593 42.838 41.964 41.697 41.088 40.360 39.658 39.432 38.954 38.361 38.552 38.016 37.886 36.710 35.849 36.295 35.855 34.899 34.002 34.355 33.926 33.074 32.024 32.003 31.764 31.127 30.256 29.311 28.915 28.615 27.923 27.179 26.348 25.416 24.460 23.462 22.659 21.661 21.122 20.089 19.196 17.946
54.042 52.882 52.014 53.108 51.487 51.693 52.113 50.166 51.171 51.095 49.059 50.410 50.054 48.159 49.435 48.993 47.162 48.080 47.881 47.543 47.182 46.660 46.190 45.993 45.125 44.807 44.575 44.470 43.321 42.365 42.999 42.656 42.367 41.338 41.179 40.500 39.792 39.518 39.054 39.006 38.185 38.301 37.704 37.579 36.590 35.547 35.665 35.542 34.932 34.014 33.001 33.357 33.008 32.335 31.471 30.553 30.303 30.075 29.394 28.694 27.887 27.059 26.001 25.298 24.301 23.586 22.584 21.845 21.003 20.396 19.197 18.188 16.794
52.141 53.417 52.788 51.213 52.459 51.883 50.231 51.467 51.009 49.188 50.430 50.142 48.396 49.186 49.202 47.798 47.649 47.830 47.584 47.193 46.805 46.259 45.831 45.618 44.730 44.095 44.027 44.015 43.369 42.142 42.089 42.136 42.187 41.338 41.081 40.594 40.060 39.452 39.223 38.511 38.271 37.531 37.281 36.036 35.801 35.856 35.427 34.692 33.799 33.162 33.303 32.911 32.281 31.511 30.683 29.873 29.512 28.909 28.542 27.811 27.104 26.279 25.479 24.646 23.819 22.401 21.877 20.684 19.869 18.842 17.991 16.878 15.470
52.032 53.063 52.226 50.871 52.019 51.576 49.822 50.854 50.812 49.486 49.122 49.776 48.994 47.510 48.592 48.330 47.032 46.401 46.492 46.171 45.721 45.226 45.446 44.645 44.665 44.504 43.667 43.025 41.802 42.386 42.094 41.849 40.880 40.882 40.444 39.839 39.292 38.912 38.500 37.900 37.648 36.886 36.554 35.453 34.680 34.928 34.648 34.126 33.453 32.705 31.940 31.106 30.891 30.414 29.981 29.307 28.633 27.850 27.113 26.320 25.558 24.767 23.983 23.126 21.830 21.209 20.149 19.456 18.317 17.309 16.039 14.947 13.522
51.628 51.911 52.278 51.329 50.163 51.167 50.801 49.403 49.603 49.924 49.114 47.738 48.688 48.502 47.431 46.566 47.318 46.730 46.488 46.034 45.669 44.913 44.369 44.010 44.162 43.482 42.959 41.545 41.940 41.723 41.294 41.085 40.238 40.003 39.494 38.988 38.382 37.817 36.919 36.636 35.939 35.399 35.062 34.670 34.200 33.632 33.030 32.391 31.689 30.935 30.309 29.544 28.932 28.181 27.577 26.844 26.226 25.483 24.845 24.100 23.390 22.560 21.422 20.694 19.823 19.100 18.073 17.039 16.093 14.834 13.829 12.403 11.121
51.541 52.226 51.601 50.145 50.996 50.952 49.950 48.947 49.831 49.460 48.322 48.043 48.473 47.939 46.805 46.778 46.986 46.357 46.126 45.625 45.197 44.151 43.971 42.807 42.350 41.819 41.376 40.565 40.359 38.876 39.160 37.798 36.746 36.225 35.646 35.036 34.439 33.857 33.633 32.688 32.133 31.550 31.030 30.501 30.323 29.577 29.377 28.348 28.159 27.148 26.793 26.060 25.484 25.033 24.498 23.933 23.333 22.694 22.025 21.345 20.689 20.244 19.469 18.920 18.247 17.676 17.093 16.498 15.886 15.250 14.581 13.872 13.115
52.962 52.458 51.455 51.719 51.762 50.814 49.811 50.700 50.324 49.204 49.062 49.403 48.824 47.724 47.903 47.945 46.621 46.373 46.341 46.106 45.623 44.882 45.006 45.030 44.474 44.024 43.053 42.270 40.245 39.100 37.850 36.624 35.380 34.258 33.174 32.205 31.209 30.245 29.229 28.228 27.196 26.641 26.150 25.648 25.123 24.565 23.985 23.396 22.788 22.176 21.531 20.810 20.033 19.205 18.400 17.645 17.472 17.493 16.892 16.876 16.360 15.766 15.348 14.076 13.935 12.768 12.025 11.138 9.793 8.304 6.570 4.626 2.274
54.685 54.745 52.732 54.073 53.865 51.901 53.286 52.914 51.108 52.442 51.940 50.278 51.561 50.953 49.415 50.651 49.959 48.521 49.713 48.963 47.595 48.750 47.954 46.658 46.574 46.853 46.750 46.478 45.918 45.791 44.949 44.597 44.528 44.498 43.351 42.432 43.132 42.672 42.122 40.869 40.903 41.089 40.888 40.451 39.946 39.478 38.778 38.392 37.297 37.518 37.558 36.615 35.521 36.208 35.660 34.319 34.618 34.468 33.482 32.564 33.014 32.415 31.198 31.116 31.009 30.193 28.959 29.160 28.804 27.952 26.829 26.714 26.385
60.001 61.464 62.932 64.325 61.822 57.017 58.102 61.381 62.740 62.430 61.659 61.381 61.573 60.632 58.353 62.196 63.186 60.687 57.007 53.348 50.112 48.821 46.227 42.390 40.374 38.060 36.545 35.562 34.871 34.299 33.757 33.314 33.222 32.889 33.860 33.446 34.594 35.991 38.799 42.996 43.812 39.703 42.692 41.468 38.521 35.554 32.860 29.689 29.886 27.962 25.267 23.845 23.204 21.403 19.809 18.978 18.004 17.057 16.176 15.531 13.553 11.271 10.249 8.854 7.098 5.278 2.983 2.428 1.886 1.264 0.654 0.340 0.246
58.732 55.265 58.137 56.416 54.446 57.377 54.058 53.482 56.630 53.194 56.106 54.063 52.306 55.277 51.903 54.560 53.263 50.996 53.805 50.806 49.990 52.987 49.649 52.411 50.502 48.665 51.523 48.202 50.794 49.263 47.223 48.468 46.459 49.052 48.141 47.640 46.576 46.197 46.349 44.881 43.778 46.491 44.314 42.805 45.354 44.338 41.869 43.781 41.063 43.626 42.106 40.068 41.086 39.280 41.668 40.651 38.849 37.798 40.344 37.276 39.511 38.244 35.994 38.303 35.971 34.662 37.044 34.060 36.235 34.710 32.629 34.864 32.306
59.859 61.269 62.687 61.180 58.453 64.209 66.131 65.631 65.020 62.906 57.214 61.107 64.009 63.516 61.525 60.048 59.026 54.868 58.769 59.453 55.057 48.727 46.608 43.011 40.429 38.273 36.646 35.576 34.839 34.249 33.699 33.232 33.188 32.876 33.858 33.627 34.571 36.042 38.897 42.843 46.669 45.686 39.752 38.120 37.895 35.113 30.753 30.842 29.857 27.377 24.923 24.139 23.298 21.373 19.860 18.977 18.027 17.084 16.194 15.539 13.580 11.344 10.489 9.009 7.174 5.303 3.072 2.478 1.906 1.279 0.661 0.340 0.248
54.712 54.744 52.735 54.082 53.857 51.908 53.291 52.905 51.115 52.445 51.929 50.285 51.564 50.941 49.421 50.653 49.948 48.527 49.715 48.951 47.601 48.752 47.942 46.645 46.633 46.874 46.761 46.483 45.923 45.794 44.952 44.602 44.530 44.496 43.338 42.437 43.134 42.668 42.112 40.858 40.951 41.106 40.895 40.452 39.946 39.474 38.773 38.385 37.289 37.537 37.561 36.605 35.544 36.212 35.654 34.305 34.635 34.469 33.473 32.585 33.017 32.410 31.186 31.132 31.010 30.187 28.949 29.172 28.805 27.947 26.821 26.726 26.387
52.960 52.462 51.538 51.711 51.762 50.820 49.799 50.698 50.327 49.211 49.051 49.402 48.829 47.731 47.893 47.939 46.614 46.391 46.128 45.972 45.224 44.872 44.923 44.665 44.201 44.014 43.406 42.557 41.127 39.117 37.946 36.698 35.444 34.280 33.190 32.215 31.207 30.246 29.232 28.217 27.558 27.025 26.173 25.680 25.166 24.609 24.038 23.450 22.850 22.238 21.590 20.863 20.061 19.235 18.413 17.658 17.287 17.481 16.996 16.802 16.415 15.640 15.380 14.119 13.942 12.790 12.042 11.157 9.809 8.317 6.619 4.698 2.352
51.532 52.225 51.605 50.152 50.988 50.952 49.955 48.937 49.828 49.463 48.329 48.032 48.471 47.943 46.812 46.766 46.983 46.356 46.123 45.621 45.194 44.147 43.973 42.800 42.329 41.809 41.366 40.560 40.360 38.896 39.197 37.846 36.746 36.265 35.646 35.037 34.442 33.863 33.629 32.690 32.125 31.537 31.005 30.457 30.277 29.514 29.343 28.317 28.146 27.167 26.776 26.059 25.493 25.039 24.504 23.940 23.340 22.702 22.034 21.354 20.692 20.252 19.470 18.923 18.249 17.678 17.094 16.499 15.886 15.248 14.578 13.868 13.111
51.633 51.905 52.277 51.332 50.161 51.165 50.803 49.408 49.597 49.923 49.118 47.735 48.686 48.503 47.436 46.558 47.316 46.730 46.487 46.033 45.668 44.912 44.374 44.012 44.162 43.483 42.961 41.541 41.936 41.723 41.294 41.087 40.239 40.002 39.493 38.988 38.381 37.801 36.919 36.641 35.940 35.405 35.056 34.665 34.196 33.631 33.030 32.392 31.694 30.938 30.313 29.549 28.934 28.186 27.579 26.850 26.228 25.487 24.847 24.103 23.390 22.561 21.423 20.696 19.824 19.100 18.072 17.040 16.095 14.834 13.831 12.405 11.123
52.030 53.062 52.228 50.870 52.018 51.577 49.824 50.852 50.813 49.488 49.118 49.776 48.996 47.509 48.591 48.331 47.035 46.403 46.493 46.172 45.722 45.227 45.447 44.645 44.665 44.504 43.667 43.027 41.800 42.384 42.094 41.849 40.882 40.883 40.445 39.840 39.293 38.913 38.500 37.900 37.649 36.886 36.556 35.456 34.683 34.924 34.646 34.126 33.455 32.707 31.943 31.110 30.884 30.407 29.980 29.306 28.633 27.849 27.114 26.320 25.559 24.767 23.984 23.123 21.829 21.207 20.149 19.455 18.317 17.305 16.039 14.945 13.521
52.141 53.417 52.787 51.214 52.460 51.883 50.231 51.467 51.009 49.188 50.431 50.142 48.395 49.187 49.202 47.798 47.650 47.830 47.584 47.193 46.805 46.259 45.831 45.619 44.730 44.096 44.027 44.015 43.370 42.143 42.088 42.136 42.187 41.338 41.081 40.594 40.061 39.452 39.223 38.511 38.272 37.532 37.282 36.038 35.799 35.856 35.427 34.693 33.800 33.155 33.301 32.911 32.282 31.512 30.685 29.875 29.507 28.907 28.541 27.810 27.103 26.278 25.479 24.646 23.818 22.400 21.876 20.684 19.868 18.843 17.990 16.876 15.465
54.043 52.878 52.019 53.108 51.483 51.699 52.113 50.162 51.176 51.095 49.061 50.411 50.052 48.160 49.436 48.991 47.164 48.081 47.882 47.544 47.182 46.660 46.190 45.993 45.125 44.808 44.575 44.470 43.320 42.365 42.999 42.656 42.367 41.337 41.178 40.499 39.792 39.521 39.054 39.007 38.187 38.302 37.704 37.579 36.589 35.547 35.666 35.543 34.932 34.014 33.001 33.358 33.008 32.335 31.472 30.554 30.302 30.074 29.394 28.693 27.887 27.060 26.001 25.298 24.302 23.586 22.583 21.845 21.002 20.395 19.195 18.187 16.795
54.064 53.400 51.959 53.260 51.478 52.022 52.133 50.187 51.635 50.707 49.522 50.692 49.085 49.319 49.602 47.497 48.886 48.345 48.055 47.557 47.017 46.199 46.376 45.372 45.555 45.444 44.262 43.462 44.142 43.306 42.061 42.595 42.838 41.964 41.696 41.087 40.359 39.657 39.431 38.958 38.358 38.555 38.018 37.886 36.708 35.853 36.296 35.854 34.898 34.005 34.356 33.926 33.073 32.023 32.005 31.765 31.126 30.255 29.311 28.919 28.615 27.923 27.179 26.347 25.415 24.460 23.462 22.659 21.661 21.122 20.089 19.196 17.946
