data/CoulombOnly/Outputs_CoulombOnly_V1/1HS_03_curv76s_MoT-Voellmy_h_max.asc
ncols        1001
nrows        301
xllcorner    997.5
yllcorner    -5002.5
cellsize     5.00
NODATA_value -9999
[rows 136 to 169 of 301, columns 616 to 692 of 1001]
1.682 1.773 1.853 1.892 2.050 1.950 1.855 1.800 1.726 1.660 1.525 1.487 1.299 1.158 1.046 0.964 0.849 0.906 0.716 0.658 0.542 0.476 0.490 0.376 0.307 0.262 0.226 0.195 0.164 0.135 0.111 0.091 0.090 0.066 0.057 0.045 0.038 0.033 0.032 0.027 0.020 0.017 0.014 0.013 0.011 0.010 0.010 0.010 0.010 0.009 0.007 0.002 0.000 0.000 0.000 0.000 0.000 0.000 0.000 0.000 0.000 0.000 0.000 0.000 0.000 0.000 0.000 0.000 0.000 0.000 0.000 0.000 0.000 0.000 0.000 0.000 0.000
1.305 1.285 1.265 1.242 1.218 1.193 1.166 1.137 1.108 1.077 1.044 1.010 0.974 0.936 0.895 0.852 0.816 0.867 0.696 0.662 0.618 0.512 0.463 0.405 0.332 0.284 0.241 0.209 0.178 0.149 0.128 0.098 0.085 0.070 0.057 0.048 0.040 0.034 0.029 0.027 0.025 0.018 0.015 0.013 0.011 0.010 0.010 0.010 0.009 0.009 0.008 0.003 0.000 0.000 0.000 0.000 0.000 0.000 0.000 0.000 0.000 0.000 0.000 0.000 0.000 0.000 0.000 0.000 0.000 0.000 0.000 0.000 0.000 0.000 0.000 0.000 0.000
2.013 2.042 2.054 2.052 2.035 2.006 1.966 1.919 1.862 1.822 1.700 1.603 1.491 1.372 1.323 1.136 1.044 0.867 0.765 0.851 0.637 0.617 0.476 0.429 0.366 0.309 0.261 0.224 0.182 0.185 0.130 0.125 0.086 0.072 0.060 0.050 0.042 0.035 0.030 0.025 0.021 0.020 0.017 0.013 0.011 0.010 0.010 0.010 0.009 0.009 0.008 0.003 0.000 0.000 0.000 0.000 0.000 0.000 0.000 0.000 0.000 0.000 0.000 0.000 0.000 0.000 0.000 0.000 0.000 0.000 0.000 0.000 0.000 0.000 0.000 0.000 0.000
1.098 1.081 1.064 1.044 1.026 1.006 0.985 0.965 0.942 0.919 0.896 0.871 0.845 0.818 0.790 0.760 0.729 0.696 0.661 0.702 0.608 0.563 0.505 0.450 0.394 0.336 0.284 0.252 0.199 0.172 0.137 0.115 0.094 0.077 0.063 0.052 0.043 0.036 0.030 0.026 0.022 0.018 0.017 0.014 0.011 0.010 0.010 0.010 0.009 0.009 0.007 0.002 0.000 0.000 0.000 0.000 0.000 0.000 0.000 0.000 0.000 0.000 0.000 0.000 0.000 0.000 0.000 0.000 0.000 0.000 0.000 0.000 0.000 0.000 0.000 0.000 0.000
2.106 2.117 2.174 2.241 2.314 2.329 2.465 2.270 2.191 2.098 1.981 1.836 1.711 1.648 1.481 1.576 1.251 1.247 1.011 0.873 0.764 0.690 0.623 0.538 0.470 0.432 0.326 0.303 0.243 0.180 0.154 0.127 0.102 0.082 0.067 0.054 0.045 0.037 0.031 0.026 0.022 0.018 0.015 0.014 0.011 0.010 0.010 0.010 0.009 0.009 0.006 0.001 0.000 0.000 0.000 0.000 0.000 0.000 0.000 0.000 0.000 0.000 0.000 0.000 0.000 0.000 0.000 0.000 0.000 0.000 0.000 0.000 0.000 0.000 0.000 0.000 0.000
0.927 0.911 0.895 0.878 0.861 0.843 0.825 0.806 0.787 0.767 0.747 0.725 0.705 0.682 0.660 0.636 0.613 0.588 0.563 0.536 0.509 0.480 0.450 0.418 0.385 0.369 0.422 0.274 0.234 0.196 0.164 0.141 0.112 0.089 0.071 0.057 0.046 0.038 0.031 0.026 0.021 0.018 0.015 0.013 0.011 0.010 0.010 0.009 0.009 0.008 0.004 0.000 0.000 0.000 0.000 0.000 0.000 0.000 0.000 0.000 0.000 0.000 0.000 0.000 0.000 0.000 0.000 0.000 0.000 0.000 0.000 0.000 0.000 0.000 0.000 0.000 0.000
2.704 2.721 2.729 2.727 2.714 2.693 2.663 2.626 2.583 2.535 2.479 2.417 2.345 2.265 2.267 2.070 1.970 1.847 1.729 1.520 1.545 1.184 0.997 0.858 0.736 0.580 0.481 0.392 0.358 0.286 0.199 0.151 0.125 0.100 0.077 0.060 0.048 0.038 0.031 0.025 0.021 0.017 0.014 0.013 0.011 0.010 0.009 0.009 0.009 0.005 0.000 0.000 0.000 0.000 0.000 0.000 0.000 0.000 0.000 0.000 0.000 0.000 0.000 0.000 0.000 0.000 0.000 0.000 0.000 0.000 0.000 0.000 0.000 0.000 0.000 0.000 0.000
0.701 0.682 0.663 0.656 0.676 0.679 0.665 0.657 0.596 0.549 0.684 0.694 0.469 0.440 0.420 0.401 0.382 0.364 0.345 0.328 0.310 0.293 0.276 0.259 0.242 0.226 0.209 0.193 0.176 0.160 0.147 0.126 0.109 0.095 0.076 0.061 0.048 0.038 0.030 0.025 0.020 0.016 0.013 0.012 0.010 0.010 0.009 0.009 0.004 0.000 0.000 0.000 0.000 0.000 0.000 0.000 0.000 0.000 0.000 0.000 0.000 0.000 0.000 0.000 0.000 0.000 0.000 0.000 0.000 0.000 0.000 0.000 0.000 0.000 0.000 0.000 0.000
2.877 2.861 2.846 2.830 2.820 2.838 2.852 2.855 2.846 3.001 2.795 2.756 2.709 2.656 2.787 2.538 2.606 2.443 2.278 2.207 2.048 1.928 1.794 1.673 1.538 1.413 1.274 1.130 0.987 0.828 0.647 0.445 0.301 0.191 0.119 0.074 0.057 0.044 0.033 0.025 0.019 0.015 0.012 0.011 0.011 0.009 0.007 0.002 0.000 0.000 0.000 0.000 0.000 0.000 0.000 0.000 0.000 0.000 0.000 0.000 0.000 0.000 0.000 0.000 0.000 0.000 0.000 0.000 0.000 0.000 0.000 0.000 0.000 0.000 0.000 0.000 0.000
0.495 0.493 0.488 0.480 0.470 0.460 0.447 0.433 0.417 0.400 0.381 0.361 0.341 0.327 0.316 0.306 0.295 0.281 0.266 0.251 0.234 0.216 0.201 0.185 0.199 0.326 0.273 0.262 0.149 0.106 0.073 0.057 0.040 0.028 0.026 0.024 0.022 0.020 0.018 0.016 0.014 0.012 0.010 0.010 0.008 0.004 0.000 0.000 0.000 0.000 0.000 0.000 0.000 0.000 0.000 0.000 0.000 0.000 0.000 0.000 0.000 0.000 0.000 0.000 0.000 0.000 0.000 0.000 0.000 0.000 0.000 0.000 0.000 0.000 0.000 0.000 0.000
4.054 4.031 4.004 3.972 3.950 3.921 4.007 3.850 3.805 3.755 3.811 3.643 3.711 3.530 3.477 3.411 3.335 3.246 3.147 3.038 2.926 2.811 2.693 2.565 2.429 2.336 2.124 1.962 1.774 1.593 1.427 1.258 1.093 0.938 0.797 0.667 0.550 0.447 0.354 0.273 0.205 0.150 0.108 0.073 0.048 0.030 0.020 0.011 0.006 0.001 0.000 0.000 0.000 0.000 0.000 0.000 0.000 0.000 0.000 0.000 0.000 0.000 0.000 0.000 0.000 0.000 0.000 0.000 0.000 0.000 0.000 0.000 0.000 0.000 0.000 0.000 0.000
0.347 0.357 0.363 0.366 0.368 0.372 0.371 0.367 0.360 0.353 0.359 0.354 0.710 0.652 0.374 0.321 0.310 0.292 0.276 0.254 0.231 0.222 0.232 0.248 0.226 0.089 0.075 0.062 0.050 0.040 0.031 0.024 0.019 0.015 0.012 0.011 0.011 0.010 0.010 0.009 0.019 0.008 0.002 0.001 0.000 0.000 0.000 0.000 0.000 0.000 0.000 0.000 0.000 0.000 0.000 0.000 0.000 0.000 0.000 0.000 0.000 0.000 0.000 0.000 0.000 0.000 0.000 0.000 0.000 0.000 0.000 0.000 0.000 0.000 0.000 0.000 0.000
6.144 6.149 6.146 6.136 6.119 6.092 6.056 6.057 6.051 6.035 6.005 5.962 5.904 5.841 5.764 5.675 5.583 5.479 5.364 5.248 5.120 4.985 4.846 4.840 4.754 4.381 4.213 4.046 3.877 3.708 3.539 3.365 3.182 2.986 2.776 2.557 2.319 2.130 1.637 0.912 0.480 0.363 0.224 0.192 0.137 0.112 0.105 0.090 0.058 0.047 0.038 0.030 0.024 0.019 0.016 0.013 0.011 0.009 0.009 0.009 0.005 0.001 0.000 0.000 0.000 0.000 0.000 0.000 0.000 0.000 0.000 0.000 0.000 0.000 0.000 0.000 0.000
0.266 0.258 0.250 0.264 0.236 0.248 0.257 0.264 0.271 0.272 0.276 0.276 0.271 0.269 0.262 0.253 0.243 0.231 0.215 0.199 0.184 0.166 0.146 0.129 0.112 0.094 0.077 0.063 0.049 0.036 0.026 0.018 0.013 0.010 0.008 0.006 0.005 0.005 0.004 0.002 0.001 0.001 0.000 0.000 0.000 0.000 0.000 0.000 0.000 0.000 0.000 0.000 0.000 0.000 0.000 0.000 0.000 0.000 0.000 0.000 0.000 0.000 0.000 0.000 0.000 0.000 0.000 0.000 0.000 0.000 0.000 0.000 0.000 0.000 0.000 0.000 0.000
9.559 9.508 9.453 9.394 9.333 9.268 9.199 9.125 9.048 8.966 8.880 8.790 8.695 8.596 8.493 8.387 8.331 8.163 8.045 7.922 7.797 7.668 7.725 7.678 7.255 7.111 6.962 6.811 6.653 6.495 6.331 6.164 5.994 5.819 5.640 5.459 5.271 5.080 4.886 4.685 4.479 4.270 4.052 3.828 3.597 3.354 3.096 2.822 2.534 2.236 1.935 1.643 1.376 1.130 0.898 0.712 0.556 0.430 0.326 0.252 0.185 0.135 0.098 0.071 0.051 0.037 0.027 0.028 0.016 0.012 0.012 0.008 0.000 0.000 0.000 0.000 0.000
0.258 0.250 0.242 0.266 0.231 0.241 0.249 0.254 0.261 0.265 0.265 0.268 0.266 0.262 0.258 0.251 0.239 0.230 0.217 0.201 0.185 0.170 0.151 0.131 0.116 0.099 0.081 0.066 0.052 0.039 0.028 0.019 0.013 0.010 0.008 0.007 0.006 0.005 0.004 0.002 0.001 0.000 0.000 0.000 0.000 0.000 0.000 0.000 0.000 0.000 0.000 0.000 0.000 0.000 0.000 0.000 0.000 0.000 0.000 0.000 0.000 0.000 0.000 0.000 0.000 0.000 0.000 0.000 0.000 0.000 0.000 0.000 0.000 0.000 0.000 0.000 0.000
6.157 6.164 6.164 6.155 6.138 6.112 6.078 6.072 6.067 6.053 6.024 5.982 5.927 5.864 5.788 5.699 5.607 5.503 5.388 5.270 5.142 5.004 4.864 4.860 4.813 4.391 4.223 4.052 3.881 3.711 3.542 3.368 3.185 2.989 2.780 2.561 2.324 2.133 1.641 0.961 0.524 0.306 0.231 0.182 0.137 0.113 0.105 0.090 0.058 0.047 0.038 0.030 0.024 0.019 0.016 0.013 0.011 0.009 0.009 0.009 0.005 0.001 0.000 0.000 0.000 0.000 0.000 0.000 0.000 0.000 0.000 0.000 0.000 0.000 0.000 0.000 0.000
0.338 0.347 0.354 0.357 0.359 0.363 0.363 0.359 0.360 0.360 0.368 0.361 0.708 0.706 0.402 0.329 0.320 0.300 0.286 0.262 0.239 0.237 0.251 0.282 0.158 0.090 0.076 0.063 0.051 0.041 0.032 0.025 0.020 0.016 0.012 0.011 0.011 0.010 0.010 0.009 0.009 0.005 0.001 0.001 0.000 0.000 0.000 0.000 0.000 0.000 0.000 0.000 0.000 0.000 0.000 0.000 0.000 0.000 0.000 0.000 0.000 0.000 0.000 0.000 0.000 0.000 0.000 0.000 0.000 0.000 0.000 0.000 0.000 0.000 0.000 0.000 0.000
4.052 4.030 4.003 3.972 3.950 3.922 4.010 3.851 3.806 3.757 3.810 3.645 3.697 3.530 3.478 3.412 3.336 3.247 3.148 3.040 2.926 2.810 2.692 2.563 2.427 2.348 2.123 1.963 1.777 1.596 1.429 1.262 1.097 0.942 0.801 0.670 0.553 0.449 0.355 0.273 0.205 0.150 0.107 0.073 0.048 0.030 0.020 0.010 0.006 0.001 0.000 0.000 0.000 0.000 0.000 0.000 0.000 0.000 0.000 0.000 0.000 0.000 0.000 0.000 0.000 0.000 0.000 0.000 0.000 0.000 0.000 0.000 0.000 0.000 0.000 0.000 0.000
0.486 0.484 0.479 0.471 0.462 0.451 0.439 0.425 0.409 0.392 0.373 0.354 0.334 0.322 0.311 0.302 0.291 0.278 0.264 0.250 0.233 0.216 0.201 0.186 0.192 0.331 0.275 0.270 0.156 0.111 0.077 0.058 0.037 0.028 0.026 0.024 0.022 0.020 0.018 0.016 0.014 0.012 0.010 0.010 0.008 0.005 0.000 0.000 0.000 0.000 0.000 0.000 0.000 0.000 0.000 0.000 0.000 0.000 0.000 0.000 0.000 0.000 0.000 0.000 0.000 0.000 0.000 0.000 0.000 0.000 0.000 0.000 0.000 0.000 0.000 0.000 0.000
2.877 2.861 2.844 2.827 2.814 2.827 2.843 2.848 2.842 3.001 2.795 2.757 2.711 2.660 2.792 2.538 2.605 2.445 2.279 2.207 2.050 1.932 1.796 1.678 1.544 1.418 1.271 1.135 0.989 0.826 0.645 0.444 0.296 0.191 0.120 0.074 0.057 0.044 0.033 0.025 0.019 0.015 0.012 0.011 0.011 0.009 0.007 0.002 0.000 0.000 0.000 0.000 0.000 0.000 0.000 0.000 0.000 0.000 0.000 0.000 0.000 0.000 0.000 0.000 0.000 0.000 0.000 0.000 0.000 0.000 0.000 0.000 0.000 0.000 0.000 0.000 0.000
0.706 0.687 0.668 0.656 0.677 0.680 0.666 0.656 0.595 0.547 0.662 0.704 0.463 0.442 0.422 0.404 0.384 0.366 0.347 0.329 0.311 0.294 0.277 0.260 0.243 0.226 0.210 0.193 0.177 0.160 0.151 0.126 0.109 0.095 0.076 0.061 0.048 0.038 0.030 0.025 0.020 0.016 0.013 0.012 0.010 0.010 0.009 0.009 0.004 0.000 0.000 0.000 0.000 0.000 0.000 0.000 0.000 0.000 0.000 0.000 0.000 0.000 0.000 0.000 0.000 0.000 0.000 0.000 0.000 0.000 0.000 0.000 0.000 0.000 0.000 0.000 0.000
2.707 2.723 2.731 2.728 2.715 2.693 2.663 2.627 2.583 2.533 2.477 2.413 2.341 2.259 2.264 2.063 1.963 1.837 1.714 1.507 1.526 1.174 0.986 0.853 0.732 0.577 0.480 0.391 0.357 0.289 0.201 0.152 0.126 0.100 0.077 0.060 0.048 0.038 0.031 0.025 0.021 0.017 0.014 0.013 0.011 0.010 0.009 0.009 0.009 0.005 0.000 0.000 0.000 0.000 0.000 0.000 0.000 0.000 0.000 0.000 0.000 0.000 0.000 0.000 0.000 0.000 0.000 0.000 0.000 0.000 0.000 0.000 0.000 0.000 0.000 0.000 0.000
0.932 0.916 0.900 0.883 0.865 0.848 0.829 0.810 0.791 0.770 0.750 0.728 0.707 0.684 0.662 0.638 0.615 0.589 0.564 0.537 0.510 0.480 0.450 0.418 0.385 0.370 0.422 0.275 0.235 0.197 0.164 0.141 0.112 0.089 0.071 0.057 0.046 0.038 0.031 0.026 0.021 0.018 0.015 0.013 0.011 0.010 0.010 0.009 0.009 0.008 0.004 0.000 0.000 0.000 0.000 0.000 0.000 0.000 0.000 0.000 0.000 0.000 0.000 0.000 0.000 0.000 0.000 0.000 0.000 0.000 0.000 0.000 0.000 0.000 0.000 0.000 0.000
2.111 2.120 2.176 2.243 2.290 2.329 2.294 2.255 2.187 2.093 1.974 1.829 1.704 1.644 1.476 1.570 1.266 1.155 1.008 0.872 0.763 0.689 0.622 0.538 0.471 0.433 0.326 0.303 0.244 0.181 0.155 0.128 0.102 0.082 0.067 0.054 0.045 0.037 0.031 0.026 0.022 0.018 0.015 0.014 0.011 0.010 0.010 0.010 0.009 0.009 0.006 0.001 0.000 0.000 0.000 0.000 0.000 0.000 0.000 0.000 0.000 0.000 0.000 0.000 0.000 0.000 0.000 0.000 0.000 0.000 0.000 0.000 0.000 0.000 0.000 0.000 0.000
1.101 1.085 1.067 1.048 1.030 1.010 0.989 0.968 0.946 0.923 0.899 0.874 0.848 0.821 0.792 0.762 0.731 0.698 0.662 0.703 0.609 0.565 0.508 0.452 0.395 0.337 0.285 0.253 0.199 0.172 0.137 0.115 0.094 0.077 0.063 0.052 0.043 0.036 0.030 0.026 0.022 0.018 0.017 0.014 0.011 0.010 0.010 0.010 0.009 0.009 0.007 0.002 0.000 0.000 0.000 0.000 0.000 0.000 0.000 0.000 0.000 0.000 0.000 0.000 0.000 0.000 0.000 0.000 0.000 0.000 0.000 0.000 0.000 0.000 0.000 0.000 0.000
2.014 2.043 2.056 2.054 2.038 2.009 1.969 1.920 1.862 1.823 1.701 1.604 1.492 1.372 1.324 1.135 1.042 0.868 0.766 0.852 0.638 0.618 0.477 0.430 0.366 0.309 0.261 0.224 0.182 0.185 0.130 0.125 0.086 0.072 0.060 0.050 0.042 0.035 0.030 0.025 0.021 0.020 0.017 0.013 0.011 0.010 0.010 0.010 0.009 0.009 0.008 0.003 0.000 0.000 0.000 0.000 0.000 0.000 0.000 0.000 0.000 0.000 0.000 0.000 0.000 0.000 0.000 0.000 0.000 0.000 0.000 0.000 0.000 0.000 0.000 0.000 0.000
1.307 1.288 1.267 1.245 1.221 1.195 1.168 1.139 1.110 1.080 1.047 1.012 0.977 0.938 0.898 0.854 0.817 0.868 0.697 0.664 0.619 0.513 0.463 0.405 0.332 0.284 0.241 0.209 0.178 0.149 0.127 0.098 0.085 0.070 0.057 0.048 0.040 0.034 0.029 0.027 0.025 0.018 0.015 0.013 0.011 0.010 0.010 0.010 0.009 0.009 0.008 0.003 0.000 0.000 0.000 0.000 0.000 0.000 0.000 0.000 0.000 0.000 0.000 0.000 0.000 0.000 0.000 0.000 0.000 0.000 0.000 0.000 0.000 0.000 0.000 0.000 0.000
1.682 1.773 1.854 1.893 2.052 1.951 1.856 1.801 1.726 1.660 1.524 1.488 1.298 1.158 1.046 0.965 0.850 0.909 0.717 0.658 0.542 0.476 0.490 0.376 0.307 0.262 0.228 0.196 0.164 0.135 0.110 0.090 0.090 0.066 0.057 0.045 0.038 0.033 0.032 0.027 0.020 0.017 0.014 0.013 0.011 0.010 0.010 0.010 0.010 0.009 0.007 0.002 0.000 0.000 0.000 0.000 0.000 0.000 0.000 0.000 0.000 0.000 0.000 0.000 0.000 0.000 0.000 0.000 0.000 0.000 0.000 0.000 0.000 0.000 0.000 0.000 0.000
1.419 1.412 1.401 1.387 1.368 1.346 1.319 1.288 1.254 1.216 1.220 1.136 1.079 1.025 0.961 0.913 0.821 0.743 0.654 0.584 0.530 0.469 0.387 0.394 0.296 0.251 0.203 0.175 0.150 0.125 0.104 0.087 0.075 0.067 0.052 0.045 0.038 0.034 0.026 0.023 0.019 0.016 0.015 0.012 0.010 0.010 0.010 0.009 0.009 0.009 0.005 0.000 0.000 0.000 0.000 0.000 0.000 0.000 0.000 0.000 0.000 0.000 0.000 0.000 0.000 0.000 0.000 0.000 0.000 0.000 0.000 0.000 0.000 0.000 0.000 0.000 0.000
1.433 1.504 1.607 1.604 1.602 1.592 1.561 1.611 1.460 1.374 1.297 1.211 1.125 1.040 0.958 0.919 0.814 0.752 0.646 0.551 0.585 0.436 0.380 0.317 0.278 0.227 0.195 0.157 0.137 0.119 0.099 0.083 0.078 0.068 0.048 0.043 0.036 0.030 0.025 0.021 0.018 0.017 0.014 0.011 0.010 0.010 0.010 0.009 0.009 0.008 0.003 0.000 0.000 0.000 0.000 0.000 0.000 0.000 0.000 0.000 0.000 0.000 0.000 0.000 0.000 0.000 0.000 0.000 0.000 0.000 0.000 0.000 0.000 0.000 0.000 0.000 0.000
1.399 1.399 1.399 1.396 1.390 1.379 1.363 1.334 1.403 1.259 1.206 1.145 1.075 0.999 0.919 0.860 0.792 0.674 0.604 0.546 0.452 0.471 0.350 0.300 0.242 0.204 0.193 0.153 0.127 0.102 0.086 0.073 0.062 0.053 0.045 0.038 0.037 0.029 0.024 0.022 0.019 0.014 0.012 0.010 0.010 0.010 0.009 0.009 0.009 0.006 0.001 0.000 0.000 0.000 0.000 0.000 0.000 0.000 0.000 0.000 0.000 0.000 0.000 0.000 0.000 0.000 0.000 0.000 0.000 0.000 0.000 0.000 0.000 0.000 0.000 0.000 0.000
1.369 1.369 1.370 1.388 1.396 1.391 1.373 1.356 1.297 1.241 1.181 1.114 1.041 0.963 0.883 0.851 0.751 0.646 0.562 0.491 0.444 0.361 0.370 0.273 0.232 0.188 0.157 0.151 0.118 0.099 0.080 0.068 0.058 0.049 0.042 0.035 0.030 0.032 0.024 0.019 0.016 0.013 0.011 0.010 0.010 0.009 0.009 0.009 0.008 0.003 0.000 0.000 0.000 0.000 0.000 0.000 0.000 0.000 0.000 0.000 0.000 0.000 0.000 0.000 0.000 0.000 0.000 0.000 0.000 0.000 0.000 0.000 0.000 0.000 0.000 0.000 0.000
1.329 1.329 1.329 1.329 1.329 1.325 1.316 1.350 1.242 1.199 1.133 1.068 0.996 0.920 0.841 0.760 0.681 0.601 0.525 0.453 0.392 0.350 0.282 0.285 0.208 0.178 0.144 0.121 0.118 0.089 0.076 0.063 0.053 0.045 0.039 0.038 0.032 0.024 0.021 0.018 0.014 0.013 0.010 0.010 0.010 0.010 0.010 0.009 0.005 0.001 0.000 0.000 0.000 0.000 0.000 0.000 0.000 0.000 0.000 0.000 0.000 0.000 0.000 0.000 0.000 0.000 0.000 0.000 0.000 0.000 0.000 0.000 0.000 0.000 0.000 0.000 0.000
