data/CoulombOnly/Outputs_CoulombOnly_V1/1HS_03_curv76s_MoT-Voellmy_h_max.asc
ncols        1001
nrows        301
xllcorner    997.5
yllcorner    -5002.5
cellsize     5.00
NODATA_value -9999
[rows 136 to 169 of 301, columns 462 to 538 of 1001]
0.060 0.069 0.078 0.089 0.101 0.114 0.129 0.144 0.159 0.176 0.193 0.211 0.229 0.248 0.268 0.288 0.308 0.329 0.350 0.371 0.392 0.413 0.435 0.456 0.478 0.499 0.520 0.541 0.562 0.583 0.604 0.625 0.645 0.665 0.685 0.705 0.724 0.744 0.763 0.781 0.800 0.818 0.836 0.853 0.870 0.887 0.904 0.920 0.935 0.951 0.966 0.981 0.995 1.009 1.023 1.036 1.049 1.061 1.073 1.085 1.097 1.108 1.119 1.130 1.140 1.150 1.160 1.170 1.179 1.188 1.197 1.205 1.213 1.222 1.229 1.237 1.245
0.190 0.209 0.229 0.249 0.271 0.294 0.318 0.342 0.365 0.388 0.412 0.435 0.458 0.481 0.504 0.527 0.549 0.571 0.593 0.615 0.636 0.657 0.677 0.698 0.717 0.737 0.757 0.776 0.795 0.814 0.832 0.850 0.868 0.886 0.903 0.920 0.937 0.953 0.968 0.984 0.999 1.014 1.028 1.042 1.056 1.069 1.082 1.095 1.107 1.119 1.131 1.142 1.153 1.164 1.174 1.184 1.193 1.203 1.212 1.221 1.229 1.238 1.246 1.253 1.261 1.268 1.275 1.282 1.289 1.296 1.302 1.308 1.314 1.320 1.326 1.331 1.337
0.429 0.455 0.482 0.509 0.535 0.563 0.590 0.615 0.639 0.662 0.684 0.706 0.727 0.747 0.767 0.786 0.805 0.824 0.842 0.861 0.879 0.897 0.914 0.932 0.949 0.966 0.982 0.998 1.014 1.030 1.045 1.059 1.074 1.088 1.101 1.115 1.128 1.140 1.153 1.164 1.176 1.187 1.198 1.208 1.219 1.228 1.238 1.247 1.256 1.265 1.273 1.281 1.289 1.297 1.304 1.311 1.318 1.324 1.330 1.336 1.342 1.348 1.353 1.359 1.364 1.369 1.373 1.378 1.382 1.387 1.391 1.395 1.399 1.403 1.406 1.410 1.414
0.731 0.756 0.781 0.806 0.830 0.853 0.876 0.897 0.914 0.931 0.947 0.962 0.978 0.995 1.011 1.028 1.044 1.059 1.075 1.090 1.105 1.120 1.134 1.148 1.161 1.175 1.188 1.200 1.212 1.224 1.235 1.246 1.257 1.267 1.277 1.287 1.296 1.305 1.314 1.322 1.330 1.338 1.346 1.353 1.360 1.366 1.373 1.379 1.385 1.390 1.396 1.401 1.406 1.410 1.415 1.419 1.423 1.427 1.431 1.434 1.438 1.441 1.444 1.447 1.450 1.453 1.455 1.458 1.460 1.462 1.465 1.467 1.469 1.471 1.473 1.475 1.477
1.022 1.041 1.060 1.078 1.095 1.112 1.128 1.143 1.157 1.172 1.186 1.200 1.214 1.227 1.241 1.254 1.266 1.278 1.290 1.302 1.313 1.324 1.334 1.344 1.354 1.363 1.372 1.381 1.389 1.397 1.405 1.412 1.419 1.426 1.433 1.439 1.444 1.450 1.455 1.460 1.465 1.470 1.474 1.478 1.482 1.485 1.488 1.492 1.495 1.497 1.500 1.502 1.505 1.507 1.509 1.510 1.512 1.514 1.515 1.516 1.517 1.518 1.519 1.520 1.521 1.522 1.522 1.523 1.524 1.524 1.525 1.525 1.525 1.525 1.526 1.526 1.526
1.270 1.282 1.293 1.311 1.329 1.348 1.366 1.381 1.392 1.403 1.414 1.424 1.434 1.444 1.453 1.462 1.471 1.479 1.487 1.494 1.501 1.508 1.514 1.520 1.526 1.531 1.536 1.541 1.546 1.550 1.554 1.558 1.561 1.564 1.567 1.570 1.572 1.575 1.577 1.579 1.580 1.581 1.583 1.584 1.585 1.585 1.586 1.586 1.586 1.587 1.587 1.587 1.586 1.586 1.585 1.585 1.584 1.584 1.583 1.582 1.581 1.580 1.579 1.578 1.577 1.576 1.575 1.573 1.572 1.571 1.570 1.568 1.566 1.565 1.563 1.561 1.559
1.500 1.516 1.532 1.547 1.563 1.579 1.594 1.606 1.612 1.618 1.623 1.628 1.633 1.637 1.641 1.645 1.649 1.652 1.656 1.659 1.662 1.665 1.667 1.669 1.671 1.673 1.675 1.676 1.677 1.678 1.679 1.679 1.679 1.679 1.679 1.679 1.678 1.677 1.676 1.675 1.674 1.672 1.671 1.669 1.667 1.665 1.663 1.661 1.658 1.656 1.654 1.651 1.649 1.646 1.643 1.641 1.638 1.635 1.633 1.630 1.627 1.625 1.622 1.619 1.616 1.613 1.610 1.607 1.604 1.601 1.597 1.594 1.590 1.587 1.583 1.579 1.574
1.685 1.697 1.708 1.719 1.729 1.740 1.749 1.755 1.756 1.758 1.762 1.766 1.770 1.774 1.778 1.781 1.784 1.786 1.789 1.790 1.791 1.792 1.792 1.792 1.791 1.790 1.789 1.787 1.785 1.783 1.781 1.778 1.774 1.771 1.767 1.763 1.759 1.755 1.751 1.746 1.741 1.737 1.732 1.727 1.722 1.717 1.712 1.707 1.702 1.697 1.692 1.688 1.683 1.679 1.675 1.670 1.666 1.662 1.659 1.655 1.651 1.647 1.643 1.639 1.635 1.630 1.626 1.621 1.616 1.611 1.605 1.599 1.592 1.586 1.579 1.571 1.564
2.202 2.217 2.233 2.248 2.263 2.279 2.293 2.302 2.302 2.302 2.300 2.297 2.292 2.287 2.281 2.274 2.267 2.259 2.252 2.244 2.235 2.227 2.219 2.210 2.202 2.193 2.184 2.175 2.166 2.157 2.148 2.139 2.130 2.120 2.111 2.102 2.093 2.083 2.073 2.063 2.054 2.044 2.034 2.024 2.014 2.004 1.994 1.984 1.974 1.964 1.954 1.944 1.933 1.923 1.913 1.902 1.892 1.882 1.871 1.861 1.850 1.840 1.829 1.819 1.808 1.797 1.787 1.776 1.765 1.754 1.743 1.732 1.721 1.710 1.699 1.688 1.676
1.497 1.497 1.496 1.494 1.491 1.488 1.483 1.475 1.464 1.458 1.456 1.456 1.458 1.460 1.464 1.469 1.473 1.477 1.481 1.484 1.486 1.488 1.489 1.489 1.488 1.486 1.484 1.480 1.476 1.471 1.466 1.459 1.452 1.445 1.437 1.428 1.419 1.410 1.401 1.393 1.385 1.378 1.373 1.370 1.367 1.365 1.362 1.360 1.357 1.353 1.349 1.344 1.338 1.331 1.323 1.315 1.306 1.295 1.285 1.273 1.260 1.248 1.234 1.220 1.205 1.190 1.174 1.158 1.141 1.124 1.107 1.089 1.071 1.053 1.035 1.016 0.997
4.109 4.121 4.132 4.140 4.147 4.151 4.151 4.138 4.112 4.093 4.073 4.054 4.035 4.014 3.992 3.971 3.947 3.924 3.899 3.874 3.848 3.820 3.793 3.764 3.735 3.704 3.673 3.643 3.611 3.579 3.547 3.516 3.484 3.452 3.422 3.391 3.362 3.333 3.306 3.279 3.254 3.229 3.206 3.184 3.164 3.144 3.126 3.109 3.093 3.079 3.066 3.054 3.044 3.043 3.062 3.084 3.108 3.133 3.161 3.189 3.218 3.246 3.273 3.299 3.324 3.349 3.373 3.396 3.417 3.437 3.456 3.473 3.491 3.507 3.522 3.535 3.548
1.214 1.200 1.186 1.173 1.159 1.145 1.130 1.113 1.094 1.098 1.114 1.133 1.154 1.176 1.199 1.222 1.245 1.267 1.287 1.307 1.324 1.340 1.353 1.364 1.373 1.379 1.383 1.384 1.383 1.380 1.374 1.365 1.355 1.341 1.326 1.308 1.289 1.267 1.243 1.217 1.190 1.160 1.128 1.095 1.061 1.026 0.992 0.958 0.925 0.892 0.859 0.827 0.795 0.763 0.733 0.702 0.672 0.643 0.614 0.586 0.558 0.531 0.505 0.485 0.486 0.487 0.489 0.491 0.492 0.494 0.497 0.500 0.503 0.506 0.512 0.517 0.522
5.128 5.183 5.237 5.286 5.331 5.374 5.408 5.420 5.417 5.427 5.438 5.448 5.459 5.469 5.479 5.489 5.497 5.506 5.513 5.520 5.526 5.531 5.537 5.542 5.548 5.554 5.562 5.572 5.585 5.602 5.622 5.648 5.673 5.698 5.720 5.741 5.759 5.776 5.790 5.803 5.814 5.824 5.832 5.837 5.843 5.846 5.848 5.849 5.848 5.848 5.845 5.841 5.838 5.833 5.828 5.822 5.816 5.810 5.805 5.800 5.797 5.795 5.796 5.800 5.807 5.817 5.830 5.841 5.850 5.855 5.858 5.859 5.857 5.853 5.847 5.840 5.831
1.097 1.056 1.014 0.971 0.928 0.884 0.841 0.797 0.753 0.714 0.677 0.642 0.610 0.581 0.553 0.526 0.501 0.475 0.474 0.477 0.478 0.477 0.473 0.468 0.460 0.450 0.437 0.428 0.417 0.406 0.394 0.380 0.367 0.354 0.341 0.328 0.315 0.304 0.295 0.288 0.283 0.281 0.282 0.287 0.294 0.306 0.332 0.359 0.388 0.416 0.445 0.474 0.502 0.530 0.557 0.583 0.608 0.632 0.654 0.675 0.694 0.710 0.725 0.738 0.748 0.755 0.761 0.764 0.764 0.761 0.756 0.747 0.736 0.723 0.706 0.688 0.668
6.348 6.394 6.441 6.489 6.539 6.589 6.633 6.648 6.650 6.669 6.689 6.710 6.731 6.752 6.773 6.795 6.817 6.839 6.862 6.884 6.908 6.931 6.955 6.979 7.003 7.027 7.052 7.077 7.102 7.128 7.153 7.179 7.205 7.232 7.259 7.286 7.313 7.340 7.368 7.396 7.424 7.452 7.480 7.508 7.537 7.566 7.594 7.624 7.653 7.682 7.711 7.741 7.771 7.801 7.830 7.861 7.891 7.922 7.952 7.983 8.014 8.045 8.076 8.108 8.139 8.171 8.203 8.235 8.267 8.299 8.332 8.364 8.396 8.428 8.460 8.493 8.524
1.096 1.055 1.013 0.970 0.927 0.884 0.840 0.796 0.753 0.713 0.676 0.642 0.609 0.581 0.552 0.525 0.500 0.475 0.474 0.476 0.477 0.476 0.473 0.467 0.459 0.449 0.436 0.426 0.415 0.404 0.391 0.378 0.364 0.351 0.338 0.325 0.312 0.300 0.291 0.283 0.279 0.276 0.277 0.281 0.289 0.301 0.324 0.351 0.380 0.408 0.437 0.466 0.495 0.523 0.550 0.576 0.602 0.626 0.649 0.670 0.689 0.706 0.722 0.734 0.745 0.753 0.759 0.762 0.762 0.760 0.755 0.747 0.736 0.722 0.706 0.688 0.669
5.128 5.184 5.237 5.286 5.331 5.373 5.408 5.420 5.417 5.427 5.438 5.449 5.460 5.470 5.480 5.490 5.499 5.508 5.516 5.522 5.529 5.535 5.541 5.546 5.552 5.559 5.567 5.577 5.590 5.607 5.628 5.653 5.678 5.703 5.725 5.746 5.764 5.781 5.795 5.809 5.820 5.829 5.838 5.843 5.849 5.852 5.854 5.856 5.855 5.854 5.852 5.848 5.845 5.840 5.835 5.829 5.823 5.818 5.813 5.808 5.804 5.803 5.804 5.808 5.815 5.825 5.838 5.849 5.858 5.864 5.867 5.869 5.867 5.863 5.858 5.851 5.842
1.211 1.196 1.182 1.168 1.155 1.140 1.125 1.108 1.089 1.093 1.108 1.127 1.148 1.170 1.193 1.216 1.239 1.261 1.282 1.301 1.319 1.334 1.348 1.359 1.368 1.374 1.378 1.379 1.378 1.375 1.368 1.360 1.350 1.337 1.321 1.304 1.284 1.262 1.239 1.212 1.185 1.155 1.124 1.091 1.057 1.023 0.988 0.955 0.921 0.888 0.855 0.823 0.791 0.760 0.729 0.699 0.669 0.639 0.611 0.583 0.555 0.528 0.502 0.484 0.485 0.487 0.489 0.490 0.492 0.494 0.498 0.501 0.504 0.508 0.513 0.519 0.524
4.107 4.119 4.130 4.139 4.145 4.150 4.150 4.136 4.111 4.093 4.073 4.054 4.035 4.014 3.992 3.971 3.948 3.925 3.900 3.875 3.849 3.822 3.795 3.766 3.737 3.707 3.676 3.645 3.614 3.582 3.550 3.519 3.487 3.456 3.425 3.395 3.366 3.337 3.310 3.283 3.258 3.234 3.211 3.189 3.168 3.149 3.130 3.113 3.098 3.083 3.070 3.059 3.048 3.045 3.064 3.086 3.110 3.135 3.163 3.191 3.220 3.248 3.275 3.301 3.326 3.351 3.375 3.398 3.419 3.439 3.458 3.475 3.493 3.509 3.524 3.538 3.550
1.497 1.497 1.496 1.494 1.491 1.487 1.482 1.474 1.464 1.458 1.455 1.455 1.457 1.459 1.463 1.467 1.471 1.475 1.479 1.482 1.484 1.486 1.486 1.486 1.485 1.484 1.481 1.477 1.473 1.468 1.463 1.456 1.449 1.441 1.433 1.425 1.416 1.407 1.398 1.389 1.381 1.375 1.370 1.366 1.363 1.361 1.359 1.356 1.353 1.350 1.346 1.341 1.335 1.328 1.320 1.312 1.303 1.293 1.282 1.271 1.258 1.245 1.232 1.218 1.203 1.188 1.172 1.156 1.140 1.122 1.105 1.088 1.070 1.051 1.033 1.015 0.996
2.202 2.217 2.233 2.248 2.263 2.279 2.293 2.302 2.302 2.302 2.300 2.297 2.292 2.286 2.280 2.273 2.266 2.258 2.250 2.243 2.234 2.226 2.217 2.209 2.200 2.191 2.183 2.173 2.165 2.155 2.147 2.137 2.128 2.118 2.110 2.100 2.091 2.081 2.072 2.062 2.052 2.042 2.033 2.022 2.013 2.003 1.993 1.983 1.972 1.963 1.952 1.942 1.932 1.922 1.912 1.901 1.891 1.881 1.870 1.860 1.849 1.839 1.828 1.818 1.807 1.796 1.786 1.775 1.764 1.754 1.742 1.732 1.720 1.709 1.698 1.687 1.675
1.686 1.697 1.708 1.719 1.730 1.740 1.750 1.755 1.756 1.759 1.762 1.766 1.770 1.774 1.778 1.781 1.784 1.786 1.789 1.790 1.791 1.792 1.792 1.792 1.791 1.790 1.789 1.787 1.785 1.783 1.780 1.777 1.774 1.770 1.767 1.763 1.759 1.754 1.750 1.745 1.740 1.736 1.731 1.726 1.721 1.716 1.711 1.706 1.701 1.696 1.691 1.686 1.682 1.677 1.673 1.669 1.665 1.661 1.657 1.653 1.650 1.646 1.642 1.638 1.634 1.629 1.624 1.620 1.615 1.609 1.604 1.598 1.591 1.585 1.578 1.570 1.563
1.501 1.516 1.532 1.548 1.564 1.579 1.594 1.606 1.612 1.618 1.624 1.628 1.633 1.638 1.642 1.646 1.649 1.653 1.656 1.659 1.662 1.665 1.667 1.670 1.671 1.673 1.675 1.676 1.677 1.678 1.679 1.679 1.679 1.679 1.679 1.678 1.677 1.677 1.676 1.674 1.673 1.672 1.670 1.668 1.666 1.664 1.662 1.660 1.657 1.655 1.653 1.650 1.648 1.645 1.642 1.640 1.637 1.634 1.632 1.629 1.626 1.623 1.621 1.618 1.615 1.612 1.609 1.606 1.603 1.600 1.596 1.593 1.589 1.586 1.582 1.578 1.573
1.270 1.282 1.293 1.311 1.330 1.348 1.366 1.381 1.392 1.403 1.414 1.425 1.435 1.444 1.454 1.463 1.471 1.479 1.487 1.494 1.501 1.508 1.514 1.520 1.526 1.531 1.536 1.541 1.546 1.550 1.554 1.558 1.561 1.564 1.567 1.570 1.572 1.574 1.577 1.578 1.580 1.581 1.583 1.583 1.584 1.585 1.586 1.586 1.586 1.586 1.586 1.586 1.586 1.585 1.585 1.584 1.584 1.583 1.582 1.581 1.580 1.579 1.578 1.577 1.576 1.575 1.574 1.572 1.571 1.570 1.569 1.567 1.565 1.564 1.562 1.560 1.558
1.022 1.041 1.060 1.078 1.095 1.112 1.128 1.143 1.157 1.172 1.186 1.200 1.214 1.228 1.241 1.254 1.266 1.279 1.291 1.302 1.313 1.324 1.334 1.345 1.354 1.364 1.373 1.381 1.390 1.398 1.405 1.413 1.420 1.426 1.433 1.439 1.445 1.450 1.455 1.460 1.465 1.470 1.474 1.478 1.482 1.485 1.488 1.491 1.494 1.497 1.500 1.502 1.504 1.506 1.508 1.510 1.511 1.513 1.514 1.516 1.517 1.518 1.519 1.520 1.521 1.521 1.522 1.522 1.523 1.523 1.524 1.524 1.524 1.525 1.525 1.525 1.525
0.731 0.756 0.781 0.806 0.830 0.853 0.876 0.897 0.914 0.931 0.947 0.962 0.978 0.995 1.011 1.028 1.044 1.060 1.075 1.090 1.105 1.120 1.134 1.148 1.162 1.175 1.188 1.200 1.212 1.224 1.236 1.246 1.257 1.268 1.277 1.287 1.297 1.306 1.314 1.323 1.331 1.338 1.346 1.353 1.360 1.366 1.373 1.379 1.385 1.390 1.396 1.401 1.406 1.410 1.415 1.419 1.423 1.427 1.431 1.434 1.437 1.441 1.444 1.447 1.449 1.452 1.455 1.457 1.460 1.462 1.464 1.466 1.468 1.470 1.472 1.474 1.476
0.429 0.455 0.482 0.508 0.535 0.562 0.589 0.615 0.639 0.662 0.684 0.705 0.727 0.747 0.767 0.786 0.805 0.824 0.842 0.861 0.879 0.897 0.915 0.932 0.949 0.966 0.982 0.998 1.014 1.030 1.045 1.060 1.074 1.088 1.102 1.115 1.128 1.140 1.153 1.165 1.176 1.187 1.198 1.209 1.219 1.229 1.238 1.247 1.256 1.265 1.273 1.281 1.289 1.297 1.304 1.311 1.318 1.324 1.330 1.336 1.342 1.348 1.353 1.358 1.363 1.368 1.373 1.378 1.382 1.386 1.391 1.395 1.398 1.402 1.406 1.410 1.413
0.190 0.208 0.228 0.249 0.271 0.294 0.318 0.342 0.365 0.388 0.411 0.435 0.458 0.481 0.504 0.527 0.549 0.571 0.593 0.615 0.636 0.657 0.677 0.698 0.718 0.737 0.757 0.776 0.795 0.814 0.832 0.851 0.868 0.886 0.903 0.920 0.937 0.953 0.969 0.984 0.999 1.014 1.028 1.043 1.056 1.070 1.082 1.095 1.107 1.119 1.131 1.142 1.153 1.164 1.174 1.184 1.194 1.203 1.212 1.221 1.229 1.238 1.246 1.253 1.261 1.268 1.275 1.282 1.289 1.295 1.302 1.308 1.314 1.320 1.325 1.331 1.336
0.060 0.068 0.078 0.089 0.101 0.114 0.129 0.144 0.159 0.176 0.193 0.210 0.229 0.248 0.267 0.287 0.308 0.329 0.349 0.371 0.392 0.413 0.435 0.456 0.478 0.499 0.520 0.541 0.562 0.583 0.604 0.625 0.645 0.665 0.685 0.705 0.724 0.744 0.763 0.781 0.800 0.818 0.836 0.853 0.870 0.887 0.904 0.920 0.936 0.951 0.966 0.981 0.995 1.009 1.023 1.036 1.049 1.061 1.074 1.085 1.097 1.108 1.119 1.130 1.140 1.150 1.160 1.170 1.179 1.188 1.197 1.205 1.213 1.222 1.229 1.237 1.245
0.014 0.016 0.019 0.023 0.027 0.032 0.038 0.044 0.051 0.059 0.067 0.077 0.087 0.098 0.109 0.122 0.135 0.149 0.163 0.179 0.195 0.211 0.228 0.246 0.264 0.283 0.302 0.321 0.341 0.361 0.381 0.401 0.422 0.442 0.463 0.483 0.504 0.524 0.545 0.565 0.586 0.606 0.626 0.646 0.666 0.685 0.705 0.724 0.742 0.761 0.779 0.797 0.815 0.832 0.849 0.865 0.882 0.897 0.913 0.928 0.943 0.957 0.972 0.985 0.999 1.012 1.025 1.037 1.049 1.061 1.073 1.084 1.095 1.106 1.116 1.126 1.136
0.004 0.004 0.005 0.006 0.007 0.008 0.009 0.011 0.013 0.015 0.018 0.021 0.025 0.029 0.034 0.039 0.045 0.052 0.059 0.067 0.076 0.085 0.095 0.106 0.117 0.129 0.142 0.156 0.170 0.184 0.200 0.216 0.232 0.249 0.266 0.284 0.303 0.321 0.340 0.359 0.379 0.398 0.418 0.438 0.458 0.478 0.498 0.518 0.539 0.559 0.579 0.599 0.618 0.638 0.657 0.676 0.695 0.714 0.733 0.751 0.768 0.786 0.803 0.820 0.837 0.853 0.869 0.884 0.899 0.914 0.929 0.943 0.957 0.971 0.984 0.997 1.009
0.001 0.001 0.002 0.002 0.002 0.002 0.003 0.003 0.004 0.004 0.005 0.006 0.007 0.008 0.009 0.010 0.012 0.014 0.017 0.020 0.023 0.027 0.031 0.036 0.041 0.047 0.053 0.060 0.068 0.076 0.085 0.095 0.105 0.116 0.127 0.139 0.152 0.165 0.179 0.194 0.209 0.224 0.240 0.257 0.274 0.292 0.310 0.328 0.346 0.365 0.384 0.404 0.423 0.443 0.462 0.482 0.502 0.522 0.542 0.561 0.581 0.600 0.620 0.639 0.658 0.676 0.695 0.713 0.731 0.749 0.766 0.783 0.800 0.816 0.833 0.848 0.864
0.000 0.000 0.000 0.000 0.001 0.001 0.001 0.001 0.001 0.001 0.002 0.002 0.002 0.003 0.003 0.003 0.004 0.004 0.005 0.006 0.007 0.008 0.009 0.010 0.012 0.014 0.016 0.019 0.022 0.026 0.029 0.034 0.039 0.044 0.050 0.056 0.063 0.070 0.078 0.087 0.096 0.106 0.116 0.127 0.139 0.151 0.164 0.178 0.192 0.207 0.222 0.237 0.254 0.270 0.287 0.305 0.323 0.341 0.359 0.378 0.397 0.416 0.436 0.455 0.474 0.494 0.513 0.533 0.552 0.572 0.591 0.610 0.628 0.647 0.666 0.684 0.702
0.000 0.000 0.000 0.000 0.000 0.000 0.000 0.000 0.000 0.000 0.000 0.001 0.001 0.001 0.001 0.001 0.001 0.002 0.002 0.002 0.003 0.003 0.003 0.004 0.004 0.005 0.005 0.006 0.007 0.008 0.009 0.010 0.012 0.014 0.016 0.019 0.022 0.025 0.028 0.032 0.037 0.042 0.047 0.053 0.059 0.066 0.074 0.082 0.090 0.099 0.109 0.120 0.131 0.142 0.154 0.167 0.181 0.195 0.209 0.224 0.240 0.256 0.272 0.289 0.306 0.324 0.342 0.360 0.379 0.397 0.416 0.435 0.455 0.474 0.493 0.512 0.531
