data/CoulombOnly/Outputs_CoulombOnly_V1/1HS_03_curv76s_MoT-Voellmy_s_max.asc
ncols        1001
nrows        301
xllcorner    997.5
yllcorner    -5002.5
cellsize     5.00
NODATA_value -9999
[rows 128 to 159 of 301, columns 146 to 218 of 1001]
0.000 0.000 0.000 0.000 0.000 0.000 0.000 0.000 0.000 0.000 0.000 0.000 0.000 0.000 0.000 0.000 0.000 0.000 0.000 0.000 0.000 0.000 0.000 0.000 0.000 0.000 0.000 0.000 0.000 0.000 0.000 0.000 0.000 0.000 0.000 0.000 0.000 0.000 0.000 0.000 0.000 0.000 0.000 0.000 0.000 0.000 0.000 0.000 0.000 0.000 0.000 0.000 0.000 0.000 0.000 0.000 0.000 0.000 0.000 0.000 0.000 0.000 0.000 0.000 0.000 0.000 0.000 0.000 0.000 0.000 0.000 0.000 0.000
0.000 0.000 0.000 0.000 0.000 0.000 0.000 0.000 0.000 0.000 0.000 0.000 0.000 0.000 0.000 0.000 0.000 0.000 0.000 0.000 0.000 0.000 0.000 0.000 0.000 0.000 0.000 0.000 0.000 0.000 0.000 0.000 0.000 0.000 0.000 0.000 0.000 0.000 0.000 0.000 0.000 0.000 0.000 0.000 0.000 0.000 0.000 0.000 0.000 0.000 0.000 0.000 0.000 0.000 0.000 0.000 0.000 0.000 0.000 0.000 0.000 0.000 0.000 0.000 0.000 0.000 0.000 0.000 0.000 0.000 0.000 0.000 0.000
0.000 0.000 0.000 0.000 0.000 0.000 0.000 0.000 0.000 0.000 0.000 0.000 0.000 0.000 0.000 0.000 0.000 0.000 0.000 0.000 0.000 0.000 0.000 0.000 0.000 0.000 0.000 0.000 0.000 0.000 0.000 0.000 0.000 0.000 0.000 0.000 0.000 0.000 0.000 0.000 0.000 0.000 0.000 0.000 0.000 0.000 0.000 0.000 0.000 0.000 0.000 0.000 0.000 0.000 0.000 0.000 0.000 0.000 0.000 0.000 0.000 0.000 0.000 0.000 0.000 0.000 0.000 0.000 0.000 0.000 0.000 0.000 0.000
0.000 0.000 0.000 0.000 0.000 0.000 0.000 0.000 0.000 0.000 0.000 0.000 0.000 0.000 0.000 0.000 0.000 0.000 0.000 0.000 0.000 0.000 0.000 0.000 0.000 0.000 0.000 0.000 0.000 0.000 0.000 0.000 0.000 0.000 0.000 0.000 0.000 0.000 0.000 0.000 0.000 0.000 0.000 0.000 0.000 0.000 0.000 0.000 0.000 0.000 0.000 0.000 0.000 0.000 0.000 0.000 0.000 0.000 0.000 0.000 0.000 0.000 0.000 0.000 0.000 0.000 0.000 0.000 0.000 0.000 0.000 0.000 0.000
0.000 0.000 0.000 0.000 0.000 0.000 0.000 0.000 0.000 0.000 0.000 0.000 0.000 0.000 0.000 0.000 0.000 0.000 0.000 0.000 0.000 0.000 0.000 0.000 0.000 0.000 0.000 0.000 0.000 0.000 0.000 0.000 0.000 0.000 0.000 0.000 0.000 0.000 0.000 0.000 0.000 0.000 0.000 0.000 0.000 0.000 0.000 0.000 0.000 0.000 0.000 0.000 0.000 0.000 0.000 0.000 0.000 0.000 0.000 0.000 0.000 0.000 0.000 0.000 0.000 0.000 0.000 0.000 0.000 0.000 0.000 0.000 0.000
0.000 0.000 0.000 0.000 0.000 0.000 0.000 0.000 0.000 0.000 0.000 0.000 0.000 0.000 0.000 0.000 0.000 0.000 0.000 0.000 0.000 0.000 0.000 0.000 0.000 0.000 0.000 0.000 0.000 0.000 0.000 0.000 0.000 0.000 0.000 0.000 0.000 0.000 0.000 0.000 0.000 0.000 0.000 0.000 0.000 0.000 0.000 0.000 0.000 0.000 0.000 0.000 0.000 0.000 0.000 0.000 0.000 0.000 0.000 0.000 0.000 0.000 0.000 0.000 0.000 0.000 0.000 0.000 0.000 0.000 0.000 0.000 0.000
0.000 0.000 0.000 0.000 0.000 0.000 0.000 0.000 0.000 0.000 0.000 0.000 0.000 0.000 0.000 0.000 0.000 0.000 0.000 0.000 0.000 0.000 0.000 0.000 0.000 0.000 0.000 0.000 0.000 0.000 0.000 0.000 0.000 0.000 0.000 0.000 0.000 0.000 0.000 0.000 0.000 0.000 0.000 0.000 0.000 0.000 0.000 0.000 0.000 0.000 0.000 0.000 0.000 0.000 0.000 0.000 0.000 0.000 0.000 0.000 0.000 0.000 0.000 0.000 0.000 0.000 0.000 0.000 0.000 0.000 0.000 0.000 0.000
0.000 0.000 0.000 0.000 0.000 0.000 0.000 0.000 0.000 0.000 0.000 0.000 0.000 0.000 0.000 0.000 0.000 0.000 0.000 0.000 0.000 0.000 0.000 0.000 0.000 0.000 0.000 0.000 0.000 0.000 0.000 0.000 0.000 0.000 0.000 0.000 0.000 0.000 0.000 0.000 0.000 0.000 0.000 0.000 0.000 0.000 0.000 0.000 0.000 0.000 0.000 0.000 0.000 0.000 0.000 0.000 0.000 0.000 0.000 0.000 0.000 0.000 0.000 0.000 0.000 0.000 0.000 0.000 0.000 0.000 0.000 0.000 0.000
0.000 0.000 0.000 0.000 0.000 0.000 0.000 0.000 0.000 0.000 0.000 0.000 0.000 0.000 0.000 0.000 0.000 0.000 0.000 0.000 0.000 0.000 0.000 0.000 0.000 0.000 0.000 0.000 0.000 0.000 0.000 0.000 0.000 0.000 0.000 0.000 0.000 0.000 0.000 0.000 0.000 0.000 0.000 0.000 0.000 0.000 0.000 0.000 0.000 0.000 0.000 0.000 0.000 0.000 0.000 0.000 0.000 0.000 0.000 0.000 0.000 0.000 0.000 0.000 0.000 0.000 0.000 0.000 0.000 0.000 0.000 0.000 0.000
0.000 0.000 0.000 0.000 0.000 0.000 0.000 0.000 0.000 0.000 0.000 0.000 0.000 0.000 0.000 0.000 0.000 0.000 0.000 0.000 0.000 0.000 0.000 0.000 0.000 0.000 0.000 0.000 0.000 0.000 0.000 0.000 0.000 0.000 0.000 0.000 0.000 0.000 0.000 0.000 0.000 0.000 0.000 0.000 0.000 0.000 0.000 0.000 0.000 0.000 0.000 0.000 0.000 0.000 0.000 0.000 0.000 0.000 0.000 0.000 0.000 0.000 0.000 0.000 0.000 0.000 0.000 0.000 0.000 0.000 0.000 0.000 0.000
0.000 0.000 0.000 0.000 0.000 0.000 0.000 0.000 0.000 0.000 0.000 0.000 0.000 0.000 0.000 0.000 0.000 0.000 0.000 0.000 0.000 0.000 0.000 0.000 0.000 0.000 0.000 0.000 0.000 0.000 0.000 0.000 0.000 0.000 0.000 0.000 0.000 0.000 0.000 0.000 0.000 0.000 0.000 0.000 0.000 0.000 0.000 0.000 0.000 0.000 0.000 0.000 0.000 0.000 0.000 0.000 0.000 0.000 0.000 0.000 0.000 0.000 0.000 0.000 0.000 0.000 0.000 0.000 0.000 0.000 0.000 0.000 0.000
33.596 22.828 15.420 8.035 0.645 0.000 0.000 0.000 0.000 0.000 0.000 0.000 0.000 0.000 0.000 0.000 0.000 0.000 0.000 0.000 0.000 0.000 0.000 0.000 0.000 0.000 0.000 0.000 0.000 0.000 0.000 0.000 0.000 0.000 0.000 0.000 0.000 0.000 0.000 0.000 0.000 0.000 0.000 0.000 0.000 0.000 0.000 0.000 0.000 0.000 0.000 0.000 0.000 0.000 0.000 0.000 0.000 0.000 0.000 0.000 0.000 0.000 0.000 0.000 0.000 0.000 0.000 0.000 0.000 0.000 0.000 0.000 0.000
62.646 62.776 61.960 60.440 55.630 47.375 35.439 24.086 16.140 9.271 1.161 0.001 0.000 0.000 0.000 0.000 0.000 0.000 0.000 0.000 0.000 0.000 0.000 0.000 0.000 0.000 0.000 0.000 0.000 0.000 0.000 0.000 0.000 0.000 0.000 0.000 0.000 0.000 0.000 0.000 0.000 0.000 0.000 0.000 0.000 0.000 0.000 0.000 0.000 0.000 0.000 0.000 0.000 0.000 0.000 0.000 0.000 0.000 0.000 0.000 0.000 0.000 0.000 0.000 0.000 0.000 0.000 0.000 0.000 0.000 0.000 0.000 0.000
57.947 58.400 59.701 60.943 62.138 63.170 63.864 64.058 63.564 62.401 58.150 50.790 39.404 27.249 18.061 11.677 3.040 0.026 0.000 0.000 0.000 0.000 0.000 0.000 0.000 0.000 0.000 0.000 0.000 0.000 0.000 0.000 0.000 0.000 0.000 0.000 0.000 0.000 0.000 0.000 0.000 0.000 0.000 0.000 0.000 0.000 0.000 0.000 0.000 0.000 0.000 0.000 0.000 0.000 0.000 0.000 0.000 0.000 0.000 0.000 0.000 0.000 0.000 0.000 0.000 0.000 0.000 0.000 0.000 0.000 0.000 0.000 0.000
60.041 59.939 59.820 59.699 59.548 59.385 59.178 59.096 60.201 61.371 62.649 63.781 64.692 65.105 65.618 65.147 62.309 57.021 47.932 35.426 24.070 15.950 10.863 7.052 4.636 2.322 0.260 0.001 0.000 0.000 0.000 0.000 0.000 0.001 0.002 0.004 0.006 0.007 0.006 0.004 0.002 0.001 0.000 0.000 0.035 0.420 1.398 2.921 5.073 8.018 11.697 15.925 20.387 24.833 29.086 33.039 36.667 39.982 43.033 45.896 48.646 51.401 54.477 56.922 58.860 60.462 61.818 62.974 63.955 64.800 65.527 66.161 66.718
61.567 61.556 61.531 61.492 61.437 61.366 61.280 61.181 61.068 60.934 60.792 60.629 60.432 60.223 60.464 61.468 62.508 63.511 64.577 65.535 66.810 67.419 67.050 64.825 60.746 53.064 42.506 33.192 23.075 14.526 10.423 9.431 12.465 20.804 28.868 35.483 40.673 45.923 50.760 52.287 53.408 54.853 56.099 57.047 57.821 58.554 59.220 59.860 60.487 61.101 61.698 62.282 62.850 63.405 63.950 64.505 65.187 65.912 66.540 67.084 67.568 68.000 68.392 68.751 69.087 69.400 69.695 69.978 70.252 70.515 70.770 71.016 71.255
62.693 62.737 62.771 62.798 62.818 62.829 62.828 62.815 62.789 62.752 62.702 62.637 62.561 62.477 62.384 62.263 62.155 61.999 61.854 61.679 61.463 61.185 62.098 63.433 64.064 64.274 64.539 65.480 66.726 67.226 67.439 67.009 65.776 62.530 56.931 57.551 58.148 58.714 59.265 59.819 60.372 60.923 61.473 62.023 62.580 63.131 63.707 64.733 65.536 66.151 66.673 67.142 67.562 67.948 68.307 68.649 68.971 69.281 69.575 69.861 70.138 70.406 70.664 70.916 71.161 71.401 71.635 71.866 72.094 72.318 72.538 72.752 72.962
63.519 63.617 63.697 63.763 63.822 63.888 63.941 63.984 64.019 64.047 64.076 64.099 64.110 64.107 64.091 64.064 64.026 63.980 63.927 63.869 63.805 63.733 63.649 63.566 63.477 63.366 63.264 63.157 63.009 62.829 62.666 62.580 62.600 62.690 62.790 62.810 62.827 63.048 63.431 64.021 64.487 64.840 65.529 66.175 66.668 67.103 67.497 67.865 68.207 68.541 68.856 69.167 69.461 69.753 70.036 70.309 70.573 70.831 71.082 71.328 71.568 71.804 72.035 72.263 72.488 72.710 72.928 73.143 73.354 73.562 73.764 73.961 74.165
64.169 64.284 64.382 64.498 64.589 64.679 64.774 64.851 64.927 65.006 65.069 65.119 65.183 65.234 65.274 65.305 65.346 65.377 65.402 65.421 65.435 65.452 65.466 65.473 65.472 65.466 65.456 65.443 65.428 65.411 65.382 65.298 65.166 65.101 65.184 65.424 65.775 66.135 66.503 66.868 67.227 67.581 67.923 68.248 68.576 68.880 69.186 69.479 69.762 70.035 70.310 70.579 70.843 71.099 71.350 71.594 71.832 72.066 72.295 72.519 72.740 72.958 73.171 73.383 73.599 73.811 74.021 74.227 74.430 74.629 74.825 75.025 75.226
64.637 64.789 64.911 65.052 65.166 65.298 65.399 65.527 65.619 65.736 65.827 65.926 66.016 66.097 66.188 66.254 66.342 66.408 66.476 66.542 66.589 66.657 66.703 66.754 66.799 66.816 66.798 66.778 66.716 66.722 66.759 66.844 66.976 67.163 67.381 67.632 67.894 68.156 68.440 68.714 68.995 69.279 69.553 69.822 70.092 70.361 70.622 70.876 71.127 71.375 71.621 71.863 72.101 72.335 72.563 72.787 73.006 73.221 73.438 73.654 73.864 74.068 74.265 74.455 74.654 74.851 75.043 75.230 75.413 75.600 75.791 75.978 76.159
65.008 65.162 65.314 65.473 65.604 65.762 65.898 66.029 66.168 66.277 66.418 66.531 66.650 66.767 66.863 66.982 67.073 67.167 67.256 67.317 67.378 67.447 67.509 67.572 67.642 67.745 67.851 67.965 68.097 68.249 68.420 68.609 68.812 69.023 69.241 69.466 69.694 69.926 70.167 70.411 70.653 70.894 71.134 71.371 71.607 71.840 72.070 72.298 72.522 72.743 72.968 73.192 73.413 73.631 73.846 74.059 74.269 74.476 74.677 74.888 75.095 75.298 75.495 75.687 75.880 76.080 76.277 76.468 76.653 76.836 77.029 77.216 77.399
65.269 65.457 65.636 65.800 65.953 66.129 66.291 66.439 66.587 66.748 66.895 67.028 67.170 67.319 67.456 67.581 67.712 67.854 67.988 68.115 68.235 68.383 68.528 68.672 68.815 68.959 69.127 69.297 69.467 69.639 69.814 69.991 70.185 70.381 70.576 70.772 70.967 71.162 71.362 71.567 71.772 71.974 72.174 72.372 72.571 72.776 72.978 73.177 73.372 73.565 73.767 73.964 74.155 74.340 74.539 74.731 74.915 75.098 75.290 75.472 75.644 75.832 76.010 76.176 76.358 76.528 76.690 76.863 77.023 77.180 77.342 77.491 77.640
65.547 65.739 65.924 66.105 66.281 66.470 66.655 66.835 67.011 67.183 67.352 67.534 67.712 67.886 68.057 68.224 68.394 68.573 68.751 68.926 69.100 69.271 69.447 69.632 69.816 70.000 70.183 70.366 70.549 70.742 70.938 71.134 71.330 71.526 71.723 71.921 72.120 72.320 72.526 72.734 72.942 73.150 73.359 73.568 73.776 73.985 74.192 74.396 74.599 74.804 75.012 75.216 75.417 75.614 75.802 75.998 76.197 76.392 76.578 76.756 76.946 77.139 77.322 77.496 77.670 77.859 78.041 78.213 78.378 78.561 78.742 78.914 79.077
65.269 65.457 65.636 65.800 65.953 66.129 66.291 66.439 66.587 66.748 66.895 67.028 67.170 67.319 67.456 67.581 67.712 67.854 67.988 68.115 68.236 68.383 68.528 68.672 68.816 68.959 69.128 69.297 69.468 69.640 69.814 69.992 70.186 70.381 70.577 70.773 70.968 71.162 71.362 71.568 71.772 71.975 72.175 72.372 72.571 72.777 72.979 73.178 73.372 73.566 73.768 73.965 74.156 74.341 74.539 74.732 74.916 75.099 75.290 75.472 75.645 75.833 76.011 76.177 76.359 76.529 76.690 76.864 77.024 77.181 77.343 77.493 77.641
65.008 65.162 65.314 65.474 65.604 65.762 65.898 66.029 66.168 66.277 66.418 66.531 66.650 66.766 66.863 66.982 67.072 67.167 67.256 67.317 67.377 67.447 67.509 67.572 67.642 67.745 67.850 67.965 68.097 68.249 68.420 68.609 68.812 69.023 69.241 69.466 69.694 69.927 70.167 70.411 70.654 70.895 71.134 71.372 71.607 71.840 72.071 72.298 72.522 72.743 72.969 73.192 73.413 73.631 73.847 74.060 74.269 74.476 74.678 74.889 75.096 75.298 75.495 75.688 75.880 76.081 76.277 76.469 76.654 76.837 77.030 77.217 77.400
64.637 64.789 64.911 65.052 65.166 65.298 65.399 65.527 65.619 65.736 65.827 65.926 66.016 66.097 66.188 66.254 66.342 66.408 66.475 66.541 66.588 66.657 66.702 66.753 66.798 66.816 66.797 66.777 66.715 66.721 66.758 66.844 66.975 67.162 67.381 67.632 67.894 68.156 68.440 68.714 68.995 69.279 69.553 69.822 70.093 70.361 70.622 70.876 71.127 71.376 71.622 71.864 72.102 72.335 72.564 72.787 73.007 73.221 73.439 73.655 73.865 74.068 74.265 74.456 74.654 74.852 75.044 75.231 75.413 75.600 75.792 75.978 76.159
64.169 64.284 64.382 64.498 64.589 64.679 64.775 64.851 64.927 65.006 65.069 65.119 65.183 65.234 65.274 65.305 65.345 65.377 65.401 65.420 65.435 65.452 65.466 65.472 65.472 65.465 65.455 65.443 65.428 65.410 65.381 65.298 65.166 65.101 65.183 65.423 65.774 66.134 66.502 66.867 67.226 67.580 67.923 68.248 68.576 68.880 69.186 69.479 69.762 70.035 70.310 70.579 70.843 71.099 71.350 71.594 71.832 72.066 72.295 72.519 72.740 72.958 73.172 73.383 73.599 73.811 74.021 74.227 74.430 74.630 74.825 75.025 75.226
63.519 63.617 63.697 63.763 63.823 63.888 63.941 63.984 64.018 64.047 64.076 64.099 64.110 64.107 64.091 64.064 64.027 63.981 63.928 63.870 63.806 63.734 63.649 63.567 63.479 63.369 63.265 63.158 63.010 62.832 62.667 62.579 62.598 62.688 62.787 62.809 62.825 63.046 63.428 64.018 64.486 64.839 65.528 66.174 66.667 67.102 67.497 67.865 68.207 68.540 68.856 69.167 69.460 69.753 70.036 70.309 70.573 70.831 71.082 71.328 71.568 71.804 72.035 72.263 72.488 72.710 72.928 73.143 73.354 73.562 73.765 73.961 74.165
62.694 62.738 62.772 62.799 62.818 62.829 62.829 62.815 62.790 62.754 62.703 62.639 62.563 62.479 62.385 62.264 62.160 62.000 61.856 61.682 61.467 61.190 62.145 63.235 64.067 64.263 64.523 65.519 66.550 67.214 67.427 67.002 65.783 62.553 56.971 57.552 58.149 58.714 59.265 59.819 60.371 60.922 61.472 62.022 62.579 63.129 63.705 64.733 65.535 66.150 66.673 67.142 67.561 67.948 68.307 68.648 68.971 69.281 69.575 69.861 70.138 70.405 70.664 70.916 71.161 71.400 71.635 71.866 72.094 72.318 72.538 72.752 72.962
61.568 61.556 61.531 61.492 61.437 61.366 61.281 61.182 61.069 60.935 60.793 60.633 60.436 60.225 60.477 61.449 62.482 63.504 64.539 65.565 66.847 67.446 67.056 64.876 60.818 53.169 42.643 33.296 23.197 14.606 10.460 9.453 12.464 20.812 28.877 35.491 40.694 45.948 50.792 52.283 53.414 54.855 56.100 57.048 57.821 58.555 59.221 59.861 60.488 61.102 61.698 62.282 62.850 63.404 63.950 64.504 65.187 65.911 66.540 67.084 67.568 67.999 68.392 68.751 69.087 69.400 69.695 69.978 70.252 70.515 70.770 71.016 71.255
60.041 59.939 59.820 59.700 59.552 59.390 59.183 59.097 60.202 61.364 62.632 63.766 64.679 65.108 65.685 65.182 62.366 57.102 48.064 35.577 24.195 16.024 10.917 7.090 4.659 2.355 0.271 0.001 0.000 0.000 0.000 0.000 0.000 0.001 0.002 0.004 0.006 0.007 0.006 0.004 0.002 0.001 0.000 0.000 0.039 0.433 1.422 2.954 5.118 8.069 11.750 15.978 20.438 24.881 29.128 33.076 36.698 40.008 43.054 45.914 48.663 51.421 54.487 56.933 58.878 60.476 61.829 62.982 63.962 64.806 65.532 66.165 66.722
57.953 58.376 59.704 60.961 62.159 63.191 63.855 64.063 63.630 62.438 58.214 50.900 39.569 27.391 18.152 11.761 3.126 0.028 0.000 0.000 0.000 0.000 0.000 0.000 0.000 0.000 0.000 0.000 0.000 0.000 0.000 0.000 0.000 0.000 0.000 0.000 0.000 0.000 0.000 0.000 0.000 0.000 0.000 0.000 0.000 0.000 0.000 0.000 0.000 0.000 0.000 0.000 0.000 0.000 0.000 0.000 0.000 0.000 0.000 0.000 0.000 0.000 0.000 0.000 0.000 0.000 0.000 0.000 0.000 0.000 0.000 0.000 0.000
