data/CoulombOnly/Outputs_CoulombOnly_V1/EllipticCylinder_03CoulombOnlyInternalFrict30_null_TITAN2Dv420_pft.asc
ncols 1001
nrows 301
xllcorner 997.50
yllcorner -5002.50
cellsize 5.00
nodata_value -9999
[rows 154 to 175 of 301, columns 100 to 149 of 1001]
2.07094384606580828 2.07556963108753978 2.08707657917678802 2.10051356057303984 2.11215670802064803 2.12203611214523846 2.12967310115517794 2.13574864882473703 2.14437565419411769 2.15975975901346873 2.17625012578292321 2.19049002514749169 2.20261447151136425 2.21249506133888429 2.22060526229011668 2.23149638235277958 2.25140297432051106 2.27192715591311689 2.28903849050245034 2.30374019866589075 2.31567696117500432 2.32560568519182409 2.33794573381313553 2.35935998115414458 2.38241747191605402 2.4025967867024467 2.41946796924193031 2.43284069974086004 2.44373462274275033 2.4555402623335767 2.47791165569569216 2.50367181776753389 2.52496288203734309 2.54322289747603447 2.55614505345690279 2.56525780631635181 2.57466763535264498 2.59562365830317754 2.61941090202163984 2.63701214322009125 2.65008352003023795 2.65973784586130124 2.66581192738353989 2.6674626685006948 2.67799473649044595 2.69837338198189736 2.71399138758789515 2.72499022335284646 2.73288554149588636 2.73616250825046015
1.99502162959212059 2.00161071563197623 2.01332169208493239 2.02358673799968702 2.03179163321216727 2.03803729422223601 2.04214736319765144 2.04693726762718908 2.05848027926705113 2.07287324620492708 2.08481474581199455 2.09439282440523344 2.10150365499212377 2.10697464000854717 2.11593691544398022 2.1330737898310046 2.1497805173441864 2.16346276000410986 2.17402174304877027 2.18185921778944536 2.18824119769308378 2.1984392254236278 2.21828391101539113 2.23592824960610281 2.25055262178045323 2.26093771865200388 2.26830900518660883 2.274400001006053 2.28411358795948471 2.3010209914395956 2.31887251148657958 2.33275578467614153 2.34343609298511346 2.34968448344838254 2.3515113407790964 2.35215902985039005 2.36350912535326252 2.37756939312411664 2.38746953088802671 2.39335146471900195 2.39374588540490318 2.39069578163021079 2.38615577071658302 2.3781904978670636 2.37821042510391534 2.38548681858362821 2.38763435598756502 2.38661236519432274 2.3847230895708269 2.37747631767439405
1.90265613368011399 1.91107815254404256 1.91981878280533858 1.92620803705666388 1.93053137580233058 1.93257089740254373 1.93440959894641273 1.94190437834764174 1.95335497490344934 1.96219106747332894 1.96879964638553528 1.9729510841403588 1.97542786055748687 1.98177521083322539 1.99534734973073236 2.00804230864182864 2.01736663661956728 2.02363887023728228 2.02713921691112864 2.0299247752053029 2.03732882516812763 2.05290606023114641 2.06480612126192042 2.07282455940572863 2.07784840276628779 2.07771874209976026 2.07735411905859024 2.08246243271603948 2.09306267353829911 2.10229576534653306 2.10827737725216213 2.11117585348324699 2.10841948697337944 2.10308505614811647 2.09527886590726009 2.09447772377107944 2.09901617882730207 2.09960998929525333 2.09562641545498041 2.08923916119081055 2.07847712107160421 2.06179863703288602 2.04087458282441458 2.02084921887996849 2.0100043056166057 2.0029421157073708 1.9923607659713789 1.97941886087469743 1.95870376996634854 1.93421143095829207
1.79622955976467114 1.80216129106680234 1.8065411389994368 1.8087616976989016 1.80949831942497186 1.80853372729279016 1.81098343104099468 1.81924965579052 1.82558039533529892 1.82861693671872882 1.82963027063924644 1.82866555604352499 1.8306504067698155 1.8405323642522553 1.84869268502522788 1.85355189685908539 1.85593078403361966 1.85502919697673296 1.85284662451607685 1.85653978523162522 1.86489604185619795 1.87072325651719451 1.87274558099916089 1.87098790321095443 1.86598716800896924 1.85883512781042337 1.85405883705751973 1.85705395603105261 1.85763631861230971 1.85645812820995393 1.84957137524534954 1.83824357830054064 1.82179464966684468 1.80393270540610806 1.79028625135416863 1.78268152916979483 1.77233209579776152 1.75693940090204626 1.73547013296694841 1.70867791591425444 1.67645565072740488 1.63828496571440052 1.59311410502473061 1.55495999504471749 1.52466283163472749 1.48975011744947783 1.45431684683962259 1.40754755396487785 1.35729962711602292 1.30549118203712378
1.67126973148075497 1.67374072641574489 1.67458132957392514 1.67344281233847592 1.67067689645836093 1.66827211736780212 1.67125860569998563 1.67465716984808011 1.67586652356407795 1.67458467175999681 1.6699624052974007 1.66604312041838365 1.67021375646195236 1.67443075323247381 1.67538649293647213 1.67318093086555808 1.66802324229744214 1.65951143194305106 1.65577067214226625 1.65859549192586608 1.65764278779971108 1.65333904441446156 1.64527694671097091 1.63217335450205026 1.61611547608025252 1.60408603852313503 1.59692566165468275 1.58627996339464006 1.57597348635715795 1.55658080508236241 1.53055114708775819 1.49755590681819339 1.46056918260988899 1.42970341030759007 1.40233297647184152 1.36866250389683919 1.32751087598999362 1.27943752543539335 1.22484036376229866 1.16440792911734281 1.09955026859323168 1.0356523901026875 0.975832286632544399 0.917204837173877574 0.858159993709676439 0.801716535196951297 0.740359227875240999 0.676033192499072899 0.612784205706079277 0.553751038206462987
1.52890274588821029 1.52826682868702757 1.52562607562881292 1.52004205294049322 1.51277629231869493 1.51122687105700959 1.51235032170915473 1.51070826784095424 1.50661757331030932 1.49887109323266166 1.49008468573043529 1.48829010991158905 1.48721138647163098 1.48377974911495403 1.47705577247082953 1.46580661382892319 1.45017733085609768 1.43973488719232057 1.43483892639475252 1.42785098067225547 1.41596225503536144 1.39826140676776856 1.37400438503858657 1.34475620574490673 1.31874012975338051 1.2969804823770561 1.27122304684879928 1.24133587870368811 1.19752807695188124 1.14911690190393778 1.09327782044170485 1.03900815291664395 0.987147594194309752 0.937436283106010793 0.883688119065962452 0.825830076363255672 0.762648915155425433 0.695531625316978763 0.629081906025348636 0.567904660773019598 0.507480074973824413 0.452731993261420051 0.404569710405936145 0.356892595515356681 0.313518684196354702 0.266062278919410478 0.224677122587096822 0.186730881891664757 0.153856848368125743 0.126631331245740997
1.37150543687551574 1.3666877200413583 1.35840848050643537 1.34738611962271415 1.34156438971144687 1.33948153869150999 1.33511822484491449 1.32699951557304585 1.31458825443985838 1.30105263283062578 1.29478988548575868 1.28934762605646314 1.28007234575905815 1.2658611224592573 1.247381532846908 1.22379804223103394 1.20466839114461854 1.18978344124735957 1.17065077854023669 1.14362546776351959 1.11012984237682066 1.06868801596719609 1.0224049245282425 0.981909861525037342 0.942296096684709372 0.8995119247209864 0.85303301738322912 0.798061112157229968 0.737805899546076227 0.675817979198013008 0.619173362084973089 0.566960389798814468 0.517241055993369114 0.466263762260768155 0.414725883025466924 0.365948105820233793 0.317442541094063668 0.271169324880194573 0.232835174555751034 0.204300184932418694 0.177846884488247869 0.152520051308420723 0.128787087606276496 0.10931694655833997 0.0897986996944357269 0.0725928813698173553 0.057056322022031522 0.0447686218981550449 0.0356111390590535815 0.0288822416860762543
1.19814105921930492 1.18698588107887959 1.17219149050900562 1.16365613817501146 1.15773474654810493 1.14917507706525801 1.13630241183059733 1.11862689390385461 1.09946061714891385 1.08811192850234906 1.07575588509445685 1.05841607759133249 1.03455375523069071 1.00316963672418025 0.966697351934772131 0.935199185943363265 0.906563850429210172 0.871289729521247169 0.831114821769641243 0.784251853332888382 0.733552876053902625 0.685138996851685 0.638595138997890999 0.594473912040304198 0.547901403339644544 0.500761570476577322 0.451184213081729957 0.400583930973914537 0.350916410760426734 0.311057249536090485 0.276519266090249904 0.243755274790849574 0.211449798374002518 0.18076073961806649 0.153052382563958478 0.127329958120486086 0.104839757075865639 0.0845816454407479906 0.0693690137606316481 0.0582804934792592808 0.0486322342123510984 0.0399261794364365388 0.0332774708732873764 0.0264255098930588003 0.0207527717097479789 0.0161110956631494405 0.0122167428044254248 0.00908722729945985602 0.0073124016385028405 0.00614425948819768628
1.00536659204584899 0.986875586238375013 0.975957860333741656 0.966146145823743918 0.952416525597125863 0.933177846771231057 0.907326223549464128 0.879616741644211886 0.858913718330422737 0.835677995947327612 0.806557286698554088 0.770300314502612604 0.727989566447410752 0.687180743486993983 0.649490479134157916 0.612284035239714086 0.572147865320247639 0.526886276816725285 0.480333666403951254 0.431889061778734873 0.384446248665665846 0.349388705078559181 0.317026772734376627 0.28327516496025007 0.250861459207239956 0.217841213315242366 0.186250744272066532 0.156878992886147067 0.130267500562143645 0.109107012461316072 0.0929813721860135861 0.0779814449415673072 0.0648355231639188567 0.0530667014254453118 0.0430456312053267218 0.0341471658155337587 0.0270123110570317619 0.0208361836488779803 0.0155908021058847324 0.0121368242080602054 0.00997750759025575577 0.00807400890553350119 0.00706283189570796124 0.00603141750628414901 0.00521338989982507352 0.0045220878374592488 0.00394850236435673099 0.00356649707008317024 0.00321051917437887614 0.0026656293665823956
0.78995372607772818 0.774358138520041983 0.7581164323340841 0.735330751277840533 0.705531768331278841 0.66911381396270464 0.631389557081661335 0.605366318913485135 0.578144938008450127 0.543250288256364344 0.50329961750839125 0.459724416033730154 0.413748925577171744 0.37665083844264452 0.347294552719338734 0.315535310772517008 0.280983083392701505 0.246940411411217059 0.2141925077283231 0.18267419257241635 0.153740577288574931 0.130383117993519954 0.113795984903322184 0.0990381819205079228 0.083869837445775558 0.069835613804751992 0.0572051988243454657 0.0460895943531460586 0.0364941884224872642 0.0283575408145415458 0.0223007411509875235 0.0177107443108069085 0.0140934666911386175 0.0108597688399156532 0.00847741817114193094 0.00687300884765432857 0.00619577358668437633 0.00557570080251840357 0.00461952830961514377 0.0041864949425695951 0.00371187910615628815 0.00340953976021512832 0.00317677795700942829 -9999 -9999 -9999 -9999 -9999 -9999 -9999
0.545221139909462638 0.523518049481461967 0.49721836010677023 0.463520585016956921 0.425190116400889884 0.384062325012060612 0.348986491251926823 0.326080181918903589 0.299286595151359192 0.269763152369852321 0.238824911865576112 0.207739390723516104 0.177324670326158756 0.150484702798537956 0.131129089613574501 0.114079429671257032 0.0976376788315424238 0.0821326723322370889 0.0677256570437989869 0.0551895365188863965 0.0442236689299018715 0.0354054353236432223 0.0285018831332890729 0.0231069618011570596 0.0188588716047342272 0.0151854698453646048 0.012167730766334121 0.00950218022996012109 0.00732417676094048939 0.00606339392956609102 0.00511291896046346846 0.00481091359333502694 0.00463639524227963708 0.00391527076830505347 0.00353610760399768187 0.00307378701656698793 0.00205116415713984222 0.00196632770026744681 -9999 -9999 -9999 -9999 -9999 -9999 -9999 -9999 -9999 -9999 -9999 -9999
0.281679769238268651 0.260579503972788451 0.236701749149642593 0.210903974842185288 0.184434740190856206 0.15829078838129676 0.135203614620435647 0.11790025212972495 0.10397494056365103 0.0900469857548186342 0.0765038352245018538 0.0637313640729112035 0.0520067885800822166 0.0412844262636272857 0.0327680365186504285 0.0265239993631125777 0.021571255005307037 0.017371211246499655 0.0137243722272200712 0.0110890867801412621 0.00864115505965876163 0.00642828873668039452 0.00534518292416639659 0.00510587988041907685 0.00460523307033196792 0.00393700029212719523 0.0037967857646961263 0.00366719403561249595 0.00301238260301386722 0.00202161160196912557 -9999 -9999 -9999 -9999 -9999 -9999 -9999 -9999 -9999 -9999 -9999 -9999 -9999 -9999 -9999 -9999 -9999 -9999 -9999 -9999
0.0919812664293747639 0.0809076448365140116 0.0693902366588742964 0.0589672711634543836 0.0497015588680022324 0.0406664976463749217 0.0328136463529200284 0.0263363866625877831 0.0216980450065094588 0.0180609165537693114 0.0147092501303913437 0.0118657593099668196 0.00929209351143991946 0.00686187933518993959 0.00533098385420264012 0.00453640063693664872 0.00431030252288885744 0.00424984264479937902 0.00409961428133221589 0.00394059974214187002 0.00376539989888482075 0.00304513495029383029 -9999 -9999 -9999 -9999 -9999 -9999 -9999 -9999 -9999 -9999 -9999 -9999 -9999 -9999 -9999 -9999 -9999 -9999 -9999 -9999 -9999 -9999 -9999 -9999 -9999 -9999 -9999 -9999
0.0173133472238409039 0.013612680291454321 0.0108754585534941474 0.00877356296800075111 0.00691837396035746045 0.00537497362500047489 0.00456112395467601038 0.0040723700440361485 0.00363813329616994446 0.00347684411935020657 0.00342495758954371003 0.00337594725925889107 0.00313962585784241695 0.00111055269602699808 -9999 -9999 -9999 -9999 -9999 -9999 -9999 -9999 -9999 -9999 -9999 -9999 -9999 -9999 -9999 -9999 -9999 -9999 -9999 -9999 -9999 -9999 -9999 -9999 -9999 -9999 -9999 -9999 -9999 -9999 -9999 -9999 -9999 -9999 -9999 -9999
0.00376788429522229712 0.00394904999123209168 0.0031938219557926667 -9999 -9999 -9999 -9999 -9999 -9999 -9999 -9999 -9999 -9999 -9999 -9999 -9999 -9999 -9999 -9999 -9999 -9999 -9999 -9999 -9999 -9999 -9999 -9999 -9999 -9999 -9999 -9999 -9999 -9999 -9999 -9999 -9999 -9999 -9999 -9999 -9999 -9999 -9999 -9999 -9999 -9999 -9999 -9999 -9999 -9999 -9999
-9999 -9999 -9999 -9999 -9999 -9999 -9999 -9999 -9999 -9999 -9999 -9999 -9999 -9999 -9999 -9999 -9999 -9999 -9999 -9999 -9999 -9999 -9999 -9999 -9999 -9999 -9999 -9999 -9999 -9999 -9999 -9999 -9999 -9999 -9999 -9999 -9999 -9999 -9999 -9999 -9999 -9999 -9999 -9999 -9999 -9999 -9999 -9999 -9999 -9999
-9999 -9999 -9999 -9999 -9999 -9999 -9999 -9999 -9999 -9999 -9999 -9999 -9999 -9999 -9999 -9999 -9999 -9999 -9999 -9999 -9999 -9999 -9999 -9999 -9999 -9999 -9999 -9999 -9999 -9999 -9999 -9999 -9999 -9999 -9999 -9999 -9999 -9999 -9999 -9999 -9999 -9999 -9999 -9999 -9999 -9999 -9999 -9999 -9999 -9999
-9999 -9999 -9999 -9999 -9999 -9999 -9999 -9999 -9999 -9999 -9999 -9999 -9999 -9999 -9999 -9999 -9999 -9999 -9999 -9999 -9999 -9999 -9999 -9999 -9999 -9999 -9999 -9999 -9999 -9999 -9999 -9999 -9999 -9999 -9999 -9999 -9999 -9999 -9999 -9999 -9999 -9999 -9999 -9999 -9999 -9999 -9999 -9999 -9999 -9999
-9999 -9999 -9999 -9999 -9999 -9999 -9999 -9999 -9999 -9999 -9999 -9999 -9999 -9999 -9999 -9999 -9999 -9999 -9999 -9999 -9999 -9999 -9999 -9999 -9999 -9999 -9999 -9999 -9999 -9999 -9999 -9999 -9999 -9999 -9999 -9999 -9999 -9999 -9999 -9999 -9999 -9999 -9999 -9999 -9999 -9999 -9999 -9999 -9999 -9999
-9999 -9999 -9999 -9999 -9999 -9999 -9999 -9999 -9999 -9999 -9999 -9999 -9999 -9999 -9999 -9999 -9999 -9999 -9999 -9999 -9999 -9999 -9999 -9999 -9999 -9999 -9999 -9999 -9999 -9999 -9999 -9999 -9999 -9999 -9999 -9999 -9999 -9999 -9999 -9999 -9999 -9999 -9999 -9999 -9999 -9999 -9999 -9999 -9999 -9999
-9999 -9999 -9999 -9999 -9999 -9999 -9999 -9999 -9999 -9999 -9999 -9999 -9999 -9999 -9999 -9999 -9999 -9999 -9999 -9999 -9999 -9999 -9999 -9999 -9999 -9999 -9999 -9999 -9999 -9999 -9999 -9999 -9999 -9999 -9999 -9999 -9999 -9999 -9999 -9999 -9999 -9999 -9999 -9999 -9999 -9999 -9999 -9999 -9999 -9999
-9999 -9999 -9999 -9999 -9999 -9999 -9999 -9999 -9999 -9999 -9999 -9999 -9999 -9999 -9999 -9999 -9999 -9999 -9999 -9999 -9999 -9999 -9999 -9999 -9999 -9999 -9999 -9999 -9999 -9999 -9999 -9999 -9999 -9999 -9999 -9999 -9999 -9999 -9999 -9999 -9999 -9999 -9999 -9999 -9999 -9999 -9999 -9999 -9999 -9999
