data/CoulombOnly/Outputs_CoulombOnly_V1/EllipticCylinder_03CoulombOnlyInternalFrict30_null_TITAN2Dv420_pft.asc
ncols 1001
nrows 301
xllcorner 997.50
yllcorner -5002.50
cellsize 5.00
nodata_value -9999
[rows 132 to 153 of 301, columns 400 to 449 of 1001]
-9999 -9999 -9999 -9999 -9999 -9999 -9999 -9999 -9999 -9999 -9999 -9999 -9999 -9999 -9999 -9999 -9999 -9999 -9999 -9999 -9999 -9999 -9999 -9999 -9999 -9999 -9999 -9999 -9999 -9999 -9999 -9999 -9999 -9999 -9999 -9999 -9999 -9999 -9999 -9999 -9999 -9999 -9999 -9999 -9999 -9999 -9999 -9999 -9999 -9999
-9999 -9999 -9999 -9999 -9999 -9999 -9999 -9999 -9999 -9999 -9999 -9999 -9999 -9999 -9999 -9999 -9999 -9999 -9999 -9999 -9999 -9999 -9999 -9999 -9999 -9999 -9999 -9999 -9999 -9999 -9999 -9999 -9999 -9999 -9999 -9999 -9999 -9999 -9999 -9999 -9999 -9999 -9999 -9999 -9999 -9999 -9999 -9999 -9999 -9999
-9999 -9999 -9999 -9999 -9999 -9999 -9999 -9999 -9999 -9999 -9999 -9999 -9999 -9999 -9999 -9999 -9999 -9999 -9999 -9999 -9999 -9999 -9999 -9999 -9999 -9999 -9999 -9999 -9999 -9999 -9999 -9999 -9999 -9999 -9999 -9999 -9999 -9999 -9999 -9999 -9999 -9999 -9999 -9999 -9999 -9999 -9999 -9999 -9999 -9999
-9999 -9999 -9999 -9999 -9999 -9999 -9999 -9999 -9999 -9999 -9999 -9999 -9999 -9999 -9999 -9999 -9999 -9999 -9999 -9999 -9999 -9999 -9999 -9999 -9999 -9999 -9999 -9999 -9999 -9999 -9999 -9999 -9999 -9999 -9999 -9999 -9999 -9999 -9999 -9999 -9999 -9999 -9999 -9999 -9999 -9999 -9999 -9999 -9999 -9999
-9999 -9999 -9999 -9999 -9999 -9999 -9999 -9999 -9999 -9999 -9999 -9999 -9999 -9999 -9999 -9999 -9999 -9999 -9999 -9999 -9999 -9999 -9999 -9999 -9999 -9999 -9999 -9999 -9999 -9999 -9999 -9999 -9999 -9999 -9999 -9999 -9999 -9999 -9999 -9999 -9999 -9999 -9999 -9999 -9999 -9999 -9999 -9999 -9999 -9999
-9999 -9999 -9999 -9999 -9999 -9999 -9999 -9999 -9999 -9999 -9999 -9999 -9999 -9999 -9999 -9999 -9999 -9999 -9999 -9999 -9999 -9999 -9999 -9999 -9999 -9999 -9999 -9999 -9999 -9999 -9999 -9999 -9999 -9999 -9999 -9999 -9999 -9999 -9999 -9999 -9999 -9999 0.000851225551734127403 0.00177249736498808928 0.00204186103148778662 0.00258653527279366054 0.00315071680619629724 0.00334925621829943853 0.0040626052436109391 0.00450175910195948874
0 -9999 -9999 -9999 -9999 -9999 -9999 -9999 -9999 -9999 -9999 -9999 -9999 -9999 -9999 -9999 -9999 -9999 -9999 -9999 -9999 -9999 -9999 -9999 -9999 -9999 0 0.00105015971369212943 0.00106545778957040831 0.00079054971257606682 0.001258678459756664 0.00193012153443434479 0.00289267425351617292 0.00371456813841190142 0.00414531348022418797 0.00428049482772014257 0.00478420524543521786 0.00540554696816139719 0.00627502331710109301 0.00670784981943606425 0.00709884806227204651 0.00750072586900399959 0.00833579251939953365 0.00897855993523134083 0.0095320220556211286 0.0112055445966089684 0.0131009665065772857 0.0163026098586201811 0.0198807852416993877 0.0234149891597461302
0.00894165623817765737 0.00967017213404031822 0.00990272924329802309 0.0100731883284485811 0.0100727899243794102 0.0100806622925639477 0.0108218529786549122 0.0104293725188603983 0.0098848100738492331 0.00993757720207749835 0.0113771383524671945 0.0123140016420234828 0.0135381137773582499 0.0145099848086122293 0.0154229781277349706 0.0164817041015008492 0.0177543280554498285 0.0182282285868546508 0.0191680859609957496 0.0191561886161244754 0.0193001582954650322 0.0193516388244227462 0.0193708255250370533 0.0203117443288434486 0.020592498238115528 0.0204287490540120444 0.020207984999212187 0.0206202318299429505 0.0217931277159000222 0.0243539557478408761 0.0272840729669593905 0.0303610365348929087 0.033855471332188386 0.0369758783692290677 0.0398803834302156393 0.0424530530508051146 0.0454762650648708328 0.0484340215203086094 0.0513328289789933834 0.0551726514631480369 0.0580050892993842215 0.0608352469778132426 0.0637372724538917274 0.0667552749250930194 0.0697281961924186983 0.0784581715229112631 0.0891572036490507619 0.0996530307877823152 0.11025838257209826 0.121804714545846543
0.0892868360437379383 0.0910153222581355503 0.0915046946110402853 0.0919460734730417756 0.0918333272016985669 0.0910472752319009815 0.0897538576033859586 0.0898455477286765336 0.0884509397094578459 0.0878883552946932572 0.0878302420776001375 0.0913921251895121189 0.0965720652629145915 0.101378078878753844 0.105549927427251139 0.109091436703256883 0.112646842126196675 0.114875503473088225 0.115819169317514889 0.116942871886111341 0.117591557627573368 0.118184321007838433 0.118431135900166268 0.118467674355948516 0.120348987722329312 0.120918316388867894 0.121283473886226373 0.121454614287769741 0.126857588441019686 0.13643676831938073 0.146567129361152848 0.155996702158439388 0.165645383403150909 0.174119016289406847 0.182250283096286742 0.189294143466330445 0.196729283057392873 0.203836209064879176 0.210709388155855326 0.217469095491977515 0.225608272080000199 0.232825026589890793 0.239871755711465462 0.245224287812256914 0.253205664957105447 0.266097282119917233 0.284378063500935196 0.305573921723107045 0.326826710091812522 0.347820185431779505
0.313360003273313481 0.3154900984278039 0.315477270469940563 0.315730296400861477 0.31532616181442541 0.314243365320786894 0.312569341327198935 0.310411709983210216 0.309395574051599287 0.304755546608616035 0.301250066974270703 0.300014963004433977 0.307197062311719615 0.316087441513361267 0.322866373271747609 0.328356232266267589 0.333235039503637087 0.33617911431928954 0.337318512830610651 0.338079586789307496 0.338840295337512587 0.339894764390140436 0.340695363830177678 0.341464349688494984 0.343025504066132858 0.347151844946497423 0.346965206308692042 0.348882852037919411 0.352635019347250833 0.364350877137036733 0.381812269529086756 0.398972914967462011 0.41537422718738809 0.429845344969882359 0.44382762992576541 0.456004016227784081 0.468170156620947686 0.479716483271789729 0.490849127554402853 0.501770572517274194 0.512658614075337082 0.525246284428679489 0.534862419129190192 0.546422812274431569 0.55824758319234391 0.570283370332452133 0.586087391437436489 0.606117895781390859 0.632942300737020735 0.660578988459586958
0.637798485640559298 0.639574176198368094 0.640369312925054723 0.640468791323818509 0.639921220080654662 0.639120236275973919 0.636821056325508894 0.632718310766008041 0.624651709194533389 0.621439624188077633 0.614727212183171057 0.607348608847885219 0.609768468988651335 0.621110548329016909 0.631747267889401054 0.639681318017390699 0.645708129551189614 0.649660866729679487 0.651762385870105376 0.652777862109739759 0.653080488549507843 0.653531568744964764 0.654065684638081235 0.655607818885720728 0.658753085757627033 0.660100200763188427 0.666916868050380529 0.670873130162709108 0.674715719806218139 0.681977938838226661 0.69576949223069362 0.718102577152182842 0.740193439764308292 0.760808488834110674 0.77881585393746211 0.79594232134912446 0.81176231778471919 0.826665093790619032 0.84082578900012872 0.854390505767102848 0.867708874585382706 0.878083827473242429 0.893058355860580577 0.908490089353350516 0.923193912115503834 0.938257688565212189 0.952268356631945201 0.964609530330268083 0.982208194891925346 1.00192963552265146
1.00576705623856477 1.00756520150711015 1.00841863683251098 1.0080712993012475 1.00650321996357306 1.00464387206295802 1.00135317253597789 0.99444616789044471 0.989566111191187869 0.983983750424000769 0.978861678164469007 0.972372731090556996 0.969017727453422739 0.969085322152219875 0.97268816016395887 0.982550611981208633 0.991164445728244914 0.997034632830919199 1.00087336087744538 1.00351759429541754 1.00516996834886307 1.00637013882889037 1.00792028594267014 1.01088489752706945 1.013544641340967 1.02073425975240117 1.02813439131811912 1.03808942833817919 1.04475298782864323 1.05078623684230488 1.05774957245146206 1.07050805971365426 1.08655811255539692 1.11117660760485104 1.13420009040577763 1.15536573496222084 1.17450943215600256 1.19223654230234821 1.20869358873733845 1.2240245712440796 1.23559113820923727 1.24948548251385638 1.26299800567541598 1.27763455031701878 1.29258962457741067 1.30594030283574791 1.31827377075710794 1.32869303363207214 1.33780802504032015 1.34731071886780285
1.3738253057889025 1.37658676792676293 1.37858936491949113 1.38083741987857 1.3812029142372888 1.38174162585752169 1.38009743253652473 1.37847813052693069 1.37742655855887097 1.37593517643567154 1.37368246164187546 1.37176013349254999 1.36977869218414638 1.36053585080479555 1.35380362322616343 1.35137169468882856 1.3478487612025889 1.34705744812955475 1.35327220460333586 1.35898628204111827 1.36290646189270648 1.36606340252182856 1.36771134285636675 1.37112732288944206 1.37927134910523219 1.38961589956815157 1.40031849250051277 1.41057705227817709 1.42282442800310061 1.43151761841774317 1.43908759571577005 1.4455774979616971 1.45235064993368157 1.46423847518998596 1.47987553966483687 1.50307709577455362 1.52408740420711974 1.5430342635924803 1.56029855916264704 1.574517863571673 1.58768045464664054 1.60074691413984405 1.61273406479450454 1.62377394887754178 1.6349814698466314 1.64564000867902238 1.65417436610956159 1.66198390394645079 1.66906825525984837 1.67553781349471032
1.75378861182442414 1.74409533608677636 1.73619576309163404 1.73912228237668121 1.74135599233887373 1.74185640140440867 1.74176664852453777 1.74212469501331246 1.74201520491124695 1.7413288132905731 1.74010049422409185 1.73833799786378407 1.73447716919345418 1.73023419988960869 1.72490545937131312 1.71789034250470363 1.70945993229144766 1.70095460925591135 1.6955530772346783 1.70061519284929319 1.70487096855569087 1.70672618180799684 1.70943834148674889 1.71432930407956419 1.7237644285428555 1.73575230454241636 1.74798068848343346 1.75953752575854527 1.77103131925023294 1.78179057412001951 1.789932633439693 1.79673127791473108 1.80148502713660852 1.80524178908262756 1.80989546819927893 1.82222768329617124 1.84173473291476819 1.85942593481751173 1.87394856759248229 1.88715886179438574 1.89960017328089159 1.91057007284377089 1.9202081683656449 1.92864375338482175 1.9359896096879663 1.94308635794885642 1.9496053701139251 1.95408657448817236 1.95732537114094307 1.95998666817631451
2.06329310137336064 2.04982805029041604 2.04376521161008595 2.0440311273087306 2.04585412897602748 2.0463367976149982 2.04666120813692265 2.04651148851264253 2.04586921144471923 2.04436691989338959 2.04210824278686065 2.03921980426151395 2.03587301287807332 2.03171284906567173 2.02833011469371938 2.02204307198233524 2.01431424774978174 2.00438515639447656 1.99534785207546794 1.99867232799143335 1.99907382607398576 2.0000032093712794 2.00074489880010864 2.00459093466913352 2.01459787210871921 2.02702808171783566 2.03897830294250237 2.05008478757074197 2.05984794213450284 2.06853975185650185 2.07510936328337792 2.08167552854494398 2.08580496679567862 2.0890817906558321 2.09161423631395627 2.09859813123066097 2.11341858683113504 2.12768466134590506 2.13945295815500991 2.15006132644181314 2.15914549536863687 2.16686687093450958 2.17334978755605013 2.17867943401748976 2.18289694445299931 2.1860672858225807 2.18868133961258504 2.19061203384856951 2.19097227430007058 2.19029531390194032
2.30617282210645991 2.29561474841769142 2.28494666137379276 2.27982569652453249 2.27962345380286369 2.27923676651459362 2.27829759448329616 2.27726512583332497 2.27639409626478084 2.27522387055063779 2.27326165891498322 2.27033768229201094 2.26680982253701391 2.26320816640058542 2.25884577606255688 2.25385096477455305 2.24892833368253209 2.24213972684049967 2.23375479451924264 2.22652637114977203 2.21914588303244109 2.2180454452096976 2.21854495075963198 2.22093268388391074 2.23022115016120104 2.2432329062606593 2.2561359868350106 2.2677615205252355 2.27779813862374825 2.28612893403436468 2.29310642481938221 2.29831512426324913 2.30260439460776922 2.3048981819289982 2.30620293755122407 2.31173806583984431 2.32390843324737695 2.33389438532506155 2.34245744421133928 2.34952389862305022 2.35527242993764663 2.35982726298370604 2.36323380347739231 2.36551075623710139 2.36662820419922459 2.36720337264866165 2.36719416193325571 2.3655988609909091 2.36244501621916525 2.3582044238126314
2.46425696088379143 2.45726803563570417 2.44838992476848771 2.43901923435822532 2.42995175324801593 2.4236341695163226 2.42226417371848513 2.42098746945285503 2.42026553504961139 2.41951778486510127 2.41819856856418536 2.41636737438183991 2.41427070166498492 2.41212243558610595 2.40995536016857681 2.40721245337756873 2.40320706272220841 2.39823680630296021 2.39201873602072412 2.38352040584413505 2.37339760150979506 2.36238730400900154 2.35452803933654753 2.35484264581154923 2.36363889157269291 2.37696393566021769 2.39098881201209146 2.40367667198798562 2.41478470810916601 2.42431032020253978 2.43223209180343503 2.43841060236181129 2.44257876797286855 2.44441060582784653 2.44514955074368467 2.44694207586898482 2.45637535780604521 2.46382540379483128 2.46986610222920122 2.47459623775975146 2.47814380394219436 2.4805615192932744 2.48181622845739813 2.48228205866956975 2.48206128267490023 2.48079216234891753 2.47820969421385495 2.47420102975574352 2.46821410012029663 2.4604816293358871
2.52069586102405907 2.51519987224318564 2.50909759042288716 2.5024560040900381 2.49462117825286311 2.4864948498938908 2.4782047884193128 2.47084290752429725 2.46811722369537634 2.46776787184575763 2.46684448812564527 2.46561909253717726 2.46418557962051432 2.46247604574473078 2.46000505627197175 2.45708378542851769 2.45316070938685638 2.44795502050696268 2.44143995981269679 2.43385895808316155 2.42565964009304436 2.41677811194069969 2.40830086505774599 2.4051567455532874 2.41154887731736656 2.42496013858350823 2.43942878505707617 2.45277509949096384 2.46438897404428303 2.47399360096369669 2.48148461267171916 2.48672816749910286 2.4904161225516499 2.49242269775867209 2.4926672641719434 2.49511704890637054 2.50413731938471606 2.51117516553052367 2.51676122693310766 2.52101252852117064 2.52399779875347274 2.52571906435874194 2.52621861468767817 2.5261187706554642 2.52515265983213633 2.52268735276850586 2.51863239593701049 2.51271409660942968 2.50482338315694131 2.50453512425508551
2.52225699997059349 2.51672853384192896 2.51073237925654213 2.50413585380856141 2.49684764328976438 2.48874733566085782 2.48007028941564345 2.47211474167860645 2.46930611443960979 2.46878849510031673 2.4677104141174393 2.46637555206119563 2.46440744296593284 2.46277594287742518 2.46071743670263432 2.45792332074546449 2.45419544586686866 2.44897420608308725 2.44216115810508416 2.43430030198603475 2.42557230084321152 2.41703361149275242 2.40953201490462909 2.40639094896437022 2.41258898732667815 2.42589938071000821 2.44025496969871858 2.45357114003306886 2.46468500526122192 2.47439485067839193 2.48199954956244628 2.48758161241728537 2.49142594634141101 2.49367143534166624 2.49369641691273358 2.49632756941884404 2.50498243673602961 2.51191405605688534 2.5174114379894621 2.52209173902513806 2.52505562207947376 2.52674700810489306 2.52720207765595806 2.52709463959314151 2.5260917347538494 2.52314330317755253 2.51911696814256114 2.51336822809993699 2.50557478267626355 2.50590656026530523
2.47047188528611228 2.46391484273625183 2.45759382853883945 2.45193584608765036 2.44596773033019099 2.43981224168169275 2.43319687196734735 2.42856688003330534 2.4267982369495309 2.42421328338760445 2.42103466698558201 2.41770749794747308 2.4145258218221719 2.41156357774741181 2.40832070364530093 2.40492148721823051 2.40087851014138431 2.3949625887523327 2.3871978325060943 2.37915047691293768 2.37069662745000631 2.36249547433422569 2.35856398903251563 2.3599009381602527 2.36728999337770007 2.37931464629256473 2.3921840206907623 2.40415046190459014 2.41495594180389439 2.42442046274722145 2.43224321725936621 2.43792868609120328 2.44187915467914163 2.44407859668107275 2.44487269365172066 2.45416242905631243 2.46247529827060241 2.46902744225899928 2.47434471814383183 2.47851235280001392 2.48157243416612561 2.48350657776708728 2.4842411461071614 2.48438219774648728 2.48386825574472425 2.48205624771235378 2.47858599153355108 2.47362454148672528 2.47221711605365346 2.47847117908912518
2.31010901188717144 2.30106638362240901 2.29734102192439282 2.29749639691022045 2.29703648448339726 2.29650229315969856 2.29526619787629915 2.29339814780831519 2.29087166309986268 2.28748515855679502 2.28348994013396345 2.27910225130228472 2.27439124988238595 2.26923328065849272 2.26379529149865499 2.25709813878981214 2.24910012844095819 2.24159790761721789 2.23522596124852324 2.23471252599577852 2.23331998634198303 2.23208247193162812 2.23151267558060828 2.23217945899902759 2.23823326350542073 2.25005823300301877 2.26198114336169853 2.2723616944860181 2.28144879471727968 2.28921903124216497 2.2957852000883423 2.30043669757381775 2.30382225793666962 2.30714843400207892 2.3196649112498906 2.33026035363514872 2.33923422278207926 2.34642602198468264 2.35269631315485439 2.35787370026552878 2.36201962979001223 2.36513956823477933 2.36716705869543098 2.36805133247428623 2.36833253670121557 2.36767735181850281 2.36745721597637004 2.37097127326210488 2.37909987218964725 2.38625624397999037
2.07507520797553946 2.07574749298668504 2.0752600905412435 2.07572186827796745 2.07553785758717702 2.07540979919318902 2.07428455089183306 2.07183570583336518 2.06818932351659823 2.06323716436584848 2.05750847888290966 2.05102335004204894 2.04441020089498116 2.03906473862114357 2.03213554081580439 2.02356448476196826 2.01720669918591566 2.01794634066277467 2.0178474783666096 2.01814426465707575 2.01783393242898246 2.01699032106569742 2.01706405664718602 2.01846618377906895 2.02558221266956817 2.03645005625472297 2.04616834444443674 2.05382635465964514 2.05999030804354577 2.06726860893544107 2.07552482396871651 2.08189181830649872 2.09275406653223373 2.10768502956757198 2.12118949858369854 2.13176404784867213 2.14157203537025165 2.14980079291842818 2.15754842606522379 2.16438373113524607 2.17032316238331457 2.17535688816554096 2.1794162920902389 2.18235321374951585 2.18377187527086125 2.18690316283280994 2.20216768577560318 2.21743751158464342 2.2283613091706167 2.23745087520228036
