data/CoulombOnly/Outputs_CoulombOnly_V1/EllipticCylinder_03CoulombOnlyInternalFrict30_null_TITAN2Dv420_pft.asc
ncols 1001
nrows 301
xllcorner 997.50
yllcorner -5002.50
cellsize 5.00
nodata_value -9999
[rows 110 to 131 of 301, columns 550 to 599 of 1001]
-9999 -9999 -9999 -9999 -9999 -9999 -9999 -9999 -9999 -9999 -9999 -9999 -9999 -9999 -9999 -9999 -9999 -9999 -9999 -9999 -9999 -9999 -9999 -9999 -9999 -9999 -9999 -9999 -9999 -9999 -9999 -9999 -9999 -9999 -9999 -9999 -9999 -9999 -9999 -9999 -9999 -9999 -9999 -9999 -9999 -9999 -9999 -9999 -9999 -9999
-9999 -9999 -9999 -9999 -9999 -9999 -9999 -9999 -9999 -9999 -9999 -9999 -9999 -9999 -9999 -9999 -9999 -9999 -9999 -9999 -9999 -9999 -9999 -9999 -9999 -9999 -9999 -9999 -9999 -9999 -9999 -9999 -9999 -9999 -9999 -9999 -9999 -9999 -9999 -9999 -9999 -9999 -9999 -9999 -9999 -9999 -9999 -9999 -9999 -9999
-9999 -9999 -9999 -9999 -9999 -9999 -9999 -9999 -9999 -9999 -9999 -9999 -9999 -9999 -9999 -9999 -9999 -9999 -9999 -9999 -9999 -9999 -9999 -9999 -9999 -9999 -9999 -9999 -9999 -9999 -9999 -9999 -9999 -9999 -9999 -9999 -9999 -9999 -9999 -9999 -9999 -9999 -9999 -9999 -9999 -9999 -9999 -9999 -9999 -9999
-9999 -9999 -9999 -9999 -9999 -9999 -9999 -9999 -9999 -9999 -9999 -9999 -9999 -9999 -9999 -9999 -9999 -9999 -9999 -9999 -9999 -9999 -9999 -9999 -9999 -9999 -9999 -9999 -9999 -9999 -9999 -9999 -9999 -9999 -9999 -9999 -9999 -9999 -9999 -9999 -9999 -9999 -9999 -9999 -9999 -9999 -9999 -9999 -9999 -9999
-9999 -9999 -9999 -9999 -9999 -9999 -9999 -9999 -9999 -9999 0.00169004070774096639 0.00202901619189585622 0.00224729301550221196 0.00232762782810820362 0.00232764364451357262 0.00219965276157313341 0.00198244148707580866 0.00165765536676780803 -9999 -9999 -9999 -9999 -9999 -9999 -9999 -9999 -9999 -9999 -9999 -9999 -9999 -9999 -9999 -9999 -9999 -9999 -9999 -9999 -9999 -9999 -9999 -9999 -9999 -9999 -9999 -9999 -9999 -9999 -9999 -9999
-9999 -9999 -9999 -9999 -9999 0.00214252207127521663 0.00322078810445688545 0.00372017482194904802 0.00407449704589489883 0.00447661965535618624 0.00475658919385553176 0.00503857591508218537 0.0052306198699631351 0.00530881551367810064 0.00525800620038271993 0.00513001528923126386 0.00491083244132486767 0.00461301158434092307 0.00426936776885460199 0.00396580013357370267 0.00383011961830813938 0.00325414078641796806 0.00183574095732097335 0.0014281912893758888 -9999 -9999 -9999 -9999 -9999 -9999 -9999 -9999 -9999 -9999 -9999 -9999 -9999 -9999 -9999 -9999 -9999 -9999 -9999 -9999 -9999 -9999 -9999 -9999 -9999 -9999
-9999 -9999 0.00256349894670653087 0.00398248937237618943 0.00456585337881722404 0.00493865702457975571 0.0058942010382649979 0.00685840570160609411 0.00849679447808894886 0.0106963352257833082 0.0128710753283682588 0.0147161154226024271 0.0161734263842386941 0.0169730857710302316 0.0171326805952555922 0.0170571774216538782 0.0164806830599467033 0.0153413964126804941 0.0135926379709461944 0.0113278084719432501 0.00889840272557625503 0.00665153636941499902 0.00497192012231795211 0.00410960080353835969 0.00347969887392955224 0.00191391269357403938 0.0014664553484986958 -9999 -9999 -9999 -9999 -9999 -9999 -9999 -9999 -9999 -9999 -9999 -9999 -9999 -9999 -9999 -9999 -9999 -9999 -9999 -9999 -9999 -9999 -9999
0.00396306125248726496 0.0040788758451582377 0.00445337653205013506 0.00626707372347567321 0.00800753105317397566 0.0107508678598868673 0.0148643255697037888 0.0191836762982515868 0.0236481374299661908 0.0281011883410372185 0.0323261705614265593 0.0360314663041503766 0.038914306927783554 0.0406303238010600198 0.0412789992237680287 0.0412455188010524276 0.0403116996523223137 0.0381622485217575913 0.0350617293864283752 0.031024600982563634 0.0262173622859035796 0.0210921752443929585 0.0160060352733887509 0.0112418767863627939 0.00728932082911528268 0.00491494843603941002 0.00404147535311325315 0.00249913229718898896 0.00205571764446227422 -9999 -9999 -9999 -9999 -9999 -9999 -9999 -9999 -9999 -9999 -9999 -9999 -9999 -9999 -9999 -9999 -9999 -9999 -9999 -9999 -9999
0.00505900013086422063 0.00700282769384395331 0.00950132542371126543 0.0144002097747633132 0.0201901917605516006 0.0265812059834834857 0.0336831108679234853 0.0412621585957729936 0.0490477645924892597 0.0567074392159437057 0.063855371618542725 0.0701918531535600521 0.0752229421946611077 0.0784411181659499662 0.0802891505383694637 0.0803093960919918498 0.0790540906665104098 0.0758911305527212032 0.0714753205334293928 0.0651239979346076858 0.0573696596191740557 0.0484397115280402954 0.0392354789296183865 0.0299984373197649569 0.0216201666967163059 0.0143809031451741509 0.00864277060718289872 0.00532772572337748569 0.00413782526199400931 0.00241399446556560086 0.00209065981385155725 -9999 -9999 -9999 -9999 -9999 -9999 -9999 -9999 -9999 -9999 -9999 -9999 -9999 -9999 -9999 -9999 -9999 -9999 -9999
0.0101152674177331873 0.0161902186172944301 0.0233655424610565536 0.0316490959339946129 0.0411150565829978207 0.0514191310754973305 0.0625438448158229521 0.0742606511733653329 0.0861837534757872725 0.098286683775703515 0.108774700424539739 0.118569165413323546 0.126837853421283675 0.131775777154628876 0.134448824680557605 0.134683884030406764 0.133596931949382658 0.128902631413654017 0.12408679878740822 0.115362684052450953 0.104442479420654266 0.0913586799597799759 0.0779945700804292597 0.0626605314864688984 0.0485968084204201345 0.0353423872898456781 0.0239237499249730229 0.0148269280738038793 0.00814836149305656239 0.00498951226240592315 0.00400423357819681101 0.00170041953709815577 -9999 -9999 -9999 -9999 -9999 -9999 -9999 -9999 -9999 -9999 -9999 -9999 -9999 -9999 -9999 -9999 -9999 -9999
0.0236626973373857651 0.0332740402011830055 0.0446238560616028235 0.0573717423691962117 0.0714410273470005436 0.0864818969771734003 0.102553121165857311 0.119632724475619762 0.136901278203180543 0.153582625913326526 0.167265832625511784 0.180255998588776334 0.191168550011248134 0.197270554309533941 0.199024541565169327 0.199018780505324455 0.197474649157722587 0.193539608388615586 0.187977573596735531 0.179577104833835877 0.165893863621604659 0.148984030867657435 0.132396873399814929 0.111596072399458429 0.0913525298418036563 0.0704421364261007543 0.0514196597692026802 0.0348930062676086616 0.0219316576412134923 0.0124423013062482189 0.00641052249646943597 0.00431758223163020063 0.00313835116148949902 -9999 -9999 -9999 -9999 -9999 -9999 -9999 -9999 -9999 -9999 -9999 -9999 -9999 -9999 -9999 -9999 -9999
0.0448605378929254409 0.0578950176527010182 0.0744290988416552307 0.0925779109618946605 0.112013224654924373 0.132635061566797774 0.155005199760074791 0.178597040680923941 0.200195014814245204 0.219058757060417553 0.235874255239586439 0.250247855389382934 0.262395084559793712 0.269038024844668211 0.274768567001227981 0.275653582997249291 0.274966827777311629 0.271471427283918376 0.262429108976268977 0.249891215363350322 0.23618203231735424 0.217821716217619699 0.197979307341799582 0.175356706308903598 0.15010097464471045 0.12243265351199023 0.0939197375300710041 0.0678771350318439631 0.0463320303138860246 0.0292471708895288562 0.0167632566627808656 0.00842473520213795311 0.00478660730179884114 0.00386570602292283421 -9999 -9999 -9999 -9999 -9999 -9999 -9999 -9999 -9999 -9999 -9999 -9999 -9999 -9999 -9999 -9999
0.0783478141741428269 0.0928386856021413687 0.113426073693975546 0.137650451194343715 0.16295793994421709 0.189623308162307075 0.218538157481395906 0.245948671974233979 0.269719793738382396 0.292358388771776834 0.313572924304660772 0.332465205933414498 0.347202192820983857 0.356828209524682638 0.362881288600642116 0.363777285305878495 0.365212155931680105 0.362495456045953901 0.3511180477057948 0.336027479613899616 0.318333539174321112 0.29784912273791514 0.274203223104801441 0.247448586941966864 0.217655525487550627 0.186237642291750466 0.150807123528863107 0.115120783119230477 0.0834753113965123195 0.0570291016171779741 0.0358896190357500117 0.0204504549792931915 0.0102409077025038507 0.00522601924303952269 0.00364875827758165232 0.00203667946229590252 -9999 -9999 -9999 -9999 -9999 -9999 -9999 -9999 -9999 -9999 -9999 -9999 -9999 -9999
0.126426819911017452 0.142772692285816544 0.16346911253579452 0.191080410000896928 0.222491949246610615 0.255626433551478904 0.288588251539179053 0.318490093317779555 0.348545304099070752 0.376435524523351051 0.40306430562745027 0.423664486476557633 0.440735922034790895 0.457117540318493776 0.463739727915740474 0.464807855850088825 0.464044997159781869 0.457784069436716901 0.449024290065907994 0.434568746391179928 0.412187059459615757 0.388228265890998514 0.358491009100966318 0.327139751816130475 0.291027338601964281 0.254169160147690087 0.21704252338631802 0.175132630053270455 0.133860684487542042 0.0970316667585677389 0.0658839834881530251 0.0410688361776064687 0.0229830494311124046 0.0113818740645504849 0.00545425405668303713 0.00367315574058127469 0.00224092819549249513 -9999 -9999 -9999 -9999 -9999 -9999 -9999 -9999 -9999 -9999 -9999 -9999 -9999
0.187937128419798066 0.208105165157377897 0.22881401234249521 0.253753303663689811 0.28735794833001127 0.325966756629005261 0.363328089484245609 0.400047942754459929 0.436079824862330323 0.4703732758997895 0.500136203075495667 0.524620987994737997 0.545791567139701672 0.561498044497789173 0.571868557757184259 0.576591397755968016 0.575947899685434472 0.567747267821705481 0.556241634034575605 0.538417790623533232 0.515203583569876056 0.48822618892726799 0.453553545413708736 0.414307649146542334 0.37447457957889857 0.332831376608358709 0.291137392199877554 0.24602832584984155 0.197844548430954087 0.149996045142117063 0.10766086534438879 0.0723056039109381404 0.04403452245829996 0.024155167106239335 0.011532216253222401 0.00535929190517045462 0.00361953127847233162 0.00215454838738987024 -9999 -9999 -9999 -9999 -9999 -9999 -9999 -9999 -9999 -9999 -9999 -9999
0.260972030396680044 0.28611705163619533 0.309464160363151997 0.33554536041860028 0.373321256221423536 0.413434623935086398 0.451660595861366199 0.487651008739441338 0.5250640701981244 0.566265741649048859 0.603716551281168079 0.632856485251524381 0.657332258048418772 0.674659872434546726 0.68735895357008181 0.69624075968201482 0.696613616613035003 0.689511632936645635 0.672625768414105263 0.653248828059025843 0.627932471408096715 0.596466343528399889 0.557907541490639147 0.513918289263528782 0.46812660086345631 0.421475812401629235 0.373980379344244884 0.322756581908287599 0.268659289286159064 0.214397694871784478 0.161261685939985744 0.114584013977532595 0.0750565741940576459 0.0443173664727337102 0.0233572231066959991 0.0106426252477019069 0.00496306778112455375 0.00347649624130121244 0.00245862158468234402 -9999 -9999 -9999 -9999 -9999 -9999 -9999 -9999 -9999 -9999 -9999
0.342659447289057006 0.372325684820096314 0.399816794273413156 0.425914240298823132 0.458654549743348572 0.493785071601538228 0.530410470660629851 0.574476928988903013 0.617863161757388979 0.662824575945681449 0.704652270432934213 0.738895062597417551 0.767216549831276851 0.791131182174844239 0.809513567355843899 0.819875780460807779 0.821727094251533119 0.81956258656692671 0.807261387701193489 0.7804836611133249 0.746145753789143273 0.710391947947154656 0.670062083924970353 0.622008870784521051 0.572848726473413783 0.518383176871547335 0.464088644158601515 0.405467266101011137 0.343742487316887113 0.284127985810563033 0.225454039189942196 0.167261022709052631 0.116299670599456118 0.0739931855436276736 0.0422613043809021496 0.0209560301206035346 0.00902837709981619933 0.00438191719141446407 0.00357057366551443442 -9999 -9999 -9999 -9999 -9999 -9999 -9999 -9999 -9999 -9999 -9999
0.437319013843499582 0.473442793681691065 0.508694050334724257 0.542290411222952962 0.573645520285673949 0.608501683865164678 0.652113513474564588 0.705412400029813424 0.752834445902319627 0.789461031408553726 0.819236144625407281 0.851214937313703346 0.886932883752351686 0.917741689597214139 0.943923825969166574 0.94955513528171176 0.954766638858903671 0.954717824056188213 0.943124636643451697 0.916926345362009565 0.875422315973338971 0.835748703245994262 0.791117604562181498 0.735005384641363002 0.678904620696356154 0.620974726538236155 0.561268871331376373 0.499637472793806325 0.433314244560618067 0.361481154880134936 0.294956587449786922 0.230672436064431774 0.167726759270286296 0.113239228463174246 0.0695394408623822152 0.0374074537365466295 0.0173724558195876011 0.00711645552073245265 0.00381839267595475602 0.00305448517666490667 -9999 -9999 -9999 -9999 -9999 -9999 -9999 -9999 -9999 -9999
0.54189344788792948 0.577583547666099428 0.619083822003337447 0.657306905191293867 0.693847323091275059 0.725077243712682118 0.758378040960112298 0.797940444962553008 0.840845302456193266 0.885620303177660051 0.931610912121271451 0.975935313986902364 1.01807951550260611 1.05122945039494908 1.08984021904085981 1.10075910502714724 1.100683561620311 1.08600149723304185 1.07497847719143613 1.05094401536023652 1.01197162627776183 0.965668504704411679 0.912944130463427928 0.853151253030453249 0.788014390870100057 0.725624897519937195 0.663548788964352432 0.596349887825079472 0.525935214144074625 0.451421155451575296 0.371908146341537516 0.29933045341230885 0.228653395044566554 0.163118290826522599 0.105423692753597545 0.0610123648778864228 0.0306527372264273727 0.0132702139280549414 0.00550836652889562239 0.00364415246715696405 0.0022976666589247254 -9999 -9999 -9999 -9999 -9999 -9999 -9999 -9999 -9999
0.700645929824793678 0.725174964573422565 0.749192908463778173 0.776555488977175856 0.80381375040378289 0.848190426583920631 0.898862474844412063 0.944287533866818185 0.983972167852740331 1.01627887768446956 1.05523229202699387 1.09445381372692352 1.14053488729465902 1.18262839438401368 1.22210648790806498 1.25086550337787394 1.25152530028096298 1.24298362264883711 1.22496452130749822 1.19098827830757781 1.1419732797634643 1.08863110128978957 1.03330235345373467 0.973334078641447165 0.905022907083879447 0.833496741441501543 0.762936155258429949 0.689969694467076566 0.61642812838928418 0.540604674540029584 0.457470716445125991 0.374013577321485102 0.294709994855075208 0.219800455519791271 0.150985631967065853 0.0918859546024521079 0.0497849123042941183 0.0233005249861192795 0.00950177771053757787 0.00443600933454712729 0.0035634096080411422 -9999 -9999 -9999 -9999 -9999 -9999 -9999 -9999 -9999
0.774269196143708704 0.7999486337684657 0.825480804501241283 0.868027606006035124 0.92045717808678662 0.974499931663075247 1.0185962225930616 1.04802078890187444 1.08117348242132394 1.11532965352862234 1.15710206198259802 1.20960946390302748 1.25257149767728304 1.2985857235018512 1.34945826691172921 1.37871846135823906 1.39130953360187193 1.38880860887764634 1.3661354941447521 1.33121931525545767 1.27938123389417058 1.21611546819723904 1.15763863411949885 1.09317582703148375 1.02834792384704521 0.950438474898397057 0.869821073113997367 0.79345717868693888 0.713912871579880037 0.634109768416890152 0.547730453420325225 0.456927379305753667 0.365104170143066287 0.279423762737989745 0.200203155043012254 0.130138526480621519 0.0747936002510736636 0.0377713540831752931 0.016566631403398261 0.00672653658755810284 0.00392536867132775927 0.00337848304210215927 -9999 -9999 -9999 -9999 -9999 -9999 -9999 -9999
0.964710052344958546 0.991459621173685135 1.0062954565562745 1.01719728471234205 1.04363298843427699 1.09017447776324694 1.12875244726435664 1.16512516356708828 1.21746276408125542 1.26722613532421713 1.31104995122191337 1.34373589541389826 1.37555710372605633 1.41151651232658826 1.46221529509736303 1.49493293067144428 1.5294748540506069 1.52925755558894583 1.51375939158322814 1.46589517416390946 1.41106418262373601 1.34760733913849284 1.27974262130595506 1.21036818597991824 1.14055886537783646 1.06231490827697983 0.979548449614493277 0.899242858204865048 0.81588213009729893 0.735367629263917522 0.637996964078640039 0.541827730473119717 0.442462563762449301 0.348154163030812702 0.256021856949657345 0.173373045485729238 0.105716900620903873 0.0569506368535208848 0.0269635274097395038 0.0115696492087909702 0.00523092516139906163 0.00382021432230460894 0.00297574393430910609 -9999 -9999 -9999 -9999 -9999 -9999 -9999
