data/CoulombOnly/Outputs_CoulombOnly_V1/EllipticCylinder_03CoulombOnlyInternalFrict30_null_TITAN2Dv420_pft.asc
ncols 1001
nrows 301
xllcorner 997.50
yllcorner -5002.50
cellsize 5.00
nodata_value -9999
[rows 132 to 153 of 301, columns 450 to 499 of 1001]
-9999 -9999 -9999 -9999 -9999 -9999 -9999 -9999 -9999 -9999 -9999 -9999 -9999 -9999 -9999 -9999 -9999 -9999 -9999 -9999 -9999 -9999 -9999 -9999 -9999 -9999 -9999 0.00205786320176502488 0.00325456082863870072 0.00358384326826999972 0.00375723188926387975 0.00375956968306285968 0.00380674511573770528 0.00389704083363644335 0.00397362851440399845 0.00435769638056656122 0.00539964962363765049 0.00699265649206280357 0.0088344223509757222 0.0109587901628758998 0.0131334255059606091 0.0156338222135079911 0.0183940089221460226 0.021076846405863929 0.023680601988520851 0.0275630094383918361 0.0333302196866199635 0.0398236550586022475 0.046644510995922088 0.0538052449912677852
-9999 -9999 -9999 -9999 -9999 -9999 -9999 -9999 -9999 -9999 -9999 -9999 -9999 -9999 -9999 -9999 -9999 -9999 -9999 -9999 -9999 0.00160449050330083382 0.00261030926111884432 0.00346897593920351488 0.00355331994222878164 0.00356592207535159 0.00373097964349424155 0.00391631358732122924 0.00435811124928668983 0.00461511973254158468 0.00551112082463281212 0.00650610419021582093 0.00777865633303782746 0.00928970000534577039 0.0111244854475866066 0.0142674425977468832 0.0182071429549211655 0.0223878118611066448 0.0271335862824735735 0.0322316423932787685 0.0375803696022136424 0.0430669707919768552 0.0485754342524243807 0.053984279591474546 0.0591390738098606372 0.0645815518516889286 0.0739477840458090951 0.0851758587434064407 0.0969517841646517636 0.108897606858980436
-9999 -9999 -9999 -9999 -9999 -9999 -9999 -9999 -9999 -9999 -9999 -9999 -9999 -9999 -9999 -9999 0.00236087816461171386 0.00352370440752220902 0.00376843917014166394 0.00374566903017855505 0.00384280247030206051 0.00392911056234548743 0.00423829215969188239 0.00489046045254010273 0.00550918545707749022 0.00670234533850665431 0.00895014000593778725 0.0114575074885926373 0.0141961031157952517 0.0171990061221174891 0.0204624404062048945 0.0240915417946322499 0.0277475031460896956 0.0316205800077504276 0.0357814206722519568 0.0412969931622092362 0.0495251775239602815 0.0583564368480610635 0.0676433160454477517 0.0772373873840813546 0.0869377504919378596 0.0966041238093340443 0.106036741361159897 0.115125600738705647 0.123522873821453771 0.131021062311618253 0.140559873253149198 0.156056700714219343 0.173743088799375389 0.191332082250914998
-9999 -9999 -9999 -9999 -9999 -9999 -9999 -9999 0.0016837488254847295 0.00178595807065536571 0.00246950562122015592 0.00302667760034289451 0.00337500873525075707 0.00378743046096148128 0.00462691877911202646 0.00500155083635669441 0.00516248814305108293 0.00541636358727699482 0.00592955165006626116 0.00704254727336151021 0.00924354022510049007 0.0111901923047548202 0.0134528732096133759 0.0168859307979865314 0.0217403321048067373 0.0271194347895652235 0.0330795659816515708 0.0395030755039797732 0.046339370660576612 0.0535192537714857391 0.0608966865319692588 0.0685203845719791343 0.0761100548477205707 0.0835892509222827262 0.0908477984764898966 0.0982041759546901233 0.11003183348825929 0.124939182410674365 0.139828330925535899 0.154718574582284829 0.169376592072042143 0.183579654234687889 0.197116565551709422 0.209777301318143011 0.221352071766281827 0.231596063463257423 0.240041247771911215 0.254660685618104121 0.277116595496926132 0.300699649812750713
-9999 0.00124987568985732785 0.00185480007934297466 0.00239741382012599851 0.00301780485613577926 0.00340473060943149216 0.00355707312934423541 0.00383195752111594682 0.0044333338527865751 0.00497747533404982803 0.00545248894667817608 0.00623625288324499826 0.00761437914689587752 0.00953977806809176709 0.0121033995914099097 0.0150217822590875683 0.0186777345982855267 0.0229067532809551534 0.0276814659616360925 0.0326584451254219518 0.0379494081071275677 0.0436204100338198342 0.049466413046165697 0.0564951876423118171 0.0666623116216404077 0.0785340429475864243 0.0907054473432739594 0.103280115625695543 0.116158095975471859 0.129073023027845596 0.142105202895095206 0.154933838199898838 0.166411432293182504 0.177732571247964821 0.188166211000747846 0.198030194322170422 0.209873016526614775 0.230401133679929704 0.2505194989321326 0.269878789495971272 0.288454587801313944 0.306158502719044823 0.322798360294526465 0.338256352316435693 0.352344370899091985 0.364906640472485944 0.375452231983788298 0.389470254845040165 0.417309044416951991 0.447134713396307393
0.0049907761187784087 0.00597914979806706513 0.00666374147676272732 0.00752288158486111302 0.00821612712013094007 0.00973015098106174217 0.0116537299532089474 0.0139814548592472488 0.0166249840460826991 0.019509768157635686 0.0239874109760632656 0.030081913114469179 0.0369290756838565465 0.0445012911541866063 0.0520838370927122762 0.0615155191658988132 0.0714099892571808809 0.0818254670882115204 0.0920796401389737673 0.102622833702990995 0.113803532830371035 0.124593009693558826 0.135264464759294045 0.145886747356213847 0.158946461426324376 0.177896228912181736 0.19954297171600624 0.220709850099800375 0.240839977802626615 0.260799725610790567 0.279321998877657851 0.298294419939737598 0.315805859954952139 0.331736276551318043 0.346411967123175846 0.359079214146393877 0.372412057229433657 0.393883413498322454 0.424121091616904922 0.453070743356915495 0.479766301514062077 0.503972308828098625 0.526113787427220925 0.546145999637350332 0.563900916644597072 0.578433894242479374 0.590578085521073382 0.606217709186003262 0.629540519033481849 0.650373638764696893
0.0272220256506209117 0.0315041426888519951 0.0359032054317135543 0.0410698935028259507 0.0466949329889010945 0.0536433158425810991 0.0603694205742030948 0.0675306857477538103 0.0751401004199855199 0.0831007806862601311 0.092750252620413573 0.106169577787375652 0.120885686109032997 0.137948297539805476 0.156026257969379883 0.175443726217803964 0.194958708748342591 0.214189551252805865 0.23272532131520135 0.251197676808349257 0.269045531063452137 0.287609782406378356 0.305218129936464078 0.32168821168276801 0.336713431879765379 0.355350173216494203 0.376724283466721599 0.400875089783629068 0.430020395332780414 0.458925921631917977 0.487251638251712638 0.513368824229899712 0.537159154425637109 0.55785910142562134 0.57591787782659265 0.590641377367519982 0.601484497349393799 0.614422345893102961 0.64388946133964553 0.673042587633180589 0.704213495806199852 0.737732420559662705 0.767944938610346073 0.795043287624449313 0.817997261637656403 0.835702904441074312 0.850377020381279047 0.862174994376525117 0.870556674331522951 0.875771655356506584
0.132811907053057066 0.144289398146678738 0.155488968470290922 0.167755763020585119 0.180429493477459957 0.193551722013671879 0.208685389933181642 0.222425673092944504 0.23578253396738294 0.248627251169665997 0.260848413672763957 0.278909408314978957 0.306106930723081816 0.335064727593747502 0.364259123624449177 0.393686165238475327 0.421085004879989844 0.447250988247736236 0.471625743155048571 0.495634037436682051 0.518428560654834558 0.540527553168224761 0.56342105592587044 0.584340629042797266 0.607100229293472182 0.629909544036602598 0.645257429359357149 0.662783125113115879 0.692722161074256215 0.723391311532220027 0.750946016081798895 0.775104752817956544 0.796743518649456917 0.815631559337238077 0.833668590555234568 0.849586347582631851 0.863245962700250891 0.873058314894928467 0.878549900896406277 0.887167241151945563 0.909967581505751189 0.941365297659149003 0.969990964355392893 0.994813649028835623 1.01609059427377346 1.03432803865610601 1.05013899026514435 1.05891969957866428 1.06353064284797849 1.06715871018921127
0.368197047409322353 0.387657687167198894 0.407639836937295885 0.427475702748552178 0.447278832225334544 0.467131199551808374 0.487044853368549191 0.509197035119833941 0.528809405471692084 0.548259836188626948 0.565300330449051702 0.589554256497952678 0.618836536140090709 0.6483115805133568 0.677907152237325228 0.71020938565516134 0.7462979824299244 0.783906948512585355 0.819281111339485113 0.851374790013417426 0.878993786631436125 0.902159385413059067 0.920204259861764906 0.93586401832451227 0.95618258331098005 0.976947285098093143 0.990173909630216564 1.00159237042851013 1.00973636916070486 1.01756893419519834 1.03914852080492026 1.06386777302760449 1.08709223901730123 1.10895655236872304 1.12988814406984583 1.14770583868606679 1.16069769102785925 1.16881519191588801 1.17278552795515023 1.17828835429734724 1.20024229998501419 1.22971587762198409 1.25775022157453442 1.28038000960161913 1.30279264789372928 1.32228522598537079 1.3377001850669854 1.34781666620582441 1.34877036978231324 1.34451785770628596
0.687150107751573147 0.712542513073122885 0.737767760089917735 0.762417611721506461 0.786627942130112445 0.810520741137937928 0.834087691067665227 0.856813664513723205 0.881659272681436845 0.901103689082929926 0.923510412645715428 0.944497973215707165 0.962896391237773153 0.981430212857755557 1.00843962049330038 1.04041908554949902 1.07630477651618639 1.1140258016314919 1.14901171761801368 1.17986504848320783 1.20696370100977046 1.23293394231108122 1.25328693232621857 1.26892979928101624 1.27935120185319229 1.28480233290500356 1.29477194542638907 1.30143718805806752 1.3048911643456429 1.30802000910381633 1.32701694551589 1.3491600957312202 1.36860609235465147 1.38700973655151372 1.40138383093465757 1.41032022852789263 1.41153802363945657 1.4090474020663577 1.40317740748017794 1.39410909697685725 1.39691282806061445 1.41911582788114821 1.43831227439385567 1.45845444774187838 1.47619948169563697 1.48916887877140347 1.49561541181376301 1.4973176918477078 1.49452208752793636 1.48890934892374527
1.02928075194098412 1.05788990013005546 1.08600917267929398 1.11279349647834103 1.1383057492298907 1.16306726786974335 1.18782759661863313 1.21294383246557991 1.23492143336839866 1.2604411304066685 1.28079354717285154 1.29718253358076607 1.3102172092615556 1.32584329484973584 1.34753026539640652 1.36212852856593747 1.37314374756982205 1.39418036854075056 1.41813112472289093 1.43857165029308032 1.45617639353649131 1.47285683871869977 1.48656784520858509 1.49665157492706302 1.50093750597921849 1.50854767480400187 1.51860534864618568 1.52414193566329415 1.53001646497711352 1.54561329009188553 1.56333729413477185 1.57868025792933953 1.59085714830495317 1.602232462439243 1.61057124116195172 1.61375097876752616 1.61321204310913102 1.60972962787112839 1.60307904017554015 1.59914095589496474 1.60993251819639926 1.62843075769483692 1.64925439691217601 1.66640762090700956 1.68131284547305659 1.6897104709270252 1.69013360074792551 1.68686620791829589 1.6794978389903128 1.66867624067299736
1.37356046976850088 1.40109644393729349 1.42689914440574106 1.45078843613878616 1.4728268677599714 1.4934152175182609 1.51335011636166028 1.53075575292527266 1.55129566596628887 1.57119327008860998 1.59201922494789261 1.60763847794099468 1.61603975959683721 1.6244006709619867 1.63285319406351292 1.63456921454975856 1.64663594474295172 1.66870476641600729 1.69057319303842335 1.70668187271857441 1.71831304020689379 1.72593659586641257 1.73041229957836507 1.72980561069764538 1.72948163578400438 1.7261803415548298 1.71933406918070952 1.70977401102147519 1.71030681873051571 1.72490340547752141 1.74204642225391071 1.75710550353167738 1.76870022912142821 1.77782054844232507 1.78142901672682674 1.78155396589143833 1.77903852497387671 1.77420780392717181 1.76669817057156431 1.76253018288020868 1.77572465464453355 1.79447540977054287 1.81154977970245334 1.826511109337567 1.83495105582889928 1.83530379976919455 1.83338984646540393 1.82940028594143045 1.82281749468925591 1.81192521304348708
1.69276929576304558 1.71565161813313716 1.73669725686892384 1.75513698152622988 1.77145027653110199 1.78425780976249859 1.79585918744815287 1.80598428630608954 1.81430387525517056 1.82162795139762679 1.82834577126152165 1.83637325483324076 1.83873034062085172 1.8404579062133688 1.8501862433585412 1.86511579683034401 1.88777171466124272 1.90849372366585879 1.91811205968652332 1.92073504024970632 1.92019077906936597 1.9198249628342523 1.91806848955806264 1.91582037771151326 1.9123085038192662 1.90608264873575739 1.89757832407039095 1.89790013271536551 1.90894098800261802 1.92035082834152915 1.92919200075269948 1.93591160608338986 1.94061417214329612 1.94386833731428932 1.94373907733564355 1.94036874069435727 1.93521671082327584 1.9288610432420179 1.9213660190704116 1.9209291256935499 1.93749832279269807 1.95301154145921219 1.96658222727926524 1.97337314867124269 1.97487830442349743 1.97005200313815965 1.96684730286498421 1.96004799496873261 1.9531906095722833 1.94082297995662811
1.96621599538368041 1.98389474790811415 2.00027913421113679 2.01392786453459438 2.02370369897721991 2.0317491917627577 2.03879957632797648 2.04410750152997034 2.04638167205864363 2.04683810956653289 2.04706198151425101 2.04805758169112506 2.04754313003230282 2.04663332569031242 2.0614179689420542 2.08255305197332774 2.10318097533119808 2.11630454034727933 2.11778007728013051 2.11261470034303533 2.10685181827689494 2.09866899283769692 2.09175186368709554 2.08584568347299859 2.07884123969806689 2.06990724100435886 2.06324090194987031 2.06979592975054549 2.08099217385986401 2.08812012289315518 2.09128810120888931 2.09246604702486927 2.09210215906421837 2.09021846025548053 2.08712070075807299 2.08262982538621522 2.0767808855561487 2.06597994294046794 2.06068136542852942 2.06824937526524 2.08357222604556114 2.09294872607253746 2.09712557182342074 2.09802795465344971 2.09605236302794751 2.09105052114384371 2.08702991350650091 2.07802048269243622 2.06850463887365743 2.05816631791214943
2.19102510463846478 2.20370289226575933 2.21488399930313218 2.2229834372159738 2.22929386307749189 2.2332727422088503 2.23555810252132359 2.23649687941438424 2.2359892988522061 2.23397819504194217 2.23180745730099472 2.2297135565631665 2.22694147516925645 2.22853133679071425 2.24860168545974348 2.27205198396739139 2.28036040462138656 2.28217473887578493 2.27595175590280174 2.26972344796546555 2.26064377277123274 2.25102244288648778 2.24172573235668038 2.23292351818528889 2.22372478719842492 2.21308474345646333 2.21078413582578293 2.2182639280288865 2.22430383864284442 2.22651891520612821 2.22722402802354802 2.22482772769862702 2.22022020779046025 2.21388931132956124 2.20706873183556951 2.20011245118613941 2.19258430122001746 2.18117927221676267 2.17866540594576374 2.19133753202135395 2.20264442240172098 2.20437884529999817 2.20377783110739145 2.20098892204334229 2.19795902290380463 2.19130180241013139 2.18614737582771079 2.17390117949470874 2.16329136725112781 2.15300287871286855
2.35961542899931809 2.36627433699290668 2.37238574225256738 2.37692927594797521 2.37853175185552201 2.38154564796909929 2.38266121113947049 2.38157398194707781 2.37793916154377394 2.37273207695391752 2.36791233419251546 2.36282043381797546 2.36067604489397498 2.37763272125922942 2.40149907272595176 2.40829587692859626 2.40470882057072721 2.39903868660340747 2.39281781649809977 2.38623193334874761 2.37454706126802151 2.36377524878631373 2.35316563994246364 2.34237368534837787 2.33081537056076016 2.32243372796164849 2.32559899690991045 2.33158131745243535 2.33329839589062393 2.33268656092916471 2.32885196989506671 2.32209012144808291 2.3136831274222236 2.30403170995864848 2.29372180175788953 2.28368980425694845 2.27422779381238005 2.26597164835483289 2.26905769102632382 2.28339800314886077 2.29043215305870396 2.28842773287963475 2.28663227009455294 2.28205004250782917 2.27578973996041034 2.2683740864944375 2.25915437302066868 2.24687360440789297 2.23486627443472585 2.23275738767256327
2.46509301844463424 2.47069271618753694 2.47441105736204747 2.47672663921430569 2.47605613315198614 2.4748955285815013 2.47435091398162488 2.47240613369683881 2.46881595359478645 2.46389512977033043 2.45826071589026451 2.45077378748993668 2.46289546367529111 2.48447510348143563 2.49098780692581112 2.48461752075834408 2.47811760670265757 2.47383390945108905 2.46796992609172827 2.46081614266888637 2.44762680846384928 2.43595115724653599 2.42347635349915302 2.41049350160632914 2.39735335941953664 2.39636626985505297 2.4043886245942061 2.40689558001524251 2.40644253229195426 2.40226119141558492 2.39424309535873414 2.38364769941349186 2.37185355904809558 2.35938311994932892 2.3471684203170291 2.33483911925391707 2.32281494160262003 2.31905515037571064 2.33422659856588677 2.34458799364155634 2.34622242822044491 2.34434195677754031 2.34070341772609725 2.33442479187194118 2.32705561849374165 2.31480956027419271 2.30600472822778979 2.29205151729877654 2.28079017169827125 2.29109737305141792
2.50920024332505598 2.5136868072094618 2.51654355686236109 2.51624618597764282 2.51384694157164867 2.51240632057869639 2.50950968349678805 2.50677277792872788 2.5030963690717396 2.49858181969306248 2.49198258439434683 2.48876499781925098 2.5104807727301699 2.51926914919839762 2.51788364486714711 2.51098777287071595 2.50582771702488705 2.50084167283239944 2.49462825690142598 2.48763340320773674 2.47586364087655131 2.46236915155468994 2.44809506021390799 2.43338321373169686 2.4272401102341945 2.43499139528215913 2.44071504637816572 2.44142825135818731 2.43894928799866983 2.43193573301978372 2.42148355457745534 2.408665696917351 2.39493068930820519 2.38090262986299672 2.36678855036578817 2.3525323142155723 2.34222448450339327 2.35376150859695077 2.36720426140825335 2.37357480485804118 2.37092489726939615 2.36574092039224926 2.36124030104631055 2.35473839219906367 2.34518005910499516 2.33489380423933213 2.32318432349298387 2.3078487681063975 2.30172118950538751 2.32324843899531519
2.51059871364380527 2.51509194568005556 2.51786322651687922 2.51714886355151135 2.51473254524156431 2.51358684006531075 2.51032735785314243 2.50732369892941742 2.50390787575686602 2.49890633804466855 2.49184241356260561 2.4910700940840047 2.51367751696546771 2.52042627801233365 2.51834727211815057 2.51156163352165818 2.50659975448052652 2.50147805427990599 2.49513860597783532 2.48800555801201462 2.47613170878759892 2.4624600937662624 2.44811444344938289 2.43338337301355478 2.42968322687464511 2.43884051897173748 2.4433421045931083 2.44380739987573259 2.44070336751127526 2.43313029621777543 2.42236711119077031 2.40952190801603638 2.39562443632446653 2.38150989781072342 2.3672578900690322 2.35280000421566271 2.34437106828650599 2.36087597621007639 2.37274132164847629 2.37564395937268191 2.3724812195228564 2.36697482080053678 2.36226706251829732 2.35553143276515398 2.34559279093671158 2.33542518981510616 2.32357679799121719 2.30782800640225272 2.30784133821515614 2.33035633173942358
2.48308823603165196 2.48535983554625606 2.48592723080043898 2.48564576041624452 2.48434858660369784 2.48138556337992089 2.47713855214287459 2.47247542925635377 2.4675656941392754 2.46236935965033377 2.45817291598456311 2.47486798227821003 2.49824072856013446 2.50352861657555925 2.49406810811134072 2.4857535854933781 2.48097578779050165 2.47572667280573944 2.46972997333284194 2.46326105404711848 2.44884864925357526 2.43612184155328748 2.42137441412100607 2.41191097964352563 2.41860544753253137 2.42905201663558135 2.43181090939707811 2.43154984177821021 2.42738510577432054 2.41807004302634265 2.40625690001139869 2.39235423730325225 2.37853739683107612 2.36438085908789919 2.3497834174274197 2.33691292769130454 2.3411929716872022 2.3588065094216506 2.36874829208400417 2.36739057086146643 2.36301815745973975 2.35822538432265238 2.35240972215418465 2.34318464159578532 2.33286911232658678 2.32061479282887273 2.30925807586041776 2.29010908765431154 2.30539156109791543 2.32903305114437931
2.39088729624001228 2.39464900268971315 2.39665941455633291 2.39660165808279624 2.39615775401568776 2.3941613483104276 2.39047159707404067 2.38563275174365819 2.38043928490173018 2.37484435557893159 2.38058524269123906 2.3988539770351518 2.42155936242964787 2.42785371134057959 2.42660335441281694 2.41939503148066404 2.41357973321750796 2.41004980957039416 2.40333190972848287 2.39693929424505869 2.38329862838014028 2.37017817357899485 2.35553502558132255 2.35355129688489351 2.37016965129615942 2.38028447213293814 2.38291910879248592 2.38248472167822856 2.3783837967626047 2.3703629577382177 2.35922649577367283 2.34375982343034162 2.33114087123375713 2.31766539928471049 2.30352375878336835 2.2927136846277052 2.30559812187177959 2.32506786151859801 2.33481131491616001 2.33276867785697828 2.32900797904649925 2.32398099285908932 2.31683169987858451 2.30634396048943913 2.29576072529641362 2.28321607086354117 2.27105097771224695 2.25155968319350785 2.27368022303766937 2.29730355623237781
2.24485455688911717 2.25038184004470132 2.2552398932404496 2.25810154272429298 2.25864152902796755 2.25830579985858249 2.256389934071513 2.25275815316904504 2.24801115938115759 2.24300892903115479 2.25121121123359469 2.26679918463655161 2.28128326904723266 2.29319615743428251 2.30513819004896714 2.30835670934593917 2.30682521325554735 2.30506383587307351 2.30029143489388943 2.29525437754213435 2.28179784559647647 2.2699965147611767 2.25612574770915764 2.25709954965996706 2.27530268161597471 2.28721447404101408 2.29243252337600589 2.29400191643765439 2.29254027342644662 2.28557798454402628 2.27823668126183199 2.26490873544135285 2.25563454758640436 2.24143706596338754 2.22898854461620433 2.21843591271319962 2.23211008562786795 2.25210093905774711 2.26585672986796194 2.26344358548228763 2.25894653524256661 2.25375042324141894 2.2488143911257068 2.23634859554280885 2.22481190606932877 2.21159621899830494 2.20140139263630763 2.18848051800501553 2.20810127686251612 2.23357327073649836
