data/CoulombOnly/Outputs_CoulombOnly_V1/release1HS_03CoulombOnly_null_TRENT2D_pfv.asc
ncols 1001
nrows  301
cellsize  5.000
xllcenter     1000.00
yllcenter    -5000.00
NODATA_value nan
[rows 140 to 174 of 301, columns 539 to 615 of 1001]
61.453 61.149 60.843 60.536 60.226 59.915 59.602 59.286 58.969 58.650 58.328 58.005 57.679 57.351 57.021 56.689 56.355 56.018 55.679 55.338 54.994 54.648 54.299 53.948 53.594 53.237 52.878 52.516 52.151 51.783 51.413 51.039 50.663 50.283 49.900 49.513 49.123 48.730 48.334 47.933 47.529 47.122 46.710 46.294 45.874 45.449 45.020 44.587 44.148 43.705 43.256 42.801 42.341 41.876 41.403 40.925 40.440 39.948 39.448 38.941 38.426 37.902 37.369 36.828 36.277 35.715 35.143 34.559 33.964 33.355 32.734 32.098 31.446 30.779 30.095 29.391 28.667
61.783 61.476 61.167 60.857 60.545 60.231 59.915 59.597 59.277 58.955 58.631 58.305 57.977 57.648 57.316 56.981 56.645 56.306 55.965 55.622 55.276 54.928 54.578 54.225 53.869 53.511 53.151 52.787 52.421 52.052 51.680 51.306 50.928 50.547 50.163 49.776 49.386 48.992 48.595 48.194 47.790 47.382 46.970 46.554 46.134 45.710 45.281 44.848 44.411 43.968 43.520 43.067 42.609 42.144 41.674 41.197 40.714 40.223 39.726 39.221 38.708 38.187 37.657 37.118 36.570 36.011 35.442 34.861 34.269 33.664 33.046 32.414 31.767 31.105 30.425 29.726 29.008
62.052 61.743 61.432 61.120 60.806 60.489 60.171 59.852 59.530 59.206 58.881 58.553 58.224 57.892 57.558 57.222 56.885 56.544 56.202 55.857 55.511 55.161 54.810 54.455 54.099 53.740 53.378 53.014 52.647 52.277 51.904 51.529 51.151 50.769 50.385 49.997 49.607 49.213 48.815 48.414 48.010 47.602 47.190 46.774 46.355 45.931 45.503 45.071 44.634 44.192 43.745 43.293 42.836 42.373 41.905 41.430 40.948 40.460 39.965 39.462 38.951 38.432 37.905 37.368 36.822 36.266 35.700 35.122 34.533 33.931 33.317 32.688 32.045 31.386 30.710 30.016 29.302
62.273 61.962 61.649 61.335 61.019 60.702 60.382 60.061 59.738 59.413 59.086 58.757 58.426 58.093 57.758 57.421 57.082 56.741 56.397 56.052 55.704 55.354 55.001 54.646 54.289 53.929 53.566 53.201 52.834 52.463 52.090 51.714 51.335 50.954 50.569 50.181 49.790 49.396 48.998 48.598 48.193 47.785 47.373 46.958 46.539 46.115 45.688 45.256 44.820 44.379 43.934 43.483 43.027 42.566 42.098 41.625 41.145 40.659 40.166 39.665 39.157 38.641 38.115 37.582 37.038 36.485 35.921 35.346 34.760 34.161 33.549 32.924 32.284 31.627 30.955 30.265 29.555
62.453 62.141 61.827 61.512 61.195 60.876 60.555 60.233 59.908 59.582 59.254 58.924 58.592 58.258 57.922 57.585 57.244 56.902 56.558 56.212 55.863 55.512 55.158 54.803 54.445 54.084 53.721 53.355 52.987 52.616 52.243 51.866 51.487 51.105 50.720 50.332 49.941 49.547 49.149 48.748 48.344 47.936 47.524 47.109 46.690 46.267 45.840 45.409 44.973 44.533 44.089 43.639 43.184 42.724 42.258 41.786 41.309 40.824 40.333 39.834 39.328 38.814 38.292 37.761 37.220 36.669 36.108 35.536 34.953 34.356 33.747 33.125 32.488 31.835 31.165 30.478 29.771
62.598 62.285 61.970 61.654 61.335 61.016 60.694 60.371 60.046 59.718 59.390 59.059 58.726 58.392 58.055 57.716 57.376 57.033 56.688 56.341 55.991 55.640 55.286 54.930 54.571 54.210 53.846 53.480 53.112 52.741 52.367 51.990 51.610 51.228 50.843 50.454 50.063 49.669 49.271 48.870 48.465 48.058 47.646 47.231 46.812 46.390 45.963 45.532 45.097 44.658 44.214 43.765 43.311 42.852 42.388 41.917 41.441 40.958 40.468 39.972 39.468 38.956 38.436 37.907 37.369 36.822 36.263 35.695 35.114 34.521 33.914 33.294 32.660 32.009 31.342 30.658 29.954
62.710 62.396 62.081 61.764 61.445 61.125 60.802 60.478 60.153 59.825 59.496 59.164 58.831 58.496 58.159 57.820 57.478 57.135 56.790 56.442 56.092 55.741 55.386 55.030 54.671 54.309 53.946 53.579 53.210 52.839 52.465 52.088 51.708 51.325 50.940 50.552 50.160 49.765 49.368 48.967 48.562 48.154 47.743 47.328 46.909 46.487 46.060 45.630 45.195 44.756 44.312 43.864 43.411 42.953 42.490 42.020 41.545 41.064 40.576 40.081 39.579 39.069 38.551 38.024 37.489 36.944 36.389 35.823 35.245 34.654 34.051 33.434 32.802 32.154 31.490 30.808 30.107
62.795 62.480 62.164 61.847 61.528 61.207 60.884 60.560 60.234 59.906 59.576 59.244 58.911 58.575 58.238 57.898 57.557 57.213 56.867 56.519 56.170 55.817 55.463 55.106 54.747 54.385 54.021 53.655 53.286 52.914 52.540 52.163 51.783 51.400 51.015 50.626 50.235 49.840 49.442 49.041 48.637 48.229 47.818 47.403 46.984 46.562 46.135 45.705 45.270 44.832 44.388 43.940 43.488 43.030 42.567 42.099 41.625 41.145 40.659 40.165 39.664 39.156 38.640 38.116 37.582 37.039 36.487 35.923 35.347 34.760 34.160 33.546 32.916 32.271 31.609 30.929 30.230
62.855 62.540 62.224 61.906 61.587 61.266 60.943 60.618 60.292 59.964 59.634 59.302 58.968 58.632 58.295 57.955 57.613 57.269 56.924 56.576 56.226 55.873 55.518 55.162 54.802 54.441 54.076 53.710 53.341 52.969 52.595 52.218 51.838 51.455 51.070 50.681 50.290 49.895 49.497 49.096 48.692 48.284 47.873 47.458 47.039 46.617 46.191 45.761 45.326 44.888 44.445 43.997 43.545 43.088 42.626 42.158 41.685 41.205 40.719 40.227 39.728 39.221 38.706 38.183 37.652 37.110 36.559 35.998 35.424 34.839 34.241 33.629 33.003 32.360 31.700 31.022 30.325
62.894 62.580 62.264 61.946 61.626 61.305 60.982 60.657 60.331 60.002 59.672 59.340 59.007 58.671 58.333 57.993 57.652 57.308 56.962 56.614 56.264 55.911 55.557 55.200 54.840 54.479 54.114 53.748 53.379 53.007 52.633 52.256 51.876 51.493 51.108 50.719 50.328 49.933 49.535 49.135 48.730 48.323 47.912 47.497 47.078 46.656 46.230 45.800 45.366 44.927 44.484 44.037 43.585 43.128 42.666 42.199 41.726 41.247 40.762 40.271 39.772 39.266 38.753 38.231 37.700 37.160 36.610 36.050 35.478 34.895 34.298 33.688 33.063 32.422 31.763 31.087 30.391
62.917 62.602 62.286 61.968 61.648 61.327 61.004 60.680 60.353 60.025 59.695 59.363 59.029 58.693 58.355 58.016 57.674 57.330 56.984 56.636 56.286 55.933 55.579 55.222 54.863 54.501 54.137 53.770 53.401 53.030 52.655 52.278 51.899 51.516 51.130 50.742 50.351 49.956 49.558 49.158 48.754 48.346 47.935 47.520 47.102 46.680 46.254 45.824 45.390 44.951 44.509 44.062 43.610 43.153 42.691 42.224 41.752 41.273 40.788 40.297 39.799 39.293 38.780 38.259 37.728 37.189 36.640 36.080 35.509 34.926 34.330 33.721 33.097 32.457 31.799 31.123 30.429
62.894 62.580 62.264 61.946 61.626 61.305 60.982 60.657 60.331 60.002 59.672 59.340 59.007 58.671 58.333 57.993 57.652 57.308 56.962 56.614 56.264 55.911 55.557 55.200 54.840 54.479 54.114 53.748 53.379 53.007 52.633 52.256 51.876 51.493 51.108 50.719 50.328 49.933 49.535 49.135 48.730 48.323 47.912 47.497 47.078 46.656 46.230 45.800 45.366 44.927 44.484 44.037 43.585 43.128 42.666 42.199 41.726 41.247 40.762 40.271 39.772 39.266 38.753 38.231 37.700 37.160 36.610 36.050 35.478 34.895 34.298 33.688 33.063 32.422 31.763 31.087 30.391
62.855 62.540 62.224 61.906 61.587 61.266 60.943 60.618 60.292 59.964 59.634 59.302 58.968 58.632 58.295 57.955 57.613 57.269 56.924 56.576 56.226 55.873 55.518 55.162 54.802 54.441 54.076 53.710 53.341 52.969 52.595 52.218 51.838 51.455 51.070 50.681 50.290 49.895 49.497 49.096 48.692 48.284 47.873 47.458 47.039 46.617 46.191 45.761 45.326 44.888 44.445 43.997 43.545 43.088 42.626 42.158 41.685 41.205 40.719 40.227 39.728 39.221 38.706 38.183 37.652 37.110 36.559 35.998 35.424 34.839 34.241 33.629 33.003 32.360 31.700 31.022 30.325
62.795 62.480 62.164 61.847 61.528 61.207 60.884 60.560 60.234 59.906 59.576 59.244 58.911 58.575 58.238 57.898 57.557 57.213 56.867 56.519 56.170 55.817 55.463 55.106 54.747 54.385 54.021 53.655 53.286 52.914 52.540 52.163 51.783 51.400 51.015 50.626 50.235 49.840 49.442 49.041 48.637 48.229 47.818 47.403 46.984 46.562 46.135 45.705 45.270 44.832 44.388 43.940 43.488 43.030 42.567 42.099 41.625 41.145 40.659 40.165 39.664 39.156 38.640 38.116 37.582 37.039 36.487 35.923 35.347 34.760 34.160 33.546 32.916 32.271 31.609 30.929 30.230
62.710 62.396 62.081 61.764 61.445 61.125 60.802 60.478 60.153 59.825 59.496 59.164 58.831 58.496 58.159 57.820 57.478 57.135 56.790 56.442 56.092 55.741 55.386 55.030 54.671 54.309 53.946 53.579 53.210 52.839 52.465 52.088 51.708 51.325 50.940 50.552 50.160 49.765 49.368 48.967 48.562 48.154 47.743 47.328 46.909 46.487 46.060 45.630 45.195 44.756 44.312 43.864 43.411 42.953 42.490 42.020 41.545 41.064 40.576 40.081 39.579 39.069 38.551 38.024 37.489 36.944 36.389 35.823 35.245 34.654 34.051 33.434 32.802 32.154 31.490 30.808 30.107
62.598 62.285 61.970 61.654 61.335 61.016 60.694 60.371 60.046 59.718 59.390 59.059 58.726 58.392 58.055 57.716 57.376 57.033 56.688 56.341 55.991 55.640 55.286 54.930 54.571 54.210 53.846 53.480 53.112 52.741 52.367 51.990 51.610 51.228 50.843 50.454 50.063 49.669 49.271 48.870 48.465 48.058 47.646 47.231 46.812 46.390 45.963 45.532 45.097 44.658 44.214 43.765 43.311 42.852 42.388 41.917 41.441 40.958 40.468 39.972 39.468 38.956 38.436 37.907 37.369 36.822 36.263 35.695 35.114 34.521 33.914 33.294 32.660 32.009 31.342 30.658 29.954
62.453 62.141 61.827 61.512 61.195 60.876 60.555 60.233 59.908 59.582 59.254 58.924 58.592 58.258 57.922 57.585 57.244 56.902 56.558 56.212 55.863 55.512 55.158 54.803 54.445 54.084 53.721 53.355 52.987 52.616 52.243 51.866 51.487 51.105 50.720 50.332 49.941 49.547 49.149 48.748 48.344 47.936 47.524 47.109 46.690 46.267 45.840 45.409 44.973 44.533 44.089 43.639 43.184 42.724 42.258 41.786 41.309 40.824 40.333 39.834 39.328 38.814 38.292 37.761 37.220 36.669 36.108 35.536 34.953 34.356 33.747 33.125 32.488 31.835 31.165 30.478 29.771
62.273 61.962 61.649 61.335 61.019 60.702 60.382 60.061 59.738 59.413 59.086 58.757 58.426 58.093 57.758 57.421 57.082 56.741 56.397 56.052 55.704 55.354 55.001 54.646 54.289 53.929 53.566 53.201 52.834 52.463 52.090 51.714 51.335 50.954 50.569 50.181 49.790 49.396 48.998 48.598 48.193 47.785 47.373 46.958 46.539 46.115 45.688 45.256 44.820 44.379 43.934 43.483 43.027 42.566 42.098 41.625 41.145 40.659 40.166 39.665 39.157 38.641 38.115 37.582 37.038 36.485 35.921 35.346 34.760 34.161 33.549 32.924 32.284 31.627 30.955 30.265 29.555
62.052 61.743 61.432 61.120 60.806 60.489 60.171 59.852 59.530 59.206 58.881 58.553 58.224 57.892 57.558 57.222 56.885 56.544 56.202 55.857 55.511 55.161 54.810 54.455 54.099 53.740 53.378 53.014 52.647 52.277 51.904 51.529 51.151 50.769 50.385 49.997 49.607 49.213 48.815 48.414 48.010 47.602 47.190 46.774 46.355 45.931 45.503 45.071 44.634 44.192 43.745 43.293 42.836 42.373 41.905 41.430 40.948 40.460 39.965 39.462 38.951 38.432 37.905 37.368 36.822 36.266 35.700 35.122 34.533 33.931 33.317 32.688 32.045 31.386 30.710 30.016 29.302
61.783 61.476 61.167 60.857 60.545 60.231 59.915 59.597 59.277 58.955 58.631 58.305 57.977 57.648 57.316 56.981 56.645 56.306 55.965 55.622 55.276 54.928 54.578 54.225 53.869 53.511 53.151 52.787 52.421 52.052 51.680 51.306 50.928 50.547 50.163 49.776 49.386 48.992 48.595 48.194 47.790 47.382 46.970 46.554 46.134 45.710 45.281 44.848 44.411 43.968 43.520 43.067 42.609 42.144 41.674 41.197 40.714 40.223 39.726 39.221 38.708 38.187 37.657 37.118 36.570 36.011 35.442 34.861 34.269 33.664 33.046 32.414 31.767 31.105 30.425 29.726 29.008
61.453 61.149 60.843 60.536 60.226 59.915 59.602 59.286 58.969 58.650 58.328 58.005 57.679 57.351 57.021 56.689 56.355 56.018 55.679 55.338 54.994 54.648 54.299 53.948 53.594 53.237 52.878 52.516 52.151 51.783 51.413 51.039 50.663 50.283 49.900 49.513 49.123 48.730 48.334 47.933 47.529 47.122 46.710 46.294 45.874 45.449 45.020 44.587 44.148 43.705 43.256 42.801 42.341 41.876 41.403 40.925 40.440 39.948 39.448 38.941 38.426 37.902 37.369 36.828 36.277 35.715 35.143 34.559 33.964 33.355 32.734 32.098 31.446 30.779 30.095 29.391 28.667
61.049 60.749 60.447 60.143 59.837 59.530 59.220 58.908 58.595 58.279 57.961 57.640 57.318 56.994 56.667 56.337 56.006 55.672 55.336 54.997 54.655 54.312 53.965 53.616 53.264 52.910 52.553 52.193 51.830 51.464 51.095 50.723 50.348 49.969 49.588 49.203 48.814 48.422 48.026 47.626 47.223 46.816 46.404 45.988 45.568 45.144 44.714 44.280 43.841 43.396 42.947 42.491 42.030 41.563 41.089 40.608 40.122 39.627 39.126 38.616 38.099 37.573 37.037 36.493 35.938 35.374 34.798 34.210 33.611 32.999 32.373 31.733 31.078 30.406 29.715 29.006 28.275
60.544 60.250 59.954 59.657 59.357 59.055 58.750 58.444 58.135 57.825 57.511 57.196 56.878 56.558 56.235 55.911 55.583 55.253 54.921 54.586 54.248 53.908 53.565 53.219 52.871 52.519 52.165 51.808 51.447 51.084 50.718 50.348 49.975 49.598 49.219 48.835 48.448 48.057 47.663 47.264 46.862 46.455 46.044 45.629 45.209 44.785 44.355 43.921 43.481 43.036 42.585 42.129 41.667 41.198 40.723 40.241 39.752 39.256 38.752 38.240 37.720 37.191 36.653 36.106 35.548 34.980 34.401 33.810 33.207 32.591 31.961 31.316 30.655 29.977 29.281 28.564 27.826
59.899 59.614 59.328 59.039 58.748 58.454 58.158 57.860 57.559 57.256 56.950 56.642 56.331 56.018 55.702 55.383 55.062 54.738 54.412 54.082 53.750 53.415 53.077 52.736 52.392 52.045 51.695 51.342 50.986 50.626 50.263 49.897 49.527 49.154 48.777 48.396 48.011 47.623 47.231 46.834 46.433 46.028 45.618 45.204 44.785 44.361 43.932 43.498 43.058 42.613 42.162 41.705 41.242 40.773 40.296 39.813 39.322 38.824 38.319 37.804 37.282 36.751 36.210 35.660 35.099 34.528 33.946 33.351 32.744 32.124 31.489 30.839 30.173 29.488 28.785 28.060 27.313
59.056 58.787 58.516 58.241 57.963 57.683 57.399 57.113 56.824 56.532 56.237 55.940 55.639 55.336 55.030 54.721 54.409 54.094 53.776 53.455 53.131 52.803 52.473 52.139 51.802 51.462 51.119 50.771 50.421 50.067 49.710 49.348 48.983 48.614 48.242 47.865 47.485 47.100 46.711 46.318 45.920 45.517 45.110 44.698 44.281 43.858 43.431 42.998 42.559 42.115 41.664 41.207 40.744 40.274 39.797 39.314 38.822 38.324 37.816 37.301 36.777 36.244 35.701 35.148 34.585 34.011 33.425 32.827 32.216 31.591 30.951 30.296 29.622 28.931 28.219 27.485 26.725
57.911 57.671 57.426 57.177 56.923 56.666 56.404 56.138 55.869 55.595 55.318 55.037 54.753 54.465 54.174 53.879 53.580 53.279 52.973 52.664 52.352 52.036 51.716 51.394 51.067 50.737 50.403 50.065 49.723 49.378 49.028 48.675 48.317 47.956 47.590 47.220 46.845 46.466 46.083 45.695 45.302 44.904 44.501 44.093 43.679 43.260 42.836 42.405 41.969 41.527 41.078 40.622 40.161 39.692 39.216 38.733 38.242 37.743 37.236 36.720 36.195 35.661 35.116 34.562 33.997 33.420 32.831 32.230 31.615 30.985 30.339 29.677 28.997 28.296 27.574 26.827 26.053
56.293 56.101 55.902 55.698 55.486 55.268 55.045 54.816 54.581 54.340 54.094 53.843 53.586 53.325 53.058 52.787 52.511 52.231 51.946 51.656 51.362 51.064 50.762 50.455 50.144 49.828 49.508 49.184 48.856 48.523 48.186 47.844 47.498 47.147 46.791 46.431 46.066 45.696 45.321 44.941 44.556 44.165 43.769 43.368 42.961 42.547 42.128 41.703 41.271 40.833 40.389 39.937 39.478 39.012 38.539 38.058 37.568 37.071 36.564 36.050 35.525 34.991 34.446 33.890 33.323 32.744 32.152 31.547 30.928 30.293 29.642 28.973 28.283 27.573 26.838 26.075 25.282
54.010 53.888 53.757 53.618 53.469 53.313 53.148 52.975 52.795 52.606 52.410 52.207 51.996 51.779 51.554 51.323 51.085 50.840 50.590 50.333 50.070 49.801 49.526 49.246 48.960 48.669 48.371 48.069 47.761 47.449 47.130 46.806 46.477 46.143 45.803 45.458 45.107 44.751 44.389 44.022 43.648 43.269 42.884 42.493 42.095 41.692 41.282 40.865 40.441 40.011 39.573 39.128 38.675 38.215 37.746 37.269 36.784 36.290 35.787 35.274 34.751 34.218 33.673 33.118 32.550 31.970 31.376 30.769 30.146 29.506 28.847 28.169 27.469 26.743 25.991 25.208 24.389
50.811 50.801 50.778 50.741 50.690 50.625 50.547 50.456 50.354 50.239 50.114 49.978 49.832 49.675 49.509 49.334 49.152 48.961 48.762 48.555 48.340 48.117 47.886 47.648 47.402 47.149 46.888 46.620 46.345 46.064 45.776 45.481 45.179 44.870 44.556 44.234 43.906 43.571 43.230 42.881 42.527 42.166 41.798 41.422 41.040 40.651 40.255 39.851 39.440 39.021 38.595 38.160 37.717 37.266 36.806 36.337 35.859 35.371 34.874 34.366 33.848 33.319 32.778 32.226 31.660 31.080 30.486 29.874 29.246 28.599 27.931 27.239 26.522 25.777 25.001 24.190 23.340
46.362 46.518 46.651 46.760 46.846 46.911 46.953 46.976 46.985 46.981 46.965 46.934 46.890 46.832 46.761 46.676 46.578 46.467 46.345 46.211 46.065 45.909 45.741 45.563 45.374 45.175 44.966 44.748 44.519 44.281 44.034 43.779 43.514 43.241 42.960 42.672 42.377 42.075 41.764 41.445 41.119 40.784 40.442 40.091 39.732 39.366 38.991 38.608 38.216 37.816 37.407 36.990 36.564 36.128 35.683 35.229 34.764 34.289 33.803 33.306 32.796 32.274 31.739 31.189 30.624 30.043 29.444 28.827 28.189 27.529 26.845 26.135 25.396 24.625 23.819 22.972 22.083
40.212 40.650 41.031 41.364 41.655 41.908 42.130 42.327 42.498 42.646 42.769 42.871 42.951 43.009 43.048 43.068 43.073 43.067 43.049 43.017 42.971 42.911 42.837 42.750 42.649 42.535 42.408 42.268 42.116 41.952 41.776 41.589 41.390 41.179 40.957 40.724 40.480 40.226 39.961 39.685 39.399 39.103 38.797 38.481 38.156 37.820 37.475 37.120 36.756 36.382 35.997 35.603 35.198 34.783 34.357 33.919 33.470 33.009 32.534 32.047 31.545 31.028 30.496 29.948 29.381 28.795 28.189 27.561 26.909 26.232 25.528 24.792 24.024 23.218 22.373 21.487 20.562
29.979 31.115 32.339 33.349 34.193 34.929 35.551 36.082 36.544 36.946 37.294 37.595 37.857 38.085 38.284 38.456 38.603 38.726 38.827 38.907 38.966 39.006 39.030 39.038 39.034 39.018 38.988 38.945 38.887 38.816 38.730 38.631 38.517 38.389 38.248 38.093 37.924 37.742 37.546 37.337 37.116 36.881 36.634 36.374 36.101 35.815 35.518 35.208 34.886 34.550 34.203 33.843 33.470 33.084 32.685 32.271 31.844 31.401 30.944 30.470 29.980 29.472 28.945 28.397 27.829 27.238 26.623 25.982 25.312 24.613 23.880 23.112 22.305 21.460 20.580 19.673 18.745
nan nan 30.402 29.494 28.831 28.514 27.995 27.721 27.193 28.295 29.294 30.159 30.902 31.558 32.118 32.586 32.982 33.319 33.605 33.850 34.060 34.239 34.389 34.514 34.616 34.697 34.758 34.800 34.826 34.838 34.838 34.827 34.802 34.763 34.710 34.643 34.561 34.465 34.354 34.227 34.085 33.928 33.755 33.567 33.364 33.145 32.911 32.661 32.396 32.115 31.819 31.507 31.179 30.835 30.474 30.096 29.700 29.286 28.853 28.399 27.924 27.428 26.909 26.363 25.793 25.195 24.566 23.904 23.210 22.481 21.715 20.917 20.092 19.241 18.366 17.473 16.569
nan nan nan nan nan nan nan nan nan nan 27.323 26.730 26.248 25.945 25.474 25.122 24.733 25.691 26.580 27.273 27.850 28.354 28.764 29.103 29.384 29.620 29.817 29.978 30.107 30.211 30.292 30.352 30.393 30.418 30.430 30.432 30.422 30.401 30.367 30.318 30.254 30.175 30.080 29.968 29.839 29.694 29.530 29.349 29.149 28.931 28.694 28.438 28.163 27.868 27.553 27.217 26.859 26.477 26.070 25.638 25.180 24.692 24.178 23.632 23.055 22.447 21.806 21.133 20.433 19.703 18.947 18.165 17.362 16.541 15.709 15.084 14.636
nan nan nan nan nan nan nan nan nan nan nan nan nan nan nan nan nan 22.661 24.344 23.754 23.204 22.802 22.562 22.277 22.564 23.307 23.839 24.265 24.638 24.957 25.215 25.418 25.568 25.679 25.761 25.817 25.849 25.862 25.864 25.855 25.835 25.804 25.760 25.704 25.632 25.545 25.441 25.318 25.177 25.014 24.831 24.627 24.400 24.149 23.874 23.576 23.251 22.896 22.512 22.098 21.654 21.179 20.673 20.139 19.575 18.981 18.359 17.711 17.038 16.344 15.630 14.898 14.471 14.063 13.660 13.253 12.834
