data/CoulombOnly/Outputs_CoulombOnly_V1/release1HS_03CoulombOnly_null_TRENT2D_pfv.asc
ncols 1001
nrows  301
cellsize  5.000
xllcenter     1000.00
yllcenter    -5000.00
NODATA_value nan
[rows 140 to 174 of 301, columns 616 to 692 of 1001]
27.920 27.149 26.351 25.521 24.655 23.746 23.004 22.433 21.859 21.283 20.701 20.112 19.512 18.898 18.273 17.627 16.961 16.266 15.539 14.782 13.985 13.139 12.238 11.268 10.219 9.064 7.781 6.282 4.618 3.253 1.921 nan nan nan nan nan nan nan nan nan nan nan nan nan nan nan nan nan nan nan nan nan nan nan nan nan nan nan nan nan nan nan nan nan nan nan nan nan nan nan nan nan nan nan nan nan nan
28.267 27.503 26.712 25.892 25.038 24.144 23.294 22.723 22.149 21.573 20.991 20.400 19.801 19.188 18.562 17.915 17.247 16.558 15.842 15.093 14.305 13.474 12.588 11.635 10.609 9.471 8.221 6.828 5.262 3.911 2.640 nan nan nan nan nan nan nan nan nan nan nan nan nan nan nan nan nan nan nan nan nan nan nan nan nan nan nan nan nan nan nan nan nan nan nan nan nan nan nan nan nan nan nan nan nan nan
28.567 27.808 27.024 26.211 25.367 24.484 23.555 22.977 22.403 21.826 21.242 20.651 20.049 19.433 18.805 18.159 17.496 16.810 16.100 15.355 14.574 13.748 12.876 11.932 10.919 9.828 8.630 7.292 5.782 4.289 3.088 1.160 nan nan nan nan nan nan nan nan nan nan nan nan nan nan nan nan nan nan nan nan nan nan nan nan nan nan nan nan nan nan nan nan nan nan nan nan nan nan nan nan nan nan nan nan nan
28.824 28.070 27.291 26.486 25.648 24.774 23.858 23.212 22.638 22.061 21.475 20.880 20.276 19.658 19.030 18.383 17.718 17.031 16.319 15.576 14.796 13.974 13.109 12.188 11.201 10.135 8.967 7.667 6.199 4.542 3.408 1.832 nan nan nan nan nan nan nan nan nan nan nan nan nan nan nan nan nan nan nan nan nan nan nan nan nan nan nan nan nan nan nan nan nan nan nan nan nan nan nan nan nan nan nan nan nan
29.044 28.294 27.520 26.718 25.887 25.020 24.113 23.445 22.871 22.291 21.702 21.104 20.496 19.875 19.242 18.591 17.922 17.231 16.514 15.768 14.993 14.181 13.327 12.416 11.443 10.392 9.248 7.981 6.554 4.935 3.612 2.228 nan nan nan nan nan nan nan nan nan nan nan nan nan nan nan nan nan nan nan nan nan nan nan nan nan nan nan nan nan nan nan nan nan nan nan nan nan nan nan nan nan nan nan nan nan
29.230 28.483 27.712 26.914 26.087 25.227 24.328 23.692 23.116 22.534 21.942 21.339 20.724 20.099 19.457 18.799 18.123 17.426 16.706 15.962 15.185 14.374 13.521 12.616 11.651 10.613 9.483 8.242 6.849 5.266 3.782 2.518 nan nan nan nan nan nan nan nan nan nan nan nan nan nan nan nan nan nan nan nan nan nan nan nan nan nan nan nan nan nan nan nan nan nan nan nan nan nan nan nan nan nan nan nan nan
29.385 28.641 27.872 27.077 26.254 25.398 24.541 23.970 23.392 22.805 22.208 21.599 20.977 20.344 19.694 19.028 18.346 17.642 16.917 16.165 15.383 14.566 13.709 12.805 11.843 10.810 9.690 8.466 7.099 5.546 3.913 2.727 0.760 nan nan nan nan nan nan nan nan nan nan nan nan nan nan nan nan nan nan nan nan nan nan nan nan nan nan nan nan nan nan nan nan nan nan nan nan nan nan nan nan nan nan nan nan
29.510 28.768 28.002 27.209 26.388 25.535 24.866 24.293 23.709 23.115 22.513 21.898 21.268 20.628 19.970 19.296 18.603 17.890 17.154 16.390 15.597 14.771 13.906 12.996 12.031 10.998 9.884 8.665 7.316 5.785 4.053 2.885 1.158 nan nan nan nan nan nan nan nan nan nan nan nan nan nan nan nan nan nan nan nan nan nan nan nan nan nan nan nan nan nan nan nan nan nan nan nan nan nan nan nan nan nan nan nan
29.606 28.866 28.102 27.310 26.492 25.826 25.252 24.670 24.078 23.476 22.863 22.238 21.599 20.948 20.280 19.596 18.893 18.168 17.419 16.647 15.843 15.005 14.129 13.208 12.234 11.198 10.080 8.860 7.518 6.004 4.281 2.977 1.446 nan nan nan nan nan nan nan nan nan nan nan nan nan nan nan nan nan nan nan nan nan nan nan nan nan nan nan nan nan nan nan nan nan nan nan nan nan nan nan nan nan nan nan nan
29.675 28.935 28.171 27.429 26.857 26.277 25.690 25.093 24.487 23.872 23.245 22.607 21.958 21.294 20.616 19.922 19.208 18.473 17.718 16.934 16.120 15.273 14.388 13.457 12.475 11.431 10.306 9.083 7.739 6.230 4.511 3.086 1.668 nan nan nan nan nan nan nan nan nan nan nan nan nan nan nan nan nan nan nan nan nan nan nan nan nan nan nan nan nan nan nan nan nan nan nan nan nan nan nan nan nan nan nan nan
29.712 28.978 28.408 27.832 27.246 26.653 26.052 25.442 24.824 24.196 23.559 22.911 22.251 21.578 20.891 20.188 19.468 18.726 17.965 17.175 16.356 15.504 14.613 13.678 12.690 11.640 10.511 9.284 7.938 6.429 4.715 3.241 1.848 nan nan nan nan nan nan nan nan nan nan nan nan nan nan nan nan nan nan nan nan nan nan nan nan nan nan nan nan nan nan nan nan nan nan nan nan nan nan nan nan nan nan nan nan
29.675 28.935 28.171 27.429 26.857 26.277 25.690 25.093 24.487 23.872 23.245 22.607 21.958 21.294 20.616 19.922 19.208 18.473 17.718 16.934 16.120 15.273 14.388 13.457 12.475 11.431 10.306 9.083 7.739 6.230 4.511 3.086 1.668 nan nan nan nan nan nan nan nan nan nan nan nan nan nan nan nan nan nan nan nan nan nan nan nan nan nan nan nan nan nan nan nan nan nan nan nan nan nan nan nan nan nan nan nan
29.606 28.866 28.102 27.310 26.492 25.826 25.252 24.670 24.078 23.476 22.863 22.238 21.599 20.948 20.280 19.596 18.893 18.168 17.419 16.647 15.843 15.005 14.129 13.208 12.234 11.198 10.080 8.860 7.518 6.004 4.281 2.977 1.446 nan nan nan nan nan nan nan nan nan nan nan nan nan nan nan nan nan nan nan nan nan nan nan nan nan nan nan nan nan nan nan nan nan nan nan nan nan nan nan nan nan nan nan nan
29.510 28.768 28.002 27.209 26.388 25.535 24.866 24.293 23.709 23.115 22.513 21.898 21.268 20.628 19.970 19.296 18.603 17.890 17.154 16.390 15.597 14.771 13.906 12.996 12.031 10.998 9.884 8.665 7.316 5.785 4.053 2.885 1.158 nan nan nan nan nan nan nan nan nan nan nan nan nan nan nan nan nan nan nan nan nan nan nan nan nan nan nan nan nan nan nan nan nan nan nan nan nan nan nan nan nan nan nan nan
29.385 28.641 27.872 27.077 26.254 25.398 24.541 23.970 23.392 22.805 22.208 21.599 20.977 20.344 19.694 19.028 18.346 17.642 16.917 16.165 15.383 14.566 13.709 12.805 11.843 10.810 9.690 8.466 7.099 5.546 3.913 2.727 0.760 nan nan nan nan nan nan nan nan nan nan nan nan nan nan nan nan nan nan nan nan nan nan nan nan nan nan nan nan nan nan nan nan nan nan nan nan nan nan nan nan nan nan nan nan
29.230 28.483 27.712 26.914 26.087 25.227 24.328 23.692 23.116 22.534 21.942 21.339 20.724 20.099 19.457 18.799 18.123 17.426 16.706 15.962 15.185 14.374 13.521 12.616 11.651 10.613 9.483 8.242 6.849 5.266 3.782 2.518 nan nan nan nan nan nan nan nan nan nan nan nan nan nan nan nan nan nan nan nan nan nan nan nan nan nan nan nan nan nan nan nan nan nan nan nan nan nan nan nan nan nan nan nan nan
29.044 28.294 27.520 26.718 25.887 25.020 24.113 23.445 22.871 22.291 21.702 21.104 20.496 19.875 19.242 18.591 17.922 17.231 16.514 15.768 14.993 14.181 13.327 12.416 11.443 10.392 9.248 7.981 6.554 4.935 3.612 2.228 nan nan nan nan nan nan nan nan nan nan nan nan nan nan nan nan nan nan nan nan nan nan nan nan nan nan nan nan nan nan nan nan nan nan nan nan nan nan nan nan nan nan nan nan nan
28.824 28.070 27.291 26.486 25.648 24.774 23.858 23.212 22.638 22.061 21.475 20.880 20.276 19.658 19.030 18.383 17.718 17.031 16.319 15.576 14.796 13.974 13.109 12.188 11.201 10.135 8.967 7.667 6.199 4.542 3.408 1.832 nan nan nan nan nan nan nan nan nan nan nan nan nan nan nan nan nan nan nan nan nan nan nan nan nan nan nan nan nan nan nan nan nan nan nan nan nan nan nan nan nan nan nan nan nan
28.567 27.808 27.024 26.211 25.367 24.484 23.555 22.977 22.403 21.826 21.242 20.651 20.049 19.433 18.805 18.159 17.496 16.810 16.100 15.355 14.574 13.748 12.876 11.932 10.919 9.828 8.630 7.292 5.782 4.289 3.088 1.160 nan nan nan nan nan nan nan nan nan nan nan nan nan nan nan nan nan nan nan nan nan nan nan nan nan nan nan nan nan nan nan nan nan nan nan nan nan nan nan nan nan nan nan nan nan
28.267 27.503 26.712 25.892 25.038 24.144 23.294 22.723 22.149 21.573 20.991 20.400 19.801 19.188 18.562 17.915 17.247 16.558 15.842 15.093 14.305 13.474 12.588 11.635 10.609 9.471 8.221 6.828 5.262 3.911 2.640 nan nan nan nan nan nan nan nan nan nan nan nan nan nan nan nan nan nan nan nan nan nan nan nan nan nan nan nan nan nan nan nan nan nan nan nan nan nan nan nan nan nan nan nan nan nan
27.920 27.149 26.351 25.521 24.655 23.746 23.004 22.433 21.859 21.283 20.701 20.112 19.512 18.898 18.273 17.627 16.961 16.266 15.539 14.782 13.985 13.139 12.238 11.268 10.219 9.064 7.781 6.282 4.618 3.253 1.921 nan nan nan nan nan nan nan nan nan nan nan nan nan nan nan nan nan nan nan nan nan nan nan nan nan nan nan nan nan nan nan nan nan nan nan nan nan nan nan nan nan nan nan nan nan nan
27.521 26.742 25.933 25.092 24.210 23.282 22.662 22.091 21.517 20.940 20.357 19.767 19.167 18.559 17.928 17.281 16.612 15.914 15.188 14.415 13.603 12.742 11.820 10.829 9.751 8.561 7.228 5.722 4.430 2.369 0.741 nan nan nan nan nan nan nan nan nan nan nan nan nan nan nan nan nan nan nan nan nan nan nan nan nan nan nan nan nan nan nan nan nan nan nan nan nan nan nan nan nan nan nan nan nan nan
27.063 26.273 25.452 24.594 23.694 22.839 22.262 21.686 21.112 20.535 19.952 19.364 18.764 18.149 17.524 16.873 16.198 15.496 14.761 13.985 13.154 12.267 11.322 10.303 9.187 7.949 6.554 4.987 3.885 2.416 nan nan nan nan nan nan nan nan nan nan nan nan nan nan nan nan nan nan nan nan nan nan nan nan nan nan nan nan nan nan nan nan nan nan nan nan nan nan nan nan nan nan nan nan nan nan nan
26.539 25.735 24.897 24.020 23.094 22.370 21.792 21.216 20.641 20.063 19.480 18.889 18.287 17.673 17.041 16.387 15.711 14.995 14.252 13.465 12.626 11.728 10.747 9.689 8.526 7.227 5.759 4.369 3.196 1.250 nan nan nan nan nan nan nan nan nan nan nan nan nan nan nan nan nan nan nan nan nan nan nan nan nan nan nan nan nan nan nan nan nan nan nan nan nan nan nan nan nan nan nan nan nan nan nan
25.937 25.116 24.258 23.355 22.421 21.820 21.237 20.660 20.085 19.506 18.926 18.335 17.737 17.118 16.487 15.827 15.142 14.427 13.664 12.858 12.002 11.081 10.084 8.966 7.738 6.363 4.809 3.648 2.256 nan nan nan nan nan nan nan nan nan nan nan nan nan nan nan nan nan nan nan nan nan nan nan nan nan nan nan nan nan nan nan nan nan nan nan nan nan nan nan nan nan nan nan nan nan nan nan nan
25.247 24.405 23.520 22.586 21.777 21.177 20.594 20.017 19.444 18.870 18.291 17.703 17.098 16.484 15.844 15.183 14.488 13.759 12.988 12.170 11.278 10.323 9.287 8.136 6.800 5.306 3.736 2.700 nan nan nan nan nan nan nan nan nan nan nan nan nan nan nan nan nan nan nan nan nan nan nan nan nan nan nan nan nan nan nan nan nan nan nan nan nan nan nan nan nan nan nan nan nan nan nan nan nan
24.453 23.583 22.666 21.693 21.021 20.429 19.849 19.275 18.705 18.137 17.563 16.979 16.377 15.756 15.114 14.442 13.739 13.003 12.207 11.361 10.453 9.445 8.349 7.130 5.747 4.426 2.572 1.144 nan nan nan nan nan nan nan nan nan nan nan nan nan nan nan nan nan nan nan nan nan nan nan nan nan nan nan nan nan nan nan nan nan nan nan nan nan nan nan nan nan nan nan nan nan nan nan nan nan
23.530 22.626 21.669 20.767 20.146 19.568 18.997 18.430 17.864 17.302 16.733 16.154 15.555 14.932 14.288 13.605 12.885 12.124 11.316 10.428 9.480 8.439 7.242 5.922 4.441 3.393 1.946 nan nan nan nan nan nan nan nan nan nan nan nan nan nan nan nan nan nan nan nan nan nan nan nan nan nan nan nan nan nan nan nan nan nan nan nan nan nan nan nan nan nan nan nan nan nan nan nan nan nan
22.445 21.500 20.503 19.731 19.154 18.593 18.037 17.484 16.927 16.370 15.806 15.224 14.625 13.996 13.333 12.644 11.905 11.130 10.278 9.368 8.350 7.238 5.984 4.451 2.977 2.018 nan nan nan nan nan nan nan nan nan nan nan nan nan nan nan nan nan nan nan nan nan nan nan nan nan nan nan nan nan nan nan nan nan nan nan nan nan nan nan nan nan nan nan nan nan nan nan nan nan nan nan
21.149 20.173 19.203 18.587 18.039 17.498 16.962 16.423 15.880 15.333 14.768 14.182 13.578 12.939 12.270 11.555 10.802 9.975 9.101 8.122 7.054 5.793 4.434 3.280 1.710 nan nan nan nan nan nan nan nan nan nan nan nan nan nan nan nan nan nan nan nan nan nan nan nan nan nan nan nan nan nan nan nan nan nan nan nan nan nan nan nan nan nan nan nan nan nan nan nan nan nan nan nan
19.611 18.651 17.869 17.332 16.806 16.286 15.766 15.245 14.712 14.170 13.613 13.020 12.406 11.757 11.062 10.330 9.527 8.678 7.721 6.689 5.475 4.175 2.569 1.732 nan nan nan nan nan nan nan nan nan nan nan nan nan nan nan nan nan nan nan nan nan nan nan nan nan nan nan nan nan nan nan nan nan nan nan nan nan nan nan nan nan nan nan nan nan nan nan nan nan nan nan nan nan
17.805 16.969 16.464 15.961 15.460 14.961 14.462 13.947 13.422 12.872 12.309 11.718 11.080 10.414 9.714 8.949 8.107 7.160 6.151 4.955 3.748 2.496 1.360 nan nan nan nan nan nan nan nan nan nan nan nan nan nan nan nan nan nan nan nan nan nan nan nan nan nan nan nan nan nan nan nan nan nan nan nan nan nan nan nan nan nan nan nan nan nan nan nan nan nan nan nan nan nan
15.889 15.407 14.932 14.467 13.994 13.507 13.012 12.509 11.976 11.428 10.842 10.240 9.609 8.903 8.140 7.354 6.463 5.466 4.270 3.316 2.298 0.913 nan nan nan nan nan nan nan nan nan nan nan nan nan nan nan nan nan nan nan nan nan nan nan nan nan nan nan nan nan nan nan nan nan nan nan nan nan nan nan nan nan nan nan nan nan nan nan nan nan nan nan nan nan nan nan
14.192 13.744 13.292 12.835 12.379 11.911 11.416 10.911 10.395 9.829 9.248 8.617 7.962 7.257 6.428 5.547 4.500 3.828 2.772 1.803 nan nan nan nan nan nan nan nan nan nan nan nan nan nan nan nan nan nan nan nan nan nan nan nan nan nan nan nan nan nan nan nan nan nan nan nan nan nan nan nan nan nan nan nan nan nan nan nan nan nan nan nan nan nan nan nan nan
12.407 11.976 11.548 11.096 10.636 10.149 9.676 9.175 8.664 8.122 7.462 6.746 6.107 5.505 4.411 4.080 3.330 2.412 0.932 nan nan nan nan nan nan nan nan nan nan nan nan nan nan nan nan nan nan nan nan nan nan nan nan nan nan nan nan nan nan nan nan nan nan nan nan nan nan nan nan nan nan nan nan nan nan nan nan nan nan nan nan nan nan nan nan nan nan
