data/CoulombOnly/Outputs_CoulombOnly_V1/release1HS_03CoulombOnly_null_TRENT2D_pfv.asc
ncols 1001
nrows  301
cellsize  5.000
xllcenter     1000.00
yllcenter    -5000.00
NODATA_value nan
[rows 105 to 139 of 301, columns 539 to 615 of 1001]
nan nan nan nan nan nan nan nan nan nan nan nan nan nan nan nan nan nan nan nan nan nan nan nan nan nan nan nan nan nan nan nan nan nan nan nan nan nan nan nan nan nan nan nan nan nan nan nan nan nan nan nan nan nan nan nan nan nan nan nan nan nan nan nan nan nan nan nan nan nan nan nan nan nan nan nan nan
nan nan nan nan nan nan nan nan nan nan nan nan nan nan nan nan nan nan nan nan nan nan nan nan nan nan nan nan nan nan nan nan nan nan nan nan nan nan nan nan nan nan nan nan nan nan nan nan nan nan nan nan nan nan nan nan nan nan nan nan nan nan nan nan nan nan nan nan nan nan nan nan nan nan nan nan nan
nan nan nan nan nan nan nan nan nan nan nan nan nan nan nan nan nan nan nan nan nan nan nan nan nan nan nan nan nan nan nan nan nan nan nan nan nan nan nan nan nan nan nan nan nan nan nan nan nan nan nan nan nan nan nan nan nan nan nan nan nan nan nan nan nan nan nan nan nan nan nan nan nan nan nan nan nan
nan nan nan nan nan nan nan nan nan nan nan nan nan nan nan nan nan nan nan nan nan nan nan nan nan nan nan nan nan nan nan nan nan nan nan nan nan nan nan nan nan nan nan nan nan nan nan nan nan nan nan nan nan nan nan nan nan nan nan nan nan nan nan nan nan nan nan nan nan nan nan nan nan nan nan nan nan
nan nan nan nan nan nan nan nan nan nan nan nan nan nan nan nan nan nan nan nan nan nan nan nan nan nan nan nan nan nan nan nan nan nan nan nan nan nan nan nan nan nan nan nan nan nan nan nan nan nan nan nan nan nan nan nan nan nan nan nan nan nan nan nan nan nan nan nan nan nan nan nan nan nan nan nan nan
nan nan nan nan nan nan nan nan nan nan nan nan nan nan nan nan nan nan nan nan nan nan nan nan nan nan nan nan nan nan nan nan nan nan nan nan nan nan nan nan nan nan nan nan nan nan nan nan nan nan nan nan nan nan nan nan nan nan nan nan nan nan nan nan nan nan nan nan nan nan nan nan nan nan nan nan nan
nan nan nan nan nan nan nan nan nan nan nan nan nan nan nan nan nan nan nan nan nan nan nan nan nan nan nan nan nan nan nan nan nan nan nan nan nan nan nan nan nan nan nan nan nan nan nan nan nan nan nan nan nan nan nan nan nan nan nan nan nan nan nan nan nan nan nan nan nan nan nan nan nan nan nan nan nan
nan nan nan nan nan nan nan nan nan nan nan nan nan nan nan nan nan nan nan nan nan nan nan nan nan nan nan nan nan nan nan nan nan nan nan nan nan nan nan nan nan nan nan nan nan nan nan nan nan nan nan nan nan nan nan nan nan nan nan nan nan nan nan nan nan nan nan nan nan nan nan nan nan nan nan nan nan
nan nan nan nan nan nan nan nan nan nan nan nan nan nan nan nan nan nan nan nan nan nan nan nan nan nan nan nan nan nan nan nan nan nan nan nan nan nan nan nan nan nan nan nan nan nan nan nan nan nan nan nan nan nan nan nan nan nan nan nan nan nan nan nan nan nan nan nan nan nan nan nan nan nan nan nan nan
nan nan nan nan nan nan nan nan nan nan nan nan nan nan nan nan nan nan nan nan nan nan nan nan nan nan nan nan nan nan nan nan nan nan nan nan nan nan nan nan nan nan nan nan nan nan nan nan nan nan nan nan nan nan nan nan nan nan nan nan nan nan nan nan nan nan nan nan nan nan nan nan nan nan nan nan nan
nan nan nan nan nan nan nan nan nan nan nan nan nan nan nan nan nan nan nan nan nan nan nan nan nan nan nan nan nan nan nan nan nan nan nan nan nan nan nan nan nan nan nan nan nan nan nan nan nan nan nan nan nan nan nan nan nan nan nan nan nan nan nan nan nan nan nan nan nan nan nan nan nan nan nan nan nan
nan nan nan nan nan nan nan nan nan nan nan nan nan nan nan nan nan nan nan nan nan nan nan nan nan nan nan nan nan nan nan nan nan nan nan nan nan nan nan nan nan nan nan nan nan nan nan nan nan nan nan nan nan nan nan nan nan nan nan nan nan nan nan nan nan nan nan nan nan nan nan nan nan nan nan nan nan
nan nan nan nan nan nan nan nan nan nan nan nan nan nan nan nan nan nan nan nan nan nan nan nan nan nan nan nan nan nan nan nan nan nan nan nan nan nan nan nan nan nan nan nan nan nan nan nan nan nan nan nan nan nan nan nan nan nan nan nan nan nan nan nan nan nan nan nan nan nan nan nan nan nan nan nan nan
nan nan nan nan nan nan nan nan nan nan nan nan nan nan nan nan nan nan nan nan nan nan nan nan nan nan nan nan nan nan nan nan nan nan nan nan nan nan nan nan nan nan nan nan nan nan nan nan nan nan nan nan nan nan nan nan nan nan nan nan nan nan nan nan nan nan nan nan nan nan nan nan nan nan nan nan nan
nan nan nan nan nan nan nan nan nan nan nan nan nan nan nan nan nan nan nan nan nan nan nan nan nan nan nan nan nan nan nan nan nan nan nan nan nan nan nan nan nan nan nan nan nan nan nan nan nan nan nan nan nan nan nan nan nan nan nan nan nan nan nan nan nan nan nan nan nan nan nan nan nan nan nan nan nan
nan nan nan nan nan nan nan nan nan nan nan nan nan nan nan nan nan nan nan nan nan nan nan nan nan nan nan nan nan nan nan nan nan nan nan nan nan nan nan nan nan nan nan nan nan nan nan nan nan nan nan 4.393 4.908 5.322 5.324 5.568 5.422 5.519 5.360 5.291 5.024 4.926 4.623 4.990 4.705 3.824 3.705 3.412 3.167 2.725 3.062 2.077 1.662 nan nan nan nan
nan nan nan nan nan nan nan nan nan nan nan nan nan nan nan nan nan nan nan nan nan nan nan nan nan nan nan nan nan nan nan nan nan nan nan nan nan nan nan nan nan nan nan nan nan nan 7.530 8.358 8.680 8.720 8.664 8.724 8.596 8.736 8.542 8.444 8.275 8.037 7.939 7.725 7.447 7.597 6.905 6.779 6.627 6.279 6.035 5.863 5.955 5.347 5.176 5.140 5.107 4.429 3.817 3.506 3.135
nan nan nan nan nan nan nan nan nan nan nan nan nan nan nan nan nan nan nan nan nan nan nan nan nan nan nan nan nan nan nan nan nan nan nan nan nan nan nan nan nan 10.254 11.541 11.627 11.591 11.430 11.456 11.464 11.223 11.191 11.127 11.009 10.864 10.722 10.484 10.376 10.138 10.007 9.759 9.513 9.272 9.184 8.914 8.569 8.218 7.930 7.822 7.665 7.388 7.056 7.480 6.656 6.793 6.420 6.239 5.522 5.870
nan nan nan nan nan nan nan nan nan nan nan nan nan nan nan nan nan nan nan nan nan nan nan nan nan nan nan nan nan nan nan nan nan nan nan nan 13.237 14.797 14.505 14.412 14.154 14.047 13.996 13.681 13.694 13.801 13.868 13.902 13.901 13.868 13.801 13.701 13.575 13.431 13.265 13.080 12.873 12.650 12.412 12.161 11.897 11.615 11.328 11.026 10.764 10.473 10.155 9.821 9.480 9.125 8.922 8.547 8.212 7.937 7.840 7.542 7.143
nan nan nan nan nan nan nan nan nan nan nan nan nan nan nan nan nan nan nan nan nan nan nan nan nan nan nan nan nan nan 14.156 18.079 17.491 17.401 17.162 16.735 16.472 16.560 16.834 17.068 17.250 17.378 17.468 17.532 17.561 17.548 17.496 17.408 17.288 17.140 16.965 16.770 16.554 16.322 16.078 15.826 15.563 15.290 15.006 14.710 14.405 14.090 13.773 13.463 13.142 12.806 12.456 12.109 11.780 11.433 11.098 10.743 10.360 10.040 9.644 9.292 8.918
nan nan nan nan nan nan nan nan nan nan nan nan nan nan nan nan nan nan nan nan nan nan nan nan 19.911 21.127 20.790 20.228 19.854 19.386 19.143 19.723 20.147 20.494 20.793 21.040 21.228 21.342 21.434 21.490 21.511 21.498 21.450 21.373 21.273 21.150 21.012 20.864 20.711 20.554 20.388 20.210 20.013 19.794 19.550 19.277 18.973 18.638 18.275 17.881 17.456 17.000 16.516 16.005 15.469 15.054 14.696 14.335 13.968 13.602 13.235 12.862 12.492 12.101 11.702 11.278 10.901
nan nan nan nan nan nan nan nan nan nan nan nan nan nan nan nan nan 22.661 24.344 23.754 23.204 22.802 22.562 22.277 22.564 23.307 23.839 24.265 24.638 24.957 25.215 25.418 25.568 25.679 25.761 25.817 25.849 25.862 25.864 25.855 25.835 25.804 25.760 25.704 25.632 25.545 25.441 25.318 25.177 25.014 24.831 24.627 24.400 24.149 23.874 23.576 23.251 22.896 22.512 22.098 21.654 21.179 20.673 20.139 19.575 18.981 18.359 17.711 17.038 16.344 15.630 14.898 14.471 14.063 13.660 13.253 12.834
nan nan nan nan nan nan nan nan nan nan 27.323 26.730 26.248 25.945 25.474 25.122 24.733 25.691 26.580 27.273 27.850 28.354 28.764 29.103 29.384 29.620 29.817 29.978 30.107 30.211 30.292 30.352 30.393 30.418 30.430 30.432 30.422 30.401 30.367 30.318 30.254 30.175 30.080 29.968 29.839 29.694 29.530 29.349 29.149 28.931 28.694 28.438 28.163 27.868 27.553 27.217 26.859 26.477 26.070 25.638 25.180 24.692 24.178 23.632 23.055 22.447 21.806 21.133 20.433 19.703 18.947 18.165 17.362 16.541 15.709 15.084 14.636
nan nan 30.402 29.494 28.831 28.514 27.995 27.721 27.193 28.295 29.294 30.159 30.902 31.558 32.118 32.586 32.982 33.319 33.605 33.850 34.060 34.239 34.389 34.514 34.616 34.697 34.758 34.800 34.826 34.838 34.838 34.827 34.802 34.763 34.710 34.643 34.561 34.465 34.354 34.227 34.085 33.928 33.755 33.567 33.364 33.145 32.911 32.661 32.396 32.115 31.819 31.507 31.179 30.835 30.474 30.096 29.700 29.286 28.853 28.399 27.924 27.428 26.909 26.363 25.793 25.195 24.566 23.904 23.210 22.481 21.715 20.917 20.092 19.241 18.366 17.473 16.569
29.979 31.115 32.339 33.349 34.193 34.929 35.551 36.082 36.544 36.946 37.294 37.595 37.857 38.085 38.284 38.456 38.603 38.726 38.827 38.907 38.966 39.006 39.030 39.038 39.034 39.018 38.988 38.945 38.887 38.816 38.730 38.631 38.517 38.389 38.248 38.093 37.924 37.742 37.546 37.337 37.116 36.881 36.634 36.374 36.101 35.815 35.518 35.208 34.886 34.550 34.203 33.843 33.470 33.084 32.685 32.271 31.844 31.401 30.944 30.470 29.980 29.472 28.945 28.397 27.829 27.238 26.623 25.982 25.312 24.613 23.880 23.112 22.305 21.460 20.580 19.673 18.745
40.212 40.650 41.031 41.364 41.655 41.908 42.130 42.327 42.498 42.646 42.769 42.871 42.951 43.009 43.048 43.068 43.073 43.067 43.049 43.017 42.971 42.911 42.837 42.750 42.649 42.535 42.408 42.268 42.116 41.952 41.776 41.589 41.390 41.179 40.957 40.724 40.480 40.226 39.961 39.685 39.399 39.103 38.797 38.481 38.156 37.820 37.475 37.120 36.756 36.382 35.997 35.603 35.198 34.783 34.357 33.919 33.470 33.009 32.534 32.047 31.545 31.028 30.496 29.948 29.381 28.795 28.189 27.561 26.909 26.232 25.528 24.792 24.024 23.218 22.373 21.487 20.562
46.362 46.518 46.651 46.760 46.846 46.911 46.953 46.976 46.985 46.981 46.965 46.934 46.890 46.832 46.761 46.676 46.578 46.467 46.345 46.211 46.065 45.909 45.741 45.563 45.374 45.175 44.966 44.748 44.519 44.281 44.034 43.779 43.514 43.241 42.960 42.672 42.377 42.075 41.764 41.445 41.119 40.784 40.442 40.091 39.732 39.366 38.991 38.608 38.216 37.816 37.407 36.990 36.564 36.128 35.683 35.229 34.764 34.289 33.803 33.306 32.796 32.274 31.739 31.189 30.624 30.043 29.444 28.827 28.189 27.529 26.845 26.135 25.396 24.625 23.819 22.972 22.083
50.811 50.801 50.778 50.741 50.690 50.625 50.547 50.456 50.354 50.239 50.114 49.978 49.832 49.675 49.509 49.334 49.152 48.961 48.762 48.555 48.340 48.117 47.886 47.648 47.402 47.149 46.888 46.620 46.345 46.064 45.776 45.481 45.179 44.870 44.556 44.234 43.906 43.571 43.230 42.881 42.527 42.166 41.798 41.422 41.040 40.651 40.255 39.851 39.440 39.021 38.595 38.160 37.717 37.266 36.806 36.337 35.859 35.371 34.874 34.366 33.848 33.319 32.778 32.226 31.660 31.080 30.486 29.874 29.246 28.599 27.931 27.239 26.522 25.777 25.001 24.190 23.340
54.010 53.888 53.757 53.618 53.469 53.313 53.148 52.975 52.795 52.606 52.410 52.207 51.996 51.779 51.554 51.323 51.085 50.840 50.590 50.333 50.070 49.801 49.526 49.246 48.960 48.669 48.371 48.069 47.761 47.449 47.130 46.806 46.477 46.143 45.803 45.458 45.107 44.751 44.389 44.022 43.648 43.269 42.884 42.493 42.095 41.692 41.282 40.865 40.441 40.011 39.573 39.128 38.675 38.215 37.746 37.269 36.784 36.290 35.787 35.274 34.751 34.218 33.673 33.118 32.550 31.970 31.376 30.769 30.146 29.506 28.847 28.169 27.469 26.743 25.991 25.208 24.389
56.293 56.101 55.902 55.698 55.486 55.268 55.045 54.816 54.581 54.340 54.094 53.843 53.586 53.325 53.058 52.787 52.511 52.231 51.946 51.656 51.362 51.064 50.762 50.455 50.144 49.828 49.508 49.184 48.856 48.523 48.186 47.844 47.498 47.147 46.791 46.431 46.066 45.696 45.321 44.941 44.556 44.165 43.769 43.368 42.961 42.547 42.128 41.703 41.271 40.833 40.389 39.937 39.478 39.012 38.539 38.058 37.568 37.071 36.564 36.050 35.525 34.991 34.446 33.890 33.323 32.744 32.152 31.547 30.928 30.293 29.642 28.973 28.283 27.573 26.838 26.075 25.282
57.911 57.671 57.426 57.177 56.923 56.666 56.404 56.138 55.869 55.595 55.318 55.037 54.753 54.465 54.174 53.879 53.580 53.279 52.973 52.664 52.352 52.036 51.716 51.394 51.067 50.737 50.403 50.065 49.723 49.378 49.028 48.675 48.317 47.956 47.590 47.220 46.845 46.466 46.083 45.695 45.302 44.904 44.501 44.093 43.679 43.260 42.836 42.405 41.969 41.527 41.078 40.622 40.161 39.692 39.216 38.733 38.242 37.743 37.236 36.720 36.195 35.661 35.116 34.562 33.997 33.420 32.831 32.230 31.615 30.985 30.339 29.677 28.997 28.296 27.574 26.827 26.053
59.056 58.787 58.516 58.241 57.963 57.683 57.399 57.113 56.824 56.532 56.237 55.940 55.639 55.336 55.030 54.721 54.409 54.094 53.776 53.455 53.131 52.803 52.473 52.139 51.802 51.462 51.119 50.771 50.421 50.067 49.710 49.348 48.983 48.614 48.242 47.865 47.485 47.100 46.711 46.318 45.920 45.517 45.110 44.698 44.281 43.858 43.431 42.998 42.559 42.115 41.664 41.207 40.744 40.274 39.797 39.314 38.822 38.324 37.816 37.301 36.777 36.244 35.701 35.148 34.585 34.011 33.425 32.827 32.216 31.591 30.951 30.296 29.622 28.931 28.219 27.485 26.725
59.899 59.614 59.328 59.039 58.748 58.454 58.158 57.860 57.559 57.256 56.950 56.642 56.331 56.018 55.702 55.383 55.062 54.738 54.412 54.082 53.750 53.415 53.077 52.736 52.392 52.045 51.695 51.342 50.986 50.626 50.263 49.897 49.527 49.154 48.777 48.396 48.011 47.623 47.231 46.834 46.433 46.028 45.618 45.204 44.785 44.361 43.932 43.498 43.058 42.613 42.162 41.705 41.242 40.773 40.296 39.813 39.322 38.824 38.319 37.804 37.282 36.751 36.210 35.660 35.099 34.528 33.946 33.351 32.744 32.124 31.489 30.839 30.173 29.488 28.785 28.060 27.313
60.544 60.250 59.954 59.657 59.357 59.055 58.750 58.444 58.135 57.825 57.511 57.196 56.878 56.558 56.235 55.911 55.583 55.253 54.921 54.586 54.248 53.908 53.565 53.219 52.871 52.519 52.165 51.808 51.447 51.084 50.718 50.348 49.975 49.598 49.219 48.835 48.448 48.057 47.663 47.264 46.862 46.455 46.044 45.629 45.209 44.785 44.355 43.921 43.481 43.036 42.585 42.129 41.667 41.198 40.723 40.241 39.752 39.256 38.752 38.240 37.720 37.191 36.653 36.106 35.548 34.980 34.401 33.810 33.207 32.591 31.961 31.316 30.655 29.977 29.281 28.564 27.826
61.049 60.749 60.447 60.143 59.837 59.530 59.220 58.908 58.595 58.279 57.961 57.640 57.318 56.994 56.667 56.337 56.006 55.672 55.336 54.997 54.655 54.312 53.965 53.616 53.264 52.910 52.553 52.193 51.830 51.464 51.095 50.723 50.348 49.969 49.588 49.203 48.814 48.422 48.026 47.626 47.223 46.816 46.404 45.988 45.568 45.144 44.714 44.280 43.841 43.396 42.947 42.491 42.030 41.563 41.089 40.608 40.122 39.627 39.126 38.616 38.099 37.573 37.037 36.493 35.938 35.374 34.798 34.210 33.611 32.999 32.373 31.733 31.078 30.406 29.715 29.006 28.275
