data/CoulombOnly/Outputs_CoulombOnly_V1/release1HS_03CoulombOnly_null_TRENT2D_pfv.asc
ncols 1001
nrows  301
cellsize  5.000
xllcenter     1000.00
yllcenter    -5000.00
NODATA_value nan
[rows 140 to 174 of 301, columns 462 to 538 of 1001]
80.473 80.251 80.033 79.818 79.607 79.400 79.196 78.995 78.793 78.588 78.382 78.174 77.965 77.754 77.542 77.329 77.115 76.898 76.681 76.463 76.243 76.022 75.799 75.575 75.350 75.123 74.896 74.666 74.436 74.204 73.971 73.737 73.501 73.264 73.026 72.787 72.546 72.304 72.060 71.816 71.569 71.322 71.073 70.823 70.572 70.319 70.065 69.809 69.552 69.294 69.034 68.773 68.511 68.247 67.981 67.715 67.446 67.176 66.905 66.633 66.358 66.083 65.806 65.527 65.247 64.965 64.681 64.396 64.109 63.821 63.531 63.239 62.946 62.651 62.354 62.056 61.755
81.364 81.125 80.891 80.661 80.434 80.213 79.995 79.781 79.565 79.348 79.130 78.910 78.689 78.467 78.244 78.020 77.794 77.568 77.341 77.112 76.883 76.652 76.421 76.188 75.954 75.719 75.483 75.246 75.007 74.768 74.527 74.286 74.043 73.799 73.554 73.308 73.060 72.812 72.562 72.311 72.059 71.805 71.551 71.295 71.038 70.779 70.520 70.259 69.997 69.733 69.469 69.203 68.935 68.667 68.397 68.125 67.853 67.579 67.303 67.026 66.748 66.468 66.187 65.904 65.620 65.334 65.047 64.759 64.468 64.176 63.883 63.588 63.291 62.993 62.693 62.391 62.088
82.003 81.754 81.511 81.272 81.037 80.807 80.581 80.360 80.137 79.912 79.686 79.459 79.231 79.002 78.772 78.541 78.309 78.077 77.843 77.608 77.373 77.136 76.898 76.660 76.420 76.180 75.938 75.696 75.452 75.207 74.962 74.715 74.467 74.218 73.968 73.717 73.465 73.212 72.958 72.702 72.446 72.188 71.929 71.669 71.408 71.146 70.882 70.618 70.352 70.085 69.816 69.547 69.276 69.004 68.730 68.456 68.180 67.902 67.624 67.344 67.062 66.779 66.495 66.209 65.922 65.634 65.344 65.052 64.760 64.465 64.169 63.871 63.572 63.272 62.969 62.665 62.360
82.487 82.232 81.983 81.738 81.498 81.263 81.032 80.805 80.577 80.348 80.117 79.885 79.652 79.419 79.184 78.949 78.712 78.475 78.237 77.998 77.758 77.517 77.276 77.033 76.790 76.545 76.299 76.053 75.805 75.557 75.308 75.057 74.806 74.553 74.300 74.045 73.790 73.533 73.276 73.017 72.757 72.496 72.234 71.971 71.707 71.442 71.175 70.907 70.639 70.369 70.097 69.825 69.552 69.277 69.001 68.723 68.445 68.165 67.884 67.601 67.317 67.032 66.746 66.458 66.169 65.878 65.586 65.292 64.997 64.700 64.402 64.103 63.802 63.499 63.195 62.889 62.582
82.863 82.604 82.350 82.101 81.858 81.619 81.384 81.154 80.923 80.690 80.455 80.220 79.984 79.747 79.509 79.270 79.031 78.791 78.549 78.307 78.064 77.820 77.576 77.330 77.083 76.836 76.587 76.338 76.088 75.836 75.584 75.331 75.077 74.822 74.566 74.308 74.050 73.791 73.531 73.270 73.007 72.744 72.480 72.214 71.948 71.680 71.411 71.141 70.870 70.598 70.325 70.050 69.774 69.498 69.219 68.940 68.660 68.378 68.095 67.810 67.525 67.238 66.949 66.660 66.369 66.076 65.783 65.487 65.191 64.893 64.593 64.292 63.989 63.685 63.380 63.072 62.764
83.149 82.887 82.631 82.379 82.133 81.891 81.654 81.422 81.188 80.952 80.716 80.478 80.239 80.000 79.760 79.519 79.277 79.034 78.791 78.547 78.301 78.055 77.808 77.560 77.312 77.062 76.811 76.560 76.308 76.054 75.800 75.545 75.289 75.032 74.773 74.515 74.254 73.993 73.731 73.468 73.204 72.939 72.673 72.406 72.137 71.868 71.597 71.326 71.053 70.779 70.504 70.228 69.951 69.672 69.393 69.112 68.830 68.547 68.262 67.976 67.689 67.401 67.111 66.820 66.528 66.234 65.939 65.643 65.345 65.046 64.745 64.443 64.139 63.834 63.527 63.219 62.909
83.363 83.099 82.840 82.587 82.339 82.095 81.856 81.622 81.386 81.149 80.910 80.671 80.431 80.190 79.948 79.705 79.462 79.217 78.972 78.726 78.480 78.232 77.983 77.734 77.484 77.232 76.980 76.727 76.474 76.219 75.963 75.707 75.449 75.191 74.931 74.671 74.409 74.147 73.884 73.619 73.354 73.088 72.820 72.552 72.282 72.012 71.740 71.467 71.193 70.918 70.642 70.365 70.086 69.807 69.526 69.244 68.961 68.677 68.391 68.104 67.816 67.527 67.236 66.944 66.651 66.357 66.061 65.763 65.465 65.165 64.863 64.560 64.255 63.949 63.642 63.333 63.022
83.518 83.253 82.993 82.738 82.488 82.243 82.003 81.768 81.530 81.292 81.052 80.811 80.569 80.327 80.084 79.840 79.595 79.350 79.103 78.856 78.608 78.359 78.110 77.859 77.608 77.356 77.103 76.849 76.594 76.338 76.081 75.824 75.565 75.306 75.046 74.784 74.522 74.259 73.995 73.729 73.463 73.196 72.928 72.658 72.388 72.117 71.844 71.570 71.296 71.020 70.743 70.465 70.186 69.906 69.624 69.342 69.058 68.773 68.486 68.199 67.910 67.620 67.329 67.036 66.743 66.447 66.151 65.853 65.554 65.253 64.951 64.647 64.342 64.036 63.728 63.418 63.107
83.625 83.358 83.097 82.841 82.590 82.344 82.103 81.867 81.629 81.389 81.148 80.906 80.664 80.421 80.177 79.932 79.686 79.440 79.193 78.945 78.696 78.446 78.196 77.945 77.693 77.440 77.186 76.931 76.676 76.419 76.162 75.904 75.645 75.385 75.124 74.862 74.599 74.335 74.070 73.804 73.538 73.270 73.001 72.731 72.460 72.188 71.915 71.641 71.366 71.090 70.813 70.534 70.255 69.974 69.692 69.409 69.125 68.839 68.553 68.265 67.976 67.685 67.394 67.101 66.807 66.511 66.214 65.916 65.616 65.315 65.013 64.709 64.404 64.097 63.789 63.479 63.168
83.687 83.420 83.158 82.902 82.651 82.404 82.163 81.926 81.687 81.447 81.206 80.963 80.721 80.477 80.232 79.987 79.741 79.494 79.246 78.998 78.749 78.499 78.248 77.997 77.744 77.491 77.237 76.982 76.726 76.469 76.211 75.953 75.693 75.433 75.172 74.910 74.646 74.382 74.117 73.851 73.584 73.316 73.047 72.777 72.506 72.234 71.960 71.686 71.411 71.134 70.857 70.578 70.299 70.018 69.735 69.452 69.168 68.882 68.595 68.307 68.018 67.727 67.436 67.143 66.848 66.552 66.255 65.957 65.657 65.356 65.054 64.750 64.444 64.137 63.829 63.519 63.208
83.717 83.450 83.188 82.931 82.680 82.433 82.192 81.955 81.716 81.475 81.234 80.992 80.749 80.505 80.260 80.015 79.768 79.522 79.274 79.025 78.776 78.526 78.275 78.023 77.770 77.517 77.263 77.008 76.752 76.495 76.237 75.978 75.719 75.458 75.197 74.935 74.671 74.407 74.142 73.876 73.609 73.341 73.072 72.801 72.530 72.258 71.985 71.710 71.435 71.158 70.881 70.602 70.322 70.041 69.759 69.476 69.191 68.905 68.619 68.331 68.041 67.750 67.459 67.166 66.871 66.575 66.278 65.980 65.680 65.379 65.076 64.772 64.467 64.160 63.851 63.542 63.230
83.687 83.420 83.158 82.902 82.651 82.404 82.163 81.926 81.687 81.447 81.206 80.963 80.721 80.477 80.232 79.987 79.741 79.494 79.246 78.998 78.749 78.499 78.248 77.997 77.744 77.491 77.237 76.982 76.726 76.469 76.211 75.953 75.693 75.433 75.172 74.910 74.646 74.382 74.117 73.851 73.584 73.316 73.047 72.777 72.506 72.234 71.960 71.686 71.411 71.134 70.857 70.578 70.299 70.018 69.735 69.452 69.168 68.882 68.595 68.307 68.018 67.727 67.436 67.143 66.848 66.552 66.255 65.957 65.657 65.356 65.054 64.750 64.444 64.137 63.829 63.519 63.208
83.625 83.358 83.097 82.841 82.590 82.344 82.103 81.867 81.629 81.389 81.148 80.906 80.664 80.421 80.177 79.932 79.686 79.440 79.193 78.945 78.696 78.446 78.196 77.945 77.693 77.440 77.186 76.931 76.676 76.419 76.162 75.904 75.645 75.385 75.124 74.862 74.599 74.335 74.070 73.804 73.538 73.270 73.001 72.731 72.460 72.188 71.915 71.641 71.366 71.090 70.813 70.534 70.255 69.974 69.692 69.409 69.125 68.839 68.553 68.265 67.976 67.685 67.394 67.101 66.807 66.511 66.214 65.916 65.616 65.315 65.013 64.709 64.404 64.097 63.789 63.479 63.168
83.518 83.253 82.993 82.738 82.488 82.243 82.003 81.768 81.530 81.292 81.052 80.811 80.569 80.327 80.084 79.840 79.595 79.350 79.103 78.856 78.608 78.359 78.110 77.859 77.608 77.356 77.103 76.849 76.594 76.338 76.081 75.824 75.565 75.306 75.046 74.784 74.522 74.259 73.995 73.729 73.463 73.196 72.928 72.658 72.388 72.117 71.844 71.570 71.296 71.020 70.743 70.465 70.186 69.906 69.624 69.342 69.058 68.773 68.486 68.199 67.910 67.620 67.329 67.036 66.743 66.447 66.151 65.853 65.554 65.253 64.951 64.647 64.342 64.036 63.728 63.418 63.107
83.363 83.099 82.840 82.587 82.339 82.095 81.856 81.622 81.386 81.149 80.910 80.671 80.431 80.190 79.948 79.705 79.462 79.217 78.972 78.726 78.480 78.232 77.983 77.734 77.484 77.232 76.980 76.727 76.474 76.219 75.963 75.707 75.449 75.191 74.931 74.671 74.409 74.147 73.884 73.619 73.354 73.088 72.820 72.552 72.282 72.012 71.740 71.467 71.193 70.918 70.642 70.365 70.086 69.807 69.526 69.244 68.961 68.677 68.391 68.104 67.816 67.527 67.236 66.944 66.651 66.357 66.061 65.763 65.465 65.165 64.863 64.560 64.255 63.949 63.642 63.333 63.022
83.149 82.887 82.631 82.379 82.133 81.891 81.654 81.422 81.188 80.952 80.716 80.478 80.239 80.000 79.760 79.519 79.277 79.034 78.791 78.547 78.301 78.055 77.808 77.560 77.312 77.062 76.811 76.560 76.308 76.054 75.800 75.545 75.289 75.032 74.773 74.515 74.254 73.993 73.731 73.468 73.204 72.939 72.673 72.406 72.137 71.868 71.597 71.326 71.053 70.779 70.504 70.228 69.951 69.672 69.393 69.112 68.830 68.547 68.262 67.976 67.689 67.401 67.111 66.820 66.528 66.234 65.939 65.643 65.345 65.046 64.745 64.443 64.139 63.834 63.527 63.219 62.909
82.863 82.604 82.350 82.101 81.858 81.619 81.384 81.154 80.923 80.690 80.455 80.220 79.984 79.747 79.509 79.270 79.031 78.791 78.549 78.307 78.064 77.820 77.576 77.330 77.083 76.836 76.587 76.338 76.088 75.836 75.584 75.331 75.077 74.822 74.566 74.308 74.050 73.791 73.531 73.270 73.007 72.744 72.480 72.214 71.948 71.680 71.411 71.141 70.870 70.598 70.325 70.050 69.774 69.498 69.219 68.940 68.660 68.378 68.095 67.810 67.525 67.238 66.949 66.660 66.369 66.076 65.783 65.487 65.191 64.893 64.593 64.292 63.989 63.685 63.380 63.072 62.764
82.487 82.232 81.983 81.738 81.498 81.263 81.032 80.805 80.577 80.348 80.117 79.885 79.652 79.419 79.184 78.949 78.712 78.475 78.237 77.998 77.758 77.517 77.276 77.033 76.790 76.545 76.299 76.053 75.805 75.557 75.308 75.057 74.806 74.553 74.300 74.045 73.790 73.533 73.276 73.017 72.757 72.496 72.234 71.971 71.707 71.442 71.175 70.907 70.639 70.369 70.097 69.825 69.552 69.277 69.001 68.723 68.445 68.165 67.884 67.601 67.317 67.032 66.746 66.458 66.169 65.878 65.586 65.292 64.997 64.700 64.402 64.103 63.802 63.499 63.195 62.889 62.582
82.003 81.754 81.511 81.272 81.037 80.807 80.581 80.360 80.137 79.912 79.686 79.459 79.231 79.002 78.772 78.541 78.309 78.077 77.843 77.608 77.373 77.136 76.898 76.660 76.420 76.180 75.938 75.696 75.452 75.207 74.962 74.715 74.467 74.218 73.968 73.717 73.465 73.212 72.958 72.702 72.446 72.188 71.929 71.669 71.408 71.146 70.882 70.618 70.352 70.085 69.816 69.547 69.276 69.004 68.730 68.456 68.180 67.902 67.624 67.344 67.062 66.779 66.495 66.209 65.922 65.634 65.344 65.052 64.760 64.465 64.169 63.871 63.572 63.272 62.969 62.665 62.360
81.364 81.125 80.891 80.661 80.434 80.213 79.995 79.781 79.565 79.348 79.130 78.910 78.689 78.467 78.244 78.020 77.794 77.568 77.341 77.112 76.883 76.652 76.421 76.188 75.954 75.719 75.483 75.246 75.007 74.768 74.527 74.286 74.043 73.799 73.554 73.308 73.060 72.812 72.562 72.311 72.059 71.805 71.551 71.295 71.038 70.779 70.520 70.259 69.997 69.733 69.469 69.203 68.935 68.667 68.397 68.125 67.853 67.579 67.303 67.026 66.748 66.468 66.187 65.904 65.620 65.334 65.047 64.759 64.468 64.176 63.883 63.588 63.291 62.993 62.693 62.391 62.088
80.473 80.251 80.033 79.818 79.607 79.400 79.196 78.995 78.793 78.588 78.382 78.174 77.965 77.754 77.542 77.329 77.115 76.898 76.681 76.463 76.243 76.022 75.799 75.575 75.350 75.123 74.896 74.666 74.436 74.204 73.971 73.737 73.501 73.264 73.026 72.787 72.546 72.304 72.060 71.816 71.569 71.322 71.073 70.823 70.572 70.319 70.065 69.809 69.552 69.294 69.034 68.773 68.511 68.247 67.981 67.715 67.446 67.176 66.905 66.633 66.358 66.083 65.806 65.527 65.247 64.965 64.681 64.396 64.109 63.821 63.531 63.239 62.946 62.651 62.354 62.056 61.755
78.641 78.487 78.340 78.194 78.046 77.896 77.747 77.597 77.442 77.282 77.117 76.948 76.776 76.601 76.421 76.239 76.054 75.866 75.676 75.482 75.286 75.088 74.887 74.684 74.479 74.271 74.061 73.850 73.636 73.420 73.202 72.983 72.761 72.538 72.312 72.085 71.856 71.626 71.394 71.160 70.924 70.687 70.448 70.207 69.965 69.721 69.476 69.229 68.980 68.729 68.478 68.224 67.969 67.712 67.454 67.194 66.932 66.669 66.404 66.137 65.869 65.599 65.328 65.055 64.780 64.504 64.225 63.946 63.664 63.380 63.095 62.808 62.520 62.229 61.937 61.643 61.347
73.616 73.816 73.984 74.119 74.223 74.301 74.354 74.378 74.382 74.373 74.351 74.316 74.266 74.203 74.132 74.052 73.963 73.864 73.755 73.639 73.516 73.385 73.248 73.105 72.957 72.802 72.643 72.478 72.309 72.135 71.958 71.776 71.590 71.401 71.208 71.012 70.812 70.609 70.403 70.194 69.982 69.767 69.550 69.330 69.107 68.882 68.654 68.424 68.191 67.956 67.719 67.480 67.238 66.994 66.749 66.501 66.251 65.999 65.744 65.489 65.230 64.971 64.708 64.445 64.179 63.911 63.641 63.369 63.096 62.820 62.542 62.263 61.981 61.698 61.412 61.125 60.835
55.430 57.389 59.082 60.549 61.825 62.945 63.927 64.825 65.610 66.293 66.887 67.406 67.856 68.244 68.577 68.863 69.106 69.311 69.480 69.615 69.727 69.822 69.885 69.920 69.931 69.925 69.905 69.869 69.820 69.756 69.680 69.593 69.496 69.390 69.276 69.153 69.023 68.886 68.742 68.591 68.435 68.273 68.106 67.933 67.756 67.573 67.386 67.195 66.999 66.799 66.595 66.387 66.176 65.960 65.741 65.519 65.293 65.064 64.831 64.596 64.358 64.116 63.872 63.625 63.375 63.123 62.868 62.610 62.350 62.087 61.822 61.554 61.284 61.012 60.737 60.460 60.180
34.607 34.219 34.603 35.412 36.153 36.930 37.692 38.736 41.848 45.308 48.372 50.889 53.030 54.842 56.378 57.694 58.830 59.821 60.683 61.439 62.107 62.697 63.214 63.668 64.065 64.412 64.715 64.978 65.202 65.393 65.544 65.667 65.775 65.864 65.926 65.960 65.973 65.970 65.953 65.921 65.875 65.816 65.743 65.659 65.565 65.461 65.349 65.229 65.102 64.967 64.826 64.678 64.524 64.364 64.198 64.026 63.848 63.665 63.476 63.282 63.083 62.879 62.670 62.457 62.239 62.017 61.791 61.561 61.326 61.088 60.846 60.601 60.352 60.099 59.843 59.584 59.322
nan nan nan 13.632 13.379 29.141 31.002 33.042 32.497 35.426 38.509 39.018 38.681 38.864 39.628 40.294 40.500 42.893 45.048 46.761 48.395 49.797 51.123 52.336 53.433 54.425 55.317 56.119 56.841 57.494 58.081 58.609 59.091 59.533 59.932 60.288 60.604 60.882 61.126 61.333 61.510 61.661 61.785 61.881 61.962 62.035 62.082 62.104 62.107 62.097 62.072 62.033 61.979 61.913 61.834 61.744 61.645 61.537 61.420 61.296 61.163 61.023 60.875 60.721 60.559 60.391 60.216 60.035 59.848 59.654 59.455 59.250 59.040 58.824 58.603 58.378 58.146
nan nan nan nan nan nan nan nan nan nan nan nan nan nan nan nan nan nan nan nan 45.861 43.316 41.111 40.305 41.113 40.530 40.436 40.418 40.959 42.879 44.470 46.035 47.403 48.636 49.732 50.695 51.553 52.323 53.020 53.653 54.254 54.800 55.289 55.725 56.116 56.462 56.768 57.037 57.272 57.479 57.662 57.827 57.969 58.083 58.175 58.247 58.296 58.323 58.331 58.326 58.307 58.274 58.227 58.166 58.092 58.007 57.912 57.806 57.691 57.567 57.435 57.295 57.147 56.991 56.827 56.656 56.478
nan nan nan nan nan nan nan nan nan nan nan nan nan nan nan nan nan nan nan nan nan nan nan nan nan nan nan nan nan nan nan 43.200 41.560 40.895 40.187 39.884 39.139 38.875 38.747 39.130 40.905 42.451 43.933 45.160 46.269 47.259 48.135 48.918 49.626 50.262 50.834 51.348 51.809 52.216 52.576 52.896 53.176 53.423 53.642 53.837 54.011 54.163 54.290 54.391 54.468 54.526 54.563 54.581 54.583 54.573 54.549 54.511 54.459 54.393 54.314 54.224 54.122
nan nan nan nan nan nan nan nan nan nan nan nan nan nan nan nan nan nan nan nan nan nan nan nan nan nan nan nan nan nan nan nan nan nan nan nan nan nan nan nan nan nan 41.551 39.240 38.802 37.872 37.040 36.781 36.214 36.462 38.152 39.712 41.141 42.296 43.340 44.281 45.113 45.849 46.502 47.079 47.593 48.053 48.463 48.825 49.141 49.421 49.666 49.882 50.076 50.248 50.397 50.522 50.623 50.701 50.756 50.791 50.808
nan nan nan nan nan nan nan nan nan nan nan nan nan nan nan nan nan nan nan nan nan nan nan nan nan nan nan nan nan nan nan nan nan nan nan nan nan nan nan nan nan nan nan nan nan nan nan nan nan nan nan nan 38.770 36.738 35.916 35.616 35.007 34.755 34.206 34.496 36.107 37.521 38.830 39.902 40.848 41.674 42.391 43.013 43.560 44.045 44.478 44.862 45.199 45.495 45.754 45.981 46.183
nan nan nan nan nan nan nan nan nan nan nan nan nan nan nan nan nan nan nan nan nan nan nan nan nan nan nan nan nan nan nan nan nan nan nan nan nan nan nan nan nan nan nan nan nan nan nan nan nan nan nan nan nan nan nan nan nan nan nan nan nan 33.915 35.824 34.118 33.352 32.773 32.641 32.498 32.112 33.416 34.625 35.841 36.845 37.719 38.489 39.145 39.714
nan nan nan nan nan nan nan nan nan nan nan nan nan nan nan nan nan nan nan nan nan nan nan nan nan nan nan nan nan nan nan nan nan nan nan nan nan nan nan nan nan nan nan nan nan nan nan nan nan nan nan nan nan nan nan nan nan nan nan nan nan nan nan nan nan nan nan nan nan nan 31.379 32.552 31.833 31.138 30.626 30.473 30.276
nan nan nan nan nan nan nan nan nan nan nan nan nan nan nan nan nan nan nan nan nan nan nan nan nan nan nan nan nan nan nan nan nan nan nan nan nan nan nan nan nan nan nan nan nan nan nan nan nan nan nan nan nan nan nan nan nan nan nan nan nan nan nan nan nan nan nan nan nan nan nan nan nan nan nan nan nan
nan nan nan nan nan nan nan nan nan nan nan nan nan nan nan nan nan nan nan nan nan nan nan nan nan nan nan nan nan nan nan nan nan nan nan nan nan nan nan nan nan nan nan nan nan nan nan nan nan nan nan nan nan nan nan nan nan nan nan nan nan nan nan nan nan nan nan nan nan nan nan nan nan nan nan nan nan
nan nan nan nan nan nan nan nan nan nan nan nan nan nan nan nan nan nan nan nan nan nan nan nan nan nan nan nan nan nan nan nan nan nan nan nan nan nan nan nan nan nan nan nan nan nan nan nan nan nan nan nan nan nan nan nan nan nan nan nan nan nan nan nan nan nan nan nan nan nan nan nan nan nan nan nan nan
