data/IdealizedTopo/Outputs_IdealizedTopo/1HS_01_curv_MoT-Voellmy_s_max.asc
ncols        1001
nrows        301
xllcorner    997.5
yllcorner    -5002.5
cellsize     5.00
NODATA_value -9999
[rows 132 to 164 of 301, columns 74 to 147 of 1001]
0.000 0.000 0.000 0.000 0.000 0.000 0.000 0.000 0.000 0.000 0.000 0.000 0.000 0.000 0.000 0.000 0.000 0.000 0.000 0.000 0.000 0.000 0.000 0.000 0.000 0.000 0.000 0.000 0.000 0.000 0.000 0.000 0.000 0.000 0.000 0.000 0.000 0.000 0.000 0.000 0.000 0.000 0.000 0.000 0.000 0.000 0.000 0.000 0.000 0.000 0.000 0.000 0.000 0.000 0.000 0.000 0.000 0.000 0.000 0.000 0.000 0.000 0.000 0.000 0.000 0.000 0.000 0.000 0.000 0.000 0.000 0.000 0.000 0.000
1.947 1.705 1.499 1.318 1.158 1.015 0.888 0.774 0.631 0.229 0.006 0.000 0.000 0.000 0.000 0.000 0.000 0.000 0.000 0.000 0.000 0.000 0.000 0.000 0.000 0.000 0.000 0.000 0.000 0.000 0.000 0.000 0.000 0.000 0.000 0.000 0.000 0.000 0.000 0.000 0.000 0.000 0.000 0.000 0.000 0.000 0.000 0.000 0.000 0.000 0.000 0.000 0.000 0.000 0.000 0.000 0.000 0.000 0.000 0.000 0.000 0.000 0.000 0.000 0.000 0.000 0.000 0.000 0.000 0.000 0.000 0.000 0.000 0.000
8.322 7.801 7.269 6.731 6.194 5.660 5.134 4.617 4.113 3.624 3.159 2.729 2.355 2.026 1.718 1.462 1.247 1.062 0.903 0.766 0.647 0.544 0.450 0.212 0.010 0.000 0.000 0.000 0.000 0.000 0.000 0.000 0.000 0.000 0.000 0.000 0.000 0.000 0.000 0.000 0.000 0.000 0.000 0.000 0.000 0.000 0.000 0.000 0.000 0.000 0.000 0.000 0.000 0.000 0.000 0.000 0.000 0.000 0.000 0.000 0.000 0.000 0.000 0.000 0.000 0.000 0.000 0.000 0.000 0.000 0.000 0.000 0.000 0.000
12.629 12.308 11.958 11.572 11.144 10.671 10.155 9.603 9.022 8.420 7.804 7.184 6.567 5.959 5.368 4.801 4.286 3.829 3.411 3.025 2.664 2.320 2.018 1.729 1.475 1.254 1.061 0.894 0.749 0.625 0.519 0.429 0.346 0.144 0.005 0.000 0.000 0.000 0.000 0.000 0.000 0.000 0.000 0.000 0.000 0.000 0.000 0.000 0.000 0.000 0.000 0.000 0.000 0.000 0.000 0.000 0.000 0.000 0.000 0.000 0.000 0.000 0.000 0.000 0.000 0.000 0.000 0.000 0.000 0.000 0.000 0.000 0.000 0.000
15.542 15.310 15.157 15.072 14.990 14.905 14.783 14.607 14.364 14.048 13.662 13.198 12.655 12.032 11.343 10.584 9.768 8.907 8.023 7.285 6.660 6.037 5.425 4.833 4.279 3.771 3.312 2.898 2.524 2.191 1.877 1.599 1.355 1.142 0.958 0.800 0.664 0.549 0.451 0.369 0.300 0.203 0.038 0.000 0.000 0.000 0.000 0.000 0.000 0.000 0.000 0.000 0.000 0.000 0.000 0.000 0.000 0.000 0.000 0.000 0.000 0.000 0.000 0.000 0.000 0.000 0.000 0.000 0.000 0.000 0.000 0.000 0.000 0.000
18.071 17.902 17.719 17.524 17.314 17.090 16.850 16.594 16.321 16.029 15.717 15.385 15.033 14.658 14.260 13.839 13.393 12.953 12.468 11.941 11.372 10.783 10.177 9.543 8.887 8.215 7.534 6.853 6.183 5.532 4.910 4.325 3.786 3.300 2.863 2.463 2.115 1.791 1.508 1.267 1.061 0.884 0.734 0.606 0.498 0.408 0.332 0.269 0.218 0.175 0.139 0.067 0.004 0.000 0.000 0.000 0.000 0.000 0.000 0.000 0.000 0.000 0.000 0.000 0.000 0.000 0.000 0.000 0.000 0.000 0.000 0.000 0.000 0.000
19.521 19.426 19.321 19.205 19.077 18.939 18.787 18.623 18.444 18.252 18.045 17.822 17.583 17.328 17.056 16.769 16.465 16.141 15.796 15.454 15.082 14.676 14.236 13.755 13.233 12.669 12.104 11.509 10.886 10.235 9.559 8.861 8.149 7.432 6.720 6.021 5.346 4.707 4.114 3.578 3.095 2.657 2.275 1.916 1.609 1.348 1.126 0.938 0.778 0.643 0.529 0.434 0.354 0.288 0.233 0.188 0.151 0.119 0.055 0.003 0.000 0.000 0.000 0.000 0.000 0.000 0.000 0.000 0.000 0.000 0.000 0.000 0.000 0.000
20.918 20.880 20.834 20.779 20.713 20.637 20.553 20.457 20.349 20.231 20.101 19.958 19.803 19.633 19.451 19.254 19.041 18.813 18.569 18.308 18.029 17.732 17.415 17.077 16.717 16.333 15.925 15.490 15.029 14.538 14.019 13.468 12.887 12.275 11.633 10.962 10.261 9.536 8.791 8.036 7.280 6.530 5.801 5.104 4.457 3.871 3.341 2.861 2.443 2.057 1.720 1.439 1.203 1.003 0.833 0.690 0.569 0.468 0.383 0.313 0.254 0.206 0.166 0.134 0.101 0.029 0.001 0.000 0.000 0.000 0.000 0.000 0.000 0.000
22.271 22.238 22.201 22.157 22.108 22.052 21.990 21.922 21.846 21.765 21.675 21.577 21.471 21.357 21.233 21.099 20.956 20.801 20.636 20.458 20.268 20.065 19.849 19.617 19.370 19.107 18.826 18.526 18.206 17.866 17.504 17.119 16.711 16.278 15.818 15.329 14.811 14.261 13.681 13.069 12.425 11.747 11.036 10.297 9.534 8.756 7.970 7.180 6.403 5.652 4.950 4.309 3.726 3.196 2.715 2.311 1.930 1.613 1.349 1.127 0.939 0.781 0.647 0.535 0.440 0.361 0.296 0.241 0.196 0.159 0.128 0.098 0.030 0.001
22.712 22.724 22.730 22.731 22.728 22.720 22.707 22.689 22.665 22.637 22.603 22.564 22.519 22.467 22.410 22.353 22.292 22.221 22.140 22.049 21.948 21.835 21.710 21.573 21.424 21.261 21.084 20.893 20.687 20.466 20.228 19.973 19.700 19.409 19.099 18.770 18.419 18.046 17.651 17.231 16.787 16.316 15.815 15.285 14.726 14.135 13.511 12.852 12.157 11.430 10.675 9.899 9.104 8.291 7.472 6.660 5.885 5.162 4.498 3.889 3.331 2.825 2.407 2.004 1.674 1.401 1.173 0.980 0.817 0.680 0.564 0.466 0.385 0.316
23.744 23.780 23.815 23.842 23.865 23.882 23.896 23.903 23.906 23.904 23.896 23.884 23.866 23.844 23.815 23.783 23.743 23.698 23.647 23.589 23.525 23.454 23.375 23.289 23.194 23.092 22.980 22.858 22.728 22.586 22.434 22.270 22.094 21.907 21.706 21.492 21.264 21.021 20.764 20.490 20.201 19.894 19.568 19.224 18.860 18.475 18.068 17.637 17.180 16.700 16.193 15.660 15.095 14.498 13.865 13.201 12.508 11.790 11.047 10.271 9.463 8.629 7.792 6.976 6.200 5.470 4.786 4.147 3.555 3.015 2.553 2.150 1.788 1.495
24.111 24.155 24.197 24.236 24.272 24.305 24.337 24.366 24.392 24.416 24.436 24.454 24.470 24.482 24.492 24.498 24.501 24.501 24.497 24.490 24.478 24.463 24.442 24.417 24.386 24.349 24.307 24.258 24.202 24.138 24.067 23.988 23.899 23.802 23.695 23.578 23.451 23.313 23.165 23.006 22.835 22.652 22.458 22.251 22.032 21.800 21.554 21.295 21.023 20.736 20.434 20.118 19.785 19.436 19.069 18.686 18.288 17.872 17.435 16.974 16.488 15.976 15.443 14.893 14.335 13.755 13.135 12.469 11.754 11.002 10.229 9.451 8.680 7.923
24.363 24.442 24.519 24.594 24.668 24.739 24.808 24.875 24.939 25.002 25.062 25.118 25.173 25.223 25.271 25.315 25.357 25.394 25.428 25.458 25.484 25.506 25.524 25.537 25.546 25.551 25.551 25.545 25.535 25.520 25.499 25.472 25.439 25.401 25.356 25.305 25.248 25.183 25.112 25.033 24.948 24.855 24.755 24.647 24.532 24.409 24.279 24.141 23.996 23.843 23.683 23.516 23.341 23.160 22.972 22.778 22.578 22.373 22.162 21.945 21.744 21.558 21.399 21.255 21.119 20.989 20.857 20.723 20.582 20.439 20.286 20.129 19.962 19.790
25.055 25.132 25.206 25.278 25.348 25.415 25.480 25.544 25.605 25.664 25.722 25.777 25.831 25.884 25.934 25.983 26.031 26.076 26.121 26.164 26.206 26.246 26.284 26.321 26.356 26.390 26.421 26.451 26.478 26.503 26.525 26.545 26.562 26.576 26.586 26.593 26.596 26.596 26.592 26.583 26.571 26.554 26.532 26.507 26.476 26.441 26.402 26.359 26.311 26.260 26.204 26.145 26.083 26.018 25.951 25.883 25.814 25.747 25.690 25.654 25.646 25.662 25.689 25.720 25.751 25.781 25.807 25.826 25.841 25.847 25.845 25.835 25.815 25.786
24.816 24.905 24.995 25.084 25.173 25.263 25.353 25.443 25.533 25.624 25.713 25.804 25.894 25.983 26.074 26.163 26.251 26.340 26.428 26.515 26.601 26.686 26.770 26.853 26.934 27.014 27.091 27.168 27.241 27.313 27.382 27.448 27.512 27.573 27.632 27.688 27.740 27.790 27.836 27.879 27.919 27.956 27.990 28.020 28.048 28.072 28.094 28.113 28.130 28.144 28.157 28.167 28.177 28.187 28.197 28.209 28.227 28.253 28.288 28.336 28.400 28.471 28.542 28.609 28.671 28.726 28.772 28.811 28.845 28.879 28.915 28.958 29.005 29.059
25.480 25.589 25.695 25.802 25.905 26.009 26.110 26.211 26.309 26.407 26.504 26.598 26.693 26.784 26.876 26.966 27.054 27.143 27.229 27.314 27.399 27.482 27.564 27.646 27.725 27.805 27.884 27.961 28.038 28.114 28.190 28.264 28.337 28.411 28.483 28.554 28.624 28.694 28.763 28.831 28.897 28.963 29.028 29.092 29.156 29.218 29.279 29.340 29.400 29.460 29.519 29.578 29.637 29.696 29.756 29.817 29.878 29.943 30.012 30.085 30.162 30.243 30.328 30.417 30.508 30.602 30.700 30.804 30.912 31.025 31.140 31.256 31.370 31.480
25.262 25.361 25.460 25.557 25.655 25.753 25.849 25.947 26.044 26.141 26.238 26.336 26.434 26.533 26.632 26.733 26.833 26.935 27.037 27.140 27.244 27.349 27.455 27.562 27.670 27.780 27.891 28.002 28.115 28.228 28.342 28.456 28.571 28.687 28.802 28.918 29.034 29.150 29.266 29.382 29.497 29.612 29.727 29.842 29.957 30.070 30.184 30.297 30.411 30.524 30.637 30.750 30.863 30.976 31.090 31.203 31.318 31.433 31.549 31.665 31.782 31.901 32.019 32.139 32.260 32.382 32.505 32.629 32.755 32.881 33.006 33.126 33.241 33.356
25.705 25.828 25.949 26.070 26.191 26.310 26.429 26.547 26.666 26.782 26.900 27.016 27.133 27.248 27.364 27.478 27.593 27.707 27.821 27.934 28.048 28.160 28.273 28.385 28.498 28.609 28.722 28.833 28.945 29.057 29.168 29.280 29.392 29.503 29.616 29.728 29.841 29.954 30.068 30.181 30.295 30.410 30.526 30.642 30.758 30.875 30.992 31.110 31.228 31.347 31.466 31.586 31.705 31.825 31.945 32.064 32.184 32.303 32.421 32.539 32.656 32.771 32.886 32.999 33.111 33.220 33.326 33.428 33.533 33.651 33.769 33.886 34.002 34.117
25.526 25.633 25.739 25.843 25.949 26.053 26.157 26.262 26.366 26.471 26.575 26.681 26.787 26.893 27.000 27.108 27.217 27.327 27.438 27.551 27.664 27.779 27.895 28.013 28.131 28.251 28.372 28.495 28.618 28.742 28.867 28.994 29.121 29.248 29.377 29.506 29.635 29.766 29.896 30.027 30.158 30.293 30.442 30.592 30.742 30.893 31.045 31.196 31.348 31.501 31.652 31.805 31.957 32.109 32.261 32.412 32.563 32.714 32.864 33.014 33.163 33.310 33.455 33.599 33.740 33.879 34.016 34.151 34.284 34.415 34.544 34.671 34.796 34.919
25.705 25.827 25.949 26.070 26.190 26.310 26.429 26.547 26.666 26.782 26.900 27.016 27.133 27.248 27.364 27.478 27.593 27.707 27.821 27.934 28.047 28.160 28.273 28.385 28.498 28.609 28.721 28.833 28.944 29.056 29.167 29.279 29.391 29.503 29.615 29.728 29.840 29.953 30.067 30.181 30.295 30.409 30.524 30.640 30.757 30.874 30.991 31.109 31.227 31.346 31.465 31.584 31.704 31.824 31.943 32.063 32.182 32.302 32.420 32.538 32.654 32.770 32.885 32.998 33.110 33.219 33.325 33.427 33.532 33.650 33.768 33.885 34.001 34.115
25.261 25.360 25.459 25.557 25.654 25.752 25.848 25.946 26.043 26.140 26.237 26.335 26.433 26.532 26.631 26.731 26.832 26.934 27.036 27.139 27.243 27.348 27.454 27.561 27.669 27.779 27.890 28.001 28.114 28.227 28.341 28.455 28.571 28.686 28.801 28.917 29.033 29.149 29.265 29.380 29.496 29.611 29.726 29.841 29.955 30.069 30.183 30.296 30.409 30.522 30.635 30.748 30.861 30.974 31.088 31.201 31.316 31.431 31.546 31.663 31.780 31.898 32.017 32.137 32.258 32.380 32.503 32.627 32.752 32.879 33.004 33.124 33.239 33.354
25.480 25.589 25.695 25.802 25.905 26.009 26.109 26.210 26.309 26.407 26.503 26.597 26.692 26.783 26.875 26.965 27.053 27.142 27.228 27.313 27.398 27.480 27.563 27.644 27.724 27.803 27.882 27.960 28.036 28.113 28.188 28.262 28.336 28.409 28.481 28.552 28.622 28.692 28.761 28.828 28.895 28.961 29.026 29.090 29.153 29.215 29.277 29.337 29.397 29.457 29.516 29.575 29.634 29.693 29.753 29.814 29.876 29.940 30.009 30.082 30.159 30.240 30.326 30.414 30.506 30.600 30.698 30.802 30.910 31.022 31.138 31.253 31.368 31.478
24.816 24.904 24.994 25.084 25.173 25.263 25.353 25.442 25.533 25.623 25.713 25.803 25.893 25.983 26.073 26.162 26.251 26.340 26.427 26.514 26.601 26.685 26.769 26.852 26.933 27.013 27.090 27.166 27.239 27.311 27.380 27.447 27.511 27.572 27.630 27.686 27.738 27.788 27.834 27.877 27.917 27.954 27.987 28.018 28.045 28.070 28.091 28.110 28.127 28.141 28.154 28.165 28.174 28.184 28.194 28.206 28.224 28.250 28.285 28.332 28.396 28.468 28.539 28.606 28.668 28.722 28.769 28.808 28.842 28.875 28.912 28.955 29.002 29.056
25.054 25.131 25.205 25.277 25.347 25.414 25.479 25.543 25.604 25.662 25.720 25.776 25.829 25.882 25.932 25.981 26.029 26.074 26.119 26.162 26.204 26.244 26.282 26.319 26.354 26.388 26.419 26.448 26.476 26.500 26.523 26.543 26.559 26.573 26.584 26.591 26.594 26.594 26.589 26.581 26.568 26.551 26.530 26.504 26.474 26.439 26.400 26.356 26.309 26.257 26.202 26.143 26.081 26.016 25.949 25.881 25.812 25.745 25.687 25.652 25.643 25.660 25.687 25.718 25.748 25.778 25.804 25.824 25.838 25.844 25.842 25.831 25.811 25.782
24.363 24.442 24.519 24.594 24.668 24.739 24.808 24.875 24.939 25.002 25.062 25.118 25.173 25.223 25.271 25.315 25.356 25.393 25.427 25.457 25.483 25.505 25.523 25.536 25.545 25.549 25.549 25.544 25.534 25.518 25.497 25.471 25.438 25.399 25.355 25.303 25.246 25.181 25.110 25.032 24.946 24.853 24.753 24.645 24.530 24.407 24.277 24.139 23.994 23.841 23.681 23.514 23.340 23.159 22.971 22.777 22.578 22.372 22.161 21.944 21.744 21.557 21.399 21.256 21.120 20.990 20.858 20.725 20.584 20.441 20.289 20.132 19.966 19.795
24.109 24.153 24.195 24.234 24.270 24.304 24.336 24.364 24.390 24.414 24.434 24.452 24.468 24.480 24.490 24.496 24.499 24.499 24.495 24.488 24.476 24.460 24.440 24.414 24.384 24.347 24.304 24.255 24.199 24.136 24.065 23.986 23.897 23.800 23.693 23.576 23.449 23.312 23.164 23.004 22.834 22.651 22.457 22.250 22.031 21.799 21.554 21.296 21.023 20.736 20.435 20.119 19.787 19.438 19.072 18.689 18.291 17.875 17.439 16.979 16.493 15.982 15.449 14.901 14.343 13.763 13.144 12.479 11.765 11.014 10.242 9.464 8.693 7.936
23.744 23.781 23.815 23.842 23.865 23.882 23.896 23.903 23.906 23.903 23.896 23.884 23.866 23.844 23.814 23.782 23.742 23.697 23.646 23.588 23.524 23.453 23.374 23.288 23.193 23.091 22.979 22.858 22.727 22.585 22.433 22.269 22.094 21.906 21.705 21.491 21.264 21.021 20.764 20.491 20.201 19.895 19.570 19.226 18.862 18.478 18.071 17.640 17.184 16.704 16.198 15.665 15.102 14.505 13.873 13.209 12.517 11.800 11.058 10.282 9.475 8.641 7.804 6.988 6.211 5.481 4.796 4.156 3.563 3.023 2.557 2.155 1.793 1.499
22.710 22.722 22.728 22.729 22.726 22.718 22.705 22.687 22.664 22.635 22.601 22.562 22.517 22.466 22.408 22.352 22.291 22.220 22.139 22.049 21.947 21.834 21.709 21.572 21.423 21.261 21.084 20.893 20.688 20.466 20.229 19.974 19.702 19.411 19.101 18.772 18.421 18.049 17.654 17.235 16.791 16.320 15.820 15.291 14.732 14.142 13.519 12.860 12.166 11.440 10.686 9.910 9.115 8.302 7.483 6.672 5.895 5.172 4.507 3.897 3.338 2.831 2.413 2.009 1.678 1.404 1.175 0.982 0.819 0.681 0.565 0.467 0.385 0.317
22.270 22.237 22.200 22.156 22.107 22.051 21.989 21.921 21.845 21.764 21.674 21.576 21.471 21.356 21.232 21.098 20.955 20.801 20.635 20.458 20.268 20.065 19.849 19.618 19.371 19.108 18.827 18.527 18.208 17.868 17.507 17.122 16.714 16.282 15.822 15.334 14.816 14.267 13.688 13.076 12.433 11.755 11.046 10.307 9.545 8.767 7.981 7.191 6.414 5.662 4.959 4.317 3.733 3.203 2.721 2.317 1.934 1.617 1.352 1.129 0.941 0.783 0.649 0.536 0.441 0.362 0.296 0.242 0.196 0.159 0.129 0.098 0.030 0.001
20.919 20.881 20.835 20.779 20.714 20.638 20.554 20.458 20.350 20.232 20.102 19.959 19.804 19.634 19.452 19.255 19.043 18.815 18.571 18.310 18.031 17.734 17.418 17.080 16.720 16.337 15.929 15.495 15.034 14.544 14.025 13.475 12.894 12.283 11.642 10.971 10.271 9.546 8.801 8.046 7.291 6.541 5.811 5.114 4.466 3.878 3.348 2.867 2.447 2.062 1.724 1.443 1.206 1.005 0.835 0.691 0.570 0.469 0.384 0.313 0.255 0.207 0.167 0.134 0.102 0.030 0.001 0.000 0.000 0.000 0.000 0.000 0.000 0.000
19.520 19.425 19.320 19.204 19.077 18.938 18.787 18.623 18.445 18.252 18.045 17.823 17.585 17.330 17.058 16.771 16.468 16.144 15.800 15.455 15.084 14.678 14.238 13.758 13.237 12.675 12.111 11.517 10.895 10.244 9.569 8.871 8.160 7.442 6.730 6.031 5.355 4.716 4.122 3.585 3.102 2.662 2.280 1.920 1.612 1.351 1.129 0.940 0.780 0.645 0.530 0.435 0.355 0.288 0.234 0.188 0.151 0.120 0.056 0.003 0.000 0.000 0.000 0.000 0.000 0.000 0.000 0.000 0.000 0.000 0.000 0.000 0.000 0.000
18.072 17.903 17.720 17.525 17.315 17.091 16.852 16.596 16.323 16.032 15.720 15.389 15.036 14.662 14.264 13.844 13.398 12.956 12.471 11.945 11.377 10.791 10.185 9.553 8.897 8.225 7.544 6.864 6.193 5.542 4.919 4.334 3.794 3.307 2.869 2.469 2.120 1.794 1.512 1.270 1.063 0.886 0.735 0.607 0.499 0.409 0.333 0.270 0.218 0.175 0.138 0.060 0.003 0.000 0.000 0.000 0.000 0.000 0.000 0.000 0.000 0.000 0.000 0.000 0.000 0.000 0.000 0.000 0.000 0.000 0.000 0.000 0.000 0.000
15.545 15.313 15.155 15.069 14.987 14.901 14.779 14.604 14.362 14.046 13.661 13.197 12.655 12.032 11.344 10.585 9.769 8.910 8.026 7.295 6.670 6.047 5.435 4.843 4.287 3.779 3.319 2.905 2.530 2.196 1.881 1.603 1.358 1.145 0.961 0.802 0.666 0.550 0.452 0.370 0.301 0.243 0.150 0.020 0.000 0.000 0.000 0.000 0.000 0.000 0.000 0.000 0.000 0.000 0.000 0.000 0.000 0.000 0.000 0.000 0.000 0.000 0.000 0.000 0.000 0.000 0.000 0.000 0.000 0.000 0.000 0.000 0.000 0.000
