data/IdealizedTopo/Outputs_IdealizedTopo/1HS_01_curv_MoT-Voellmy_h_max.asc
ncols        1001
nrows        301
xllcorner    997.5
yllcorner    -5002.5
cellsize     5.00
NODATA_value -9999
[rows 136 to 169 of 301, columns 385 to 461 of 1001]
0.000 0.000 0.000 0.000 0.000 0.000 0.000 0.000 0.000 0.000 0.000 0.000 0.000 0.000 0.000 0.000 0.000 0.000 0.000 0.000 0.000 0.000 0.000 0.000 0.000 0.000 0.000 0.000 0.000 0.000 0.000 0.000 0.000 0.000 0.000 0.000 0.000 0.000 0.000 0.000 0.000 0.000 0.000 0.000 0.000 0.000 0.000 0.000 0.000 0.000 0.000 0.000 0.000 0.000 0.000 0.000 0.000 0.000 0.001 0.003 0.006 0.010 0.018 0.025 0.051 0.092 0.074 0.041 0.027 0.030 0.053 0.076 0.057 0.053 0.065 0.024 0.039
0.000 0.000 0.000 0.000 0.000 0.000 0.000 0.000 0.000 0.000 0.000 0.000 0.000 0.000 0.000 0.000 0.000 0.000 0.000 0.000 0.000 0.000 0.000 0.000 0.000 0.000 0.000 0.000 0.000 0.000 0.000 0.000 0.000 0.000 0.000 0.000 0.000 0.000 0.000 0.000 0.000 0.000 0.000 0.000 0.000 0.000 0.000 0.000 0.000 0.000 0.000 0.000 0.000 0.000 0.000 0.000 0.001 0.002 0.004 0.007 0.014 0.031 0.057 0.062 0.107 0.128 0.324 0.259 0.162 0.147 0.314 0.225 0.379 0.270 0.400 0.237 0.366
0.000 0.000 0.000 0.000 0.000 0.000 0.000 0.000 0.000 0.000 0.000 0.000 0.000 0.000 0.000 0.000 0.000 0.000 0.000 0.000 0.000 0.000 0.000 0.000 0.000 0.000 0.000 0.000 0.000 0.000 0.000 0.000 0.000 0.000 0.000 0.000 0.000 0.000 0.000 0.000 0.000 0.000 0.000 0.000 0.000 0.000 0.000 0.000 0.000 0.000 0.000 0.000 0.000 0.000 0.000 0.001 0.004 0.007 0.010 0.022 0.056 0.096 0.150 0.399 0.614 0.636 0.870 0.568 0.692 0.628 0.871 0.601 0.853 0.944 0.630 1.324 0.645
0.000 0.000 0.000 0.000 0.000 0.000 0.000 0.000 0.000 0.000 0.000 0.000 0.000 0.000 0.000 0.000 0.000 0.000 0.000 0.000 0.000 0.000 0.000 0.000 0.000 0.000 0.000 0.000 0.000 0.000 0.000 0.000 0.000 0.000 0.000 0.000 0.000 0.000 0.000 0.000 0.000 0.000 0.000 0.000 0.000 0.000 0.000 0.000 0.000 0.000 0.000 0.001 0.001 0.002 0.003 0.007 0.034 0.027 0.055 0.078 0.302 0.245 0.442 1.269 0.874 1.074 1.135 1.235 1.604 1.636 1.435 1.577 1.104 1.745 1.197 1.630 0.925
0.000 0.000 0.000 0.000 0.000 0.000 0.000 0.000 0.000 0.000 0.000 0.000 0.000 0.000 0.000 0.000 0.000 0.000 0.000 0.000 0.000 0.000 0.000 0.000 0.000 0.000 0.000 0.000 0.000 0.000 0.000 0.000 0.000 0.001 0.001 0.001 0.002 0.002 0.003 0.004 0.005 0.007 0.009 0.011 0.014 0.017 0.021 0.026 0.031 0.037 0.045 0.054 0.065 0.079 0.094 0.114 0.310 0.290 0.393 0.416 0.797 0.837 1.248 1.780 1.509 2.423 2.639 2.217 3.470 2.843 4.115 3.479 5.081 3.464 5.737 3.015 6.086
0.000 0.000 0.000 0.000 0.000 0.000 0.000 0.000 0.000 0.000 0.000 0.000 0.000 0.000 0.001 0.001 0.001 0.002 0.002 0.003 0.004 0.005 0.007 0.008 0.010 0.013 0.015 0.019 0.022 0.026 0.031 0.036 0.041 0.047 0.053 0.060 0.067 0.074 0.082 0.090 0.098 0.107 0.116 0.126 0.137 0.147 0.159 0.170 0.182 0.195 0.208 0.222 0.236 0.251 0.268 0.285 0.513 0.350 0.609 0.685 0.976 1.226 0.877 1.083 0.932 1.064 1.232 1.261 1.507 1.542 2.006 1.583 2.206 1.536 1.834 1.232 1.766
0.011 0.013 0.016 0.018 0.021 0.025 0.029 0.033 0.038 0.044 0.050 0.057 0.064 0.072 0.080 0.089 0.098 0.108 0.118 0.128 0.139 0.150 0.161 0.173 0.185 0.197 0.209 0.221 0.233 0.245 0.256 0.268 0.279 0.290 0.300 0.310 0.320 0.330 0.339 0.348 0.357 0.368 0.379 0.391 0.403 0.416 0.430 0.444 0.459 0.475 0.492 0.510 0.531 0.558 0.590 0.625 1.082 1.002 1.946 2.150 3.037 3.664 4.443 5.053 5.132 6.220 5.693 7.316 6.636 8.510 7.224 9.542 7.833 10.345 8.009 10.903 8.371
0.227 0.239 0.251 0.262 0.273 0.284 0.294 0.304 0.313 0.322 0.330 0.338 0.346 0.353 0.360 0.367 0.374 0.381 0.388 0.395 0.402 0.409 0.417 0.424 0.432 0.440 0.448 0.456 0.465 0.473 0.481 0.490 0.498 0.506 0.514 0.521 0.529 0.535 0.542 0.548 0.554 0.561 0.568 0.576 0.583 0.590 0.598 0.604 0.611 0.617 0.623 0.627 0.632 0.635 0.638 0.641 0.680 0.643 0.643 0.664 0.732 0.838 1.035 1.665 2.400 2.915 2.893 2.702 2.867 3.084 3.169 3.032 2.728 2.330 2.347 2.846 2.664
0.769 0.784 0.799 0.814 0.828 0.843 0.858 0.873 0.889 0.906 0.922 0.939 0.957 0.975 0.992 1.008 1.023 1.035 1.046 1.055 1.062 1.067 1.070 1.071 1.071 1.070 1.068 1.064 1.059 1.054 1.048 1.041 1.034 1.026 1.018 1.010 1.002 0.995 0.987 0.980 0.975 0.971 0.970 0.971 0.976 0.993 1.010 1.029 1.048 1.068 1.090 1.113 1.136 1.161 1.273 1.939 2.807 3.400 4.219 4.836 5.850 6.808 7.262 7.650 8.133 8.686 9.036 9.759 10.061 10.550 10.596 11.278 11.115 11.048 11.572 10.489 11.671
0.997 0.994 0.988 0.982 0.974 0.966 0.957 0.948 0.939 0.930 0.921 0.913 0.906 0.899 0.894 0.891 0.901 0.913 0.925 0.937 0.948 0.957 0.966 0.974 0.980 0.985 0.989 0.992 0.993 0.992 0.992 1.003 1.013 1.023 1.031 1.038 1.045 1.050 1.054 1.058 1.061 1.064 1.068 1.071 1.074 1.075 1.076 1.075 1.071 1.067 1.060 1.050 1.037 1.021 1.002 0.981 0.956 0.958 1.004 1.055 1.112 1.175 1.414 3.358 2.694 2.475 2.781 4.330 5.952 6.168 4.771 4.250 3.649 3.595 3.539 2.270 3.301
1.965 1.972 1.976 1.978 1.977 1.973 1.967 1.958 1.947 1.933 1.915 1.897 1.875 1.851 1.825 1.797 1.768 1.737 1.719 1.717 1.713 1.706 1.696 1.682 1.664 1.643 1.619 1.612 1.621 1.627 1.633 1.637 1.639 1.639 1.639 1.637 1.633 1.628 1.623 1.617 1.612 1.610 1.611 1.615 1.623 1.635 1.652 1.671 1.692 1.711 1.730 1.746 2.088 3.630 4.610 5.385 5.337 7.166 7.982 8.643 8.680 10.737 9.577 11.959 11.602 15.204 13.270 15.299 13.983 14.856 14.455 15.120 13.960 14.113 14.202 13.657 13.965
1.542 1.501 1.460 1.421 1.421 1.419 1.414 1.407 1.409 1.411 1.414 1.417 1.421 1.424 1.449 1.475 1.503 1.532 1.565 1.599 1.634 1.668 1.702 1.735 1.767 1.798 1.825 1.850 1.873 1.890 1.902 1.911 1.914 1.907 1.900 1.883 1.855 1.825 1.786 1.735 1.680 1.622 1.557 1.491 1.424 1.360 1.296 1.231 1.246 1.271 1.295 1.319 1.343 1.366 1.390 1.414 1.440 1.467 1.497 1.528 1.561 1.596 1.635 1.818 2.759 4.396 5.345 6.566 7.480 8.698 7.231 6.561 6.319 6.839 5.243 3.572 3.069
3.214 3.200 3.192 3.181 3.168 3.155 3.146 3.135 3.122 3.106 3.089 3.076 3.062 3.045 3.027 3.007 2.985 2.963 2.939 2.918 2.896 2.874 2.850 2.827 2.803 2.779 2.754 2.730 2.706 2.683 2.660 2.637 2.615 2.593 2.572 2.552 2.532 2.515 2.500 2.485 2.471 2.460 2.451 2.444 2.443 2.442 2.440 2.443 2.448 2.449 2.538 4.294 5.233 6.269 8.287 10.421 11.046 11.382 11.745 15.419 12.515 18.774 14.215 19.510 15.520 21.297 15.452 21.905 17.312 20.627 19.263 20.513 20.522 21.382 22.196 20.999 25.157
2.112 2.122 2.135 2.149 2.167 2.186 2.207 2.231 2.257 2.287 2.320 2.353 2.382 2.409 2.430 2.443 2.448 2.444 2.431 2.409 2.377 2.336 2.286 2.229 2.165 2.095 2.020 1.941 1.858 1.774 1.687 1.601 1.514 1.430 1.429 1.425 1.419 1.411 1.400 1.386 1.370 1.354 1.336 1.318 1.302 1.290 1.281 1.275 1.271 1.267 1.263 1.269 1.274 1.271 1.261 1.249 1.247 1.246 1.246 1.247 1.259 1.300 1.624 2.035 2.824 3.393 4.816 4.692 6.991 5.553 8.254 7.046 5.783 6.037 5.032 3.785 3.158
3.760 3.763 3.765 3.767 3.770 3.772 3.775 3.777 3.780 3.783 3.786 3.788 3.791 3.794 3.797 3.800 3.803 3.806 3.809 3.813 3.816 3.819 3.823 3.826 3.830 3.834 3.838 3.841 3.845 3.849 3.853 3.857 3.861 3.866 3.870 3.874 3.879 3.883 3.888 3.893 3.899 3.907 3.918 3.930 3.945 3.962 3.980 4.002 4.024 4.049 4.076 4.104 5.016 8.018 10.191 10.959 12.811 15.194 16.889 19.050 15.771 22.382 14.832 24.849 17.741 27.238 19.011 26.598 19.994 25.328 23.460 26.439 22.941 27.035 22.671 27.435 25.910
2.108 2.119 2.133 2.147 2.165 2.184 2.204 2.227 2.253 2.282 2.314 2.346 2.375 2.400 2.422 2.437 2.444 2.443 2.433 2.414 2.386 2.349 2.302 2.247 2.184 2.113 2.037 1.955 1.869 1.780 1.690 1.598 1.507 1.471 1.472 1.471 1.467 1.461 1.451 1.438 1.423 1.406 1.388 1.369 1.348 1.327 1.305 1.287 1.274 1.270 1.274 1.282 1.287 1.286 1.276 1.260 1.241 1.219 1.214 1.218 1.253 1.293 1.776 1.902 2.987 2.822 4.323 3.858 7.862 6.621 8.053 7.337 5.552 4.833 3.807 3.278 3.549
3.200 3.185 3.177 3.167 3.154 3.140 3.132 3.121 3.109 3.094 3.078 3.064 3.051 3.035 3.018 2.999 2.979 2.958 2.935 2.912 2.892 2.870 2.848 2.825 2.802 2.779 2.755 2.732 2.709 2.686 2.663 2.641 2.619 2.598 2.577 2.557 2.537 2.520 2.504 2.490 2.477 2.466 2.457 2.449 2.449 2.448 2.446 2.449 2.453 2.455 2.460 3.237 6.548 7.764 7.795 10.060 10.722 12.099 11.766 12.451 14.822 13.263 14.673 15.465 15.975 20.303 19.460 19.881 19.358 21.115 19.907 20.505 24.945 20.380 24.724 23.235 25.646
1.529 1.488 1.446 1.431 1.430 1.427 1.421 1.415 1.417 1.419 1.422 1.427 1.432 1.436 1.444 1.472 1.502 1.533 1.567 1.602 1.638 1.673 1.708 1.742 1.775 1.806 1.834 1.861 1.883 1.901 1.914 1.924 1.926 1.920 1.911 1.892 1.862 1.831 1.789 1.734 1.677 1.615 1.550 1.483 1.416 1.350 1.286 1.224 1.246 1.268 1.291 1.313 1.333 1.354 1.375 1.396 1.418 1.442 1.467 1.494 1.523 1.554 1.595 1.960 3.135 5.211 4.962 5.956 7.330 8.433 6.899 6.656 6.313 6.036 4.554 3.172 3.185
1.965 1.975 1.983 1.988 1.990 1.988 1.985 1.978 1.968 1.955 1.938 1.920 1.898 1.874 1.848 1.820 1.789 1.757 1.724 1.720 1.715 1.707 1.696 1.681 1.663 1.641 1.617 1.613 1.622 1.628 1.632 1.636 1.638 1.638 1.636 1.634 1.630 1.625 1.620 1.614 1.609 1.607 1.607 1.611 1.619 1.631 1.647 1.668 1.690 1.713 1.736 1.757 2.120 3.614 4.544 5.523 6.436 6.855 8.145 8.692 8.549 10.915 9.971 12.520 10.761 13.701 11.084 14.424 13.376 13.877 13.562 15.085 14.179 15.643 15.316 16.921 16.201
0.999 0.994 0.989 0.982 0.974 0.965 0.956 0.946 0.936 0.927 0.918 0.909 0.901 0.895 0.890 0.892 0.905 0.918 0.930 0.942 0.953 0.964 0.973 0.981 0.988 0.994 0.999 1.002 1.005 1.005 1.005 1.004 1.015 1.025 1.034 1.041 1.048 1.054 1.059 1.062 1.066 1.069 1.072 1.076 1.078 1.080 1.080 1.078 1.075 1.070 1.063 1.053 1.039 1.022 1.003 0.982 0.956 0.953 1.076 1.228 1.581 1.302 1.893 2.684 2.488 2.625 3.825 4.155 5.847 6.078 5.330 3.865 3.392 3.247 3.259 2.587 3.447
0.768 0.784 0.799 0.813 0.828 0.843 0.858 0.873 0.889 0.906 0.922 0.940 0.957 0.976 0.993 1.010 1.026 1.039 1.051 1.060 1.067 1.072 1.075 1.077 1.077 1.075 1.072 1.068 1.062 1.056 1.049 1.041 1.033 1.024 1.015 1.006 0.997 0.987 0.978 0.969 0.962 0.957 0.954 0.960 0.975 0.991 1.008 1.027 1.046 1.067 1.088 1.111 1.135 1.160 1.239 2.129 2.885 3.639 4.664 4.799 6.060 6.173 7.357 7.400 7.885 8.992 7.933 9.849 9.124 10.586 9.709 11.174 9.460 11.750 9.585 11.262 9.928
0.227 0.239 0.251 0.263 0.274 0.284 0.294 0.304 0.313 0.322 0.330 0.338 0.345 0.352 0.359 0.366 0.373 0.380 0.387 0.393 0.400 0.407 0.415 0.422 0.430 0.438 0.446 0.455 0.463 0.472 0.481 0.489 0.498 0.506 0.514 0.522 0.529 0.536 0.543 0.549 0.556 0.563 0.570 0.578 0.585 0.593 0.600 0.608 0.614 0.621 0.627 0.632 0.636 0.641 0.644 0.646 0.697 0.649 0.653 0.668 0.734 0.840 1.141 1.752 2.414 2.923 2.889 2.701 2.897 3.073 3.124 3.226 2.665 3.265 2.641 2.975 2.625
0.011 0.013 0.016 0.018 0.021 0.025 0.029 0.033 0.038 0.043 0.050 0.056 0.064 0.072 0.080 0.089 0.098 0.107 0.117 0.128 0.138 0.149 0.161 0.172 0.184 0.196 0.208 0.220 0.232 0.244 0.255 0.267 0.278 0.289 0.299 0.309 0.319 0.329 0.338 0.347 0.356 0.367 0.378 0.389 0.402 0.414 0.428 0.441 0.456 0.471 0.488 0.506 0.526 0.555 0.587 0.622 0.804 1.157 1.462 2.029 2.597 3.107 3.515 4.279 4.602 5.451 5.560 6.307 6.323 7.368 6.997 7.879 7.506 8.721 7.475 9.510 7.110
0.000 0.000 0.000 0.000 0.000 0.000 0.000 0.000 0.000 0.000 0.000 0.000 0.000 0.000 0.001 0.001 0.001 0.002 0.002 0.003 0.004 0.005 0.007 0.008 0.010 0.013 0.015 0.018 0.022 0.026 0.030 0.035 0.041 0.046 0.053 0.060 0.067 0.074 0.082 0.090 0.098 0.107 0.117 0.127 0.137 0.148 0.160 0.172 0.184 0.197 0.210 0.224 0.239 0.255 0.272 0.289 0.379 0.457 0.741 1.357 0.802 1.710 0.935 1.474 1.678 1.415 1.073 1.088 1.751 0.975 1.559 1.108 1.874 1.531 1.994 1.494 1.979
0.000 0.000 0.000 0.000 0.000 0.000 0.000 0.000 0.000 0.000 0.000 0.000 0.000 0.000 0.000 0.000 0.000 0.000 0.000 0.000 0.000 0.000 0.000 0.000 0.000 0.000 0.000 0.000 0.000 0.000 0.000 0.000 0.000 0.001 0.001 0.001 0.002 0.002 0.003 0.004 0.005 0.007 0.009 0.011 0.014 0.017 0.021 0.026 0.031 0.038 0.045 0.055 0.066 0.079 0.095 0.114 0.271 0.294 0.550 0.491 0.829 0.941 1.818 1.437 2.232 2.170 2.422 2.455 2.861 1.767 3.581 1.789 4.056 2.045 4.447 1.995 4.549
0.000 0.000 0.000 0.000 0.000 0.000 0.000 0.000 0.000 0.000 0.000 0.000 0.000 0.000 0.000 0.000 0.000 0.000 0.000 0.000 0.000 0.000 0.000 0.000 0.000 0.000 0.000 0.000 0.000 0.000 0.000 0.000 0.000 0.000 0.000 0.000 0.000 0.000 0.000 0.000 0.000 0.000 0.000 0.000 0.000 0.000 0.000 0.000 0.000 0.000 0.000 0.001 0.001 0.002 0.003 0.007 0.027 0.051 0.052 0.079 0.136 0.237 0.840 1.158 0.909 1.593 1.589 1.547 1.213 1.066 1.435 1.099 1.794 1.058 1.357 1.300 0.662
0.000 0.000 0.000 0.000 0.000 0.000 0.000 0.000 0.000 0.000 0.000 0.000 0.000 0.000 0.000 0.000 0.000 0.000 0.000 0.000 0.000 0.000 0.000 0.000 0.000 0.000 0.000 0.000 0.000 0.000 0.000 0.000 0.000 0.000 0.000 0.000 0.000 0.000 0.000 0.000 0.000 0.000 0.000 0.000 0.000 0.000 0.000 0.000 0.000 0.000 0.000 0.000 0.000 0.000 0.000 0.001 0.004 0.008 0.010 0.021 0.041 0.096 0.230 0.256 0.206 0.410 0.910 0.438 0.502 0.663 0.319 0.362 0.661 0.473 0.722 0.721 0.432
0.000 0.000 0.000 0.000 0.000 0.000 0.000 0.000 0.000 0.000 0.000 0.000 0.000 0.000 0.000 0.000 0.000 0.000 0.000 0.000 0.000 0.000 0.000 0.000 0.000 0.000 0.000 0.000 0.000 0.000 0.000 0.000 0.000 0.000 0.000 0.000 0.000 0.000 0.000 0.000 0.000 0.000 0.000 0.000 0.000 0.000 0.000 0.000 0.000 0.000 0.000 0.000 0.000 0.000 0.000 0.000 0.001 0.002 0.004 0.007 0.011 0.028 0.060 0.064 0.086 0.108 0.096 0.074 0.376 0.064 0.156 0.111 0.130 0.202 0.203 0.135 0.252
0.000 0.000 0.000 0.000 0.000 0.000 0.000 0.000 0.000 0.000 0.000 0.000 0.000 0.000 0.000 0.000 0.000 0.000 0.000 0.000 0.000 0.000 0.000 0.000 0.000 0.000 0.000 0.000 0.000 0.000 0.000 0.000 0.000 0.000 0.000 0.000 0.000 0.000 0.000 0.000 0.000 0.000 0.000 0.000 0.000 0.000 0.000 0.000 0.000 0.000 0.000 0.000 0.000 0.000 0.000 0.000 0.000 0.000 0.001 0.003 0.005 0.009 0.015 0.024 0.037 0.055 0.047 0.047 0.040 0.055 0.023 0.020 0.049 0.035 0.033 0.023 0.054
0.000 0.000 0.000 0.000 0.000 0.000 0.000 0.000 0.000 0.000 0.000 0.000 0.000 0.000 0.000 0.000 0.000 0.000 0.000 0.000 0.000 0.000 0.000 0.000 0.000 0.000 0.000 0.000 0.000 0.000 0.000 0.000 0.000 0.000 0.000 0.000 0.000 0.000 0.000 0.000 0.000 0.000 0.000 0.000 0.000 0.000 0.000 0.000 0.000 0.000 0.000 0.000 0.000 0.000 0.000 0.000 0.000 0.000 0.000 0.001 0.003 0.005 0.007 0.009 0.013 0.026 0.029 0.026 0.024 0.098 0.014 0.018 0.011 0.008 0.009 0.008 0.001
0.000 0.000 0.000 0.000 0.000 0.000 0.000 0.000 0.000 0.000 0.000 0.000 0.000 0.000 0.000 0.000 0.000 0.000 0.000 0.000 0.000 0.000 0.000 0.000 0.000 0.000 0.000 0.000 0.000 0.000 0.000 0.000 0.000 0.000 0.000 0.000 0.000 0.000 0.000 0.000 0.000 0.000 0.000 0.000 0.000 0.000 0.000 0.000 0.000 0.000 0.000 0.000 0.000 0.000 0.000 0.000 0.000 0.000 0.000 0.000 0.000 0.002 0.003 0.005 0.008 0.009 0.011 0.013 0.016 0.013 0.024 0.007 0.002 0.001 0.002 0.000 0.000
0.000 0.000 0.000 0.000 0.000 0.000 0.000 0.000 0.000 0.000 0.000 0.000 0.000 0.000 0.000 0.000 0.000 0.000 0.000 0.000 0.000 0.000 0.000 0.000 0.000 0.000 0.000 0.000 0.000 0.000 0.000 0.000 0.000 0.000 0.000 0.000 0.000 0.000 0.000 0.000 0.000 0.000 0.000 0.000 0.000 0.000 0.000 0.000 0.000 0.000 0.000 0.000 0.000 0.000 0.000 0.000 0.000 0.000 0.000 0.000 0.000 0.000 0.001 0.002 0.004 0.007 0.009 0.010 0.009 0.009 0.012 0.003 0.000 0.000 0.000 0.000 0.000
0.000 0.000 0.000 0.000 0.000 0.000 0.000 0.000 0.000 0.000 0.000 0.000 0.000 0.000 0.000 0.000 0.000 0.000 0.000 0.000 0.000 0.000 0.000 0.000 0.000 0.000 0.000 0.000 0.000 0.000 0.000 0.000 0.000 0.000 0.000 0.000 0.000 0.000 0.000 0.000 0.000 0.000 0.000 0.000 0.000 0.000 0.000 0.000 0.000 0.000 0.000 0.000 0.000 0.000 0.000 0.000 0.000 0.000 0.000 0.000 0.000 0.000 0.000 0.000 0.002 0.004 0.007 0.010 0.011 0.008 0.002 0.000 0.000 0.000 0.000 0.000 0.000
0.000 0.000 0.000 0.000 0.000 0.000 0.000 0.000 0.000 0.000 0.000 0.000 0.000 0.000 0.000 0.000 0.000 0.000 0.000 0.000 0.000 0.000 0.000 0.000 0.000 0.000 0.000 0.000 0.000 0.000 0.000 0.000 0.000 0.000 0.000 0.000 0.000 0.000 0.000 0.000 0.000 0.000 0.000 0.000 0.000 0.000 0.000 0.000 0.000 0.000 0.000 0.000 0.000 0.000 0.000 0.000 0.000 0.000 0.000 0.000 0.000 0.000 0.000 0.000 0.000 0.000 0.000 0.001 0.001 0.001 0.000 0.000 0.000 0.000 0.000 0.000 0.000
