data/IdealizedTopo/Outputs_IdealizedTopo/EllipticCylinder_01IdealizedTopo_null_TITAN2D_pfv.asc
ncols 1001
nrows 301
xllcenter  1000.00
yllcenter -5000.00
cellsize 5.00
nodata_value -9999
[rows 154 to 175 of 301, columns 450 to 499 of 1001]
74.6108769463011754 74.8682657804156833 73.2279571359200787 73.6685940391804479 72.9557434779437557 72.457183316219556 71.8324365846161044 71.5314432572629784 71.0489518571250045 70.5407406636700642 70.2014532378208287 69.4132970607044513 68.9807068391450287 68.1394436884239951 67.9318367051236436 67.3378282458617861 66.7959062867243318 66.0139375430994022 65.4307170702505942 64.6265131289973027 64.5748469714904729 63.9806486605554241 63.9824373625428962 63.596219807934304 63.5138660283315986 63.1135377858920208 62.6742734847265055 62.261689137302092 61.9351894590296226 61.7257152140340324 61.2991314067915454 61.2697170262029687 60.8677010708099075 60.5180941237200472 59.7219119462006063 59.8164162224234346 58.8034240869173246 58.97721958763141 58.1459485585624307 58.4607962061822235 57.9913248597257507 57.6199051364122141 57.3120554751788731 56.9070677620069816 56.8085783132276987 56.6233068358114338 56.2763832936691344 55.8586020801028766 55.544310809007051 55.0169178700058978
74.2218501732647553 73.7203359957339188 72.008318090081346 71.7698381920951505 70.7981165132082992 70.4321822258609984 69.9560737988419277 70.1417110794350407 69.870422963160479 69.7771070578101416 69.6345861309045233 68.7870740748970775 68.418426565527767 67.4650766205534325 67.1986233934908199 66.1226355076880168 65.9382830492480565 64.8597829992005046 64.7344259905232065 63.871080404432405 63.7469632764646406 63.1753680032846674 63.4644459123354352 63.3289734731918799 62.9814176179667271 62.629624988700229 61.9519704813526246 61.5315610723415105 61.1553579662695981 60.9749471715597053 60.5266402286808187 60.367746570996573 59.9218216426536614 59.763235542502386 59.1627353956727333 59.0972603679329183 58.4750941056735698 58.3806885536004572 57.825987628498396 57.5931917845270434 57.1390636929342293 56.7893964476412236 56.4635449668516927 55.9740936196454513 56.1083299747038495 56.2929881156439507 56.0086920779930963 55.5552698150408588 55.2802993135783964 54.8305286200630206
74.2223263154851054 74.2685612137342872 72.4576799439308417 72.8109666739164538 71.5006274908948143 71.6522641567923273 70.6467494481616569 70.4069888518873341 69.6578958316749919 69.3096075205111219 68.8168192968126533 67.9404647388528673 67.802394209364337 67.0536741089807151 67.0788935147319734 65.8423481668925064 65.7776697513531445 64.0353530682108953 64.0266157943201648 63.1417912149357221 63.4455375150097964 62.8489356834437984 63.0531629057996739 62.7058892157360077 62.6147663145138154 62.4405070588305477 61.62244837366638 61.3080682699373085 60.8037647856847983 60.8687121893047163 60.3066386762602562 60.4817572213844841 59.6890749177841187 59.8010520883777019 58.9639449218630034 59.1046509337013219 58.3690970226489725 58.5957705411950514 58.0975917938352993 57.8912884284549136 57.4228899224609535 57.0900602995991377 56.7988822220215539 56.2631586580048833 56.1497225843439338 55.9594134988490808 55.6386269207562734 55.3361694553251198 55.1276697551663588 54.6569164669940264
73.9468757037258086 73.488506754589821 71.9463259112698523 71.8081171467131014 70.9957414178962836 70.8340595691659729 70.0597081364436889 69.4839247950013572 68.7300057151011288 68.1093350116389331 67.6165735770458696 66.8286125045083423 66.7060733700520956 66.3657388769240129 66.3055231757468562 65.221182790644491 64.9477680575161713 62.9675786421137929 62.7373057102282417 62.1373109806409119 62.448102742912468 62.1404642441963446 61.9935162873202685 61.6094608714377969 62.0055637201614331 61.904370112041768 60.8640257882418112 60.4492967930503227 60.0472731829118018 60.0686340830115952 59.845934075505653 59.8640478740682056 59.1756149407580452 59.1579683039480386 58.5157471715383508 58.4820724753134442 58.0090347974746834 58.1874966043617192 57.9670514415238571 57.6010782501747016 57.2053966362892865 56.8359678229995282 56.5000438226852282 56.0802083444546398 55.8308985167937095 55.3465406880168089 55.2078319951229588 55.0489169554416904 54.7717453113694717 54.3410184211500322
73.231417802116809 72.7635050832446098 71.6475445547524572 71.7938369248147268 70.8704329997643185 70.7674285090034658 70.0311929656966043 69.6957276295060808 69.147613135354959 68.6141872852682013 68.2316946731200318 67.4695451321435939 67.2191367591805431 66.4393800190619572 66.1688633395876451 65.1840670251730927 64.9762326985117085 63.9104660503102551 63.8221393079821411 62.8701421585280542 62.871350911779416 62.2252791795980755 62.1492598025340612 61.6267241214442194 61.6973929190388404 61.3772679025216021 60.6300530642925111 60.5478233758617534 59.9579753893170917 59.9517226463323567 59.4213716350939123 59.3369586108278924 58.6325379960030659 58.5851021405135128 57.8574322482052423 57.8593875756560507 57.2837491274974937 57.3654355859572149 57.032889048635063 56.7564615363433802 56.4351563609015159 56.1456357017821759 55.8861564694218984 55.4651575596188096 55.220805852792914 53.8349599447652238 54.1363320167530944 54.2201894627945649 53.9075594319548017 53.4969884697728872
69.7721205705970675 69.5924278079455547 69.3200043827052639 69.0370001079874953 68.6725334907755496 68.3362324836426041 67.9204325563525089 67.5414222098741561 67.1285531249976231 66.6427283772567307 66.209932215649161 65.7077809457120168 65.2300981283308658 64.6913070456407695 64.1772387932261097 63.6897923577603748 63.4054096362304875 62.6325383763675205 62.690982192041858 61.6746218738446785 61.7925841273221366 61.0742888737180252 61.0970956750293794 60.5672169449022704 60.3258038390100779 60.0395210623308628 59.6269933328338837 59.5604142853351561 58.9616599967986019 59.0220002736693985 58.2832987268517471 58.4026799893413155 57.6413530910277743 57.7080174223508564 56.9766170394401428 57.0053467579073114 56.4744205921880607 56.4877987182384871 56.0495752786111581 55.9478828032980644 55.6118792823482408 55.4103256815566567 55.1491513751729912 54.7589968841719212 54.5174642466169885 52.8419623582037801 53.3265475040912591 53.1288437003808127 53.1747869926440373 52.348898576562469
62.3586746301497783 62.5712437273424484 62.7091766160511597 62.7737217859686751 62.7695004508768477 62.7031303702732998 62.5952286183005029 62.508140658980011 62.3223025429585036 62.0902723332893842 61.773263751370898 61.4615722952078869 61.1120039846935228 60.7732466249036491 60.4996181603530587 60.2696087413154444 60.1888995634376087 59.8444202326987806 60.0726459325540603 59.4849344800970883 59.6823192391247161 59.2638441613683966 59.341951153755538 59.0176192927344019 58.9017563248469571 58.700457390743054 58.3810506863585061 58.3204563020780995 57.8946044594599982 57.9407138072970085 57.4580062626312582 57.5940927688845647 57.0719808893040081 57.1606851666350053 56.6681787709569136 56.682957907845342 56.2265407415297673 56.1528141457448839 55.7427744568128389 55.584004232114502 55.2461766530988498 54.9921255826912656 54.7124694277735841 54.3487071205188741 54.1695538897924251 53.5128559139861011 53.4738651529522002 52.873486973386413 52.8152224692444321 52.1091378776522021
55.8188084240709372 55.8268966507587834 55.74982619992943 55.6140520406687742 55.3595724148053705 55.1669445857775429 55.0244353163642472 54.6997854091973323 54.5030668095863717 54.3535605476076071 54.17045764446992 54.0117116811445115 53.9311263383861359 54.0322147813285412 54.2500110965970634 54.4132726907310129 54.569638980954899 54.7261869714109039 54.9071133244212533 55.0770036745472211 55.2612878603814224 55.3464127448798493 55.414012293740214 55.4390221213115169 55.3863144842674586 55.3293014553091282 55.3232502522378766 55.3013039837036189 55.2397308837543122 55.2007246966363709 55.1307481863444622 55.0869599053401373 54.9809028756942695 54.8707654721243472 54.7223496807170875 54.5634519172015757 54.435567553320972 54.3696006982711779 54.1087626002899427 54.0250587098154824 53.7058226441853463 53.4650506161258505 53.2685203629811497 52.8523170688380333 52.8127090252550673 52.2059551414354246 52.3354395557641467 51.5175746094868146 51.7879015224901948 50.83096225296093
54.3403353719499478 54.5128680759066953 54.159391823989715 53.7338459507604966 53.1679840475898189 52.7895596831073135 52.4492809842995342 51.9119548621996643 51.6312267079127096 51.4241523860351961 51.2485391060106537 51.1869834667115526 51.1328910609668696 51.1636885883700785 51.0050524422788172 48.1222626229381589 47.5481895028528498 47.3933107552129655 47.2206640860626194 47.3352874397237713 47.7823377818629069 48.2168283829639321 48.5518890474879896 48.8067275916204153 49.1193698278084483 49.5499431116414257 49.9584829497927032 50.3075263321314736 50.5738726571171 50.8153586296148347 51.000379540503495 51.1292652086099224 51.1827306803886941 51.1939530745193707 51.1622536266175914 51.1081488055150501 51.0700386483011286 51.072538272272773 51.20748157109103 51.32352750894173 51.2806636508413973 51.2196476343473037 51.1713510673183691 51.0040169101753804 50.9487594028653206 50.6616907025858794 50.6443473493162983 50.2590231789577189 50.2584789378473289 49.7869387825215242
49.2805601231797397 49.3770405150672218 49.3693512953116169 49.6071940988439195 49.3912201543246852 48.8525782597242326 48.1685701158428401 48.8087214513584158 50.114951663796802 49.8341351030314144 49.4860742471940256 49.1589800174840477 48.7548481306284529 48.2825799692705786 47.7337928037730634 46.356857289582365 45.7492637641761277 45.3799402299761283 45.0133278990479084 44.9443279259560455 45.1302212655175126 45.2795104419924783 45.3779499026498883 45.4377036751950598 45.5130431570214142 45.7019802664478618 45.9365442176105176 46.1664081051777657 46.3941599013598207 46.5177236105504477 45.0252494494863313 45.0052926827222848 45.328292077571561 45.5662465040675642 45.7480387403704398 45.8724904179048281 45.9974374870070903 46.2781614374889614 46.7136674751006566 47.053462024096298 47.3092057042270469 47.4859718785324745 47.5941338828752123 47.6618425888335366 47.6825606167388329 47.6518783028619097 47.6178342433794128 47.5533773419482344 47.4670589079652032 47.3266371124745788
-9999 -9999 -9999 -9999 -9999 -9999 -9999 -9999 -9999 -9999 -9999 44.6388887259491298 43.4942409615091421 43.0034906613456158 42.7414418945396761 43.9930939899958418 44.0955575278459548 43.771019274692982 43.4553928708147907 43.1954402215471731 42.9419451839276078 42.6285291149994876 42.3698256583891464 42.1831706729105562 42.0370566797601981 42.0152763608753332 42.0319348521030207 42.0860303876946844 42.1764796307691086 42.2327851918412591 41.8681266340020244 41.8056116831765152 41.8667758719611172 41.8555128858963741 41.8433435008966939 41.8403927857751086 41.8203777369075738 41.8326129467936312 41.9035153729730112 42.1078045001817642 42.3783619149098172 42.5635682233573434 42.5079009987663667 42.5980780429029764 42.8073921167300711 42.958422084656199 43.0573405393299424 43.1207586471800397 43.2949328188552585 43.4609709831853337
-9999 -9999 -9999 -9999 -9999 -9999 -9999 -9999 -9999 -9999 -9999 -9999 -9999 -9999 41.3254407190297712 41.3642966413329205 40.5857895371054553 -9999 39.1041374240124853 39.0281734846071515 37.8661670834931101 37.8227098048820238 38.6427354323607162 39.5768980110125526 39.6040849862138771 39.5972365262144663 39.4570857154265937 39.2041962765213157 38.895381800692725 38.592085287454303 38.5335766925851715 38.5115470356132192 38.5584331870325627 38.6259318265602118 38.7204380295193999 38.8048451080656847 38.8818574032838171 38.9443568205599959 38.9807261225867521 39.0182566081124378 39.0633314768705802 39.0779937655807359 39.0094890506451435 38.9663892535785337 38.937982989658984 38.8617205370597958 38.7622383136271509 38.6695713844291262 38.6074040954236821 38.5694608824273857
-9999 -9999 -9999 -9999 -9999 -9999 -9999 -9999 -9999 -9999 -9999 -9999 -9999 -9999 -9999 -9999 -9999 -9999 -9999 -9999 -9999 -9999 -9999 -9999 -9999 -9999 -9999 -9999 36.5460532677048917 34.9815970637594305 35.8609305043829565 36.0873592980474172 36.0915756447448146 35.9266148111150159 35.780320580466352 35.4875356915410265 35.1675476255484227 34.9736337730666591 35.0893488359610544 35.1818410032254931 35.3302326531745123 35.491415790708416 35.6461490287923866 35.7932341616991039 35.950793215608229 36.0942824699626073 36.2291572913503614 36.3255584733338921 36.4141455768959617 36.4550754679115556
-9999 -9999 -9999 -9999 -9999 -9999 -9999 -9999 -9999 -9999 -9999 -9999 -9999 -9999 -9999 -9999 -9999 -9999 -9999 -9999 -9999 -9999 -9999 -9999 -9999 -9999 -9999 -9999 -9999 -9999 -9999 -9999 -9999 33.4329531294389284 -9999 -9999 32.237631718979749 31.8751505294186117 32.7545059260713813 32.7101360243835089 32.5587859372367632 32.4575116790057763 32.1794780645782481 31.8985527596145815 31.7539501416430241 31.8698815459181191 32.0866383657113019 32.3009870261197989 32.5570942551364197 32.8026949746801222
-9999 -9999 -9999 -9999 -9999 -9999 -9999 -9999 -9999 -9999 -9999 -9999 -9999 -9999 -9999 -9999 -9999 -9999 -9999 -9999 -9999 -9999 -9999 -9999 -9999 -9999 -9999 -9999 -9999 -9999 -9999 -9999 -9999 -9999 -9999 -9999 -9999 -9999 -9999 -9999 -9999 30.3211695497363536 -9999 28.7864337846046148 29.1110813940692985 29.5149357636144849 29.6807982674111237 29.6793000607085666 29.4443876968411509 29.1477134575700703
-9999 -9999 -9999 -9999 -9999 -9999 -9999 -9999 -9999 -9999 -9999 -9999 -9999 -9999 -9999 -9999 -9999 -9999 -9999 -9999 -9999 -9999 -9999 -9999 -9999 -9999 -9999 -9999 -9999 -9999 -9999 -9999 -9999 -9999 -9999 -9999 -9999 -9999 -9999 -9999 -9999 -9999 -9999 -9999 -9999 -9999 28.5095454089719951 -9999 -9999 -9999
-9999 -9999 -9999 -9999 -9999 -9999 -9999 -9999 -9999 -9999 -9999 -9999 -9999 -9999 -9999 -9999 -9999 -9999 -9999 -9999 -9999 -9999 -9999 -9999 -9999 -9999 -9999 -9999 -9999 -9999 -9999 -9999 -9999 -9999 -9999 -9999 -9999 -9999 -9999 -9999 -9999 -9999 -9999 -9999 -9999 -9999 -9999 -9999 -9999 -9999
-9999 -9999 -9999 -9999 -9999 -9999 -9999 -9999 -9999 -9999 -9999 -9999 -9999 -9999 -9999 -9999 -9999 -9999 -9999 -9999 -9999 -9999 -9999 -9999 -9999 -9999 -9999 -9999 -9999 -9999 -9999 -9999 -9999 -9999 -9999 -9999 -9999 -9999 -9999 -9999 -9999 -9999 -9999 -9999 -9999 -9999 -9999 -9999 -9999 -9999
-9999 -9999 -9999 -9999 -9999 -9999 -9999 -9999 -9999 -9999 -9999 -9999 -9999 -9999 -9999 -9999 -9999 -9999 -9999 -9999 -9999 -9999 -9999 -9999 -9999 -9999 -9999 -9999 -9999 -9999 -9999 -9999 -9999 -9999 -9999 -9999 -9999 -9999 -9999 -9999 -9999 -9999 -9999 -9999 -9999 -9999 -9999 -9999 -9999 -9999
-9999 -9999 -9999 -9999 -9999 -9999 -9999 -9999 -9999 -9999 -9999 -9999 -9999 -9999 -9999 -9999 -9999 -9999 -9999 -9999 -9999 -9999 -9999 -9999 -9999 -9999 -9999 -9999 -9999 -9999 -9999 -9999 -9999 -9999 -9999 -9999 -9999 -9999 -9999 -9999 -9999 -9999 -9999 -9999 -9999 -9999 -9999 -9999 -9999 -9999
-9999 -9999 -9999 -9999 -9999 -9999 -9999 -9999 -9999 -9999 -9999 -9999 -9999 -9999 -9999 -9999 -9999 -9999 -9999 -9999 -9999 -9999 -9999 -9999 -9999 -9999 -9999 -9999 -9999 -9999 -9999 -9999 -9999 -9999 -9999 -9999 -9999 -9999 -9999 -9999 -9999 -9999 -9999 -9999 -9999 -9999 -9999 -9999 -9999 -9999
-9999 -9999 -9999 -9999 -9999 -9999 -9999 -9999 -9999 -9999 -9999 -9999 -9999 -9999 -9999 -9999 -9999 -9999 -9999 -9999 -9999 -9999 -9999 -9999 -9999 -9999 -9999 -9999 -9999 -9999 -9999 -9999 -9999 -9999 -9999 -9999 -9999 -9999 -9999 -9999 -9999 -9999 -9999 -9999 -9999 -9999 -9999 -9999 -9999 -9999
