data/IdealizedTopo/Outputs_IdealizedTopo/EllipticCylinder_01IdealizedTopo_null_TITAN2Dv420_pfv.asc
ncols 1001
nrows 301
xllcorner 997.50
yllcorner -5002.50
cellsize 5.00
nodata_value -9999
[rows 138 to 160 of 301, columns 265 to 317 of 1001]
-9999 -9999 -9999 -9999 -9999 -9999 -9999 -9999 -9999 -9999 -9999 -9999 -9999 -9999 -9999 -9999 -9999 -9999 -9999 -9999 -9999 -9999 -9999 -9999 -9999 -9999 -9999 -9999 -9999 -9999 -9999 -9999 -9999 -9999 -9999 -9999 -9999 -9999 -9999 -9999 -9999 -9999 -9999 -9999 -9999 -9999 -9999 -9999 -9999 -9999 -9999 -9999 -9999
-9999 -9999 -9999 -9999 -9999 -9999 -9999 -9999 -9999 -9999 -9999 -9999 -9999 -9999 -9999 -9999 -9999 -9999 -9999 -9999 -9999 -9999 -9999 -9999 -9999 -9999 -9999 -9999 -9999 -9999 -9999 -9999 -9999 -9999 -9999 -9999 -9999 -9999 -9999 -9999 -9999 -9999 -9999 -9999 -9999 -9999 -9999 -9999 -9999 -9999 -9999 -9999 -9999
-9999 -9999 -9999 -9999 -9999 -9999 -9999 -9999 -9999 -9999 -9999 -9999 -9999 -9999 -9999 -9999 -9999 -9999 -9999 -9999 -9999 -9999 -9999 -9999 -9999 -9999 -9999 -9999 -9999 -9999 -9999 -9999 -9999 -9999 -9999 -9999 -9999 -9999 -9999 -9999 -9999 -9999 -9999 -9999 -9999 -9999 -9999 -9999 -9999 -9999 -9999 -9999 -9999
-9999 -9999 -9999 -9999 -9999 -9999 -9999 -9999 -9999 -9999 -9999 -9999 -9999 -9999 -9999 -9999 -9999 -9999 -9999 -9999 -9999 -9999 -9999 -9999 -9999 -9999 -9999 -9999 -9999 -9999 -9999 -9999 -9999 -9999 -9999 9.31690878458555005 9.35334353825714082 -9999 -9999 -9999 -9999 -9999 -9999 -9999 -9999 -9999 -9999 -9999 -9999 -9999 -9999 -9999 10.2809519407285972
-9999 -9999 10.9979271362932476 11.8128038742553727 -9999 -9999 -9999 -9999 -9999 -9999 -9999 9.56865909635709322 -9999 -9999 -9999 -9999 -9999 -9999 -9999 8.00756359982248611 6.76620741651354152 -9999 -9999 -9999 -9999 -9999 -9999 6.76841097505398182 6.58764779104917952 -9999 -9999 -9999 11.7013781063023892 9.55110215639324167 8.75595372729581811 8.81742515610031674 8.96301972012851422 9.23807511315576946 10.3182751836079643 11.4157541335909887 10.8635501304821567 9.32429207956824868 9.35361449056416383 9.56288513113606875 9.67433207236577353 10.8291381546091543 11.6807859601854034 10.4726388493363487 9.79495754455396295 9.94084202776880232 10.1431394626301419 10.3068165343997737 10.5708139226065949
17.2544317704964101 17.4273097103746579 19.0321680665056121 19.3336689728021298 18.7462989253693237 17.1916146749025955 17.0671687948923179 16.9692031927951383 17.0222214320717278 17.9016901367562085 19.1611815751159256 17.9534083604219532 16.8589594906157849 16.9039817025910217 16.8342458682605844 16.9441455314526692 17.1141655586567722 18.6247461322179717 18.8096893879256122 17.0616396370781764 16.7757537114941542 16.7233685246313293 16.7786609173505674 17.4028699797470061 18.8852987566024666 18.0518153203744411 16.7414996989478624 16.7023884834310508 16.6788576813926568 16.8292015692052956 16.8981243909914056 18.1979098395713876 18.7531817096628224 17.1160774805523239 16.5840613974478046 16.632831344605119 16.8080330727432568 17.0017773011380982 17.7943109701517912 18.5419138032583533 17.9731224458533454 16.7319124377286812 16.8015844571079285 16.9759088998983643 17.0755006330399688 17.8849132031932356 18.5356692983981652 17.505763193616005 16.9202683644678729 17.1025844394358728 17.3200470482737714 17.4403320006128588 17.6102265097729784
27.3756420541831638 27.3513055010422192 27.2774406887069532 27.1992222573322842 27.1788092613688121 27.205414639902223 27.2225665019768996 27.1562659830412159 27.1838033428931247 27.0598762273023858 26.9540265578488132 26.961726000623802 26.9820229775548519 26.9583746657207257 26.9662988678828874 26.9790841247852242 26.9681071274062347 26.9025897027367904 26.8434235089315401 26.8374199364715018 26.879988525237966 26.8427362795709463 26.8084110680843608 26.7912634536939294 26.7361196088032393 26.6678079558609333 26.6684140649877754 26.6333501686030374 26.5857116838788805 26.5540143814747331 26.6100405627044445 26.5908841199436807 26.5700022319839277 26.5807444662790324 26.6090069928856963 26.5503929540974788 26.4750174186448213 26.518339639707829 26.5283877652480982 26.4645973255898816 26.4208545548955804 26.4236633166745065 26.3719788916569762 26.3176481293599878 26.3431459489674396 26.3423689907849976 26.3069292528152197 26.3904850237024178 26.4018048518711481 26.3791837073162441 26.3086969329473703 26.3512415169557066 26.3831811050937688
31.8065575330778429 31.8224415760995001 31.8705888192579145 31.9030687452372064 31.9099755961919982 31.9036118887588245 31.8308849508084108 31.6850917201504387 31.6311921707871235 31.6998187870183195 31.7402370261864526 31.7553529668412828 31.7492794196292287 31.6978249682820952 31.592431846318437 31.5162465807563592 31.5925965330417178 31.6488240259201028 31.6636012658048926 31.663056879672169 31.625187907461239 31.534358454070027 31.4311772080648772 31.4374529950918564 31.470818559341275 31.4907523922714105 31.4944921657831394 31.4661768485728572 31.3717252434599096 31.2553404908568524 31.2500881009516469 31.3208320028765677 31.3877994106859859 31.3970470471980008 31.3814627298008659 31.2987155504963859 31.1784707789262754 31.1239747192962177 31.2024061098702781 31.2440826460177234 31.229933521645453 31.2160534370520928 31.1358897793534268 31.0219923174653687 30.9669175129507117 31.0103532713893131 31.0624891228116411 31.0797461024321962 31.0824144833338671 31.0519345387161074 30.9370673847760607 30.8389047718983846 30.9046939499866404
34.6416512590146795 34.6126965227270773 34.6580301872706471 34.6927219443687278 34.7032546503812753 34.7052381631610842 34.6660005542136247 34.5895379869457997 34.5057703327365104 34.5304879588395011 34.5732248676595546 34.5892223114629047 34.5910917476542039 34.5758396682681308 34.5208081408355767 34.4212936671861769 34.418589139097115 34.4800578326711573 34.5014360778012374 34.5037502806792844 34.4963883899409325 34.4492617350041925 34.3451905940710134 34.2765272549317359 34.3269133577940266 34.3560753616491894 34.3636317317659845 34.3573441107957152 34.3227102101170445 34.2316450575072651 34.1544790517180132 34.1796971319667975 34.2258050674391825 34.2362802220954094 34.2475977109055307 34.2207048249759609 34.1439497883746128 34.037031179972054 34.0500280091476668 34.0765506331542056 34.0918689594022553 34.084377974308147 34.0631762630387414 33.9916564786958588 33.8789435229540317 33.8577399907981871 33.9092394786550244 33.9284228259569502 33.9372880336480591 33.9206693144816498 33.8743933999233064 33.755867063779796 33.7180416165359205
36.4430045818951456 36.3959117835316377 36.4408055497454981 36.4734734528863385 36.4780118926105317 36.4777672770047943 36.4598979556593719 36.403799106755919 36.3360733178375526 36.3361245983343935 36.3755693480163416 36.391698183346719 36.3947413490777976 36.3850236049574178 36.3465201427197542 36.2638734503385365 36.244916304054513 36.2813717579820434 36.3044131398407117 36.3135049421246094 36.3103027022746403 36.271466769717037 36.1976698559576917 36.1184129721678602 36.1527462695524378 36.179395697610552 36.1868438717518046 36.1825954116055328 36.1585423802768133 36.0962727099688721 36.0062349400485644 36.0096355765990594 36.0505738429420504 36.0621863482798801 36.0624653730469333 36.0514766095780104 35.9967177425357647 35.8974046214318676 35.865756570234133 35.8998619899934965 35.9102500213452842 35.9077988620738608 35.8931574687754988 35.8439460651948565 35.7424309603570691 35.6924959915603921 35.7245628555692178 35.7431829536482226 35.7474031565309716 35.7389069701234092 35.6963800183578996 35.6087919966988693 35.5278923205825024
37.459678635345945 37.4206578096292688 37.4589021470129779 37.4851784480527286 37.4981824620533715 37.4956563584869755 37.4783427588962326 37.4299489136437131 37.3683179479302012 37.3663169745730031 37.4023863323518384 37.4171024121842564 37.4200099908927868 37.4117820179375826 37.3785186688480167 37.307162406176154 37.2848191792481316 37.3177153566909254 37.3409511448296598 37.3400708856362868 37.3409350370513167 37.310638178788551 37.2438833873523549 37.1683321331521341 37.1931409299558808 37.216478791011653 37.2224681346890875 37.2183303874243805 37.1967804441613268 37.1425381694541699 37.0535392506281482 37.0525910191089665 37.0882445653517365 37.0998800127851212 37.1024420116357803 37.0875057625914408 37.0358255792620668 36.9552497405916895 36.908667015627195 36.9374672304772247 36.9463354824312376 36.9429792031743816 36.9285581147216675 36.8841237044117989 36.7953807196822495 36.738718927864042 36.7564356963031429 36.7730958931580361 36.7773007190355159 36.7681673151182338 36.7316638678645901 36.6556036335391582 36.5512925454140927
37.8146785090805224 37.7746701998446852 37.8115712169425393 37.8407011688140855 37.8502976359648287 37.8486680934991426 37.8365246225537106 37.7922283671149302 37.7347282640693038 37.733798193466896 37.7693792946565736 37.7801212689656438 37.7864203155270246 37.7777572934110282 37.7445576188785026 37.674356290485747 37.6480293684125158 37.6755337650257403 37.6971984135794074 37.6992611554975667 37.6967892032262242 37.6685378421734853 37.6077429488231587 37.536877437227723 37.5595751903970339 37.5836194961012211 37.5903823182977703 37.5868263795387705 37.5658794832298071 37.5133754169285396 37.4234333186079269 37.4189081684503719 37.4510787917072889 37.4593439304235076 37.4585863801068868 37.4428456840864783 37.396637081805487 37.3148397395226326 37.2647155043577669 37.2968787631036562 37.3077611148909369 37.3062129395502922 37.2931251105015988 37.2507402273962072 37.1622160148154705 37.107215532194914 37.1192386911643055 37.1336214448953967 37.1356904924483047 37.1242596638179947 37.084158792483656 37.0099117267694595 36.9020915898734785
37.8205029047785075 37.7827603050665743 37.8205679101147396 37.8501005332634932 37.8587268104962362 37.8566365318826143 37.8419577667463614 37.7969355923125647 37.7431372352607468 37.7419990019729497 37.7776767372107685 37.7921967696530814 37.7947434642018862 37.7860170488519742 37.7527676576933686 37.6793475134740419 37.6531773648988661 37.683335544535268 37.7056442332672788 37.7085256643035365 37.7056732095278946 37.6764423064118148 37.6132064097253007 37.5416723743391856 37.5636665887843222 37.5913618679382751 37.5981459144854497 37.5945944999265222 37.5736319095804916 37.5211590791965008 37.4307853648081661 37.422227736667125 37.45539976703337 37.4644610183290752 37.4663086862473378 37.4514928851330211 37.4063985568234045 37.3229546127494132 37.2715959059557704 37.3014254999785422 37.3114820300362453 37.3132190047057648 37.3001357803636608 37.2578028019662923 37.1735312202485773 37.1141805689322481 37.12589901762707 37.1402687425500986 37.1390129008396386 37.1284365038278708 37.0911482072393781 37.0178975694318524 36.9092231499671612
37.4873085607610932 37.4477492118291053 37.4877773998160038 37.5183500379572124 37.5251933417975039 37.5214203754090931 37.5065971489665344 37.4580725713986524 37.3962180048424742 37.3935796133697949 37.429333532328144 37.4419675654271984 37.4466750130524204 37.438384427713892 37.4051191156365661 37.3338700791847131 37.308684557069661 37.3388702781221937 37.3633041242059676 37.3681435491031664 37.3644211854426658 37.3327312907288373 37.2675909767808164 37.1911853690116843 37.2126880793441046 37.2360094357636839 37.2419717700851933 37.2378264870774558 37.2163111195976342 37.1624080208828929 37.0703290151811089 37.0673626919661316 37.1030492764460149 37.114546832359828 37.1158174184320089 37.1023250417385597 37.0559530553922301 36.9686948422437638 36.9155917766760169 36.9471385405979902 36.9563469661573549 36.9529833337613738 36.9386717465936485 36.8944017202652006 36.8043144802636135 36.7467698111468621 36.7616223394706836 36.7785751220566013 36.7828245812908179 36.7739561425890855 36.7351485568292873 36.66074927866282 36.5551338049759167
36.4987296574350992 36.4539722135235991 36.4936125643325866 36.5198253733399341 36.5361105602840794 36.5346445794762644 36.5142138565255365 36.4597706911804522 36.3909490278410459 36.3892982815197001 36.4284569770627797 36.4441634648273336 36.4471097364420586 36.4374430493407928 36.3991192951450344 36.3167102966216646 36.2935160452252745 36.3290131614516412 36.3530623532182915 36.3494331030530446 36.3522190139551782 36.3195912613001752 36.2450030867837043 36.1593070803060641 36.1907560730538265 36.2172504392994554 36.2245268977044717 36.2202493944843056 36.1963412232416033 36.1347653779392175 36.0376051874479586 36.0376926400873145 36.0768718794558225 36.0911784342979232 36.0926001882169842 36.0750494581689622 36.0154259012386007 35.9277699556567711 35.8843096387675757 35.9188702168104754 35.9288528640723968 35.9261876936335796 35.9117559464836162 35.8630596154772476 35.7609578067515699 35.7046851440576702 35.7330134289967987 35.7522304068562775 35.7567513298026753 35.7468711286572187 35.707611490573548 35.6214337775588916 35.5163022407321591
34.7322790933370911 34.6933039720371426 34.7487976873424458 34.7830449896032832 34.7826309081048493 34.7831965690146632 34.7572675004896112 34.6768640730864277 34.5963991378468734 34.6174387883991912 34.6596793608138327 34.6752038164566656 34.6769532346788267 34.6617500528497686 34.6073669369655974 34.5010021503007493 34.4968582619614281 34.5425112842186692 34.5650159162573516 34.5777468406951627 34.5700999784368648 34.5142081245436003 34.4206913799376437 34.3386603295489294 34.3892368038332279 34.4181918116313454 34.4256547653361693 34.4194746505680698 34.3852973768659069 34.2961750500649529 34.2072136265229076 34.2257993778693148 34.2726484608825785 34.2832001702206952 34.2814091465755268 34.2665462861161458 34.1913500877982415 34.0668616156375705 34.0663093530596086 34.1074135260354936 34.1179357791634246 34.1150663006083619 34.0944705072270722 34.0246895527218598 33.90335517854448 33.8722679603277115 33.9243346888290276 33.9440614400023293 33.9485213068704752 33.9375163916306732 33.8798521036146738 33.7611430211185919 33.7185157979564636
31.9192137147199233 31.953519148345201 32.0102036741467302 32.0429962357941065 32.0475750487831164 32.0416425655422898 31.9461935880983887 31.829643156736843 31.7668896437196935 31.8357301034002234 31.875946351402046 31.8908835462859379 31.8851913424850331 31.8351992270216826 31.7216050401160494 31.6397938342256211 31.6832370483525203 31.7630214505622668 31.77814171377603 31.7788271771317419 31.7419210178084761 31.6440593619185933 31.5143463824612198 31.5082630558408567 31.5613282939478381 31.589154811837389 31.593485948046137 31.5669209780939397 31.475048723274643 31.3504611280995356 31.3284865510057102 31.3858520551128066 31.4322157237935009 31.4414006307860134 31.4453574807538097 31.373404690815704 31.2487767153460787 31.1682969167052271 31.2470111404641742 31.2665350624667333 31.2802933300081136 31.2590972895118142 31.1894207788210842 31.0719205032467123 31.0006441580415206 31.035764542219372 31.0893557245495487 31.1063141744026161 31.1101204259226698 31.0568897089053557 30.9619347247927053 30.8405468798193567 30.9055214204107145
27.5935397386551671 27.5767282348012444 27.5110233960805033 27.4820691619279849 27.4890283956414621 27.5002410903350132 27.4451177440765903 27.3105317678186346 27.3268916586696555 27.2809832232365252 27.1718103288265276 27.1910501089971355 27.2153557342716077 27.1760516251790492 27.1047571404665426 27.1153362539258431 27.0940660707075196 27.0466254770089733 27.0461797210101373 27.0479342339705369 27.0610415119343557 27.0015003857861728 26.9510747310537262 26.9389934177837915 26.7942125238902129 26.8138204028612535 26.8327621789995518 26.7855062474745083 26.7236077676825978 26.6750274813751531 26.6737370623148919 26.6412918099387639 26.6744122310754967 26.6939954134173334 26.7157852578459405 26.639425158921199 26.5360324873210836 26.5509295982643714 26.5495087615772078 26.5380620997093288 26.5315741793683451 26.4826052160992376 26.4284724487329044 26.3547569938563768 26.3704271639046652 26.363811621467061 26.3223022062102956 26.3535117108479007 26.3823568344638915 26.3930384018111752 26.2930345737849009 26.3047436961995302 26.3259469356359226
17.8828920748062927 18.03444892423909 19.4908331589408803 19.5587733824175984 17.9194176904227191 17.7501549732375992 17.6642917805203439 17.5570587619344245 17.5259217964571938 18.3754928627912335 19.640289624514395 18.4156752005978923 17.3227972310448131 17.3819477658415273 17.2902224150459851 17.3132842620573619 18.8579208426081699 19.3124537349385825 18.9665188204793012 17.4610415325030388 17.2150498469190794 17.1656951838429457 17.1107713241991668 17.7403052798322847 19.2077405430330046 18.3450433038943075 17.0020755261718186 17.0091903983290287 16.9381064702286146 16.9655114267584288 17.5906579378460286 18.6671987237105412 18.9617785058547703 17.4183511613482054 16.9335061586012934 16.9528130849503071 17.0838194803744763 17.4000661744507852 18.8277689858450721 18.3908359725943491 17.0056636917156467 16.8622776273743398 16.8775646262553067 17.0165129097926879 17.1134443766114188 18.0047849810009488 18.7130535110162484 17.6155854220628463 16.9812383880805733 17.1288350908957625 17.336151528330209 17.5610370305716081 18.5073504992501157
-9999 -9999 11.0894235389941702 11.2345320914241675 7.85878247705171518 -9999 -9999 -9999 -9999 -9999 11.7573948640177068 9.7440866704607636 7.09632892046873565 -9999 -9999 -9999 -9999 -9999 11.4370918458960737 7.69116343610142028 6.48875980088650017 -9999 -9999 -9999 -9999 -9999 -9999 6.41343324533360004 6.0858785127227133 -9999 -9999 -9999 -9999 -9999 -9999 6.29774949121326255 6.68180665019662001 7.99497773088070041 -9999 11.11911231714652 8.58860036582338537 8.61041369642950727 8.57098053396385495 8.69021757143600659 8.88926937610842671 10.3673253486670944 11.5875716911831965 9.91557761016120942 8.99393572183938517 9.07942915106829318 9.28691453927855548 9.61913682991923125 11.3864258354006527
-9999 -9999 -9999 -9999 -9999 -9999 -9999 -9999 -9999 -9999 -9999 -9999 -9999 -9999 -9999 -9999 -9999 -9999 -9999 -9999 -9999 -9999 -9999 -9999 -9999 -9999 -9999 -9999 -9999 -9999 -9999 -9999 -9999 -9999 -9999 -9999 -9999 -9999 -9999 -9999 -9999 -9999 -9999 -9999 8.92080577604010116 -9999 -9999 -9999 -9999 -9999 -9999 -9999 9.31601496882452551
-9999 -9999 -9999 -9999 -9999 -9999 -9999 -9999 -9999 -9999 -9999 -9999 -9999 -9999 -9999 -9999 -9999 -9999 -9999 -9999 -9999 -9999 -9999 -9999 -9999 -9999 -9999 -9999 -9999 -9999 -9999 -9999 -9999 -9999 -9999 -9999 -9999 -9999 -9999 -9999 -9999 -9999 -9999 -9999 -9999 -9999 -9999 -9999 -9999 -9999 -9999 -9999 -9999
-9999 -9999 -9999 -9999 -9999 -9999 -9999 -9999 -9999 -9999 -9999 -9999 -9999 -9999 -9999 -9999 -9999 -9999 -9999 -9999 -9999 -9999 -9999 -9999 -9999 -9999 -9999 -9999 -9999 -9999 -9999 -9999 -9999 -9999 -9999 -9999 -9999 -9999 -9999 -9999 -9999 -9999 -9999 -9999 -9999 -9999 -9999 -9999 -9999 -9999 -9999 -9999 -9999
