data/IdealizedTopo/Outputs_IdealizedTopo/EllipticCylinder_01IdealizedTopo_null_TITAN2D_pft.asc
ncols 1001
nrows 301
xllcenter  1000.00
yllcenter -5000.00
cellsize 5.00
nodata_value -9999
[rows 84 to 104 of 301, columns 230 to 275 of 1001]
0 0 0 0 0 0 0 0 0 0 0 0 0 0 0 0 0 0 0 0 0 0 0 0 0 0 0 0 0 0 0 0 0 0 0 0 0 0 0 0 0 0 0 0 0 0
0 0 0 0 0 0 0 0 0 0 0 0 0 0 0 0 0 0 0 0 0 0 0 0 0 0 0 0 0 0 0 0 0 0 0 0 0 0 0 0 0 0 0 0 0 0
0 0 0 0 0 0 0 0 0 0 0 0 0 0 0 0 0 0 0 0 0 0 0 0 0 0 0 0 0 0 0 0 0 0 0 0 0 0 0 0 0 0 0 0 0 0
0 0 0 0 0 0 0 0 0 0 0 0 0 0 0 0 0 0 0 0 0 0 0 0 0 0 0 0 0 0 0 0 0 0 0 0 0 0 0 0 0 0 0 0 0 0
0 0 0 0 0 0 0 0 0 0 0 0 0 0 0 0 0 0 0 0 0 0 0 0 0 0 0 0 0 0 0 0 0 0 0 0 0 0 0 0 0 0 0 0 0 0
6.25591696458488097E-05 6.11665622454869338E-05 5.88703754138701673E-05 5.57241978086479985E-05 5.20452295952865361E-05 4.75690454911622607E-05 4.49321948841374357E-05 4.26401624021079681E-05 4.41150596061504126E-05 4.70242900887389619E-05 5.10141251643307192E-05 5.48475159092753683E-05 5.81849102538885374E-05 6.06931208594882531E-05 6.23069961454832762E-05 6.29981680101613208E-05 6.27569832287446178E-05 6.15866597598636336E-05 5.95052170144601541E-05 5.65566225732219848E-05 5.28404510783938777E-05 4.86252953364919662E-05 4.49399798634449315E-05 4.28727000425380085E-05 4.340242877382435E-05 4.60201792641027244E-05 4.99619163675248622E-05 5.39314494761923319E-05 5.74515541763857731E-05 6.01679258166157963E-05 6.200123748719845E-05 6.2916561254666378E-05 6.2900598769125303E-05 6.19535627497253807E-05 6.00893048439276551E-05 5.73437839696147947E-05 5.37986770171428161E-05 4.98103029570417835E-05 4.58812644834068179E-05 4.33222178601957747E-05 4.29240020470581383E-05 4.50693526243456285E-05 4.87722870495377648E-05 5.2978193680550161E-05 5.66709510421582928E-05 5.9591095196502217E-05
0.000407114663609201856 0.000408264392419934309 0.000410131850517223809 0.000412624737718176259 0.000414172669779157569 0.00041756801777570945 0.000419547412111165058 0.000420839928241568842 0.000420138024123243084 0.000417548115997177041 0.000414999859796633022 0.000413302309652489354 0.000410680340509729318 0.000408651324177563917 0.000407323148503370262 0.000406749546389779861 0.000406950360919920522 0.000407918858548128268 0.000409619275277977343 0.000411973343470734216 0.000413353734394834751 0.000416765893245615968 0.000418984270063898665 0.000420712582802595415 0.000420413288069758546 0.000418250893760979941 0.000415828207890029983 0.000412435726440600983 0.000411265047933493831 0.000409079888201408599 0.00040757602846886766 0.000406817388303283697 0.000406830913082256891 0.000407616153543415472 0.000409145103555169838 0.00041135176898819296 0.000412549131972396292 0.000415946175033939103 0.000418346830188467012 0.000420462188896993886 0.000420680698535007009 0.000418897815243793369 0.000416649636629428646 0.000413237825543452176 0.000411882112472687655 0.000409548392931217108
0.000409476596709849969 0.00040947669170523181 0.000409476787361850449 0.000409477377987933538 0.000409477441269895078 0.000409476894861274254 0.000409475362537879402 0.000409474619118825438 0.000409477094653546228 0.000409477000356669009 0.000409476720224650895 0.000409476760076179873 0.00040947692664763095 0.00040947631171909778 0.000409476394043671805 0.000409476482006468031 0.000409476574029287463 0.000409476668581108046 0.000409476764072303726 0.000409476859155900646 0.000409477426399231512 0.000409476852359149605 0.000409475401185594367 0.000409474658187148558 0.000409477079400830416 0.000409477036518130855 0.000409476709338405919 0.000409476750224474647 0.000409476928566023749 0.000409476292878880471 0.000409476373554003086 0.000409476460329510981 0.000409476551550011373 0.000409476645732757935 0.000409476741049311142 0.000409476836337310367 0.000409477411116452618 0.000409477471938799343 0.000409477531606124948 0.000409477384836782555 0.000409474556758868287 0.000409477099800693205 0.000409477000372822104 0.000409476740927280935 0.000409476930473657305 0.000409476274559800548
0.000409476473068743827 0.000409476567066607193 0.000409476661707993881 0.00040947733577378437 0.000409476725236048984 0.00040947700040460381 0.000409475536063892297 0.000409477325461092968 0.000409477068847454806 0.000409477000283415703 0.000409476999997871924 0.000409476788418372886 0.000409476830449507102 0.000409476938191614438 0.00040947627409739358 0.000409476360013333361 0.000409476450661977606 0.000409476544238815887 0.000409476638923369054 0.000409477321039485574 0.000409476680578160649 0.000409477000427383169 0.00040947556646669345 0.000409477311942504538 0.000409477069300038089 0.000409476978568410746 0.00040947699994217673 0.000409477000000120451 0.000409476820500902228 0.000409476940639845834 0.000409476254276726608 0.000409476338772449472 0.000409476428433669598 0.000409476521441911765 0.000409476616062677361 0.000409477306303114 0.000409476635441234985 0.000409477000449913486 0.000409475602670967295 0.000409477310786943486 0.000409477073063381459 0.000409476972530933478 0.000409476999911766268 0.000409477000000131456 0.000409476809831333429 0.000409476942853770841
0.000409476350264589015 0.000409476443371053502 0.000409477233047837318 0.000409476550891949985 0.000409477000370801856 0.000409476999998809 0.000409475687552671012 0.000409477270153023429 0.00040947689947964022 0.0004094769998884859 0.000409477000000301838 0.000409476998640564591 0.000409476999999770146 0.000409476961570463479 0.000409476154615227232 0.000409476238695955397 0.000409476328183543581 0.000409476420845442731 0.0004094772185351553 0.000409476504472457549 0.00040947700038702705 0.000409476999998985508 0.000409475716333686126 0.000409477251062129199 0.000409477046155181941 0.000409477000203927529 0.000409476999998153112 0.000409476999454615566 0.000409476636951135154 0.000409476887392435014 0.000409476953974324538 0.00040947621785087816 0.000409476306195904387 0.000409476398226112169 0.000409477204084791814 0.000409476457762302816 0.000409477000403136342 0.000409476999998841418 0.000409477000952657762 0.000409475638202236466 0.000409477034294648823 0.000409476912092117309 0.000409476999935402309 0.00040947700000016512 0.000409476998642460482 0.000409476877117141648
0.000409476229312395279 0.000409476174777900358 0.000409477000328412641 0.000409476999999440928 0.000409477000575216195 0.000409477385158609213 0.00040947582575265578 0.000409477206968305121 0.00040947683642798767 0.000409476999928006316 0.000409477000000048027 0.000409476999145795431 0.000409476999999856882 0.000409476998820263837 0.000409476976904087661 0.000409476118646873936 0.000409476207331657032 0.000409477118519000437 0.000409476326184966659 0.000409477000296110843 0.00040947699999933267 0.000409477000578471024 0.000409475851131648795 0.000409477223467175479 0.000409476831663359146 0.000409476999914169077 0.000409477000000050466 0.000409476999144668024 0.000409476999999875747 0.000409476998816452758 0.000409476979349813249 0.000409476097969776044 0.00040947618554432858 0.00040947627706130579 0.000409476278087068598 0.000409477000306429574 0.000409476999999419081 0.000409477000577811016 0.000409477386380493514 0.000409475779819692292 0.000409477185570651723 0.00040947699999378085 0.000409476555224133143 0.000409476999984552609 0.00040947699999996476 0.000409477000579794022
0.000409475994633919842 0.000409477000170894762 0.000409476999999766947 0.000409477000246173304 0.000409477163532767944 0.000409476999984868112 0.000409475946361201174 0.000409477134360883039 0.000409476771531144183 0.000409476999967272324 0.000409477000000115464 0.000409476999621212934 0.000409476999999951912 0.000409476999489864063 0.000409476999999779144 0.000409476993946113871 0.000409477020786884309 0.00040947614773893283 0.000409477000156194498 0.000409476999999740059 0.000409477000248093805 0.000409477164543370787 0.000409476999993864496 0.00040947699999747077 0.00040947697908479022 0.000409477000002264786 0.00040947697143237159 0.000409476999998452135 0.000409476960486082847 0.000409476999990798047 0.000409476945458328633 0.000409476996305818913 0.000409476067399117409 0.000409476098947133237 0.000409477000160946719 0.000409476999999756051 0.000409477000248238275 0.00040947716417616772 0.000409476999991096962 0.000409477000009909225 0.000409476979079425913 0.00040947700000279507 0.000409476971428928598 0.000409476999998897092 0.000409476960466909979 0.000409476999991594448
0.000409476011739835701 0.000409477000029625495 0.000409476999999995443 0.000409477000045855894 0.000409477028418760559 0.000409476999997113308 0.000409477000000080607 0.000409476998853295195 0.00040947699999315185 0.000409476988504540681 0.000409476999999999454 0.000409476984091911836 0.000409476999997408482 0.000409476978190822106 0.000409476999992505774 0.000409476970439624582 0.000409477000012815374 0.000409477000000057839 0.000409477000018947188 0.0004094770122339994 0.000409476999997740031 0.000409477017328672239 0.00040947699999935636 0.000409477000005412659 0.000409476997792967859 0.000409477000000200628 0.000409476996903895135 0.000409476999999802943 0.000409476995718524594 0.000409476999998917637 0.000409476994102468076 0.000409476999997456783 0.000409476992252005151 0.000409477000003113229 0.000409476988427110214 0.000409477000002937263 0.000409476983691612847 0.000409477000001959583 0.000409476977281977167 0.000409477000030784182 0.00040947700000894873 0.000409477002671758915 0.00040947699999985531 0.000409477003708336043 0.00040947700000045406 0.000409477005135263901
0.000409477046231522784 0.000409476189473759146 0.000409477000204151037 0.000409476999999629199 0.000409477000356790657 0.000409477238662758823 0.000409475912800148041 0.000409477159124784038 0.000409476791060642319 0.000409476999955712994 0.000409477000000137256 0.00040947699946884675 0.000409476999999919006 0.000409476999267765519 0.000409476999999592065 0.000409476985744856056 0.000409476123864811997 0.000409476140820195979 0.000409477000210525278 0.000409476999999679127 0.000409477000356627484 0.000409477238001122496 0.000409476999991010876 0.00040947700001254736 0.00040947696988621879 0.000409477000002884733 0.000409476958919446595 0.000409476999997675033 0.000409476943156460681 0.00040947699998669651 0.000409476921512922536 0.000409476988187673272 0.000409476102087582509 0.000409476092191131391 0.000409477000216803839 0.000409476999999677175 0.000409477000357117002 0.000409477237897990854 0.000409476999986999057 0.000409477000000263891 0.000409476969811962868 0.000409477000003725966 0.000409476958809033506 0.000409476999998609724 0.000409476942986235193 0.000409476999987891898
0.000409476264946259465 0.000409477144669897315 0.000409476368249600499 0.000409477000331045084 0.0004094769999991779 0.000409477000675142122 0.000409475787032801634 0.000409477229073160664 0.000409476855656866305 0.000409476999916294493 0.000409477000000069168 0.000409476999009457008 0.000409476999999829018 0.000409476914059043171 0.000409476969205649474 0.000409476154059329185 0.000409476242895767607 0.000409476335187823495 0.00040947632054368641 0.000409477000342971578 0.000409476999999272714 0.000409477000672636856 0.000409475812075487332 0.000409477248478146854 0.000409476850071127619 0.000409476999900358076 0.000409477000000038269 0.000409476999005985989 0.000409476999999855526 0.000409476998629182529 0.000409476971642916334 0.000409476133375053007 0.000409476221058801995 0.00040947631276392585 0.000409476272560730314 0.000409477000354886744 0.000409476999999206469 0.000409477000670995428 0.0004094774490509241 0.000409475738481088745 0.000409477192066833679 0.000409476868321418871 0.000409476999951601537 0.00040947700000013189 0.00040947699901132975 0.000409476999999824898
0.000409476386502464942 0.000409476479899546948 0.000409477245321435688 0.000409476546445290527 0.000409477000408483519 0.000409476999998596659 0.000409475643833387556 0.000409477295970757556 0.000409476917546706888 0.000409476999876606134 0.000409477000000229468 0.000409476998550915546 0.000409476847763852155 0.000409476954441656657 0.000409476189932837071 0.000409476274550427187 0.000409476364327039709 0.000409476457207234076 0.000409477230879136118 0.000409476499985356483 0.000409477000426377137 0.000409476999998999874 0.000409475673380040115 0.000409477275679932004 0.000409477038781615882 0.000409477000225636997 0.000409476999998230199 0.000409476999455084701 0.000409476637340749927 0.000409476956663098492 0.000409476170515877928 0.000409476253582559987 0.000409476342311854082 0.000409476434659035904 0.000409476528673415844 0.000409476453561090196 0.000409477000444035159 0.000409476999998833774 0.0004094770009833248 0.000409475593174962618 0.000409477039841528239 0.000409476930504095794 0.000409476999928349195 0.000409477000000215861 0.000409476998554331162 0.000409476870039399664
0.000409476509568280727 0.000409476604012655682 0.000409476698875300548 0.000409477349063264889 0.000409476721924243565 0.000409477000434942172 0.000409475485417604243 0.000409474625899744634 0.000409477075419570162 0.000409477000305568176 0.000409476999997466921 0.000409476780093530335 0.00040947694097810916 0.000409476229408751579 0.00040947630955504114 0.000409476396116415311 0.000409476487183040255 0.000409476581099489255 0.000409476675985989279 0.000409477333979372041 0.000409476677426665091 0.000409477000458981482 0.000409475520073199206 0.000409477333391520875 0.000409477053152285087 0.000409476995805858868 0.0004094769999376053 0.00040947677000509634 0.00040947681215630161 0.00040947693417534123 0.000409476289661190034 0.000409476374773245892 0.000409476464901832073 0.000409476558214736785 0.000409476653212421254 0.0004094773184925444 0.000409477380144434807 0.000409476816100841454 0.000409475556261086474 0.000409477326641588719 0.000409477060733102192 0.000409476989845250939 0.000409476999904851173 0.000409477000000117578 0.000409476801645330284 0.000409476936336789442
0.000409476633435432505 0.000409476728539801601 0.000409476824456287834 0.000409477389674913481 0.000409477455300569161 0.000409477515267140204 0.000409477611925303285 0.000409474611129773364 0.000409477102462850971 0.000409477000378007789 0.00040947670986660054 0.000409476753005361713 0.000409476921082176657 0.000409476346376200814 0.000409476429652103156 0.000409476518239283011 0.000409476610669327911 0.000409476705471598546 0.000409476801382566353 0.000409476896226960031 0.000409477439085623434 0.000409477501391883791 0.000409477572049857783 0.000409474651439957265 0.000409477127415826963 0.000409477052701907938 0.000409476700174233948 0.000409476741918480354 0.00040947692312285727 0.000409476327287061094 0.000409476409055314612 0.00040947649647510504 0.000409476588080789666 0.000409476682463283241 0.000409476778054921307 0.000409476873665614389 0.000409477423432323218 0.000409477486873949085 0.000409477553991400222 0.00040947741130314719 0.000409474547375594561 0.000409477123079401918 0.000409476691712452488 0.000409476731496579273 0.000409476924841138277 0.000409476308747016649
0.000409476757019485652 0.000409476852703914403 0.000409476949085397601 0.000409477044628995645 0.000409477496301171705 0.000409477564413953505 0.000409477406964881712 0.000409477219094195636 0.000409480150034707412 0.000409476979638990081 0.000409476679299257233 0.000409476911429917413 0.000409476382793724 0.000409476463805798707 0.000409476550181105136 0.000409476640608243136 0.000409476734074428936 0.000409476829589328366 0.000409476925731642744 0.000409477021792639358 0.000409477479542212305 0.000409477547709513644 0.000409477541668574032 0.000409477219660502132 0.000409480180381020277 0.000409476889942959855 0.000409476667642434428 0.000409476912973642305 0.000409476364499410399 0.000409476443793589261 0.000409476528863917375 0.000409476618506792421 0.000409476711331875328 0.000409476806348780099 0.000409476902560076625 0.000409476998787965184 0.00040947709325742733 0.000409477532243324334 0.000409477397761012925 0.000409477967481995501 0.000409477216191271858 0.000409476986216968965 0.000409476659291988984 0.000409476703527397018 0.000409476908105795674 0.000409476424181882091
0.000409476879782674644 0.000409476975265479358 0.000409477071241681279 0.000409476440012278764 0.0004094764057816202 0.000409480573539622631 0.000409477018429580612 0.000409477284700686416 0.000409477076957120523 0.000409477775581609837 0.000409476744589900785 0.00040947670647861398 0.000409476904155734042 0.000409476582700208703 0.00040947667152194491 0.000409476763100987925 0.000409476856921824604 0.000409476952106708288 0.000409477047944639737 0.000409476442227797819 0.000409476422741758084 0.000409480517726132083 0.000409477460954391895 0.000409477103834261281 0.000409476979563290163 0.000409477786600247282 0.000409476731021134177 0.000409476695305236056 0.000409476917131490579 0.000409476561682859817 0.000409476649707379349 0.000409476740766386959 0.000409476834076877533 0.0004094769290666457 0.000409477024783967084 0.000409476454534098871 0.000409476426297851221 0.000409480461758838458 0.000409478416004561757 0.000409477107704374983 0.000409477084907660597 0.000409477755900407693 0.000409476717625255533 0.000409476684374602 0.000409476925836150835 0.000409476541160163699
0.00040947527317738736 0.000409476528531814269 0.000409476502247728847 0.00040947647435354682 0.000409477000233756316 0.000409478628412204392 0.000409477018833613105 0.000409477102319097744 0.000409477076106075919 0.000409478689742476633 0.000409477130370373402 0.000409476684118968812 0.000409476907133376046 0.000409476856777983664 0.000409476798015668663 0.000409476796374360643 0.0004094752845354968 0.000409476534327487564 0.000409476512979796642 0.000409476479773825412 0.000409477000213950761 0.000409478579046709844 0.000409477021565428964 0.000409477105487658427 0.000409477084204457964 0.000409477045687663935 0.000409476999994552097 0.000409476683577758127 0.00040947691797930079 0.0004094768713158279 0.000409476814111539773 0.000409476802398187208 0.000409475294628319319 0.000409476536046670249 0.000409476514247710693 0.000409476489641159033 0.000409476460147154193 0.000409477000300463372 0.000409477024416798928 0.000409477109234384934 0.000409477088505464726 0.000409477174736603384 0.000409477590138399787 0.000409477123660464894 0.000409476703969819159 0.000409476877527227947
