data/IdealizedTopo/Outputs_IdealizedTopo/EllipticCylinder_01IdealizedTopo_null_TITAN2D_pft.asc
ncols 1001
nrows 301
xllcenter  1000.00
yllcenter -5000.00
cellsize 5.00
nodata_value -9999
[rows 105 to 125 of 301, columns 690 to 735 of 1001]
3.22197537430579231E-101 0 0 7.51773186130367553E-102 3.07323506112824538E-102 0 0 5.69814655783280835E-103 0 0 5.61073090028338152E-104 3.51281798306473528E-104 0 3.86435323294840117E-105 1.49528427333597208E-104 0 0 5.73840398440565379E-106 7.31986637197434335E-106 0 0 0 4.59783197193346892E-107 0 0 7.60842887122169321E-108 2.96586484699581739E-109 0 4.70018430865514523E-109 9.41681615192399901E-109 0 0 2.70806102024929805E-109 4.80441838927981098E-110 0 0 1.38460971517499882E-110 6.66853644546972717E-111 0 0 1.06999772759772927E-111 0 0 9.57926129672923085E-113 7.7788709062216355E-113 0
2.93292949009617396E-102 3.11069178068145411E-102 0 0 0 2.4406494221266696E-103 0 0 2.6758329285861132E-104 1.90564625378645055E-105 0 1.78603293273045917E-105 3.84853491669584475E-105 0 0 1.06093971394540549E-105 1.36454080453114932E-106 0 1.95982043522459788E-107 4.76615632470419516E-107 6.16906011701276235E-108 0 0 2.85150819084788997E-108 0 0 4.29576248545787044E-109 6.37680948681137132E-110 0 1.00947351566443579E-109 6.53500444689823007E-110 0 0 7.24073017495106204E-111 1.51680367450400291E-111 0 0 3.36995028046250997E-112 2.58924197983175335E-112 0 0 3.89061238297051716E-113 0 0 9.54694382767715112E-114 1.13370478102505225E-114
0 0 5.79181494727802602E-104 4.87341349605326433E-104 0 0 5.11326775219244801E-105 5.68870148365380636E-106 0 4.24478749476655567E-106 3.29253110958272578E-106 0 2.25320568579981682E-107 1.44956696875393203E-106 0 0 2.40786805477787872E-107 9.48118627457318384E-108 0 0 6.99148306084443697E-109 6.50681676922430744E-109 0 0 8.66669969035616615E-110 0 0 1.4722532944779746E-110 3.65125139470261096E-111 0 2.56100609304681228E-111 2.19626525754203671E-111 0 0 2.17706886293237598E-112 1.28951594401936332E-112 0 0 5.23967889921192356E-114 5.89396137302717959E-114 0 4.0767643197642338E-115 1.11213842291624141E-114 0 0 4.50405139091759361E-115
0 1.09941088623876673E-103 6.56845483237993936E-105 0 0 3.10616998559460021E-105 3.6688118826519807E-106 0 2.72070925936045179E-106 1.83108446377872766E-106 0 3.63275585513999894E-107 7.66479334794932552E-107 0 0 1.68017362221543267E-107 3.96971829483777488E-108 0 0 7.4114744897402642E-109 4.55597187375483063E-109 0 0 5.94583699317493392E-110 0 0 1.00513145134126261E-110 0 0 1.62822840029973402E-111 1.56880497927772938E-111 0 0 2.27543994525271302E-112 4.33022635464692388E-113 0 0 8.59031464648136135E-114 2.07118802830037847E-114 0 4.32612140482063232E-115 7.02155480435324416E-115 0 0 2.77714585287677554E-115 0
0 2.84493539431262319E-101 5.49526006042921425E-102 0 0 9.89541069309482464E-103 4.78931150640010098E-103 0 2.10093307067101353E-104 1.05340479503661784E-103 0 0 5.04124259325128407E-104 0 0 4.69160289469492441E-105 4.18707516737893373E-105 0 0 2.26129651558052089E-106 1.43945979882307688E-106 0 0 4.00012596483185772E-107 0 0 6.09035746855247443E-108 4.14995118945156681E-110 0 1.2539574862947856E-108 6.85145647414593589E-109 0 0 1.56112572961271599E-109 0 0 0 3.86688839859126917E-111 3.8422509861690318E-112 0 6.54360266902656924E-112 3.8509457061889551E-112 0 5.59659842817732582E-113 1.59060762583943326E-112 0
1.48794365288815229E-101 0 0 0 4.28517157648097101E-103 2.35126780788403601E-104 0 7.61595493258576399E-104 4.27804263578896966E-104 0 4.47538576546778891E-105 1.38467745292565077E-104 0 0 2.11576349279137887E-105 6.80451484419605004E-106 0 1.98568973128789378E-106 2.66303700126511845E-106 3.04108467513423901E-107 0 0 8.89302412780598199E-108 0 0 1.88711484156157583E-108 0 0 6.73325931043472463E-109 1.32881372322205025E-109 0 0 7.08638550104813143E-110 0 0 0 2.15085318350528683E-111 1.54299214066325537E-112 0 4.1631801054088305E-112 1.56205208707969293E-112 0 2.26972682461362788E-113 5.30717612140036579E-113 0 0
7.74865096820168564E-103 1.38506963091083297E-103 0 0 1.52478432303821743E-104 1.09306497686116296E-104 0 3.35916754075231541E-105 2.17777905718004503E-105 0 0 5.81320813283301171E-106 0 0 6.21896351123088325E-107 2.20908802260724842E-107 0 3.81495390029163011E-108 1.1712478165400636E-107 1.27890059750694111E-108 0 0 4.56236723112644327E-109 0 0 9.2358709055903697E-110 0 0 2.51963456155410092E-110 8.68619501289395398E-111 0 4.03864202620752931E-112 2.2578994096578317E-111 0 0 4.83289162769655392E-113 1.26629488452734373E-112 0 0 1.50470498550638931E-113 2.63009379601770393E-115 0 1.54312865434014158E-114 6.20512281279174214E-115 0 0
0 9.75045078510620345E-105 3.22436357400075064E-104 2.19631915085211633E-105 0 0 1.16866910269780197E-105 0 7.57113311035174478E-107 2.63059789352051562E-106 0 0 2.46037934564591219E-107 1.61445926472355731E-107 0 2.47077656234033089E-108 5.27623943454234525E-108 0 0 2.64922635468630021E-109 3.09051591066047566E-109 0 0 3.64857736323815178E-110 0 0 5.4401328246733016E-111 1.73065280469650052E-111 0 0 8.51299815035370091E-112 0 0 2.09770312797567916E-112 3.8118311666101991E-113 0 0 5.46165056871576693E-114 2.7547367245475688E-114 0 1.07484725717816263E-114 2.18202989546205422E-115 0 0 1.9804724538139376E-115 4.53022099388479556E-117
0 9.14332215548851185E-105 1.1681825795811442E-104 2.90871909928249683E-105 0 6.37022439439033746E-107 3.18784349492992222E-106 0 3.34616668811187083E-107 7.04537639429927539E-107 0 0 8.42621185182584403E-108 3.23717553740484734E-108 0 1.28403049735288385E-108 1.75646315152530505E-108 0 0 4.54106629015565722E-109 1.65161767424460114E-109 0 0 1.86306436528555214E-110 0 0 3.46389493884582419E-111 2.20466770930059605E-111 0 5.25657348209959315E-113 3.1994897535332923E-112 0 0 1.16077304117053138E-112 4.08034864766407522E-114 0 0 3.39849573811748498E-114 8.22508580254818748E-115 0 5.68269189575927138E-115 2.88393719951999267E-116 0 0 8.03183291673107902E-116 0
4.06067371260729183E-102 0 0 1.10864131637180322E-103 1.99291392055028723E-103 0 0 2.5057430792972065E-104 0 0 3.80252220725245636E-105 3.49647394754329905E-105 0 0 5.29726432695939205E-106 0 0 1.19694018814837804E-106 2.99068492639898023E-107 0 0 3.38971096757558493E-108 1.12126907501370509E-108 0 6.36197902894300772E-109 1.12853688250873449E-109 0 0 8.67981686202204655E-110 0 0 1.63553981389487164E-110 4.19536527504824422E-111 0 1.8460694516815162E-112 2.55557297408842835E-111 8.00736212962664954E-112 0 0 8.30302457880586682E-113 0 3.65311747742828293E-115 2.02692863140322177E-113 4.82703365688045733E-114 0 6.53071717877740554E-115
0 0 1.39603670012416139E-103 4.02695825068911582E-104 0 0 5.67399350869883911E-105 0 0 8.93454458414128012E-106 1.95331689897636912E-106 0 2.57898442709818054E-108 9.47057831554039545E-107 0 0 2.79815899171279243E-107 0 0 0 1.18305517090204881E-108 8.10814587941972891E-110 0 1.56737788180669543E-109 0 0 6.78474704456094684E-111 1.24716491375420182E-110 0 0 3.96342246695424219E-111 0 0 8.38616499525340377E-112 2.89246043053498274E-112 0 0 2.3268482139713684E-113 1.06489485325130274E-113 0 4.45507373736051478E-114 2.63560156267658515E-114 0 0 7.48645473860778421E-115 5.49087015247917637E-116
0 2.45181964339652772E-102 1.27747548826760181E-102 0 0 5.50006663886565364E-104 3.97983625397690364E-104 0 0 1.36358071688700342E-104 0 0 4.66650755788620253E-105 7.74834881529959431E-106 0 2.98602273883286596E-106 2.7960530784864535E-106 0 0 2.3888634287541814E-107 1.89279571671656799E-107 0 0 2.2090358931174682E-108 0 0 4.03894708703440472E-109 0 0 2.16160998044584033E-110 6.92587845724959318E-110 0 0 1.15586647030002029E-110 2.60298608078284889E-112 0 0 3.41882656337173286E-112 0 0 6.67903535834386643E-113 2.77832149140746337E-113 0 6.45324202549332314E-114 1.13838376274364224E-113 0
1.49126582279149634E-101 1.40923189434781534E-101 0 0 0 5.78187371918480298E-103 0 0 1.16869727485193719E-103 1.66742316887377954E-105 0 3.07483393782819624E-104 2.16406083257181222E-105 0 9.01753796356961179E-107 3.50402785057817704E-105 0 0 5.40246124777213358E-106 2.04926474816492882E-106 0 0 2.04634625976357865E-107 5.68909623817266508E-109 0 1.71640562905877412E-108 1.18519763160028851E-108 0 3.30001264247759901E-109 8.33682041535637792E-109 0 0 9.42995399392643579E-110 3.28575416616544977E-110 0 0 4.80790206139545863E-111 3.218843084164274E-111 0 0 7.55303323535480963E-112 0 0 1.5754714032130981E-112 0 0
0 9.05445002860285215E-103 3.5813945841035305E-102 7.33162724181541798E-103 0 0 2.71623197750322781E-103 0 0 3.17663240004652352E-104 0 0 1.21856600111878597E-104 1.647325511217643E-105 0 0 1.49672895023981502E-105 0 0 0 3.5597109376481542E-107 1.77626716528307231E-109 0 6.44130972067560325E-108 1.96174968934510747E-108 0 4.88520883562581903E-109 8.75729697096553682E-109 0 0 1.73290059327852354E-109 1.05181676883206039E-110 0 1.56282914137765229E-110 1.57928528397039779E-110 2.05850704311831894E-111 0 0 8.89598644180134158E-112 0 0 9.43336730068405655E-113 1.19727444018618377E-114 0 2.72779804626122504E-113 1.01563367377805442E-113
1.37904841765076946E-87 1.52762845166338574E-88 0 0 4.1559387167991286E-89 1.05563824840735291E-89 0 1.91298768602396404E-90 2.37667364863207739E-90 0 0 9.08106582659547319E-91 0 0 1.88525214649992793E-91 6.92764259578556348E-92 0 0 8.57134484928667499E-93 3.62153063325171349E-93 0 0 8.59434529141066902E-94 0 0 8.60371606020490946E-95 2.49402006075119704E-95 0 1.57975116515628771E-95 1.58699178768603068E-95 0 0 4.37316046935456566E-96 5.37278418318129773E-97 0 0 1.47077013697050436E-97 7.95735706198789337E-98 0 0 1.08384571779288151E-98 0 0 1.70466984541851837E-99 8.82042589245277132E-101 0
0 0 1.42481110112347541E-42 9.62382865377217127E-43 0 0 1.21010277548373669E-43 5.11216235224045742E-45 0 1.04824585736195347E-44 6.57257025658584272E-45 0 9.99338713127486943E-46 3.05830207133816511E-45 0 0 5.85579791933274375E-46 1.81837528363801824E-46 0 0 1.79200573774362226E-47 1.64861335686952353E-47 0 0 2.2217048085716775E-48 0 0 3.86784063700926747E-49 7.28993639393632442E-50 0 6.86309853996180131E-50 7.70125614758081615E-50 0 0 6.08861858892809848E-51 4.63793880461351544E-51 0 0 1.32346258291112753E-52 2.11224369383256473E-52 0 7.56767760242772448E-54 3.79690790335335985E-53 0 0 1.47248222322947805E-53
0 0 3.97212402052822422E-39 4.7133561285230908E-39 0 0 2.45035024327749203E-40 1.78618650559010461E-40 0 2.54262222320136605E-41 4.3832425561891036E-41 0 0 1.78090013179707692E-41 0 0 2.93747919234637246E-43 1.06219834860657844E-42 0 0 4.18287372353191806E-44 9.93642834160263125E-44 4.64834092583154059E-45 0 8.60220980286032068E-45 1.81464719004817526E-45 0 0 1.57358655944758433E-45 0 0 3.23072883507622309E-46 9.37630703759625208E-47 0 0 1.47524033693545796E-47 3.49817384308854966E-48 0 0 9.09254526444985684E-49 0 0 8.16143476787365334E-50 5.04708740808887389E-50 0 1.24620327699410787E-51
0 4.52645273947173706E-38 8.98423388848356059E-39 0 0 2.83161340009645412E-39 2.14629894978914418E-40 0 2.27473932938243808E-40 1.7953917340110285E-40 0 0 6.54310952996728357E-41 0 0 1.11811513697561137E-41 6.02289838170240283E-42 0 0 4.85117569918660378E-43 1.86596081563648878E-43 0 0 3.15186984232630413E-44 3.91321349484397032E-45 0 3.28587554775922785E-45 2.40977482323755337E-45 0 0 1.21580872641428055E-45 0 0 0 7.43210956312840445E-47 2.18450756283936743E-48 0 0 4.20685048707924314E-48 0 0 4.14634996587334874E-49 1.68822933658965433E-49 0 0 9.95353870162813349E-50
1.44542677693877359E-37 0 0 1.01198639349670972E-38 8.92118050348703866E-39 0 0 1.01385424259208491E-39 1.59988871285705206E-40 0 7.36964342954022972E-41 1.30999929412441754E-40 0 0 4.12837353266835191E-41 3.19366191425009688E-42 0 0 2.52160066978441851E-42 3.9716176237174021E-43 0 0 1.55156040161416313E-43 1.98376533695008597E-44 0 1.58864035726236649E-44 1.13524912637958599E-44 0 0 4.59774949410243696E-45 0 0 3.63926155552889063E-46 2.82609299390312907E-46 0 0 3.44714092196889948E-47 2.84018880721179491E-47 0 0 3.37288893123481377E-48 3.69875608145583956E-49 0 1.21027268694237805E-49 4.7733988597281695E-49 0
9.44478597930728757E-37 1.07033850861256602E-37 0 0 2.65168585288020268E-38 1.77040805587055124E-38 0 1.05784045514777337E-39 2.51460052576406286E-39 0 0 6.40889476266575264E-40 0 0 1.6771352668052596E-40 7.03216800366288852E-41 0 0 1.12470097092777442E-41 3.09623813656237073E-42 0 0 4.48546142290562674E-43 1.44597734551650287E-43 0 5.87560332411573217E-44 3.78099574653093549E-44 0 0 2.23703079688542739E-44 0 0 2.17357846365858198E-45 1.84788689435716712E-45 0 0 5.0270228176985646E-47 1.03566664168388781E-46 0 0 1.11735027846014208E-47 2.96016898898273658E-49 0 1.21447813630408851E-48 1.17648827156907874E-48 0
0 0 1.0477151949014397E-39 1.05650873478151594E-38 2.17386988321283551E-39 0 5.19593246345209835E-40 4.85428662182370188E-40 0 0 1.13950875590155747E-40 0 0 3.2487502816671082E-41 4.20898515585902678E-42 0 1.52956189876917326E-42 3.24143195935961688E-42 0 0 0 1.3446369779261503E-43 0 0 1.47020113745593256E-44 3.58070366210531796E-45 0 1.99280602700603815E-45 2.43404320466892903E-45 0 0 6.2986649123307921E-46 4.67019318235492929E-47 0 0 2.69363860672542386E-47 7.06503280439215507E-48 0 0 1.84014221986809557E-48 0 0 2.72702876723181798E-49 0 0 6.80284598515064805E-50
