data/IdealizedTopo/Outputs_IdealizedTopo/EllipticCylinder_01IdealizedTopo_null_TITAN2D_pfv.asc
ncols 1001
nrows 301
xllcenter  1000.00
yllcenter -5000.00
cellsize 5.00
nodata_value -9999
[rows 154 to 175 of 301, columns 0 to 49 of 1001]
-9999 -9999 -9999 -9999 -9999 -9999 1.11059424118978178 3.33073206356690399 10.2365615946132582 10.6378659860510201 12.4744972079428376 13.9123475600241999 14.9331272121391851 15.4987665071657101 16.3496177654200814 17.5222067564902773 17.7613831652914484 18.4451473391637677 18.9006359630213829 19.8959304003014239 20.3089373307491563 20.7951663301961993 21.1400481820513484 21.8477158380812817 22.3871468974724621 22.8683174332344912 23.1255796208891624 23.4908978230228982 24.1759946177574179 24.7524594721957385 25.1158838259425536 25.3096116617887148 25.6954972722298436 26.334942826901397 26.8721246502975397 27.2151893320351341 27.4271730369029711 27.5785185257901801 28.2435300343522186 28.8079666295719079 29.231342239611152 29.4682103157617057 29.5983402783867291 29.8871280580015402 30.5345835719251788 31.0200292007842435 31.3431322583864151 31.547146142537315 31.3212531854583993 31.823100335236731
-9999 -9999 -9999 -9999 -9999 -9999 -9999 2.14492167384686194 7.31877183186252811 9.62906334201135472 11.7666643415654057 12.986812300698146 14.1166127978989362 15.0275303851440807 15.8797314244094423 16.6192673900079768 17.2149454368374641 18.1297077927080466 18.7220938893138111 19.0801337650113858 19.7828172098527517 20.5723230766239702 20.9571164646224517 21.280553474428249 22.0615931067641888 22.6793149140094599 23.0421243632958443 23.3011342894938451 23.8533444468138534 24.5563958096984933 25.0000764587929751 25.2510841213758184 25.4430786201612982 26.0567901863955704 26.6873118378132368 27.1027277816301577 27.3697778533170073 27.5182052160242669 27.9704696518934774 28.5974066515227321 29.0646936658278072 29.3605174060165375 29.5309061777047397 29.703570916033776 30.2232245858818906 30.7945518858763059 31.1753084619693865 31.366368422287124 31.1035448285460667 31.5263376323256672
-9999 -9999 -9999 -9999 -9999 -9999 -9999 -9999 6.26735320357004877 7.5304372203892731 11.1468074339491352 12.4248897994622283 13.6839671005137689 14.7033659430078867 15.4419937935153087 16.314446536378906 16.8851674842178028 17.7461565508736818 18.4734314902348693 19.0307980387551297 19.2760138444114055 20.2257805783580906 20.7926865224025903 21.1078121588306225 21.6313805191827271 22.4040928148734686 22.8940967118559371 23.1559832904440803 23.542380174506274 24.2345824767319726 24.7888893228959049 25.1271953562953101 25.3245370465889508 25.7439872536390233 26.3961009822818653 26.9123726866980242 27.2477034156455744 27.4231280869259741 27.6955945074028094 28.2796232194156936 28.8327105731620428 29.2063087993976218 29.4390108229650913 29.5734429271154298 29.9165095061831039 30.4759462383914546 30.9559413259968927 31.3447922288339775 31.4166141913012069 31.5577872052841286
-9999 -9999 -9999 -9999 -9999 -9999 -9999 -9999 -9999 6.4511584851427255 9.85422915265941946 11.8033834276781278 13.300927513344778 14.0265430974444474 14.8902526086373879 16.6387172118007065 16.9195011834226285 17.2970148491489368 18.0122944898376893 18.9537095807656435 19.0986136405883968 19.8060845592135486 20.6683128069766227 21.4423046235799788 21.2714890968651815 21.930661999228338 22.5881889696138671 22.9857763998858324 23.2282138072217883 23.712008570583393 24.5745187693446958 24.9902147422750751 25.1702789611365105 25.3659634168586869 25.8849272551101812 26.5074483996460515 26.9624451160421508 27.2462333737260671 27.432141876140907 27.751868955985838 28.3594923304986928 28.8749903205313139 29.2289115727949635 29.4502146046917943 29.5952095670837245 29.9542545905257214 30.528822563517906 31.0091376763680806 31.3212115415015084 31.4563285639849362
-9999 -9999 -9999 -9999 -9999 -9999 -9999 -9999 -9999 7.50600031411240387 7.62590535191418706 10.5460019503864384 12.4206872057206574 13.2039996364231573 14.2148475689002591 16.3099264606666807 16.4483724599146264 16.8924203423101638 17.3285005955358073 18.5031619703528065 18.8250344913798529 19.347485788555602 20.0863364762539973 21.3151451382342429 21.0340433397625972 21.4039621436304195 22.0201155446576848 22.7038339726010818 23.0411313693412758 23.3495654157257455 24.1177987114179118 24.6328733148823353 24.9448095588446925 25.2187658166223265 25.5037946143257379 26.0250975807270954 26.6022264624054721 27.017687795255064 27.2739293237765281 27.4697996575129011 27.880048784417216 28.4527714109363643 28.9310867906718592 29.2493748295108063 29.4296779218870448 29.6401334167555106 30.0467059030368766 30.5788719256865633 31.0194831597401972 31.3397385413184963
-9999 -9999 -9999 -9999 -9999 -9999 -9999 -9999 -9999 -9999 5.32587684059945499 7.92793751463017848 10.7663153660230666 12.2265705037667232 13.3530817276572229 14.5098555719807045 15.2512768035800761 16.2912613544252451 16.7745860015379016 17.5919789655790986 18.1991427826333734 18.8507423967053462 19.2377745912139275 20.1136575728340823 20.6400761987360433 21.0099514127643587 21.4055249979508595 22.1634405605895175 22.766938264384688 23.065460500944404 23.3583559541652868 23.9277656729509367 24.5652916163473805 24.9934746968507433 25.2546170440279987 25.529449387896392 26.0834645394572853 26.6548135561110904 27.0457249311192029 27.2853097098262829 27.4733988539321423 27.8641945040573837 28.4410899897621903 28.8906021613186148 29.1991645196621477 29.4167324791528557 29.6047187949542163 29.9758487549988288 30.5152507384854701 30.9670851923626529
-9999 -9999 -9999 -9999 -9999 -9999 -9999 -9999 -9999 -9999 -9999 6.03559957818120196 8.10846668130598225 10.6230408463236081 12.1181984078156475 13.3965825835713801 14.3439592459740783 15.4116630890978552 16.0964792930373264 16.9495072317503563 17.3933218412051254 18.1699870300755784 18.8273901218415141 19.384270777758303 19.9369345109817608 20.6671656227204963 21.0396083385415125 21.4595963188366738 22.1106507522292013 22.7216633555201994 23.0395776918894271 23.3714760591743307 23.9225826107603581 24.5285861230794637 24.959839408055938 25.2163498761637541 25.5279388389933395 26.0253249992573714 26.583976228089778 26.9777098598404805 27.2210023182155325 27.4330292348698777 27.8174324139507334 28.3257212791926563 28.7897977686715407 29.1344520566719467 29.3341954441318649 29.5298771471542416 29.8510916843265903 30.3692697915762686
-9999 -9999 -9999 -9999 -9999 -9999 -9999 -9999 -9999 -9999 -9999 -9999 6.97472735453468751 8.52222670442776398 10.7260219185569632 13.2677111503044962 13.5970162935268295 14.6286368942403815 15.2287511604390531 17.041168828299277 16.8126694929093112 17.5871581339322027 18.2206219598288968 19.355157072990071 19.2629315618921346 20.0153859793408344 20.7462089848312026 21.2408509697209702 21.3912706891290938 22.0456481441120431 22.7865075138606628 23.0752256048622328 23.3109492636134803 23.8326652911584524 24.4455654996510781 24.8773478960889207 25.1507310592029647 25.4199235019032521 25.8395749582024834 26.4323168490809017 26.8653225331034804 27.1514443237500736 27.3732891171289694 27.6761354685881393 28.1510073300475874 28.6672565560686472 29.0356327152323281 29.2821993068032533 29.4382537001490192 29.7045912557236775
-9999 -9999 -9999 -9999 -9999 -9999 -9999 -9999 -9999 -9999 -9999 -9999 -9999 6.24922860412833447 7.58923794641664351 10.6116004470855518 12.0614586907380392 13.1763588797628604 14.067242858845443 15.3215203171798837 15.7934747868248007 16.6317925507132109 17.2237071232756378 18.163557442874346 18.6107425235792725 19.1045610493925366 19.737763589804139 20.4961406581159942 20.8364747506056247 21.2385372982189899 21.90919828783273 22.4905713607591089 22.8535281685295359 23.1896885862546256 23.5216566821512849 24.1597690276320449 24.669337282518228 24.99400242263183 25.2472159763563013 25.5903565996869737 26.1097807725335471 26.6176790957205043 26.9643604715364482 27.191914673610377 27.4369308149273294 27.8347266484864946 28.3364890947677992 28.7632611458111747 29.0452698076015245 29.2277144046841428
-9999 -9999 -9999 -9999 -9999 -9999 -9999 -9999 -9999 -9999 -9999 -9999 -9999 -9999 5.72780919829712332 8.46843002057202199 9.76627273725629408 11.0136489869219076 12.324413817136664 14.1975357159367874 14.4785827711555051 15.9153329384302094 16.1182043817239453 17.2769117587340517 17.6407824433607239 18.4481919233498459 18.8608418105866313 19.4317575896192807 19.8673830651085837 20.5041849855358613 20.990636877982201 21.3431129963373856 21.9804997517426983 22.5486215954215794 22.8872134798313667 23.243803314014631 23.6726171241668624 24.2797719974822392 24.7036203046872878 25.0066562373511161 25.3019289139537449 25.6638767125110832 26.2079652583915319 26.6527276054179403 26.9618848901453418 27.2226019042534944 27.4873091045261084 27.894078660021794 28.3775590407068563 28.7655258378596628
-9999 -9999 -9999 -9999 -9999 -9999 -9999 -9999 -9999 -9999 -9999 -9999 -9999 -9999 -9999 6.6405993990074208 6.78576849502606549 8.2375825983547557 9.73711655643001528 11.529561108346785 12.6412715831894236 13.9293496068011429 14.6862759284153181 15.5837963967062443 16.1126708508938528 16.9193897061852603 17.5573390596651855 18.2738377596866037 18.6870627218413361 19.2457358006186254 19.9989215835075633 20.515882798271921 20.8943449350372745 21.3637924562512751 22.007083044275543 22.5040776699705809 22.8879359341120647 23.18916331925438 23.6085396954451276 24.1608970361547541 24.6281393868448006 24.947760126757764 25.2402990137081851 25.5926905963696925 26.1060031160562893 26.5677611280111705 26.8538616616108285 27.068811897425114 27.3148035727825302 27.7087190784745907
-9999 -9999 -9999 -9999 -9999 -9999 -9999 -9999 -9999 -9999 -9999 -9999 -9999 -9999 -9999 -9999 -9999 8.10131917407869828 8.23956887819872641 12.7306302453255515 10.3621770415793684 12.8358602701088387 14.1778287304776835 20.0418994891421747 14.6069518091953263 15.8835937960928693 16.7667997418700097 18.0031119336704215 17.7758743257611549 18.290144556792324 20.7322577708314384 20.1460015524333116 19.9501679417154563 20.3791671932130356 21.8286292950766594 21.2508040304321675 21.7759899131258869 22.5740614093732468 26.1108760153509714 22.9715132466310585 23.3585276307482026 24.0038552034138526 24.4681963422327655 24.6686505028018424 24.966129055864311 25.9566840466379318 26.2493035234061018 26.1764089563359548 26.5168079890873507 26.8160609311003242
-9999 -9999 -9999 -9999 -9999 -9999 -9999 -9999 -9999 -9999 -9999 -9999 -9999 -9999 -9999 -9999 -9999 -9999 -9999 6.79281692842474971 7.18274177450632489 8.57753588354108842 9.8127457878398161 11.7186072790985278 12.0155273223954424 13.1880816633075284 14.1843503316564412 15.0985505602483201 15.6573306219739887 16.3210165958846929 17.331584377422832 17.8673267948824517 18.1595087850846575 18.55189024770619 19.3391470479522312 19.8817863468918361 20.3250979766655213 20.748558209709941 21.4651845148814964 21.7214145383229429 22.2031469875328078 22.6111108271684849 22.9395480284704014 23.3141288274083678 23.8052204820401698 24.3468165058685706 24.6988032459818179 24.8639564210659287 25.1443633865053613 25.6058672740891282
-9999 -9999 -9999 -9999 -9999 -9999 -9999 -9999 -9999 -9999 -9999 -9999 -9999 -9999 -9999 -9999 -9999 -9999 -9999 -9999 -9999 8.14708156992662857 8.40708982010177763 9.49508791910393768 8.75822070491073035 11.1054077184936322 11.4912454823378898 12.8115947262169083 13.6016694791498072 14.432800498499871 15.2826351461178334 16.038874413113092 16.8246211422328464 16.6753497566155744 17.1796874513674709 17.8139058802442349 18.2568514994034814 18.8925574551782489 19.7358467503678661 20.0467975846502817 20.4254981848064254 20.7901971003840558 21.3644924162366756 21.8801926243861153 22.2302490568773479 22.4507986774746122 22.8728046064908384 23.3971486464499847 23.7947419098961959 24.0592325651093084
-9999 -9999 -9999 -9999 -9999 -9999 -9999 -9999 -9999 -9999 -9999 -9999 -9999 -9999 -9999 -9999 -9999 -9999 -9999 -9999 -9999 -9999 -9999 9.31631461717354625 8.13213007619665795 7.73718907976713233 8.48622585735781776 8.82341969411110583 9.43655613250381009 10.5438483995548129 11.874845455324925 12.8599678281242973 13.4937444954056165 14.1080132390233182 15.0512620074780461 15.4854700574511543 16.0406934034676709 16.6021997000591668 17.3133523072640578 17.5742424075856647 18.0926021682459783 18.7809663742621673 19.3822572652042417 19.5276559262791061 19.7936772126234537 20.3693556437244112 20.8458108093974204 21.0998532001211636 21.4101524396848113 21.8687204856177217
-9999 -9999 -9999 -9999 -9999 -9999 -9999 -9999 -9999 -9999 -9999 -9999 -9999 -9999 -9999 -9999 -9999 -9999 -9999 -9999 -9999 -9999 -9999 -9999 -9999 -9999 -9999 -9999 9.35809858722531551 9.31539595141157939 12.1018307625369612 12.3281069607768767 11.9016438218723355 10.8392761246342832 15.0167198752688211 12.4073070097912481 14.2397064116052157 13.5755981781411847 17.0433493578717581 14.5458200871357359 15.8100830813992541 15.9600948388395523 17.5423638884999633 16.1289773480006886 16.5355936595187636 17.8509633317921761 17.6509571237129208 17.3367615557902361 17.2120670082729958 19.75163855473388
-9999 -9999 -9999 -9999 -9999 -9999 -9999 -9999 -9999 -9999 -9999 -9999 -9999 -9999 -9999 -9999 -9999 -9999 -9999 -9999 -9999 -9999 -9999 -9999 -9999 -9999 -9999 -9999 -9999 -9999 -9999 -9999 -9999 -9999 9.88138211248189435 9.7867564990550644 9.88349884219360852 10.00591289015291 10.3531010447127443 10.6328578005120544 11.0553655281531711 11.4425816946216354 11.8010798914027184 11.9273519905108216 12.1610105551580645 12.4787047716675055 12.5787356526006775 12.5176775707459846 12.4340765553053973 12.3439144254489968
-9999 -9999 -9999 -9999 -9999 -9999 -9999 -9999 -9999 -9999 -9999 -9999 -9999 -9999 -9999 -9999 -9999 -9999 -9999 -9999 -9999 -9999 -9999 -9999 -9999 -9999 -9999 -9999 -9999 -9999 -9999 -9999 -9999 -9999 -9999 -9999 -9999 -9999 -9999 -9999 -9999 -9999 -9999 -9999 -9999 -9999 -9999 -9999 -9999 -9999
-9999 -9999 -9999 -9999 -9999 -9999 -9999 -9999 -9999 -9999 -9999 -9999 -9999 -9999 -9999 -9999 -9999 -9999 -9999 -9999 -9999 -9999 -9999 -9999 -9999 -9999 -9999 -9999 -9999 -9999 -9999 -9999 -9999 -9999 -9999 -9999 -9999 -9999 -9999 -9999 -9999 -9999 -9999 -9999 -9999 -9999 -9999 -9999 -9999 -9999
-9999 -9999 -9999 -9999 -9999 -9999 -9999 -9999 -9999 -9999 -9999 -9999 -9999 -9999 -9999 -9999 -9999 -9999 -9999 -9999 -9999 -9999 -9999 -9999 -9999 -9999 -9999 -9999 -9999 -9999 -9999 -9999 -9999 -9999 -9999 -9999 -9999 -9999 -9999 -9999 -9999 -9999 -9999 -9999 -9999 -9999 -9999 -9999 -9999 -9999
-9999 -9999 -9999 -9999 -9999 -9999 -9999 -9999 -9999 -9999 -9999 -9999 -9999 -9999 -9999 -9999 -9999 -9999 -9999 -9999 -9999 -9999 -9999 -9999 -9999 -9999 -9999 -9999 -9999 -9999 -9999 -9999 -9999 -9999 -9999 -9999 -9999 -9999 -9999 -9999 -9999 -9999 -9999 -9999 -9999 -9999 -9999 -9999 -9999 -9999
-9999 -9999 -9999 -9999 -9999 -9999 -9999 -9999 -9999 -9999 -9999 -9999 -9999 -9999 -9999 -9999 -9999 -9999 -9999 -9999 -9999 -9999 -9999 -9999 -9999 -9999 -9999 -9999 -9999 -9999 -9999 -9999 -9999 -9999 -9999 -9999 -9999 -9999 -9999 -9999 -9999 -9999 -9999 -9999 -9999 -9999 -9999 -9999 -9999 -9999
