data/IdealizedTopo/Outputs_IdealizedTopo/EllipticCylinder_01IdealizedTopo_null_TITAN2D_pfv.asc
ncols 1001
nrows 301
xllcenter  1000.00
yllcenter -5000.00
cellsize 5.00
nodata_value -9999
[rows 132 to 153 of 301, columns 200 to 249 of 1001]
-9999 -9999 -9999 -9999 -9999 -9999 -9999 -9999 -9999 -9999 -9999 -9999 -9999 -9999 -9999 -9999 -9999 -9999 -9999 -9999 -9999 -9999 -9999 -9999 -9999 -9999 -9999 -9999 -9999 -9999 -9999 -9999 -9999 -9999 -9999 -9999 -9999 -9999 -9999 -9999 -9999 -9999 -9999 -9999 -9999 -9999 -9999 -9999 -9999 -9999
-9999 -9999 -9999 -9999 -9999 -9999 -9999 -9999 -9999 -9999 -9999 -9999 -9999 -9999 -9999 -9999 -9999 -9999 -9999 -9999 -9999 -9999 -9999 -9999 -9999 -9999 -9999 -9999 -9999 -9999 -9999 -9999 -9999 -9999 -9999 -9999 -9999 -9999 -9999 -9999 -9999 -9999 -9999 -9999 -9999 -9999 -9999 -9999 -9999 -9999
-9999 -9999 -9999 -9999 -9999 -9999 -9999 -9999 -9999 -9999 -9999 -9999 -9999 -9999 -9999 -9999 -9999 -9999 -9999 -9999 -9999 -9999 -9999 -9999 -9999 -9999 -9999 -9999 -9999 -9999 -9999 -9999 -9999 -9999 -9999 -9999 -9999 -9999 -9999 -9999 -9999 -9999 -9999 -9999 -9999 -9999 -9999 -9999 -9999 -9999
-9999 -9999 -9999 -9999 -9999 -9999 -9999 -9999 -9999 -9999 -9999 -9999 -9999 -9999 -9999 -9999 -9999 -9999 -9999 -9999 -9999 -9999 -9999 -9999 -9999 -9999 -9999 -9999 -9999 -9999 -9999 -9999 -9999 -9999 -9999 -9999 -9999 -9999 -9999 -9999 -9999 -9999 -9999 -9999 -9999 -9999 -9999 -9999 -9999 -9999
-9999 -9999 -9999 -9999 -9999 -9999 -9999 -9999 -9999 -9999 -9999 -9999 -9999 -9999 -9999 -9999 -9999 -9999 -9999 -9999 -9999 -9999 -9999 -9999 -9999 -9999 -9999 -9999 -9999 -9999 -9999 -9999 -9999 -9999 -9999 -9999 -9999 -9999 -9999 -9999 -9999 -9999 -9999 -9999 -9999 -9999 -9999 -9999 -9999 -9999
-9999 -9999 -9999 -9999 -9999 -9999 -9999 -9999 -9999 -9999 -9999 -9999 -9999 -9999 -9999 -9999 -9999 -9999 -9999 -9999 -9999 -9999 -9999 -9999 -9999 -9999 -9999 -9999 -9999 -9999 -9999 -9999 -9999 -9999 -9999 -9999 -9999 -9999 -9999 -9999 -9999 -9999 -9999 -9999 -9999 -9999 -9999 -9999 -9999 -9999
-9999 -9999 -9999 -9999 -9999 -9999 -9999 -9999 -9999 -9999 -9999 -9999 -9999 -9999 -9999 -9999 -9999 -9999 -9999 -9999 -9999 -9999 -9999 -9999 -9999 -9999 -9999 -9999 -9999 -9999 -9999 -9999 -9999 -9999 -9999 -9999 -9999 -9999 -9999 -9999 -9999 -9999 -9999 -9999 -9999 -9999 -9999 -9999 -9999 -9999
-9999 -9999 -9999 -9999 -9999 -9999 -9999 -9999 -9999 -9999 -9999 -9999 -9999 -9999 -9999 -9999 -9999 -9999 -9999 -9999 -9999 -9999 -9999 -9999 -9999 -9999 -9999 -9999 -9999 -9999 -9999 -9999 -9999 -9999 -9999 -9999 -9999 -9999 -9999 -9999 -9999 -9999 -9999 -9999 -9999 -9999 -9999 -9999 -9999 -9999
-9999 -9999 -9999 -9999 -9999 -9999 -9999 -9999 -9999 -9999 -9999 -9999 -9999 -9999 -9999 -9999 -9999 -9999 47.4912924684472486 47.4160128716757114 -9999 -9999 -9999 -9999 -9999 -9999 -9999 -9999 -9999 -9999 45.0758443077531226 44.4052217740965105 43.8498472664287249 43.443082270965057 43.8308205884341504 45.1668049922774699 -9999 44.5033385055049351 45.2919208376479503 45.3028718860221531 -9999 45.1165341542614158 45.0270795373331154 44.8657555704607844 44.6707270768352913 -9999 -9999 -9999 -9999 44.9554053272671084
-9999 -9999 -9999 -9999 57.6520329335776722 57.7397147363495549 57.8390336760129742 57.4177661531984072 56.5031011851486582 55.1722188015406658 53.5860576228145149 52.6476095126778247 51.8326862749591371 51.5246711571901557 51.4126967866987528 51.6890563049593936 52.1741350194326543 53.1309756541232829 53.7136608501909762 53.8623025720667243 53.6515933741237063 53.9766510162897433 54.5728889844098859 50.7548204563096448 46.1054685857464079 46.1945873595092422 46.0441045244236662 45.0314606018716717 44.5971915822995015 44.7526032832982565 45.6825760740821707 47.1453688907189132 49.5176348197715726 51.6533968436660942 53.2520551250583054 55.0617426239503729 51.8915173343559459 44.5962845215222217 44.5529484482985652 44.6190182465878138 44.5066340850025313 44.2734288523456385 44.5270786007370347 45.9081196475611577 47.8783815052813253 50.1063648655727718 54.8645910051690464 55.126549505306933 53.9995444568204235 46.7826372356353133
-9999 56.6923476535107866 57.0960069176984106 57.5292806922649191 57.7690418994259787 57.9910255903948126 58.1999888352691599 58.0164516010705142 57.6255473796370765 57.2516881774255282 56.6042012043135045 56.5156573021587931 56.4133234442453571 56.6030407743901804 56.8501083623771777 57.3927508953726999 58.3329986350509841 59.4324161778842424 60.3663239964668037 60.6407391708035561 60.7248408487281282 60.7329829861764807 61.0911456412471097 59.1898373395465143 55.0279203818463287 55.0044621026662881 55.0539761655205524 54.9403894375705093 54.7372044037084464 54.705430523552053 55.7283372456051325 57.3646253797712404 59.7042105496136841 61.7755687978886883 63.0141513441314771 63.4902517714331935 62.15908685103458 55.653090634773001 55.5295546010434293 55.6500697668665509 55.6661991311764339 55.5787130060366223 55.8782240159525259 57.1140790370046574 59.0287769247563148 61.2916917227081086 64.3639878987155498 65.3709541669849727 65.2337081223558926 58.2721053133555671
58.7031808597253928 58.955872943152805 59.1815264476935639 59.3493245643823002 59.5355320752001447 59.8066421219940665 60.1180632012289067 60.3546886607599617 60.5732276595162773 60.749964317137497 60.986651502848666 61.2249662587207695 61.4977374872607143 61.6963032503884108 61.8493137975113854 61.967753744053887 62.0472941337491264 62.2686601068874666 62.470401606470098 62.6300907335392338 62.7667219160645686 62.9150773067305167 63.0892303531605378 63.4656833713258166 63.8206566560900157 64.0651010933155192 64.2114348122081253 64.3597221085140916 64.5024229805623719 64.7646951539348663 64.9332187936657732 64.9876806305959462 64.9821212104339452 64.9657530941691732 65.0299605456646219 65.2046426638578254 65.5966169921692597 66.0388984088127842 66.4096524239071044 66.5230575401282209 66.6376156292788124 66.743622294980014 66.7728098389332843 66.9063092785043665 66.964013718783491 66.9333462317685246 66.8942465214432644 66.9455257063551841 67.3575623292672958 67.8593830797185262
60.6852754924786097 60.9620202949448355 61.2181756792952783 61.4512270204045521 61.6899831998770125 61.9567765885761119 61.948487790634104 61.762809513685383 62.1661777551963155 62.1610270650183381 62.5097740728911901 62.6097474359334001 62.8614153256075099 63.0921133223696913 63.3294093433357617 63.5598219162407432 63.7681829353091487 64.0264489296448858 63.56463313049872 64.2372257251626451 63.9383048903300306 64.4889806899206093 64.3761827875699026 64.7442150289203937 64.8058901958851834 65.0448765651402141 65.2759378230507821 65.4953121467277413 65.7161084650239644 65.9331912885686648 66.1372465249195898 66.2790545342390232 66.398855655064537 66.5004113704784032 66.6006806616659617 66.6921957260708638 66.7855039357050515 66.8917568698483507 67.1079974809514681 67.3477301394460568 67.5639634686057917 67.7968941127168847 67.6924891904859436 67.8187923352227529 67.9110280924251697 68.1430998953567837 68.0812207670822005 68.4271173892483944 68.3270660697108241 68.704116397273566
61.6201447462930716 61.8132913531536872 62.0021261834415895 62.2407653147598552 62.5005753446254673 62.7138329251429099 62.7506039066436188 62.7679317389104838 63.0227000262259907 63.0992358761226058 63.3456903435416336 63.4563278691134229 63.6524596358592305 63.826177468235592 64.0148688729574786 64.2571885328414254 64.4826694304392163 64.6652576612511893 64.5771890531494392 64.907852644368532 64.903280705904578 65.1928254617346568 65.242995461454214 65.4858136535615216 65.5880571718141567 65.7740621422010179 65.9561583670055001 66.1357434047671831 66.3548111681701585 66.5574986877691686 66.7245599951610444 66.8641392170831068 67.0008286939050208 67.1223731658127889 67.2592990793350509 67.3862954339842446 67.5102243409520213 67.6281101439604981 67.8127886482908906 67.9809801566969583 68.163585487933247 68.3417546362360184 68.3407232611685771 68.4907462612279261 68.6329129097875921 68.8053828662075517 68.8822376306321615 69.1002794006418242 69.1697526392330531 69.4039250315766054
62.7904894001855922 62.148142156803253 63.0398309936244701 62.4698309543405159 63.3232044089438801 63.1029425107809203 63.6714333359870892 63.8830075041429666 64.1893027413650827 64.3756373384047578 64.5129946378864076 64.6479704433009914 64.7703793647399522 64.8974155229756207 65.0158396938958845 65.1602040098436532 65.2928944044726194 65.4372676280718224 65.5504603290921466 65.6930165327901676 65.9939631497433368 66.2177051037654394 66.1023220037439927 66.4227173351073645 66.367647569003438 66.5834933533321589 66.6379207067486732 66.7168069880139285 66.9346544581309644 66.8745886862603385 67.2524344060101384 67.318072351164389 67.6226145854700036 67.9067010380016001 68.1680419953203369 67.6886034224238102 68.4072687659215575 68.0034467402185641 68.5998778312784339 68.3094194884906045 68.7405993345923321 68.610331377491363 68.8991375120350966 68.988010756391219 69.2282253160830834 69.423887417106215 69.7176753867811954 69.8912487398368256 70.0752955372922912 70.3200944506928352
62.382220874890443 62.5787877927712017 62.9923121089840095 63.162551531432058 63.5452296090966371 63.7250150080241227 64.048009153029696 64.2819514899097726 64.5216739072041747 64.6825522614662844 64.8224877240522375 64.9530931092751587 65.0749594152575952 65.198884131575241 65.3062077821420672 65.4248184760450471 65.5178196986026649 65.6310036823671368 65.7942700032993741 66.0246083917976705 66.252263298176743 66.2595173204816916 66.1426848197358765 66.2807325601562667 66.3495845840515273 66.4602815071252024 66.5441630995258322 66.6492659847353224 66.8766190653943653 67.1052089327679511 67.3886816408525675 67.6332410781387807 67.8920564348354389 68.1407476439042057 68.172073792771144 67.3024398475427006 67.4487238264293012 67.4594318059839537 67.7030227694524029 67.9407343996208652 68.319980521090244 68.5553744086490013 68.8734027182387365 69.1059328627838738 69.3975507213271356 69.6328111888507522 69.9075110389643726 70.0970238426642425 70.2653829862661894 70.3437862630297701
63.2183523940688374 63.4115709599880972 63.6383544826861112 63.8497976090182817 64.0638866685569468 64.2446783530779584 64.4277268982447282 64.5886431194531241 64.7469276457913736 64.8837713158629157 65.0171570489251849 65.1434035851004296 65.2614069451842767 65.3797669940613275 65.4837361456428937 65.6920254492244169 65.7060466832641055 66.0551871654362373 65.9180360115634585 66.4064608595072343 66.2990789858488228 66.6026663345206487 66.3462823171960423 66.7301525852860067 66.5991421342611858 66.8417973629783688 66.8662020289382752 66.9358157219921708 67.1738262667847437 67.3025938863410431 67.7330806868515936 67.7539125804785556 68.2155589180023583 68.1902703211673185 68.5513996438903632 67.3622279008560412 68.5944416658823002 67.5941112971138693 68.6891903156013797 68.0726318831315069 68.917374000443445 68.7437806489243712 69.2037706103283625 69.3076633172986476 69.5552748891093842 69.9362168639630255 69.9163804707480665 70.1756437323862912 70.2674053421272475 70.6774283998048674
63.0244410888827389 63.514459081683917 63.7435689199691353 63.9376406028813165 64.1424136775803788 64.3097809921419525 64.4921553170820943 64.6426427207363048 64.7976753904898146 64.9344045661600404 65.0671256530353475 65.191721886117449 65.307409158695009 65.4222178786579889 65.5214146155549741 65.6441555595082065 65.7228375788769625 65.8396489952892949 65.9088313415537215 66.0265882056114322 66.1060074925252934 66.2162651509629683 66.2885243839303087 66.4044125145702537 66.4705421534371652 66.5820916946296677 66.6611454600441107 66.7204987275514299 66.8125731625964505 66.8870643419480899 67.0005246824815544 67.0478824919019161 67.1556975241326199 67.1839067295633043 67.2642951375548819 67.2826565247991368 67.4541964473293945 67.4878369895545234 67.6852882501726327 67.7389300269556003 67.8836741090708813 67.9602843161466836 68.1146194458077474 68.1871283320165702 68.3127304806319557 68.4904812068892141 64.879292389270816 63.8185454122333482 64.4183772885742911 65.5510083475684553
63.3797706449351779 63.4917259972979124 63.7263418112935511 63.8469867290896644 64.1428982230789586 64.2891297793904783 64.4692497483412126 64.6184015462904853 64.773688910397496 64.9106705519199778 65.0449633114005223 65.1714304545519667 65.2891208841496535 65.4066638518373082 65.5087630589770242 65.7177813041927124 65.7236989749713842 66.1005893220822003 65.9049844084829601 66.4288653009224959 66.1256656181796956 66.6181848299830506 66.3665954786291366 66.7515271672647117 66.6084992059268046 66.9734479454943283 67.0315125591325369 66.9463818705748537 67.1601137898444165 67.0050768595394999 67.5761401435533031 67.1122511291159896 68.0450386674539089 67.1870875274021557 68.5533340530562043 67.2869604747786099 68.7696289651785833 68.0457419682093274 68.9243563077058212 68.6932335409543668 68.7024165618793319 68.2543040513664323 68.6395741425521493 68.6665972536325029 68.6343682752392965 69.2409803282527463 68.3279651658282035 69.2484989393867636 68.7195991346948745 70.2193237688213117
63.1290558296891433 63.3434867656161629 63.270734738221833 61.2360435214961569 63.9271688469375903 64.0816734741748348 64.2765104687295405 64.4394951227340158 64.6130805572220339 64.7645036517611032 64.9083139872413426 65.0432959209668269 65.1683123778967115 65.2928417108224863 65.3998911547226527 65.5285404936199569 65.6141379556271431 65.7344888818567767 65.8130091700158601 65.9328517325356529 66.0136999251661081 66.1361408317093691 66.2125447398374547 66.3262635496240591 66.4239568209486464 66.7017399124339505 66.8623088988732377 66.7544750681879577 66.7525817714263781 66.8189809999712878 66.9303298680312508 66.9662092162304674 67.0876975332539445 67.0665651981388464 67.1924435811372689 67.2826481883552958 67.7059974830858664 68.0136640188209469 68.4252324539750845 68.6457822621237881 68.4107119031385906 67.9202717074917501 68.0675709263985169 68.1465820386807763 68.2484607141906139 68.38250097263996 68.41184657529584 68.6490655558482956 68.9166791674379482 69.2900768428615237
63.1688268842703309 63.2566208994591577 63.5153245989697055 63.0658812999647225 63.8301850520903642 63.9564324509398645 64.1335837401864239 64.2730875855373256 64.4087347672307118 64.539976316907385 64.7112339594828541 64.8720157515465559 65.021954036786525 65.1680915391292643 65.2982976719301433 65.5050892777829432 65.5548643318372228 65.8463288053265785 65.7788710267271028 66.1644742847729788 65.9986795674972768 66.4023704357149995 66.2300550779531534 66.5809587762212942 66.4953598702709598 66.8619543033720873 66.9538170764761986 67.0061216604505177 67.2072131099713914 67.2519717944786919 67.5920007611867106 67.5021571568488952 67.9861411478041759 67.1551789310374687 68.2691687269331311 67.6460233094343977 68.6007057807321985 68.1454748716029428 68.8566725447792578 68.6935479746047122 69.040998957283449 68.9771801291478965 69.2468633258221615 69.3342139145663907 69.4573276820249674 69.6964509762479594 69.1149368941862718 69.7956081641651878 69.4864888685146553 70.3372483838393094
62.2642686932566676 62.3595840592816373 62.6843092864180207 62.8268991369837764 63.0634026469067805 63.2556689837668458 63.4499239017355094 63.6154928157966211 63.4287127436767548 63.4450907061198848 63.7404052989376808 63.9627621865266889 64.1568892710907903 64.3879195240568265 64.5564635520942716 64.7771845556272012 64.9824990804494718 65.1783334535344778 65.3701319135851833 65.5520032688514505 65.6626638460976864 65.776822137606672 65.8598856848504255 65.9729137921881374 66.1275121788219025 66.328606717585842 66.5056997196085717 66.6708662477988838 66.8313650342705614 67.011791579978663 67.2169603475482234 67.3953948887830308 67.4904538291816607 67.0723837603718209 67.3454410008077673 67.5027427452070441 67.8034681942470741 67.9275340711452742 68.2035115974146464 68.3089290169322396 68.5792163775294625 68.7087366513645463 68.9541346939672621 69.1443254005309598 69.3374773679863381 69.4757482745488346 68.9368097477469348 69.0786215970445596 69.2343930662765104 69.5719947786462711
