data/IdealizedTopo/Outputs_IdealizedTopo/EllipticCylinder_01IdealizedTopo_null_TITAN2D_pft.asc
ncols 1001
nrows 301
xllcenter  1000.00
yllcenter -5000.00
cellsize 5.00
nodata_value -9999
[rows 126 to 146 of 301, columns 598 to 643 of 1001]
1.29696329727500599E-12 1.1088630480823295E-12 0 0 2.44768383941692515E-13 0 0 5.36413726036415E-14 1.37001287465879698E-14 0 3.69615412229367142E-15 5.47021392947043795E-15 0 0 7.76688468296782262E-17 1.78159662603019028E-16 0 0 3.8786302785970168E-17 4.69691551707730957E-19 0 4.62353582142810089E-18 2.78197374953086351E-18 0 5.57077283779953838E-19 8.79062305553628881E-19 0 0 1.3407937239816196E-19 2.95569571369412056E-20 0 0 4.15218159250393742E-21 2.67377038559808897E-21 0 4.45277463140424906E-23 5.59832032823205737E-22 0 0 2.43698376582101394E-22 0 0 1.97354330248560915E-23 2.17436020174445054E-23 0 0
6.8266903257612635E-12 3.39370035110024409E-13 0 6.6008546265214466E-13 3.69009997453374598E-13 0 8.93452119336331161E-14 2.68552842220281602E-13 0 0 2.72981180205891425E-14 9.88980759545772402E-15 0 0 1.37478111273753314E-15 1.08381972716853778E-15 0 0 2.44691645054197049E-16 0 0 4.69578931785123734E-17 0 0 2.44969233935734051E-18 5.34364318518046797E-18 0 0 1.02233265014494482E-18 1.7953557323751469E-19 0 0 3.73264619983787232E-20 1.05190642289648207E-20 0 1.00513168813387084E-21 3.40836987006061995E-21 0 1.99920020675203732E-23 1.54914937336146371E-21 0 0 1.59641118081360472E-22 9.68924908377336908E-23 0 0
7.42981216842578444E-12 1.42374442102352699E-12 0 0 1.14949967994181984E-12 0 0 2.37487801053598306E-13 3.61332840276628483E-14 0 3.3472131430803557E-14 1.58687228048640366E-14 0 0 2.60706816977274526E-15 1.20752889662727344E-15 0 1.69427916328113701E-17 2.20410032487616767E-16 0 0 3.58866885925963287E-17 0 0 3.99676319517222423E-19 4.2491132157131754E-18 0 0 1.03409764589413813E-18 1.19563074034388514E-20 0 0 3.6372789071789085E-20 0 0 3.13489782985251709E-21 2.64211691472500095E-21 0 5.25695529896407639E-22 1.01044427332450894E-21 0 0 1.19189224772936704E-22 1.69586913488776402E-23 0 3.04348453119349426E-24
6.12586986081165243E-11 2.78358792322915061E-11 0 0 1.30410517340220749E-11 0 0 1.93828361856224855E-12 6.03700241356502796E-13 0 3.24605300656954002E-13 1.89026646986187722E-13 0 0 2.38544907895195883E-14 1.25523270681212377E-14 0 0 1.51989901331470782E-15 0 0 3.10299488997906222E-16 0 0 1.37806894720027478E-18 3.3572301956714355E-17 0 0 8.25987052888575829E-18 0 0 0 3.05176787527850314E-19 0 0 4.54556719570797074E-20 1.24550143380065581E-20 0 6.98159389797599781E-21 4.34612992255787137E-21 0 0 1.30273463607992183E-21 0 0 1.108548722608613E-22
5.09792181836879231E-12 0 0 7.8290869199584355E-13 3.12121754397579698E-13 0 0 7.96008286928357313E-14 0 0 2.489754916747942E-14 0 0 2.25073321944065423E-15 1.72313365740570606E-15 8.47979658334276898E-18 0 1.72851119152864174E-16 0 0 2.53085440868570653E-17 1.40229489486668691E-17 0 0 3.64962608030836575E-18 0 0 1.00311471394302212E-18 1.30062710753715729E-19 0 0 2.82798894859362527E-20 1.25830742472073659E-20 0 4.60365383644496972E-21 5.41168924430303186E-22 0 0 8.78166366805935185E-22 0 0 1.15327125950024756E-22 2.73517302651241574E-23 0 1.24207827565309229E-23 1.75995311315709344E-23
6.5647691940727158E-12 0 4.94499856837433703E-12 0 0 0 4.80126824045838358E-13 0 0 3.25561423504570132E-14 3.6000291626086364E-14 0 0 9.83304914683043189E-15 4.44382297543446983E-15 0 0 4.55154097610319202E-16 0 0 1.04907967121968076E-16 3.58025024949117392E-17 0 5.28440199095111519E-18 6.38447967812803354E-18 0 0 2.77251582524262212E-18 0 0 0 9.64409948812365875E-20 7.76861128752417353E-21 0 1.13198088984959682E-20 0 0 1.24861701163496424E-21 2.03645269661501747E-21 0 0 3.12436158034358197E-22 0 0 7.20027077942027032E-23 2.69666674735333676E-23
0 0 5.09356946695720837E-12 2.49958728085500359E-13 0 4.6038926600317593E-13 9.90586156683536068E-13 0 0 1.80884472381347918E-13 0 0 1.06944608503330615E-14 1.74717838513912629E-14 3.7863112152423195E-15 0 5.7443127208562494E-17 3.93838326521204573E-16 0 4.25711399513812071E-17 1.23229537562286946E-16 0 0 7.63609093672536232E-18 5.31798152599258425E-18 0 1.55580623404590513E-18 2.1891864428112085E-18 0 0 1.55292223812478891E-19 1.30066566103302006E-19 0 0 1.55522071282055369E-20 0 0 2.73043730140318924E-21 1.4624682785816151E-21 0 0 3.39563293453606133E-22 0 0 6.76855866673452477E-23 1.70117747709189441E-23
0 0 1.80521847656389055E-12 2.62646362303870243E-12 0 4.63136648655326703E-13 2.80931783680284724E-13 1.35223270264190396E-14 0 1.21934383098517232E-13 0 0 3.22728377011794887E-15 1.22464209283933559E-14 0 0 0 3.39058212017213732E-16 0 0 7.33200991563364425E-17 0 0 1.03923681646974805E-17 5.13087400683264224E-18 0 5.89713543973965308E-19 1.44334086880157198E-18 0 0 5.84588851881881025E-20 7.47105968158696347E-20 0 0 9.70436595939407605E-21 0 0 1.24369179622454767E-21 2.58518948962492039E-22 0 0 2.32741303897336688E-22 0 0 4.3273817055008626E-23 7.93380134019031766E-24
1.11366533719885788E-11 0 0 2.10648337913113593E-12 2.21520124445471325E-12 0 1.53057869270422033E-12 4.35083035021091505E-15 0 0 1.68132980760683859E-13 0 0 6.83162065860612483E-15 9.75152552932886646E-15 4.47287149739197198E-16 0 6.76557415657738186E-16 7.82043393569153897E-17 0 3.98907221803193926E-17 4.7644599287509138E-17 0 3.86456154068862865E-18 2.00814700577722667E-17 0 0 4.07300565488903101E-18 9.2045711212571142E-19 0 0 6.06210372275726631E-20 6.58218861787730169E-20 0 8.6869786005521232E-21 2.02541830765475461E-20 0 0 5.82834980234510313E-21 0 0 3.68311134085463218E-22 4.29404439627967484E-22 0 0 9.98593293474045219E-23
0 7.14812525254146243E-11 7.70595446617701699E-11 0 0 0 1.52534511544296904E-11 0 0 7.48319265059168845E-13 1.13224701075564193E-12 0 1.3517411818972834E-13 5.71468080208741764E-14 3.16625490585801698E-14 0 1.03735015687171879E-15 1.09085525085143143E-14 0 0 1.48758557841351176E-15 0 0 4.50500298213932204E-16 1.61367500663170641E-16 0 0 5.25371309223036898E-17 0 0 0 1.36815178340150185E-18 4.64277752068705281E-21 0 2.58188958810517881E-19 6.52544731983321493E-20 0 2.30342415783055624E-20 3.46101502263079493E-20 0 0 6.94943401336952502E-21 1.19324393723387435E-21 0 9.64788789019737329E-22 5.70374062333384703E-22
0 3.84509300026889711E-10 0 2.98832334536028367E-09 0 3.10847721276433357E-10 4.22932152819688898E-10 0 2.73047730765217106E-11 8.73622890647612295E-11 0 0 1.21033358499900323E-11 4.12782640244844829E-12 2.15894946995062287E-14 0 7.78564690008257233E-14 4.23026435214391349E-13 0 0 6.87225369281461063E-14 0 0 1.88803953957444825E-14 3.2381815007380147E-15 0 1.98721585683349293E-16 2.18808204953230397E-15 0 0 4.0008500429637174E-18 9.7236457962047086E-17 0 0 8.46838681671217974E-18 1.98358869002000963E-18 0 8.90691244533096708E-19 9.33699014617056198E-19 0 0 2.40679975077160438E-19 0 0 2.15421108354561275E-20 1.12398765876276225E-20
0 0 8.26617058819869608E-11 1.12851972415265028E-10 1.20535559289492996E-09 0 0 0 1.34812156692806623E-10 0 0 5.23640332710992134E-12 2.63936299438979279E-12 0 0 4.72983417921044488E-13 1.73799369323538724E-13 0 2.24582106629501158E-14 3.36058807330807826E-14 0 0 1.41216435652959591E-14 0 0 1.98214041062728111E-15 1.30253036267777673E-15 0 0 1.58727833690497172E-16 1.04728932170581224E-16 0 0 1.10164695422831912E-17 9.32158923671167658E-20 0 1.05311139198483804E-18 4.8625431496636055E-19 0 1.34612573357396475E-19 2.60324204076808376E-19 0 0 5.51033813565104889E-20 1.33973584853217756E-20 0
0.000132291494325795071 0 0 0 1.1259040927896469E-10 4.1839283857230702E-10 7.78851958468470777E-11 0 2.70570813501253938E-11 4.76214278677350057E-11 0 0 2.28417370092822879E-12 2.45676668670708715E-12 2.87904829882698192E-14 0 0 1.60493213054860898E-13 0 0 2.24845333731752238E-14 0 0 6.37887831529563858E-15 1.42663583679214506E-15 0 0 8.61482093909015392E-16 1.72897055515362037E-17 0 0 3.83008880139097615E-17 1.16666581409985625E-17 0 1.50490765838249744E-18 2.0685503139286167E-18 0 0 5.78871496784660734E-19 0 0 1.4647177671373496E-19 5.71887947748077509E-20 0 0 9.59972913665534875E-21
0.00187168533372940359 0 0 2.46178136681937707E-10 2.58749314473350802E-09 5.97038682532304E-10 2.7652343658467187E-10 0 6.20533179959964435E-11 0 5.14598337828957437E-11 1.33079626253958234E-11 0 0 1.9634050294125796E-12 1.29547838922476278E-12 0 0 1.6070986068544291E-13 2.53496419517079315E-14 0 5.91483293289014435E-15 2.12588596020331905E-14 0 0 6.04718650049176267E-15 9.5110315047335346E-16 0 0 2.90683197020225879E-16 7.28829659606925564E-17 0 0 2.23703454374873004E-17 0 0 2.73033035180471915E-18 1.00766796223998588E-18 0 2.41342237363820138E-20 5.647489309944298E-19 0 0 8.21568562323719066E-20 3.33897848221370119E-20 0
0.00307144706716698176 0.000637136183294671602 0 0 7.94353863971588268E-10 0 1.13595139655583461E-09 0 5.72674561063216077E-10 3.72790544077264114E-10 0 0 6.51302230903119202E-11 3.94072283493691138E-11 0 0 3.06176605574792655E-12 1.89853286468879505E-12 0 0 4.72936677332762117E-13 0 0 1.37016935068060277E-13 2.06939250316719117E-15 0 6.61232118899421804E-16 9.45771426958690946E-15 0 0 4.34544031205062263E-16 6.96158691748969999E-16 0 0 8.56766013796397268E-17 3.84960334638170185E-17 0 0 1.10867585074655882E-17 0 0 2.6969057089560264E-18 6.31176215579301345E-19 0 0 1.87688578090464813E-19
0.0073661771797539537 0.00215037477681997297 2.86764826666031588E-05 0 9.99014803327692314E-10 0 0 2.66897843942082778E-10 0 0 9.34785563364253056E-11 7.35423202023005707E-11 0 0 4.58507170139025286E-12 5.53614583872528513E-12 4.46358856779203816E-14 0 4.35356168100692789E-13 6.56098483851684301E-14 0 3.15823038980677654E-14 6.24086937063792098E-14 0 0 2.0836440359650487E-14 1.04614692919784325E-15 0 0 1.03215497146409913E-15 6.67103444728564109E-17 0 0 6.39480812226047926E-17 0 0 8.39097858608409034E-18 1.14925406179205657E-18 0 9.36592424536013017E-19 1.49190967166877374E-18 0 0 2.97399636774368286E-19 6.49237776666340347E-20 0
0.0143089866252642077 0.00301222633207505475 0.000590421240834753552 0 0 2.13023004878049549E-09 0 0 1.68640321547072749E-12 2.10833432763382344E-10 0 0 9.37152268577430694E-12 1.2239207579619471E-11 0 0 4.15093778452261874E-13 3.93541522252213269E-13 0 3.01622035825234511E-14 5.78870697022926071E-14 0 0 2.68703899439771834E-14 0 0 1.28011484256768636E-15 2.73155701185673629E-15 0 0 0 1.2210784707664963E-16 0 0 1.0416948201204593E-17 2.1890232445105545E-18 0 7.45263843148679964E-19 1.30024353600709126E-18 0 0 4.65352551703468896E-19 2.03452381639049753E-20 0 2.54214984197651949E-20 2.08353584291926958E-20
0.0235917492791108754 0.00538894221155074814 0.0016911160561049448 0 0 4.74954089255013554E-10 0 0 0 4.44089790201513963E-11 6.33390415516821836E-11 0 6.55056685330104379E-12 0 1.49104194243977558E-12 0 0 5.10387132276081572E-13 0 0 7.91057193220966763E-14 0 0 1.38054883785740469E-14 1.02344472771985358E-14 0 0 2.50302933719437565E-15 2.54043781690110914E-16 0 0 7.6551935294259764E-17 1.86348472397759876E-17 0 3.4324859684965585E-18 4.27488238321714286E-18 0 0 1.64250666928526779E-18 0 0 3.48673136491939859E-19 1.21839281788134086E-19 0 0 1.57535425845843627E-20
0.0347029669414207695 0.00875392358669831172 0.00212005558956694824 0.000143634156163283979 0 1.01762903224316322E-09 0 0 0 6.33335842458070365E-11 1.00030929234350351E-10 0 2.29531605001757446E-13 3.35625973435145688E-12 2.90417323247621991E-12 0 0 7.79788010234132195E-13 0 0 9.12503795549492995E-14 3.39685257311129295E-15 0 2.36049988871314108E-14 1.49808539995535841E-14 0 0 3.36179129345183632E-15 0 0 0 7.47674102372191793E-17 2.26760043336868314E-17 0 1.04611826423498359E-17 7.01103655401423274E-18 0 4.08365499488087021E-22 2.89588081136247679E-18 0 0 3.69629420122931408E-19 1.52205176571372032E-19 0 1.36475993569101008E-20 3.03565396018218637E-20
0.0463706300707604352 0.0126068196685050898 0.00277230869230268417 0.000526205351775986888 0 1.84304755385567144E-10 0 4.53179506958820505E-10 6.00567034943688078E-10 3.99942711307640579E-11 0 9.0740581986487334E-11 3.04482215739757765E-11 0 0 9.76349124028011359E-13 1.21946503736476225E-12 0 1.9723864010849091E-13 3.93260455000384745E-13 0 0 1.18403410845627346E-13 0 0 7.7171206748999276E-15 8.68610982398114777E-15 0 0 2.05753864678608694E-15 5.00784727102646977E-16 0 0 8.26969745626565694E-17 0 0 1.38345602792043981E-17 0 0 4.17585301001444753E-18 1.8023238305726786E-18 0 0 6.2111457344295669E-19 0 0
0.0558035208769149318 0.016188447948512992 0.0034243822052175501 0.000797144265222995648 0 1.57643296161497756E-09 5.02789682182966755E-10 1.63203287014983453E-10 8.26210246001292763E-10 0 1.95404682775810958E-10 1.89745713802000399E-10 0 0 0 6.3927096794215061E-12 8.9102665571148258E-13 0 1.13479497609749833E-12 5.67117026585515615E-13 0 7.05857592796171551E-14 2.05347969600296173E-13 0 0 2.01508630791667961E-14 2.66409190656037389E-15 0 2.56666629519544328E-15 2.86132240598165622E-15 5.09382958021630296E-17 0 1.70968327536477102E-17 1.02599420225486324E-16 0 0 2.63736242789710667E-17 0 0 7.76212109866739734E-18 1.86612372660351067E-18 0 3.5898994176437278E-19 5.63620376519770868E-19 0 0
