data/IdealizedTopo/Outputs_IdealizedTopo/EllipticCylinder_01IdealizedTopo_null_TITAN2D_pft.asc
ncols 1001
nrows 301
xllcenter  1000.00
yllcenter -5000.00
cellsize 5.00
nodata_value -9999
[rows 168 to 188 of 301, columns 782 to 827 of 1001]
1.09025799154928349E-60 1.00770510441395127E-61 0 7.16952152977207646E-63 9.74965973924572208E-62 0 0 2.0284131040573093E-62 6.61437530967296688E-63 0 0 9.14261919956231683E-64 0 0 1.41296752172551052E-64 3.3848742248958035E-65 0 3.81432138129900903E-65 1.98825421045101197E-65 0 0 4.70136234763943525E-66 0 0 6.06797713794704678E-67 2.8100851859624753E-67 7.42692187871456575E-69 0 2.61873147410087142E-68 0 0 1.28707037320133904E-69 1.60089141206994798E-69 0 0 5.98606551988776376E-70 0 0 1.67900696406287603E-70 2.604671137008171E-71 0 0 3.74260115418496159E-72 2.16104560235283855E-72 0 7.78583827663672516E-73
6.79712179733093577E-58 0 0 8.27092194412374249E-59 3.90863678777977745E-59 0 6.14444509637576269E-60 1.28422943478115602E-59 2.0770586033524086E-60 0 0 4.69895121961444166E-61 0 0 8.52008495001701761E-62 0 0 2.75987309951018429E-62 6.13401844593676931E-63 0 0 2.91805017757518226E-63 0 0 0 1.11505821008548448E-64 2.16332368786676363E-65 0 1.03916696791704295E-65 3.63117162937610043E-66 0 2.32651338740972893E-67 1.05167192839080557E-66 0 0 3.54679430966431522E-67 3.40863309383270426E-68 0 5.13563132725177931E-68 2.44052935631917659E-68 0 0 1.73494154375402088E-70 1.28899587259747306E-69 0 8.4533639477431623E-72
1.36249057100233882E-58 0 2.97699165328487602E-59 4.40123851012063913E-59 0 0 8.00374957231993528E-60 1.94965425326501107E-60 0 0 4.86081006484817671E-62 1.41793121638699772E-61 0 0 2.6147804227885923E-62 0 0 9.26497288478735589E-63 0 0 5.38640098627514545E-64 8.49398134936579929E-64 0 0 1.85069551043951817E-65 2.40877961072919711E-65 0 0 5.29041797335147935E-66 2.17496191774676441E-67 0 4.99216517456528031E-67 2.2310575866825794E-67 0 9.44666379236791473E-68 9.6326173339720691E-68 0 0 2.25523160156032018E-68 2.19789775762280214E-69 0 0 4.90717199974183564E-70 1.16267671591066839E-70 0 3.25624282876060749E-71
2.77519546173873656E-59 1.33989693239425858E-59 0 0 5.80677197301049601E-60 0 0 0 2.76532125341474443E-61 0 0 7.26987066749943256E-63 2.16780969689998727E-62 0 0 3.72702810262916252E-63 0 0 8.81389788772659918E-64 3.32305914097606522E-64 0 0 9.76089023711910755E-65 0 0 0 4.06855325172334363E-66 3.89352555854763755E-67 0 2.89136122185138808E-67 1.37119856350997472E-67 0 1.51701320892214854E-68 7.16687428137005538E-68 0 0 1.21410185875378228E-68 3.42807428943561885E-69 0 4.48979916700726261E-72 5.83751624019149264E-70 1.31708993749080628E-70 0 0 5.08974941660362291E-71 0
7.0842628487013044E-61 0 0 2.68947593881157255E-61 1.05506198399531598E-62 0 1.12919881575847408E-62 1.35326767126840863E-62 1.47709603470306676E-63 0 0 8.03537137160886904E-64 0 0 1.11065552472569431E-64 3.49456212659355358E-66 0 1.42326757350187412E-65 1.68212192609531618E-65 0 0 3.98250867612907431E-66 5.42533194767522151E-67 0 0 1.53897378113881846E-67 6.73199298519179906E-68 0 0 9.86490003337009284E-69 0 0 1.82095863087611262E-69 0 0 4.39930921740291501E-70 2.04031232565618724E-70 0 0 2.63823149494085568E-71 1.44915225522478214E-71 0 0 9.57703746451004448E-73 4.14795686525266964E-73 0
2.41875592297553978E-61 1.18924530800292469E-61 0 1.72768749959523034E-62 6.65569604724100311E-62 0 0 2.47733690146460929E-63 3.25835269778169936E-63 1.98871320441147788E-64 0 0 2.06152698832662636E-64 0 0 2.93280229133111662E-65 0 0 7.91906079291288462E-66 2.6000390835546078E-66 0 0 1.11983151082552671E-66 4.00222332813372308E-68 0 0 3.13200372759551354E-68 1.47493647253535738E-68 0 7.97290583274299086E-70 2.57537078154602784E-69 0 0 8.11024031422756755E-70 0 0 1.20389601004754818E-70 8.13856656357466341E-71 0 0 5.4017308893813617E-72 3.71368326709346576E-72 0 0 3.47067643685653111E-73 1.22609653528994424E-73
0 1.76006054537055228E-61 0 0 2.8704342389059685E-62 1.71194640914367424E-62 0 0 1.23443717564392318E-63 5.76429279748917418E-64 0 0 6.99076919555803556E-65 7.17987130837650763E-66 0 1.04065967642291035E-65 6.75574973202168339E-66 0 0 3.42618711012930751E-66 0 0 0 2.0820469417950131E-67 1.82947339543005534E-68 0 0 1.49601570714708483E-68 1.30751796647596609E-69 0 1.41683062952848948E-69 5.35558285218651945E-70 0 0 2.73439241881817007E-70 0 0 5.5413632821541983E-71 2.24448962944207122E-71 0 0 2.32550947015729632E-72 1.52095113675058064E-72 0 0 2.16302882202556964E-73
0 0 1.45284364961579022E-62 5.53033460067742545E-63 0 0 1.07059665085637671E-63 1.05477493295663786E-64 0 0 6.7360872965496418E-65 1.91150184825176769E-65 0 3.69530928343323874E-66 6.3421211134118725E-66 0 0 1.42248042332079617E-66 0 0 2.66264389682148727E-67 2.07288233999579516E-67 0 0 7.14765851721890736E-69 7.79701348901888907E-69 0 0 5.86682130886099703E-70 3.27707348571512154E-70 0 1.33280183569183486E-72 8.3402745437813336E-71 0 0 2.7348599985629091E-71 1.96406659693761975E-72 0 0 1.93287708527078637E-72 5.1766159929681045E-73 0 0 1.14353806375920479E-73 1.74600215929444035E-74 0
0 1.06348249687780864E-61 0 0 1.89210766709761629E-62 8.2595139265821364E-63 0 0 8.43113922077950413E-64 3.23007665060090913E-64 0 0 5.277917612337489E-65 6.11795296337049623E-66 0 4.10376795778341364E-66 4.37954716861938371E-66 0 0 1.85215899165467282E-66 0 0 1.11118592153231156E-67 9.23765664421027747E-68 0 0 0 7.14166805957346843E-69 0 0 8.59481014491591833E-70 1.41735909100511599E-71 0 6.5204677818618284E-71 1.20416749432646161E-70 0 0 3.38370042433973579E-71 5.48324956595058545E-72 0 0 1.42602752449648707E-72 7.13300121873090655E-73 0 0 9.15436663497191359E-74
0 2.11714052224653127E-63 8.13568613009059994E-64 0 0 3.76486576213115939E-64 0 0 0 1.82322976255693797E-65 4.10654014320306423E-66 0 6.90252050109996358E-67 8.47211982857706538E-67 0 0 2.22900218967113165E-67 0 0 6.89452017031571635E-68 1.45924585623713492E-68 0 0 3.56921613582687623E-69 9.78661111574035276E-70 0 0 2.19239122064048052E-70 9.0746100087802333E-72 0 2.59260913021628455E-71 8.55662916812785853E-72 0 1.30696170276988235E-72 6.14293414192608657E-72 0 0 1.02346191457240054E-72 4.11211883570022582E-73 0 0 3.3284872404545386E-74 3.16353109895824582E-74 0 0 3.74196389797437389E-75
0 0 5.87933139337372355E-65 8.93595984246398477E-66 0 5.38796560201742369E-66 5.67184210430166465E-66 0 0 5.39457772693302497E-68 2.99992408229736344E-67 0 0 3.27746171281399157E-68 5.46783894643133957E-69 0 5.07337083717097001E-69 3.91561152730093989E-69 0 0 1.26442678182505077E-69 0 0 0 6.12172889919251645E-71 1.63561225229709043E-72 0 0 4.12118418895847854E-72 0 0 5.75660886659301111E-73 0 0 1.63244788237517397E-73 4.29653512749100705E-74 0 0 1.99634864289116019E-74 0 0 0 7.90742945049068926E-76 7.88153476903783953E-77 0 5.3103207639961166E-77
0 4.12951287081708321E-66 3.05597491389492494E-66 0 0 7.51992538295808156E-67 1.01830913788778574E-67 0 0 2.76390153850254121E-68 1.57047396415068388E-68 0 0 3.70303841821978718E-69 0 0 8.41742273569681631E-70 1.5402870060723464E-73 0 1.61529525877163073E-71 1.07020460962973233E-70 0 0 1.81994676859642674E-71 7.1842984649078119E-72 0 0 8.0942673448799967E-73 3.30477369151714743E-73 0 0 8.26091347395302644E-74 0 0 3.39047367364701944E-74 0 0 1.91742060761767959E-75 2.57746588451757149E-75 0 0 1.73446286580743484E-76 9.40467457156897819E-77 0 0 2.7167402319054057E-77
6.54482361584113791E-109 0 0 1.37404740080032055E-109 2.21332396739431128E-110 0 1.89185425260337859E-110 1.04145725465262333E-110 2.26860553940302523E-112 0 1.01307757069720657E-112 3.80102928056497519E-112 0 0 1.07519593116002891E-112 0 0 3.85617811290983425E-113 0 0 0 3.58978518705611914E-114 0 0 1.36400157076274711E-116 1.21613015227647155E-115 7.56005586410492047E-118 0 1.98563534353764172E-116 4.74458349216943317E-117 0 1.49313511883066874E-117 1.60117363680415349E-117 0 8.0370248774010209E-119 4.40001664448051764E-118 9.24814058840225733E-120 0 9.26811807298989925E-119 2.23684891278254686E-119 0 0 1.42722501149655374E-120 1.01164341491657042E-120 0 2.61470030151897434E-121
7.35105922264414581E-111 0 0 1.61510360594718793E-111 0 0 2.40723101268961934E-112 1.88514560885957296E-112 0 0 3.20463443829252189E-114 7.69648483620349271E-114 0 0 2.01713771623578102E-114 0 0 5.62522792044028591E-115 4.30309264474646614E-116 0 1.16090423805657549E-116 4.06727994132141834E-116 0 0 4.73084821254186517E-117 1.83732715404583578E-117 0 0 2.67129499413366346E-118 0 0 4.24092403706986811E-119 0 0 4.58866332684029298E-120 6.50180156594045016E-120 0 0 1.52588273846008829E-120 0 0 0 5.09818621861590246E-122 4.37655128047265557E-123 0 8.40268622493855656E-123
0 2.53724075870009519E-128 3.06852750528396438E-129 0 4.2511282260131017E-129 1.18760193348786436E-129 0 0 3.6960226776260673E-130 1.53684773296768286E-130 0 0 1.56114708652699716E-131 0 0 4.15526674069693913E-132 0 0 1.24677690044165765E-133 2.67366886351079407E-133 0 1.73520937445813298E-134 8.96947768252983451E-134 0 0 0 2.93352717159850929E-135 0 0 3.68428343178530171E-136 0 0 3.70861821577237244E-137 4.70620738676818104E-137 0 0 1.07083436071051905E-137 0 0 1.36611435502497289E-138 9.20797114566365989E-139 0 0 2.64931214983435892E-140 2.77123779969787879E-140 0
0 4.19464713974492018E-127 4.64267577692919006E-128 0 6.15518244771794005E-128 5.48829132559758491E-128 0 0 1.65655672890792416E-128 6.18874417407665999E-129 0 0 6.60123180682024647E-130 0 0 1.51549607674897495E-130 7.2331549691408325E-131 0 3.31574934686481102E-132 1.15124988985296395E-131 0 0 4.33168710442265846E-132 0 0 0 1.32586068045239208E-133 2.82179095648160066E-134 0 1.95403666976239146E-134 8.00854121197260798E-136 0 1.12289578052529314E-135 3.4780046925786527E-135 0 0 5.36076141940793891E-136 3.28282918018696426E-137 0 2.71901342264526685E-137 6.58112922565812894E-137 1.95520725721942989E-137 0 0 2.04514020128898557E-138 0
1.54953599278651787E-126 0 0 2.2589266203924224E-127 0 0 6.85810383476093245E-128 1.10445477525649145E-128 0 0 1.85851651306621452E-129 8.28139747152527955E-130 0 3.60747621602224194E-130 6.10799637910485154E-131 0 0 5.66097567996361988E-131 7.62783367656544641E-133 0 7.612631828884423E-132 3.51135002534715507E-132 0 0 1.47547351788946613E-132 5.35943658273532294E-133 0 0 5.51719468889509392E-134 0 0 1.29630043024950994E-134 0 0 3.26845128448780141E-136 9.21462321721481934E-136 0 0 3.39934307987961199E-136 0 0 0 1.11132747993951252E-137 1.59707195978198716E-138 0 1.40378068908653386E-138
4.74124461954236716E-133 7.71212061769016642E-132 5.31077096277292987E-133 0 1.33370817877965579E-132 2.34973936291090013E-133 0 0 1.04101959889119631E-133 3.86247997506711865E-134 0 6.3928031581904675E-136 3.84425218593479048E-135 0 0 1.16391152693186675E-135 0 0 7.83930408977536232E-137 8.64993073467336544E-137 0 6.6821256623852813E-138 2.44064374029609376E-137 0 0 0 7.85399842856117363E-139 0 0 9.86863929714431802E-140 0 0 9.94140445878332909E-141 7.54595529694000055E-141 0 0 3.00758266097956112E-141 0 0 4.0730341147618475E-142 2.16419594496535532E-142 0 0 9.37546598361391624E-144 5.97119994477989809E-144 0
4.3284799868146612E-127 0 0 7.56333004933264547E-129 3.81978612889527123E-128 0 0 8.82947029824424519E-129 2.68800990316262332E-129 0 0 3.90760505595375216E-130 0 0 5.502994110896757E-131 1.33202025446914766E-131 0 1.28688343863458654E-131 6.35118899516802331E-132 0 0 1.94385238558264315E-132 0 0 8.03606463478022842E-134 1.13936395057764034E-133 1.0557818475731589E-134 0 8.28134705252253513E-135 2.02785972345199804E-135 0 1.38564414511304876E-136 7.38183720922877524E-136 0 0 2.34839419056628662E-136 2.46905987793689739E-137 0 4.30320356530300544E-137 1.60400495445783559E-137 0 0 3.97120902673795976E-139 9.04495240236316441E-139 0 1.61257321121249638E-139
4.16881688005642701E-126 5.88096604562803991E-126 0 0 1.04654647099434789E-126 2.30607805642679272E-127 0 1.17797117569989017E-127 6.93046824823249018E-128 1.56404230894906727E-128 0 4.1342056539590734E-129 4.54594806882348859E-129 0 0 8.02819620053942281E-130 0 0 3.42801257944477372E-130 3.29895520270183782E-131 0 0 2.62015829923648289E-131 0 0 5.77446778505178755E-133 1.33050252303805457E-132 0 0 2.52640096460763786E-133 2.99297474247354911E-134 0 4.31707978009466343E-134 1.72633638077088137E-134 0 0 6.93671913188950614E-135 0 0 1.00407907266458048E-135 3.38960629105534231E-136 0 0 3.48579386031947529E-137 9.4862228035226594E-138 0
0 0 3.25087235091360908E-126 7.46018677429782999E-127 0 5.66357297241729675E-128 2.8373862059122975E-127 0 0 7.45402420982555506E-129 1.39333119863606868E-128 0 0 2.79251104845971121E-129 2.67399382470893235E-130 0 5.01958209288487731E-130 2.87728890061183469E-130 0 0 1.05062921757440953E-130 2.25512671046710164E-132 0 1.09915971444799662E-131 6.29736681149865256E-132 0 0 4.20529081215403129E-133 4.21924958782473301E-133 0 0 7.88405123446811686E-134 0 0 2.90342602509904837E-134 6.75537874840040508E-136 0 1.22848522284759613E-136 2.63264007030908334E-135 0 0 7.26375552420579013E-137 8.23627736258276371E-137 0 0 2.10511909469012484E-137
