data/IdealizedTopo/Outputs_IdealizedTopo/EllipticCylinder_01IdealizedTopo_null_TITAN2D_pfv.asc
ncols 1001
nrows 301
xllcenter  1000.00
yllcenter -5000.00
cellsize 5.00
nodata_value -9999
[rows 132 to 153 of 301, columns 450 to 499 of 1001]
-9999 -9999 -9999 -9999 -9999 -9999 -9999 -9999 -9999 -9999 -9999 -9999 -9999 -9999 -9999 -9999 -9999 -9999 -9999 -9999 -9999 -9999 -9999 -9999 -9999 -9999 -9999 -9999 -9999 -9999 -9999 -9999 -9999 -9999 -9999 31.5325878297547355 31.978701441382853 32.7560127148371691 32.7544221123262318 32.7448244711596743 32.5781921664646958 32.2182456712301502 31.8662692876347435 31.6742322755723649 31.6800760067397249 35.0131333126157926 36.1209658226552079 36.1441539796537086 36.3129198563197022 36.4056892451544769
-9999 -9999 -9999 -9999 -9999 -9999 -9999 -9999 -9999 -9999 -9999 -9999 -9999 -9999 -9999 -9999 -9999 -9999 -9999 -9999 -9999 37.6533174405902429 37.6290878214064222 36.9441336583320634 36.4204271806454187 35.8351418634331509 35.9451738015330804 35.0989636451456803 34.6041327382789561 35.7357515952084057 36.0771462237091569 36.079212108096435 35.9365481922338077 35.6634786805494741 35.3380816873687706 35.0511229768560497 34.9211225936143634 35.1129861671634842 35.2602063510254595 35.4346816834309664 35.6144185593629459 35.7782542892656465 35.9259997181825241 36.0766847860502935 36.176931416161203 36.5710637031979218 36.765338435459249 36.7075691178388581 36.5979746161832153 36.5675088992415027
-9999 -9999 -9999 -9999 -9999 -9999 -9999 -9999 -9999 -9999 -9999 -9999 -9999 -9999 -9999 -9999 -9999 -9999 -9999 39.8444302045085692 38.3213734245638946 38.7308889678238089 39.711398979304569 39.7285708004685461 39.561096097696101 39.2387634843511677 39.0225376423496115 38.6730514020498006 38.3658879272415163 38.3103097592192796 38.3275903818868784 38.4167845240956893 38.5279269989663646 38.6350376385327081 38.7698695787799892 38.8779324609878429 38.9871060583541222 39.0369996994040491 39.0628718120929008 39.0842918725158626 39.0930602554611326 39.1266029591520663 39.1160298646478708 39.0957527879562434 39.0157816756872577 38.8725065974185355 38.7611537112079034 38.6331650496246937 38.5409932539147917 38.6293417083030306
-9999 47.0310373284547083 46.7070018993374347 46.6353913100593687 45.7383814144579475 45.5497910677692204 45.0880707559206826 45.2385156360716394 44.5656531585796358 44.1030589290426462 43.4597866309342322 43.1574339835943022 43.2156198725976353 42.9031411788855905 44.3216739889109661 44.5475214582662744 44.154252234963792 43.7410449140733846 43.1969318868671195 42.7995449970537365 42.5002730006278924 42.3300900229027093 42.2024609905883281 42.134141063550544 42.1045395614414417 42.122657478305328 42.1830979250843185 42.2504465795888748 42.3210313243362464 42.3575149739090548 42.154862018245268 42.1191814213861591 42.1199335843714451 42.0945781863505175 42.0536646417479005 42.012222934381434 41.9887762340136916 41.9617221101851499 41.9466748605616289 42.0599341132996258 42.2526063816856521 42.5444403616822058 42.7056949748501538 42.779293999921471 42.8985486651148165 42.9810763236450271 43.014138018389005 43.0306563449290778 43.2892043846706969 43.5863694068344145
48.6126967910773899 48.8327442336094464 48.7511780766386948 48.4979555101797644 48.0036773901120384 48.5235523218419615 50.3539167830278913 50.1751752862006057 49.793281808055653 49.4605358522412573 49.0679140660925697 48.5883219434442921 48.1454123807205718 47.7565908086528097 47.3561921669867871 46.1807037938830476 45.7381823327425892 45.4389066298063611 45.3725019281511166 45.3881803753349828 45.4517365487263945 45.5168303462241042 45.5229331389749703 45.4805284877280016 45.4832143146546031 45.6246036084285507 45.8047089272746604 45.9930101952871695 46.2112793049533508 46.3143406584008446 45.2107161459098918 45.29477068420492 45.6103946009856003 45.8766809021683812 46.0740866780578173 46.2508684639448049 46.5230080447750893 46.8208491298774589 47.031028412161227 47.1980467851013969 47.3250578611314623 47.4160009720725597 47.4583986745789517 47.4581506060443417 47.4464922557577182 47.412111394992948 47.3342089559348125 47.2458750573644437 47.2783813102992383 47.0184057274479414
54.8639921689765302 54.2441946315139205 53.6494919134085606 53.1696304165769149 52.8426383200476337 52.5435140499106765 52.2584060961950883 51.9650018977986079 51.8721765717754053 51.8007789727145465 51.6987406652332595 51.6686714097410871 51.6901532570053064 51.7013486472051582 51.5569821716007723 48.062522326608601 47.4672952342420089 47.3221164940073251 47.6160631084744423 48.0016086810540088 48.3791466388982627 48.6815732433976649 48.9134650304850993 49.0847549545377433 49.2656512509771716 49.61775461296196 50.1128167387363632 50.5465635637933914 50.8944581879667481 51.1792599351947999 51.3718946578309357 51.521118463979235 51.585846791623112 51.6195964978863557 51.5880604693499336 51.5500110873451121 51.4816676352904281 51.3673345560202037 51.2615992022158977 51.1674710468738851 51.1021124382854666 51.0366588601303661 50.9236307224650417 50.8046778006228337 50.6686647739999785 50.5124088482264497 50.3377406330868098 50.1589536517965868 50.464980507818666 48.5165217279605727
55.7941865592532338 55.4955457328617214 55.2260633613205343 55.0330746032215856 54.938824191831003 54.8579614219667135 54.7036914030183894 54.5710608769739309 54.5151295614930476 54.4319041992632933 54.2936314064146188 54.3607954302313416 54.5761602665075216 54.81088087214696 55.0646712343500795 55.2331706097240698 55.2988358409755492 55.2508083619977626 55.1923221879961829 55.1681738455183037 55.171282472647512 55.1731202915029115 55.1587188337610357 55.1012650784560165 55.0110733696878 55.2028357744913691 55.3203120485577671 55.5946728559564036 55.5016226356705715 55.6366761228315951 55.4035704588128439 55.5428878727190991 55.2163580924046045 55.3190849373780935 54.9674895946836841 54.9879069990955927 54.6344409631315102 54.5633933264615294 54.239847694861389 54.1000942171220984 53.8229698544964634 53.3191068311740821 53.0929060007355176 52.7745948630239212 52.6785239937864631 52.3051351632931727 52.2674372101106428 51.8036977365505749 51.7577761245400723 50.7181950214408275
62.0959764257221423 62.3282105426861364 62.5471669328029733 62.7606173124018056 62.8757892773904743 62.9400254880843164 62.9411764809788536 62.8460367379253526 62.718697776750794 62.533703272015245 62.2428138698719522 61.9367433853795006 61.6310072990559519 61.3498300045117446 61.1637225792749817 60.8937747100708862 60.6172420422856462 60.2707254553201537 59.9510497120256218 59.6422495662827927 59.463661624240018 59.2790996123177436 59.118556790263348 58.956213323271129 58.7382720949708457 58.8425776495405515 58.5282540695478559 58.5740622711598036 58.0190857001728659 58.1826637036247263 57.4445304087121187 57.7555360476126083 56.892719171875676 57.2503148794074761 56.4647353233345513 56.7093341775378263 56.008400134827788 56.0874477287018109 55.5275813532645799 55.4329658194238988 55.0331290115178646 54.2861298453399854 54.0476111725145074 53.5189912405897203 53.5337623229471617 52.7769756881808974 52.9834539285753152 52.0351416515334151 52.2746296013941389 50.9736088177656868
69.4771825396098848 69.4752384024042158 69.5352377107204802 69.2014671426058783 68.5534629432493574 68.4874859878856768 67.9109212121622932 67.6504564070668692 67.1924830062789198 66.6588821143317176 66.3290055229281705 65.5691540736684857 65.4211547340786694 64.4299009682356001 64.4551727288699965 63.4619227986123136 63.5106354740710657 62.5350372913331753 62.5359253278192 61.7480659493155031 61.8160742072728553 61.3056563809644857 61.2841329299478446 60.8924195983789218 60.7173194976713404 60.4571723469925359 60.0949592026089334 59.9428236947911088 59.6542440122523132 59.4951185843121735 58.8285956383305191 58.863789172350657 58.2599461837984549 58.2435627332143397 57.671558048152292 57.6114358301090093 57.0855700199208016 56.950948739300685 56.4692677644844068 56.3133173089125734 55.9318928534754463 55.5278769777956498 55.1913703130356055 54.7338053034655871 54.4734217815687103 53.5012884447323245 53.5575118156696917 52.6002135658608836 52.7401597248362535 51.7060027330179253
73.0507768422936579 72.8060242571171585 72.4144530649930545 71.7658302324657171 70.7255799361556683 70.5431670079222641 69.7093951384956796 69.2992475704681823 68.7171365128898088 68.0485557114600397 67.7062462387931845 66.7427958831046482 66.6530231294426301 65.4260089522765185 65.5264115450298164 64.2038335823619946 64.3354027877975341 63.0841162476364801 63.1278684711342066 62.0922627164621161 62.2030867539457901 61.4927236733657807 61.4724834515384799 60.9225052482928504 60.6705248690804879 60.3062051866252418 59.8731079736147933 59.9759758363927347 59.9254880575892273 59.9004499479851162 58.826029288526442 58.9001232939250556 58.2653988247045902 58.4060235691037732 57.7902629417596003 57.8754198153461772 57.3475979122417172 57.3414118953528273 56.898879046216507 56.9519033373223422 56.692727564337936 56.3258099153537799 56.0074716911342065 55.5542037228681878 55.3164579379236159 53.5471263398450787 53.3800443044681785 52.3648195364225515 52.8740147657651036 51.8179759833682567
74.2359453430769776 74.0461455720841144 72.8241077381673989 72.8159525431756265 72.1166485319354962 71.6667021373159514 71.0029055259425519 70.5316995583773974 69.9816968321633794 68.99769984519871 68.643623842857977 68.0467166984372795 67.6688112097421026 66.4644049614090875 66.413400427877761 65.4764065867151857 65.203954169585387 64.1746789892511345 63.988546420393817 63.1053829750438595 62.9661648710004727 62.206357372340463 62.2187522149814498 61.6215465882196582 61.6455264722876848 61.2503802893726714 60.5742499385413993 60.6636224403373063 60.5540519353619189 60.5258076280003152 59.6858937637747076 59.584447964741706 59.0077184031806468 59.0303071516004252 58.4585642515044555 58.4805450525965398 57.9634399062361538 57.9084679972228713 57.4820608800310708 57.244796316085079 56.9066899387790741 56.5610678612869577 56.2604598946365186 55.7356026134476537 55.6184639322723484 54.6728386888146574 54.1283080408857558 53.7628073534984807 53.5803550488063607 53.1812420411345954
72.7670396528132386 72.293674298389206 71.6461344149986701 72.9257951682277366 72.5707443768893228 72.1008819642279377 71.4887942102640324 71.003080433583591 70.4983724461716861 68.7091833007620068 68.1633603403248429 68.25676628330136 68.1126356576835263 66.3515500100818514 66.099274995749056 65.716531040749814 65.6140156728082218 64.5345492538264551 64.4147239311597275 63.5474520273802028 63.3619726615387862 62.4682972351243535 62.4670153405036004 62.2030165929560397 62.5372508826465889 62.4138169927129454 61.5763641472078476 61.2057116438972244 61.0670384009633196 61.0177690379374624 60.4105949903653396 60.3307416930933798 59.6640567165743292 59.6152510866645926 59.0393670398282708 58.9445412048872726 58.4883470546303172 58.3682695360779462 57.9923125684678809 57.489278342308296 56.8606141610849534 56.5087458501396682 56.194820853721609 55.6874659588546308 55.6924747946142205 55.7325495662174006 55.5868948837742778 55.4171079864733187 55.1607005053862949 54.6864768652873678
72.6859710133775963 73.5094535803497564 71.9751024893052147 73.5526423543892918 72.7690675270279002 72.5224539905689198 71.7247189852791251 71.4036422216302071 70.8657323545964317 69.3583779411947461 68.9003439870779744 68.4670790900768083 68.5264526383477772 67.0491081323786062 67.0238381067073874 66.0455196856604516 66.278443284376948 65.3202183086954022 65.0724438350478351 64.2912568110671714 64.0715531939374046 63.4226258108961432 63.2227370095090109 62.966962057483066 62.8491619299842839 62.6701432125833193 62.0543105088740461 61.7561198676410896 61.3788828429883537 61.4093258309741117 61.0855324902746801 60.8396552814399243 60.3385410655542103 60.1609495616491827 59.6656915183033547 59.4808799724652246 59.0307481105199514 58.689802925848241 58.0914388035709308 57.8850748850491925 57.2991696785543851 56.9769077193730027 56.6943247320897044 56.1295237837200105 56.1171016624030372 56.1356562316483121 55.8295740675012837 55.5049303529576932 55.2977409244426354 54.8148256374161988
72.9944931089594178 73.0492380656562688 72.2388347417995647 72.357167317597586 71.7623773794011157 71.6407511075092032 71.298709594658277 71.0841930553291945 70.9231573650710487 69.8284871174027018 69.001564907711554 68.3684155118479708 68.0081790211662423 67.297645489848378 66.9734622044197749 66.1579842123140764 65.9466942414825184 65.7330046873557734 65.5251545497680183 64.7818011372943374 64.5873677912894522 64.101079797029854 63.8466656970931439 63.4342230810409973 63.0942026218238468 62.7505411408370293 62.2801912131534152 61.9217378783280736 61.5385053343460768 61.4925650411115043 61.4599382066517563 61.1760533521547032 60.7577168090766904 60.4648154884801343 60.0494730198061362 59.7562747991362997 59.3584132591539984 58.8092541019955064 57.9904663391077193 57.7803849156667724 57.3479994787613592 57.0197313184484287 56.6880646527887251 56.2046304093024176 56.2464557650250896 56.3817420708791488 56.1007160944711529 55.6496649375264028 55.3754290255553414 54.9243424425477258
74.5061677749753528 74.7935746084714594 73.4254744051285115 73.7309466824207078 72.6056833886095774 72.6928603354519538 71.9103538003920306 71.6690934651370242 71.1733753184356459 70.4345868510795441 69.8661089776315833 69.0850149195279073 68.8579416075167785 67.8973953877914909 67.925907358005631 67.4590345610574929 66.852928528612992 65.7474858356238343 65.9033843789561615 64.8234441168142439 65.0244988742055767 64.5724125477063495 64.0504424171903679 63.6278778009799595 63.3876376370722383 63.0531074072590059 62.6467009284418026 62.3891071349029005 61.9108815941246675 61.9425130682312997 61.513645934117811 61.5244073916609295 61.0981967056571946 60.7763656600255473 60.366548050287399 60.0774397498688799 59.6882483513668376 59.1208341143113998 58.3837153557999358 58.3194351900886687 57.7948503812398684 57.8342660375146522 57.4696338753285261 57.0331180823447355 56.8913700858693119 56.5479748939511069 56.4010345841758607 55.9841296568529927 55.6225254688933646 55.2040778038616367
74.9404949116907346 74.4173995381572126 73.7328822042152865 73.4322709205691808 72.8158327022725445 72.4329715012516715 71.8507536057730789 71.3915722293363046 70.8202932560287337 70.2963590054481386 69.8010548538080968 69.1895807918482717 68.6994254785059439 68.029050002948324 67.9061070861666707 67.8731030523529739 67.2484410270542696 65.6988259613013383 65.2449890878445444 64.7412863248834043 64.8986559616548107 64.7533307273740348 64.1708138102088412 63.581754065112861 63.320777602645272 62.9897527944078988 62.6427347968301405 62.3412326612485614 61.9725183935858723 61.7234753869530479 61.0951969348031199 61.2100909590624482 61.1892746243889363 60.9089866508144056 60.4878828994059887 60.2149917077359973 59.8210777426600018 59.2661454039701638 58.3737967817598076 58.1524172890617166 57.8583844009029065 58.027815370495702 57.8161081249222377 57.38379211870582 57.0422063645010127 56.5932483248510252 56.3073810386951266 56.0644262574373471 55.7193367310592222 55.3061054260806912
75.1111575386140657 75.5272180041216785 74.146015973335949 74.3082740698909561 73.2406334467366662 73.1382640648621845 72.3183064350382381 71.9616655211102767 71.319493110238497 70.7258675387852094 70.3479587818034275 69.5430743843487988 69.2579708143999255 68.3128502971700868 68.3065153814639814 67.8575536176289376 67.2308254999917239 65.902520449853597 65.9458667630284339 64.9375475513077447 65.1236447915641747 64.7671019533594432 64.4910261174269692 64.051506758694785 63.7000875369326565 63.3809181929915084 62.8205185310203973 62.6292132413539591 62.1368505653807688 62.0814526279329755 61.4066742188210455 61.5647934401402921 61.197166311654037 61.0215899987775003 60.49682950345656 60.3680143260188657 59.917095988070372 59.3266026189837348 58.5074044746930042 58.5130205771443173 57.988324859386303 58.1299132998575416 57.8127588816567552 57.442087041960626 57.1694868581651434 56.6734590453620655 56.5118680805112774 56.1418100945728256 55.8029645507624394 55.3852107873298891
75.0546105855721777 74.6790615474291997 74.1233646364876222 73.7365442855175104 73.1736123083186385 72.7399010741780074 72.1838320794590942 71.6958567977043941 71.1374658515569251 70.5976971113819332 70.0774764351175179 69.4733538211300328 68.9460407641611255 68.2963716345278584 67.8689369658391399 67.8027120392053178 67.1968753335369087 65.892247110575255 65.4187110588505334 64.9038240949513323 64.6442341156883344 64.3569725427671671 64.3447712288097335 64.176153532566957 63.8047299657798277 63.4782598334179866 62.8727445592007328 62.4514597475900786 62.0920822435700543 61.8118339343742207 61.423172781739737 61.1387975312663627 61.0274691343435975 60.6799268507485223 60.275728712639804 60.0228560361632404 59.9246159927976194 59.323416134691179 58.2591797145650503 58.0215939513493026 57.6064984328145542 57.2657478795389281 57.1423083213236822 57.3215384296056172 57.1001616280946322 56.6640639094405216 56.3708978566150236 56.1372875543476155 55.8197888678812788 55.394729359021575
75.641922497719122 75.6802891574100016 74.1840847029007904 74.38871123464682 73.2736440262621471 73.1482523365683051 72.3274074212377229 71.9563686612000168 71.3721800038207022 70.7726413850655405 70.4000914681767256 69.5810014784568125 69.3214373428822768 68.3521409725402407 68.3346844476124886 67.8184378585228558 67.1975506541782579 65.8967036800731165 65.9469659356483504 64.9561889860052162 64.9952036425692938 64.3751184959363911 64.4894388090431505 64.1218501629603423 63.7597687071135653 63.4560271941709928 62.949116522584454 62.7045609944122901 62.1558594457786597 62.1064678856206385 61.4547819710733592 61.5838604595251766 61.0192356898241854 61.0338083367738093 60.3215899652510714 60.3590011190363001 59.91244813178551 59.5454260024099611 59.1150237046780802 58.7514154530883417 58.3166560355663961 57.5068109956829403 57.2452976699225715 57.4420443919042896 57.1893892413098044 56.685913560440973 56.5302691074379169 56.1517747854242302 55.8166008548305399 55.391198379849186
75.6584415857793289 75.4325014894000958 73.9536681112807344 73.6148493485814583 73.0752449590916342 72.6210390964344015 72.0783952615167465 71.5822622080694373 71.0447982139368719 70.5003034896400749 69.980492335549215 69.3767147054275739 68.8553001911744502 68.2061062353029115 67.726282109888075 67.6523951315988654 67.061210871088079 65.8267302534353007 65.3198527581794508 64.8218758684948853 64.5442875941007799 64.2094190617392826 63.9770550722891898 63.6365184761587628 63.3635714449545802 63.0747656060060535 62.8271368008936619 62.5441181620940014 62.0675219900296185 61.7413488466592213 61.3633855555078824 61.088194796266734 60.3384134655986344 60.3509281690797579 60.3089846934280658 60.0092146455179716 59.8778961124762219 59.5705195418328231 59.2013746545071413 58.7762541376665197 58.2992447342540885 57.4817893975347403 57.1027528480500806 57.3073908481856975 57.0792417479504834 56.6543003928030231 56.3568243235079152 56.0934310395401852 55.7795661335410315 55.3633048422399838
75.5743802171073327 75.4443829717974381 73.9903392516902301 74.4668669053496757 73.7498192244127324 73.3183353691008364 72.5797109467443136 72.0950242690348233 71.5081831582514127 70.8755515607073079 70.4288123619941047 69.6319367929172159 69.3878220769721281 68.3993615038301215 68.2279463485077997 67.7102386717487121 67.1208315057681943 66.3969322404497149 65.854527033813639 64.8766512365196348 64.9065410532505354 64.2936746988704755 64.2150938716081896 63.7456172014594316 63.709580302901557 63.4196031814665773 63.021131732397123 62.7570384144993199 62.2994232508670436 62.0953794903853762 61.5793395860177668 61.566516903750049 61.1652812079211827 60.9492144506932689 60.2813713238450219 60.2120023270748845 59.7032167432082446 59.3843264787673348 59.0106863720649955 58.7475750561042034 58.4543153924967172 58.0650843925365336 57.7178782813663602 57.4168653745327333 57.1172847234764518 56.7392662598841397 56.5089867070601173 56.0904906563206112 55.7552052009996544 55.3289050676809069
74.6390963350884107 74.2431417345173088 73.634541298031337 73.9901551028672912 73.7734291291564119 73.182713931775325 72.5606020140064061 71.9962749840140077 71.3999324941483877 70.7841667289516181 70.202813922777537 69.5549353750480748 69.2486813600456514 68.38662349893184 68.1046028046031324 67.7302921986591144 67.1524479012650062 66.4157392861461346 65.7439261031043856 64.8681522602500564 64.7051229422239658 64.2047248282152481 64.0067828612670127 63.5824223527850663 63.556906380099079 63.3311029728237216 62.9610728052020363 62.6348389110799246 62.2695827976264979 61.9711095636796472 61.5742069205469491 61.3075569983309165 61.1708305431547501 60.8413228412260452 59.8821077464596314 59.5742792466728233 58.7844919511687252 58.6375559510955355 58.2108645576066763 58.582385797981857 58.3946372608740489 58.0234659246993871 57.692223116180287 57.3143494693666611 56.9945247031717486 56.7245046436334093 56.3817411722840305 55.9674399446350535 55.6467430166572825 55.0685337007652791
