data/IdealizedTopo/Outputs_IdealizedTopo/release1hs_01_null_flo2d_pft.asc
ncols         1001
nrows         301
xllcorner     997.5
yllcorner     -5002.5
cellsize      5
NODATA_value  -9999
[rows 136 to 169 of 301, columns 77 to 153 of 1001]
1.262 1.23 1.199 1.175 1.147 1.107 1.052 1.002 0.978 0.954 0.92 0.859 0.778 0.738 0.703 0.651 0.585 0.513 0.447 0.392 0.271 -9999 -9999 -9999 -9999 -9999 -9999 -9999 -9999 -9999 -9999 -9999 -9999 -9999 -9999 -9999 -9999 -9999 -9999 -9999 -9999 -9999 -9999 -9999 -9999 -9999 -9999 -9999 -9999 -9999 -9999 -9999 -9999 -9999 -9999 -9999 -9999 -9999 -9999 -9999 -9999 -9999 -9999 -9999 -9999 -9999 -9999 -9999 -9999 -9999 -9999 -9999 -9999 -9999 -9999 -9999 -9999
1.872 1.754 1.652 1.546 1.468 1.427 1.38 1.332 1.29 1.254 1.214 1.159 1.098 1.056 1.016 0.973 0.91 0.834 0.781 0.737 0.682 0.618 0.553 0.485 0.424 0.348 0.25 -9999 -9999 -9999 -9999 -9999 -9999 -9999 -9999 -9999 -9999 -9999 -9999 -9999 -9999 -9999 -9999 -9999 -9999 -9999 -9999 -9999 -9999 -9999 -9999 -9999 -9999 -9999 -9999 -9999 -9999 -9999 -9999 -9999 -9999 -9999 -9999 -9999 -9999 -9999 -9999 -9999 -9999 -9999 -9999 -9999 -9999 -9999 -9999 -9999 -9999
2.597 2.46 2.316 2.186 2.058 1.95 1.832 1.724 1.627 1.578 1.534 1.491 1.44 1.393 1.351 1.305 1.239 1.175 1.131 1.078 1.022 0.96 0.883 0.821 0.777 0.726 0.664 0.602 0.539 0.478 0.422 0.359 0.254 -9999 -9999 -9999 -9999 -9999 -9999 -9999 -9999 -9999 -9999 -9999 -9999 -9999 -9999 -9999 -9999 -9999 -9999 -9999 -9999 -9999 -9999 -9999 -9999 -9999 -9999 -9999 -9999 -9999 -9999 -9999 -9999 -9999 -9999 -9999 -9999 -9999 -9999 -9999 -9999 -9999 -9999 -9999 -9999
3.283 3.161 3.037 2.904 2.77 2.626 2.487 2.35 2.227 2.106 1.997 1.883 1.78 1.73 1.685 1.643 1.596 1.542 1.493 1.447 1.391 1.327 1.257 1.212 1.154 1.092 1.023 0.952 0.876 0.835 0.789 0.736 0.682 0.624 0.565 0.511 0.458 0.411 0.36 0.256 -9999 -9999 -9999 -9999 -9999 -9999 -9999 -9999 -9999 -9999 -9999 -9999 -9999 -9999 -9999 -9999 -9999 -9999 -9999 -9999 -9999 -9999 -9999 -9999 -9999 -9999 -9999 -9999 -9999 -9999 -9999 -9999 -9999 -9999 -9999 -9999 -9999
3.78 3.693 3.615 3.524 3.412 3.318 3.174 3.051 2.911 2.78 2.65 2.525 2.396 2.273 2.164 2.063 1.959 1.892 1.85 1.807 1.76 1.708 1.659 1.608 1.562 1.5 1.435 1.366 1.317 1.262 1.202 1.138 1.067 0.996 0.93 0.887 0.845 0.801 0.756 0.711 0.66 0.606 0.556 0.509 0.466 0.423 0.379 0.33 0.249 -9999 -9999 -9999 -9999 -9999 -9999 -9999 -9999 -9999 -9999 -9999 -9999 -9999 -9999 -9999 -9999 -9999 -9999 -9999 -9999 -9999 -9999 -9999 -9999 -9999 -9999 -9999 -9999
4.134 4.097 4.037 3.988 3.914 3.845 3.75 3.673 3.557 3.45 3.343 3.223 3.101 2.977 2.852 2.731 2.612 2.499 2.39 2.288 2.182 2.096 2.039 2.003 1.959 1.909 1.861 1.81 1.764 1.717 1.661 1.597 1.53 1.48 1.426 1.375 1.322 1.262 1.201 1.136 1.066 1.012 0.975 0.942 0.901 0.863 0.824 0.789 0.753 0.712 0.674 0.631 0.589 0.547 0.511 0.477 0.441 0.41 0.371 0.327 0.28 0.235 0.202 -9999 -9999 -9999 -9999 -9999 -9999 -9999 -9999 -9999 -9999 -9999 -9999 -9999 -9999
4.356 4.36 4.34 4.312 4.284 4.247 4.212 4.153 4.08 4.016 3.938 3.846 3.767 3.663 3.549 3.431 3.342 3.221 3.111 3.006 2.912 2.8 2.702 2.606 2.506 2.412 2.321 2.233 2.2 2.157 2.115 2.069 2.025 1.977 1.938 1.889 1.844 1.787 1.733 1.678 1.631 1.591 1.546 1.495 1.45 1.399 1.347 1.293 1.237 1.188 1.147 1.111 1.075 1.045 1.016 0.985 0.957 0.923 0.892 0.865 0.835 0.809 0.782 0.757 0.73 0.697 0.666 0.634 0.603 0.571 0.542 0.513 0.486 0.463 0.441 0.416 0.396
4.472 4.513 4.536 4.559 4.558 4.558 4.528 4.51 4.481 4.451 4.398 4.336 4.301 4.225 4.167 4.081 4.008 3.937 3.849 3.767 3.671 3.587 3.483 3.395 3.304 3.222 3.128 3.046 2.955 2.871 2.797 2.711 2.635 2.558 2.491 2.425 2.362 2.316 2.276 2.239 2.203 2.167 2.132 2.094 2.051 2.011 1.969 1.932 1.894 1.854 1.817 1.781 1.744 1.71 1.667 1.628 1.585 1.55 1.514 1.477 1.443 1.411 1.377 1.343 1.314 1.281 1.247 1.217 1.182 1.154 1.12 1.096 1.071 1.043 1.021 0.999 0.975
4.558 4.603 4.654 4.698 4.738 4.766 4.775 4.785 4.768 4.764 4.755 4.733 4.716 4.693 4.639 4.616 4.57 4.531 4.481 4.429 4.369 4.324 4.254 4.178 4.134 4.058 3.977 3.895 3.81 3.747 3.666 3.614 3.527 3.476 3.405 3.342 3.295 3.232 3.171 3.133 3.082 3.05 3.008 2.948 2.915 2.874 2.837 2.801 2.761 2.734 2.707 2.679 2.642 2.615 2.599 2.58 2.566 2.541 2.522 2.498 2.475 2.446 2.422 2.391 2.365 2.341 2.309 2.28 2.25 2.223 2.191 2.147 2.105 2.072 2.046 2.012 1.988
4.628 4.675 4.723 4.786 4.842 4.901 4.948 4.972 4.984 5.007 5.004 5.023 5.029 5.028 5.03 5.007 4.999 4.985 4.982 4.98 4.943 4.901 4.865 4.838 4.838 4.809 4.755 4.715 4.636 4.588 4.536 4.48 4.429 4.375 4.339 4.293 4.249 4.201 4.159 4.121 4.087 4.1 4.067 4.002 3.954 3.923 3.904 3.868 3.836 3.809 3.868 3.81 3.772 3.743 3.74 3.778 3.766 3.749 3.732 3.698 3.687 3.657 3.615 3.591 3.578 3.571 3.561 3.556 3.537 3.523 3.492 3.491 3.444 3.417 3.476 3.45 3.377
4.668 4.729 4.787 4.836 4.894 4.958 5.024 5.077 5.127 5.17 5.198 5.227 5.247 5.267 5.297 5.302 5.327 5.346 5.355 5.366 5.355 5.373 5.344 5.354 5.402 5.327 5.399 5.303 5.274 5.306 5.296 5.221 5.181 5.22 5.192 5.166 5.144 5.091 5.097 5.07 5.089 5.145 5.04 4.998 5.006 4.988 4.958 4.947 4.921 4.918 5.013 4.874 4.838 4.896 4.923 5.006 4.879 4.992 4.867 4.898 4.898 4.854 4.795 4.782 4.818 4.801 4.834 4.852 4.875 4.831 4.846 4.865 4.758 4.789 4.914 4.786 4.755
4.661 4.745 4.818 4.875 4.942 5.001 5.057 5.122 5.183 5.25 5.308 5.352 5.399 5.438 5.474 5.517 5.533 5.575 5.596 5.641 5.657 5.671 5.702 5.705 5.735 5.713 5.74 5.74 5.738 5.818 5.772 5.77 5.768 5.836 5.762 5.86 5.759 5.802 5.834 5.769 5.849 5.755 5.824 5.717 5.843 5.759 5.84 5.754 5.848 5.751 5.845 5.725 5.748 5.851 5.854 5.815 5.855 5.728 5.845 5.832 5.892 5.795 5.828 5.817 5.909 5.82 5.931 5.927 5.98 5.949 5.96 5.984 5.841 5.928 5.931 5.94 5.861
4.648 4.724 4.794 4.869 4.935 5.004 5.077 5.141 5.207 5.275 5.333 5.402 5.463 5.534 5.583 5.626 5.679 5.723 5.775 5.808 5.851 5.873 5.915 5.954 5.984 6.005 6.037 6.038 6.072 6.095 6.124 6.13 6.17 6.189 6.191 6.195 6.215 6.216 6.272 6.245 6.269 6.256 6.273 6.246 6.285 6.29 6.318 6.321 6.334 6.338 6.329 6.363 6.375 6.379 6.418 6.37 6.396 6.411 6.408 6.424 6.391 6.418 6.488 6.515 6.547 6.514 6.528 6.572 6.513 6.526 6.556 6.524 6.552 6.56 6.606 6.536 6.521
4.592 4.67 4.744 4.82 4.9 4.973 5.052 5.121 5.194 5.27 5.328 5.414 5.479 5.548 5.618 5.69 5.749 5.812 5.866 5.915 5.945 6.005 6.05 6.092 6.129 6.167 6.193 6.234 6.263 6.306 6.324 6.357 6.386 6.43 6.44 6.458 6.473 6.502 6.529 6.54 6.566 6.576 6.594 6.591 6.611 6.621 6.638 6.645 6.684 6.679 6.712 6.714 6.744 6.744 6.756 6.738 6.782 6.798 6.831 6.82 6.825 6.844 6.892 6.914 6.943 6.96 6.965 6.967 6.964 6.957 6.963 6.946 6.944 6.99 7.039 6.993 6.959
4.549 4.627 4.697 4.769 4.851 4.929 5.008 5.085 5.169 5.248 5.312 5.401 5.479 5.544 5.633 5.693 5.767 5.832 5.899 5.961 6.027 6.072 6.12 6.16 6.21 6.257 6.28 6.307 6.359 6.394 6.428 6.428 6.484 6.517 6.555 6.546 6.593 6.584 6.642 6.659 6.664 6.703 6.691 6.743 6.721 6.757 6.745 6.794 6.79 6.839 6.827 6.875 6.891 6.892 6.902 6.876 6.92 6.968 6.958 6.976 6.994 6.991 7.035 7.03 7.077 7.102 7.092 7.158 7.115 7.124 7.128 7.089 7.134 7.132 7.2 7.139 7.16
4.592 4.67 4.744 4.82 4.9 4.973 5.052 5.121 5.194 5.27 5.328 5.414 5.479 5.548 5.618 5.69 5.749 5.812 5.866 5.915 5.945 6.005 6.05 6.092 6.129 6.167 6.193 6.234 6.263 6.306 6.324 6.357 6.386 6.43 6.44 6.458 6.473 6.502 6.529 6.54 6.566 6.576 6.594 6.59 6.61 6.621 6.639 6.646 6.685 6.68 6.712 6.731 6.771 6.754 6.745 6.759 6.796 6.794 6.82 6.806 6.838 6.868 6.884 6.86 6.879 6.94 6.946 6.979 7.002 6.963 6.964 6.944 6.948 6.99 7.04 6.994 6.961
4.648 4.724 4.794 4.869 4.935 5.004 5.077 5.141 5.207 5.275 5.333 5.402 5.463 5.534 5.583 5.626 5.679 5.723 5.775 5.808 5.851 5.873 5.915 5.954 5.984 6.005 6.038 6.038 6.071 6.095 6.124 6.13 6.17 6.189 6.191 6.195 6.215 6.216 6.273 6.245 6.27 6.256 6.273 6.243 6.284 6.292 6.319 6.322 6.335 6.338 6.33 6.384 6.387 6.38 6.369 6.361 6.39 6.393 6.426 6.445 6.438 6.442 6.477 6.428 6.467 6.543 6.548 6.555 6.574 6.546 6.559 6.521 6.543 6.561 6.609 6.539 6.523
4.661 4.745 4.818 4.875 4.942 5.001 5.057 5.122 5.183 5.25 5.308 5.352 5.399 5.438 5.474 5.517 5.533 5.575 5.596 5.641 5.656 5.671 5.702 5.705 5.735 5.716 5.741 5.74 5.737 5.818 5.772 5.77 5.768 5.837 5.762 5.86 5.759 5.802 5.834 5.77 5.849 5.755 5.825 5.715 5.842 5.76 5.84 5.755 5.848 5.752 5.749 5.729 5.834 5.826 5.749 5.717 5.811 5.698 5.756 5.864 5.773 5.868 5.879 5.944 5.797 5.853 5.962 5.798 5.92 5.957 5.972 5.986 5.842 5.934 5.938 5.946 5.865
4.668 4.729 4.787 4.836 4.894 4.958 5.024 5.077 5.127 5.17 5.198 5.227 5.247 5.267 5.297 5.302 5.327 5.346 5.355 5.366 5.355 5.373 5.344 5.354 5.402 5.328 5.401 5.303 5.274 5.306 5.296 5.221 5.182 5.22 5.193 5.166 5.145 5.091 5.098 5.07 5.089 5.145 5.04 4.997 5.006 4.988 4.959 4.948 4.922 4.919 4.857 4.817 4.863 5.019 4.845 4.946 4.858 4.989 4.788 4.885 4.98 4.851 4.915 5.045 4.837 4.815 4.985 4.815 4.847 4.865 4.853 4.875 4.767 4.799 4.924 4.793 4.76
4.628 4.675 4.723 4.786 4.842 4.901 4.948 4.972 4.984 5.007 5.004 5.023 5.029 5.028 5.03 5.007 4.999 4.985 4.982 4.98 4.943 4.901 4.865 4.838 4.838 4.81 4.754 4.715 4.636 4.588 4.536 4.481 4.429 4.376 4.339 4.293 4.249 4.201 4.159 4.121 4.087 4.101 4.068 4.002 3.955 3.924 3.901 3.87 3.838 3.81 3.789 3.755 3.747 3.83 3.758 3.763 3.751 3.767 3.714 3.675 3.727 3.681 3.674 3.713 3.667 3.597 3.647 3.622 3.565 3.547 3.511 3.506 3.458 3.429 3.482 3.458 3.384
4.558 4.603 4.654 4.698 4.738 4.766 4.775 4.785 4.768 4.764 4.755 4.732 4.716 4.693 4.639 4.616 4.57 4.531 4.481 4.429 4.369 4.324 4.254 4.178 4.134 4.058 3.977 3.895 3.811 3.747 3.667 3.614 3.527 3.477 3.406 3.343 3.295 3.233 3.171 3.133 3.083 3.051 3.008 2.946 2.916 2.875 2.839 2.803 2.763 2.733 2.695 2.657 2.64 2.619 2.598 2.579 2.56 2.537 2.516 2.493 2.478 2.451 2.436 2.417 2.385 2.36 2.333 2.31 2.278 2.239 2.207 2.161 2.118 2.081 2.057 2.02 1.995
4.472 4.513 4.536 4.559 4.558 4.558 4.528 4.51 4.481 4.451 4.398 4.336 4.301 4.225 4.167 4.081 4.008 3.937 3.849 3.767 3.671 3.587 3.483 3.394 3.304 3.222 3.128 3.046 2.955 2.872 2.798 2.711 2.635 2.559 2.491 2.426 2.362 2.316 2.276 2.239 2.203 2.167 2.132 2.094 2.051 2.011 1.969 1.932 1.894 1.854 1.817 1.781 1.745 1.711 1.667 1.628 1.585 1.549 1.515 1.477 1.443 1.41 1.376 1.342 1.313 1.282 1.25 1.22 1.185 1.159 1.125 1.1 1.074 1.046 1.022 1.001 0.977
4.356 4.36 4.34 4.312 4.284 4.247 4.212 4.153 4.08 4.016 3.938 3.846 3.767 3.663 3.549 3.431 3.342 3.221 3.111 3.006 2.912 2.8 2.702 2.606 2.505 2.412 2.321 2.233 2.2 2.157 2.115 2.069 2.025 1.977 1.938 1.889 1.844 1.787 1.733 1.678 1.631 1.591 1.546 1.495 1.45 1.4 1.347 1.293 1.237 1.188 1.147 1.11 1.075 1.045 1.017 0.984 0.956 0.923 0.892 0.865 0.835 0.809 0.782 0.757 0.729 0.697 0.666 0.634 0.604 0.572 0.544 0.515 0.489 0.464 0.443 0.418 0.397
4.134 4.097 4.037 3.988 3.914 3.845 3.75 3.673 3.557 3.45 3.342 3.223 3.101 2.977 2.852 2.731 2.612 2.499 2.39 2.288 2.182 2.096 2.04 2.003 1.959 1.909 1.861 1.81 1.764 1.717 1.661 1.597 1.53 1.48 1.425 1.375 1.322 1.262 1.201 1.135 1.066 1.012 0.975 0.941 0.901 0.863 0.824 0.789 0.753 0.712 0.674 0.631 0.589 0.547 0.511 0.477 0.441 0.409 0.37 0.326 0.28 0.235 0.202 -9999 -9999 -9999 -9999 -9999 -9999 -9999 -9999 -9999 -9999 -9999 -9999 -9999 -9999
3.781 3.693 3.615 3.524 3.412 3.318 3.174 3.051 2.911 2.78 2.65 2.525 2.396 2.273 2.164 2.063 1.959 1.892 1.85 1.807 1.76 1.708 1.659 1.608 1.562 1.5 1.435 1.366 1.317 1.262 1.202 1.138 1.067 0.996 0.93 0.887 0.845 0.802 0.756 0.71 0.66 0.606 0.556 0.51 0.466 0.423 0.379 0.33 0.249 -9999 -9999 -9999 -9999 -9999 -9999 -9999 -9999 -9999 -9999 -9999 -9999 -9999 -9999 -9999 -9999 -9999 -9999 -9999 -9999 -9999 -9999 -9999 -9999 -9999 -9999 -9999 -9999
3.283 3.161 3.037 2.904 2.77 2.626 2.487 2.35 2.227 2.106 1.997 1.883 1.78 1.73 1.685 1.643 1.596 1.542 1.493 1.447 1.391 1.327 1.257 1.213 1.154 1.092 1.023 0.952 0.876 0.835 0.789 0.736 0.682 0.624 0.565 0.511 0.458 0.41 0.36 0.256 -9999 -9999 -9999 -9999 -9999 -9999 -9999 -9999 -9999 -9999 -9999 -9999 -9999 -9999 -9999 -9999 -9999 -9999 -9999 -9999 -9999 -9999 -9999 -9999 -9999 -9999 -9999 -9999 -9999 -9999 -9999 -9999 -9999 -9999 -9999 -9999 -9999
2.596 2.46 2.316 2.186 2.058 1.95 1.832 1.724 1.627 1.578 1.534 1.491 1.44 1.393 1.351 1.305 1.239 1.175 1.131 1.078 1.022 0.96 0.883 0.821 0.777 0.726 0.664 0.602 0.539 0.478 0.422 0.359 0.254 -9999 -9999 -9999 -9999 -9999 -9999 -9999 -9999 -9999 -9999 -9999 -9999 -9999 -9999 -9999 -9999 -9999 -9999 -9999 -9999 -9999 -9999 -9999 -9999 -9999 -9999 -9999 -9999 -9999 -9999 -9999 -9999 -9999 -9999 -9999 -9999 -9999 -9999 -9999 -9999 -9999 -9999 -9999 -9999
1.872 1.755 1.652 1.546 1.468 1.427 1.38 1.332 1.29 1.254 1.214 1.159 1.098 1.056 1.016 0.973 0.91 0.834 0.781 0.737 0.682 0.618 0.553 0.486 0.424 0.348 0.25 -9999 -9999 -9999 -9999 -9999 -9999 -9999 -9999 -9999 -9999 -9999 -9999 -9999 -9999 -9999 -9999 -9999 -9999 -9999 -9999 -9999 -9999 -9999 -9999 -9999 -9999 -9999 -9999 -9999 -9999 -9999 -9999 -9999 -9999 -9999 -9999 -9999 -9999 -9999 -9999 -9999 -9999 -9999 -9999 -9999 -9999 -9999 -9999 -9999 -9999
1.262 1.23 1.199 1.175 1.147 1.107 1.052 1.002 0.978 0.954 0.92 0.859 0.778 0.738 0.703 0.651 0.585 0.513 0.447 0.392 0.271 -9999 -9999 -9999 -9999 -9999 -9999 -9999 -9999 -9999 -9999 -9999 -9999 -9999 -9999 -9999 -9999 -9999 -9999 -9999 -9999 -9999 -9999 -9999 -9999 -9999 -9999 -9999 -9999 -9999 -9999 -9999 -9999 -9999 -9999 -9999 -9999 -9999 -9999 -9999 -9999 -9999 -9999 -9999 -9999 -9999 -9999 -9999 -9999 -9999 -9999 -9999 -9999 -9999 -9999 -9999 -9999
0.932 0.916 0.9 0.889 0.867 0.818 0.757 0.712 0.694 0.666 0.609 0.542 0.47 0.413 0.306 -9999 -9999 -9999 -9999 -9999 -9999 -9999 -9999 -9999 -9999 -9999 -9999 -9999 -9999 -9999 -9999 -9999 -9999 -9999 -9999 -9999 -9999 -9999 -9999 -9999 -9999 -9999 -9999 -9999 -9999 -9999 -9999 -9999 -9999 -9999 -9999 -9999 -9999 -9999 -9999 -9999 -9999 -9999 -9999 -9999 -9999 -9999 -9999 -9999 -9999 -9999 -9999 -9999 -9999 -9999 -9999 -9999 -9999 -9999 -9999 -9999 -9999
0.651 0.659 0.647 0.615 0.564 0.508 0.441 0.39 0.284 -9999 -9999 -9999 -9999 -9999 -9999 -9999 -9999 -9999 -9999 -9999 -9999 -9999 -9999 -9999 -9999 -9999 -9999 -9999 -9999 -9999 -9999 -9999 -9999 -9999 -9999 -9999 -9999 -9999 -9999 -9999 -9999 -9999 -9999 -9999 -9999 -9999 -9999 -9999 -9999 -9999 -9999 -9999 -9999 -9999 -9999 -9999 -9999 -9999 -9999 -9999 -9999 -9999 -9999 -9999 -9999 -9999 -9999 -9999 -9999 -9999 -9999 -9999 -9999 -9999 -9999 -9999 -9999
-9999 -9999 -9999 -9999 -9999 -9999 -9999 -9999 -9999 -9999 -9999 -9999 -9999 -9999 -9999 -9999 -9999 -9999 -9999 -9999 -9999 -9999 -9999 -9999 -9999 -9999 -9999 -9999 -9999 -9999 -9999 -9999 -9999 -9999 -9999 -9999 -9999 -9999 -9999 -9999 -9999 -9999 -9999 -9999 -9999 -9999 -9999 -9999 -9999 -9999 -9999 -9999 -9999 -9999 -9999 -9999 -9999 -9999 -9999 -9999 -9999 -9999 -9999 -9999 -9999 -9999 -9999 -9999 -9999 -9999 -9999 -9999 -9999 -9999 -9999 -9999 -9999
-9999 -9999 -9999 -9999 -9999 -9999 -9999 -9999 -9999 -9999 -9999 -9999 -9999 -9999 -9999 -9999 -9999 -9999 -9999 -9999 -9999 -9999 -9999 -9999 -9999 -9999 -9999 -9999 -9999 -9999 -9999 -9999 -9999 -9999 -9999 -9999 -9999 -9999 -9999 -9999 -9999 -9999 -9999 -9999 -9999 -9999 -9999 -9999 -9999 -9999 -9999 -9999 -9999 -9999 -9999 -9999 -9999 -9999 -9999 -9999 -9999 -9999 -9999 -9999 -9999 -9999 -9999 -9999 -9999 -9999 -9999 -9999 -9999 -9999 -9999 -9999 -9999
-9999 -9999 -9999 -9999 -9999 -9999 -9999 -9999 -9999 -9999 -9999 -9999 -9999 -9999 -9999 -9999 -9999 -9999 -9999 -9999 -9999 -9999 -9999 -9999 -9999 -9999 -9999 -9999 -9999 -9999 -9999 -9999 -9999 -9999 -9999 -9999 -9999 -9999 -9999 -9999 -9999 -9999 -9999 -9999 -9999 -9999 -9999 -9999 -9999 -9999 -9999 -9999 -9999 -9999 -9999 -9999 -9999 -9999 -9999 -9999 -9999 -9999 -9999 -9999 -9999 -9999 -9999 -9999 -9999 -9999 -9999 -9999 -9999 -9999 -9999 -9999 -9999
