data/IdealizedTopo/Outputs_IdealizedTopo/release1HS_01IdealizedTopo_null_TRENT2D_pfv.asc
ncols 1001
nrows  301
cellsize  5.000
xllcenter     1000.00
yllcenter    -5000.00
NODATA_value nan
[rows 144 to 179 of 301, columns 243 to 323 of 1001]
11.122 11.115 11.106 11.093 11.077 11.061 11.049 11.041 11.032 11.022 11.010 10.996 10.979 10.963 10.951 10.942 10.936 10.930 10.922 10.915 10.905 10.899 10.898 10.901 10.907 10.915 10.922 10.928 10.938 10.955 10.976 10.999 11.023 11.046 11.068 11.094 11.126 11.165 11.206 11.249 11.290 11.332 11.379 11.429 11.482 11.537 11.592 11.648 11.707 11.769 11.834 11.899 11.964 12.030 12.099 12.172 12.247 12.323 12.399 12.477 12.557 12.640 12.724 12.810 12.898 12.987 13.077 13.172 13.274 13.383 13.496 13.612 13.729 13.846 13.964 14.084 14.207 14.332 14.455 14.581 14.708
22.967 22.965 22.961 22.957 22.952 22.946 22.939 22.932 22.924 22.915 22.906 22.897 22.888 22.878 22.869 22.859 22.850 22.841 22.832 22.824 22.817 22.811 22.805 22.800 22.797 22.794 22.793 22.793 22.795 22.798 22.803 22.808 22.816 22.825 22.836 22.849 22.862 22.877 22.894 22.913 22.932 22.953 22.976 23.000 23.026 23.052 23.081 23.110 23.141 23.172 23.205 23.238 23.274 23.310 23.347 23.384 23.423 23.462 23.502 23.544 23.586 23.628 23.672 23.716 23.761 23.806 23.852 23.900 23.949 24.000 24.051 24.103 24.156 24.210 24.264 24.318 24.372 24.427 24.482 24.538 24.595
30.428 30.429 30.430 30.430 30.430 30.429 30.428 30.426 30.424 30.421 30.418 30.415 30.412 30.408 30.404 30.401 30.397 30.393 30.390 30.386 30.383 30.380 30.377 30.374 30.372 30.371 30.370 30.369 30.369 30.370 30.371 30.372 30.374 30.377 30.380 30.384 30.388 30.393 30.398 30.404 30.410 30.416 30.423 30.430 30.438 30.446 30.454 30.463 30.471 30.480 30.489 30.498 30.508 30.517 30.526 30.536 30.545 30.555 30.564 30.574 30.584 30.594 30.603 30.613 30.622 30.632 30.642 30.651 30.661 30.671 30.681 30.691 30.701 30.711 30.721 30.731 30.742 30.752 30.762 30.772 30.783
34.935 34.939 34.941 34.943 34.945 34.946 34.946 34.946 34.946 34.946 34.945 34.944 34.943 34.942 34.941 34.939 34.937 34.936 34.934 34.932 34.930 34.928 34.926 34.924 34.922 34.920 34.919 34.917 34.915 34.914 34.912 34.911 34.910 34.908 34.907 34.906 34.906 34.905 34.904 34.903 34.903 34.902 34.901 34.900 34.900 34.899 34.898 34.897 34.896 34.895 34.893 34.892 34.890 34.888 34.886 34.884 34.882 34.879 34.876 34.873 34.870 34.866 34.862 34.858 34.854 34.849 34.844 34.838 34.833 34.827 34.821 34.814 34.807 34.800 34.792 34.784 34.776 34.767 34.758 34.748 34.738
37.733 37.741 37.748 37.755 37.761 37.767 37.773 37.778 37.783 37.787 37.791 37.795 37.798 37.801 37.804 37.806 37.808 37.810 37.812 37.813 37.814 37.815 37.816 37.816 37.817 37.816 37.816 37.816 37.815 37.814 37.813 37.812 37.811 37.809 37.807 37.805 37.803 37.801 37.798 37.795 37.792 37.788 37.784 37.780 37.776 37.771 37.766 37.761 37.755 37.748 37.742 37.735 37.728 37.720 37.711 37.702 37.693 37.684 37.673 37.663 37.651 37.640 37.627 37.615 37.602 37.588 37.574 37.559 37.544 37.528 37.511 37.494 37.477 37.459 37.440 37.421 37.400 37.380 37.359 37.337 37.314
39.250 39.261 39.272 39.282 39.292 39.301 39.310 39.319 39.327 39.335 39.342 39.350 39.357 39.363 39.369 39.375 39.381 39.386 39.390 39.395 39.399 39.403 39.406 39.409 39.412 39.415 39.417 39.418 39.420 39.421 39.421 39.421 39.421 39.420 39.420 39.418 39.416 39.414 39.411 39.408 39.405 39.401 39.396 39.391 39.386 39.379 39.373 39.366 39.358 39.350 39.341 39.332 39.322 39.312 39.301 39.289 39.277 39.264 39.250 39.236 39.221 39.206 39.190 39.173 39.156 39.138 39.119 39.100 39.080 39.059 39.038 39.016 38.993 38.970 38.946 38.920 38.895 38.869 38.842 38.814 38.785
39.724 39.736 39.748 39.759 39.770 39.780 39.790 39.800 39.809 39.818 39.827 39.835 39.844 39.851 39.859 39.865 39.872 39.879 39.884 39.890 39.895 39.900 39.905 39.909 39.913 39.916 39.919 39.921 39.924 39.925 39.927 39.928 39.928 39.928 39.928 39.927 39.926 39.924 39.922 39.919 39.916 39.913 39.909 39.904 39.899 39.893 39.887 39.880 39.872 39.864 39.855 39.846 39.836 39.826 39.815 39.803 39.790 39.777 39.764 39.749 39.734 39.718 39.702 39.685 39.667 39.649 39.629 39.609 39.589 39.567 39.545 39.522 39.499 39.475 39.449 39.424 39.397 39.370 39.342 39.312 39.283
39.250 39.261 39.272 39.282 39.292 39.301 39.310 39.319 39.327 39.335 39.342 39.350 39.357 39.363 39.369 39.375 39.381 39.386 39.390 39.395 39.399 39.403 39.406 39.409 39.412 39.415 39.417 39.418 39.420 39.421 39.421 39.421 39.421 39.420 39.420 39.418 39.416 39.414 39.411 39.408 39.405 39.401 39.396 39.391 39.386 39.379 39.373 39.366 39.358 39.350 39.341 39.332 39.322 39.312 39.301 39.289 39.277 39.264 39.250 39.236 39.221 39.206 39.190 39.173 39.156 39.138 39.119 39.100 39.080 39.059 39.038 39.016 38.993 38.970 38.946 38.920 38.895 38.869 38.842 38.814 38.785
37.733 37.741 37.748 37.755 37.761 37.767 37.773 37.778 37.783 37.787 37.791 37.795 37.798 37.801 37.804 37.806 37.808 37.810 37.812 37.813 37.814 37.815 37.816 37.816 37.817 37.816 37.816 37.816 37.815 37.814 37.813 37.812 37.811 37.809 37.807 37.805 37.803 37.801 37.798 37.795 37.792 37.788 37.784 37.780 37.776 37.771 37.766 37.761 37.755 37.748 37.742 37.735 37.728 37.720 37.711 37.702 37.693 37.684 37.673 37.663 37.651 37.640 37.627 37.615 37.602 37.588 37.574 37.559 37.544 37.528 37.511 37.494 37.477 37.459 37.440 37.421 37.400 37.380 37.359 37.337 37.314
34.935 34.939 34.941 34.943 34.945 34.946 34.946 34.946 34.946 34.946 34.945 34.944 34.943 34.942 34.941 34.939 34.937 34.936 34.934 34.932 34.930 34.928 34.926 34.924 34.922 34.920 34.919 34.917 34.915 34.914 34.912 34.911 34.910 34.908 34.907 34.906 34.906 34.905 34.904 34.903 34.903 34.902 34.901 34.900 34.900 34.899 34.898 34.897 34.896 34.895 34.893 34.892 34.890 34.888 34.886 34.884 34.882 34.879 34.876 34.873 34.870 34.866 34.862 34.858 34.854 34.849 34.844 34.838 34.833 34.827 34.821 34.814 34.807 34.800 34.792 34.784 34.776 34.767 34.758 34.748 34.737
30.428 30.429 30.430 30.430 30.430 30.429 30.428 30.426 30.424 30.421 30.418 30.415 30.412 30.408 30.404 30.401 30.397 30.393 30.390 30.386 30.383 30.380 30.377 30.375 30.373 30.371 30.370 30.369 30.369 30.370 30.371 30.372 30.374 30.377 30.380 30.384 30.388 30.393 30.398 30.404 30.410 30.416 30.423 30.430 30.438 30.446 30.454 30.463 30.471 30.480 30.489 30.498 30.508 30.517 30.526 30.536 30.545 30.555 30.564 30.574 30.584 30.594 30.603 30.613 30.622 30.632 30.642 30.651 30.661 30.671 30.681 30.691 30.701 30.711 30.721 30.731 30.742 30.752 30.762 30.772 30.783
22.967 22.965 22.961 22.957 22.952 22.946 22.939 22.932 22.924 22.915 22.906 22.897 22.888 22.878 22.869 22.859 22.850 22.841 22.832 22.824 22.817 22.811 22.805 22.800 22.797 22.794 22.793 22.793 22.795 22.798 22.803 22.808 22.816 22.826 22.836 22.849 22.862 22.877 22.894 22.913 22.932 22.953 22.976 23.000 23.026 23.052 23.081 23.110 23.141 23.172 23.205 23.238 23.274 23.310 23.347 23.384 23.423 23.462 23.502 23.544 23.586 23.628 23.672 23.716 23.761 23.806 23.852 23.900 23.949 24.000 24.051 24.103 24.156 24.210 24.264 24.318 24.372 24.427 24.482 24.538 24.595
11.122 11.115 11.106 11.093 11.077 11.061 11.049 11.041 11.032 11.022 11.010 10.996 10.979 10.963 10.951 10.942 10.936 10.930 10.923 10.915 10.905 10.899 10.898 10.901 10.907 10.915 10.922 10.928 10.938 10.955 10.976 10.999 11.023 11.046 11.068 11.094 11.126 11.165 11.206 11.249 11.290 11.332 11.379 11.429 11.482 11.537 11.592 11.648 11.707 11.769 11.834 11.899 11.964 12.030 12.099 12.172 12.247 12.323 12.399 12.477 12.557 12.640 12.724 12.810 12.898 12.987 13.077 13.172 13.274 13.383 13.496 13.612 13.728 13.846 13.964 14.084 14.206 14.332 14.455 14.581 14.708
nan nan nan nan nan nan nan nan nan nan nan nan nan nan nan nan nan nan nan nan nan nan nan nan nan nan nan nan nan nan nan nan nan nan nan nan nan nan nan nan nan nan nan nan nan nan nan nan nan nan nan nan nan nan nan nan nan nan nan nan nan nan nan nan nan nan nan nan nan 0.401 0.972 1.256 1.493 1.694 1.868 2.024 2.204 2.436 2.537 2.753 2.935
nan nan nan nan nan nan nan nan nan nan nan nan nan nan nan nan nan nan nan nan nan nan nan nan nan nan nan nan nan nan nan nan nan nan nan nan nan nan nan nan nan nan nan nan nan nan nan nan nan nan nan nan nan nan nan nan nan nan nan nan nan nan nan nan nan nan nan nan nan nan nan nan nan nan nan nan nan nan nan nan nan
nan nan nan nan nan nan nan nan nan nan nan nan nan nan nan nan nan nan nan nan nan nan nan nan nan nan nan nan nan nan nan nan nan nan nan nan nan nan nan nan nan nan nan nan nan nan nan nan nan nan nan nan nan nan nan nan nan nan nan nan nan nan nan nan nan nan nan nan nan nan nan nan nan nan nan nan nan nan nan nan nan
nan nan nan nan nan nan nan nan nan nan nan nan nan nan nan nan nan nan nan nan nan nan nan nan nan nan nan nan nan nan nan nan nan nan nan nan nan nan nan nan nan nan nan nan nan nan nan nan nan nan nan nan nan nan nan nan nan nan nan nan nan nan nan nan nan nan nan nan nan nan nan nan nan nan nan nan nan nan nan nan nan
nan nan nan nan nan nan nan nan nan nan nan nan nan nan nan nan nan nan nan nan nan nan nan nan nan nan nan nan nan nan nan nan nan nan nan nan nan nan nan nan nan nan nan nan nan nan nan nan nan nan nan nan nan nan nan nan nan nan nan nan nan nan nan nan nan nan nan nan nan nan nan nan nan nan nan nan nan nan nan nan nan
nan nan nan nan nan nan nan nan nan nan nan nan nan nan nan nan nan nan nan nan nan nan nan nan nan nan nan nan nan nan nan nan nan nan nan nan nan nan nan nan nan nan nan nan nan nan nan nan nan nan nan nan nan nan nan nan nan nan nan nan nan nan nan nan nan nan nan nan nan nan nan nan nan nan nan nan nan nan nan nan nan
nan nan nan nan nan nan nan nan nan nan nan nan nan nan nan nan nan nan nan nan nan nan nan nan nan nan nan nan nan nan nan nan nan nan nan nan nan nan nan nan nan nan nan nan nan nan nan nan nan nan nan nan nan nan nan nan nan nan nan nan nan nan nan nan nan nan nan nan nan nan nan nan nan nan nan nan nan nan nan nan nan
nan nan nan nan nan nan nan nan nan nan nan nan nan nan nan nan nan nan nan nan nan nan nan nan nan nan nan nan nan nan nan nan nan nan nan nan nan nan nan nan nan nan nan nan nan nan nan nan nan nan nan nan nan nan nan nan nan nan nan nan nan nan nan nan nan nan nan nan nan nan nan nan nan nan nan nan nan nan nan nan nan
nan nan nan nan nan nan nan nan nan nan nan nan nan nan nan nan nan nan nan nan nan nan nan nan nan nan nan nan nan nan nan nan nan nan nan nan nan nan nan nan nan nan nan nan nan nan nan nan nan nan nan nan nan nan nan nan nan nan nan nan nan nan nan nan nan nan nan nan nan nan nan nan nan nan nan nan nan nan nan nan nan
nan nan nan nan nan nan nan nan nan nan nan nan nan nan nan nan nan nan nan nan nan nan nan nan nan nan nan nan nan nan nan nan nan nan nan nan nan nan nan nan nan nan nan nan nan nan nan nan nan nan nan nan nan nan nan nan nan nan nan nan nan nan nan nan nan nan nan nan nan nan nan nan nan nan nan nan nan nan nan nan nan
nan nan nan nan nan nan nan nan nan nan nan nan nan nan nan nan nan nan nan nan nan nan nan nan nan nan nan nan nan nan nan nan nan nan nan nan nan nan nan nan nan nan nan nan nan nan nan nan nan nan nan nan nan nan nan nan nan nan nan nan nan nan nan nan nan nan nan nan nan nan nan nan nan nan nan nan nan nan nan nan nan
nan nan nan nan nan nan nan nan nan nan nan nan nan nan nan nan nan nan nan nan nan nan nan nan nan nan nan nan nan nan nan nan nan nan nan nan nan nan nan nan nan nan nan nan nan nan nan nan nan nan nan nan nan nan nan nan nan nan nan nan nan nan nan nan nan nan nan nan nan nan nan nan nan nan nan nan nan nan nan nan nan
nan nan nan nan nan nan nan nan nan nan nan nan nan nan nan nan nan nan nan nan nan nan nan nan nan nan nan nan nan nan nan nan nan nan nan nan nan nan nan nan nan nan nan nan nan nan nan nan nan nan nan nan nan nan nan nan nan nan nan nan nan nan nan nan nan nan nan nan nan nan nan nan nan nan nan nan nan nan nan nan nan
nan nan nan nan nan nan nan nan nan nan nan nan nan nan nan nan nan nan nan nan nan nan nan nan nan nan nan nan nan nan nan nan nan nan nan nan nan nan nan nan nan nan nan nan nan nan nan nan nan nan nan nan nan nan nan nan nan nan nan nan nan nan nan nan nan nan nan nan nan nan nan nan nan nan nan nan nan nan nan nan nan
nan nan nan nan nan nan nan nan nan nan nan nan nan nan nan nan nan nan nan nan nan nan nan nan nan nan nan nan nan nan nan nan nan nan nan nan nan nan nan nan nan nan nan nan nan nan nan nan nan nan nan nan nan nan nan nan nan nan nan nan nan nan nan nan nan nan nan nan nan nan nan nan nan nan nan nan nan nan nan nan nan
nan nan nan nan nan nan nan nan nan nan nan nan nan nan nan nan nan nan nan nan nan nan nan nan nan nan nan nan nan nan nan nan nan nan nan nan nan nan nan nan nan nan nan nan nan nan nan nan nan nan nan nan nan nan nan nan nan nan nan nan nan nan nan nan nan nan nan nan nan nan nan nan nan nan nan nan nan nan nan nan nan
nan nan nan nan nan nan nan nan nan nan nan nan nan nan nan nan nan nan nan nan nan nan nan nan nan nan nan nan nan nan nan nan nan nan nan nan nan nan nan nan nan nan nan nan nan nan nan nan nan nan nan nan nan nan nan nan nan nan nan nan nan nan nan nan nan nan nan nan nan nan nan nan nan nan nan nan nan nan nan nan nan
nan nan nan nan nan nan nan nan nan nan nan nan nan nan nan nan nan nan nan nan nan nan nan nan nan nan nan nan nan nan nan nan nan nan nan nan nan nan nan nan nan nan nan nan nan nan nan nan nan nan nan nan nan nan nan nan nan nan nan nan nan nan nan nan nan nan nan nan nan nan nan nan nan nan nan nan nan nan nan nan nan
nan nan nan nan nan nan nan nan nan nan nan nan nan nan nan nan nan nan nan nan nan nan nan nan nan nan nan nan nan nan nan nan nan nan nan nan nan nan nan nan nan nan nan nan nan nan nan nan nan nan nan nan nan nan nan nan nan nan nan nan nan nan nan nan nan nan nan nan nan nan nan nan nan nan nan nan nan nan nan nan nan
nan nan nan nan nan nan nan nan nan nan nan nan nan nan nan nan nan nan nan nan nan nan nan nan nan nan nan nan nan nan nan nan nan nan nan nan nan nan nan nan nan nan nan nan nan nan nan nan nan nan nan nan nan nan nan nan nan nan nan nan nan nan nan nan nan nan nan nan nan nan nan nan nan nan nan nan nan nan nan nan nan
nan nan nan nan nan nan nan nan nan nan nan nan nan nan nan nan nan nan nan nan nan nan nan nan nan nan nan nan nan nan nan nan nan nan nan nan nan nan nan nan nan nan nan nan nan nan nan nan nan nan nan nan nan nan nan nan nan nan nan nan nan nan nan nan nan nan nan nan nan nan nan nan nan nan nan nan nan nan nan nan nan
nan nan nan nan nan nan nan nan nan nan nan nan nan nan nan nan nan nan nan nan nan nan nan nan nan nan nan nan nan nan nan nan nan nan nan nan nan nan nan nan nan nan nan nan nan nan nan nan nan nan nan nan nan nan nan nan nan nan nan nan nan nan nan nan nan nan nan nan nan nan nan nan nan nan nan nan nan nan nan nan nan
nan nan nan nan nan nan nan nan nan nan nan nan nan nan nan nan nan nan nan nan nan nan nan nan nan nan nan nan nan nan nan nan nan nan nan nan nan nan nan nan nan nan nan nan nan nan nan nan nan nan nan nan nan nan nan nan nan nan nan nan nan nan nan nan nan nan nan nan nan nan nan nan nan nan nan nan nan nan nan nan nan
