data/IdealizedTopo/Outputs_IdealizedTopo/release1HS_01IdealizedTopo_null_com1DFA_pfv.asc
ncols 1001
nrows 301
xllcenter 1000.00
yllcenter -5000.00
cellsize 5.00
nodata_value nan
[rows 135 to 161 of 301, columns 372 to 433 of 1001]
0 0 0 0 0 0 0 0 0 0 0 0 0 0 0 0 0 0 0 0 0 0 0 0 0 0 0 0 0 0 0 0 0 0 0 0 0 0 0 0 0 0 0 0 0 0 0 0 0 0 0 0 0 0 0 0 0 0 0 0 0 0
0 0 0 0 0 0 0 0 0 0 0 0 0 0 0 0 0 0 0 0 0 0 0 0 0 0 0 0 0 0 0 0 0 0 0 0 0 0 0 0 0 0 0 0 0 0 0 0 0 0 0 0 0 0 0 0 0 0 0 0 0 0
0 0 0 0 0 0 0 0 0 0 0 0 0 0 0 0 0 0 0 0 0 0 0 0 0 0 0 0 0 0 0 0 0 0 0 0 0 0 0 0 0 0 0 0 0 0 0 0 0 0 0 0 0 0 0 0 0 0 0 0 0 0
0 0 0 0 0 0 0 0 0 0 0 0 0 0 0 0 0 0 0 0 0 0 0 0 0 0 0 0 0 0 0 0 0 0 0 0 0 0 0 0 0 0 0 0 0 0 0 0 0 0 0 0 0 0 0 0 0 0 0 0 0 0
0 0 0 0 0 0 0 0 0 0 0 0 0 0 0 0 0 0 0 0 0 0 0 0 0 0 0 0 0 0 0 0 0 0 0 0 0 0 0 0 0 0 0 0 0 0 0 0 0 0 0 0 0 0 0 0 0 0 0 0 0 0
0 0 0 0 0 0 0 0 0 0 0 0 0 0 0 0 0 0 0 0 0 0 0 0 0 0 0 0 0 0 0 0 0 0 0 0 0 0 0 0 0 16.89239091544483 16.90564381507464 16.90564381507464 16.75154881932338 16.62428757603272 16.47536764499709 17.3611465495579 17.3611465495579 18.38606309186566 18.38606309186565 18.21323843195487 18.16809985791062 18.0281647244309 18.16994839852359 18.16994839852359 17.85213206242655 17.59690808785098 17.50809966766739 17.50809966766739 17.19431717420781 16.87329988358496
0 0 0 0 0 0 0 0 0 0 0 0 0 0 0 0 0 0 0 19.23540291025946 19.23540291025946 20.55138152731652 20.55138152731652 20.38115578457698 20.26385713628266 20.16553321169918 20.0727741533498 20.7492169681823 20.7492169681823 20.59674047764401 20.50325067755691 20.30900711449653 20.15341992430555 20.98031568571767 20.8758945214398 20.72289936838452 20.54925623572911 20.39885476447893 20.22843756515499 20.87713665363984 20.87713665363984 20.73624996686786 20.59280547714978 20.46610852686681 20.7338428059273 20.7338428059273 20.53818410854343 20.40038111565895 20.28589420037971 20.63212449486326 20.63212449486326 20.52373686057235 20.40838647989248 20.23280542579467 20.27477986673363 20.20260999631407 19.96217765126062 19.68902159101049 19.76797006632041 19.41237410087663 19.0484844103634 18.66151682077144
23.64611592723752 24.03383284998033 24.03383284998033 23.86483531925102 23.69614170234324 23.53749669845602 23.43214156319967 23.83257582350737 23.83257582350737 23.7873170548235 23.84843601389 23.76754139830648 23.60363692668004 23.4916625375734 23.27456406962812 23.14710487188287 23.62318804341853 23.77236719989216 23.77236719989216 23.57154814145353 23.59190961448978 23.61612364620772 23.4387212630497 23.26938434737304 23.12688685782213 23.06197286731778 23.71136095288244 23.57566146629398 23.43988501101979 23.30168111685366 23.08254333981231 22.8530260017482 23.31025028204328 23.31025028204328 23.12034989330501 23.03056887890838 22.85235503401946 22.66808382135661 23.11636185396931 23.01248758916845 22.82666969674298 22.63829465576419 22.4981031060701 22.78590202605039 22.61026346084671 22.42284647230478 22.62065098057893 22.45549694468815 22.30091536415348 22.16195121407534 22.0245757556571 22.53547197570789 22.39496607863813 22.13864154324396 21.83096462207811 21.51445104677077 21.66039191790766 21.41626385541372 21.28223738180586 20.92856115354236 20.65905561888752 20.38908627259446
26.03663164753395 26.50282068495058 26.64628303558895 26.53609367997005 26.42021746554463 26.26579521015932 26.02359840645235 26.33815626926746 26.25604469925475 26.15082376872304 26.02556430040885 25.85674412684919 25.66147395361662 26.07375464698015 26.07375464698015 25.96456342338072 25.80384837024927 25.65977429665677 25.50829571245475 25.32521769978571 25.13104966003329 25.71655964819453 25.70486667190888 25.51832450444616 25.3744274971766 25.2157898958673 25.02180993119424 25.34325681271332 25.18318970531275 25.07564820851281 24.85074472134901 24.690914544595 25.071322699593 24.98625230123079 24.76409291874831 24.72249600249257 24.62421735638761 24.47731604937169 24.31154788246364 24.09672178443969 24.70773662475607 24.53935284387108 24.34237164766576 24.18005875796804 23.95717769616491 23.89709213847979 24.18873916978299 24.09119984522815 23.97440009623853 23.80352605933345 23.83814651760582 23.71883458885847 23.57142835891321 23.43618422987724 23.44493253180171 23.17019434477464 22.89982715275406 22.48469251769483 22.18970396035231 21.8009378302854 22.16313262616053 21.39036258056775
27.92740527615372 28.40102624657274 28.30010633464427 28.11055733145594 27.96759959065087 27.81451935238222 27.64055486933374 27.45594185251882 27.27217395060363 27.9278855333605 27.94013102226681 27.77937674193573 27.64030595716931 27.49541204634872 27.33353229025402 27.48585176811469 27.35397653094109 27.2303276561878 27.08818862986643 26.92744582902969 26.66569373726304 27.31903066113336 27.15891135463932 26.94208134888921 26.80605698698875 26.66666634976886 26.51933534444944 26.36400229187415 26.20718176113963 26.75945621610605 26.61741106623908 26.11954781146532 26.22556289907624 26.06670088847067 26.18535229309625 26.22955803267502 26.14121302132392 25.97980095162261 25.93965357205612 25.81016622436602 25.69211536129011 25.50206842454753 25.36185508664983 25.21101928703762 25.62551071313318 25.46908424104929 25.25792482674897 25.09755684505818 24.92473219210465 24.72522945752322 24.52803251344164 25.01024885592417 24.95048876996864 24.78219752263588 24.80599778613198 24.4938832678286 24.22677754123899 23.83704786514406 23.54435681549052 23.09193169653199 22.83595776147883 22.93214536233638
29.53422633647831 29.40119510307758 29.47862490536161 29.36261765530951 29.24496794312252 29.13238766041138 29.00994503335859 28.87609260413237 28.73180186062546 29.29715368678675 29.17417224922458 28.88786111665216 28.75966730749339 28.64852129822287 28.46045010185475 28.30682274930097 28.19072334262972 28.10408985168863 27.99811657711422 27.91004575202233 27.98972051862119 28.07513475054066 27.50949374959975 28.32247833807556 28.15889876711321 27.98972093143662 27.80570574432597 27.68148213235616 27.58489542409555 27.44499652582111 27.30802141103562 27.14602137403213 27.12665847395344 27.2744921870002 27.45129884897953 27.29627326891639 26.8108785737452 26.93120113599982 26.75848975065649 26.59879719129891 26.90627641766124 26.8707269060104 26.73328016795789 26.50199824948376 26.37484819091508 26.23877258532704 26.09104126565442 25.89907784457432 25.77098278209422 25.7453599412926 25.59670704326617 25.55984722486096 25.91833780110818 25.79749894156383 25.61895787548898 25.26978597964318 25.0235642154125 24.76249850758598 24.35184096546794 24.58076027812814 24.00739915713278 23.81625435444368
30.37689330594615 30.27132836814371 30.1536314090786 30.02748015180165 29.90227699044595 29.77233957557091 29.65177896833649 29.5592970759945 29.47801599164044 29.41154132099328 29.34046558901722 29.36689759202638 29.68756641080665 29.57432050139816 29.47392758376582 29.35150564354855 29.23158301482713 29.14092925880806 29.05104324394289 28.96647654220111 28.87954827108868 28.79193269212421 28.69761494079977 28.57586375288691 28.4427966455254 28.35727736686671 28.86929627646622 28.73686619139501 28.60977678321112 28.49329090911915 28.38143043918519 28.2669816577004 28.15159960160624 28.02884162033514 27.81377897745059 27.68591373554388 27.56665493969 27.50020905019374 27.84432156330484 27.72396403152879 27.50315181985843 27.35764818156083 27.23369691515734 27.12582340335092 27.02024919760816 26.88075507142832 26.79812166871419 26.73043241194982 26.76972100121257 26.54485084746197 26.47993477447593 26.40637678719718 26.69893781842166 26.48246461974625 26.27130881634861 26.03615189769743 25.80518795125262 25.40066042443843 25.12069963810126 24.83039259339602 24.44795494841897 24.12906506889288
31.12339221230913 31.06206610005625 31.00144743133423 30.93775083613355 30.87449323700909 30.81216896312607 30.75162190254805 30.93732177157303 30.83315189902019 30.70762910498967 30.58310780367732 30.46911272308191 30.36360904518277 30.26662087303471 30.19485577730138 30.12510209554983 30.05363332496941 29.98173554507714 29.91321880053954 29.84751671418302 29.77648508174799 29.7011749673402 29.62448773594628 29.54667541253724 29.46832063420186 29.39337683018712 29.31736361198824 29.24156035318988 29.16586600542498 29.09093281011538 29.01720201610102 28.93954535868906 28.85827593575237 28.97323225531234 28.87046723879938 28.75962338689479 28.49434418049873 28.40558250556723 28.31949298370809 28.23844346235975 28.16131583103905 28.08486479556283 27.99676320631817 27.91107207797037 27.82266703421858 27.73433796385843 27.65133758565575 27.57053682977755 27.48911035451586 27.48095528209328 27.32146450788283 27.27220292938978 27.18067957092886 27.00205534480279 26.80748497869975 26.58535671631193 26.35429907785514 26.11088060423682 25.68788889788347 25.39396990119056 25.11534892827811 24.82827718925572
31.98465916083539 31.92313580474508 31.86146173119364 31.79597489643023 31.7302076383063 31.66649389912186 31.597963748804 31.52712282792809 31.45547355573502 31.38294386917918 31.30963686121871 31.23358687650198 31.15719389195142 31.08172509452631 31.00627669414095 30.92907700479951 30.84955788055733 30.76879766767973 30.68697234976217 30.60740139252028 30.52661695763621 30.44355947661698 30.35983739661331 30.2775519164005 30.19584911084581 30.11299640004044 30.02977140502774 29.94682712160144 29.8628302943252 29.77842086883252 29.69533487975995 29.61271373378677 29.52839191442015 29.44425248277009 29.35830364992259 29.27416421685782 29.18845113307605 29.10111271099312 29.01291626693651 28.9242661662208 28.83529442766998 28.74560311436717 28.65739219231442 28.57126200210825 28.48507230946437 28.39787132520143 28.31107417494557 28.22430775332971 28.1376169862772 28.05211210134441 27.96439126614217 27.87190738279337 27.75881724712339 27.5766554858678 27.32186895339748 27.03800915745345 26.73100187889422 26.40576440906376 26.06541003194172 25.77438895968884 25.34256877745054 25.04403634338797
32.51057018972197 32.44374670674923 32.37626504384098 32.30596445330113 32.23540935285074 32.16593721702404 32.09562651839948 32.02328318778073 31.94909086498352 31.87391229979878 31.79838210214497 31.72078165699727 31.64189796094071 31.56185784018823 31.48198931968741 31.40269726007914 31.32270604245023 31.24124669547212 31.15844982527018 31.0745397394217 30.98913674735387 30.90213147765366 30.81466152033397 30.72643381712948 30.63842100535882 30.55025214989048 30.46195522592136 30.37463181021158 30.28722831110514 30.19959111901012 30.11180449352209 30.02387988784105 29.93573820973554 29.84764238338769 29.75964565923378 29.67151527842955 29.58295576137045 29.49387338087073 29.40454255142861 29.31474434354899 29.22383706044815 29.13211263350095 29.04015583444998 28.94871692825024 28.85797624889141 28.76725255792024 28.67622032357174 28.58467692580589 28.49308361135653 28.40263945414941 28.31187831614391 28.21703932014814 28.09964609055632 27.90980829575725 27.64626273798855 27.35795947480727 27.04920303998472 26.7255331230706 26.38455901068259 26.02569364481299 25.69112682889761 25.39791299099785
32.67778293435786 32.6087521303082 32.53844490613593 32.46708212792763 32.39419655973376 32.32107539998781 32.24728187128248 32.17297477118763 32.09832471618776 32.02306930613632 31.94707898160272 31.86936435166947 31.79040077566422 31.71069870591366 31.63003809688604 31.54940521298938 31.46812626040452 31.38579059981116 31.30264644248172 31.21871238147593 31.13433927474439 31.04941417799466 30.9643573401448 30.87866109343751 30.79230940892628 30.70564386978109 30.61840011209257 30.53042948103967 30.44176659777527 30.35266498033134 30.26301954106666 30.17279475716891 30.08192628573303 29.9904215948265 29.89819353261014 29.80520868581792 29.71183694518565 29.6189532572264 29.52555071013225 29.43179420509831 29.33757781203665 29.24500767279151 29.15332298032522 29.0612490739524 28.97016317364198 28.87946750001726 28.78876024175775 28.69734434101143 28.60530683976726 28.5134042804209 28.42440704263677 28.33438982471949 28.21892256583806 28.03156621840637 27.77147930214333 27.48205943248374 27.1736783780415 26.84711382910219 26.50498877765247 26.14609055981998 25.77302933672453 25.39791299099785
32.49430529490861 32.42420721224961 32.35504876702692 32.28505782532019 32.21288299474746 32.13910288736082 32.06544882228914 31.99087931643465 31.91382720174909 31.83812374571593 31.76276581150911 31.68680690379425 31.60973199642197 31.53129773499875 31.45282856606988 31.3748048251463 31.29610553850573 31.21676711606302 31.13580617881345 31.05364480127135 30.97051228923356 30.88834304006608 30.80524705975123 30.72140690203246 30.63709059728138 30.55244643379673 30.46748359835894 30.38236386765254 30.2960309431416 30.20832025319125 30.11960966108591 30.0304527199347 29.94150567112152 29.85246674042326 29.76325450875417 29.67392160457492 29.58373901022935 29.49233955037272 29.40059414540384 29.30790113563981 29.21438642020004 29.1204039804944 29.02756539572454 28.93575626452676 28.84387293976088 28.75135563364099 28.65828897177496 28.56672004944863 28.47608499714823 28.38423465562517 28.29332818799637 28.20079650750688 28.08784170285165 27.90285721168954 27.64554465850132 27.35381034856858 27.04909659817234 26.72450750364365 26.38479275107874 26.03120076333512 25.66301854615498 25.27349418847702
31.94924503579517 31.88221352486388 31.81360968467243 31.74554594519573 31.67792274858988 31.60727553398432 31.53411655218497 31.46192542922138 31.39211024128472 31.32248348963385 31.25172274009588 31.1791257828381 31.1051323064763 31.03134614597371 30.95807527930173 30.88121548763238 30.80216423291092 30.72223116397388 30.64120237638524 30.56188343047968 30.48322663942073 30.40319493612045 30.32221851992117 30.24086592432072 30.158531277967 30.07589761059386 29.98980625561643 29.90509690808125 29.82390709463164 29.74367955605823 29.66271613668036 29.58054159989433 29.4966028747987 29.41213177355306 29.32793669537565 29.24562042679109 29.16314558998679 29.07948765573795 28.99383417565187 28.90667562862937 28.81823816080146 28.73142419343768 28.64670458179412 28.558799128334 28.47187662878909 28.37967157168557 28.28917979739898 28.19862146927293 28.10681342597072 28.01658245978062 27.92783140279955 27.83475815806901 27.71908579895388 27.53794094022312 27.28858040640818 27.00513399972836 26.7000539180352 26.37738433211171 26.0966495047626 25.82938791827136 25.40684963094851 25.12944527846771
31.09056465071468 31.02381248975832 30.95500961440272 30.89024533634026 30.82218368217827 30.75386646600181 30.68576067349766 30.61895717499691 30.55092792246725 30.48364859254755 30.41743193490753 30.34848320293568 30.27729401774175 30.20672384383238 30.35974031223777 30.27650593443563 30.17575679144882 30.06464329510809 29.9501547005226 29.83833157428395 29.72856182005979 29.62059667454827 29.53794169700946 29.47110780792513 29.39981126722247 29.3256079984583 29.24953799584384 29.17033622967067 29.08821029518554 29.16815769398521 29.05798853419894 28.94242595083166 28.8177504402585 28.69683881609034 28.60531792504886 28.5153923769381 28.42837956673647 28.34925231530571 28.26898605137633 28.18330995287175 28.0994131340334 28.0235269982798 27.94984428460604 27.87454640732053 27.79145290901337 27.70861297118824 27.6263117621837 27.54669574296168 27.57736096649531 27.37523933961521 27.29263942423029 27.24507492626608 27.16892376524979 26.98448978866223 26.78872300078959 26.57851981900445 26.35346834285157 25.95790216538956 25.66940874224587 25.37954435829049 25.09255558921969 24.67120536089675
30.48381095304991 30.34926131431909 30.2142248475072 30.09233011409526 29.97781596211938 29.93904433608918 30.18737198375778 30.08641481187243 29.97626748132845 29.73367859853622 29.64608184345539 29.56167184902334 29.4623361825139 29.6565875618905 29.54277752380384 29.42537280288673 29.31078981474328 29.19277377629178 29.07433209110286 28.95237864074942 28.83738434877475 28.72253270962787 28.6045157070635 28.49745242367787 29.03983357381274 28.91709476443302 28.7790761612067 28.64095720493325 28.51218913169644 28.39826879778751 28.2142569412826 28.08384360938544 27.9493626396879 28.26033106730441 28.17028588079376 28.06600616232821 27.95941862432363 27.75881078871967 27.62282980935213 27.49735221372105 27.38437802565267 27.26949170800193 27.07338536598852 26.96661613066549 26.89603522236151 27.17452950653839 27.06393692082738 26.92173226238335 26.726765184013 26.58336607746974 26.45858344676487 26.33398696225289 26.23949628505499 26.16158520924743 26.11427798813397 26.35154872210735 25.48713094924936 25.31670470113498 25.30776606284599 25.01208999708046 24.40931462272304 24.26474914682534
29.30935937749224 29.19162596419831 29.09319965595789 28.98507632741654 28.87322037026498 28.85511520919157 29.20115182364119 28.58054566438889 28.46323496291073 28.33296521516642 29.19602697914318 29.05899878773636 28.89215920459023 28.75000728857372 28.6267320056499 28.50162534517532 28.37583539687796 28.22915794469841 28.07384774139334 28.07451063639696 28.37725220607608 28.25807256472635 28.05778694984953 27.89075466472372 27.74054537795794 27.60809317675776 27.47062964987667 27.42100110594358 27.75694749255636 27.6387791496882 27.41725488942136 27.26555904891173 27.12192759690435 26.9944305886735 26.86441348615364 26.70960499844075 26.56547146627366 26.46089377699931 27.17632320137869 27.05833976828598 26.91342054767587 26.67091061192202 26.54070111399338 26.41088746367627 26.22022655705634 26.12689322041743 25.98091012992862 26.38559230278944 26.2691596853511 26.15108333678874 25.91239210949053 25.75607526667252 25.60413763560559 25.36164038336777 25.16118427119642 24.81190237841305 24.47567108891781 25.09433474430761 24.64575797018979 24.26658568589264 23.95821196480811 23.49206293797046
28.22499347727517 28.08763288750901 27.92657581154069 27.77628753179885 27.61538810682069 27.52312572022348 27.40676586618734 27.99530267793587 27.91847183366923 27.76972678904708 27.591545048291 27.46415689852414 27.47895326242385 27.32343256584635 27.20952538524428 27.06988377585624 26.89493394762738 26.76842683307605 27.3428747635121 27.21140370923046 27.070391134643 26.82561511995049 26.70015128950281 27.14633642002863 27.05176919568291 26.88686593240507 26.71973152047438 26.54872210443323 26.38460554110883 26.2194078809571 26.11343118797067 26.55923264936784 26.43416525314721 26.30722917454291 26.15862931051239 26.00767763309007 25.79839656872969 25.58452165069222 25.39171328525354 25.82498463871922 25.72050432419403 25.59885655248153 25.44928037286454 25.29068085580587 25.08844810251763 25.01101722296081 25.46683946791873 24.77511898412156 24.86058647013837 24.98553269027043 25.204405754377 25.06851100703492 24.9137055977573 24.72885445096974 24.51010423771893 24.15058952891673 23.85202844956023 24.05261657651868 23.29421010723458 23.49962494453137 23.11069309835895 22.80361204352244
25.89328147958069 26.53268570318119 26.36024587219519 26.52456772225907 26.44997160756528 26.27809352090495 26.43788796301551 26.37054851023492 26.24001219629624 26.02055746794756 25.85353508351595 25.88102340314038 26.03359842239938 25.9117292727111 25.81637784297588 25.69149979687267 25.47867879738763 25.32462504566315 25.81492753431415 25.62496349895244 25.48750019183096 25.38112114640472 25.20180456311749 25.38638470677846 25.2118493866449 25.09355982967537 24.93588335820564 24.67995739984022 24.51326849445794 25.23925356904674 25.07263078554941 24.90671339858482 24.7927274719942 24.58024110488203 25.09659992237558 24.97854962171807 24.78215104280779 24.61537416186022 24.45499454113347 24.30846366643712 24.083811256523 24.22321685369161 24.48266398920082 24.26857203463492 24.12739289194477 23.95552069608796 23.77569082910878 23.60090839373368 23.40719743850539 23.22258851787241 23.82298975217212 23.68630009623754 23.55950711477625 23.34572601915316 23.06903220503166 22.80129533000661 23.21969048285047 22.93161225340414 22.50836167992742 22.18510806024904 21.72429295062395 21.61671888361949
23.66503753688438 23.50373774913 23.30852810727577 23.90815792411724 23.93351791382691 23.81880609270111 23.71045625144594 23.52039870349845 23.44901973877109 23.82517992460193 23.82552259227426 23.62178062054584 23.49448205282431 23.32561100949942 23.16913470886799 23.02782970497994 23.83757475961517 23.83757475961517 23.67205401692562 23.52208439653376 23.29770644970405 23.73229588144824 23.58807130766365 23.42873679384178 23.5594734220412 23.51640117970271 23.36589006930486 23.1616224560517 22.99387293844039 23.22547214575098 23.22547214575098 23.05011841334302 22.82327632082045 22.66764607761723 22.54430594352354 22.80404418899456 22.68217601166109 22.6157455694886 22.47586493290339 22.30394535000652 22.13217451931068 22.80923588468444 22.6613948065728 22.5602658224399 22.70923162319959 22.6192901223797 22.44141622314194 22.50991256394838 22.35771628389419 22.23558994487635 22.04801182407775 21.86229319112026 22.2095217116416 22.07547447631908 21.80014830094711 21.47727640551889 21.12052570860678 20.84534258298872 20.65535376347101 20.90042375013443 20.47240292669719 20.4214535637751
0 0 0 0 0 0 0 0 0 0 0 0 0 0 0 0 0 0 0 0 0 19.98544840465204 19.98544840465204 19.86356612685995 19.75172302160792 20.42803991234518 20.42803991234518 20.74299016975106 20.74299016975106 20.59306163591673 20.43203131911429 20.76174205926681 20.76174205926681 20.70740272068836 20.64165643433715 20.50889480150322 20.72965735311852 20.72965735311852 20.70527902171907 20.52448039028966 20.39848614092791 20.25277352432197 20.59978809380734 20.59978809380734 20.42659096035967 20.29393590434306 20.18525318295787 20.58129446633901 20.52596806339371 20.39795938505148 20.31253422712757 20.21034955642476 20.06200405461448 20.50553991284466 20.39480709158399 20.07455402020294 20.00779751451588 19.66445238997042 19.38092485711259 19.40906452706681 19.08893801714465 18.78107329299202
0 0 0 0 0 0 0 0 0 0 0 0 0 0 0 0 0 0 0 0 0 0 0 0 0 0 0 0 0 0 0 0 0 0 0 0 0 0 0 0 0 0 0 0 0 0 0 17.92311762729659 17.92311762729659 17.83633602890611 18.20016301828757 18.20016301828757 18.1562959369469 18.04543207399303 17.92607863245076 17.68951434503353 17.56138011450508 17.56138011450508 17.32039139965052 17.04670522362331 16.94682684512291 17.01990969785626
0 0 0 0 0 0 0 0 0 0 0 0 0 0 0 0 0 0 0 0 0 0 0 0 0 0 0 0 0 0 0 0 0 0 0 0 0 0 0 0 0 0 0 0 0 0 0 0 0 0 0 0 0 0 0 0 0 0 0 0 0 0
