data/IdealizedTopo/Outputs_IdealizedTopo/release1hs_01_null_flo2d_pft.asc
ncols         1001
nrows         301
xllcorner     997.5
yllcorner     -5002.5
cellsize      5
NODATA_value  -9999
[rows 136 to 169 of 301, columns 385 to 461 of 1001]
-9999 -9999 -9999 -9999 -9999 -9999 -9999 -9999 -9999 -9999 -9999 -9999 -9999 -9999 -9999 -9999 -9999 -9999 -9999 -9999 -9999 -9999 -9999 -9999 -9999 -9999 -9999 -9999 -9999 -9999 -9999 -9999 -9999 -9999 -9999 -9999 -9999 -9999 -9999 -9999 -9999 -9999 -9999 -9999 -9999 -9999 -9999 -9999 -9999 -9999 -9999 -9999 -9999 -9999 -9999 -9999 -9999 -9999 -9999 -9999 -9999 -9999 -9999 -9999 -9999 -9999 -9999 -9999 -9999 -9999 -9999 -9999 -9999 -9999 -9999 -9999 -9999
-9999 -9999 -9999 -9999 -9999 -9999 -9999 -9999 -9999 -9999 -9999 -9999 -9999 -9999 -9999 -9999 -9999 -9999 -9999 -9999 -9999 -9999 -9999 -9999 -9999 -9999 -9999 -9999 -9999 -9999 -9999 -9999 -9999 -9999 -9999 -9999 -9999 -9999 -9999 -9999 -9999 -9999 -9999 -9999 -9999 -9999 -9999 -9999 -9999 -9999 -9999 -9999 -9999 -9999 -9999 -9999 -9999 -9999 -9999 -9999 -9999 -9999 -9999 -9999 -9999 -9999 -9999 -9999 -9999 -9999 -9999 -9999 -9999 -9999 -9999 -9999 -9999
-9999 -9999 -9999 -9999 -9999 -9999 -9999 -9999 -9999 -9999 -9999 -9999 -9999 -9999 -9999 -9999 -9999 -9999 -9999 -9999 -9999 -9999 -9999 -9999 -9999 -9999 -9999 -9999 -9999 -9999 -9999 -9999 -9999 -9999 -9999 -9999 -9999 -9999 -9999 -9999 -9999 -9999 -9999 -9999 -9999 -9999 -9999 -9999 -9999 -9999 -9999 -9999 -9999 -9999 -9999 -9999 -9999 -9999 -9999 -9999 -9999 -9999 -9999 -9999 -9999 -9999 -9999 -9999 -9999 -9999 -9999 -9999 -9999 -9999 -9999 -9999 -9999
-9999 -9999 -9999 -9999 -9999 -9999 -9999 -9999 -9999 -9999 -9999 -9999 -9999 -9999 -9999 -9999 -9999 -9999 -9999 -9999 -9999 -9999 -9999 -9999 -9999 -9999 -9999 -9999 -9999 -9999 -9999 -9999 -9999 -9999 -9999 -9999 -9999 -9999 -9999 -9999 -9999 -9999 -9999 -9999 -9999 -9999 -9999 -9999 -9999 -9999 -9999 -9999 -9999 -9999 -9999 -9999 -9999 -9999 -9999 -9999 -9999 -9999 -9999 -9999 -9999 -9999 -9999 -9999 -9999 -9999 -9999 -9999 -9999 -9999 -9999 -9999 -9999
-9999 -9999 -9999 -9999 -9999 -9999 -9999 -9999 -9999 -9999 -9999 -9999 -9999 -9999 -9999 -9999 -9999 -9999 -9999 -9999 -9999 -9999 -9999 -9999 -9999 -9999 -9999 -9999 -9999 -9999 -9999 -9999 -9999 -9999 -9999 -9999 -9999 -9999 -9999 -9999 -9999 -9999 -9999 -9999 -9999 -9999 -9999 -9999 -9999 -9999 -9999 -9999 -9999 -9999 -9999 -9999 -9999 -9999 -9999 -9999 -9999 -9999 -9999 -9999 -9999 -9999 -9999 -9999 -9999 -9999 -9999 -9999 -9999 -9999 -9999 0.466 0.871
-9999 -9999 -9999 -9999 -9999 -9999 -9999 -9999 -9999 -9999 -9999 -9999 -9999 -9999 -9999 -9999 -9999 -9999 -9999 -9999 -9999 -9999 -9999 -9999 -9999 -9999 -9999 -9999 -9999 -9999 -9999 -9999 -9999 -9999 -9999 -9999 -9999 -9999 -9999 0.204 0.273 0.36 0.384 0.379 0.294 -9999 -9999 -9999 -9999 -9999 -9999 -9999 -9999 -9999 -9999 -9999 -9999 -9999 -9999 -9999 -9999 -9999 -9999 -9999 -9999 -9999 -9999 -9999 -9999 0.571 0.669 0.768 0.879 0.97 1.044 1.124 1.357
0.23 0.257 0.272 0.284 0.294 0.304 0.313 0.322 0.33 0.338 0.345 0.352 0.359 0.366 0.372 0.378 0.385 0.391 0.397 0.403 0.408 0.414 0.419 0.425 0.431 0.435 0.441 0.446 0.45 0.456 0.46 0.465 0.469 0.474 0.478 0.483 0.487 0.492 0.495 0.498 0.508 0.52 0.531 0.543 0.554 0.567 0.589 0.614 0.635 0.665 0.679 0.704 0.714 0.725 0.749 0.762 0.77 0.777 0.787 0.799 0.806 0.829 0.841 0.864 0.887 0.894 0.909 0.948 0.989 1.036 1.075 1.089 1.15 1.226 1.314 1.474 1.72
0.547 0.549 0.551 0.554 0.556 0.559 0.561 0.564 0.565 0.568 0.571 0.572 0.576 0.577 0.581 0.583 0.585 0.586 0.59 0.592 0.595 0.597 0.598 0.602 0.602 0.604 0.605 0.609 0.609 0.612 0.611 0.614 0.613 0.616 0.616 0.617 0.618 0.617 0.619 0.619 0.628 0.638 0.651 0.662 0.677 0.686 0.7 0.709 0.72 0.731 0.756 0.767 0.784 0.789 0.798 0.82 0.829 0.836 0.851 0.858 0.866 0.876 0.896 0.918 0.937 0.963 0.986 1.008 1.042 1.079 1.14 1.198 1.281 1.363 1.472 1.655 1.922
0.714 0.714 0.714 0.714 0.713 0.713 0.713 0.711 0.711 0.71 0.711 0.709 0.71 0.715 0.715 0.72 0.723 0.723 0.726 0.73 0.73 0.735 0.736 0.738 0.741 0.742 0.743 0.745 0.747 0.747 0.749 0.75 0.751 0.751 0.753 0.752 0.753 0.754 0.751 0.75 0.757 0.768 0.778 0.789 0.801 0.811 0.82 0.825 0.834 0.837 0.839 0.845 0.846 0.851 0.859 0.866 0.886 0.893 0.906 0.925 0.937 0.952 0.967 0.981 1.002 1.022 1.042 1.06 1.093 1.145 1.205 1.272 1.36 1.462 1.582 1.807 2.092
0.935 0.932 0.932 0.93 0.927 0.924 0.92 0.918 0.915 0.911 0.909 0.906 0.903 0.9 0.899 0.893 0.891 0.89 0.889 0.884 0.883 0.884 0.882 0.882 0.879 0.881 0.879 0.881 0.878 0.879 0.876 0.876 0.874 0.871 0.872 0.869 0.866 0.864 0.865 0.861 0.87 0.878 0.889 0.896 0.912 0.917 0.924 0.927 0.932 0.935 0.942 0.947 0.956 0.967 0.974 0.986 1.005 1.01 1.03 1.046 1.057 1.062 1.072 1.083 1.09 1.105 1.123 1.147 1.17 1.195 1.254 1.332 1.425 1.538 1.674 1.941 2.228
1.12 1.115 1.113 1.108 1.107 1.099 1.097 1.093 1.089 1.089 1.085 1.081 1.08 1.075 1.07 1.066 1.066 1.062 1.058 1.055 1.05 1.047 1.041 1.034 1.031 1.026 1.018 1.013 1.009 1.004 1 0.996 0.992 0.988 0.983 0.98 0.98 0.981 0.978 0.977 0.985 0.992 0.998 1.005 1.013 1.018 1.025 1.033 1.04 1.048 1.056 1.066 1.079 1.094 1.11 1.117 1.13 1.139 1.149 1.156 1.171 1.18 1.191 1.206 1.228 1.237 1.244 1.261 1.278 1.289 1.303 1.38 1.479 1.601 1.769 2.075 2.366
1.327 1.322 1.316 1.317 1.311 1.307 1.301 1.299 1.293 1.288 1.286 1.278 1.271 1.271 1.268 1.263 1.256 1.251 1.248 1.239 1.232 1.224 1.221 1.219 1.212 1.204 1.201 1.199 1.189 1.181 1.175 1.165 1.156 1.15 1.144 1.136 1.131 1.117 1.113 1.099 1.104 1.106 1.112 1.116 1.123 1.135 1.146 1.155 1.171 1.184 1.197 1.211 1.221 1.23 1.241 1.25 1.256 1.265 1.272 1.283 1.296 1.301 1.307 1.322 1.328 1.336 1.342 1.35 1.356 1.37 1.379 1.416 1.525 1.647 1.865 2.184 2.483
1.811 1.803 1.789 1.784 1.779 1.77 1.761 1.748 1.742 1.731 1.728 1.719 1.711 1.685 1.687 1.682 1.677 1.668 1.646 1.632 1.633 1.631 1.624 1.595 1.599 1.587 1.59 1.563 1.563 1.554 1.53 1.545 1.525 1.511 1.521 1.49 1.487 1.469 1.466 1.461 1.446 1.462 1.47 1.449 1.458 1.462 1.45 1.441 1.441 1.444 1.446 1.451 1.446 1.442 1.45 1.449 1.45 1.458 1.464 1.469 1.464 1.468 1.466 1.469 1.471 1.477 1.469 1.473 1.464 1.456 1.445 1.451 1.554 1.684 1.973 2.295 2.595
2.263 2.254 2.254 2.237 2.23 2.208 2.2 2.195 2.184 2.174 2.167 2.157 2.146 2.132 2.13 2.104 2.109 2.1 2.079 2.076 2.06 2.058 2.051 2.043 2.029 2.017 2.01 1.991 1.985 1.988 1.97 1.96 1.944 1.942 1.933 1.918 1.92 1.9 1.897 1.883 1.88 1.874 1.865 1.851 1.847 1.828 1.818 1.813 1.799 1.794 1.77 1.762 1.748 1.732 1.734 1.722 1.722 1.714 1.704 1.7 1.686 1.671 1.663 1.657 1.638 1.62 1.618 1.601 1.584 1.572 1.547 1.539 1.572 1.708 2.026 2.365 2.672
2.471 2.459 2.441 2.434 2.416 2.412 2.402 2.394 2.381 2.368 2.354 2.347 2.343 2.324 2.319 2.314 2.293 2.289 2.274 2.268 2.266 2.242 2.234 2.235 2.234 2.202 2.193 2.2 2.193 2.168 2.168 2.147 2.153 2.135 2.125 2.123 2.113 2.113 2.101 2.097 2.079 2.089 2.073 2.055 2.052 2.038 2.027 1.992 2 1.979 1.984 1.973 1.961 1.944 1.941 1.922 1.911 1.916 1.908 1.881 1.875 1.864 1.858 1.839 1.829 1.816 1.795 1.788 1.761 1.735 1.694 1.665 1.615 1.711 2.049 2.407 2.722
2.263 2.254 2.254 2.237 2.23 2.208 2.2 2.195 2.184 2.174 2.167 2.157 2.146 2.132 2.13 2.104 2.109 2.1 2.079 2.076 2.06 2.058 2.051 2.043 2.029 2.017 2.01 1.991 1.985 1.988 1.97 1.96 1.944 1.942 1.933 1.918 1.92 1.9 1.897 1.883 1.88 1.874 1.865 1.851 1.847 1.828 1.818 1.813 1.799 1.794 1.77 1.762 1.748 1.732 1.734 1.722 1.722 1.714 1.704 1.7 1.686 1.671 1.663 1.657 1.638 1.62 1.618 1.601 1.584 1.572 1.547 1.539 1.572 1.708 2.034 2.361 2.677
1.811 1.803 1.789 1.784 1.779 1.77 1.761 1.748 1.742 1.731 1.728 1.719 1.711 1.685 1.687 1.682 1.677 1.668 1.646 1.632 1.633 1.631 1.624 1.595 1.599 1.587 1.59 1.563 1.563 1.554 1.53 1.545 1.525 1.511 1.521 1.49 1.487 1.469 1.466 1.461 1.446 1.462 1.47 1.449 1.458 1.462 1.45 1.441 1.441 1.444 1.446 1.451 1.446 1.442 1.45 1.449 1.45 1.458 1.464 1.469 1.464 1.468 1.466 1.469 1.471 1.477 1.469 1.473 1.464 1.456 1.445 1.451 1.554 1.684 1.966 2.281 2.603
1.327 1.322 1.316 1.317 1.311 1.307 1.301 1.299 1.293 1.288 1.286 1.278 1.271 1.271 1.268 1.263 1.256 1.251 1.248 1.239 1.232 1.224 1.221 1.219 1.212 1.204 1.201 1.199 1.189 1.181 1.175 1.165 1.156 1.15 1.144 1.136 1.131 1.117 1.113 1.099 1.104 1.106 1.112 1.116 1.123 1.135 1.146 1.155 1.171 1.184 1.197 1.211 1.221 1.23 1.241 1.25 1.256 1.265 1.272 1.283 1.296 1.301 1.307 1.322 1.328 1.336 1.342 1.35 1.356 1.37 1.379 1.416 1.525 1.647 1.882 2.184 2.488
1.12 1.115 1.113 1.108 1.107 1.099 1.097 1.093 1.089 1.089 1.085 1.081 1.08 1.075 1.07 1.066 1.066 1.062 1.058 1.055 1.05 1.047 1.041 1.034 1.031 1.026 1.018 1.013 1.009 1.004 1 0.996 0.992 0.988 0.983 0.98 0.98 0.981 0.978 0.977 0.985 0.992 0.998 1.005 1.013 1.018 1.025 1.033 1.04 1.048 1.056 1.066 1.079 1.094 1.11 1.117 1.13 1.139 1.149 1.156 1.171 1.18 1.191 1.206 1.228 1.237 1.244 1.261 1.278 1.289 1.303 1.38 1.479 1.601 1.782 2.085 2.366
0.935 0.932 0.932 0.93 0.927 0.924 0.92 0.918 0.915 0.911 0.909 0.906 0.903 0.9 0.899 0.893 0.891 0.89 0.889 0.884 0.883 0.884 0.882 0.882 0.879 0.881 0.879 0.881 0.878 0.879 0.876 0.876 0.874 0.871 0.872 0.869 0.866 0.864 0.865 0.861 0.87 0.878 0.889 0.896 0.912 0.917 0.924 0.927 0.932 0.935 0.942 0.947 0.956 0.967 0.974 0.986 1.005 1.01 1.03 1.046 1.057 1.062 1.072 1.083 1.09 1.105 1.123 1.147 1.17 1.195 1.254 1.332 1.425 1.538 1.674 1.94 2.233
0.714 0.714 0.714 0.714 0.713 0.713 0.713 0.711 0.711 0.71 0.711 0.709 0.71 0.715 0.715 0.72 0.723 0.723 0.726 0.73 0.73 0.735 0.736 0.738 0.741 0.742 0.743 0.745 0.747 0.747 0.749 0.75 0.751 0.751 0.753 0.752 0.753 0.754 0.751 0.75 0.757 0.768 0.778 0.789 0.801 0.811 0.82 0.825 0.834 0.837 0.839 0.845 0.846 0.851 0.859 0.866 0.886 0.893 0.906 0.925 0.937 0.952 0.967 0.981 1.002 1.022 1.042 1.06 1.093 1.145 1.205 1.272 1.36 1.462 1.582 1.803 2.093
0.547 0.549 0.551 0.554 0.556 0.559 0.561 0.564 0.565 0.568 0.571 0.572 0.576 0.577 0.581 0.583 0.585 0.586 0.59 0.592 0.595 0.597 0.598 0.602 0.602 0.604 0.605 0.609 0.609 0.612 0.611 0.614 0.613 0.616 0.616 0.617 0.618 0.617 0.619 0.619 0.628 0.638 0.651 0.662 0.677 0.686 0.7 0.709 0.72 0.731 0.756 0.767 0.784 0.789 0.798 0.82 0.829 0.836 0.851 0.858 0.866 0.876 0.896 0.918 0.937 0.963 0.986 1.008 1.042 1.079 1.14 1.198 1.281 1.363 1.472 1.659 1.929
0.23 0.257 0.272 0.284 0.294 0.304 0.313 0.322 0.33 0.338 0.345 0.352 0.359 0.366 0.372 0.378 0.385 0.391 0.397 0.403 0.408 0.414 0.419 0.425 0.431 0.435 0.441 0.446 0.45 0.456 0.46 0.465 0.469 0.474 0.478 0.483 0.487 0.492 0.495 0.498 0.508 0.52 0.531 0.543 0.554 0.567 0.589 0.614 0.635 0.665 0.679 0.704 0.714 0.725 0.749 0.762 0.77 0.777 0.787 0.799 0.806 0.829 0.841 0.864 0.887 0.894 0.909 0.948 0.989 1.036 1.075 1.089 1.15 1.226 1.314 1.472 1.722
-9999 -9999 -9999 -9999 -9999 -9999 -9999 -9999 -9999 -9999 -9999 -9999 -9999 -9999 -9999 -9999 -9999 -9999 -9999 -9999 -9999 -9999 -9999 -9999 -9999 -9999 -9999 -9999 -9999 -9999 -9999 -9999 -9999 -9999 -9999 -9999 -9999 -9999 -9999 0.204 0.273 0.36 0.384 0.379 0.294 -9999 -9999 -9999 -9999 -9999 -9999 -9999 -9999 -9999 -9999 -9999 -9999 -9999 -9999 -9999 -9999 -9999 -9999 -9999 -9999 -9999 -9999 -9999 -9999 0.571 0.669 0.768 0.878 0.97 1.044 1.124 1.359
-9999 -9999 -9999 -9999 -9999 -9999 -9999 -9999 -9999 -9999 -9999 -9999 -9999 -9999 -9999 -9999 -9999 -9999 -9999 -9999 -9999 -9999 -9999 -9999 -9999 -9999 -9999 -9999 -9999 -9999 -9999 -9999 -9999 -9999 -9999 -9999 -9999 -9999 -9999 -9999 -9999 -9999 -9999 -9999 -9999 -9999 -9999 -9999 -9999 -9999 -9999 -9999 -9999 -9999 -9999 -9999 -9999 -9999 -9999 -9999 -9999 -9999 -9999 -9999 -9999 -9999 -9999 -9999 -9999 -9999 -9999 -9999 -9999 -9999 -9999 0.466 0.874
-9999 -9999 -9999 -9999 -9999 -9999 -9999 -9999 -9999 -9999 -9999 -9999 -9999 -9999 -9999 -9999 -9999 -9999 -9999 -9999 -9999 -9999 -9999 -9999 -9999 -9999 -9999 -9999 -9999 -9999 -9999 -9999 -9999 -9999 -9999 -9999 -9999 -9999 -9999 -9999 -9999 -9999 -9999 -9999 -9999 -9999 -9999 -9999 -9999 -9999 -9999 -9999 -9999 -9999 -9999 -9999 -9999 -9999 -9999 -9999 -9999 -9999 -9999 -9999 -9999 -9999 -9999 -9999 -9999 -9999 -9999 -9999 -9999 -9999 -9999 -9999 -9999
-9999 -9999 -9999 -9999 -9999 -9999 -9999 -9999 -9999 -9999 -9999 -9999 -9999 -9999 -9999 -9999 -9999 -9999 -9999 -9999 -9999 -9999 -9999 -9999 -9999 -9999 -9999 -9999 -9999 -9999 -9999 -9999 -9999 -9999 -9999 -9999 -9999 -9999 -9999 -9999 -9999 -9999 -9999 -9999 -9999 -9999 -9999 -9999 -9999 -9999 -9999 -9999 -9999 -9999 -9999 -9999 -9999 -9999 -9999 -9999 -9999 -9999 -9999 -9999 -9999 -9999 -9999 -9999 -9999 -9999 -9999 -9999 -9999 -9999 -9999 -9999 -9999
-9999 -9999 -9999 -9999 -9999 -9999 -9999 -9999 -9999 -9999 -9999 -9999 -9999 -9999 -9999 -9999 -9999 -9999 -9999 -9999 -9999 -9999 -9999 -9999 -9999 -9999 -9999 -9999 -9999 -9999 -9999 -9999 -9999 -9999 -9999 -9999 -9999 -9999 -9999 -9999 -9999 -9999 -9999 -9999 -9999 -9999 -9999 -9999 -9999 -9999 -9999 -9999 -9999 -9999 -9999 -9999 -9999 -9999 -9999 -9999 -9999 -9999 -9999 -9999 -9999 -9999 -9999 -9999 -9999 -9999 -9999 -9999 -9999 -9999 -9999 -9999 -9999
-9999 -9999 -9999 -9999 -9999 -9999 -9999 -9999 -9999 -9999 -9999 -9999 -9999 -9999 -9999 -9999 -9999 -9999 -9999 -9999 -9999 -9999 -9999 -9999 -9999 -9999 -9999 -9999 -9999 -9999 -9999 -9999 -9999 -9999 -9999 -9999 -9999 -9999 -9999 -9999 -9999 -9999 -9999 -9999 -9999 -9999 -9999 -9999 -9999 -9999 -9999 -9999 -9999 -9999 -9999 -9999 -9999 -9999 -9999 -9999 -9999 -9999 -9999 -9999 -9999 -9999 -9999 -9999 -9999 -9999 -9999 -9999 -9999 -9999 -9999 -9999 -9999
-9999 -9999 -9999 -9999 -9999 -9999 -9999 -9999 -9999 -9999 -9999 -9999 -9999 -9999 -9999 -9999 -9999 -9999 -9999 -9999 -9999 -9999 -9999 -9999 -9999 -9999 -9999 -9999 -9999 -9999 -9999 -9999 -9999 -9999 -9999 -9999 -9999 -9999 -9999 -9999 -9999 -9999 -9999 -9999 -9999 -9999 -9999 -9999 -9999 -9999 -9999 -9999 -9999 -9999 -9999 -9999 -9999 -9999 -9999 -9999 -9999 -9999 -9999 -9999 -9999 -9999 -9999 -9999 -9999 -9999 -9999 -9999 -9999 -9999 -9999 -9999 -9999
-9999 -9999 -9999 -9999 -9999 -9999 -9999 -9999 -9999 -9999 -9999 -9999 -9999 -9999 -9999 -9999 -9999 -9999 -9999 -9999 -9999 -9999 -9999 -9999 -9999 -9999 -9999 -9999 -9999 -9999 -9999 -9999 -9999 -9999 -9999 -9999 -9999 -9999 -9999 -9999 -9999 -9999 -9999 -9999 -9999 -9999 -9999 -9999 -9999 -9999 -9999 -9999 -9999 -9999 -9999 -9999 -9999 -9999 -9999 -9999 -9999 -9999 -9999 -9999 -9999 -9999 -9999 -9999 -9999 -9999 -9999 -9999 -9999 -9999 -9999 -9999 -9999
-9999 -9999 -9999 -9999 -9999 -9999 -9999 -9999 -9999 -9999 -9999 -9999 -9999 -9999 -9999 -9999 -9999 -9999 -9999 -9999 -9999 -9999 -9999 -9999 -9999 -9999 -9999 -9999 -9999 -9999 -9999 -9999 -9999 -9999 -9999 -9999 -9999 -9999 -9999 -9999 -9999 -9999 -9999 -9999 -9999 -9999 -9999 -9999 -9999 -9999 -9999 -9999 -9999 -9999 -9999 -9999 -9999 -9999 -9999 -9999 -9999 -9999 -9999 -9999 -9999 -9999 -9999 -9999 -9999 -9999 -9999 -9999 -9999 -9999 -9999 -9999 -9999
-9999 -9999 -9999 -9999 -9999 -9999 -9999 -9999 -9999 -9999 -9999 -9999 -9999 -9999 -9999 -9999 -9999 -9999 -9999 -9999 -9999 -9999 -9999 -9999 -9999 -9999 -9999 -9999 -9999 -9999 -9999 -9999 -9999 -9999 -9999 -9999 -9999 -9999 -9999 -9999 -9999 -9999 -9999 -9999 -9999 -9999 -9999 -9999 -9999 -9999 -9999 -9999 -9999 -9999 -9999 -9999 -9999 -9999 -9999 -9999 -9999 -9999 -9999 -9999 -9999 -9999 -9999 -9999 -9999 -9999 -9999 -9999 -9999 -9999 -9999 -9999 -9999
-9999 -9999 -9999 -9999 -9999 -9999 -9999 -9999 -9999 -9999 -9999 -9999 -9999 -9999 -9999 -9999 -9999 -9999 -9999 -9999 -9999 -9999 -9999 -9999 -9999 -9999 -9999 -9999 -9999 -9999 -9999 -9999 -9999 -9999 -9999 -9999 -9999 -9999 -9999 -9999 -9999 -9999 -9999 -9999 -9999 -9999 -9999 -9999 -9999 -9999 -9999 -9999 -9999 -9999 -9999 -9999 -9999 -9999 -9999 -9999 -9999 -9999 -9999 -9999 -9999 -9999 -9999 -9999 -9999 -9999 -9999 -9999 -9999 -9999 -9999 -9999 -9999
