data/IdealizedTopo/Outputs_IdealizedTopo/release1HS_01IdealizedTopo_null_INRAEaval_pft.asc
ncols  1001
nrows  301
xllcenter  1000.00
yllcenter -5000.00
cellsize  5.00
nodata_value -9999.00
[rows 145 to 173 of 301, columns 67 to 133 of 1001]
1.71107 1.71899 1.72715 1.73555 1.74421 1.75312 1.76229 1.77172 1.78141 1.79135 1.80151 1.81190 1.82250 1.83332 1.84437 1.85568 1.86726 1.87913 1.89130 1.90379 1.91662 1.92977 1.94327 1.95710 1.97126 1.98574 2.00052 2.01558 2.03089 2.04643 2.06214 2.07800 2.09394 2.10991 2.12585 2.14168 2.15733 2.17272 2.18775 2.20235 2.21641 2.22986 2.24260 2.25455 2.26563 2.27578 2.28493 2.29303 2.30003 2.30590 2.31062 2.31419 2.31660 2.31786 2.31800 2.31703 2.31500 2.31192 2.30784 2.30281 2.29687 2.29011 2.28259 2.27442 2.26569 2.25651 2.24694
1.74945 1.75894 1.76873 1.77883 1.78926 1.80002 1.81111 1.82256 1.83437 1.84654 1.85907 1.87196 1.88522 1.89882 1.91276 1.92704 1.94165 1.95659 1.97188 1.98752 2.00353 2.01992 2.03669 2.05387 2.07145 2.08945 2.10787 2.12671 2.14596 2.16562 2.18567 2.20610 2.22688 2.24798 2.26936 2.29096 2.31274 2.33463 2.35655 2.37842 2.40015 2.42166 2.44285 2.46362 2.48388 2.50355 2.52255 2.54079 2.55823 2.57480 2.59046 2.60517 2.61892 2.63168 2.64345 2.65422 2.66399 2.67279 2.68061 2.68748 2.69342 2.69846 2.70261 2.70593 2.70844 2.71018 2.71121
1.78035 1.79115 1.80229 1.81379 1.82566 1.83790 1.85055 1.86360 1.87707 1.89098 1.90533 1.92012 1.93538 1.95108 1.96722 1.98380 2.00079 2.01819 2.03598 2.05416 2.07275 2.09174 2.11114 2.13098 2.15127 2.17202 2.19324 2.21496 2.23719 2.25994 2.28321 2.30700 2.33133 2.35617 2.38151 2.40734 2.43360 2.46027 2.48727 2.51455 2.54202 2.56958 2.59715 2.62461 2.65187 2.67883 2.70539 2.73145 2.75695 2.78180 2.80594 2.82931 2.85187 2.87358 2.89440 2.91432 2.93331 2.95137 2.96848 2.98464 2.99984 3.01409 3.02737 3.03968 3.05103 3.06141 3.07083
1.80269 1.81450 1.82667 1.83922 1.85217 1.86552 1.87930 1.89352 1.90821 1.92337 1.93902 1.95517 1.97184 1.98902 2.00672 2.02492 2.04361 2.06276 2.08235 2.10238 2.12282 2.14369 2.16499 2.18672 2.20891 2.23158 2.25475 2.27845 2.30268 2.32749 2.35289 2.37891 2.40555 2.43283 2.46075 2.48931 2.51850 2.54828 2.57861 2.60944 2.64069 2.67227 2.70408 2.73601 2.76797 2.79982 2.83148 2.86284 2.89380 2.92427 2.95418 2.98345 3.01202 3.03984 3.06685 3.09301 3.11829 3.14267 3.16611 3.18858 3.21008 3.23058 3.25005 3.26846 3.28581 3.30205 3.31716
1.81598 1.82841 1.84121 1.85440 1.86800 1.88201 1.89647 1.91139 1.92678 1.94267 1.95908 1.97602 1.99350 2.01153 2.03012 2.04924 2.06889 2.08904 2.10966 2.13073 2.15223 2.17416 2.19651 2.21930 2.24254 2.26626 2.29047 2.31521 2.34050 2.36638 2.39287 2.42001 2.44782 2.47631 2.50552 2.53544 2.56607 2.59739 2.62937 2.66196 2.69508 2.72864 2.76256 2.79671 2.83099 2.86528 2.89946 2.93344 2.96711 3.00038 3.03315 3.06534 3.09690 3.12774 3.15781 3.18706 3.21544 3.24292 3.26945 3.29501 3.31957 3.34309 3.36555 3.38690 3.40711 3.42615 3.44398
1.82004 1.83264 1.84561 1.85897 1.87273 1.88691 1.90154 1.91663 1.93219 1.94826 1.96484 1.98196 1.99962 2.01784 2.03662 2.05594 2.07579 2.09614 2.11696 2.13823 2.15993 2.18205 2.20458 2.22754 2.25095 2.27481 2.29916 2.32403 2.34944 2.37543 2.40203 2.42926 2.45715 2.48573 2.51502 2.54501 2.57570 2.60709 2.63912 2.67175 2.70491 2.73850 2.77243 2.80658 2.84085 2.87511 2.90925 2.94317 2.97676 3.00993 3.04258 3.07464 3.10604 3.13670 3.16656 3.19559 3.22372 3.25093 3.27717 3.30242 3.32664 3.34981 3.37189 3.39285 3.41265 3.43126 3.44865
1.81483 1.82712 1.83978 1.85281 1.86624 1.88008 1.89436 1.90908 1.92426 1.93993 1.95610 1.97278 1.98998 2.00772 2.02599 2.04477 2.06404 2.08379 2.10398 2.12459 2.14561 2.16702 2.18884 2.21107 2.23373 2.25684 2.28041 2.30448 2.32907 2.35421 2.37992 2.40621 2.43312 2.46065 2.48880 2.51758 2.54697 2.57693 2.60742 2.63838 2.66973 2.70138 2.73323 2.76516 2.79707 2.82883 2.86034 2.89149 2.92219 2.95235 2.98188 3.01071 3.03878 3.06603 3.09240 3.11787 3.14239 3.16593 3.18847 3.20999 3.23047 3.24989 3.26822 3.28545 3.30156 3.31653 3.33033
1.80041 1.81196 1.82384 1.83609 1.84872 1.86174 1.87516 1.88900 1.90327 1.91799 1.93317 1.94882 1.96495 1.98154 1.99861 2.01612 2.03407 2.05242 2.07115 2.09026 2.10974 2.12960 2.14983 2.17044 2.19147 2.21291 2.23479 2.25713 2.27993 2.30322 2.32701 2.35129 2.37607 2.40135 2.42710 2.45330 2.47992 2.50691 2.53420 2.56173 2.58939 2.61710 2.64475 2.67223 2.69943 2.72625 2.75258 2.77833 2.80341 2.82775 2.85127 2.87392 2.89565 2.91643 2.93621 2.95497 2.97271 2.98940 3.00503 3.01962 3.03315 3.04563 3.05705 3.06743 3.07676 3.08506 3.09233
1.77702 1.78745 1.79820 1.80928 1.82070 1.83246 1.84459 1.85709 1.86998 1.88325 1.89691 1.91097 1.92542 1.94025 1.95545 1.97101 1.98689 2.00309 2.01961 2.03645 2.05361 2.07110 2.08892 2.10710 2.12564 2.14455 2.16383 2.18349 2.20353 2.22395 2.24472 2.26584 2.28729 2.30902 2.33099 2.35317 2.37548 2.39785 2.42021 2.44246 2.46451 2.48625 2.50759 2.52841 2.54862 2.56813 2.58684 2.60467 2.62156 2.63744 2.65228 2.66602 2.67865 2.69014 2.70049 2.70969 2.71776 2.72470 2.73052 2.73526 2.73892 2.74155 2.74319 2.74386 2.74362 2.74252 2.74062
1.74527 1.75431 1.76363 1.77322 1.78309 1.79325 1.80370 1.81445 1.82550 1.83685 1.84849 1.86041 1.87260 1.88503 1.89769 1.91059 1.92371 1.93707 1.95068 1.96455 1.97868 1.99310 2.00779 2.02277 2.03804 2.05358 2.06938 2.08543 2.10171 2.11818 2.13480 2.15154 2.16834 2.18514 2.20187 2.21845 2.23481 2.25084 2.26646 2.28156 2.29604 2.30980 2.32275 2.33478 2.34582 2.35577 2.36457 2.37216 2.37849 2.38353 2.38723 2.38960 2.39064 2.39034 2.38873 2.38583 2.38167 2.37629 2.36973 2.36205 2.35330 2.34357 2.33291 2.32144 2.30927 2.29650 2.28326
1.70642 1.71384 1.72146 1.72928 1.73731 1.74554 1.75396 1.76257 1.77135 1.78025 1.78925 1.79834 1.80751 1.81678 1.82616 1.83570 1.84540 1.85528 1.86537 1.87566 1.88617 1.89689 1.90780 1.91889 1.93014 1.94151 1.95298 1.96448 1.97597 1.98740 1.99869 2.00977 2.02056 2.03098 2.04092 2.05030 2.05901 2.06695 2.07401 2.08010 2.08510 2.08893 2.09150 2.09273 2.09254 2.09088 2.08768 2.08291 2.07653 2.06854 2.05894 2.04775 2.03500 2.02072 2.00493 1.98770 1.96908 1.94916 1.92803 1.90581 1.88258 1.85844 1.83352 1.80797 1.78200 1.75589 1.72987
1.66243 1.66807 1.67384 1.67972 1.68569 1.69168 1.69761 1.70336 1.70892 1.71431 1.71958 1.72481 1.73005 1.73536 1.74078 1.74634 1.75206 1.75795 1.76401 1.77023 1.77658 1.78304 1.78957 1.79612 1.80263 1.80905 1.81531 1.82131 1.82699 1.83225 1.83700 1.84112 1.84452 1.84710 1.84873 1.84931 1.84873 1.84688 1.84365 1.83895 1.83268 1.82477 1.81514 1.80372 1.79044 1.77527 1.75817 1.73914 1.71816 1.69527 1.67050 1.64392 1.61554 1.58544 1.55368 1.52031 1.48539 1.44906 1.41152 1.37304 1.33381 1.29394 1.25349 1.21255 1.17143 1.13071 1.09131
1.61679 1.62071 1.62461 1.62826 1.63127 1.63344 1.63488 1.63581 1.63643 1.63691 1.63739 1.63793 1.63860 1.63944 1.64046 1.64167 1.64304 1.64456 1.64618 1.64788 1.64958 1.65124 1.65277 1.65410 1.65513 1.65577 1.65592 1.65545 1.65426 1.65222 1.64921 1.64509 1.63975 1.63306 1.62492 1.61520 1.60378 1.59057 1.57546 1.55838 1.53925 1.51802 1.49461 1.46897 1.44105 1.41082 1.37830 1.34352 1.30656 1.26747 1.22633 1.18323 1.13810 1.08989 1.03889 0.98538 0.92962 0.87198 0.81310 0.75404 0.69593 0.63912 0.58339 0.52867 0.47527 0.42441 0.38106
1.57444 1.57652 1.57735 1.57545 1.57142 1.56631 1.56078 1.55521 1.54978 1.54464 1.53982 1.53534 1.53120 1.52736 1.52378 1.52041 1.51717 1.51401 1.51083 1.50755 1.50407 1.50030 1.49613 1.49145 1.48615 1.48012 1.47322 1.46530 1.45617 1.44567 1.43366 1.42001 1.40459 1.38729 1.36801 1.34662 1.32300 1.29709 1.26881 1.23812 1.20499 1.16941 1.13088 1.08861 1.04260 0.99295 0.93985 0.88358 0.82458 0.76339 0.70051 0.63627 0.57270 0.51110 0.45231 0.39710 0.34602 0.29924 0.25667 0.21817 0.18364 0.15308 0.12661 0.10439 0.08621 0.07117 0.05838
1.53924 1.53723 1.52934 1.51422 1.49870 1.48390 1.47010 1.45734 1.44556 1.43465 1.42452 1.41503 1.40608 1.39753 1.38926 1.38114 1.37305 1.36485 1.35642 1.34762 1.33831 1.32835 1.31761 1.30596 1.29330 1.27973 1.26488 1.24838 1.23010 1.20990 1.18765 1.16322 1.13655 1.10754 1.07615 1.04148 1.00315 0.96112 0.91547 0.86633 0.81390 0.75845 0.70118 0.64341 0.58587 0.52926 0.47419 0.42122 0.37090 0.32377 0.28033 0.24087 0.20535 0.17358 0.14529 0.12034 0.09867 0.08030 0.06515 0.05272 0.04232 0.03352 0.02611 0.01997 0.01501 0.01112 0.00815
1.51327 1.50225 1.49974 1.43654 1.40642 1.38086 1.35858 1.33880 1.32098 1.30467 1.28954 1.27529 1.26166 1.24843 1.23537 1.22230 1.20901 1.19533 1.18107 1.16606 1.15011 1.13307 1.11477 1.09506 1.07398 1.05187 1.02773 1.00147 0.97300 0.94165 0.90686 0.86860 0.82690 0.78188 0.73373 0.68370 0.63254 0.58081 0.52916 0.47825 0.42869 0.38099 0.33561 0.29298 0.25351 0.21755 0.18522 0.15640 0.13084 0.10830 0.08864 0.07181 0.05776 0.04624 0.03676 0.02887 0.02231 0.01695 0.01266 0.00933 0.00680 0.00493 0.00357 0.00259 0.00188 0.00139 0.00105
1.50017 1.50000 1.49974 1.33410 1.28803 1.25218 1.22238 1.19661 1.17366 1.15271 1.13314 1.11449 1.09637 1.07845 1.06044 1.04208 1.02313 1.00336 0.98257 0.96056 0.93711 0.91206 0.88525 0.85660 0.82549 0.79168 0.75535 0.71589 0.67346 0.62901 0.58337 0.53704 0.49054 0.44448 0.39945 0.35596 0.31446 0.27531 0.23884 0.20539 0.17517 0.14819 0.12429 0.10321 0.08474 0.06876 0.05522 0.04402 0.03486 0.02733 0.02113 0.01607 0.01202 0.00886 0.00647 0.00469 0.00338 0.00245 0.00178 0.00131 0.00103 0.00101 0.00101 0.00101 0.00101 0.00100 0.00100
1.50002 1.50000 1.49974 1.19650 1.13618 1.09271 1.05780 1.02800 1.00143 0.97689 0.95359 0.93092 0.90842 0.88569 0.86242 0.83833 0.81315 0.78665 0.75863 0.72895 0.69668 0.66149 0.62349 0.58290 0.54057 0.49757 0.45452 0.41307 0.37237 0.33291 0.29513 0.25936 0.22589 0.19498 0.16688 0.14168 0.11932 0.09958 0.08223 0.06710 0.05410 0.04318 0.03420 0.02687 0.02086 0.01597 0.01202 0.00892 0.00654 0.00475 0.00344 0.00248 0.00180 0.00132 0.00103 0.00101 0.00101 0.00101 0.00100 0.00100 0.00100 0.00100 0.00100 0.00100 0.00100 0.00100 0.00100
1.50000 1.50000 1.49974 1.00856 0.94211 0.89718 0.86146 0.83053 0.80224 0.77534 0.74898 0.72260 0.69572 0.66800 0.63916 0.60904 0.57681 0.54195 0.50466 0.46526 0.42509 0.38507 0.34580 0.30787 0.27179 0.23886 0.20873 0.18082 0.15534 0.13241 0.11201 0.09398 0.07809 0.06416 0.05207 0.04177 0.03320 0.02618 0.02046 0.01578 0.01200 0.00899 0.00664 0.00486 0.00353 0.00256 0.00186 0.00136 0.00103 0.00101 0.00101 0.00101 0.00100 0.00100 0.00100 0.00100 0.00100 0.00100 0.00100 0.00100 0.00100 0.00100 0.00100 0.00100 0.00100 0.00100 0.00100
1.49969 1.49969 1.49943 0.74669 0.69735 0.66193 0.63130 0.60265 0.57469 0.54661 0.51791 0.48828 0.45731 0.42395 0.38870 0.35219 0.31583 0.28075 0.24733 0.21587 0.18665 0.15993 0.13755 0.11759 0.09982 0.08410 0.07023 0.05801 0.04735 0.03820 0.03053 0.02421 0.01905 0.01482 0.01139 0.00862 0.00644 0.00476 0.00348 0.00254 0.00185 0.00136 0.00103 0.00101 0.00101 0.00101 0.00101 0.00100 0.00100 0.00100 0.00100 0.00100 0.00100 0.00100 0.00100 0.00100 0.00100 0.00100 0.00100 0.00100 0.00100 0.00100 0.00100 0.00100 0.00100 0.00100 0.00100
0.47431 0.46739 0.45814 0.44257 0.42295 0.40105 0.37750 0.35253 0.32624 0.29830 0.26862 0.23803 0.20767 0.17941 0.15357 0.13099 0.11284 0.09658 0.08210 0.06926 0.05789 0.04787 0.03916 0.03172 0.02549 0.02034 0.01610 0.01262 0.00978 0.00748 0.00564 0.00421 0.00312 0.00230 0.00169 0.00125 0.00102 0.00101 0.00101 0.00101 0.00100 0.00100 0.00100 0.00100 0.00100 0.00100 0.00100 0.00100 0.00100 0.00100 0.00100 0.00100 0.00100 0.00100 0.00100 0.00100 0.00100 0.00100 0.00100 0.00100 0.00100 0.00100 0.00100 0.00100 0.00100 0.00100 0.00100
0.26555 0.24682 0.22733 0.20705 0.18637 0.16571 0.14620 0.12809 0.11149 0.09644 0.08290 0.07078 0.05996 0.05036 0.04193 0.03463 0.02838 0.02307 0.01861 0.01489 0.01182 0.00929 0.00723 0.00556 0.00422 0.00318 0.00238 0.00178 0.00133 0.00102 0.00101 0.00101 0.00101 0.00101 0.00100 0.00100 0.00100 0.00100 0.00100 0.00100 0.00100 0.00100 0.00100 0.00100 0.00100 0.00100 0.00100 0.00100 0.00100 0.00100 0.00100 0.00100 0.00100 0.00100 0.00100 0.00100 0.00100 0.00100 0.00100 0.00100 0.00100 0.00100 0.00100 0.00100 0.00100 0.00100 0.00100
0.09272 0.08086 0.07011 0.06043 0.05176 0.04404 0.03720 0.03117 0.02591 0.02136 0.01746 0.01416 0.01139 0.00908 0.00718 0.00561 0.00435 0.00335 0.00256 0.00195 0.00149 0.00115 0.00102 0.00101 0.00101 0.00101 0.00101 0.00100 0.00100 0.00100 0.00100 0.00100 0.00100 0.00100 0.00100 0.00100 0.00100 0.00100 0.00100 0.00100 0.00100 0.00100 0.00100 0.00100 0.00100 0.00100 0.00100 0.00100 0.00100 0.00100 0.00100 0.00100 0.00100 0.00100 0.00100 0.00100 0.00100 0.00100 0.00100 0.00100 0.00100 0.00100 0.00100 0.00100 0.00100 0.00100 0.00100
0.01843 0.01532 0.01263 0.01031 0.00836 0.00672 0.00536 0.00425 0.00335 0.00264 0.00207 0.00163 0.00129 0.00103 0.00102 0.00101 0.00101 0.00101 0.00101 0.00101 0.00100 0.00100 0.00100 0.00100 0.00100 0.00100 0.00100 0.00100 0.00100 0.00100 0.00100 0.00100 0.00100 0.00100 0.00100 0.00100 0.00100 0.00100 0.00100 0.00100 0.00100 0.00100 0.00100 0.00100 0.00100 0.00100 0.00100 0.00100 0.00100 0.00100 0.00100 0.00100 0.00100 0.00100 0.00100 0.00100 0.00100 0.00100 0.00100 0.00100 0.00100 0.00100 0.00100 0.00100 0.00100 0.00100 0.00100
0.00198 0.00162 0.00133 0.00109 0.00102 0.00102 0.00102 0.00101 0.00101 0.00101 0.00101 0.00101 0.00100 0.00100 0.00100 0.00100 0.00100 0.00100 0.00100 0.00100 0.00100 0.00100 0.00100 0.00100 0.00100 0.00100 0.00100 0.00100 0.00100 0.00100 0.00100 0.00100 0.00100 0.00100 0.00100 0.00100 0.00100 0.00100 0.00100 0.00100 0.00100 0.00100 0.00100 0.00100 0.00100 0.00100 0.00100 0.00100 0.00100 0.00100 0.00100 0.00100 0.00100 0.00100 0.00100 0.00100 0.00100 0.00100 0.00100 0.00100 0.00100 0.00100 0.00100 0.00100 0.00100 0.00100 0.00100
0.00101 0.00101 0.00100 0.00100 0.00100 0.00100 0.00100 0.00100 0.00100 0.00100 0.00100 0.00100 0.00100 0.00100 0.00100 0.00100 0.00100 0.00100 0.00100 0.00100 0.00100 0.00100 0.00100 0.00100 0.00100 0.00100 0.00100 0.00100 0.00100 0.00100 0.00100 0.00100 0.00100 0.00100 0.00100 0.00100 0.00100 0.00100 0.00100 0.00100 0.00100 0.00100 0.00100 0.00100 0.00100 0.00100 0.00100 0.00100 0.00100 0.00100 0.00100 0.00100 0.00100 0.00100 0.00100 0.00100 0.00100 0.00100 0.00100 0.00100 0.00100 0.00100 0.00100 0.00100 0.00100 0.00100 0.00100
0.00100 0.00100 0.00100 0.00100 0.00100 0.00100 0.00100 0.00100 0.00100 0.00100 0.00100 0.00100 0.00100 0.00100 0.00100 0.00100 0.00100 0.00100 0.00100 0.00100 0.00100 0.00100 0.00100 0.00100 0.00100 0.00100 0.00100 0.00100 0.00100 0.00100 0.00100 0.00100 0.00100 0.00100 0.00100 0.00100 0.00100 0.00100 0.00100 0.00100 0.00100 0.00100 0.00100 0.00100 0.00100 0.00100 0.00100 0.00100 0.00100 0.00100 0.00100 0.00100 0.00100 0.00100 0.00100 0.00100 0.00100 0.00100 0.00100 0.00100 0.00100 0.00100 0.00100 0.00100 0.00100 0.00100 0.00100
0.00100 0.00100 0.00100 0.00100 0.00100 0.00100 0.00100 0.00100 0.00100 0.00100 0.00100 0.00100 0.00100 0.00100 0.00100 0.00100 0.00100 0.00100 0.00100 0.00100 0.00100 0.00100 0.00100 0.00100 0.00100 0.00100 0.00100 0.00100 0.00100 0.00100 0.00100 0.00100 0.00100 0.00100 0.00100 0.00100 0.00100 0.00100 0.00100 0.00100 0.00100 0.00100 0.00100 0.00100 0.00100 0.00100 0.00100 0.00100 0.00100 0.00100 0.00100 0.00100 0.00100 0.00100 0.00100 0.00100 0.00100 0.00100 0.00100 0.00100 0.00100 0.00100 0.00100 0.00100 0.00100 0.00100 0.00100
0.00100 0.00100 0.00100 0.00100 0.00100 0.00100 0.00100 0.00100 0.00100 0.00100 0.00100 0.00100 0.00100 0.00100 0.00100 0.00100 0.00100 0.00100 0.00100 0.00100 0.00100 0.00100 0.00100 0.00100 0.00100 0.00100 0.00100 0.00100 0.00100 0.00100 0.00100 0.00100 0.00100 0.00100 0.00100 0.00100 0.00100 0.00100 0.00100 0.00100 0.00100 0.00100 0.00100 0.00100 0.00100 0.00100 0.00100 0.00100 0.00100 0.00100 0.00100 0.00100 0.00100 0.00100 0.00100 0.00100 0.00100 0.00100 0.00100 0.00100 0.00100 0.00100 0.00100 0.00100 0.00100 0.00100 0.00100
