data/IdealizedTopo/Outputs_IdealizedTopo/release1HS_null_01IdealizedTopo_faSavageHutterFoam_pfv.asc
xllcenter 1000
yllcenter -5000
nrows 301
ncols 1001
NODATA_value -9999
cellsize 5
[rows 90 to 119 of 301, columns 136 to 203 of 1001]
-9999 -9999 -9999 -9999 -9999 -9999 -9999 -9999 -9999 -9999 -9999 -9999 -9999 -9999 -9999 -9999 -9999 -9999 -9999 -9999 -9999 -9999 -9999 -9999 -9999 -9999 -9999 -9999 -9999 -9999 -9999 -9999 -9999 -9999 -9999 -9999 -9999 -9999 -9999 -9999 -9999 -9999 -9999 -9999 -9999 -9999 -9999 -9999 -9999 -9999 -9999 -9999 -9999 -9999 -9999 -9999 -9999 -9999 -9999 -9999 -9999 -9999 -9999 -9999 -9999 -9999 -9999 -9999
-9999 -9999 -9999 -9999 -9999 -9999 -9999 -9999 -9999 -9999 -9999 -9999 -9999 -9999 -9999 -9999 -9999 -9999 -9999 -9999 -9999 -9999 -9999 -9999 -9999 -9999 -9999 -9999 -9999 -9999 -9999 -9999 -9999 -9999 -9999 -9999 -9999 -9999 -9999 -9999 -9999 -9999 -9999 -9999 -9999 -9999 -9999 -9999 -9999 -9999 -9999 -9999 -9999 -9999 -9999 -9999 -9999 -9999 -9999 -9999 -9999 -9999 -9999 -9999 -9999 -9999 -9999 -9999
-9999 -9999 -9999 -9999 -9999 -9999 -9999 -9999 -9999 -9999 -9999 -9999 -9999 -9999 -9999 -9999 -9999 -9999 -9999 -9999 -9999 -9999 -9999 -9999 -9999 -9999 -9999 -9999 -9999 -9999 -9999 -9999 -9999 -9999 -9999 -9999 -9999 -9999 -9999 -9999 -9999 -9999 -9999 -9999 -9999 -9999 -9999 -9999 -9999 -9999 -9999 -9999 -9999 -9999 -9999 -9999 -9999 -9999 -9999 -9999 -9999 -9999 -9999 -9999 -9999 -9999 -9999 -9999
-9999 -9999 -9999 -9999 -9999 -9999 -9999 -9999 -9999 -9999 -9999 -9999 -9999 -9999 -9999 -9999 -9999 -9999 -9999 -9999 -9999 -9999 -9999 -9999 -9999 -9999 -9999 -9999 -9999 -9999 -9999 -9999 -9999 -9999 -9999 -9999 -9999 -9999 -9999 -9999 -9999 -9999 -9999 -9999 -9999 -9999 -9999 -9999 -9999 -9999 -9999 -9999 -9999 -9999 -9999 -9999 -9999 -9999 -9999 -9999 -9999 -9999 -9999 -9999 -9999 -9999 -9999 -9999
-9999 -9999 -9999 -9999 -9999 -9999 -9999 -9999 -9999 -9999 -9999 -9999 -9999 -9999 -9999 -9999 -9999 -9999 -9999 -9999 -9999 -9999 -9999 -9999 -9999 -9999 -9999 -9999 -9999 -9999 -9999 -9999 -9999 -9999 -9999 -9999 -9999 -9999 -9999 -9999 -9999 -9999 -9999 -9999 -9999 -9999 -9999 -9999 -9999 -9999 -9999 -9999 -9999 -9999 -9999 -9999 -9999 -9999 -9999 -9999 -9999 -9999 -9999 -9999 -9999 -9999 -9999 -9999
-9999 -9999 -9999 -9999 -9999 -9999 -9999 -9999 -9999 -9999 -9999 -9999 -9999 -9999 -9999 -9999 -9999 -9999 -9999 -9999 -9999 -9999 -9999 -9999 -9999 -9999 -9999 -9999 -9999 -9999 -9999 -9999 -9999 -9999 -9999 -9999 -9999 -9999 -9999 -9999 -9999 -9999 -9999 -9999 -9999 -9999 -9999 -9999 -9999 -9999 -9999 -9999 -9999 -9999 -9999 -9999 -9999 -9999 -9999 -9999 -9999 -9999 -9999 -9999 -9999 -9999 -9999 -9999
-9999 -9999 -9999 -9999 -9999 -9999 -9999 -9999 -9999 -9999 -9999 -9999 -9999 -9999 -9999 -9999 -9999 -9999 -9999 -9999 -9999 -9999 -9999 -9999 -9999 -9999 -9999 -9999 -9999 -9999 -9999 -9999 -9999 -9999 -9999 -9999 -9999 -9999 -9999 -9999 -9999 -9999 -9999 -9999 -9999 -9999 -9999 -9999 -9999 -9999 -9999 -9999 -9999 -9999 -9999 -9999 -9999 -9999 -9999 -9999 -9999 -9999 -9999 -9999 -9999 -9999 -9999 -9999
-9999 -9999 -9999 -9999 -9999 -9999 -9999 -9999 -9999 -9999 -9999 -9999 -9999 -9999 -9999 -9999 -9999 -9999 -9999 -9999 -9999 -9999 -9999 -9999 -9999 -9999 -9999 -9999 -9999 -9999 -9999 -9999 -9999 -9999 -9999 -9999 -9999 -9999 -9999 -9999 -9999 -9999 -9999 -9999 -9999 -9999 -9999 -9999 -9999 -9999 -9999 -9999 -9999 -9999 -9999 -9999 -9999 -9999 -9999 -9999 -9999 -9999 -9999 -9999 -9999 -9999 -9999 -9999
-9999 -9999 -9999 -9999 -9999 -9999 -9999 -9999 -9999 -9999 -9999 -9999 -9999 -9999 -9999 -9999 -9999 -9999 -9999 -9999 -9999 -9999 -9999 -9999 -9999 -9999 -9999 -9999 -9999 -9999 -9999 -9999 -9999 -9999 -9999 -9999 -9999 -9999 -9999 -9999 -9999 -9999 -9999 -9999 -9999 -9999 -9999 -9999 -9999 -9999 -9999 -9999 -9999 -9999 -9999 -9999 -9999 -9999 -9999 -9999 -9999 -9999 -9999 -9999 -9999 -9999 -9999 -9999
-9999 -9999 -9999 -9999 -9999 -9999 -9999 -9999 -9999 -9999 -9999 -9999 -9999 -9999 -9999 -9999 -9999 -9999 -9999 -9999 -9999 -9999 -9999 -9999 -9999 -9999 -9999 -9999 -9999 -9999 -9999 -9999 -9999 -9999 -9999 -9999 -9999 -9999 -9999 -9999 -9999 -9999 -9999 -9999 -9999 -9999 -9999 -9999 -9999 -9999 -9999 -9999 -9999 -9999 -9999 -9999 -9999 -9999 -9999 -9999 -9999 -9999 -9999 -9999 -9999 -9999 -9999 -9999
0.0317703 0.0320794 0.0352085 0.0317813 0.0326845 0.0355795 0.0319729 0.0326838 0.0355655 0.0323333 0.0326491 0.0356644 0.0319337 0.0322903 0.0326679 0.0354714 0.0318278 0.0326508 0.0360564 0.0322409 0.0333451 0.0362534 0.0325738 0.0333111 0.0360704 0.0318427 0.0324763 0.0343632 0.0320112 0.0319325 0.0328277 0.035838 0.0322642 0.0330091 0.0360427 0.0321469 0.0329146 0.0358879 0.0324497 0.0329484 0.0361137 0.032045 0.032592 0.0339881 0.03184 0.0317304 0.0327563 0.0355564 0.0320507 0.0329767 0.0359426 0.0322506 0.0327991 0.035897 0.0321338 0.0327564 0.0357374 0.0320091 0.0327478 0.0357671 0.0319573 0.0319295 0.0338804 0.0313372 0.0315793 0.0324946 0.0352099 0.0318871
0.0678177 0.0677907 0.0681617 0.0678919 0.0681063 0.0683139 0.0685261 0.0686505 0.0686244 0.0689517 0.0687507 0.0688012 0.0690075 0.0692362 0.0689753 0.0690467 0.0695037 0.0691948 0.0694681 0.0691682 0.0693747 0.0694493 0.0695246 0.0692515 0.0694701 0.0694249 0.0694727 0.0694084 0.0694979 0.0693531 0.0692643 0.0693653 0.0694473 0.0694667 0.0695118 0.0693145 0.0691646 0.0692546 0.0693543 0.0691715 0.0692425 0.0693483 0.0690785 0.0689604 0.0690307 0.0690748 0.0690924 0.0690988 0.0689097 0.0689028 0.0689599 0.0687897 0.068855 0.0687883 0.0688082 0.0687736 0.0686927 0.0686517 0.0687098 0.068596 0.0685381 0.0685771 0.0686407 0.0684793 0.0684768 0.0684659 0.0684388 0.0684184
0.0675924 0.0678721 0.0679159 0.0681289 0.0680816 0.0685644 0.0684448 0.0684878 0.0685545 0.0688771 0.0687198 0.0689794 0.0690276 0.069275 0.0691392 0.069099 0.0692256 0.0694263 0.0694326 0.0692392 0.0692108 0.0695304 0.0692406 0.0695464 0.069608 0.0694611 0.0694219 0.0693198 0.0693269 0.069409 0.0693675 0.0695039 0.0693504 0.069443 0.0695018 0.0692519 0.0693966 0.0693321 0.069137 0.0690994 0.0689586 0.0694746 0.0690189 0.0690598 0.0690823 0.0690262 0.0690238 0.0689034 0.0690161 0.0689751 0.0688505 0.0689612 0.0687315 0.0687788 0.0687941 0.0686997 0.0685809 0.0687047 0.0686051 0.068643 0.0685596 0.0685293 0.0685254 0.068465 0.0685556 0.0684162 0.0684036 0.0683669
0.0678418 0.0678306 0.0680342 0.0680733 0.0681983 0.0684587 0.0682797 0.0686131 0.0685047 0.0689266 0.068622 0.0689661 0.0689059 0.0693066 0.0688768 0.0689935 0.0695268 0.0693388 0.0694875 0.0689426 0.0695421 0.0694738 0.0692148 0.0695451 0.069582 0.0694559 0.0693313 0.0696672 0.0693777 0.0694617 0.0694107 0.069532 0.0692195 0.069409 0.0694438 0.0691094 0.0693863 0.0693218 0.0692592 0.0691661 0.0690995 0.0693525 0.0688626 0.0691842 0.0690627 0.0689512 0.0690171 0.0690364 0.0688594 0.0688045 0.0689661 0.0688259 0.0688628 0.0687816 0.0687553 0.0687041 0.0687167 0.068567 0.0686598 0.0685454 0.0686459 0.0684444 0.0686413 0.0685075 0.068599 0.0685618 0.0683352 0.0684756
0.0677748 0.0675221 0.0680011 0.068233 0.0681827 0.068442 0.06855 0.0686373 0.0687767 0.0688862 0.0687828 0.0691296 0.0690863 0.0691762 0.0690391 0.0692975 0.0692031 0.0693456 0.0693683 0.0692307 0.0694583 0.0692468 0.0694797 0.0693711 0.0693502 0.0694193 0.0692198 0.069442 0.0693984 0.0693547 0.0694988 0.0693345 0.0694413 0.0694457 0.0693424 0.0689831 0.0693072 0.06938 0.0691476 0.0692838 0.0692457 0.0693588 0.0691609 0.0691024 0.0689743 0.0690905 0.0690524 0.0689586 0.0689662 0.0689711 0.068897 0.0689184 0.0687878 0.0688379 0.0687596 0.0686964 0.0687234 0.068677 0.0687028 0.0685502 0.0686182 0.0685256 0.0685913 0.0684443 0.0685187 0.0683817 0.0683885 0.0684314
0.0677867 0.0677014 0.0676743 0.068243 0.0682181 0.0684559 0.0685843 0.0684214 0.0684854 0.0689826 0.0686957 0.0691439 0.0690791 0.0691473 0.068949 0.0692905 0.0690655 0.0693767 0.0694124 0.06922 0.0693066 0.0692731 0.0693258 0.0695118 0.0695039 0.0693696 0.0695463 0.0694212 0.0692686 0.0693674 0.0692253 0.0692084 0.069313 0.069295 0.0692163 0.0693236 0.0693555 0.0695293 0.0693292 0.068999 0.0691256 0.0693683 0.0690514 0.0691265 0.0690554 0.0691169 0.0689776 0.0689338 0.0689756 0.0689919 0.0688367 0.068831 0.0688841 0.0686794 0.0687692 0.0686933 0.0688014 0.0686914 0.0686414 0.0686634 0.0684987 0.0685952 0.0685457 0.0685308 0.0685598 0.068478 0.0683605 0.0684472
0.0676512 0.0676845 0.0676832 0.0680628 0.0682998 0.0683954 0.0685634 0.0685384 0.0684615 0.0689924 0.0686997 0.0690615 0.0690469 0.0690245 0.0691484 0.069004 0.0693499 0.0693767 0.0696708 0.0692818 0.0694394 0.0695617 0.0693028 0.0695933 0.0696402 0.0693547 0.069361 0.0696008 0.0694083 0.0695052 0.0692318 0.0693237 0.0691642 0.0693504 0.0692016 0.0693633 0.0691195 0.0693291 0.0691379 0.0691763 0.0690605 0.0693277 0.0691807 0.0690993 0.0688984 0.0691203 0.0689438 0.0689496 0.0689412 0.068889 0.0688564 0.068822 0.0688939 0.0687009 0.0687379 0.0686994 0.068751 0.068614 0.0686506 0.0686083 0.068569 0.0685233 0.0685651 0.0684877 0.0685901 0.0685216 0.0684624 0.068279
0.067534 0.0679184 0.06787 0.0680422 0.0683688 0.0683723 0.0683596 0.0686368 0.0685546 0.0689923 0.0686995 0.068944 0.0691915 0.0689754 0.0691784 0.0690013 0.0694214 0.0693801 0.0696798 0.0692055 0.0694582 0.0696449 0.0693032 0.0695933 0.06964 0.0694149 0.0692874 0.0695985 0.069434 0.0695007 0.0693316 0.0694341 0.0691515 0.0692854 0.0692037 0.0695114 0.0690419 0.0693209 0.069061 0.0692968 0.0690709 0.0692718 0.0691949 0.0689752 0.0691218 0.0688983 0.0689338 0.0689227 0.0688878 0.0688647 0.0688735 0.0688196 0.0688829 0.0688045 0.0687277 0.0688015 0.0687688 0.0685473 0.0687837 0.0685517 0.06859 0.0685633 0.0686125 0.0685278 0.0684558 0.0684491 0.0684594 0.0683312
0.0676552 0.0678425 0.0678738 0.0680422 0.0683687 0.0683725 0.0684945 0.0687503 0.0685546 0.0689923 0.0686995 0.0688258 0.0692168 0.0688969 0.0691889 0.0689401 0.0694581 0.0693801 0.0696864 0.0691382 0.069458 0.0696381 0.069474 0.0695932 0.06964 0.0694248 0.0692791 0.0696092 0.0694329 0.0694748 0.0695244 0.0695243 0.0691384 0.0692854 0.0692037 0.0695411 0.0689668 0.0693208 0.0688232 0.0693048 0.0690708 0.0692617 0.0692052 0.0689704 0.0691424 0.0689874 0.0689515 0.0689302 0.0689133 0.0687992 0.0688917 0.0687944 0.0688927 0.0688857 0.0687923 0.0688033 0.0687718 0.0685343 0.0687928 0.0685615 0.0685777 0.0685561 0.0686176 0.0685209 0.0684135 0.0684516 0.0684775 0.0683723
0.0676755 0.0677662 0.0678737 0.0680422 0.0683687 0.0683722 0.0683316 0.0687503 0.0685544 0.0689923 0.0686995 0.0688257 0.0692262 0.0688968 0.0691994 0.0688802 0.0694672 0.0693801 0.069686 0.0691384 0.069458 0.0696473 0.0692957 0.0695933 0.0696401 0.0693383 0.0692792 0.0694551 0.0693158 0.0694913 0.0695038 0.069612 0.0691251 0.0692854 0.0692036 0.0692461 0.0690416 0.069321 0.0690509 0.0693048 0.0690709 0.0692616 0.0692015 0.0690947 0.069144 0.0690066 0.0690818 0.0690193 0.0687926 0.0688166 0.0688783 0.0688046 0.0688998 0.0688936 0.0687187 0.0687922 0.06877 0.0685585 0.0687825 0.068561 0.0685112 0.068564 0.0686287 0.0685206 0.0683981 0.0684487 0.0684855 0.0683648
0.0676755 0.0677662 0.0678737 0.0680422 0.0683687 0.0683722 0.0683316 0.0687503 0.0685544 0.0689924 0.0686995 0.0688258 0.0692262 0.0688968 0.0691995 0.0688802 0.0694672 0.0693801 0.069686 0.0691384 0.069458 0.0696473 0.0692959 0.0695931 0.06964 0.0694248 0.0692792 0.0694666 0.0693148 0.0694915 0.0695038 0.069612 0.069125 0.0692854 0.0692036 0.0693972 0.0690416 0.069321 0.0690509 0.0693048 0.0690708 0.0692616 0.069199 0.0691001 0.0691319 0.0690235 0.0690758 0.0690111 0.0689126 0.0688122 0.0688776 0.0688121 0.0688998 0.0688932 0.0687353 0.0687922 0.0687682 0.0685418 0.0687668 0.0685598 0.0685764 0.0685641 0.068612 0.0685204 0.0683992 0.068448 0.0684765 0.0683768
0.0676754 0.0677662 0.0678738 0.0680422 0.0683687 0.0683724 0.0683315 0.0687503 0.0685545 0.0689923 0.0686995 0.0688258 0.0692262 0.0688968 0.0691995 0.0688802 0.0694672 0.0693801 0.0696862 0.0691382 0.069458 0.0696474 0.069315 0.0695175 0.0696401 0.0694248 0.0692792 0.0694666 0.0693148 0.0694915 0.0695038 0.0696119 0.0691251 0.0692854 0.0692037 0.0693474 0.0689667 0.0693208 0.0690509 0.0693048 0.0690708 0.0692616 0.069199 0.0691001 0.0691319 0.0690235 0.0690758 0.069011 0.0689033 0.0688189 0.0688774 0.0688121 0.0689037 0.0688664 0.0687143 0.0688033 0.0687682 0.0685446 0.0687795 0.0685592 0.0685764 0.0685641 0.0686128 0.0685203 0.0683992 0.0684487 0.0684764 0.0683769
0.0676754 0.0677764 0.0678699 0.0680422 0.0683687 0.0683724 0.0683315 0.0687503 0.0685545 0.0689923 0.0686995 0.0688258 0.0692262 0.0688968 0.0691995 0.0688802 0.0694672 0.0693801 0.0696862 0.0691382 0.069458 0.0696474 0.0694475 0.069442 0.0696401 0.0694248 0.0692792 0.0694618 0.0693153 0.0694915 0.0695038 0.0696119 0.0691251 0.0692854 0.0692037 0.0695314 0.0689666 0.0693208 0.0690509 0.0693048 0.0690708 0.0692616 0.069199 0.0691001 0.0691319 0.0690235 0.0690758 0.069011 0.0689032 0.0688189 0.0688774 0.0688121 0.0689047 0.0688659 0.0687158 0.0688033 0.0687682 0.0685391 0.0687795 0.0685592 0.0685747 0.068564 0.0686128 0.0685203 0.0683992 0.0684487 0.0684764 0.0683769
0.0677394 0.0677967 0.0676906 0.0681255 0.0683687 0.0683724 0.0684945 0.0687503 0.0685545 0.0689923 0.0686995 0.0688258 0.0692167 0.0688968 0.0691995 0.0688802 0.0694672 0.0693801 0.0696862 0.0691382 0.069458 0.0696474 0.069437 0.0694419 0.0696401 0.0694248 0.0692792 0.0694523 0.069431 0.0694743 0.0695038 0.0696119 0.0691251 0.0692854 0.0692037 0.0695314 0.0689666 0.0693208 0.0690509 0.0693048 0.0690708 0.0692616 0.069199 0.0691001 0.0691319 0.0690235 0.0690758 0.069011 0.0689032 0.0688189 0.0688774 0.0688121 0.0689047 0.0688659 0.0687933 0.0688033 0.0687682 0.0685391 0.0687795 0.0685592 0.0685957 0.0685526 0.068612 0.0685204 0.0683992 0.0684487 0.0684764 0.0683769
0.0676755 0.0678069 0.0676867 0.0680422 0.0683687 0.0683724 0.0683315 0.0687503 0.0685545 0.0689923 0.0686995 0.0688258 0.0692262 0.0688968 0.0691995 0.0688802 0.0694672 0.0693801 0.0696862 0.0691382 0.069458 0.0696474 0.069437 0.069442 0.0696401 0.0693383 0.0692792 0.0694475 0.0694315 0.0694743 0.0695038 0.0696119 0.0691251 0.0692854 0.0692037 0.0695314 0.0689666 0.0693208 0.0690509 0.0693048 0.0690708 0.0692616 0.069199 0.0691001 0.0691319 0.0690235 0.0690758 0.069011 0.0689032 0.0688189 0.0688774 0.0688121 0.0689047 0.0688659 0.0687158 0.0688033 0.0687682 0.0685446 0.0687795 0.0685592 0.0685792 0.0685526 0.0686287 0.0685206 0.0683992 0.0684487 0.0684764 0.0683769
0.0677885 0.0677966 0.0676868 0.0680526 0.0683688 0.0683724 0.0683315 0.0687503 0.0685545 0.0689923 0.0686995 0.0688258 0.0692262 0.0688968 0.0691995 0.0688802 0.0694672 0.0693801 0.0696862 0.0691382 0.069458 0.0696474 0.0694178 0.0695175 0.0696401 0.0694248 0.0692792 0.0694475 0.0694315 0.0694743 0.0695038 0.0696119 0.0691251 0.0692854 0.0692037 0.0695314 0.0689666 0.0693208 0.0688231 0.0693048 0.0690708 0.0692616 0.069199 0.0691001 0.0691319 0.0690235 0.0690758 0.069011 0.0689032 0.0688189 0.0688774 0.0688121 0.0689047 0.0688659 0.0687158 0.0688033 0.0687682 0.0685391 0.0687795 0.0685592 0.0685764 0.068564 0.068628 0.0685207 0.0683992 0.0684487 0.0684764 0.0683769
0.0677984 0.0675418 0.0676818 0.068042 0.0683212 0.068351 0.068316 0.0687502 0.0685546 0.0689922 0.0686995 0.0688258 0.0692262 0.0688968 0.0691995 0.0688802 0.0694672 0.0693801 0.0696862 0.0691382 0.069458 0.0696474 0.0692854 0.0695931 0.06964 0.0694248 0.0692792 0.0694475 0.0694315 0.0694743 0.0695038 0.0696119 0.0691251 0.0692854 0.0692037 0.0695314 0.0689666 0.0693208 0.0690509 0.0693048 0.0690708 0.0692616 0.069199 0.0691001 0.0691319 0.0690235 0.0690758 0.069011 0.0689032 0.0688189 0.0688774 0.0688121 0.0689047 0.0688659 0.0687933 0.0688033 0.0687682 0.0685391 0.0687795 0.0685592 0.0685764 0.0685641 0.068628 0.0685207 0.0683992 0.0684487 0.0684764 0.0683769
0.0677562 0.0676314 0.0676904 0.0681574 0.0682592 0.0683298 0.0685303 0.0686295 0.0685582 0.0690019 0.0686995 0.0688256 0.0692168 0.0688968 0.0691995 0.0688802 0.0694668 0.0693801 0.0696862 0.0691382 0.069458 0.0696474 0.0692959 0.0695933 0.06964 0.0694248 0.0692792 0.0694475 0.0694315 0.0694743 0.0695111 0.06961 0.0691252 0.0692854 0.0692037 0.0695314 0.0689666 0.0693208 0.0690509 0.0693048 0.0690708 0.0692616 0.069199 0.0691001 0.069132 0.0690235 0.0690758 0.069011 0.0689032 0.0688189 0.0688774 0.0688121 0.0689047 0.0688659 0.0687158 0.0688033 0.0687682 0.0685391 0.0687795 0.0685592 0.0685764 0.0685641 0.068628 0.0685207 0.0683992 0.0684487 0.0684764 0.0683769
0.0677257 0.0677738 0.0677067 0.0681691 0.0682449 0.068575 0.0683164 0.0686357 0.0685855 0.0690205 0.0686537 0.0690545 0.0691924 0.0688968 0.0691994 0.0688803 0.0694676 0.0693881 0.069664 0.0691049 0.0694581 0.0696473 0.0692959 0.0695931 0.06964 0.0693383 0.0692792 0.069441 0.069432 0.0694744 0.0695269 0.0694408 0.0691518 0.0692854 0.0692037 0.0695314 0.0689666 0.0693208 0.0690509 0.0693048 0.0690708 0.0692616 0.069199 0.0691001 0.069133 0.0689616 0.0690765 0.069011 0.0689032 0.0688189 0.0688774 0.0688121 0.0689047 0.0688659 0.0687933 0.0688033 0.0687682 0.0685446 0.0687795 0.0685592 0.068513 0.0685641 0.068628 0.0685207 0.0683992 0.0684487 0.0684764 0.0683769
0.0678082 0.0677598 0.0679521 0.0681536 0.068245 0.068429 0.0685343 0.0686126 0.0684724 0.0689473 0.0686165 0.0690464 0.0692193 0.0688969 0.0691889 0.068971 0.0694606 0.0693937 0.0694739 0.0690998 0.06942 0.0696379 0.069315 0.0695177 0.0696401 0.0694248 0.0692791 0.0696049 0.0694336 0.0694749 0.0695506 0.0693527 0.0691652 0.0692854 0.0692036 0.0695315 0.0689666 0.0693209 0.0690509 0.0693048 0.0690708 0.0692624 0.0691989 0.0691009 0.0691089 0.0689097 0.0690691 0.0690235 0.0688887 0.0688181 0.0688774 0.0688121 0.0689047 0.0688659 0.0687158 0.0688033 0.0687682 0.0685406 0.0687783 0.0685592 0.0685764 0.0685641 0.068628 0.0685207 0.0683992 0.0684487 0.0684764 0.068377
