data/IdealizedTopo/Outputs_IdealizedTopo/release1HS_01IdealizedTopo_null_com1DFA_pft.asc
ncols 1001
nrows 301
xllcenter 1000.00
yllcenter -5000.00
cellsize 5.00
nodata_value nan
[rows 135 to 161 of 301, columns 372 to 433 of 1001]
0 0 0 0 0 0 0 0 0 0 0 0 0 0 0 0 0 0 0 0 0 0 0 0 0 0 0 0 0 0 0 0 0 0 0 0 0 0 0 0 0 0 0 0 0 0 0 0 0 0 0 0 0 0 0 0 0 0 0 0 0 0
0 0 0 0 0 0 0 0 0 0 0 0 0 0 0 0 0 0 0 0 0 0 0 0 0 0 0 0 0 0 0 0 0 0 0 0 0 0 0 0 0 0 0 0 0 0 0 0 0 0 0 0 0 0 0 0 0 0 0 0 0 0
0 0 0 0 0 0 0 0 0 0 0 0 0 0 0 0 0 0 0 0 0 0 0 0 0 0 0 0 0 0 0 0 0 0 0 0 0 0 0 0 0 0 0 0 0 0 0 0 0 0 0 0 0 0 0 0 0 0 0 0 0 0
0 0 0 0 0 0 0 0 0 0 0 0 0 0 0 0 0 0 0 0 0 0 0 0 0 0 0 0 0 0 0 0 0 0 0 0 0 0 0 0 0 0 0 0 0 0 0 0 0 0 0 0 0 0 0 0 0 0 0 0 0 0
0 0 0 0 0 0 0 0 0 0 0 0 0 0 0 0 0 0 0 0 0 0 0 0 0 0 0 0 0 0 0 0 0 0 0 0 0 0 0 0 0 0 0 0 0 0 0 0 0 0 0 0 0 0 0 0 0 0 0 0 0 0
0 0 0 0 0 0 0 0 0 0 0 0 0 0 0 0 0 0 0 0 0 0 0 0 0 0 0 0 0 0 0 0 0 0 0 0 0 0 0 0 0 0.0002404155620277613 0.004072459634854175 0.0111567548164487 0.02052763602293309 0.0262856631351549 0.03641966720445949 0.04341716424066297 0.04688942459186633 0.0577733232793476 0.06842937305914518 0.0724770290433541 0.07667793873369436 0.08380376780782151 0.09531708765488682 0.1062267523900868 0.1215916996117158 0.1370774028974508 0.1496101682844647 0.1726398392842576 0.1918687306425968 0.2232763288792299
0 0 0 0 0 0 0 0 0 0 0 0 0 0 0 0 0 0 0 0.001023238876265428 0.005150412475571242 0.01036116663677358 0.01466358770763037 0.01848602043970498 0.02412384591229721 0.0302910784106859 0.03890947436161472 0.04755414506349834 0.05580484215392811 0.06348135945107694 0.07586255190431809 0.08747903671041048 0.106131139551815 0.1256834604665927 0.1469023155547174 0.1704013718829247 0.17630830186232 0.1937951762417173 0.2236074801814326 0.2274833790941801 0.2568803691697835 0.2875346042941205 0.2917944142403441 0.3033368102498157 0.3011871185002211 0.3306755297882835 0.3400092231454574 0.3752999715688198 0.3959256264646201 0.3887825327830519 0.4093357044844901 0.4165884308077331 0.4482626675728952 0.4480642293048757 0.4560746024094009 0.4939254146694381 0.5004255858050001 0.4949610326100741 0.5133110052602486 0.5101289082135777 0.5488890601042561 0.5488022881181436
0.08245288523597497 0.1015461918634221 0.1177651751596098 0.1174447716407023 0.137344132100192 0.158002690571024 0.1549472024908598 0.1644880955804129 0.1832904768233246 0.2008264299814577 0.2118673773574043 0.2167847021817533 0.223196410249812 0.239234447575281 0.2500293838039978 0.2659097591689905 0.2830718082916661 0.2952064061993748 0.3084785015990779 0.3258438101004952 0.3358085240750379 0.3422866659187249 0.3659447991754362 0.3841297579702396 0.4053260084782734 0.4287329326313244 0.455325846232873 0.4829615587212093 0.5109519394421066 0.530464567488417 0.535280910393867 0.5400724952889857 0.5580973759417206 0.5734627600130048 0.5778185465177033 0.5820555834807054 0.5786664740480072 0.5749401984896307 0.5727924596017618 0.5726723819590108 0.5747904075898775 0.5801476903407333 0.5951648050872925 0.6157542093577882 0.624220587458031 0.6446680501493792 0.6598086989443146 0.6624753784590069 0.6602750431178211 0.6555875120913267 0.6539490760674356 0.6577539821087658 0.6745984323456458 0.6653977526356171 0.6758256606464732 0.6928153517334775 0.6935422004717283 0.7135750147833283 0.7281936127829421 0.7425993270662474 0.751291344196529 0.766795802913726
0.6030742622579409 0.6059134117947291 0.6283668502956766 0.6073872860999875 0.627398270127739 0.6225215736923569 0.6245871356518642 0.6368272354706384 0.6419324364032628 0.6520687791982926 0.6706168631475281 0.6539332901897527 0.6916080311425916 0.6733645525974159 0.6521171319516512 0.6670509860653955 0.6695848451553108 0.6731735686853384 0.7013405802313135 0.7046921653157375 0.7171430099810273 0.7306887121747536 0.7631086090718606 0.7664112013338825 0.7748422025919866 0.7589785029301636 0.7603634930200083 0.7761253063640999 0.7699566117398088 0.7789205937622619 0.7991851765219034 0.7866466733524736 0.7868259876079007 0.79447193674113 0.8043865861701328 0.7912523350989104 0.8103556348389375 0.8103700864381587 0.8264199609713357 0.830940031981925 0.8373208137826906 0.8498463768910584 0.8586694796717923 0.8637844608928039 0.8737772072247122 0.8782553550385118 0.8637874329872256 0.8742505123572111 0.8834087659653976 0.870576362935629 0.8789902591748668 0.8627344394222933 0.8734558357539167 0.8796275194798349 0.8787244858090881 0.8829209225438148 0.9101558039711691 0.910147198282923 0.9219595952848619 0.9384284703912613 0.9577745143530964 0.9630790287516208
0.9985427398017952 0.9891290478043779 0.997229490194771 0.9795714971156868 0.9828327944860449 1.000258221923223 0.9979407417768866 0.9919850582397415 0.988798314693672 0.9731096891144755 1.014779822647949 0.9952897701973732 1.01444339694261 1.022605677694139 1.026360026871882 1.057077803825599 1.038562865313241 1.046155671619175 1.058500119264341 1.040907462829043 1.070099943347875 1.036637028476378 1.04727184650212 1.034259927673281 1.05731850757139 1.052353927673446 1.069363893426899 1.056282664455329 1.062531787686371 1.084426187102793 1.066507100941702 1.074883188521327 1.062527417262447 1.088958724175294 1.079540995991175 1.092230219208258 1.083235250623567 1.115698542309321 1.079883088955549 1.097806074446965 1.079635851609796 1.076780912359782 1.069094730409469 1.060005744775387 1.040551203748166 1.049402816230438 1.032860988375291 1.052912341402811 1.041091151326484 1.045490435162473 1.063311714616363 1.065907675736061 1.06263264514437 1.085320477704911 1.067375089953706 1.061577418059928 1.078086288577484 1.065563655435904 1.086670858180317 1.110390155323807 1.120486217000686 1.141496810528519
1.344029950205897 1.353176342200452 1.325665646933806 1.325487428008458 1.329939698670815 1.331863910049314 1.325736187679882 1.318194098324993 1.333970337100707 1.331699504624039 1.342141380152032 1.330975667099121 1.330231496768755 1.307367172273747 1.29514965739218 1.29789845421348 1.292849826362403 1.325983830699972 1.274086502886432 1.276602985476533 1.285151630291422 1.302483742192674 1.293235347769198 1.276707864933727 1.289888059254004 1.296039150170964 1.282975845146472 1.294040224993887 1.290196378435237 1.28669897826892 1.262181919926172 1.275157643645439 1.261899415827039 1.23957982696849 1.274319946730081 1.23959314309137 1.260583674973044 1.238150528754081 1.234960555669646 1.235499846391743 1.222000587219631 1.22033064441392 1.217833638711923 1.22462794547422 1.213972368697811 1.208559806956695 1.221413676976935 1.211811571503243 1.210790681153376 1.202822209823037 1.193098472933823 1.186462132862802 1.198280427101993 1.200801700098907 1.204788489491475 1.230279917715908 1.207992334231656 1.236649676616524 1.229204840987326 1.251031044286049 1.245383894046956 1.277236333489135
1.644159442301432 1.637889748672402 1.631831180657093 1.625087397178372 1.619251265413906 1.603453751698592 1.584211249225024 1.574097157689165 1.567091877634651 1.568676941848483 1.561368555844302 1.562593489821046 1.547929728420649 1.540555831638386 1.543757464828168 1.528250878913487 1.528994625263874 1.525813521878544 1.518224622267711 1.526688750034646 1.531360170709882 1.497075943968445 1.497919178306012 1.484891401642395 1.483168796555799 1.478504856463695 1.466749482544263 1.459698358714698 1.455677201145303 1.460213288573649 1.442738446512592 1.433598501735313 1.4393532555943 1.442480091655898 1.434859427608939 1.422924011892118 1.427400032967099 1.41691021502463 1.390506846236303 1.3942624438685 1.393789133858347 1.389444201324516 1.386656121910102 1.371064825995362 1.364919468375349 1.359567195209356 1.347607794717548 1.332666285937961 1.344181500805958 1.335088222643136 1.324788677554384 1.321245678151863 1.317192483224014 1.332854471393127 1.329371410313379 1.349369549852172 1.356703738042501 1.352747137959566 1.368800835151174 1.364179079519496 1.387134208381563 1.696992502129539
1.857527888080715 1.850395914267779 1.838303733726886 1.821846480419051 1.816998772493108 1.817483859515654 1.811909111462109 1.811850408815886 1.808872280847249 1.793468227159314 1.774735458062006 1.758030697344724 1.743849022081598 1.734702027434395 1.731541183413912 1.724587455070947 1.709894427289254 1.703327085571926 1.69358380193858 1.682488782874504 1.681884649346729 1.672710413543188 1.661417719792658 1.661477693804053 1.655494645124121 1.634241519386149 1.63653639464534 1.635021061885106 1.60779287328892 1.60732547315208 1.594412515784319 1.591353400388726 1.58324936947351 1.58107542562662 1.578438894481025 1.55629505357251 1.552082536088301 1.542029825516809 1.521674291259161 1.512134727285776 1.521041982957373 1.500673114435757 1.487788421478662 1.469131678365998 1.487186160143106 1.478685616015621 1.468214072830904 1.463442841661111 1.455871174542083 1.461257555799016 1.476348282015808 1.460784421527965 1.461197645021978 1.441017805503707 1.445277468184436 1.444791633841394 1.451430434027536 1.468941479932968 1.466078823359271 1.457443384865612 1.472189399923514 2.782626294549799
2.035805965857955 2.026915300495706 2.007494539914981 1.988303684541241 1.978800570853083 1.969283007391155 1.956725459961085 1.934833758772668 1.927361475644617 1.91602376746683 1.906958712514269 1.906386446318149 1.899607606736927 1.892957477584433 1.887054671474438 1.879588522377404 1.868943918927229 1.85433040754873 1.844537343750728 1.833452073316787 1.813927390363351 1.79813063423057 1.782090574084456 1.771689583624438 1.757150251554148 1.742423338552709 1.733233973523375 1.730155492015071 1.723242181891782 1.709525050353672 1.689892224092929 1.673685183467646 1.663069454434514 1.65674259259419 1.649085213436916 1.644581653028508 1.635625030237261 1.639413705804053 1.632732062875672 1.623237598439768 1.620181519002126 1.616124640209188 1.600463223609675 1.598694828608011 1.58050661070669 1.57168536566424 1.56963449757098 1.555952129434051 1.538951222033522 1.520893200803785 1.508105068962862 1.50094974778721 1.487275955139958 1.500449111358577 1.482575631320842 1.493353299958863 1.494784223606291 1.505291683618283 1.508581117201443 1.515386611472428 1.531736639971504 3.567904097032392
2.125059903348012 2.123909349828173 2.1092711423018 2.092540920061125 2.080534353881901 2.080304952123506 2.058025393034562 2.039985754752268 2.035739890595385 2.019645141355402 2.008365388119003 1.995659723509705 1.975338603605812 1.955869964455202 1.943061291534134 1.936791594759872 1.930144994554379 1.914133446821455 1.901825838523395 1.889651190564893 1.877930478029994 1.869887262984183 1.861852655857239 1.850989683418212 1.84017685128383 1.829647562594162 1.818350954178704 1.806929731054847 1.796025179517227 1.785120307982852 1.774185983803682 1.763350567408772 1.752450563672947 1.741265243355318 1.729702760511457 1.714819076604661 1.701854499610667 1.683274806342044 1.683074859742329 1.658460337507524 1.646378229080494 1.634496027674652 1.629904169429743 1.625091076084404 1.61983019884787 1.604520459722241 1.600536006771805 1.595264120824165 1.578046327561085 1.578047181843964 1.561980115102047 1.551468570993707 1.540541164379114 1.544106245900141 1.544353396756394 1.563306779033202 1.570404647327455 1.574872482797112 1.572352254141917 1.583216014382606 1.811386815729417 4.069050668031475
2.183224854750963 2.159861889237326 2.145266891809092 2.153268354537803 2.124614935394366 2.099777038816144 2.091297756066046 2.085349784802523 2.074693687268601 2.052948350167672 2.03551623997706 2.03595410467792 2.016439570005248 1.989580326387406 1.970586440000526 1.967021245551478 1.956802755336995 1.947275990282312 1.932077317119852 1.918041678327433 1.904260086332476 1.887239629234695 1.87276372607822 1.858841560089869 1.846787681226439 1.839857694600633 1.83310053306866 1.823160676376232 1.810528238671963 1.798153385208709 1.786019736443746 1.774970431717802 1.772153991500562 1.768131892493184 1.758980743672561 1.744500264535564 1.721510861205351 1.697521863121812 1.684858878985155 1.681200284794318 1.6762529008066 1.66630895488523 1.651906121682305 1.6439694117226 1.631062880203303 1.618911128911395 1.635011072156076 1.616273337679549 1.588339650685318 1.581212078029945 1.568048057408759 1.56235507567253 1.560020815818563 1.565218198089701 1.563847437801483 1.560700290378392 1.560666955100025 1.564442736526332 1.577353867386403 1.589749889683415 2.014974303502147 4.325780571076066
2.139112343574883 2.098693197195774 2.088820953578607 2.087879653812476 2.068175966292786 2.056988383503667 2.052202019462077 2.033174424501803 2.030413973458447 2.014961318461196 2.013042587244071 1.991036478161765 1.979818678844772 1.970165488190797 1.956701814783606 1.94938865318863 1.92956287174334 1.910385750047162 1.89845380435678 1.894440917788963 1.883541341910834 1.869404432446787 1.853992765033994 1.840434160217008 1.836474389867941 1.827786324549086 1.822321150864232 1.814509350499155 1.799612710999978 1.782810386083212 1.765896951590413 1.752251690485083 1.742118773777597 1.731120621893408 1.719625880470933 1.706172336268585 1.691172417508818 1.675744827784381 1.661335240072011 1.653398941983637 1.644524555767612 1.631338730409067 1.621201107133324 1.611241956909826 1.602914873178743 1.602662669424943 1.593928995098128 1.589516191054986 1.572186134777625 1.550425373954867 1.546082244160074 1.537833822485511 1.538588851979869 1.537289265355978 1.543052340753077 1.553836153146879 1.546720429085992 1.549394838286224 1.548229502392627 1.585881844538086 1.779415157398258 4.125117638461818
2.052759657163704 2.048616036853927 2.030242752095706 2.014643261594713 2.000997094853371 1.980943799260278 1.983622606511185 1.969033548628245 1.949388225453699 1.937224904203799 1.912287656835139 1.899491522475024 1.892429017676819 1.883681596589049 1.864023889170225 1.848005039911831 1.83754695232919 1.830732573439059 1.813764649304211 1.805737001108503 1.803297440728047 1.802614692808412 1.801202187124552 1.793625413246014 1.783282999755907 1.769723991789333 1.755495077707624 1.737959714512567 1.719243805568469 1.701482678178216 1.68819940818282 1.675308972816552 1.664283787188235 1.652509091757816 1.646931953846795 1.643287226718472 1.641564460865137 1.626954328742098 1.618504295029728 1.612225452645528 1.602691949527486 1.58878512304835 1.587999957701022 1.587047963619694 1.586035366683946 1.565900349468662 1.553951031911971 1.545433147917657 1.540953945421867 1.530964358161031 1.526879592050142 1.512959342168838 1.496153579690761 1.487933674897191 1.484567522502506 1.500507233523808 1.520549066047131 1.514328281756819 1.504716167072359 1.517567904065869 1.546766235939784 3.577862754464789
1.845337422918975 1.834777512359558 1.824371808041268 1.815581024577295 1.810253250767244 1.806737132794161 1.801569416106214 1.789156449862707 1.780403506753709 1.775497466403145 1.767447230426551 1.755590647757388 1.743039322781329 1.727078793241399 1.712744850482562 1.700073498728928 1.692584876979296 1.689283335271478 1.684959646254626 1.671013544254459 1.665406590417299 1.657366352184546 1.65557354999758 1.638118025549588 1.632873124444066 1.63587737660891 1.629159924381928 1.610758641179722 1.601738035164147 1.600015588400622 1.593347726248572 1.588018762022861 1.589786921162959 1.573727425585895 1.555228240942985 1.566287785599693 1.577373861177672 1.539745384777568 1.564086019846248 1.530536734790337 1.50574439893959 1.508873949106217 1.520058077264756 1.500979740473499 1.499160703002541 1.464834296940503 1.458786127839685 1.461171368309371 1.451884513467175 1.431249550530814 1.434386488968413 1.455297544831359 1.454499218689234 1.442469919878682 1.436862970582871 1.439924712290805 1.452407787808104 1.460886085841374 1.456965323042261 1.456631013927384 1.472940548755739 2.810737976654517
1.613951551600773 1.608721809042458 1.604846574648796 1.594602779388263 1.584295025059531 1.589576707685445 1.571679084905619 1.563437604939889 1.558666896818828 1.563410178335367 1.576909984517183 1.567682431599662 1.552069500749913 1.541485202853064 1.54493012368952 1.530540841118498 1.532912949858196 1.547553380132524 1.55472560151238 1.528708837230877 1.509215886098408 1.493507007702649 1.491095054484197 1.488492268125013 1.477758889228278 1.482761760031967 1.465653460290916 1.454845093283908 1.457781566283009 1.445979821952757 1.439536983700078 1.433642003607739 1.424713346899768 1.424489692070414 1.41379888337049 1.421433003488191 1.409478681287424 1.412480831343357 1.414563058761678 1.405176702511905 1.385132544577553 1.393063756731644 1.394259902723048 1.383005105293868 1.370397793444175 1.369402054126055 1.354926650394795 1.348762692755137 1.357467443248876 1.341557346754167 1.315962224651752 1.333721701405454 1.324757007865661 1.308359409273075 1.344869966459626 1.33539787608818 1.334554407898283 1.375911424640136 1.366938741879492 1.357567914547937 1.398666005273324 1.819763174388649
1.335171552115248 1.30798982323483 1.303215331917486 1.316434261769638 1.322331748232994 1.30607367541225 1.30550842826422 1.309464248421852 1.305077387548168 1.302053783242545 1.319434598279545 1.310278985065872 1.293972829433264 1.296630037656812 1.279883841073561 1.280937369041149 1.301374616385301 1.298727771828923 1.288905461147785 1.299060269239855 1.292212459640061 1.277659535411335 1.292818077522757 1.300842220009306 1.283123969149841 1.289503427670734 1.297473395036077 1.260543484229465 1.271923274350294 1.266083680762872 1.255904197815038 1.269838638026683 1.271118244617913 1.25943493304892 1.26858205558964 1.271767657710891 1.249129587485786 1.279337225816977 1.23636294330838 1.230992589318495 1.245181779793068 1.233303128212557 1.236071622410324 1.219805587857727 1.217322654710976 1.228233319146504 1.21001220533913 1.214273007330865 1.2199581881816 1.211036414054277 1.205570498970269 1.210470904002518 1.194968776322466 1.194312884076585 1.201698906055907 1.202971008043965 1.207728332123685 1.22485144111253 1.223472451043321 1.245781428294365 1.241283408331438 1.273666046082903
0.9722416190527919 0.9934996341223499 0.9773461186135943 0.9978316191094979 0.9889954179861538 0.9775864949845047 0.9836436532039969 0.9740030025854628 0.9952968010879424 0.9914161719406421 0.9857538664710125 0.9918912274296519 0.9990203388925597 1.017773485003928 1.01225649433618 1.015789417731333 1.04186109594461 1.020810227430881 1.029836694391008 1.026903487208003 1.026493594533027 1.024140797376907 1.033391755519584 1.025337918678407 1.041146252592207 1.032822383521139 1.057780884351272 1.041396132329878 1.063166547912767 1.05444667713709 1.052292312704534 1.050160900440986 1.046791857039348 1.054692337244062 1.065308469072045 1.049888886447094 1.066590801975327 1.050395288636894 1.083022144745618 1.062500951723283 1.082287652301846 1.06054800627436 1.067486096338889 1.073182722423866 1.066115115645204 1.097222333631465 1.087841599565706 1.08550190701659 1.103089811529617 1.065793157608392 1.103042688466786 1.052596245632292 1.071471323255354 1.071251833601287 1.070671835188749 1.101224569085815 1.08862511744478 1.104131722559106 1.124954764294663 1.123712010124562 1.141779441457118 1.13392559861711
0.5466590567235977 0.5349806862625628 0.5805939099423485 0.5866490058079461 0.5934489370788535 0.622724073212676 0.6138741805419616 0.6512678179178853 0.6737508510139762 0.6871695546192846 0.706300359240521 0.7181096902918288 0.7085168413816847 0.7099766137364938 0.7287087552522037 0.7191098662019979 0.7192235086322917 0.7241211703160997 0.7173610078280933 0.7228284627657806 0.7239463900270556 0.7344623930587638 0.7432336853279972 0.7394913518813453 0.7503195551326582 0.7353208872952961 0.7379896337756827 0.7477500826961359 0.7529500031041505 0.7767806009155572 0.7771118047794112 0.7897310318314258 0.8104820370913777 0.8114394747775211 0.8147744851842749 0.8132450462432173 0.8062717253682914 0.8117845186786056 0.8340947065114001 0.8518807420410405 0.8901162510300668 0.8667396144117687 0.8592979578218831 0.8851083118257814 0.878033991676923 0.8636262516169887 0.8545792506074615 0.8621600622152117 0.875970214423843 0.8739049587100078 0.8915931131093946 0.9007462747622176 0.8871119890324463 0.8869036635649005 0.9005684993058952 0.9037874300951083 0.9161901145373115 0.9362599035833018 0.9311603914456467 0.9589516002575372 0.9866693055705453 0.9906384648135502
0.07508713872640586 0.08542124249639109 0.1007618396745926 0.1073836107758928 0.1134278832878268 0.1189105970481721 0.1238237805585777 0.1282210868887284 0.1329163911261907 0.144138678080421 0.1545259408711598 0.1638907664995606 0.1753887133983935 0.1977456652471184 0.219489913563532 0.2377420019844289 0.24894264798334 0.2704608819216799 0.2961150075564121 0.312781832656459 0.3323642028373382 0.3511371068918467 0.3716424852729843 0.4016439529014385 0.4331753653793681 0.4620697099303865 0.471165278789282 0.4761917431768143 0.4855417273525031 0.49469071469638 0.5034657687830916 0.5008914388971869 0.4966701283777048 0.5112506543900983 0.5313887288120608 0.5522264231499968 0.5642915216797895 0.5658903319612851 0.5744255983020521 0.5836180895762934 0.5911039399068911 0.5940356556878915 0.6148781063041028 0.6361744701513548 0.647536143659131 0.6623097945231212 0.6748446418916155 0.6867733066718938 0.6934480904915483 0.6853734077007053 0.6770521631172206 0.6615851675155984 0.6475956666425928 0.6591703231805285 0.6666757478750498 0.6815217262014615 0.6972840105151313 0.7064831633747682 0.7228366050099349 0.7416202551303914 0.7520774683054086 0.7733649069717562
0 0 0 0 0 0 0 0 0 0 0 0 0 0 0 0 0 0 0 0 0 0.0002363651139277469 0.003723025420882008 0.00876985986214957 0.01427816611489382 0.01987288505085503 0.0256083709812666 0.03543067298339535 0.04617281491422279 0.06045638718000759 0.07704830967236796 0.09132749187166951 0.1034183757514193 0.1138651658645049 0.1307668944139346 0.1509861042256915 0.1611948626080904 0.1730666782702718 0.1960315643082712 0.2147226225450405 0.2304483291838107 0.2584487827456808 0.2783797918559031 0.3051104404793832 0.3175221273574194 0.358717512419739 0.3724569612089279 0.4078747412517121 0.4463020609993187 0.4515501661459669 0.4840629788493821 0.4877425016123742 0.5054345659264111 0.5050248670438638 0.4921984892203453 0.4985162441974587 0.4997554398749776 0.5227790660296878 0.5416297587482478 0.5422280328987908 0.5779008009088031 0.5884485849824286
0 0 0 0 0 0 0 0 0 0 0 0 0 0 0 0 0 0 0 0 0 0 0 0 0 0 0 0 0 0 0 0 0 0 0 0 0 0 0 0 0 0 0 0 0 0 0 0.002743163801726852 0.01104042964428224 0.01987809226327828 0.0329426527831788 0.04412717983602044 0.05616637866300513 0.0736885894472602 0.08417768422391862 0.1008845671781853 0.1095110412448136 0.1250778735038411 0.1320712967645946 0.1463075551106851 0.159711963679913 0.1696791628960562
0 0 0 0 0 0 0 0 0 0 0 0 0 0 0 0 0 0 0 0 0 0 0 0 0 0 0 0 0 0 0 0 0 0 0 0 0 0 0 0 0 0 0 0 0 0 0 0 0 0 0 0 0 0 0 0 0 0 0 0 0 0
