data/IdealizedTopo/Outputs_IdealizedTopo/release1HS_01IdealizedTopo_null_TRENT2D_pft.asc
ncols     1001
nrows      301
cellsize  5.000
xllcenter         1000.00
yllcenter        -5000.00
NODATA_value       nan
[rows 132 to 164 of 301, columns 225 to 299 of 1001]
nan nan nan nan nan nan nan nan nan nan nan nan nan nan nan nan nan nan nan nan nan nan nan nan nan nan nan nan nan nan nan nan nan nan nan nan nan nan nan nan nan nan nan nan nan nan nan nan nan nan nan nan nan nan nan nan nan nan nan nan nan nan nan nan nan nan nan nan nan nan nan nan nan nan nan
nan nan nan nan nan nan nan nan nan nan nan nan nan nan nan nan nan nan nan nan nan nan nan nan nan nan nan nan nan nan nan nan nan nan nan nan nan nan nan nan nan nan nan nan nan nan nan nan nan nan nan nan nan nan nan nan nan nan nan nan nan nan nan nan nan nan nan nan nan nan nan nan nan nan nan
nan nan nan nan nan nan nan nan nan nan nan nan nan nan nan nan nan nan nan nan nan nan nan nan nan nan nan nan nan nan nan nan nan nan nan nan nan nan nan nan nan nan nan nan nan nan nan nan nan nan nan nan nan nan nan nan nan nan nan nan nan nan nan nan nan nan nan nan nan nan nan nan nan nan nan
nan nan nan nan nan nan nan nan nan nan nan nan nan nan nan nan nan nan nan nan nan nan nan nan nan nan nan nan nan nan nan nan nan nan nan nan nan nan nan nan nan nan nan nan nan nan nan nan nan nan nan nan nan nan nan nan nan nan nan nan nan nan nan nan nan nan nan nan nan nan nan nan nan nan nan
nan nan nan nan nan nan nan nan nan nan nan nan nan nan nan nan nan nan nan nan nan nan nan nan nan nan nan nan nan nan nan nan nan nan nan nan nan nan nan nan nan nan nan nan nan nan nan nan nan nan nan nan nan nan nan nan nan nan nan nan nan nan nan nan nan nan nan nan nan nan nan nan nan nan nan
nan nan nan nan nan nan nan nan nan nan nan nan nan nan nan nan nan nan nan nan nan nan nan nan nan nan nan nan nan nan nan nan nan nan nan nan nan nan nan nan nan nan nan nan nan nan nan nan nan nan nan nan nan nan nan nan nan nan nan nan nan nan nan nan nan nan nan nan nan nan nan nan nan nan nan
nan nan nan nan nan nan nan nan nan nan nan nan nan nan nan nan nan nan nan nan nan nan nan nan nan nan nan nan nan nan nan nan nan nan nan nan nan nan nan nan nan nan nan nan nan nan nan nan nan nan nan nan nan nan nan nan nan nan nan nan nan nan nan nan nan nan nan nan nan nan nan nan nan nan nan
nan nan nan nan nan nan nan nan nan nan nan nan nan nan nan nan nan nan nan nan nan nan nan nan nan nan nan nan nan nan nan nan nan nan nan nan nan nan nan nan nan nan nan nan nan nan nan nan nan nan nan nan nan nan nan nan nan nan nan nan nan nan nan nan nan nan nan nan nan nan nan nan nan nan nan
nan nan nan nan nan nan nan nan nan nan nan nan nan nan nan nan nan nan nan nan nan nan nan nan nan nan nan nan nan nan nan nan nan nan nan nan nan nan nan nan nan nan nan nan nan nan nan nan nan nan nan nan nan nan nan nan nan nan nan nan nan nan nan nan nan nan nan nan nan nan nan nan nan nan nan
nan nan nan nan nan nan nan nan nan nan nan nan nan nan nan nan nan nan nan nan nan nan nan nan nan nan nan nan nan nan nan nan nan nan nan nan nan nan nan nan nan nan nan nan nan nan nan nan nan nan nan nan nan nan nan nan nan nan nan nan nan nan nan nan nan nan nan nan nan nan nan nan nan nan nan
nan nan nan nan nan nan nan nan nan nan nan nan nan nan nan nan nan nan nan nan nan nan nan nan nan nan nan nan nan nan nan nan nan nan nan nan nan nan nan nan nan nan nan nan nan nan nan nan nan nan nan nan nan nan nan nan nan nan nan nan nan nan nan nan nan nan nan nan nan nan nan nan nan nan nan
nan nan nan nan nan nan nan nan nan nan nan nan nan nan nan nan nan nan nan nan nan nan nan nan nan nan nan nan nan nan nan nan nan nan nan nan nan nan nan nan nan nan nan nan nan nan nan nan nan nan nan nan nan nan nan nan nan nan nan nan nan nan nan nan nan nan nan nan nan nan nan nan nan nan nan
0.185652 0.186453 0.187253 0.188054 0.188855 0.189656 0.190458 0.191260 0.191255 0.191250 0.191246 0.191232 0.191202 0.190398 0.190399 0.189595 0.188790 0.187179 0.186374 0.184763 0.183959 0.182348 0.180738 0.179127 0.177516 0.175906 0.174296 0.172686 0.171076 0.170273 0.168663 0.167054 0.165445 0.164643 0.163841 0.162232 0.161430 0.160629 0.159828 0.159028 0.158227 0.157427 0.157434 0.156635 0.155835 0.155844 0.155853 0.155862 0.155064 0.155882 0.155893 0.155904 0.155915 0.156735 0.157556 0.158377 0.159199 0.160022 0.160845 0.161669 0.163303 0.164128 0.165763 0.167400 0.169037 0.170675 0.172315 0.174764 0.176406 0.178859 0.181312 0.183768 0.186225 0.188683 0.191953
1.074456 1.076058 1.076847 1.077638 1.078430 1.079222 1.079202 1.079182 1.079164 1.078332 1.078315 1.076631 1.075701 1.074079 1.071643 1.070022 1.067586 1.065151 1.061903 1.059469 1.056221 1.052159 1.048913 1.044852 1.040792 1.036733 1.033489 1.029431 1.025373 1.021317 1.017261 1.014020 1.009966 1.006727 1.002675 0.999438 0.996202 0.993781 0.990547 0.988129 0.984897 0.982481 0.980067 0.978468 0.976056 0.973645 0.972051 0.969643 0.968052 0.966462 0.964874 0.963288 0.961703 0.960935 0.959354 0.958591 0.957013 0.956254 0.955496 0.954740 0.953987 0.954051 0.953303 0.953372 0.952628 0.952702 0.952778 0.952858 0.952940 0.953840 0.953928 0.954018 0.954926 0.955022 0.955937
2.009967 2.009937 2.009908 2.009881 2.009034 2.008189 2.007346 2.006503 2.005662 2.004002 2.002342 1.999816 1.998037 1.995583 1.992310 1.989856 1.986583 1.983311 1.980039 1.975947 1.971856 1.967766 1.964496 1.960406 1.955497 1.951410 1.947322 1.943236 1.939150 1.935065 1.930982 1.926899 1.922816 1.918735 1.914655 1.910576 1.907319 1.903242 1.899987 1.895913 1.892661 1.888589 1.885340 1.881271 1.878024 1.874779 1.871536 1.868294 1.865054 1.861816 1.858580 1.855345 1.852113 1.848882 1.846474 1.843248 1.840024 1.836802 1.834404 1.831186 1.828792 1.825580 1.823191 1.819983 1.817599 1.814396 1.812017 1.809641 1.806447 1.804076 1.801707 1.799342 1.796158 1.793798 1.791441
2.737887 2.735392 2.732897 2.730404 2.727912 2.725420 2.722930 2.719615 2.717127 2.713814 2.711327 2.707979 2.704575 2.701280 2.697162 2.693868 2.690575 2.686457 2.683164 2.679047 2.674930 2.671639 2.667522 2.663407 2.660117 2.656002 2.651888 2.647774 2.644486 2.640373 2.637085 2.632974 2.628863 2.625578 2.621468 2.617360 2.614076 2.609969 2.606687 2.602582 2.598477 2.595198 2.591095 2.587818 2.583717 2.579618 2.576343 2.572246 2.568150 2.564054 2.560785 2.556693 2.552601 2.548511 2.544423 2.540336 2.535425 2.531341 2.527258 2.522352 2.518273 2.513370 2.509294 2.504395 2.500322 2.495426 2.490531 2.485639 2.480748 2.475859 2.470971 2.466086 2.460377 2.455495 2.450615
3.257769 3.252794 3.247819 3.243673 3.239527 3.235382 3.231237 3.227093 3.222948 3.218804 3.214661 3.210498 3.207132 3.203823 3.199687 3.196379 3.193070 3.189763 3.186454 3.183147 3.179839 3.177358 3.174051 3.170743 3.167436 3.164129 3.160822 3.158343 3.155036 3.151730 3.148424 3.145118 3.141812 3.138507 3.135202 3.131897 3.128592 3.125287 3.121156 3.117852 3.113721 3.110418 3.106288 3.102158 3.098856 3.094727 3.089771 3.085643 3.081515 3.077388 3.072434 3.068308 3.063354 3.058402 3.053449 3.048498 3.043547 3.038596 3.032819 3.027870 3.022094 3.016318 3.010543 3.004769 2.998996 2.993223 2.986623 2.980025 2.974254 2.967656 2.961060 2.954464 2.947868 2.940446 2.933852
3.569101 3.561640 3.555007 3.549203 3.543400 3.538425 3.532622 3.527647 3.523502 3.518527 3.514382 3.510231 3.506899 3.503584 3.500268 3.496952 3.493637 3.491150 3.487834 3.485347 3.482032 3.479544 3.477058 3.474571 3.472084 3.469597 3.467110 3.463794 3.461307 3.458820 3.456333 3.453847 3.451360 3.448044 3.445557 3.442241 3.439754 3.436438 3.433122 3.429807 3.426490 3.423175 3.419859 3.415714 3.411570 3.408254 3.404109 3.399136 3.394991 3.390018 3.385873 3.380899 3.375926 3.370124 3.365150 3.359348 3.353546 3.348573 3.341942 3.336139 3.330338 3.323707 3.317076 3.310445 3.303814 3.297184 3.289724 3.282265 3.275634 3.268175 3.260716 3.252428 3.244969 3.236681 3.229222
3.672637 3.664346 3.656885 3.650253 3.643620 3.637817 3.632013 3.627040 3.622065 3.617091 3.612946 3.608801 3.605485 3.602168 3.598852 3.595536 3.592220 3.589733 3.587245 3.583930 3.581443 3.578955 3.576468 3.573981 3.571494 3.569007 3.566520 3.564033 3.562375 3.559888 3.557400 3.554913 3.552426 3.549939 3.546623 3.544136 3.541649 3.538332 3.535845 3.532529 3.529213 3.525897 3.521751 3.518436 3.514290 3.510145 3.506829 3.501855 3.497710 3.492735 3.488590 3.483616 3.478642 3.472839 3.467864 3.462061 3.456258 3.450455 3.443822 3.438019 3.431387 3.424754 3.418122 3.411490 3.404028 3.397396 3.389935 3.382473 3.375012 3.366722 3.359260 3.350970 3.343509 3.335218 3.326099
3.569101 3.561640 3.555007 3.549203 3.543400 3.538425 3.532622 3.527647 3.523502 3.518527 3.514382 3.510231 3.506899 3.503584 3.500268 3.496952 3.493637 3.491150 3.487834 3.485347 3.482032 3.479544 3.477058 3.474571 3.472084 3.469597 3.467110 3.463794 3.461307 3.458820 3.456333 3.453847 3.451360 3.448044 3.445557 3.442241 3.439754 3.436438 3.433122 3.429807 3.426490 3.423175 3.419859 3.415714 3.411570 3.408254 3.404109 3.399136 3.394991 3.390018 3.385873 3.380899 3.375926 3.370124 3.365150 3.359348 3.353546 3.348573 3.341942 3.336139 3.330338 3.323707 3.317076 3.310445 3.303814 3.297184 3.289724 3.282265 3.275634 3.268175 3.260716 3.252428 3.244969 3.236681 3.229222
3.257769 3.252794 3.247819 3.243673 3.239527 3.235382 3.231237 3.227093 3.222948 3.218804 3.214661 3.210498 3.207132 3.203823 3.199687 3.196379 3.193070 3.189763 3.186454 3.183147 3.179839 3.177358 3.174051 3.170743 3.167436 3.164129 3.160822 3.158343 3.155036 3.151730 3.148424 3.145118 3.141812 3.138507 3.135202 3.131897 3.128592 3.125287 3.121156 3.117852 3.113721 3.110418 3.106288 3.102158 3.098856 3.094727 3.090599 3.085643 3.081515 3.077388 3.072434 3.068308 3.063354 3.058402 3.053449 3.048498 3.043547 3.038596 3.032819 3.027870 3.022094 3.016318 3.010543 3.004769 2.998996 2.993223 2.986623 2.980025 2.974254 2.967656 2.961060 2.954464 2.947868 2.940446 2.933852
2.737887 2.735392 2.732897 2.730404 2.727912 2.725420 2.722930 2.719615 2.717127 2.713814 2.711327 2.707979 2.704575 2.701280 2.697162 2.693868 2.690575 2.686457 2.683164 2.679047 2.674930 2.671639 2.667522 2.663407 2.660117 2.656002 2.651888 2.647774 2.644486 2.640373 2.637085 2.632974 2.628863 2.625578 2.621468 2.617360 2.614076 2.609969 2.606687 2.602582 2.598477 2.595198 2.591095 2.587818 2.583717 2.579618 2.576343 2.572246 2.568150 2.564054 2.560785 2.556693 2.552601 2.548511 2.544423 2.540336 2.535425 2.531341 2.527258 2.522352 2.518273 2.513370 2.509294 2.504395 2.500322 2.495426 2.490531 2.485639 2.480748 2.475859 2.470971 2.465261 2.460377 2.455495 2.450615
2.009967 2.009937 2.009908 2.009881 2.009034 2.008189 2.007346 2.006503 2.005662 2.004002 2.002342 1.999816 1.998037 1.995583 1.992310 1.989856 1.986583 1.983311 1.980039 1.975947 1.971856 1.967766 1.964496 1.960406 1.955497 1.951410 1.947322 1.943236 1.939150 1.935065 1.930982 1.926899 1.922816 1.918735 1.914655 1.910576 1.907319 1.903242 1.899987 1.895913 1.892661 1.888589 1.885340 1.881271 1.878024 1.874779 1.871536 1.868294 1.865054 1.861816 1.858580 1.855345 1.852113 1.848882 1.846474 1.843248 1.840024 1.836802 1.834404 1.831186 1.828792 1.825580 1.823191 1.819983 1.817599 1.814396 1.812017 1.809641 1.806447 1.804076 1.801707 1.799342 1.796158 1.793798 1.791441
1.074456 1.076058 1.076847 1.077638 1.078430 1.079222 1.079202 1.079182 1.079164 1.078332 1.078315 1.076631 1.075701 1.074079 1.071643 1.070022 1.067586 1.065151 1.061903 1.059469 1.056221 1.052159 1.048913 1.044852 1.040792 1.036733 1.033489 1.029431 1.025373 1.021317 1.017261 1.014020 1.009966 1.006727 1.002675 0.999438 0.996202 0.993781 0.990547 0.988129 0.984897 0.982481 0.980067 0.978468 0.976056 0.973645 0.972051 0.969643 0.968052 0.966462 0.964874 0.963288 0.961703 0.960935 0.959354 0.958591 0.957013 0.956254 0.955496 0.954740 0.953987 0.954051 0.953303 0.953372 0.952628 0.952702 0.952778 0.952858 0.952940 0.953840 0.953928 0.954018 0.954926 0.955022 0.955937
0.185652 0.186453 0.187253 0.188861 0.188855 0.189656 0.190458 0.191260 0.191255 0.191250 0.191246 0.191232 0.191202 0.190398 0.190399 0.189595 0.188790 0.187179 0.186374 0.184763 0.183959 0.182348 0.180738 0.179127 0.177516 0.175906 0.174296 0.172686 0.171883 0.170273 0.168663 0.167054 0.165445 0.164643 0.163841 0.162232 0.161430 0.160629 0.159828 0.159028 0.158227 0.157427 0.157434 0.156635 0.155835 0.155844 0.155853 0.155862 0.155064 0.155882 0.155893 0.155904 0.155915 0.156735 0.157556 0.158377 0.159199 0.160022 0.160845 0.161669 0.163303 0.164128 0.165763 0.167400 0.169037 0.170675 0.172315 0.174764 0.176406 0.178859 0.181312 0.183768 0.186225 0.188683 0.191953
nan nan nan nan nan nan nan nan nan nan nan nan nan nan nan nan nan nan nan nan nan nan nan nan nan nan nan nan nan nan nan nan nan nan nan nan nan nan nan nan nan nan nan nan nan nan nan nan nan nan nan nan nan nan nan nan nan nan nan nan nan nan nan nan nan nan nan nan nan nan nan nan nan nan nan
nan nan nan nan nan nan nan nan nan nan nan nan nan nan nan nan nan nan nan nan nan nan nan nan nan nan nan nan nan nan nan nan nan nan nan nan nan nan nan nan nan nan nan nan nan nan nan nan nan nan nan nan nan nan nan nan nan nan nan nan nan nan nan nan nan nan nan nan nan nan nan nan nan nan nan
nan nan nan nan nan nan nan nan nan nan nan nan nan nan nan nan nan nan nan nan nan nan nan nan nan nan nan nan nan nan nan nan nan nan nan nan nan nan nan nan nan nan nan nan nan nan nan nan nan nan nan nan nan nan nan nan nan nan nan nan nan nan nan nan nan nan nan nan nan nan nan nan nan nan nan
nan nan nan nan nan nan nan nan nan nan nan nan nan nan nan nan nan nan nan nan nan nan nan nan nan nan nan nan nan nan nan nan nan nan nan nan nan nan nan nan nan nan nan nan nan nan nan nan nan nan nan nan nan nan nan nan nan nan nan nan nan nan nan nan nan nan nan nan nan nan nan nan nan nan nan
nan nan nan nan nan nan nan nan nan nan nan nan nan nan nan nan nan nan nan nan nan nan nan nan nan nan nan nan nan nan nan nan nan nan nan nan nan nan nan nan nan nan nan nan nan nan nan nan nan nan nan nan nan nan nan nan nan nan nan nan nan nan nan nan nan nan nan nan nan nan nan nan nan nan nan
nan nan nan nan nan nan nan nan nan nan nan nan nan nan nan nan nan nan nan nan nan nan nan nan nan nan nan nan nan nan nan nan nan nan nan nan nan nan nan nan nan nan nan nan nan nan nan nan nan nan nan nan nan nan nan nan nan nan nan nan nan nan nan nan nan nan nan nan nan nan nan nan nan nan nan
nan nan nan nan nan nan nan nan nan nan nan nan nan nan nan nan nan nan nan nan nan nan nan nan nan nan nan nan nan nan nan nan nan nan nan nan nan nan nan nan nan nan nan nan nan nan nan nan nan nan nan nan nan nan nan nan nan nan nan nan nan nan nan nan nan nan nan nan nan nan nan nan nan nan nan
nan nan nan nan nan nan nan nan nan nan nan nan nan nan nan nan nan nan nan nan nan nan nan nan nan nan nan nan nan nan nan nan nan nan nan nan nan nan nan nan nan nan nan nan nan nan nan nan nan nan nan nan nan nan nan nan nan nan nan nan nan nan nan nan nan nan nan nan nan nan nan nan nan nan nan
