data/IdealizedTopo/Outputs_IdealizedTopo/release1HS_null_01IdealizedTopo_faSavageHutterFoamGamma_pft.asc
ncols 1001
nrows 301
xllcenter 1000
yllcenter -5000
cellsize 5
NODATA_value -9999
[rows 128 to 159 of 301, columns 213 to 283 of 1001]
1.00793e-05 9.97454e-06 1.00642e-05 1.00727e-05 9.97744e-06 1.00536e-05 1.00712e-05 9.97713e-06 1.00487e-05 1.00669e-05 9.97831e-06 1.00403e-05 1.00641e-05 9.95022e-06 9.97436e-06 1.009e-05 9.95092e-06 9.97472e-06 1.00874e-05 9.95021e-06 9.9774e-06 1.00867e-05 9.94363e-06 9.97745e-06 1.0085e-05 9.93844e-06 9.97891e-06 1.00828e-05 9.94021e-06 9.98265e-06 1.00805e-05 9.94139e-06 9.98403e-06 1.00852e-05 9.93167e-06 9.98743e-06 1.00821e-05 1.0066e-05 9.9859e-06 1.00728e-05 1.00714e-05 9.98016e-06 1.00672e-05 1.00702e-05 9.9803e-06 1.00646e-05 1.00742e-05 9.98035e-06 1.00589e-05 1.00786e-05 9.97318e-06 1.00537e-05 1.00783e-05 9.97037e-06 1.00498e-05 1.00837e-05 9.96616e-06 1.00435e-05 1.00892e-05 9.96463e-06 1.00392e-05 1.00894e-05 9.9621e-06 1.00372e-05 1.00933e-05 9.96058e-06 1.00352e-05 1.00934e-05 9.95889e-06 1.00352e-05 1.0094e-05
1.00992e-05 9.46394e-06 9.95414e-06 1.00817e-05 9.48277e-06 9.93534e-06 1.00704e-05 9.53144e-06 9.94179e-06 1.006e-05 9.55134e-06 9.93721e-06 1.0045e-05 9.98195e-06 9.78559e-06 1.00437e-05 9.97824e-06 9.79378e-06 1.00408e-05 9.99809e-06 9.77133e-06 1.00367e-05 1.00014e-05 9.78907e-06 1.0035e-05 1.00045e-05 9.7625e-06 1.00369e-05 1.00041e-05 9.75665e-06 1.00377e-05 1.00091e-05 9.71835e-06 1.00273e-05 1.0026e-05 9.67865e-06 1.00178e-05 1.00448e-05 9.63082e-06 1.00076e-05 1.00743e-05 9.56409e-06 9.99825e-06 1.00844e-05 9.4874e-06 9.96383e-06 1.00941e-05 9.43983e-06 9.91256e-06 1.01055e-05 9.38968e-06 9.88635e-06 1.0107e-05 9.31201e-06 9.85314e-06 1.01094e-05 9.85542e-06 9.79854e-06 1.01084e-05 9.8937e-06 9.75882e-06 1.01002e-05 9.9549e-06 9.71893e-06 1.00988e-05 9.99827e-06 9.67624e-06 1.00923e-05 1.00223e-05 9.65288e-06 1.00862e-05
1.00096e-05 1.00119e-05 1.00121e-05 1.00064e-05 1.00069e-05 9.98823e-06 9.99392e-06 1.00021e-05 9.98842e-06 9.99338e-06 9.97129e-06 9.99632e-06 9.99904e-06 9.95815e-06 9.97858e-06 1.00145e-05 9.96117e-06 9.98563e-06 9.92676e-06 9.94948e-06 1.0007e-05 9.9217e-06 9.96305e-06 1.00211e-05 9.91546e-06 9.94494e-06 9.98678e-06 1.00114e-05 9.95042e-06 9.97361e-06 1.00023e-05 9.94869e-06 9.99006e-06 9.98805e-06 1.00074e-05 9.97791e-06 9.97785e-06 9.99303e-06 1.00046e-05 9.98931e-06 9.99604e-06 1.00065e-05 9.99491e-06 1.00066e-05 1.00105e-05 1.00135e-05 1.00112e-05 1.00137e-05 1.00124e-05 1.00125e-05 1.00108e-05 1.00095e-05 1.00048e-05 1.00041e-05 1.00022e-05 1.00264e-05 1.00521e-05 1.00744e-05 1.01011e-05 1.01157e-05 1.01354e-05 1.01407e-05 1.01693e-05 1.018e-05 1.02039e-05 1.02137e-05 1.02238e-05 1.02891e-05 1.02675e-05 1.02956e-05 1.02865e-05
1.03485e-05 1.03376e-05 1.03466e-05 1.03519e-05 1.03444e-05 1.03646e-05 1.03551e-05 1.03372e-05 1.039e-05 1.03611e-05 1.03377e-05 1.04055e-05 1.03597e-05 1.03417e-05 1.04186e-05 1.03654e-05 1.0345e-05 1.04331e-05 1.03692e-05 1.03385e-05 1.0438e-05 1.0372e-05 1.03403e-05 1.04293e-05 1.03639e-05 1.0345e-05 1.0398e-05 1.03642e-05 1.03435e-05 1.03576e-05 1.03612e-05 1.03468e-05 1.03352e-05 1.03563e-05 1.03729e-05 1.03402e-05 1.03522e-05 1.03656e-05 1.0338e-05 1.04317e-05 1.03519e-05 1.03383e-05 1.03685e-05 1.0346e-05 1.03403e-05 1.03338e-05 1.03445e-05 1.03625e-05 1.03325e-05 1.04336e-05 1.03536e-05 1.03286e-05 1.03759e-05 1.03383e-05 1.03737e-05 1.03414e-05 1.03336e-05 1.03577e-05 1.0387e-05 1.04717e-05 1.04559e-05 1.05526e-05 1.0548e-05 1.06434e-05 1.05968e-05 1.06367e-05 1.06926e-05 1.06928e-05 1.07965e-05 1.08059e-05 1.08723e-05
1.10237e-05 1.0963e-05 1.10199e-05 1.10498e-05 1.09768e-05 1.10346e-05 1.10606e-05 1.09839e-05 1.10461e-05 1.10772e-05 1.09779e-05 1.10504e-05 1.10874e-05 1.10017e-05 1.10582e-05 1.10946e-05 1.09994e-05 1.10724e-05 1.11103e-05 1.10124e-05 1.10779e-05 1.11042e-05 1.09964e-05 1.10517e-05 1.10814e-05 1.09978e-05 1.10499e-05 1.1065e-05 1.09859e-05 1.10352e-05 1.10441e-05 1.09912e-05 1.10631e-05 1.10667e-05 1.09945e-05 1.10383e-05 1.10522e-05 1.09856e-05 1.10012e-05 1.10416e-05 1.10756e-05 1.09829e-05 1.10067e-05 1.1037e-05 1.09564e-05 1.09906e-05 1.10335e-05 1.09551e-05 1.1e-05 1.10195e-05 1.09547e-05 1.09851e-05 1.09736e-05 1.10578e-05 1.09331e-05 1.09546e-05 1.10356e-05 1.09426e-05 1.10453e-05 1.10145e-05 1.10047e-05 1.10578e-05 1.10631e-05 1.11783e-05 1.11008e-05 1.11363e-05 1.11968e-05 1.11882e-05 1.12547e-05 1.12359e-05 1.13477e-05
1.14926e-05 1.15558e-05 1.15351e-05 1.15059e-05 1.15437e-05 1.15517e-05 1.15063e-05 1.15473e-05 1.15598e-05 1.15257e-05 1.15532e-05 1.15513e-05 1.15154e-05 1.15465e-05 1.15589e-05 1.15263e-05 1.15555e-05 1.15734e-05 1.15297e-05 1.15635e-05 1.15642e-05 1.15312e-05 1.15397e-05 1.15088e-05 1.14836e-05 1.15323e-05 1.15235e-05 1.15038e-05 1.15397e-05 1.1506e-05 1.14829e-05 1.14933e-05 1.14874e-05 1.15932e-05 1.15015e-05 1.14744e-05 1.15791e-05 1.14932e-05 1.14544e-05 1.15661e-05 1.14968e-05 1.14624e-05 1.1514e-05 1.14775e-05 1.15226e-05 1.14931e-05 1.14574e-05 1.14719e-05 1.147e-05 1.14571e-05 1.14777e-05 1.1441e-05 1.1524e-05 1.14783e-05 1.14479e-05 1.14993e-05 1.14634e-05 1.14663e-05 1.14812e-05 1.1435e-05 1.14753e-05 1.14718e-05 1.14281e-05 1.14754e-05 1.14859e-05 1.15084e-05 1.14768e-05 1.15091e-05 1.15288e-05 1.1472e-05 1.15402e-05
1.17567e-05 1.16994e-05 1.17206e-05 1.17506e-05 1.16867e-05 1.17222e-05 1.17471e-05 1.16966e-05 1.17053e-05 1.1753e-05 1.16974e-05 1.17101e-05 1.17491e-05 1.16926e-05 1.16963e-05 1.1741e-05 1.16935e-05 1.16996e-05 1.17425e-05 1.16959e-05 1.16934e-05 1.17307e-05 1.16835e-05 1.16579e-05 1.17033e-05 1.1681e-05 1.16809e-05 1.17208e-05 1.17113e-05 1.16715e-05 1.16975e-05 1.17081e-05 1.16625e-05 1.16889e-05 1.17096e-05 1.16567e-05 1.16976e-05 1.17107e-05 1.16463e-05 1.16744e-05 1.17125e-05 1.16565e-05 1.16776e-05 1.17018e-05 1.1657e-05 1.16772e-05 1.17008e-05 1.1645e-05 1.16498e-05 1.16956e-05 1.16789e-05 1.16456e-05 1.16798e-05 1.16974e-05 1.16303e-05 1.16693e-05 1.17004e-05 1.16313e-05 1.16609e-05 1.1676e-05 1.1633e-05 1.16425e-05 1.16813e-05 1.16689e-05 1.16318e-05 1.16621e-05 1.16801e-05 1.16299e-05 1.16593e-05 1.16762e-05 1.1644e-05
1.18398e-05 1.18368e-05 1.17974e-05 1.18384e-05 1.18282e-05 1.17903e-05 1.18319e-05 1.18248e-05 1.17863e-05 1.18189e-05 1.18374e-05 1.17962e-05 1.18198e-05 1.18402e-05 1.1786e-05 1.18049e-05 1.18329e-05 1.17896e-05 1.18179e-05 1.18409e-05 1.17845e-05 1.1804e-05 1.18126e-05 1.1744e-05 1.17629e-05 1.18115e-05 1.17783e-05 1.17915e-05 1.18203e-05 1.17759e-05 1.17773e-05 1.18287e-05 1.17868e-05 1.17598e-05 1.18092e-05 1.17781e-05 1.17564e-05 1.18222e-05 1.17952e-05 1.1754e-05 1.18003e-05 1.17908e-05 1.17588e-05 1.18031e-05 1.17878e-05 1.17564e-05 1.17746e-05 1.18042e-05 1.17523e-05 1.17772e-05 1.17969e-05 1.17463e-05 1.17414e-05 1.18054e-05 1.17628e-05 1.17362e-05 1.18017e-05 1.17663e-05 1.17333e-05 1.17774e-05 1.17757e-05 1.17361e-05 1.17598e-05 1.17824e-05 1.17382e-05 1.17319e-05 1.17809e-05 1.17355e-05 1.17281e-05 1.17623e-05 1.17332e-05
1.18861e-05 1.19226e-05 1.18734e-05 1.18785e-05 1.19156e-05 1.18769e-05 1.1873e-05 1.19225e-05 1.18814e-05 1.18672e-05 1.19039e-05 1.18693e-05 1.18637e-05 1.19154e-05 1.18817e-05 1.18629e-05 1.19101e-05 1.18629e-05 1.1865e-05 1.19119e-05 1.18803e-05 1.1855e-05 1.19131e-05 1.18425e-05 1.181e-05 1.18899e-05 1.18526e-05 1.18397e-05 1.18999e-05 1.18709e-05 1.184e-05 1.18814e-05 1.18717e-05 1.18279e-05 1.18688e-05 1.18747e-05 1.18285e-05 1.18619e-05 1.18805e-05 1.18255e-05 1.18613e-05 1.1867e-05 1.18309e-05 1.18376e-05 1.18792e-05 1.18384e-05 1.18287e-05 1.18615e-05 1.18241e-05 1.18249e-05 1.18784e-05 1.18332e-05 1.18108e-05 1.18498e-05 1.18311e-05 1.17966e-05 1.18489e-05 1.18397e-05 1.17928e-05 1.18253e-05 1.1832e-05 1.17962e-05 1.18097e-05 1.18289e-05 1.18096e-05 1.17879e-05 1.18287e-05 1.18075e-05 1.17791e-05 1.18161e-05 1.17956e-05
1.19429e-05 1.1946e-05 1.19217e-05 1.19445e-05 1.19348e-05 1.19273e-05 1.19389e-05 1.19322e-05 1.1927e-05 1.19376e-05 1.19527e-05 1.19286e-05 1.19225e-05 1.19619e-05 1.1926e-05 1.19315e-05 1.19617e-05 1.19226e-05 1.19215e-05 1.19457e-05 1.19278e-05 1.19208e-05 1.19378e-05 1.19081e-05 1.18769e-05 1.19131e-05 1.19187e-05 1.18928e-05 1.19307e-05 1.19071e-05 1.18912e-05 1.19209e-05 1.19196e-05 1.18947e-05 1.19288e-05 1.19208e-05 1.18891e-05 1.19417e-05 1.19051e-05 1.18723e-05 1.19146e-05 1.19041e-05 1.18871e-05 1.18943e-05 1.18925e-05 1.18874e-05 1.19051e-05 1.19218e-05 1.18863e-05 1.18729e-05 1.1927e-05 1.18688e-05 1.18681e-05 1.19039e-05 1.18733e-05 1.18551e-05 1.18903e-05 1.18668e-05 1.18653e-05 1.18678e-05 1.18622e-05 1.18453e-05 1.18636e-05 1.1852e-05 1.18326e-05 1.18518e-05 1.18357e-05 1.18331e-05 1.18456e-05 1.18402e-05 1.18285e-05
1.19683e-05 1.19516e-05 1.19635e-05 1.19782e-05 1.19341e-05 1.19613e-05 1.19774e-05 1.19414e-05 1.19593e-05 1.19855e-05 1.19282e-05 1.1958e-05 1.19673e-05 1.1949e-05 1.19489e-05 1.1979e-05 1.19538e-05 1.19701e-05 1.19686e-05 1.19554e-05 1.19568e-05 1.19906e-05 1.19378e-05 1.19236e-05 1.1955e-05 1.1937e-05 1.19283e-05 1.19627e-05 1.19539e-05 1.19461e-05 1.19592e-05 1.19252e-05 1.19301e-05 1.1961e-05 1.19079e-05 1.19318e-05 1.19539e-05 1.19085e-05 1.19314e-05 1.19501e-05 1.19264e-05 1.19247e-05 1.19579e-05 1.19447e-05 1.1912e-05 1.19196e-05 1.19294e-05 1.18951e-05 1.19252e-05 1.19466e-05 1.18869e-05 1.19244e-05 1.19239e-05 1.19008e-05 1.18992e-05 1.19091e-05 1.19084e-05 1.18916e-05 1.19104e-05 1.19008e-05 1.18739e-05 1.1907e-05 1.18658e-05 1.18823e-05 1.18849e-05 1.18693e-05 1.18542e-05 1.18749e-05 1.18547e-05 1.18413e-05 1.18656e-05
1.1959e-05 1.20011e-05 1.19859e-05 1.19679e-05 1.19638e-05 1.19993e-05 1.196e-05 1.20006e-05 1.19681e-05 1.19781e-05 1.19925e-05 1.19824e-05 1.1965e-05 1.19942e-05 1.19627e-05 1.1949e-05 1.19728e-05 1.19726e-05 1.1965e-05 1.19837e-05 1.19804e-05 1.19612e-05 1.19872e-05 1.19525e-05 1.19316e-05 1.19749e-05 1.19778e-05 1.19211e-05 1.19616e-05 1.19825e-05 1.19533e-05 1.19518e-05 1.19749e-05 1.1953e-05 1.1946e-05 1.19772e-05 1.19535e-05 1.1955e-05 1.19701e-05 1.19555e-05 1.19342e-05 1.19541e-05 1.19458e-05 1.19359e-05 1.19591e-05 1.19312e-05 1.1923e-05 1.19549e-05 1.19346e-05 1.19118e-05 1.19385e-05 1.19209e-05 1.19206e-05 1.19255e-05 1.19183e-05 1.189e-05 1.19126e-05 1.19143e-05 1.18849e-05 1.19024e-05 1.19044e-05 1.18706e-05 1.18813e-05 1.18935e-05 1.18611e-05 1.18792e-05 1.18925e-05 1.18384e-05 1.18597e-05 1.18892e-05 1.18348e-05
1.19491e-05 1.19411e-05 1.19586e-05 1.21989e-05 1.20085e-05 1.19212e-05 1.20111e-05 1.18858e-05 1.19397e-05 1.19698e-05 1.19144e-05 1.19584e-05 1.19817e-05 1.19407e-05 1.19607e-05 1.19654e-05 1.19164e-05 1.19591e-05 1.19619e-05 1.19842e-05 1.19539e-05 1.19685e-05 1.19616e-05 1.19481e-05 1.19376e-05 1.19627e-05 1.19643e-05 1.20023e-05 1.19104e-05 1.19503e-05 1.20256e-05 1.1943e-05 1.19447e-05 1.1991e-05 1.1967e-05 1.19504e-05 1.19673e-05 1.19718e-05 1.19343e-05 1.20137e-05 1.19343e-05 1.19354e-05 1.19407e-05 1.19314e-05 1.19483e-05 1.19425e-05 1.19718e-05 1.19605e-05 1.1942e-05 1.19224e-05 1.188e-05 1.19036e-05 1.19302e-05 1.18632e-05 1.19135e-05 1.19093e-05 1.18696e-05 1.18894e-05 1.1902e-05 1.18601e-05 1.1883e-05 1.18842e-05 1.18588e-05 1.18733e-05 1.1874e-05 1.1853e-05 1.18673e-05 1.19484e-05 1.18172e-05 1.18567e-05 1.18854e-05
1.19387e-05 1.20864e-05 7.01638e-06 1.2017e-05 1.21576e-05 1.14447e-05 1.19066e-05 1.21737e-05 1.07326e-05 1.19882e-05 1.20365e-05 9.01944e-06 1.19996e-05 1.20438e-05 1.15572e-05 1.20486e-05 1.2086e-05 9.45307e-06 1.19443e-05 1.19541e-05 1.01915e-05 1.19451e-05 1.18964e-05 1.03004e-05 1.1929e-05 1.17313e-05 1.10045e-05 1.00544e-05 1.20475e-05 1.04058e-05 9.74035e-06 1.18911e-05 1.08862e-05 9.50417e-06 1.17462e-05 1.12478e-05 9.20257e-06 1.16774e-05 1.14341e-05 1.16487e-05 1.19768e-05 1.22399e-05 9.49807e-06 1.18133e-05 1.16917e-05 1.11585e-05 1.18283e-05 1.18637e-05 1.19775e-05 1.19743e-05 1.21086e-05 1.14011e-05 1.19733e-05 1.20384e-05 1.11259e-05 1.19493e-05 1.20519e-05 1.12968e-05 1.19299e-05 1.2018e-05 1.10818e-05 4.72792e-06 1.1874e-05 1.14325e-05 9.34345e-06 1.18801e-05 9.85749e-06 1.04552e-05 1.18822e-05 1.11328e-05 9.93892e-06
-1.06144e-05 2.87339e-05 4.50102e-05 -6.8487e-05 2.6268e-05 2.01824e-05 -2.27701e-05 7.31243e-05 3.91506e-05 1.39698e-05 0.000150947 5.0649e-05 -5.54607e-06 -0.000290176 6.52633e-05 9.29587e-05 0.000113746 6.54811e-05 6.72744e-05 5.73906e-05 4.62421e-05 -9.31999e-06 6.90312e-05 4.57421e-05 -4.16514e-06 -4.54903e-05 3.64961e-05 -2.29357e-05 3.75343e-05 4.61024e-05 -1.07062e-05 5.54999e-05 3.79738e-05 -9.86772e-06 9.90935e-05 3.12978e-05 -5.24774e-06 4.71226e-05 2.28482e-05 -7.72814e-06 -0.000115072 3.16835e-05 2.42643e-05 -2.7229e-05 2.18864e-05 1.26177e-05 -5.01504e-05 1.69745e-05 2.66332e-05 2.71269e-05 -0.000169108 3.49702e-05 3.99492e-05 -0.000133906 3.988e-05 4.28386e-05 -0.000178987 5.20798e-05 5.44116e-05 -2.23933e-05 4.06184e-05 3.87789e-05 -6.16768e-05 3.03368e-05 -1.66617e-06 4.21338e-05 4.25441e-05 -1.27995e-05 2.05912e-05 3.42208e-05 -2.20858e-06
-0.000273101 -0.00960487 -0.0264443 0.00058718 -0.00961637 -0.0269855 0.00107234 -0.0077264 -0.0268397 0.00167063 -0.00760316 -0.0270222 0.00259618 -0.00655764 -0.0259531 0.00203234 -0.0066518 -0.0259871 0.00209693 -0.0048489 -0.0221652 0.00317178 -0.00406122 -0.0192641 0.00344513 -0.00376019 -0.0180361 0.00374306 -0.00325906 -0.0173796 0.0038734 -0.00275324 -0.0158353 0.00377899 -0.0022849 -0.0152587 0.00414007 -0.00207132 -0.013546 0.00329859 2.46226e-05 -0.00834039 -0.0303014 5.66646e-05 -0.00861542 -0.0277317 0.000543705 -0.00858238 -0.0239679 0.00113527 -0.00601607 -0.0230568 0.00133778 -0.00555878 -0.02298 0.00170263 -0.0053727 -0.0228777 0.00196558 -0.00490084 -0.0214803 0.00248091 -0.003045 -0.0186353 0.00332965 -0.00287988 -0.0164754 0.00433141 -0.00258659 -0.0160258 0.00424184
0.129646 0.130524 0.0948867 0.130743 0.125884 0.104495 0.0934533 0.127734 0.110257 0.111699 0.139528 0.126007 0.104277 0.136055 0.122031 0.137717 0.145065 0.132635 0.136497 0.144687 0.130225 0.096075 0.128285 0.117905 0.0865818 0.134177 0.122315 0.0927255 0.131353 0.121418 0.0948203 0.125103 0.114062 0.0815507 0.118867 0.115676 0.0823227 0.117407 0.107055 0.0777272 0.120653 0.11577 0.0886247 0.130575 0.132293 0.097035 0.127818 0.121537 0.0961056 0.0878116 0.116565 0.0986646 0.0888781 0.117792 0.105102 0.0993435 0.128116 0.118409 0.116856 0.127144 0.113081 0.0979151 0.126506 0.118781 0.0983732 0.126002 0.119236 0.0901001 0.126991 0.120321 0.092552
0.884744 0.827652 0.91475 0.886401 0.841099 0.841889 0.816178 0.841578 0.847242 0.812569 0.835475 0.838767 0.841815 0.862406 0.862074 0.800539 0.900535 0.886732 0.865665 0.964596 0.879266 0.916751 1.002 0.894302 0.971968 1.02386 0.904214 0.96878 1.00563 0.900062 0.949308 0.995821 0.885492 0.947883 0.97814 0.880597 0.941298 0.996921 0.886747 0.944648 0.954086 0.873849 0.945789 0.906735 0.830951 0.904018 0.87229 0.813693 0.811164 0.768801 0.792325 0.779232 0.758791 0.780975 0.77476 0.751859 0.84678 0.784596 0.754723 0.869237 0.818624 0.827485 0.902534 0.825152 0.854153 0.92535 0.834949 0.900318 0.941396 0.845915 0.904076
2.0032 2.04366 1.9328 2.01609 2.01597 1.95708 2.02196 2.00673 1.92367 2.00402 1.99675 1.92128 1.97332 1.97654 1.90094 1.99913 1.99587 1.89828 1.93133 1.88395 1.91678 1.89591 1.85154 1.86944 1.79233 1.78627 1.78909 1.76409 1.77726 1.8607 1.78023 1.81033 1.87017 1.8048 1.83968 1.88011 1.80501 1.80343 1.85161 1.79751 1.81665 1.88884 1.79135 1.86019 1.91319 1.81764 1.91839 1.93582 1.88179 1.95363 1.94832 1.87656 1.92739 1.9363 1.86911 1.92117 1.91631 1.85447 1.93243 1.91546 1.83538 1.85025 1.8044 1.81745 1.80392 1.7781 1.76989 1.71118 1.72844 1.76816 1.69574
2.66016 2.64264 2.69387 2.62041 2.62878 2.74059 2.60758 2.62392 2.75384 2.60826 2.63239 2.72237 2.62915 2.64668 2.66376 2.57674 2.58722 2.60293 2.54122 2.59822 2.59734 2.56102 2.6355 2.64397 2.63124 2.67363 2.68955 2.66062 2.67926 2.67534 2.63773 2.66002 2.65601 2.6489 2.65051 2.65082 2.63079 2.64787 2.66429 2.63056 2.61614 2.58321 2.62768 2.58187 2.54907 2.60091 2.54573 2.53676 2.6499 2.50079 2.52409 2.63538 2.49469 2.50033 2.58085 2.48748 2.50671 2.52649 2.46396 2.47295 2.50753 2.48172 2.50523 2.52395 2.49788 2.536 2.55188 2.53646 2.55314 2.55979 2.53784
3.22712 3.22719 3.24412 3.22398 3.22047 3.23482 3.21789 3.21413 3.21663 3.17814 3.1664 3.1487 3.14891 3.15071 3.14614 3.16415 3.16664 3.18565 3.19139 3.16143 3.1946 3.21052 3.15327 3.17444 3.19799 3.13176 3.13542 3.15658 3.10197 3.08935 3.13925 3.08522 3.11093 3.18521 3.10277 3.1234 3.2046 3.11367 3.12796 3.19684 3.13127 3.13908 3.16691 3.11565 3.12013 3.13875 3.1109 3.11401 3.11925 3.11348 3.08234 3.10441 3.08262 3.08635 3.07881 3.07475 3.0517 3.06943 3.08286 3.06288 3.08312 3.09467 3.07752 3.11352 3.11254 3.07051 3.08922 3.0976 3.05942 3.06376 3.09214
3.53166 3.48185 3.5425 3.53063 3.49064 3.53873 3.52274 3.48225 3.53338 3.50205 3.47853 3.49113 3.47593 3.4438 3.46945 3.4639 3.436 3.45077 3.45224 3.44779 3.41817 3.42712 3.44381 3.39478 3.41112 3.41706 3.38687 3.42394 3.39872 3.38953 3.41864 3.40821 3.36757 3.42258 3.38852 3.37384 3.41158 3.38303 3.37529 3.40038 3.40181 3.36318 3.41263 3.39726 3.35828 3.41554 3.40847 3.36316 3.43244 3.38984 3.37475 3.41082 3.40119 3.35243 3.38727 3.38263 3.34862 3.37076 3.36904 3.34942 3.35138 3.3569 3.32816 3.32747 3.3296 3.32977 3.29497 3.34192 3.30422 3.28138 3.317
3.58655 3.56353 3.57942 3.5657 3.52217 3.55806 3.58024 3.53656 3.5739 3.57424 3.56806 3.54515 3.53444 3.59951 3.51525 3.56416 3.55474 3.49428 3.50565 3.49196 3.46379 3.44462 3.45678 3.42989 3.46733 3.486 3.45915 3.48834 3.47055 3.44066 3.47984 3.47541 3.44274 3.45915 3.43967 3.41345 3.46026 3.43992 3.41225 3.44802 3.4485 3.40701 3.43953 3.46309 3.4263 3.44701 3.45297 3.41982 3.44369 3.45077 3.41435 3.4584 3.44584 3.44906 3.39683 3.41433 3.46774 3.40953 3.43596 3.42779 3.3918 3.37962 3.40156 3.36242 3.3571 3.37207 3.34198 3.35769 3.35375 3.34254 3.36128
3.50202 3.50631 3.5211 3.52714 3.48338 3.50545 3.50634 3.46321 3.50517 3.47784 3.45927 3.47022 3.48014 3.44408 3.47947 3.47294 3.44347 3.4578 3.45515 3.44973 3.41997 3.42803 3.45291 3.399 3.41258 3.41924 3.39222 3.42812 3.40322 3.38731 3.41091 3.40465 3.3708 3.40801 3.38259 3.36541 3.39511 3.37212 3.35789 3.37591 3.38595 3.35443 3.39688 3.38551 3.34814 3.40243 3.40416 3.36231 3.41514 3.39784 3.35039 3.39564 3.37135 3.35732 3.38215 3.37775 3.33964 3.35603 3.35781 3.34008 3.32988 3.34816 3.33426 3.33294 3.33382 3.33489 3.30029 3.34614 3.30813 3.2841 3.32011
3.21456 3.19495 3.23564 3.19311 3.20779 3.2332 3.17889 3.18642 3.20423 3.16105 3.15044 3.14932 3.1553 3.16011 3.16259 3.18296 3.1839 3.2095 3.21151 3.18046 3.2162 3.22559 3.16588 3.19104 3.20836 3.13829 3.13748 3.15692 3.10752 3.09743 3.14579 3.09104 3.11169 3.18783 3.09531 3.09904 3.18789 3.09763 3.11372 3.18613 3.11377 3.12143 3.15563 3.10313 3.10615 3.12856 3.09825 3.10565 3.11507 3.09012 3.08527 3.09856 3.06694 3.05309 3.06652 3.07045 3.05217 3.0709 3.08337 3.06449 3.09124 3.09631 3.07892 3.11642 3.11444 3.07544 3.0941 3.10217 3.06193 3.06596 3.09302
2.67015 2.67617 2.70661 2.64532 2.63949 2.74637 2.64604 2.66012 2.77337 2.62892 2.64685 2.71249 2.61739 2.63214 2.65442 2.56231 2.57833 2.60427 2.54326 2.60255 2.60917 2.56625 2.63704 2.63762 2.62582 2.67469 2.68627 2.66319 2.69023 2.6779 2.65041 2.68085 2.66859 2.65437 2.67199 2.67785 2.65073 2.66492 2.67201 2.63585 2.6192 2.58307 2.63117 2.58437 2.55451 2.59493 2.54198 2.53477 2.6311 2.51104 2.5245 2.63903 2.5068 2.52513 2.56749 2.4949 2.50869 2.52733 2.46594 2.48336 2.51236 2.47902 2.5067 2.52462 2.49465 2.53642 2.55631 2.53921 2.55954 2.56943 2.54358
2.00107 2.02976 1.92496 1.99172 2.00747 1.9559 2.01776 2.01221 1.93923 2.01732 2 1.93199 1.9872 1.97616 1.89553 1.9896 1.98453 1.88744 1.91557 1.86213 1.88814 1.87559 1.84215 1.86293 1.7818 1.7903 1.79437 1.76942 1.79193 1.88789 1.80821 1.827 1.89265 1.81829 1.83442 1.89299 1.81104 1.81213 1.87401 1.81409 1.82597 1.89784 1.80047 1.86973 1.91266 1.80955 1.90499 1.92473 1.86552 1.93242 1.92574 1.85873 1.91548 1.91099 1.85692 1.93297 1.92321 1.85593 1.93474 1.92385 1.85021 1.86758 1.81973 1.83719 1.82067 1.79112 1.78448 1.72333 1.73547 1.76592 1.68901
0.887924 0.836777 0.913757 0.900576 0.843337 0.838527 0.834398 0.838882 0.83046 0.796148 0.824956 0.82232 0.821879 0.853066 0.861686 0.80968 0.912114 0.882172 0.861574 0.960694 0.877135 0.914442 1.00097 0.896723 0.975119 1.03659 0.916821 0.980831 1.01427 0.899342 0.941491 0.993133 0.884199 0.943368 0.990951 0.876985 0.930523 0.980336 0.876027 0.932053 0.953504 0.863957 0.935869 0.891771 0.826255 0.905156 0.875128 0.817752 0.820016 0.790806 0.801644 0.794755 0.772252 0.78676 0.772833 0.735927 0.841279 0.780094 0.754655 0.860276 0.811188 0.811299 0.894057 0.822145 0.849859 0.927153 0.83315 0.89808 0.950553 0.849428 0.916972
0.130044 0.129005 0.0968075 0.130369 0.121313 0.100867 0.0808637 0.121426 0.107171 0.115836 0.13984 0.129312 0.115125 0.138693 0.120601 0.132435 0.143732 0.135033 0.141631 0.148356 0.135407 0.106872 0.136849 0.125315 0.090479 0.135656 0.123637 0.0916021 0.131902 0.12014 0.091721 0.123754 0.108889 0.0750842 0.114903 0.106148 0.0762372 0.112801 0.104637 0.0749806 0.117602 0.112134 0.0865881 0.128129 0.129872 0.0957335 0.128451 0.122002 0.0975881 0.0839184 0.115477 0.0977894 0.0931465 0.12262 0.112241 0.111075 0.127575 0.115047 0.107911 0.125364 0.114312 0.103905 0.130834 0.120277 0.0981229 0.12515 0.117977 0.0891879 0.126134 0.120046 0.0895711
-0.000233873 -0.00913703 -0.0277132 0.00063694 -0.00922301 -0.0274012 0.00131342 -0.00730682 -0.0265825 0.00157797 -0.007602 -0.0270512 0.00223466 -0.00665607 -0.0252825 0.00199813 -0.00662353 -0.0264286 0.00234044 -0.00507574 -0.0223803 0.00335033 -0.00439744 -0.0201001 0.00362658 -0.00384199 -0.0179701 0.00339127 -0.00315485 -0.0167889 0.00357661 -0.00268281 -0.0152608 0.00329889 -0.00214426 -0.0144112 0.00368831 -0.00185332 -0.0134347 0.00321927 0.000167081 -0.00798294 -0.0305422 0.000170158 -0.00851559 -0.027972 0.000593996 -0.00848454 -0.0240221 0.00111451 -0.00605808 -0.0235572 0.00144703 -0.00573205 -0.0239809 0.00166046 -0.00524311 -0.0222491 0.00190831 -0.00459584 -0.021819 0.00241064 -0.00307823 -0.0185988 0.00323619 -0.00290471 -0.0162276 0.00429188 -0.00260115 -0.0158175 0.00451605
-1.13582e-06 2.70632e-05 4.39132e-05 -6.91707e-05 3.17565e-05 1.43618e-05 -4.08231e-05 6.13724e-05 4.54816e-05 6.88583e-05 0.000204822 6.57864e-05 1.39116e-05 -0.000201988 4.91097e-05 3.19334e-05 0.000100025 5.34856e-05 5.7573e-05 6.3423e-05 5.08558e-05 -9.00788e-06 6.29977e-05 4.46643e-05 -4.53681e-06 -4.70882e-05 3.72874e-05 -7.49802e-06 -2.39808e-06 4.35333e-05 -8.45166e-06 4.69501e-05 4.42407e-05 -1.3317e-06 5.26754e-05 3.46474e-05 -1.00001e-05 3.10679e-05 2.56451e-05 -5.46967e-06 -0.000130159 3.59084e-05 2.35182e-05 -1.75289e-05 2.49286e-05 1.40047e-05 -5.23402e-05 2.06118e-05 2.09487e-05 -3.53589e-06 -0.000177068 3.45128e-05 5.02754e-05 -0.000195899 5.12202e-05 7.51948e-05 -0.000187055 4.77935e-05 6.02642e-05 -9.36659e-05 5.57525e-05 6.69749e-05 -8.66586e-05 3.0254e-05 2.19838e-06 4.11063e-05 4.38111e-05 -1.16033e-05 3.53508e-05 3.39208e-05 -6.07529e-06
1.20287e-05 1.20953e-05 7.19658e-06 1.19465e-05 1.20626e-05 1.18359e-05 1.20114e-05 1.21631e-05 1.13634e-05 1.20335e-05 1.20046e-05 7.86848e-06 1.20165e-05 1.2034e-05 1.13376e-05 1.20338e-05 1.20953e-05 1.01451e-05 1.19926e-05 1.19554e-05 9.93463e-06 1.1955e-05 1.1971e-05 1.02949e-05 1.19312e-05 1.18418e-05 1.11883e-05 9.35094e-06 1.20128e-05 1.08291e-05 9.74634e-06 1.20249e-05 1.02808e-05 9.76374e-06 1.19513e-05 1.06492e-05 1.10963e-05 1.20436e-05 1.16683e-05 1.08988e-05 1.18814e-05 1.22143e-05 9.77237e-06 1.17795e-05 1.15525e-05 1.09696e-05 1.18169e-05 1.18342e-05 1.19716e-05 1.19724e-05 1.21304e-05 1.17638e-05 1.2005e-05 1.20534e-05 1.10941e-05 1.1955e-05 1.20731e-05 1.14636e-05 1.19444e-05 1.20135e-05 1.10863e-05 1.62702e-06 1.18477e-05 1.15722e-05 9.46652e-06 1.18921e-05 9.62052e-06 1.07385e-05 1.1938e-05 1.09138e-05 9.95921e-06
