data/IdealizedTopo/Outputs_IdealizedTopo/release1HS_01IdealizedTopo_null_avaflow_pft.asc
ncols 1002
nrows 302
xllcenter 995.00
yllcenter -5005.00
cellsize 5.00
NODATA_value -9999.000
[rows 136 to 169 of 302, columns 231 to 307 of 1002]
0.002 0.002 0.002 0.002 0.002 0.002 0.002 0.002 0.002 0.002 0.002 0.002 0.002 0.002 0.002 0.002 0.002 0.002 0.002 0.002 0.002 0.002 0.002 0.002 0.002 0.002 0.002 0.002 0.002 0.002 0.002 0.002 0.002 0.002 0.002 0.002 0.002 0.002 0.002 0.002 0.002 0.002 0.002 0.002 0.002 0.002 0.002 0.002 0.002 0.002 0.002 0.002 0.002 0.002 0.002 0.002 0.002 0.002 0.002 0.002 0.002 0.002 0.002 0.002 0.002 0.002 0.002 0.002 0.002 0.002 0.002 0.002 0.002 0.002 0.002 0.002 0.002
0.004 0.004 0.004 0.004 0.004 0.004 0.004 0.004 0.004 0.004 0.004 0.004 0.004 0.003 0.003 0.003 0.003 0.003 0.003 0.003 0.003 0.003 0.003 0.003 0.003 0.003 0.003 0.003 0.003 0.003 0.003 0.003 0.003 0.003 0.003 0.003 0.003 0.003 0.003 0.003 0.003 0.003 0.003 0.003 0.003 0.003 0.003 0.003 0.003 0.003 0.003 0.003 0.003 0.003 0.003 0.003 0.003 0.003 0.003 0.003 0.003 0.003 0.003 0.003 0.003 0.003 0.003 0.003 0.003 0.003 0.003 0.003 0.003 0.003 0.003 0.003 0.003
0.007 0.007 0.007 0.006 0.006 0.006 0.006 0.006 0.006 0.006 0.006 0.006 0.006 0.006 0.006 0.006 0.006 0.006 0.006 0.006 0.006 0.006 0.006 0.006 0.006 0.006 0.006 0.006 0.006 0.006 0.006 0.006 0.006 0.006 0.006 0.006 0.006 0.006 0.006 0.006 0.006 0.006 0.006 0.006 0.006 0.006 0.006 0.006 0.006 0.006 0.006 0.006 0.006 0.006 0.006 0.006 0.006 0.006 0.006 0.006 0.006 0.006 0.006 0.006 0.006 0.006 0.006 0.006 0.006 0.006 0.006 0.006 0.006 0.006 0.006 0.006 0.006
0.013 0.013 0.013 0.013 0.013 0.013 0.013 0.013 0.013 0.013 0.013 0.013 0.013 0.013 0.013 0.012 0.012 0.012 0.012 0.012 0.012 0.012 0.012 0.012 0.012 0.012 0.012 0.012 0.012 0.012 0.012 0.012 0.012 0.012 0.012 0.012 0.012 0.012 0.011 0.011 0.011 0.011 0.011 0.011 0.011 0.011 0.011 0.011 0.011 0.011 0.011 0.011 0.011 0.011 0.011 0.011 0.011 0.011 0.011 0.011 0.011 0.011 0.011 0.011 0.011 0.011 0.011 0.011 0.011 0.011 0.011 0.011 0.011 0.011 0.011 0.011 0.011
0.031 0.031 0.031 0.030 0.030 0.030 0.030 0.030 0.030 0.029 0.029 0.029 0.029 0.029 0.029 0.029 0.028 0.028 0.028 0.028 0.028 0.028 0.028 0.027 0.027 0.027 0.027 0.027 0.027 0.027 0.027 0.027 0.026 0.026 0.026 0.026 0.026 0.026 0.026 0.026 0.026 0.026 0.026 0.026 0.025 0.025 0.025 0.025 0.025 0.025 0.025 0.025 0.025 0.025 0.025 0.025 0.025 0.025 0.025 0.025 0.025 0.025 0.025 0.025 0.025 0.025 0.025 0.025 0.025 0.025 0.025 0.025 0.025 0.025 0.025 0.026 0.026
0.077 0.077 0.076 0.076 0.075 0.075 0.075 0.074 0.074 0.073 0.073 0.072 0.072 0.072 0.071 0.071 0.071 0.070 0.070 0.070 0.070 0.069 0.069 0.069 0.068 0.068 0.068 0.068 0.067 0.067 0.067 0.066 0.066 0.066 0.066 0.065 0.065 0.065 0.065 0.065 0.064 0.064 0.064 0.064 0.064 0.063 0.063 0.063 0.063 0.063 0.063 0.062 0.062 0.062 0.062 0.062 0.062 0.062 0.062 0.062 0.062 0.062 0.062 0.062 0.062 0.062 0.062 0.062 0.062 0.062 0.062 0.062 0.062 0.063 0.063 0.063 0.063
0.199 0.198 0.197 0.196 0.195 0.194 0.193 0.192 0.191 0.190 0.189 0.188 0.187 0.187 0.186 0.185 0.184 0.183 0.183 0.182 0.181 0.180 0.180 0.179 0.178 0.178 0.177 0.176 0.175 0.175 0.174 0.174 0.173 0.172 0.172 0.171 0.170 0.170 0.169 0.169 0.168 0.168 0.167 0.167 0.166 0.166 0.165 0.165 0.164 0.164 0.163 0.163 0.162 0.162 0.162 0.161 0.161 0.161 0.161 0.161 0.161 0.160 0.160 0.160 0.160 0.160 0.160 0.160 0.160 0.160 0.161 0.161 0.161 0.161 0.162 0.162 0.163
0.480 0.478 0.475 0.473 0.471 0.468 0.466 0.464 0.462 0.459 0.458 0.456 0.454 0.452 0.450 0.448 0.446 0.444 0.442 0.441 0.439 0.437 0.435 0.433 0.432 0.430 0.428 0.427 0.425 0.423 0.422 0.420 0.419 0.417 0.416 0.414 0.413 0.411 0.410 0.409 0.407 0.406 0.405 0.403 0.402 0.401 0.400 0.398 0.397 0.396 0.395 0.394 0.393 0.392 0.391 0.390 0.389 0.388 0.387 0.387 0.386 0.386 0.385 0.385 0.384 0.384 0.384 0.383 0.383 0.383 0.383 0.383 0.383 0.383 0.383 0.384 0.384
0.969 0.965 0.961 0.957 0.953 0.949 0.945 0.941 0.937 0.933 0.929 0.926 0.922 0.918 0.915 0.911 0.908 0.904 0.901 0.898 0.894 0.891 0.888 0.884 0.881 0.878 0.874 0.871 0.868 0.865 0.862 0.858 0.855 0.852 0.849 0.846 0.843 0.840 0.838 0.835 0.832 0.829 0.827 0.824 0.822 0.819 0.816 0.814 0.811 0.809 0.806 0.804 0.801 0.799 0.796 0.794 0.792 0.790 0.788 0.787 0.785 0.783 0.782 0.780 0.779 0.778 0.776 0.775 0.773 0.772 0.771 0.769 0.768 0.768 0.767 0.767 0.766
1.626 1.621 1.616 1.611 1.606 1.601 1.596 1.591 1.586 1.581 1.576 1.571 1.566 1.560 1.556 1.551 1.546 1.541 1.536 1.532 1.527 1.522 1.518 1.513 1.508 1.504 1.499 1.495 1.490 1.485 1.481 1.476 1.472 1.467 1.462 1.458 1.453 1.448 1.444 1.439 1.435 1.431 1.426 1.422 1.418 1.413 1.409 1.405 1.401 1.396 1.392 1.388 1.384 1.380 1.376 1.371 1.367 1.363 1.359 1.355 1.352 1.348 1.344 1.341 1.338 1.335 1.332 1.329 1.326 1.323 1.320 1.316 1.313 1.310 1.307 1.304 1.301
2.179 2.174 2.170 2.165 2.160 2.155 2.151 2.146 2.141 2.136 2.132 2.126 2.122 2.116 2.111 2.107 2.102 2.097 2.092 2.087 2.082 2.078 2.073 2.068 2.063 2.058 2.053 2.048 2.043 2.038 2.033 2.028 2.023 2.018 2.012 2.007 2.002 1.997 1.991 1.986 1.981 1.976 1.971 1.966 1.960 1.955 1.950 1.945 1.940 1.935 1.930 1.924 1.919 1.914 1.908 1.903 1.898 1.892 1.887 1.882 1.876 1.871 1.866 1.861 1.855 1.851 1.846 1.840 1.836 1.831 1.826 1.821 1.816 1.811 1.806 1.801 1.797
2.575 2.570 2.566 2.561 2.557 2.552 2.547 2.543 2.538 2.533 2.529 2.524 2.519 2.514 2.509 2.504 2.499 2.494 2.489 2.484 2.479 2.474 2.469 2.464 2.459 2.454 2.449 2.443 2.438 2.433 2.427 2.422 2.416 2.411 2.405 2.400 2.394 2.388 2.383 2.377 2.372 2.368 2.364 2.360 2.355 2.350 2.346 2.341 2.336 2.332 2.327 2.322 2.317 2.312 2.307 2.302 2.297 2.292 2.287 2.282 2.275 2.270 2.266 2.259 2.254 2.248 2.242 2.236 2.230 2.224 2.218 2.213 2.206 2.199 2.194 2.188 2.181
2.826 2.822 2.817 2.813 2.809 2.804 2.799 2.795 2.790 2.786 2.781 2.776 2.771 2.766 2.761 2.756 2.752 2.746 2.741 2.736 2.731 2.726 2.721 2.715 2.710 2.705 2.699 2.694 2.689 2.683 2.677 2.672 2.666 2.660 2.656 2.652 2.648 2.644 2.640 2.636 2.631 2.627 2.622 2.617 2.613 2.608 2.603 2.598 2.593 2.588 2.583 2.577 2.572 2.567 2.561 2.555 2.550 2.544 2.538 2.533 2.526 2.519 2.514 2.508 2.501 2.495 2.488 2.480 2.475 2.468 2.460 2.454 2.448 2.440 2.433 2.426 2.419
2.944 2.940 2.935 2.931 2.926 2.922 2.917 2.913 2.908 2.903 2.898 2.894 2.889 2.884 2.879 2.874 2.869 2.864 2.859 2.854 2.848 2.844 2.838 2.833 2.828 2.822 2.817 2.811 2.806 2.800 2.794 2.788 2.782 2.776 2.772 2.768 2.764 2.760 2.755 2.751 2.747 2.742 2.737 2.732 2.728 2.722 2.717 2.712 2.706 2.702 2.696 2.690 2.685 2.679 2.672 2.667 2.661 2.655 2.649 2.644 2.636 2.630 2.624 2.618 2.611 2.604 2.596 2.589 2.582 2.575 2.567 2.561 2.554 2.545 2.538 2.531 2.523
2.963 2.959 2.955 2.950 2.946 2.942 2.937 2.932 2.928 2.923 2.918 2.914 2.909 2.904 2.899 2.894 2.889 2.885 2.879 2.874 2.869 2.864 2.858 2.853 2.848 2.842 2.837 2.831 2.826 2.821 2.814 2.808 2.803 2.797 2.790 2.786 2.782 2.778 2.774 2.769 2.765 2.760 2.755 2.750 2.745 2.741 2.736 2.730 2.726 2.720 2.714 2.709 2.704 2.697 2.692 2.686 2.679 2.674 2.668 2.662 2.656 2.649 2.642 2.636 2.630 2.622 2.615 2.608 2.601 2.593 2.587 2.579 2.571 2.565 2.557 2.548 2.541
2.944 2.940 2.936 2.931 2.927 2.923 2.918 2.913 2.909 2.904 2.899 2.895 2.890 2.885 2.881 2.876 2.870 2.866 2.860 2.855 2.851 2.845 2.840 2.835 2.829 2.824 2.819 2.813 2.807 2.802 2.796 2.790 2.784 2.778 2.773 2.769 2.766 2.761 2.757 2.752 2.748 2.743 2.739 2.734 2.729 2.725 2.719 2.713 2.709 2.704 2.698 2.693 2.687 2.681 2.675 2.670 2.663 2.657 2.652 2.646 2.640 2.633 2.626 2.619 2.614 2.607 2.599 2.593 2.585 2.577 2.571 2.563 2.556 2.549 2.541 2.533 2.526
2.824 2.820 2.816 2.811 2.807 2.803 2.798 2.793 2.789 2.784 2.779 2.775 2.770 2.765 2.760 2.756 2.751 2.746 2.741 2.736 2.731 2.726 2.720 2.716 2.710 2.705 2.700 2.694 2.689 2.684 2.678 2.672 2.666 2.661 2.656 2.652 2.648 2.644 2.640 2.635 2.631 2.627 2.622 2.618 2.613 2.608 2.603 2.598 2.593 2.589 2.583 2.577 2.573 2.567 2.561 2.556 2.550 2.544 2.539 2.533 2.526 2.521 2.515 2.508 2.503 2.496 2.488 2.483 2.476 2.468 2.462 2.455 2.448 2.442 2.435 2.427 2.420
2.570 2.566 2.561 2.557 2.553 2.548 2.544 2.539 2.534 2.530 2.526 2.521 2.516 2.511 2.506 2.502 2.497 2.492 2.487 2.483 2.477 2.473 2.468 2.463 2.458 2.453 2.448 2.443 2.438 2.432 2.427 2.422 2.416 2.410 2.405 2.399 2.394 2.388 2.382 2.377 2.371 2.367 2.363 2.358 2.354 2.349 2.345 2.340 2.336 2.331 2.326 2.322 2.317 2.311 2.307 2.302 2.296 2.291 2.287 2.281 2.275 2.270 2.265 2.259 2.254 2.247 2.241 2.236 2.230 2.224 2.218 2.212 2.206 2.200 2.194 2.187 2.182
2.173 2.168 2.164 2.160 2.155 2.151 2.146 2.141 2.137 2.133 2.128 2.123 2.118 2.113 2.109 2.104 2.099 2.095 2.090 2.085 2.081 2.076 2.071 2.067 2.062 2.057 2.053 2.048 2.043 2.038 2.033 2.028 2.023 2.018 2.012 2.007 2.002 1.997 1.992 1.987 1.981 1.976 1.971 1.966 1.961 1.956 1.950 1.945 1.940 1.935 1.929 1.924 1.919 1.913 1.908 1.903 1.897 1.892 1.887 1.881 1.876 1.871 1.865 1.860 1.855 1.850 1.845 1.840 1.835 1.830 1.825 1.820 1.815 1.810 1.806 1.801 1.796
1.621 1.616 1.612 1.607 1.603 1.598 1.593 1.588 1.584 1.579 1.574 1.569 1.564 1.559 1.555 1.550 1.545 1.541 1.536 1.532 1.527 1.523 1.519 1.514 1.510 1.505 1.501 1.496 1.492 1.487 1.483 1.478 1.474 1.469 1.465 1.460 1.455 1.451 1.446 1.442 1.438 1.433 1.429 1.424 1.420 1.415 1.411 1.407 1.402 1.398 1.394 1.390 1.386 1.381 1.377 1.373 1.369 1.365 1.361 1.357 1.353 1.349 1.345 1.341 1.338 1.335 1.331 1.328 1.325 1.322 1.319 1.316 1.313 1.310 1.307 1.304 1.301
0.966 0.962 0.959 0.955 0.952 0.948 0.944 0.940 0.937 0.933 0.929 0.925 0.922 0.918 0.915 0.912 0.908 0.905 0.902 0.899 0.895 0.892 0.889 0.886 0.883 0.880 0.876 0.873 0.870 0.867 0.864 0.861 0.858 0.855 0.852 0.849 0.846 0.843 0.840 0.837 0.835 0.832 0.829 0.827 0.824 0.821 0.819 0.816 0.813 0.811 0.808 0.806 0.803 0.801 0.799 0.796 0.794 0.792 0.790 0.788 0.786 0.784 0.783 0.781 0.779 0.778 0.777 0.775 0.774 0.773 0.771 0.770 0.769 0.768 0.767 0.766 0.766
0.478 0.476 0.474 0.471 0.469 0.467 0.465 0.463 0.461 0.459 0.457 0.455 0.453 0.451 0.449 0.448 0.446 0.444 0.443 0.441 0.439 0.438 0.436 0.434 0.433 0.431 0.429 0.428 0.426 0.425 0.423 0.422 0.420 0.419 0.417 0.416 0.414 0.413 0.411 0.410 0.409 0.407 0.406 0.405 0.403 0.402 0.401 0.400 0.398 0.397 0.396 0.395 0.394 0.393 0.392 0.391 0.390 0.389 0.388 0.387 0.387 0.386 0.386 0.385 0.385 0.384 0.384 0.383 0.383 0.383 0.383 0.383 0.383 0.383 0.383 0.383 0.383
0.198 0.197 0.196 0.195 0.194 0.193 0.192 0.191 0.190 0.189 0.188 0.187 0.187 0.186 0.185 0.184 0.184 0.183 0.182 0.182 0.181 0.180 0.180 0.179 0.178 0.177 0.177 0.176 0.176 0.175 0.174 0.174 0.173 0.172 0.172 0.171 0.171 0.170 0.170 0.169 0.168 0.168 0.167 0.167 0.166 0.166 0.165 0.165 0.164 0.164 0.163 0.163 0.163 0.162 0.162 0.162 0.161 0.161 0.161 0.160 0.160 0.160 0.160 0.160 0.160 0.160 0.160 0.160 0.160 0.160 0.160 0.160 0.161 0.161 0.161 0.162 0.162
0.076 0.075 0.075 0.075 0.074 0.074 0.073 0.073 0.073 0.072 0.072 0.072 0.071 0.071 0.071 0.070 0.070 0.070 0.070 0.069 0.069 0.069 0.068 0.068 0.068 0.068 0.067 0.067 0.067 0.067 0.066 0.066 0.066 0.066 0.065 0.065 0.065 0.065 0.064 0.064 0.064 0.064 0.064 0.063 0.063 0.063 0.063 0.063 0.063 0.062 0.062 0.062 0.062 0.062 0.062 0.062 0.062 0.061 0.061 0.061 0.061 0.061 0.061 0.061 0.061 0.061 0.061 0.061 0.061 0.062 0.062 0.062 0.062 0.062 0.062 0.062 0.063
0.030 0.030 0.030 0.030 0.029 0.029 0.029 0.029 0.029 0.029 0.029 0.028 0.028 0.028 0.028 0.028 0.028 0.028 0.028 0.027 0.027 0.027 0.027 0.027 0.027 0.027 0.027 0.027 0.026 0.026 0.026 0.026 0.026 0.026 0.026 0.026 0.026 0.026 0.026 0.025 0.025 0.025 0.025 0.025 0.025 0.025 0.025 0.025 0.025 0.025 0.025 0.025 0.025 0.025 0.025 0.025 0.024 0.024 0.024 0.024 0.024 0.024 0.024 0.024 0.024 0.024 0.024 0.025 0.025 0.025 0.025 0.025 0.025 0.025 0.025 0.025 0.025
0.013 0.013 0.013 0.013 0.013 0.013 0.012 0.012 0.012 0.012 0.012 0.012 0.012 0.012 0.012 0.012 0.012 0.012 0.012 0.012 0.012 0.012 0.012 0.012 0.012 0.011 0.011 0.011 0.011 0.011 0.011 0.011 0.011 0.011 0.011 0.011 0.011 0.011 0.011 0.011 0.011 0.011 0.011 0.011 0.011 0.011 0.011 0.011 0.011 0.011 0.011 0.011 0.011 0.011 0.011 0.011 0.011 0.011 0.011 0.011 0.011 0.011 0.011 0.011 0.011 0.011 0.011 0.011 0.011 0.011 0.011 0.011 0.011 0.011 0.011 0.011 0.011
0.006 0.006 0.006 0.006 0.006 0.006 0.006 0.006 0.006 0.006 0.006 0.006 0.005 0.005 0.005 0.005 0.005 0.005 0.005 0.005 0.005 0.005 0.005 0.005 0.005 0.005 0.005 0.005 0.005 0.005 0.005 0.005 0.005 0.005 0.005 0.005 0.005 0.005 0.005 0.005 0.005 0.005 0.005 0.005 0.005 0.005 0.005 0.005 0.005 0.005 0.005 0.005 0.005 0.005 0.005 0.005 0.005 0.005 0.005 0.005 0.005 0.005 0.005 0.005 0.005 0.005 0.005 0.005 0.005 0.005 0.005 0.005 0.005 0.005 0.005 0.005 0.005
0.002 0.002 0.002 0.002 0.002 0.002 0.002 0.002 0.002 0.002 0.002 0.002 0.002 0.002 0.002 0.002 0.002 0.002 0.002 0.002 0.002 0.002 0.002 0.002 0.002 0.002 0.002 0.002 0.002 0.002 0.002 0.002 0.002 0.002 0.002 0.002 0.002 0.002 0.002 0.002 0.002 0.002 0.002 0.002 0.002 0.002 0.002 0.002 0.002 0.002 0.002 0.002 0.002 0.002 0.002 0.002 0.002 0.002 0.002 0.002 0.002 0.002 0.002 0.002 0.002 0.002 0.002 0.002 0.002 0.002 0.002 0.002 0.002 0.002 0.002 0.002 0.002
0.001 0.001 0.001 0.001 0.001 0.001 0.001 0.001 0.001 0.001 0.001 0.001 0.001 0.001 0.001 0.001 0.001 0.001 0.001 0.001 0.001 0.001 0.001 0.001 0.001 0.001 0.001 0.001 0.001 0.001 0.001 0.001 0.001 0.001 0.001 0.001 0.001 0.001 0.001 0.001 0.001 0.001 0.001 0.001 0.001 0.001 0.001 0.001 0.001 0.001 0.001 0.001 0.001 0.001 0.001 0.001 0.001 0.001 0.001 0.001 0.001 0.001 0.001 0.001 0.001 0.001 0.001 0.001 0.001 0.001 0.001 0.001 0.001 0.001 0.001 0.001 0.001
0.000 0.000 0.000 0.000 0.000 0.000 0.000 0.000 0.000 0.000 0.000 0.000 0.000 0.000 0.000 0.000 0.000 0.000 0.000 0.000 0.000 0.000 0.000 0.000 0.000 0.000 0.000 0.000 0.000 0.000 0.000 0.000 0.000 0.000 0.000 0.000 0.000 0.000 0.000 0.000 0.000 0.000 0.000 0.000 0.000 0.000 0.000 0.000 0.000 0.000 0.000 0.000 0.000 0.000 0.000 0.000 0.000 0.000 0.000 0.000 0.000 0.000 0.000 0.000 0.000 0.000 0.000 0.000 0.000 0.000 0.000 0.000 0.000 0.000 0.000 0.000 0.000
0.000 0.000 0.000 0.000 0.000 0.000 0.000 0.000 0.000 0.000 0.000 0.000 0.000 0.000 0.000 0.000 0.000 0.000 0.000 0.000 0.000 0.000 0.000 0.000 0.000 0.000 0.000 0.000 0.000 0.000 0.000 0.000 0.000 0.000 0.000 0.000 0.000 0.000 0.000 0.000 0.000 0.000 0.000 0.000 0.000 0.000 0.000 0.000 0.000 0.000 0.000 0.000 0.000 0.000 0.000 0.000 0.000 0.000 0.000 0.000 0.000 0.000 0.000 0.000 0.000 0.000 0.000 0.000 0.000 0.000 0.000 0.000 0.000 0.000 0.000 0.000 0.000
0.000 0.000 0.000 0.000 0.000 0.000 0.000 0.000 0.000 0.000 0.000 0.000 0.000 0.000 0.000 0.000 0.000 0.000 0.000 0.000 0.000 0.000 0.000 0.000 0.000 0.000 0.000 0.000 0.000 0.000 0.000 0.000 0.000 0.000 0.000 0.000 0.000 0.000 0.000 0.000 0.000 0.000 0.000 0.000 0.000 0.000 0.000 0.000 0.000 0.000 0.000 0.000 0.000 0.000 0.000 0.000 0.000 0.000 0.000 0.000 0.000 0.000 0.000 0.000 0.000 0.000 0.000 0.000 0.000 0.000 0.000 0.000 0.000 0.000 0.000 0.000 0.000
0.000 0.000 0.000 0.000 0.000 0.000 0.000 0.000 0.000 0.000 0.000 0.000 0.000 0.000 0.000 0.000 0.000 0.000 0.000 0.000 0.000 0.000 0.000 0.000 0.000 0.000 0.000 0.000 0.000 0.000 0.000 0.000 0.000 0.000 0.000 0.000 0.000 0.000 0.000 0.000 0.000 0.000 0.000 0.000 0.000 0.000 0.000 0.000 0.000 0.000 0.000 0.000 0.000 0.000 0.000 0.000 0.000 0.000 0.000 0.000 0.000 0.000 0.000 0.000 0.000 0.000 0.000 0.000 0.000 0.000 0.000 0.000 0.000 0.000 0.000 0.000 0.000
0.000 0.000 0.000 0.000 0.000 0.000 0.000 0.000 0.000 0.000 0.000 0.000 0.000 0.000 0.000 0.000 0.000 0.000 0.000 0.000 0.000 0.000 0.000 0.000 0.000 0.000 0.000 0.000 0.000 0.000 0.000 0.000 0.000 0.000 0.000 0.000 0.000 0.000 0.000 0.000 0.000 0.000 0.000 0.000 0.000 0.000 0.000 0.000 0.000 0.000 0.000 0.000 0.000 0.000 0.000 0.000 0.000 0.000 0.000 0.000 0.000 0.000 0.000 0.000 0.000 0.000 0.000 0.000 0.000 0.000 0.000 0.000 0.000 0.000 0.000 0.000 0.000
