data/IdealizedTopo/Outputs_IdealizedTopo/release1HS_null_01IdealizedTopo_faSavageHutterFoam_pft.asc
xllcenter 1000
yllcenter -5000
nrows 301
ncols 1001
NODATA_value -9999
cellsize 5
[rows 128 to 159 of 301, columns 355 to 425 of 1001]
1.13171e-05 1.13059e-05 1.12871e-05 1.12781e-05 1.12521e-05 1.12369e-05 1.12252e-05 1.11987e-05 1.11818e-05 1.11667e-05 1.11498e-05 1.11475e-05 1.11111e-05 1.10949e-05 1.10792e-05 1.10692e-05 1.10471e-05 1.10135e-05 1.09929e-05 1.09715e-05 1.0966e-05 1.094e-05 1.09215e-05 1.0916e-05 1.08863e-05 1.08641e-05 1.08461e-05 1.08225e-05 1.08078e-05 1.07955e-05 1.07797e-05 1.07474e-05 1.07459e-05 1.07267e-05 1.07039e-05 1.06764e-05 1.06597e-05 1.06558e-05 1.06225e-05 1.06051e-05 1.05928e-05 1.05941e-05 1.05663e-05 1.05476e-05 1.05406e-05 1.05281e-05 1.05146e-05 1.04921e-05 1.04791e-05 1.0473e-05 1.04606e-05 1.04419e-05 1.04347e-05 1.04143e-05 1.04057e-05 1.03835e-05 1.0383e-05 1.03771e-05 1.03549e-05 1.0346e-05 1.03299e-05 1.03263e-05 1.03108e-05 1.03065e-05 1.02925e-05 1.02855e-05 1.02798e-05 1.02699e-05 1.02644e-05 1.02679e-05 1.03938e-05
1.12635e-05 1.12584e-05 1.12274e-05 1.12201e-05 1.12098e-05 1.11854e-05 1.1171e-05 1.1148e-05 1.11304e-05 1.11286e-05 1.11041e-05 1.10822e-05 1.10571e-05 1.10499e-05 1.10282e-05 1.10028e-05 1.09938e-05 1.09696e-05 1.09642e-05 1.09305e-05 1.09179e-05 1.08947e-05 1.08845e-05 1.08662e-05 1.08357e-05 1.08222e-05 1.08156e-05 1.07905e-05 1.07579e-05 1.07535e-05 1.07478e-05 1.07261e-05 1.06957e-05 1.06811e-05 1.06833e-05 1.06518e-05 1.06236e-05 1.06157e-05 1.05998e-05 1.05876e-05 1.05608e-05 1.05495e-05 1.05397e-05 1.05356e-05 1.05012e-05 1.04968e-05 1.04821e-05 1.04704e-05 1.04566e-05 1.04346e-05 1.0439e-05 1.04162e-05 1.0397e-05 1.03992e-05 1.03876e-05 1.03652e-05 1.03681e-05 1.03381e-05 1.03426e-05 1.03254e-05 1.03214e-05 1.03238e-05 1.03065e-05 1.02849e-05 1.02762e-05 1.02755e-05 1.02597e-05 1.02569e-05 1.02617e-05 1.02552e-05 1.0384e-05
1.12152e-05 1.12053e-05 1.11928e-05 1.11744e-05 1.11629e-05 1.11276e-05 1.11265e-05 1.11132e-05 1.10859e-05 1.10653e-05 1.10504e-05 1.10442e-05 1.10204e-05 1.09994e-05 1.0976e-05 1.09703e-05 1.09543e-05 1.09211e-05 1.09055e-05 1.0897e-05 1.08946e-05 1.08483e-05 1.08313e-05 1.08289e-05 1.08146e-05 1.07884e-05 1.07604e-05 1.07653e-05 1.07408e-05 1.06981e-05 1.06885e-05 1.06841e-05 1.06685e-05 1.06401e-05 1.06276e-05 1.06362e-05 1.0609e-05 1.05914e-05 1.05727e-05 1.0566e-05 1.0547e-05 1.05221e-05 1.05129e-05 1.05017e-05 1.04848e-05 1.04668e-05 1.04617e-05 1.04442e-05 1.04286e-05 1.04212e-05 1.04218e-05 1.0403e-05 1.03878e-05 1.03735e-05 1.03695e-05 1.0359e-05 1.03543e-05 1.03305e-05 1.03322e-05 1.03168e-05 1.03069e-05 1.03006e-05 1.02926e-05 1.02775e-05 1.02705e-05 1.02612e-05 1.02513e-05 1.02422e-05 1.02363e-05 1.02427e-05 1.03742e-05
1.11842e-05 1.11821e-05 1.11477e-05 1.11311e-05 1.11254e-05 1.11122e-05 1.10871e-05 1.10711e-05 1.10536e-05 1.10395e-05 1.10069e-05 1.09962e-05 1.09878e-05 1.09777e-05 1.09445e-05 1.09255e-05 1.09005e-05 1.09e-05 1.08784e-05 1.08463e-05 1.08343e-05 1.08299e-05 1.07975e-05 1.07826e-05 1.07627e-05 1.07624e-05 1.0726e-05 1.07075e-05 1.07173e-05 1.06972e-05 1.06733e-05 1.06456e-05 1.06393e-05 1.06248e-05 1.06005e-05 1.05876e-05 1.05776e-05 1.05707e-05 1.05382e-05 1.05194e-05 1.05244e-05 1.05074e-05 1.04909e-05 1.04768e-05 1.04773e-05 1.04462e-05 1.04425e-05 1.04314e-05 1.04252e-05 1.03978e-05 1.03959e-05 1.03923e-05 1.03759e-05 1.03566e-05 1.03611e-05 1.03415e-05 1.03201e-05 1.0313e-05 1.03018e-05 1.03051e-05 1.02922e-05 1.02886e-05 1.02898e-05 1.01575e-05 1.02583e-05 1.01847e-05 9.44337e-06 1.03031e-05 1.01198e-05 9.36289e-06 1.06966e-05
1.11503e-05 1.11344e-05 1.11204e-05 1.11145e-05 1.10807e-05 1.10667e-05 1.10538e-05 1.10405e-05 1.10224e-05 1.10111e-05 1.09853e-05 1.09703e-05 1.09374e-05 1.09275e-05 1.09209e-05 1.0915e-05 1.08752e-05 1.08559e-05 1.08494e-05 1.08321e-05 1.08037e-05 1.07833e-05 1.07758e-05 1.07634e-05 1.07324e-05 1.07142e-05 1.07102e-05 1.06903e-05 1.0664e-05 1.06572e-05 1.06547e-05 1.06205e-05 1.06082e-05 1.0593e-05 1.05877e-05 1.05628e-05 1.05473e-05 1.05382e-05 1.05273e-05 1.05017e-05 1.04885e-05 1.0471e-05 1.04761e-05 1.04517e-05 1.04557e-05 1.04411e-05 1.04204e-05 1.04086e-05 1.0397e-05 1.03953e-05 1.03253e-05 1.03694e-05 1.03785e-05 1.03188e-05 1.03369e-05 1.02813e-05 1.01755e-05 1.03755e-05 1.03118e-05 1.01579e-05 4.09445e-06 1.02606e-05 9.47936e-06 -4.24574e-06 1.31265e-05 1.12171e-05 5.57236e-06 -1.79397e-05 1.75017e-05 2.24286e-05 4.58938e-06
1.11124e-05 1.11102e-05 1.10759e-05 1.10706e-05 1.10486e-05 1.10472e-05 1.10221e-05 1.09934e-05 1.09857e-05 1.09769e-05 1.09442e-05 1.09317e-05 1.09216e-05 1.08929e-05 1.08742e-05 1.08594e-05 1.08625e-05 1.08374e-05 1.08024e-05 1.07943e-05 1.07889e-05 1.0766e-05 1.07428e-05 1.07326e-05 1.07339e-05 1.06951e-05 1.06843e-05 1.06772e-05 1.06448e-05 1.06204e-05 1.06166e-05 1.06088e-05 1.05748e-05 1.05765e-05 1.05595e-05 1.05509e-05 1.0546e-05 1.05155e-05 1.05147e-05 1.05026e-05 1.056e-05 1.04714e-05 1.03991e-05 1.02454e-05 1.04492e-05 1.04356e-05 1.04348e-05 8.63255e-06 1.03857e-05 9.59749e-06 8.64835e-06 1.04062e-05 1.0066e-05 3.9013e-06 1.22967e-05 1.15823e-05 7.84384e-06 -1.55632e-05 1.25709e-05 1.00437e-05 -4.44896e-06 3.13138e-05 5.59966e-05 6.72005e-05 2.66286e-05 0.000103825 0.000119566 6.47582e-05 0.000163866 0.000189122 9.01157e-05
1.10958e-05 1.10756e-05 1.10658e-05 1.10525e-05 1.10175e-05 1.09964e-05 1.09821e-05 1.09848e-05 1.09544e-05 1.09316e-05 1.09326e-05 1.08981e-05 1.08831e-05 1.08722e-05 1.08616e-05 1.0816e-05 1.08044e-05 1.08099e-05 1.07824e-05 1.07603e-05 1.07442e-05 1.07289e-05 1.0716e-05 1.0693e-05 1.06861e-05 1.06718e-05 1.06923e-05 1.06424e-05 1.06276e-05 1.06232e-05 1.05467e-05 1.0589e-05 1.0554e-05 1.05058e-05 1.053e-05 1.05591e-05 1.02243e-05 8.87488e-06 1.05182e-05 1.04511e-05 7.53504e-06 1.10177e-05 1.06169e-05 9.38593e-06 -3.76839e-06 1.08667e-05 8.93337e-06 5.02195e-07 1.61183e-05 1.90901e-05 1.41983e-05 2.31705e-05 3.24602e-05 3.73274e-05 -9.02938e-06 5.42209e-05 5.83737e-05 -4.05405e-06 0.000122282 0.000181407 0.000215973 0.000181877 0.000344214 0.000374388 0.000188266 0.000462011 0.00052603 0.000289378 0.000648623 0.000739988 0.000588977
1.10728e-05 1.10513e-05 1.1018e-05 1.10167e-05 1.10034e-05 1.0983e-05 1.0967e-05 1.09383e-05 1.09523e-05 1.08851e-05 1.0896e-05 1.08821e-05 1.0867e-05 1.08371e-05 1.08314e-05 1.08131e-05 1.08188e-05 1.08685e-05 1.07583e-05 1.07527e-05 1.08211e-05 1.07002e-05 1.06858e-05 1.07063e-05 1.00683e-05 1.06774e-05 1.00561e-05 9.17582e-06 1.06693e-05 1.03129e-05 8.57274e-06 2.45465e-06 1.10019e-05 8.95404e-06 1.06419e-06 1.29334e-05 1.41194e-05 5.43497e-06 -1.87432e-05 1.60723e-05 1.57876e-05 -2.61535e-06 4.2234e-05 4.27333e-05 6.1919e-06 6.60401e-05 8.93956e-05 9.25851e-05 -2.05104e-05 0.000120522 0.00013364 -3.577e-05 0.00023755 0.000262957 8.94168e-05 0.000424631 0.000600246 0.000702045 0.000599534 0.0010615 0.001155 0.0007302 0.00131387 0.00144247 0.000899724 0.00181435 0.00211024 0.00186166 0.00269826 0.0031527 0.00342708
1.10268e-05 1.10249e-05 1.10348e-05 1.10414e-05 1.10265e-05 1.0962e-05 1.09283e-05 1.09888e-05 1.09128e-05 1.09682e-05 1.05308e-05 9.30788e-06 1.07855e-05 1.05961e-05 1.00739e-05 1.08001e-05 1.04733e-05 8.86769e-06 5.0494e-06 1.06231e-05 8.56943e-06 3.64343e-06 1.15991e-05 1.06383e-05 -9.36982e-06 1.62077e-05 1.72801e-05 1.02279e-05 -1.7001e-05 3.00261e-05 4.05042e-05 1.71838e-05 4.44714e-05 4.14049e-05 2.6214e-05 -7.18095e-05 9.91121e-05 5.46678e-05 7.61061e-06 0.000197944 0.000269372 0.000169162 0.000296328 0.000345219 0.000353365 3.45747e-05 0.000518805 0.000495047 3.73772e-05 0.000831865 0.00127409 0.000845238 0.00158799 0.00199071 0.00226069 0.00198716 0.00320102 0.00343482 0.00243106 0.00389918 0.00414056 0.00348743 0.00495395 0.00593397 0.00571174 0.00720464 0.00810116 0.00852929 0.00785633 0.0108573 0.0116961
1.08716e-05 7.92945e-06 1.08218e-05 1.04574e-05 8.51285e-06 5.87361e-06 1.11967e-05 9.16628e-06 -9.34642e-06 1.32191e-05 1.09924e-05 6.29342e-06 -7.72397e-06 1.46471e-05 5.1132e-06 -2.99511e-05 2.26649e-05 1.71783e-05 -3.19774e-05 4.07625e-05 3.9939e-05 1.68939e-06 -0.000100991 0.000103596 0.000123462 4.42976e-05 0.000171898 0.000184141 0.000216092 -0.000165806 0.000302362 9.32619e-05 -5.90682e-05 0.000512176 0.000713238 0.000301276 0.000956006 0.00118978 0.00127612 0.000397407 0.00148353 0.00124522 0.000541114 0.00217384 0.00231544 0.00140983 0.0031832 0.00423302 0.00478384 0.00608842 0.00676029 0.00710149 0.00650986 0.00919241 0.00967948 0.00814358 0.0110206 0.0118206 0.0111851 0.013605 0.015249 0.0159776 0.0182607 0.0197472 0.0204157 0.0196537 0.024311 0.0254173 0.0242045 0.0291207 0.0311106
2.96034e-05 1.75136e-05 -1.61737e-05 4.49979e-05 3.97172e-05 -1.71267e-05 -0.000223285 7.04333e-05 7.25515e-05 -1.72738e-06 0.000131609 8.44497e-05 -0.000242578 0.000213405 0.000220443 0.000169998 -0.000220746 0.000372994 0.00035642 0.000105331 0.000746833 0.000881677 0.000986264 0.00131384 0.00115323 0.000864308 0.000494977 0.00197572 0.0019078 0.000795143 0.00272584 0.00366639 0.00383819 0.0048117 0.00525126 0.00521476 0.00351818 0.00641159 0.00624367 0.00453107 0.00766272 0.00990266 0.00907704 0.0116625 0.0139553 0.0151701 0.015074 0.0196525 0.0204792 0.0187453 0.024096 0.02518 0.0239687 0.0284461 0.0305445 0.0304943 0.03397 0.0365796 0.0376415 0.0410975 0.0437254 0.0452938 0.047696 0.0504595 0.0520653 0.0511462 0.057806 0.0604356 0.059476 0.0663789 0.0701333
-0.000128155 0.00069044 0.000434008 -0.000941091 0.000948354 0.00105118 0.00105855 0.00174739 0.00153384 0.000727209 -0.000554712 0.00195521 0.00260311 0.00207901 0.00350413 0.00321634 0.00248504 0.00203518 0.00549022 0.0048501 0.00421276 0.0076068 0.00729951 0.00506808 0.00891705 0.012021 0.00943681 0.0123999 0.0150728 0.0153927 0.0136415 0.0186221 0.0191019 0.0171658 0.0232512 0.024318 0.0229634 0.0269856 0.0315787 0.0335757 0.0380281 0.041089 0.0419207 0.0417901 0.0487505 0.0504806 0.0499825 0.0560492 0.0588293 0.0596237 0.0649961 0.0684336 0.0701631 0.0747796 0.0779132 0.0794384 0.084049 0.0877246 0.0896718 0.08915 0.0965809 0.0995224 0.0988245 0.106705 0.110436 0.110789 0.118337 0.122551 0.128072 0.133776 0.139989
0.00650953 0.0032177 0.00843887 0.0114227 0.0103609 0.0136972 0.0139201 0.00915802 0.014365 0.0162882 0.0158008 0.0150616 0.0223059 0.0204548 0.0194697 0.02467 0.0296305 0.025864 0.030447 0.0348855 0.0323296 0.0366986 0.0423888 0.0433207 0.0410913 0.0492364 0.0498871 0.0499266 0.0574554 0.0596911 0.0593299 0.0645169 0.0701592 0.0711583 0.0765193 0.0821122 0.0843475 0.0845683 0.0939931 0.0964986 0.0976802 0.105676 0.108716 0.111026 0.117979 0.122485 0.12594 0.131358 0.135663 0.139393 0.144718 0.147626 0.148999 0.151177 0.159589 0.16145 0.16185 0.169946 0.173578 0.17384 0.181956 0.186629 0.193482 0.199065 0.202864 0.210004 0.214724 0.21969 0.226034 0.231246 0.235742
0.0526155 0.0542593 0.0527559 0.0646821 0.0644636 0.0618353 0.0705954 0.0738987 0.0714334 0.0777384 0.0835702 0.0818039 0.0882024 0.0939881 0.0967258 0.0952169 0.105507 0.10723 0.106952 0.116656 0.119404 0.119664 0.127245 0.129474 0.131588 0.139593 0.143398 0.145895 0.153413 0.158968 0.161564 0.161307 0.172664 0.175413 0.176887 0.187953 0.190882 0.194736 0.202924 0.208067 0.213371 0.219971 0.223809 0.22909 0.234832 0.238486 0.238919 0.245059 0.250378 0.250788 0.25457 0.263378 0.265233 0.266964 0.275149 0.279177 0.280891 0.288171 0.293003 0.30173 0.307028 0.3121 0.319348 0.32311 0.327136 0.333326 0.336976 0.339236 0.338282 0.343345 0.351664
0.185081 0.189497 0.190575 0.199993 0.204828 0.208196 0.216181 0.218409 0.222371 0.222362 0.230954 0.23337 0.234771 0.242089 0.242339 0.245617 0.254275 0.256553 0.259844 0.267799 0.269897 0.273461 0.28136 0.288379 0.289143 0.289973 0.301975 0.303362 0.305361 0.316743 0.319291 0.326297 0.333423 0.335556 0.343477 0.349676 0.354305 0.361486 0.3666 0.369647 0.368024 0.37356 0.380174 0.379471 0.383512 0.391826 0.392874 0.395189 0.401761 0.403441 0.406383 0.41346 0.417666 0.420828 0.426559 0.430763 0.440682 0.444028 0.448234 0.455674 0.457528 0.458538 0.455597 0.45876 0.464499 0.46319 0.467272 0.473254 0.474376 0.479367 0.485762
0.422408 0.428857 0.429208 0.433333 0.440251 0.437711 0.443273 0.449191 0.447791 0.453206 0.458925 0.457835 0.463777 0.469877 0.473498 0.470679 0.475274 0.482313 0.481029 0.482615 0.494058 0.495708 0.502151 0.509947 0.509455 0.519491 0.52252 0.522552 0.533683 0.536523 0.540688 0.549812 0.551621 0.552626 0.560259 0.562426 0.562641 0.557471 0.560526 0.566605 0.565666 0.569391 0.572139 0.571442 0.573494 0.578092 0.580833 0.582725 0.588076 0.58961 0.590557 0.59558 0.597644 0.603377 0.607548 0.61006 0.614427 0.616002 0.614478 0.60851 0.610494 0.614526 0.612759 0.614965 0.616034 0.615771 0.61587 0.621251 0.624016 0.626972 0.634651
0.741943 0.743452 0.73801 0.746026 0.747923 0.750014 0.741227 0.742281 0.749392 0.744437 0.746897 0.754053 0.75026 0.753252 0.7602 0.757943 0.770123 0.76943 0.766339 0.779557 0.776318 0.77394 0.784521 0.784016 0.784797 0.794707 0.793682 0.791705 0.800722 0.799568 0.796611 0.78764 0.787747 0.793875 0.787766 0.790309 0.794329 0.790282 0.794143 0.793791 0.794515 0.797591 0.797016 0.795332 0.797074 0.797633 0.796647 0.806237 0.803227 0.800462 0.809173 0.803953 0.803014 0.810148 0.804767 0.800499 0.791142 0.788931 0.793306 0.78921 0.790905 0.789995 0.790006 0.793688 0.791391 0.788794 0.785225 0.788365 0.785812 0.784586 0.792104
1.09221 1.08913 1.09529 1.0881 1.0922 1.09396 1.08806 1.09722 1.09161 1.08616 1.10218 1.09304 1.08611 1.0998 1.09143 1.08923 1.10007 1.09396 1.08768 1.09609 1.09107 1.08467 1.07283 1.06796 1.07175 1.0628 1.06052 1.06614 1.0576 1.06035 1.05994 1.05329 1.04832 1.05083 1.04515 0.91112 1.04437 1.04274 1.047 1.04178 1.0383 1.04239 1.03901 1.03439 1.0451 1.03689 1.03263 1.03912 1.03113 1.0251 1.03037 1.0238 1.01596 1.00309 0.99874 1.00024 0.992867 0.991988 0.988439 0.985855 0.987607 0.983491 0.979245 0.981157 0.976174 0.971908 0.969885 0.967347 0.961928 0.965438 0.963604
1.46385 1.47393 1.46162 1.45206 1.46718 1.45445 1.44854 1.46121 1.44869 1.43936 1.44794 1.43758 1.42475 1.43134 1.42072 1.41056 1.39385 1.38634 1.38825 1.37648 1.37036 1.37412 1.36442 1.36247 1.3566 1.34569 1.33991 1.33863 1.32968 1.18627 1.32373 1.31953 1.3183 1.31371 1.30523 1.31172 1.29869 1.29145 1.29592 1.28578 1.27933 1.28806 1.27656 1.26972 1.27373 1.26426 1.25385 1.23834 1.23112 1.22935 1.21772 1.21164 1.21168 1.20291 1.20028 1.19402 1.18833 1.1895 1.18093 1.17425 1.17332 1.16764 1.16006 1.15862 1.15228 1.1444 1.14303 1.13639 1.12982 1.13192 1.12849
1.80841 1.82189 1.80339 1.78853 1.79348 1.77975 1.7656 1.77011 1.75732 1.74459 1.72561 1.71422 1.71087 1.6961 1.68731 1.68578 1.67235 1.66731 1.65861 1.6459 1.64117 1.63456 1.62666 1.62785 1.6159 1.6048 1.60497 1.592 1.5817 1.57936 1.56854 1.55731 1.55737 1.54593 1.53529 1.53928 1.52308 1.51345 1.51525 1.50153 1.49195 1.49482 1.48219 1.47106 1.45541 1.44457 1.44126 1.42792 1.42438 1.41295 1.40174 1.39646 1.38849 1.38035 1.3769 1.3691 1.35933 1.35656 1.34773 1.33921 1.33678 1.32735 1.31677 1.31597 1.30571 1.29626 1.2984 1.28464 1.27603 1.27976 1.27315
2.07098 2.07421 2.05769 2.04432 2.02403 2.0127 2.00464 1.98874 1.97682 1.97287 1.95767 1.95178 1.93856 1.92325 1.91922 1.90444 1.89458 1.89641 1.87911 1.86631 1.86534 1.84818 1.83449 1.8342 1.81948 1.80486 1.80707 1.78991 1.77626 1.77712 1.75817 1.7456 1.74337 1.7273 1.7131 1.71522 1.69674 1.68385 1.68628 1.67027 1.65664 1.64093 1.62959 1.62364 1.60982 1.60095 1.59102 1.57804 1.5745 1.56276 1.54995 1.54545 1.5334 1.52195 1.5149 1.50613 1.49313 1.48936 1.47756 1.46747 1.46646 1.45128 1.43952 1.43964 1.42585 1.41369 1.41537 1.39905 1.38938 1.39197 1.38439
2.23544 2.21913 2.20637 2.19848 2.18196 2.175 2.15942 2.14306 2.13553 2.12145 2.10778 2.1042 2.08795 2.07335 2.0753 2.05288 2.03755 2.03969 2.01832 2.00315 2.0039 1.98235 1.96756 1.96789 1.94654 1.93306 1.93368 1.91238 1.89758 1.89841 1.87769 1.86191 1.86387 1.84193 1.82691 1.82809 1.8054 1.78946 1.7879 1.77204 1.76019 1.74401 1.73658 1.72299 1.70886 1.70167 1.68896 1.67569 1.66793 1.65597 1.64316 1.63557 1.62518 1.6101 1.6045 1.59215 1.57923 1.57837 1.56157 1.54773 1.54773 1.52996 1.51793 1.51776 1.49973 1.48927 1.48765 1.47254 1.46006 1.46227 1.45362
2.29152 2.27617 2.26924 2.25264 2.23613 2.22951 2.21447 2.19884 2.18901 2.17548 2.15738 2.15155 2.13794 2.12359 2.12802 2.1037 2.08822 2.08845 2.06522 2.04965 2.05236 2.02855 2.01194 2.01514 1.99067 1.97497 1.97639 1.95336 1.93859 1.93791 1.9172 1.90206 1.87631 1.88143 1.86473 1.83965 1.84385 1.83247 1.81642 1.7882 1.7944 1.78071 1.76993 1.75884 1.74331 1.73504 1.7232 1.7084 1.70096 1.68767 1.67462 1.66568 1.65468 1.64092 1.63292 1.62176 1.607 1.6054 1.58808 1.57554 1.55507 1.55759 1.5438 1.52459 1.52687 1.51462 1.49398 1.49664 1.48494 1.47172 1.47748
2.23505 2.21872 2.20635 2.19823 2.18146 2.17314 2.15816 2.14189 2.13464 2.12086 2.10711 2.10254 2.08718 2.07307 2.07537 2.05292 2.03734 2.03989 2.01865 2.00256 2.0044 1.98243 1.96793 1.96843 1.94689 1.93325 1.93433 1.91264 1.89782 1.89872 1.87799 1.8622 1.86427 1.84231 1.82741 1.82855 1.80577 1.78957 1.78789 1.77209 1.76036 1.74405 1.73641 1.72313 1.70876 1.70167 1.68917 1.676 1.66846 1.65626 1.64339 1.6349 1.62444 1.60942 1.60375 1.59152 1.57868 1.57185 1.56123 1.54727 1.54726 1.5297 1.51773 1.51754 1.49962 1.48914 1.48745 1.47238 1.45997 1.46208 1.4535
2.07071 2.07427 2.05791 2.04401 2.0237 2.01269 2.00427 1.98808 1.9765 1.97243 1.95793 1.95309 1.93898 1.92403 1.91962 1.90424 1.89457 1.89686 1.87958 1.86648 1.8667 1.84887 1.83571 1.83496 1.81999 1.80605 1.80777 1.79051 1.77653 1.78074 1.75829 1.74589 1.74776 1.72757 1.71361 1.7153 1.69657 1.6839 1.68611 1.67031 1.65669 1.64104 1.6297 1.62358 1.61018 1.60133 1.59136 1.57877 1.57409 1.56265 1.54944 1.54503 1.53252 1.52115 1.51395 1.50523 1.49214 1.48844 1.47692 1.46679 1.46594 1.45089 1.43904 1.43916 1.42532 1.41328 1.41492 1.39868 1.38899 1.39158 1.38405
1.8082 1.82082 1.80256 1.78834 1.7931 1.7792 1.76506 1.7705 1.7575 1.74387 1.72509 1.71365 1.71118 1.6962 1.68723 1.68599 1.67186 1.66779 1.65934 1.64704 1.64222 1.63589 1.6269 1.62815 1.61653 1.60485 1.60466 1.59264 1.58221 1.58013 1.56907 1.55818 1.5579 1.54644 1.53549 1.5396 1.52319 1.51357 1.51542 1.50168 1.49223 1.49519 1.48265 1.47112 1.45518 1.44478 1.44143 1.42832 1.42335 1.41185 1.40106 1.3965 1.3886 1.38024 1.37679 1.36875 1.35889 1.35591 1.34709 1.33851 1.33943 1.32656 1.31646 1.31766 1.30532 1.2961 1.29811 1.28437 1.2758 1.27973 1.27331
1.46409 1.47358 1.46091 1.45151 1.46671 1.45346 1.44798 1.46074 1.44802 1.43904 1.44776 1.43679 1.42432 1.43067 1.42012 1.40945 1.39277 1.38572 1.38802 1.37565 1.3698 1.37351 1.36457 1.36273 1.35683 1.34606 1.34063 1.339 1.32996 1.1862 1.32364 1.31931 1.31846 1.31366 1.30553 1.31191 1.29905 1.29205 1.29585 1.2858 1.27934 1.28825 1.277 1.26995 1.27379 1.26404 1.25368 1.23858 1.23119 1.22971 1.21742 1.21183 1.21119 1.20286 1.19974 1.19373 1.18781 1.18895 1.18067 1.17422 1.17323 1.16743 1.15984 1.15917 1.15225 1.14418 1.14695 1.13669 1.12986 1.13187 1.12841
1.09257 1.08961 1.09545 1.08811 1.09243 1.09444 1.08763 1.09591 1.09087 1.08545 1.10184 1.09272 1.08582 1.09928 1.09106 1.08917 1.0995 1.09309 1.08695 1.09548 1.08991 1.08403 1.07169 1.06728 1.07234 1.06274 1.06059 1.06655 1.05741 1.0603 1.05992 1.05314 1.04841 1.05081 1.04538 0.910975 1.04423 1.04217 1.04669 1.04212 1.03832 1.04216 1.03877 1.03419 1.0447 1.03677 1.03283 1.03899 1.03162 1.02556 1.03062 1.02419 1.01638 1.00339 0.999005 1.00058 0.993255 0.992539 0.989348 0.98629 0.988376 0.984097 0.979842 0.981741 0.976524 0.972054 0.969704 0.967235 0.962026 0.965273 0.963829
0.741946 0.743695 0.738411 0.746301 0.748117 0.750159 0.741803 0.742853 0.749826 0.744683 0.746596 0.754407 0.750353 0.753461 0.76021 0.758089 0.770431 0.769359 0.765709 0.778947 0.776237 0.773615 0.784142 0.78316 0.784253 0.794163 0.793157 0.791825 0.80041 0.799556 0.796321 0.787377 0.787522 0.793431 0.787358 0.790045 0.794041 0.790075 0.794035 0.793534 0.79395 0.796581 0.796773 0.795162 0.79782 0.797765 0.796651 0.806113 0.803174 0.800488 0.809313 0.804718 0.803398 0.810714 0.805285 0.800775 0.791611 0.789243 0.793253 0.789899 0.791545 0.790358 0.790154 0.793689 0.79148 0.789365 0.785547 0.788579 0.78632 0.784922 0.792615
0.422652 0.429044 0.429478 0.433883 0.440542 0.438027 0.443733 0.449509 0.448189 0.453779 0.459292 0.457872 0.463949 0.470106 0.473966 0.47096 0.475491 0.482473 0.480903 0.483151 0.494137 0.495826 0.502556 0.510047 0.509313 0.518924 0.522105 0.521942 0.532506 0.535764 0.540158 0.549093 0.551178 0.552192 0.559602 0.561773 0.562248 0.55711 0.560202 0.566554 0.565625 0.569394 0.571594 0.571546 0.572681 0.57781 0.580773 0.581981 0.587719 0.589196 0.59017 0.595366 0.597745 0.603646 0.607981 0.610221 0.614206 0.616115 0.614548 0.60854 0.610564 0.614279 0.612783 0.615242 0.616101 0.615794 0.615713 0.620936 0.623739 0.626529 0.63412
0.18528 0.189665 0.190745 0.199982 0.205229 0.208451 0.216307 0.218536 0.222496 0.222578 0.231124 0.233582 0.235113 0.242254 0.2425 0.245867 0.254508 0.257005 0.260036 0.267955 0.270159 0.273719 0.281338 0.288418 0.289196 0.289978 0.301871 0.303232 0.305452 0.316881 0.319102 0.326153 0.333145 0.335214 0.343072 0.349288 0.353716 0.361327 0.36593 0.369101 0.367439 0.373178 0.379725 0.379057 0.383471 0.391572 0.392766 0.395188 0.401668 0.403161 0.406348 0.413225 0.417164 0.420407 0.426033 0.430716 0.440978 0.444299 0.44848 0.455701 0.457515 0.458567 0.45568 0.458632 0.464426 0.463175 0.467219 0.473282 0.474342 0.47899 0.485936
0.0527587 0.05439 0.0528907 0.0647989 0.064512 0.0618525 0.070702 0.0740026 0.0715131 0.0778138 0.0838864 0.0819894 0.0885066 0.0943726 0.0970732 0.0954871 0.10575 0.107416 0.107325 0.116903 0.119557 0.119634 0.127262 0.129477 0.131547 0.139567 0.143386 0.145913 0.153296 0.15891 0.161506 0.161277 0.172532 0.175208 0.176731 0.187808 0.190829 0.194379 0.202599 0.207667 0.212982 0.219556 0.223441 0.228752 0.234335 0.23813 0.238698 0.24487 0.250191 0.250675 0.254324 0.263136 0.265366 0.266877 0.274931 0.278935 0.280282 0.287892 0.292793 0.301846 0.306995 0.312066 0.319349 0.323097 0.327032 0.333366 0.337007 0.339389 0.338305 0.343394 0.351509
