data/IdealizedTopo/Outputs_IdealizedTopo/release1HS_null_01IdealizedTopo_faSavageHutterFoam_pfv.asc
xllcenter 1000
yllcenter -5000
nrows 301
ncols 1001
NODATA_value -9999
cellsize 5
[rows 90 to 119 of 301, columns 476 to 543 of 1001]
-9999 -9999 -9999 -9999 -9999 -9999 -9999 -9999 -9999 -9999 -9999 -9999 -9999 -9999 -9999 -9999 -9999 -9999 -9999 -9999 -9999 -9999 -9999 -9999 -9999 -9999 -9999 -9999 -9999 -9999 -9999 -9999 -9999 -9999 -9999 -9999 -9999 -9999 -9999 -9999 -9999 -9999 -9999 -9999 -9999 -9999 -9999 -9999 -9999 -9999 -9999 -9999 -9999 -9999 -9999 -9999 -9999 -9999 -9999 -9999 -9999 -9999 -9999 -9999 -9999 -9999 -9999 -9999
-9999 -9999 -9999 -9999 -9999 -9999 -9999 -9999 -9999 -9999 -9999 -9999 -9999 -9999 -9999 -9999 -9999 -9999 -9999 -9999 -9999 -9999 -9999 -9999 -9999 -9999 -9999 -9999 -9999 -9999 -9999 -9999 -9999 -9999 -9999 -9999 -9999 -9999 -9999 -9999 -9999 -9999 -9999 -9999 -9999 -9999 -9999 -9999 -9999 -9999 -9999 -9999 -9999 -9999 -9999 -9999 -9999 -9999 -9999 -9999 -9999 -9999 -9999 -9999 -9999 -9999 -9999 -9999
-9999 -9999 -9999 -9999 -9999 -9999 -9999 -9999 -9999 -9999 -9999 -9999 -9999 -9999 -9999 -9999 -9999 -9999 -9999 -9999 -9999 -9999 -9999 -9999 -9999 -9999 -9999 -9999 -9999 -9999 -9999 -9999 -9999 -9999 -9999 -9999 -9999 -9999 -9999 -9999 -9999 -9999 -9999 -9999 -9999 -9999 -9999 -9999 -9999 -9999 -9999 -9999 -9999 -9999 -9999 -9999 -9999 -9999 -9999 -9999 -9999 -9999 -9999 -9999 -9999 -9999 -9999 -9999
-9999 -9999 -9999 -9999 -9999 -9999 -9999 -9999 -9999 -9999 -9999 -9999 -9999 -9999 -9999 -9999 -9999 -9999 -9999 -9999 -9999 -9999 -9999 -9999 -9999 -9999 -9999 -9999 -9999 -9999 -9999 -9999 -9999 -9999 -9999 -9999 -9999 -9999 -9999 -9999 -9999 -9999 -9999 -9999 -9999 -9999 -9999 -9999 -9999 -9999 -9999 -9999 -9999 -9999 -9999 -9999 -9999 -9999 -9999 -9999 -9999 -9999 -9999 -9999 -9999 -9999 -9999 -9999
-9999 -9999 -9999 -9999 -9999 -9999 -9999 -9999 -9999 -9999 -9999 -9999 -9999 -9999 -9999 -9999 -9999 -9999 -9999 -9999 -9999 -9999 -9999 -9999 -9999 -9999 -9999 -9999 -9999 -9999 -9999 -9999 -9999 -9999 -9999 -9999 -9999 -9999 -9999 -9999 -9999 -9999 -9999 -9999 -9999 -9999 -9999 -9999 -9999 -9999 -9999 -9999 -9999 -9999 -9999 -9999 -9999 -9999 -9999 -9999 -9999 -9999 -9999 -9999 -9999 -9999 -9999 -9999
-9999 -9999 -9999 -9999 -9999 -9999 -9999 -9999 -9999 -9999 -9999 -9999 -9999 -9999 -9999 -9999 -9999 -9999 -9999 -9999 -9999 -9999 -9999 -9999 -9999 -9999 -9999 -9999 -9999 -9999 -9999 -9999 -9999 -9999 -9999 -9999 -9999 -9999 -9999 -9999 -9999 -9999 -9999 -9999 -9999 -9999 -9999 -9999 -9999 -9999 -9999 -9999 -9999 -9999 -9999 -9999 -9999 -9999 -9999 -9999 -9999 -9999 -9999 -9999 -9999 -9999 -9999 -9999
-9999 -9999 -9999 -9999 -9999 -9999 -9999 -9999 -9999 -9999 -9999 -9999 -9999 -9999 -9999 -9999 -9999 -9999 -9999 -9999 -9999 -9999 -9999 -9999 -9999 -9999 -9999 -9999 -9999 -9999 -9999 -9999 -9999 -9999 -9999 -9999 -9999 -9999 -9999 -9999 -9999 -9999 -9999 -9999 -9999 -9999 -9999 -9999 -9999 -9999 -9999 -9999 -9999 -9999 -9999 -9999 -9999 -9999 -9999 -9999 -9999 -9999 -9999 -9999 -9999 -9999 -9999 -9999
-9999 -9999 -9999 -9999 -9999 -9999 -9999 -9999 -9999 -9999 -9999 -9999 -9999 -9999 -9999 -9999 -9999 -9999 -9999 -9999 -9999 -9999 -9999 -9999 -9999 -9999 -9999 -9999 -9999 -9999 -9999 -9999 -9999 -9999 -9999 -9999 -9999 -9999 -9999 -9999 -9999 -9999 -9999 -9999 -9999 -9999 -9999 -9999 -9999 -9999 -9999 -9999 -9999 -9999 -9999 -9999 -9999 -9999 -9999 -9999 -9999 -9999 -9999 -9999 -9999 -9999 -9999 -9999
-9999 -9999 -9999 -9999 -9999 -9999 -9999 -9999 -9999 -9999 -9999 -9999 -9999 -9999 -9999 -9999 -9999 -9999 -9999 -9999 -9999 -9999 -9999 -9999 -9999 -9999 -9999 -9999 -9999 -9999 -9999 -9999 -9999 -9999 -9999 -9999 -9999 -9999 -9999 -9999 -9999 -9999 -9999 -9999 -9999 -9999 -9999 -9999 -9999 -9999 -9999 -9999 -9999 -9999 -9999 -9999 -9999 -9999 -9999 -9999 -9999 -9999 -9999 -9999 -9999 -9999 -9999 -9999
-9999 -9999 -9999 -9999 -9999 -9999 -9999 -9999 -9999 -9999 -9999 -9999 -9999 -9999 -9999 -9999 -9999 -9999 -9999 -9999 -9999 -9999 -9999 -9999 -9999 -9999 -9999 -9999 -9999 -9999 -9999 -9999 -9999 -9999 -9999 -9999 -9999 -9999 -9999 -9999 -9999 -9999 -9999 -9999 -9999 -9999 -9999 -9999 -9999 -9999 -9999 -9999 -9999 -9999 -9999 -9999 -9999 -9999 -9999 -9999 -9999 -9999 -9999 -9999 -9999 -9999 -9999 -9999
1.78488e-05 2.09192e-05 2.30808e-05 2.44937e-05 2.53974e-05 2.6027e-05 2.57912e-05 2.59114e-05 2.6242e-05 2.37946e-05 2.26465e-05 2.47415e-05 2.26849e-05 2.24513e-05 2.14117e-05 2.04321e-05 1.96015e-05 1.86735e-05 1.77563e-05 1.7e-05 1.61853e-05 1.5345e-05 1.46069e-05 1.38738e-05 1.31288e-05 1.24359e-05 1.17869e-05 1.11214e-05 1.04829e-05 9.92852e-06 9.35777e-06 8.83433e-06 8.39148e-06 7.899e-06 7.44039e-06 7.02073e-06 6.60549e-06 6.24054e-06 5.89875e-06 5.48657e-06 5.16054e-06 4.85745e-06 4.56277e-06 4.30707e-06 4.06077e-06 3.80405e-06 3.56423e-06 3.36917e-06 3.14454e-06 2.97038e-06 2.78684e-06 2.6195e-06 2.44775e-06 2.30608e-06 2.1522e-06 2.01831e-06 1.91783e-06 1.79058e-06 1.68307e-06 1.56864e-06 1.4622e-06 1.37044e-06 1.29344e-06 1.20705e-06 1.12373e-06 1.06293e-06 9.88407e-07 9.28191e-07
7.05143e-05 6.6454e-05 6.34852e-05 6.04418e-05 5.84909e-05 5.64099e-05 5.35424e-05 5.16481e-05 4.95458e-05 4.53127e-05 4.35339e-05 4.17975e-05 3.97248e-05 3.757e-05 3.56776e-05 3.3847e-05 3.20344e-05 3.02944e-05 2.86207e-05 2.70286e-05 2.55651e-05 2.41429e-05 2.27854e-05 2.15285e-05 2.02868e-05 1.91334e-05 1.8053e-05 1.70206e-05 1.6052e-05 1.51365e-05 1.42621e-05 1.34342e-05 1.26728e-05 1.19328e-05 1.12258e-05 1.05806e-05 9.94933e-06 9.35655e-06 8.80323e-06 8.30344e-06 7.80666e-06 7.34916e-06 6.90203e-06 6.47773e-06 6.08294e-06 5.71345e-06 5.36662e-06 5.03843e-06 4.72948e-06 4.43192e-06 4.16079e-06 3.89902e-06 3.65322e-06 3.4278e-06 3.21118e-06 3.00437e-06 2.81345e-06 2.63253e-06 2.4566e-06 2.29945e-06 2.15165e-06 2.00987e-06 1.87848e-06 1.75472e-06 1.63906e-06 1.52909e-06 1.42705e-06 1.32948e-06
0.000102903 8.57551e-05 7.50177e-05 6.42601e-05 6.11161e-05 4.33385e-05 4.06339e-05 3.77424e-05 3.51768e-05 3.30477e-05 3.04245e-05 2.82413e-05 2.61441e-05 2.42477e-05 2.24897e-05 2.08801e-05 1.94301e-05 1.81442e-05 1.69499e-05 1.58204e-05 1.4779e-05 1.38146e-05 1.29376e-05 1.21265e-05 1.13821e-05 1.06648e-05 1.00046e-05 9.38182e-06 8.80007e-06 8.26409e-06 7.76181e-06 7.30136e-06 6.85558e-06 6.43149e-06 6.03995e-06 5.67875e-06 5.34309e-06 5.02334e-06 4.71458e-06 4.42631e-06 4.15891e-06 3.90462e-06 3.66888e-06 3.45024e-06 3.23957e-06 3.04119e-06 2.85538e-06 2.67724e-06 2.51237e-06 2.35798e-06 2.21424e-06 2.07585e-06 1.94636e-06 1.82372e-06 1.70861e-06 1.60154e-06 1.4995e-06 1.40429e-06 1.3171e-06 1.23259e-06 1.15309e-06 1.07916e-06 1.00921e-06 9.43269e-07 8.82048e-07 8.24119e-07 7.69496e-07 7.18878e-07
3.90217e-05 3.72957e-05 3.39666e-05 3.2641e-05 3.03736e-05 2.89643e-05 2.71684e-05 2.54087e-05 2.37685e-05 2.22542e-05 2.08784e-05 1.95885e-05 1.8374e-05 1.72564e-05 1.62431e-05 1.52607e-05 1.43611e-05 1.35238e-05 1.27203e-05 1.19848e-05 1.12901e-05 1.06224e-05 1.00138e-05 9.43878e-06 8.88813e-06 8.37083e-06 7.8923e-06 7.43353e-06 7.01917e-06 6.60913e-06 6.22223e-06 5.86569e-06 5.53023e-06 5.20365e-06 4.908e-06 4.62566e-06 4.35159e-06 4.09407e-06 3.8601e-06 3.62925e-06 3.42167e-06 3.22215e-06 3.02473e-06 2.84383e-06 2.68012e-06 2.51592e-06 2.36607e-06 2.22719e-06 2.09107e-06 1.96388e-06 1.84362e-06 1.72867e-06 1.62417e-06 1.526e-06 1.42982e-06 1.34106e-06 1.25853e-06 1.17966e-06 1.10619e-06 1.03663e-06 9.68376e-07 9.06688e-07 8.49252e-07 7.93601e-07 7.42672e-07 6.94444e-07 6.48328e-07 6.06139e-07
3.17913e-05 2.97496e-05 2.72825e-05 2.59471e-05 2.44973e-05 2.29967e-05 2.16459e-05 2.03649e-05 1.91575e-05 1.80707e-05 1.69969e-05 1.60363e-05 1.51169e-05 1.42465e-05 1.34348e-05 1.26843e-05 1.19665e-05 1.12952e-05 1.06407e-05 1.00573e-05 9.49381e-06 8.96563e-06 8.45802e-06 7.97884e-06 7.53341e-06 7.12353e-06 6.71843e-06 6.33514e-06 5.9831e-06 5.65177e-06 5.3244e-06 5.02482e-06 4.7407e-06 4.47456e-06 4.21958e-06 3.97681e-06 3.74668e-06 3.53286e-06 3.33281e-06 3.13671e-06 2.95573e-06 2.78413e-06 2.62127e-06 2.46903e-06 2.32341e-06 2.18381e-06 2.055e-06 1.9318e-06 1.81643e-06 1.70857e-06 1.60642e-06 1.50831e-06 1.41687e-06 1.32881e-06 1.24668e-06 1.17086e-06 1.09736e-06 1.02856e-06 9.64519e-07 9.03916e-07 8.4781e-07 7.94256e-07 7.43609e-07 6.95621e-07 6.51084e-07 6.09173e-07 5.69103e-07 5.32113e-07
2.58816e-05 2.45475e-05 2.32796e-05 2.18847e-05 2.06624e-05 1.95247e-05 1.83976e-05 1.73756e-05 1.6381e-05 1.5473e-05 1.46233e-05 1.383e-05 1.30401e-05 1.23415e-05 1.16498e-05 1.10056e-05 1.04087e-05 9.83946e-06 9.31122e-06 8.79835e-06 8.31266e-06 7.84997e-06 7.42914e-06 7.0293e-06 6.63691e-06 6.266e-06 5.91905e-06 5.59519e-06 5.28595e-06 4.9929e-06 4.71191e-06 4.45435e-06 4.20808e-06 3.96614e-06 3.74007e-06 3.5316e-06 3.33437e-06 3.14413e-06 2.96536e-06 2.79108e-06 2.63222e-06 2.48092e-06 2.33763e-06 2.20091e-06 2.07291e-06 1.94885e-06 1.83528e-06 1.72852e-06 1.62518e-06 1.52815e-06 1.43581e-06 1.34819e-06 1.26666e-06 1.19008e-06 1.11655e-06 1.04843e-06 9.84821e-07 9.23364e-07 8.65937e-07 8.11828e-07 7.60488e-07 7.12437e-07 6.67336e-07 6.24423e-07 5.84132e-07 5.46762e-07 5.11257e-07 4.78115e-07
2.26955e-05 2.14495e-05 2.02683e-05 1.91504e-05 1.80816e-05 1.70976e-05 1.61514e-05 1.52774e-05 1.44601e-05 1.3674e-05 1.29383e-05 1.22272e-05 1.15829e-05 1.09584e-05 1.03746e-05 9.81918e-06 9.29475e-06 8.79231e-06 8.31412e-06 7.86382e-06 7.44614e-06 7.04811e-06 6.6632e-06 6.30253e-06 5.95318e-06 5.63635e-06 5.33086e-06 5.04083e-06 4.76047e-06 4.50198e-06 4.25361e-06 4.01772e-06 3.79571e-06 3.57886e-06 3.38565e-06 3.19676e-06 3.01515e-06 2.84537e-06 2.68249e-06 2.52934e-06 2.38515e-06 2.24833e-06 2.1186e-06 1.99786e-06 1.88177e-06 1.77044e-06 1.6671e-06 1.56816e-06 1.47479e-06 1.38678e-06 1.3046e-06 1.22579e-06 1.15255e-06 1.08383e-06 1.01712e-06 9.54152e-07 8.95853e-07 8.4014e-07 7.88023e-07 7.38946e-07 6.92336e-07 6.48214e-07 6.0762e-07 5.68703e-07 5.32375e-07 4.98272e-07 4.65817e-07 4.35754e-07
2.01354e-05 1.90632e-05 1.80369e-05 1.70601e-05 1.61514e-05 1.52906e-05 1.44624e-05 1.37073e-05 1.29833e-05 1.2296e-05 1.16479e-05 1.104e-05 1.04471e-05 9.89505e-06 9.3707e-06 8.87495e-06 8.40767e-06 7.96093e-06 7.54184e-06 7.14015e-06 6.76055e-06 6.39865e-06 6.05598e-06 5.72815e-06 5.42434e-06 5.13548e-06 4.85673e-06 4.58987e-06 4.34324e-06 4.10765e-06 3.88113e-06 3.6684e-06 3.46635e-06 3.27521e-06 3.09346e-06 2.92137e-06 2.75697e-06 2.60307e-06 2.4541e-06 2.31652e-06 2.18527e-06 2.06056e-06 1.94151e-06 1.83022e-06 1.72346e-06 1.62287e-06 1.52945e-06 1.43936e-06 1.35345e-06 1.27264e-06 1.19694e-06 1.12547e-06 1.05784e-06 9.94028e-07 9.34125e-07 8.76697e-07 8.23775e-07 7.72606e-07 7.24428e-07 6.79042e-07 6.3604e-07 5.96284e-07 5.58713e-07 5.22926e-07 4.8961e-07 4.58301e-07 4.28501e-07 4.00775e-07
1.8132e-05 1.71861e-05 1.62712e-05 1.53974e-05 1.46129e-05 1.38438e-05 1.31283e-05 1.24446e-05 1.17987e-05 1.1178e-05 1.05942e-05 1.00423e-05 9.52026e-06 9.02796e-06 8.55905e-06 8.10823e-06 7.68157e-06 7.28244e-06 6.90123e-06 6.5379e-06 6.19808e-06 5.86614e-06 5.55271e-06 5.26439e-06 4.97979e-06 4.71558e-06 4.46324e-06 4.22075e-06 3.99574e-06 3.77564e-06 3.57144e-06 3.3785e-06 3.19172e-06 3.01452e-06 2.85005e-06 2.69138e-06 2.54212e-06 2.39889e-06 2.26299e-06 2.137e-06 2.01738e-06 1.90097e-06 1.79054e-06 1.68872e-06 1.59182e-06 1.49884e-06 1.41158e-06 1.32877e-06 1.25018e-06 1.17734e-06 1.10714e-06 1.0406e-06 9.77885e-07 9.19049e-07 8.62929e-07 8.10705e-07 7.60735e-07 7.13554e-07 6.69703e-07 6.28365e-07 5.8887e-07 5.521e-07 5.17356e-07 4.84233e-07 4.53414e-07 4.24448e-07 3.96764e-07 3.71044e-07
1.64928e-05 1.56325e-05 1.4832e-05 1.40741e-05 1.33501e-05 1.26574e-05 1.20027e-05 1.13989e-05 1.08121e-05 1.02513e-05 9.72834e-06 9.23023e-06 8.75419e-06 8.29761e-06 7.87069e-06 7.46812e-06 7.07442e-06 6.71014e-06 6.35952e-06 6.02935e-06 5.71478e-06 5.41549e-06 5.12966e-06 4.859e-06 4.59892e-06 4.35747e-06 4.12949e-06 3.9032e-06 3.69135e-06 3.499e-06 3.30651e-06 3.12707e-06 2.9542e-06 2.79287e-06 2.64034e-06 2.49626e-06 2.35375e-06 2.22447e-06 2.10134e-06 1.98045e-06 1.86809e-06 1.76177e-06 1.6632e-06 1.56791e-06 1.47652e-06 1.39171e-06 1.31018e-06 1.23371e-06 1.16071e-06 1.09189e-06 1.02722e-06 9.65879e-07 9.08632e-07 8.54025e-07 8.01661e-07 7.52998e-07 7.06705e-07 6.63539e-07 6.22599e-07 5.84026e-07 5.473e-07 5.13003e-07 4.80748e-07 4.50036e-07 4.21426e-07 3.94534e-07 3.68313e-07 3.44858e-07
1.51061e-05 1.43415e-05 1.36138e-05 1.2925e-05 1.22645e-05 1.16457e-05 1.10621e-05 1.04963e-05 9.96422e-06 9.45693e-06 8.97404e-06 8.51608e-06 8.08606e-06 7.67525e-06 7.27787e-06 6.90257e-06 6.5568e-06 6.21547e-06 5.89037e-06 5.58946e-06 5.29607e-06 5.02051e-06 4.75749e-06 4.50451e-06 4.27374e-06 4.04534e-06 3.82765e-06 3.62661e-06 3.43268e-06 3.24848e-06 3.07163e-06 2.90263e-06 2.74848e-06 2.59921e-06 2.45412e-06 2.31906e-06 2.1924e-06 2.06927e-06 1.95316e-06 1.84416e-06 1.74033e-06 1.64235e-06 1.54694e-06 1.45978e-06 1.37594e-06 1.29522e-06 1.2201e-06 1.14862e-06 1.08116e-06 1.01812e-06 9.57907e-07 9.00474e-07 8.46649e-07 7.95565e-07 7.46535e-07 7.02038e-07 6.5926e-07 6.18436e-07 5.80346e-07 5.4444e-07 5.10191e-07 4.78251e-07 4.48211e-07 4.1959e-07 3.92624e-07 3.6726e-07 3.44042e-07 3.21858e-07
1.39192e-05 1.32302e-05 1.25657e-05 1.19232e-05 1.1338e-05 1.07757e-05 1.02284e-05 9.71848e-06 9.2187e-06 8.76263e-06 8.31858e-06 7.90389e-06 7.49756e-06 7.11829e-06 6.76021e-06 6.41925e-06 6.08372e-06 5.77845e-06 5.47878e-06 5.19483e-06 4.9308e-06 4.66844e-06 4.42974e-06 4.20103e-06 3.97522e-06 3.76519e-06 3.57143e-06 3.37791e-06 3.20088e-06 3.02527e-06 2.86322e-06 2.71168e-06 2.56471e-06 2.42093e-06 2.29064e-06 2.16602e-06 2.04433e-06 1.93101e-06 1.82414e-06 1.72134e-06 1.62502e-06 1.53191e-06 1.44553e-06 1.36302e-06 1.2842e-06 1.20889e-06 1.13911e-06 1.07387e-06 1.01049e-06 9.51028e-07 8.94874e-07 8.41186e-07 7.90492e-07 7.43167e-07 6.98352e-07 6.55978e-07 6.16019e-07 5.77936e-07 5.42325e-07 5.0879e-07 4.76813e-07 4.46988e-07 4.18926e-07 3.91871e-07 3.66995e-07 3.43903e-07 3.21604e-07 3.00875e-07
1.28968e-05 1.22463e-05 1.16362e-05 1.10668e-05 1.05279e-05 9.99723e-06 9.49982e-06 9.02206e-06 8.57772e-06 8.14815e-06 7.74478e-06 7.3521e-06 6.98165e-06 6.63621e-06 6.29507e-06 5.97446e-06 5.67869e-06 5.38513e-06 5.10882e-06 4.84658e-06 4.59604e-06 4.36272e-06 4.13392e-06 3.91553e-06 3.71392e-06 3.51896e-06 3.33364e-06 3.15719e-06 2.98605e-06 2.82939e-06 2.67861e-06 2.53441e-06 2.39369e-06 2.26654e-06 2.14283e-06 2.0241e-06 1.91183e-06 1.80571e-06 1.70628e-06 1.61024e-06 1.51984e-06 1.43448e-06 1.35247e-06 1.27436e-06 1.20167e-06 1.13194e-06 1.06709e-06 1.00504e-06 9.45772e-07 8.90139e-07 8.37366e-07 7.86586e-07 7.40103e-07 6.96139e-07 6.53772e-07 6.14142e-07 5.76754e-07 5.41084e-07 5.07779e-07 4.7638e-07 4.46451e-07 4.18533e-07 3.9195e-07 3.6696e-07 3.43961e-07 3.22034e-07 3.01153e-07 2.81728e-07
1.19549e-05 1.13825e-05 1.08274e-05 1.02888e-05 9.78315e-06 9.30323e-06 8.83684e-06 8.41027e-06 7.99769e-06 7.59957e-06 7.21837e-06 6.85929e-06 6.51729e-06 6.1893e-06 5.87721e-06 5.58608e-06 5.29846e-06 5.03031e-06 4.77391e-06 4.53081e-06 4.30227e-06 4.07671e-06 3.86379e-06 3.6686e-06 3.47338e-06 3.29471e-06 3.11902e-06 2.95321e-06 2.79766e-06 2.65058e-06 2.50661e-06 2.37003e-06 2.2453e-06 2.12271e-06 2.0058e-06 1.89599e-06 1.79067e-06 1.69317e-06 1.59867e-06 1.50887e-06 1.42454e-06 1.34358e-06 1.26683e-06 1.19461e-06 1.12625e-06 1.06161e-06 1.00019e-06 9.42054e-07 8.86556e-07 8.34218e-07 7.84784e-07 7.38086e-07 6.94246e-07 6.52604e-07 6.12914e-07 5.7578e-07 5.40719e-07 5.073e-07 4.76054e-07 4.46652e-07 4.18602e-07 3.92103e-07 3.67626e-07 3.44166e-07 3.22498e-07 3.01934e-07 2.82365e-07 2.64155e-07
1.11422e-05 1.06068e-05 1.00865e-05 9.5952e-06 9.12952e-06 8.67776e-06 8.25923e-06 7.85568e-06 7.47e-06 7.09545e-06 6.74569e-06 6.41419e-06 6.0887e-06 5.79393e-06 5.50419e-06 5.22049e-06 4.96017e-06 4.71165e-06 4.46967e-06 4.24599e-06 4.02434e-06 3.81678e-06 3.62459e-06 3.43412e-06 3.25649e-06 3.08493e-06 2.92394e-06 2.76902e-06 2.62435e-06 2.48372e-06 2.34834e-06 2.22549e-06 2.10551e-06 1.98947e-06 1.88064e-06 1.77808e-06 1.68117e-06 1.58785e-06 1.49983e-06 1.41592e-06 1.33583e-06 1.2606e-06 1.18856e-06 1.12093e-06 1.05749e-06 9.96164e-07 9.38527e-07 8.83985e-07 8.31682e-07 7.82668e-07 7.36742e-07 6.92877e-07 6.515e-07 6.12479e-07 5.75199e-07 5.40347e-07 5.07474e-07 4.76115e-07 4.46811e-07 4.19179e-07 3.92537e-07 3.68021e-07 3.45215e-07 3.2319e-07 3.0266e-07 2.83366e-07 2.64999e-07 2.47905e-07
1.03944e-05 9.8964e-06 9.4209e-06 8.96479e-06 8.52488e-06 8.1197e-06 7.72339e-06 7.34789e-06 6.98333e-06 6.63743e-06 6.31673e-06 6.00316e-06 5.70973e-06 5.42672e-06 5.14602e-06 4.89374e-06 4.65225e-06 4.41433e-06 4.19175e-06 3.97632e-06 3.77558e-06 3.5837e-06 3.39668e-06 3.22151e-06 3.05517e-06 2.89503e-06 2.74352e-06 2.59901e-06 2.4618e-06 2.33037e-06 2.20728e-06 2.08899e-06 1.97522e-06 1.86615e-06 1.76691e-06 1.67086e-06 1.57805e-06 1.49099e-06 1.40868e-06 1.3289e-06 1.25444e-06 1.18372e-06 1.11621e-06 1.05337e-06 9.931e-07 9.35543e-07 8.81453e-07 8.29974e-07 7.8096e-07 7.35356e-07 6.92131e-07 6.50726e-07 6.11904e-07 5.75227e-07 5.40239e-07 5.07517e-07 4.76599e-07 4.47158e-07 4.19607e-07 3.93461e-07 3.68687e-07 3.45916e-07 3.24192e-07 3.03508e-07 2.8424e-07 2.66103e-07 2.48847e-07 2.32805e-07
9.71781e-06 9.25489e-06 8.81257e-06 8.38759e-06 7.97887e-06 7.60101e-06 7.23149e-06 6.87371e-06 6.54026e-06 6.22719e-06 5.91751e-06 5.63203e-06 5.35125e-06 5.07813e-06 4.83687e-06 4.5943e-06 4.36074e-06 4.14364e-06 3.9308e-06 3.73366e-06 3.54617e-06 3.36023e-06 3.18904e-06 3.02727e-06 2.86771e-06 2.71855e-06 2.57714e-06 2.44043e-06 2.31291e-06 2.19078e-06 2.0734e-06 1.96049e-06 1.8541e-06 1.75601e-06 1.66048e-06 1.56944e-06 1.48284e-06 1.40134e-06 1.32271e-06 1.24942e-06 1.1787e-06 1.11229e-06 1.04959e-06 9.89821e-07 9.33195e-07 8.78911e-07 8.28052e-07 7.79786e-07 7.34151e-07 6.9119e-07 6.50431e-07 6.11529e-07 5.75017e-07 5.4052e-07 5.0766e-07 4.76878e-07 4.47842e-07 4.20167e-07 3.93861e-07 3.69525e-07 3.46711e-07 3.25013e-07 3.046e-07 2.85173e-07 2.67052e-07 2.50001e-07 2.3379e-07 2.18698e-07
9.09603e-06 8.66505e-06 8.25265e-06 7.85067e-06 7.48266e-06 7.1203e-06 6.77133e-06 6.44801e-06 6.1402e-06 5.8355e-06 5.55431e-06 5.27952e-06 5.01591e-06 4.77643e-06 4.53951e-06 4.30745e-06 4.09621e-06 3.88996e-06 3.69322e-06 3.50795e-06 3.32535e-06 3.15946e-06 2.99847e-06 2.84216e-06 2.69322e-06 2.55513e-06 2.42288e-06 2.29318e-06 2.17418e-06 2.05897e-06 1.94588e-06 1.84283e-06 1.74545e-06 1.65053e-06 1.56044e-06 1.47535e-06 1.39359e-06 1.31668e-06 1.24433e-06 1.17451e-06 1.10801e-06 1.04633e-06 9.86662e-07 9.30467e-07 8.77036e-07 8.2622e-07 7.78206e-07 7.33299e-07 6.90308e-07 6.49711e-07 6.11406e-07 5.74816e-07 5.40471e-07 5.08093e-07 4.77195e-07 4.48241e-07 4.20944e-07 3.94497e-07 3.70196e-07 3.47686e-07 3.25837e-07 3.05449e-07 2.86256e-07 2.67991e-07 2.50952e-07 2.3491e-07 2.19683e-07 2.05495e-07
8.52146e-06 8.11962e-06 7.72609e-06 7.36489e-06 7.0139e-06 6.67617e-06 6.35506e-06 6.05437e-06 5.75548e-06 5.47742e-06 5.21427e-06 4.95529e-06 4.71724e-06 4.48341e-06 4.25832e-06 4.0515e-06 3.84694e-06 3.65435e-06 3.4696e-06 3.2936e-06 3.13029e-06 2.96998e-06 2.81601e-06 2.67008e-06 2.53332e-06 2.40289e-06 2.27562e-06 2.15763e-06 2.04325e-06 1.93277e-06 1.83105e-06 1.73426e-06 1.64105e-06 1.55153e-06 1.46731e-06 1.38691e-06 1.31035e-06 1.23866e-06 1.17e-06 1.10331e-06 1.04251e-06 9.83818e-07 9.27738e-07 8.74636e-07 8.24641e-07 7.76928e-07 7.31983e-07 6.89617e-07 6.49046e-07 6.10836e-07 5.74791e-07 5.40398e-07 5.08091e-07 4.77605e-07 4.48564e-07 4.21328e-07 3.95131e-07 3.71009e-07 3.4835e-07 3.26768e-07 3.0624e-07 2.87064e-07 2.6902e-07 2.51842e-07 2.3581e-07 2.2075e-07 2.06433e-07 1.93093e-07
7.98642e-06 7.61131e-06 7.24965e-06 6.91123e-06 6.58335e-06 6.26501e-06 5.96757e-06 5.67578e-06 5.40522e-06 5.14757e-06 4.89459e-06 4.66007e-06 4.42944e-06 4.20858e-06 4.00622e-06 3.80417e-06 3.6139e-06 3.43419e-06 3.26126e-06 3.09947e-06 2.94241e-06 2.78885e-06 2.64631e-06 2.51332e-06 2.38294e-06 2.2574e-06 2.14149e-06 2.02709e-06 1.92011e-06 1.81907e-06 1.72301e-06 1.63084e-06 1.54318e-06 1.4575e-06 1.37953e-06 1.30486e-06 1.23282e-06 1.16478e-06 1.09909e-06 1.03856e-06 9.80312e-07 9.24817e-07 8.72094e-07 8.22472e-07 7.75411e-07 7.30557e-07 6.88455e-07 6.48414e-07 6.10197e-07 5.74308e-07 5.4038e-07 5.07989e-07 4.77655e-07 4.48981e-07 4.21664e-07 3.95753e-07 3.71703e-07 3.48939e-07 3.27398e-07 3.07118e-07 2.87822e-07 2.69799e-07 2.52808e-07 2.36651e-07 2.21574e-07 2.07422e-07 1.9395e-07 1.81403e-07
