data/IdealizedTopo/Outputs_IdealizedTopo/release1HS_null_01IdealizedTopo_faSavageHutterFoamGamma_pft.asc
ncols 1001
nrows 301
xllcenter 1000
yllcenter -5000
cellsize 5
NODATA_value -9999
[rows 128 to 159 of 301, columns 426 to 496 of 1001]
1.0554e-05 1.07815e-05 1.09251e-05 1.09735e-05 1.09844e-05 1.10421e-05 1.10975e-05 1.11177e-05 1.11754e-05 1.13539e-05 1.13484e-05 1.15515e-05 1.16415e-05 1.19685e-05 1.2297e-05 1.40515e-05 1.2663e-05 1.02531e-05 1.01503e-05 1.00637e-05 1.00445e-05 1.00309e-05 1.00207e-05 1.00159e-05 1.00135e-05 1.00101e-05 1.00079e-05 1.00079e-05 1.00057e-05 1.00052e-05 1.00049e-05 1.00039e-05 1.00034e-05 1.00035e-05 1.00027e-05 1.00026e-05 1.00025e-05 1.00021e-05 1.00019e-05 1.0002e-05 1.00016e-05 1.00015e-05 1.00015e-05 1.00009e-05 1.00003e-05 1.00002e-05 1.00001e-05 1.00001e-05 1.00001e-05 1.00001e-05 1.00001e-05 1.00001e-05 1.00001e-05 1.00001e-05 1.00001e-05 1.00001e-05 1.00001e-05 1.00001e-05 1.00001e-05 1.00001e-05 1.00001e-05 1.00001e-05 1.00001e-05 1.00001e-05 1.00001e-05 1.00001e-05 1.00001e-05 1e-05 1e-05 1e-05 1e-05
1.05548e-05 1.07855e-05 1.09313e-05 1.10099e-05 1.09826e-05 1.10295e-05 1.11138e-05 1.11571e-05 1.11941e-05 1.13292e-05 1.13799e-05 1.14697e-05 1.18243e-05 1.19933e-05 1.24277e-05 1.42059e-05 1.19788e-05 1.01074e-05 1.01264e-05 1.00595e-05 1.00403e-05 1.00292e-05 1.00192e-05 1.0015e-05 1.0013e-05 1.00097e-05 1.00075e-05 1.00077e-05 1.00055e-05 1.00051e-05 1.00048e-05 1.00038e-05 1.00034e-05 1.00034e-05 1.00026e-05 1.00025e-05 1.00025e-05 1.00021e-05 1.00019e-05 1.0002e-05 1.00016e-05 1.00015e-05 1.00015e-05 1.00009e-05 1.00003e-05 1.00001e-05 1.00001e-05 1.00001e-05 1.00001e-05 1.00001e-05 1.00001e-05 1.00001e-05 1.00001e-05 1.00001e-05 1.00001e-05 1.00001e-05 1.00001e-05 1.00001e-05 1.00001e-05 1.00001e-05 1.00001e-05 1.00001e-05 1.00001e-05 1.00001e-05 1.00001e-05 1.00001e-05 1.00001e-05 1e-05 1e-05 1e-05 1e-05
1.05492e-05 1.0765e-05 1.09348e-05 1.10123e-05 1.10154e-05 1.10058e-05 1.11094e-05 1.11558e-05 1.12379e-05 1.12986e-05 1.14311e-05 1.14412e-05 1.18175e-05 1.21024e-05 1.26445e-05 1.40911e-05 1.14768e-05 1.02771e-05 1.01095e-05 1.00543e-05 1.00388e-05 1.00273e-05 1.00173e-05 1.00152e-05 1.00124e-05 1.00095e-05 1.00073e-05 1.00075e-05 1.00054e-05 1.00049e-05 1.00046e-05 1.00037e-05 1.00032e-05 1.00036e-05 1.00026e-05 1.00025e-05 1.00025e-05 1.00021e-05 1.00019e-05 1.00019e-05 1.00016e-05 1.00015e-05 1.00015e-05 1.00009e-05 1.00003e-05 1.00001e-05 1.00001e-05 1.00001e-05 1.00001e-05 1.00001e-05 1.00001e-05 1.00001e-05 1.00001e-05 1.00001e-05 1.00001e-05 1.00001e-05 1.00001e-05 1.00001e-05 1.00001e-05 1.00001e-05 1.00001e-05 1.00001e-05 1.00001e-05 1.00001e-05 1.00001e-05 1e-05 1e-05 1e-05 1e-05 1e-05 1e-05
1.05392e-05 1.07831e-05 1.09473e-05 1.09968e-05 1.09956e-05 1.10249e-05 1.11201e-05 1.11713e-05 1.12113e-05 1.12914e-05 1.14464e-05 1.15238e-05 1.18507e-05 1.2076e-05 1.28133e-05 1.40092e-05 1.10242e-05 1.02338e-05 1.00946e-05 1.00479e-05 1.00359e-05 1.00265e-05 1.0017e-05 1.00149e-05 1.0012e-05 1.00089e-05 1.00074e-05 1.00072e-05 1.00052e-05 1.00048e-05 1.00046e-05 1.00036e-05 1.00033e-05 1.00035e-05 1.00026e-05 1.00025e-05 1.00024e-05 1.0002e-05 1.00018e-05 1.00019e-05 1.00016e-05 1.00015e-05 1.00014e-05 1.00009e-05 1.00003e-05 1.00001e-05 1.00001e-05 1.00001e-05 1.00001e-05 1.00001e-05 1.00001e-05 1.00001e-05 1.00001e-05 1.00001e-05 1.00001e-05 1.00001e-05 1.00001e-05 1.00001e-05 1.00001e-05 1.00001e-05 1.00001e-05 1.00001e-05 1.00001e-05 1.00001e-05 1e-05 1e-05 1e-05 1e-05 1e-05 1e-05 1e-05
1.05204e-05 1.07928e-05 1.09293e-05 1.0995e-05 1.09905e-05 1.104e-05 1.11109e-05 1.11581e-05 1.1217e-05 1.1294e-05 1.14584e-05 1.15308e-05 1.18792e-05 1.21142e-05 1.34459e-05 1.37363e-05 1.0677e-05 1.01987e-05 1.00971e-05 1.0041e-05 1.00339e-05 1.00247e-05 1.00166e-05 1.00136e-05 1.00117e-05 1.00087e-05 1.0007e-05 1.00072e-05 1.00052e-05 1.00047e-05 1.00045e-05 1.00036e-05 1.00032e-05 1.00032e-05 1.00026e-05 1.00024e-05 1.00024e-05 1.0002e-05 1.00018e-05 1.00019e-05 1.00016e-05 1.00014e-05 1.00014e-05 1.00009e-05 1.00003e-05 1.00001e-05 1.00001e-05 1.00001e-05 1.00001e-05 1.00001e-05 1.00001e-05 1.00001e-05 1.00001e-05 1.00001e-05 1.00001e-05 1.00001e-05 1.00001e-05 1.00001e-05 1.00001e-05 1.00001e-05 1.00001e-05 1.00001e-05 1.00001e-05 1.00001e-05 1e-05 1e-05 1e-05 1e-05 1e-05 1e-05 1e-05
1.05201e-05 1.08317e-05 1.08998e-05 1.09638e-05 1.10453e-05 1.10899e-05 1.113e-05 1.11599e-05 1.12379e-05 1.12906e-05 1.14695e-05 1.15518e-05 1.19915e-05 1.21668e-05 1.35106e-05 1.33903e-05 1.0406e-05 1.01786e-05 1.00874e-05 1.00376e-05 1.00324e-05 1.00245e-05 1.00159e-05 1.00133e-05 1.00112e-05 1.00083e-05 1.00072e-05 1.00071e-05 1.0005e-05 1.00046e-05 1.00045e-05 1.00034e-05 1.00032e-05 1.00032e-05 1.00026e-05 1.00024e-05 1.00024e-05 1.0002e-05 1.00018e-05 1.00018e-05 1.00016e-05 1.00014e-05 1.00014e-05 1.00009e-05 1.00003e-05 1.00001e-05 1.00001e-05 1.00001e-05 1.00001e-05 1.00001e-05 1.00001e-05 1.00001e-05 1.00001e-05 1.00001e-05 1.00001e-05 1.00001e-05 1.00001e-05 1.00001e-05 1.00001e-05 1.00001e-05 1.00001e-05 1.00001e-05 1e-05 1e-05 1e-05 1e-05 1e-05 1e-05 1e-05 1e-05 1e-05
1.05237e-05 1.07778e-05 1.09054e-05 1.09621e-05 1.10082e-05 1.10644e-05 1.11444e-05 1.11501e-05 1.12133e-05 1.13074e-05 1.14795e-05 1.16166e-05 1.20543e-05 1.22457e-05 1.35374e-05 1.3077e-05 1.03305e-05 1.01524e-05 1.0085e-05 1.00352e-05 1.00314e-05 1.00235e-05 1.00148e-05 1.00124e-05 1.00112e-05 1.00082e-05 1.00071e-05 1.00067e-05 1.00051e-05 1.00045e-05 1.00044e-05 1.00033e-05 1.00033e-05 1.00032e-05 1.00026e-05 1.00023e-05 1.00023e-05 1.0002e-05 1.00018e-05 1.00018e-05 1.00015e-05 1.00014e-05 1.00014e-05 1.00009e-05 1.00003e-05 1.00001e-05 1.00001e-05 1.00001e-05 1.00001e-05 1.00001e-05 1.00001e-05 1.00001e-05 1.00001e-05 1.00001e-05 1.00001e-05 1.00001e-05 1.00001e-05 1.00001e-05 1.00001e-05 1.00001e-05 1.00001e-05 1.00001e-05 1e-05 1e-05 1e-05 1e-05 1e-05 1e-05 1e-05 1e-05 1e-05
1.05298e-05 1.07638e-05 1.09348e-05 1.09675e-05 1.09812e-05 1.10433e-05 1.11362e-05 1.11619e-05 1.12348e-05 1.13417e-05 1.14511e-05 1.15679e-05 1.21419e-05 1.2282e-05 1.36785e-05 1.27409e-05 1.00992e-05 1.01343e-05 1.00815e-05 1.00336e-05 1.00301e-05 1.00227e-05 1.0014e-05 1.00124e-05 1.00111e-05 1.00079e-05 1.0007e-05 1.00065e-05 1.00051e-05 1.00043e-05 1.00044e-05 1.00034e-05 1.00032e-05 1.00031e-05 1.00025e-05 1.00023e-05 1.00023e-05 1.0002e-05 1.00017e-05 1.00018e-05 1.00015e-05 1.00014e-05 1.00014e-05 1.00009e-05 1.00003e-05 1.00001e-05 1.00001e-05 1.00001e-05 1.00001e-05 1.00001e-05 1.00001e-05 1.00001e-05 1.00001e-05 1.00001e-05 1.00001e-05 1.00001e-05 1.00001e-05 1.00001e-05 1.00001e-05 1.00001e-05 1.00001e-05 1e-05 1e-05 1e-05 1e-05 1e-05 1e-05 1e-05 1e-05 1e-05 1e-05
9.68458e-06 1.07608e-05 1.10018e-05 1.08963e-05 1.11038e-05 1.10445e-05 1.12001e-05 1.1406e-05 1.12413e-05 1.05549e-05 1.15417e-05 1.16396e-05 1.21561e-05 1.23725e-05 1.38246e-05 1.22876e-05 1.00755e-05 1.01232e-05 1.0078e-05 1.00316e-05 1.00291e-05 1.00225e-05 1.00145e-05 1.00122e-05 1.00107e-05 1.00076e-05 1.00074e-05 1.00064e-05 1.0005e-05 1.00043e-05 1.00043e-05 1.00034e-05 1.00031e-05 1.0003e-05 1.00025e-05 1.00023e-05 1.00023e-05 1.00019e-05 1.00017e-05 1.00018e-05 1.00015e-05 1.00014e-05 1.00014e-05 1.00008e-05 1.00003e-05 1.00001e-05 1.00001e-05 1.00001e-05 1.00001e-05 1.00001e-05 1.00001e-05 1.00001e-05 1.00001e-05 1.00001e-05 1.00001e-05 1.00001e-05 1.00001e-05 1.00001e-05 1.00001e-05 1.00001e-05 1e-05 1e-05 1e-05 1e-05 1e-05 1e-05 1e-05 1e-05 1e-05 1e-05 1e-05
7.30247e-06 1.10561e-05 1.08325e-05 1.30813e-05 1.10247e-05 1.24992e-05 1.2186e-05 -2.06812e-05 1.37097e-05 7.33641e-06 1.17299e-05 1.19392e-05 1.25651e-05 1.27742e-05 1.53088e-05 1.31618e-05 1.11006e-05 1.29351e-05 1.96277e-05 1.28504e-05 2.3138e-05 1.38607e-05 1.1843e-05 1.12811e-05 1.01994e-05 1.00972e-05 1.01276e-05 1.00547e-05 1.00098e-05 1.00051e-05 1.00034e-05 9.9979e-06 1.00027e-05 1.00029e-05 1.00025e-05 1.00022e-05 1.00023e-05 1.00019e-05 1.00017e-05 1.00018e-05 1.00015e-05 1.00014e-05 1.00014e-05 1.00008e-05 1.00002e-05 1.00001e-05 1.00001e-05 1.00001e-05 1.00001e-05 1.00001e-05 1.00001e-05 1.00001e-05 1.00001e-05 1.00001e-05 1.00001e-05 1.00001e-05 1.00001e-05 1.00001e-05 1.00001e-05 1e-05 1e-05 1e-05 1e-05 1e-05 1e-05 1e-05 1e-05 1e-05 1e-05 1e-05 1e-05
-5.0328e-05 3.32866e-05 5.54453e-05 5.56864e-05 4.5718e-05 -0.000276861 3.8374e-05 6.37449e-05 8.80628e-05 -0.000164462 4.19925e-05 -0.00199667 0.00010111 0.000295019 0.00064856 0.000502846 0.000326391 0.000598032 0.000688935 -0.00624835 0.00132048 0.000722521 0.00132828 0.000730425 0.000138319 7.34061e-05 0.000168673 8.69034e-05 2.52327e-05 1.21589e-05 8.81624e-06 8.47801e-06 9.59522e-06 9.99959e-06 1.00029e-05 1.00022e-05 1.00023e-05 1.00019e-05 1.00017e-05 1.00018e-05 1.00015e-05 1.00014e-05 1.00014e-05 1.00008e-05 1.00002e-05 1.00001e-05 1.00001e-05 1.00001e-05 1.00001e-05 1.00001e-05 1.00001e-05 1.00001e-05 1.00001e-05 1.00001e-05 1.00001e-05 1.00001e-05 1.00001e-05 1.00001e-05 1e-05 1e-05 1e-05 1e-05 1e-05 1e-05 1e-05 1e-05 1e-05 1e-05 1e-05 1e-05 1e-05
-0.00183999 0.00045578 0.000268278 0.000543235 0.000251327 -0.00484194 0.00113652 -0.00179619 0.000836709 -0.000951002 0.00288038 -0.0104402 0.00536718 0.00596182 0.0238526 0.0270944 -0.00276647 0.033491 0.0256396 0.0151536 0.0342169 0.0315658 0.0365885 0.0412097 0.023141 0.0146248 0.0185231 0.013464 0.00574009 0.00125199 0.000186499 8.41267e-05 9.44709e-05 5.95744e-06 1.03133e-05 1.00128e-05 1.00024e-05 1.00019e-05 1.00017e-05 1.00018e-05 1.00015e-05 1.00014e-05 1.00014e-05 1.00008e-05 1.00002e-05 1.00001e-05 1.00001e-05 1.00001e-05 1.00001e-05 1.00001e-05 1.00001e-05 1.00001e-05 1.00001e-05 1.00001e-05 1.00001e-05 1.00001e-05 1.00001e-05 1.00001e-05 1e-05 1e-05 1e-05 1e-05 1e-05 1e-05 1e-05 1e-05 1e-05 1e-05 1e-05 1e-05 1e-05
0.00701736 0.0100206 0.0137341 0.0125673 0.0153264 0.018129 0.0216203 0.0273405 0.028419 0.0388875 0.051459 0.0442146 0.0754134 0.084838 0.113493 0.175611 0.238819 0.327169 0.410242 0.453235 0.459612 0.459359 0.430894 0.456836 0.388829 0.317978 0.27589 0.262366 0.17859 0.103913 0.052081 0.0272996 0.0167461 0.00287624 0.000285982 2.25386e-05 1.04484e-05 1.00027e-05 1.00017e-05 1.00018e-05 1.00015e-05 1.00014e-05 1.00014e-05 1.00008e-05 1.00002e-05 1.00001e-05 1.00001e-05 1.00001e-05 1.00001e-05 1.00001e-05 1.00001e-05 1.00001e-05 1.00001e-05 1.00001e-05 1.00001e-05 1.00001e-05 1.00001e-05 1e-05 1e-05 1e-05 1e-05 1e-05 1e-05 1e-05 1e-05 1e-05 1e-05 1e-05 1e-05 1e-05 1e-05
0.102015 0.107984 0.122514 0.111298 0.133003 0.154761 0.167228 0.191959 0.208261 0.232826 0.264855 0.275031 0.304816 0.346363 0.369604 0.493546 0.717129 0.892185 1.09728 1.21317 1.22224 1.36424 1.38859 1.70605 1.52663 1.47356 1.40211 1.36744 1.09939 0.89507 0.690044 0.503691 0.325139 0.152346 0.0422135 0.00621848 0.000185191 8.8574e-06 1.00017e-05 1.00017e-05 1.00015e-05 1.00014e-05 1.00014e-05 1.00008e-05 1.00002e-05 1.00001e-05 1.00001e-05 1.00001e-05 1.00001e-05 1.00001e-05 1.00001e-05 1.00001e-05 1.00001e-05 1.00001e-05 1.00001e-05 1.00001e-05 1e-05 1e-05 1e-05 1e-05 1e-05 1e-05 1e-05 1e-05 1e-05 1e-05 1e-05 1e-05 1e-05 1e-05 1e-05
0.346464 0.371082 0.393355 0.43664 0.434419 0.437472 0.469845 0.481971 0.520681 0.530154 0.5513 0.590426 0.619028 0.707866 1.22595 1.71987 1.92577 2.17182 2.39195 2.28768 2.0127 1.89869 2.12885 2.53741 2.3979 2.51666 2.56261 2.75356 2.50416 2.31259 2.04833 1.78562 1.49372 1.05643 0.603714 0.216264 0.0333196 0.00138328 -1.44898e-05 9.85572e-06 1.00014e-05 1.00013e-05 1.00013e-05 1.00008e-05 1.00002e-05 1.00001e-05 1.00001e-05 1.00001e-05 1.00001e-05 1.00001e-05 1.00001e-05 1.00001e-05 1.00001e-05 1.00001e-05 1.00001e-05 1.00001e-05 1e-05 1e-05 1e-05 1e-05 1e-05 1e-05 1e-05 1e-05 1e-05 1e-05 1e-05 1e-05 1e-05 1e-05 1e-05
0.628747 0.630187 0.646432 0.66394 0.674507 0.706657 0.710162 0.747529 0.761414 0.7864 0.809679 0.793239 1.31769 2.16777 2.6972 3.0544 3.32269 3.63049 3.6588 3.31443 3.007 2.85502 3.19797 3.38842 3.30305 3.59315 3.85625 3.88331 3.68645 3.52665 3.27091 2.96804 2.6733 2.26694 1.74856 1.14812 0.489939 0.0805756 0.00220513 -3.39865e-05 9.85816e-06 1.00013e-05 1.00013e-05 1.00008e-05 1.00002e-05 1.00001e-05 1.00001e-05 1.00001e-05 1.00001e-05 1.00001e-05 1.00001e-05 1.00001e-05 1.00001e-05 1.00001e-05 1.00001e-05 1e-05 1e-05 1e-05 1e-05 1e-05 1e-05 1e-05 1e-05 1e-05 1e-05 1e-05 1e-05 1e-05 1e-05 1e-05 1e-05
0.872507 0.89463 0.907436 0.9294 0.937885 0.94091 0.967978 0.979337 1.004 1.03386 1.14423 1.95658 2.80954 3.67764 4.01417 4.47661 4.58 4.66207 4.46202 4.16196 3.97269 4.23751 4.49017 4.64764 4.50469 4.5939 5.01434 4.9175 4.88443 4.75381 4.40984 4.06061 3.68141 3.23014 2.67906 2.08903 1.40659 0.615264 0.0817357 0.000855293 -1.29729e-05 9.98466e-06 1.00013e-05 1.00008e-05 1.00002e-05 1.00001e-05 1.00001e-05 1.00001e-05 1.00001e-05 1.00001e-05 1.00001e-05 1.00001e-05 1.00001e-05 1.00001e-05 1.00001e-05 1e-05 1e-05 1e-05 1e-05 1e-05 1e-05 1e-05 1e-05 1e-05 1e-05 1e-05 1e-05 1e-05 1e-05 1e-05 1e-05
1.17562 1.19348 1.18282 1.17406 1.19146 1.18531 1.21398 1.20301 1.22512 1.29036 3.04282 3.17556 4.42852 5.20706 5.29294 5.46274 5.54009 5.30068 5.2823 5.17769 5.70372 5.77411 5.97355 6.0295 6.03802 5.98025 6.30735 6.22542 6.10775 6.14682 5.87279 5.29652 4.67958 4.10467 3.52023 2.91256 2.19655 1.38594 0.498918 0.0344889 -0.000155151 7.49682e-06 1.00005e-05 1.00008e-05 1.00002e-05 1.00001e-05 1.00001e-05 1.00001e-05 1.00001e-05 1.00001e-05 1.00001e-05 1.00001e-05 1.00001e-05 1.00001e-05 1e-05 1e-05 1e-05 1e-05 1e-05 1e-05 1e-05 1e-05 1e-05 1e-05 1e-05 1e-05 1e-05 1e-05 1e-05 1e-05 1e-05
1.45473 1.46775 1.46998 1.45259 1.46642 1.45908 1.47054 1.45531 1.46943 1.51635 4.15622 5.30218 6.23616 6.36558 6.45741 6.57829 6.60301 6.26248 6.39383 6.41728 6.85299 7.5753 7.32304 7.50212 7.2547 7.6109 7.72796 7.45729 7.56056 7.32582 7.32296 6.59271 5.73712 5.01739 4.32762 3.62324 2.91511 2.03813 1.12323 0.238351 0.0055778 -4.82447e-05 9.95465e-06 1.00008e-05 1.00002e-05 1.00001e-05 1.00001e-05 1.00001e-05 1.00001e-05 1.00001e-05 1.00001e-05 1.00001e-05 1.00001e-05 1.00001e-05 1e-05 1e-05 1e-05 1e-05 1e-05 1e-05 1e-05 1e-05 1e-05 1e-05 1e-05 1e-05 1e-05 1e-05 1e-05 1e-05 1e-05
1.68202 1.70051 1.67703 1.67568 1.67297 1.66746 1.65935 1.66053 1.64831 1.70474 4.7763 7.34255 7.98424 7.22949 7.48892 7.3426 8.10749 7.31226 7.29972 7.87695 7.6348 8.54185 8.38983 8.46893 8.84729 8.88641 9.11063 8.70288 8.8561 8.64974 8.39259 7.98816 6.69911 5.80504 4.97809 4.25757 3.45324 2.60583 1.63935 0.610752 0.0399454 -9.3422e-05 8.77338e-06 9.99994e-06 1.00002e-05 1.00001e-05 1.00001e-05 1.00001e-05 1.00001e-05 1.00001e-05 1.00001e-05 1.00001e-05 1.00001e-05 1.00001e-05 1e-05 1e-05 1e-05 1e-05 1e-05 1e-05 1e-05 1e-05 1e-05 1e-05 1e-05 1e-05 1e-05 1e-05 1e-05 1e-05 1e-05
1.8494 1.84622 1.82699 1.82518 1.80863 1.80348 1.79839 1.79632 1.78164 1.8439 5.2105 8.36883 8.78871 8.00199 8.44382 7.96078 9.01372 7.92565 7.68703 8.83171 8.33598 9.07979 9.2896 8.91771 9.58881 9.75417 10.1362 9.50008 9.62909 9.54081 9.09912 8.98288 7.36025 6.47471 5.44514 4.70165 3.83342 3.00841 2.02106 0.971637 0.11815 0.000844009 1.65143e-06 9.99529e-06 1.00002e-05 1.00001e-05 1.00001e-05 1.00001e-05 1.00001e-05 1.00001e-05 1.00001e-05 1.00001e-05 1.00001e-05 1e-05 1e-05 1e-05 1e-05 1e-05 1e-05 1e-05 1e-05 1e-05 1e-05 1e-05 1e-05 1e-05 1e-05 1e-05 1e-05 1e-05 1e-05
1.93474 1.9378 1.91717 1.90555 1.89883 1.89459 1.88575 1.8723 1.8674 1.92303 5.19274 9.01863 9.4426 8.87199 9.08495 8.48044 9.35519 8.17578 8.06909 9.37554 8.72209 9.5079 9.89093 9.1798 9.93518 10.1681 10.7303 9.89806 9.96247 10.0167 9.55867 9.55123 7.80606 6.96815 5.80769 4.90875 4.09186 3.21859 2.26249 1.19788 0.202777 0.00316907 -1.04346e-05 9.98255e-06 1.00002e-05 1.00001e-05 1.00001e-05 1.00001e-05 1.00001e-05 1.00001e-05 1.00001e-05 1.00001e-05 1.00001e-05 1e-05 1e-05 1e-05 1e-05 1e-05 1e-05 1e-05 1e-05 1e-05 1e-05 1e-05 1e-05 1e-05 1e-05 1e-05 1e-05 1e-05 1e-05
1.94096 1.95912 1.95774 1.92581 1.92897 1.89797 1.91211 1.87878 1.88805 1.93454 5.14809 8.97826 9.2618 9.33751 9.33839 8.72993 9.4049 8.321 8.29978 9.58272 8.84383 9.48022 10.1366 9.33428 9.98505 10.1378 10.9152 9.97632 10.0072 10.1603 9.70475 9.75788 7.93486 7.11175 5.9352 4.97978 4.18605 3.2891 2.34659 1.27405 0.239097 0.0045446 -1.64242e-05 9.97378e-06 1.00002e-05 1.00001e-05 1.00001e-05 1.00001e-05 1.00001e-05 1.00001e-05 1.00001e-05 1.00001e-05 1.00001e-05 1e-05 1e-05 1e-05 1e-05 1e-05 1e-05 1e-05 1e-05 1e-05 1e-05 1e-05 1e-05 1e-05 1e-05 1e-05 1e-05 1e-05 1e-05
1.93478 1.93239 1.91829 1.90458 1.89776 1.88594 1.88555 1.87346 1.86491 1.91562 5.2047 9.02192 9.51379 8.86573 9.08672 8.48684 9.356 8.17914 8.06976 9.37479 8.72234 9.51126 9.89152 9.17844 9.93867 10.1682 10.7303 9.89752 9.96239 10.0163 9.55842 9.5489 7.80448 6.968 5.80586 4.90628 4.09152 3.21894 2.26246 1.19742 0.202484 0.00315833 -1.03806e-05 9.9826e-06 1.00002e-05 1.00001e-05 1.00001e-05 1.00001e-05 1.00001e-05 1.00001e-05 1.00001e-05 1.00001e-05 1.00001e-05 1e-05 1e-05 1e-05 1e-05 1e-05 1e-05 1e-05 1e-05 1e-05 1e-05 1e-05 1e-05 1e-05 1e-05 1e-05 1e-05 1e-05 1e-05
1.84879 1.84244 1.82494 1.82106 1.80659 1.80635 1.79481 1.79483 1.78069 1.84755 5.22048 8.36264 8.84974 7.9999 8.44479 7.97069 9.01483 7.92847 7.68874 8.83153 8.33533 9.08253 9.28765 8.9206 9.58863 9.75212 10.1324 9.49974 9.62899 9.53654 9.09813 8.97251 7.35475 6.47204 5.44037 4.69697 3.83015 3.00654 2.01975 0.970936 0.117855 0.00083608 1.80062e-06 9.99537e-06 1.00002e-05 1.00001e-05 1.00001e-05 1.00001e-05 1.00001e-05 1.00001e-05 1.00001e-05 1.00001e-05 1.00001e-05 1e-05 1e-05 1e-05 1e-05 1e-05 1e-05 1e-05 1e-05 1e-05 1e-05 1e-05 1e-05 1e-05 1e-05 1e-05 1e-05 1e-05 1e-05
1.68078 1.70009 1.67491 1.67334 1.66837 1.66412 1.6554 1.65806 1.64371 1.70376 4.7698 7.33712 7.99127 7.2498 7.48811 7.35809 8.1084 7.31119 7.30245 7.87589 7.63587 8.54543 8.38424 8.46522 8.84223 8.88566 9.10813 8.69954 8.85306 8.64342 8.38869 7.97192 6.68856 5.79632 4.96888 4.25053 3.44995 2.60242 1.63739 0.610175 0.0398705 -9.36242e-05 8.77765e-06 9.99994e-06 1.00002e-05 1.00001e-05 1.00001e-05 1.00001e-05 1.00001e-05 1.00001e-05 1.00001e-05 1.00001e-05 1.00001e-05 1.00001e-05 1e-05 1e-05 1e-05 1e-05 1e-05 1e-05 1e-05 1e-05 1e-05 1e-05 1e-05 1e-05 1e-05 1e-05 1e-05 1e-05 1e-05
1.44913 1.46271 1.46886 1.45409 1.46244 1.45507 1.46709 1.45154 1.46584 1.50851 4.14375 5.31768 6.23087 6.3671 6.46397 6.58779 6.58185 6.27546 6.39813 6.41982 6.85404 7.57776 7.32202 7.50663 7.25557 7.6107 7.72979 7.45739 7.55791 7.32923 7.3155 6.58249 5.72616 5.00588 4.31497 3.61651 2.90973 2.03378 1.12139 0.237946 0.00555716 -4.80897e-05 9.95487e-06 1.00008e-05 1.00002e-05 1.00001e-05 1.00001e-05 1.00001e-05 1.00001e-05 1.00001e-05 1.00001e-05 1.00001e-05 1.00001e-05 1.00001e-05 1e-05 1e-05 1e-05 1e-05 1e-05 1e-05 1e-05 1e-05 1e-05 1e-05 1e-05 1e-05 1e-05 1e-05 1e-05 1e-05 1e-05
1.1746 1.19035 1.17541 1.16671 1.18659 1.18342 1.21071 1.19901 1.22073 1.28764 3.03767 3.17194 4.42064 5.20757 5.29108 5.46416 5.54928 5.30705 5.28801 5.17785 5.70773 5.77138 5.97456 6.02625 6.03618 5.97757 6.31208 6.23646 6.11961 6.15449 5.87517 5.29346 4.67114 4.0923 3.5117 2.90678 2.1904 1.38279 0.498094 0.0344131 -0.000156158 7.51363e-06 1.00005e-05 1.00008e-05 1.00002e-05 1.00001e-05 1.00001e-05 1.00001e-05 1.00001e-05 1.00001e-05 1.00001e-05 1.00001e-05 1.00001e-05 1.00001e-05 1e-05 1e-05 1e-05 1e-05 1e-05 1e-05 1e-05 1e-05 1e-05 1e-05 1e-05 1e-05 1e-05 1e-05 1e-05 1e-05 1e-05
0.875661 0.8958 0.908974 0.932133 0.936295 0.946691 0.965448 0.978444 1.00268 1.03162 1.14462 1.96338 2.80097 3.67306 4.01351 4.47387 4.57793 4.66945 4.4692 4.16713 3.97345 4.24089 4.488 4.64794 4.49474 4.57432 5.01133 4.92796 4.88824 4.75414 4.41734 4.06344 3.67502 3.2259 2.67486 2.08518 1.40382 0.613808 0.0815951 0.000847382 -1.28679e-05 9.98473e-06 1.00013e-05 1.00008e-05 1.00002e-05 1.00001e-05 1.00001e-05 1.00001e-05 1.00001e-05 1.00001e-05 1.00001e-05 1.00001e-05 1.00001e-05 1.00001e-05 1.00001e-05 1e-05 1e-05 1e-05 1e-05 1e-05 1e-05 1e-05 1e-05 1e-05 1e-05 1e-05 1e-05 1e-05 1e-05 1e-05 1e-05
0.629285 0.635294 0.647425 0.662301 0.675554 0.70551 0.707956 0.738728 0.749457 0.78041 0.806331 0.791441 1.32075 2.16318 2.69454 3.05608 3.31887 3.6332 3.66187 3.32038 3.01204 2.85438 3.20264 3.39514 3.31467 3.58445 3.8497 3.88517 3.67998 3.52083 3.26967 2.96769 2.67511 2.26768 1.7482 1.14818 0.490306 0.0805773 0.00218827 -3.37956e-05 9.85835e-06 1.00013e-05 1.00013e-05 1.00008e-05 1.00002e-05 1.00001e-05 1.00001e-05 1.00001e-05 1.00001e-05 1.00001e-05 1.00001e-05 1.00001e-05 1.00001e-05 1.00001e-05 1.00001e-05 1e-05 1e-05 1e-05 1e-05 1e-05 1e-05 1e-05 1e-05 1e-05 1e-05 1e-05 1e-05 1e-05 1e-05 1e-05 1e-05
0.346371 0.371171 0.394137 0.434216 0.434548 0.436478 0.468778 0.482157 0.517734 0.528168 0.551496 0.59053 0.620475 0.70933 1.22406 1.71372 1.92165 2.17144 2.39571 2.28757 2.01918 1.89206 2.11859 2.53718 2.40124 2.51365 2.57238 2.76023 2.50225 2.30744 2.04805 1.78762 1.49918 1.06342 0.607927 0.218233 0.0336109 0.00138361 -1.45775e-05 9.8568e-06 1.00014e-05 1.00013e-05 1.00013e-05 1.00008e-05 1.00002e-05 1.00001e-05 1.00001e-05 1.00001e-05 1.00001e-05 1.00001e-05 1.00001e-05 1.00001e-05 1.00001e-05 1.00001e-05 1.00001e-05 1e-05 1e-05 1e-05 1e-05 1e-05 1e-05 1e-05 1e-05 1e-05 1e-05 1e-05 1e-05 1e-05 1e-05 1e-05 1e-05
0.102453 0.109559 0.123477 0.115085 0.134158 0.156025 0.169767 0.192938 0.209497 0.232771 0.264068 0.2732 0.304519 0.349652 0.371787 0.496528 0.710106 0.892623 1.09552 1.21496 1.22555 1.36812 1.38864 1.7003 1.52428 1.46945 1.39611 1.38674 1.10727 0.8971 0.691181 0.505811 0.327164 0.153995 0.0429881 0.00633353 0.000192395 8.80153e-06 1.00014e-05 1.00017e-05 1.00015e-05 1.00014e-05 1.00013e-05 1.00008e-05 1.00002e-05 1.00001e-05 1.00001e-05 1.00001e-05 1.00001e-05 1.00001e-05 1.00001e-05 1.00001e-05 1.00001e-05 1.00001e-05 1.00001e-05 1.00001e-05 1e-05 1e-05 1e-05 1e-05 1e-05 1e-05 1e-05 1e-05 1e-05 1e-05 1e-05 1e-05 1e-05 1e-05 1e-05
