data/IdealizedTopo/Outputs_IdealizedTopo/release1HS_null_01IdealizedTopo_faSavageHutterFoamGamma_pft.asc
ncols 1001
nrows 301
xllcenter 1000
yllcenter -5000
cellsize 5
NODATA_value -9999
[rows 96 to 127 of 301, columns 355 to 425 of 1001]
-9999 -9999 -9999 -9999 -9999 -9999 -9999 -9999 -9999 -9999 -9999 -9999 -9999 -9999 -9999 -9999 -9999 -9999 -9999 -9999 -9999 -9999 -9999 -9999 -9999 -9999 -9999 -9999 -9999 -9999 -9999 -9999 -9999 -9999 -9999 -9999 -9999 -9999 -9999 -9999 -9999 -9999 -9999 -9999 -9999 -9999 -9999 -9999 -9999 -9999 -9999 -9999 -9999 -9999 -9999 -9999 -9999 -9999 -9999 -9999 -9999 -9999 -9999 -9999 -9999 -9999 -9999 -9999 -9999 -9999 -9999
-9999 -9999 -9999 -9999 -9999 -9999 -9999 -9999 -9999 -9999 -9999 -9999 -9999 -9999 -9999 -9999 -9999 -9999 -9999 -9999 -9999 -9999 -9999 -9999 -9999 -9999 -9999 -9999 -9999 -9999 -9999 -9999 -9999 -9999 -9999 -9999 -9999 -9999 -9999 -9999 -9999 -9999 -9999 -9999 -9999 -9999 -9999 -9999 -9999 -9999 -9999 -9999 -9999 -9999 -9999 -9999 -9999 -9999 -9999 -9999 -9999 -9999 -9999 -9999 -9999 -9999 -9999 -9999 -9999 -9999 -9999
-9999 -9999 -9999 -9999 -9999 -9999 -9999 -9999 -9999 -9999 -9999 -9999 -9999 -9999 -9999 -9999 -9999 -9999 -9999 -9999 -9999 -9999 -9999 -9999 -9999 -9999 -9999 -9999 -9999 -9999 -9999 -9999 -9999 -9999 -9999 -9999 -9999 -9999 -9999 -9999 -9999 -9999 -9999 -9999 -9999 -9999 -9999 -9999 -9999 -9999 -9999 -9999 -9999 -9999 -9999 -9999 -9999 -9999 -9999 -9999 -9999 -9999 -9999 -9999 -9999 -9999 -9999 -9999 -9999 -9999 -9999
-9999 -9999 -9999 -9999 -9999 -9999 -9999 -9999 -9999 -9999 -9999 -9999 -9999 -9999 -9999 -9999 -9999 -9999 -9999 -9999 -9999 -9999 -9999 -9999 -9999 -9999 -9999 -9999 -9999 -9999 -9999 -9999 -9999 -9999 -9999 -9999 -9999 -9999 -9999 -9999 -9999 -9999 -9999 -9999 -9999 -9999 -9999 -9999 -9999 -9999 -9999 -9999 -9999 -9999 -9999 -9999 -9999 -9999 -9999 -9999 -9999 -9999 -9999 -9999 -9999 -9999 -9999 -9999 -9999 -9999 -9999
1.00022e-05 1e-05 9.99907e-06 9.99998e-06 1e-05 9.99962e-06 1.00023e-05 9.99926e-06 1e-05 1e-05 9.99855e-06 9.99935e-06 1.00447e-05 9.99999e-06 9.99931e-06 1e-05 1.00007e-05 9.9986e-06 1.00275e-05 9.99923e-06 9.99996e-06 1.0036e-05 1.00032e-05 1.00003e-05 1.00052e-05 1.00023e-05 1e-05 9.99772e-06 9.99983e-06 9.99953e-06 1e-05 1.00019e-05 9.99934e-06 1.00003e-05 1.00117e-05 9.99848e-06 1.00003e-05 1.00389e-05 9.99999e-06 1.00316e-05 1.00223e-05 9.99793e-06 1e-05 9.9993e-06 1.00117e-05 9.99961e-06 1.00142e-05 1.00033e-05 1.00415e-05 1.00257e-05 1.00134e-05 1.00039e-05 1.00306e-05 1.00045e-05 1.00218e-05 1.00382e-05 1.00174e-05 1.00223e-05 1.00015e-05 1.00094e-05 1.00437e-05 1.00077e-05 1.00429e-05 1.00375e-05 9.99665e-06 1.00227e-05 1.00294e-05 1.00085e-05 1.0017e-05 1.00657e-05 1.01022e-05
9.9999e-06 9.99999e-06 1e-05 1e-05 9.99999e-06 9.99998e-06 1e-05 1.00001e-05 1e-05 1e-05 1.00008e-05 9.99938e-06 9.99318e-06 1e-05 1e-05 1e-05 9.99989e-06 9.99988e-06 1e-05 1.00006e-05 9.99957e-06 9.9974e-06 9.99462e-06 1e-05 1e-05 1e-05 1e-05 9.99981e-06 1.00074e-05 9.99887e-06 1e-05 1e-05 1e-05 1.00089e-05 9.9934e-06 9.99789e-06 9.99999e-06 9.99999e-06 1e-05 9.99989e-06 9.99901e-06 1.00195e-05 1e-05 1.00094e-05 9.99867e-06 1.00001e-05 1e-05 1e-05 9.99992e-06 9.99893e-06 1.0017e-05 9.99854e-06 1.00229e-05 1.00095e-05 1.00026e-05 1.00019e-05 1.00031e-05 1.00055e-05 1.00116e-05 1.00218e-05 1.00041e-05 1.00501e-05 1.0013e-05 1.00038e-05 1.00172e-05 1.00175e-05 1.00178e-05 1.00292e-05 1.00433e-05 1.00303e-05 1.01356e-05
1e-05 1e-05 1e-05 1e-05 1e-05 1e-05 1e-05 1e-05 1e-05 1e-05 1e-05 9.99999e-06 1e-05 9.99999e-06 9.99999e-06 9.99999e-06 1e-05 9.99999e-06 1e-05 1e-05 1e-05 1e-05 1e-05 1e-05 1e-05 1e-05 1e-05 1e-05 1e-05 9.99999e-06 1e-05 1e-05 1e-05 9.99988e-06 9.99999e-06 1e-05 1e-05 1e-05 1e-05 1e-05 1.00002e-05 1.00004e-05 1e-05 9.99862e-06 1e-05 1e-05 1e-05 1e-05 1e-05 1.00005e-05 1.00002e-05 9.99984e-06 9.99421e-06 1.00091e-05 9.9992e-06 9.99998e-06 1e-05 1e-05 1.00008e-05 1.00083e-05 1.00126e-05 1.00127e-05 1.00072e-05 1.002e-05 1.00149e-05 1.00168e-05 1.0021e-05 1.00079e-05 1.00159e-05 1.00167e-05 1.00902e-05
1e-05 1e-05 1e-05 1e-05 1e-05 1e-05 1e-05 1e-05 9.99999e-06 1e-05 1e-05 1e-05 1e-05 1e-05 1e-05 1e-05 1e-05 1e-05 9.99999e-06 1e-05 1e-05 1e-05 1e-05 1e-05 1e-05 1e-05 1e-05 1e-05 1e-05 9.99999e-06 1e-05 1e-05 1e-05 1e-05 1e-05 1e-05 1e-05 1e-05 1e-05 1e-05 1e-05 1e-05 9.99999e-06 1e-05 1e-05 1e-05 1e-05 1e-05 1e-05 1.00075e-05 9.99999e-06 1.00051e-05 9.99939e-06 1.00062e-05 9.9999e-06 1.00003e-05 1.00019e-05 1.00001e-05 1.00052e-05 9.99996e-06 1.00025e-05 1.00055e-05 1.00024e-05 1.00145e-05 1.00158e-05 1.00128e-05 1.00139e-05 1.00099e-05 1.00287e-05 1.00827e-05 1.01545e-05
1e-05 1e-05 1e-05 1e-05 9.99999e-06 1e-05 1e-05 1e-05 1e-05 1e-05 1e-05 1e-05 1e-05 1e-05 9.99999e-06 1e-05 1e-05 1e-05 1e-05 1e-05 1e-05 1e-05 1e-05 1e-05 1e-05 1e-05 1e-05 1e-05 1e-05 1e-05 1e-05 1e-05 1e-05 1e-05 1e-05 9.99999e-06 1e-05 1e-05 1e-05 1e-05 1e-05 1e-05 1e-05 1e-05 1e-05 1e-05 9.99999e-06 1.00002e-05 9.99989e-06 1.0005e-05 1e-05 1.00062e-05 9.99915e-06 1.00044e-05 1.00012e-05 1.00046e-05 9.99973e-06 1.00029e-05 1.00114e-05 1.00066e-05 9.98077e-06 1.00014e-05 1.00081e-05 1.00512e-05 1.00353e-05 1.00623e-05 1.00795e-05 1.00996e-05 1.01051e-05 1.00137e-05 1.00161e-05
1e-05 9.99999e-06 1e-05 1e-05 1e-05 9.99999e-06 1e-05 1e-05 1e-05 1e-05 1e-05 9.99999e-06 1e-05 1e-05 1e-05 1e-05 1e-05 1e-05 1e-05 1e-05 1e-05 1e-05 1e-05 1e-05 1e-05 1e-05 1e-05 1e-05 1e-05 9.99999e-06 1e-05 1e-05 1e-05 1e-05 1e-05 1e-05 1e-05 1e-05 1e-05 1e-05 1e-05 1e-05 1e-05 1e-05 1e-05 1e-05 1e-05 1.00004e-05 9.99973e-06 1e-05 1e-05 1.00007e-05 9.99925e-06 9.99282e-06 1.00012e-05 1.00039e-05 1.00033e-05 1.0005e-05 1.00174e-05 1.00314e-05 1.01093e-05 1.01045e-05 1.0121e-05 1.00185e-05 9.99536e-06 9.99594e-06 9.98758e-06 9.98556e-06 9.9892e-06 1.00044e-05 9.98963e-06
1e-05 1e-05 1e-05 1e-05 1e-05 1e-05 1e-05 1e-05 1e-05 1e-05 1e-05 1e-05 1e-05 9.99999e-06 1e-05 1e-05 1e-05 1e-05 1e-05 1e-05 1e-05 1e-05 1e-05 1e-05 1e-05 1e-05 1e-05 1e-05 1e-05 1e-05 1e-05 9.99999e-06 1e-05 1e-05 1e-05 1e-05 1e-05 1e-05 1e-05 1e-05 1e-05 1e-05 1e-05 1e-05 1e-05 1e-05 1e-05 1.00002e-05 1e-05 1.00005e-05 9.98754e-06 9.9858e-06 9.98403e-06 1.00515e-05 1.0015e-05 1.0052e-05 1.00769e-05 1.00881e-05 1.00685e-05 9.99621e-06 1.00197e-05 1.00175e-05 1.00281e-05 1.00382e-05 9.98775e-06 9.90171e-06 9.89019e-06 9.83902e-06 9.90894e-06 9.96341e-06 9.91637e-06
1e-05 1e-05 1e-05 1e-05 1e-05 1e-05 1e-05 1e-05 1e-05 1e-05 1e-05 1e-05 1e-05 9.99999e-06 9.99999e-06 1e-05 1e-05 1e-05 1e-05 1e-05 9.99999e-06 1e-05 9.99999e-06 1e-05 1e-05 1e-05 1e-05 1e-05 1e-05 1e-05 1e-05 1e-05 1e-05 1e-05 1e-05 9.99999e-06 1e-05 1e-05 1e-05 1e-05 1e-05 1e-05 9.99999e-06 1e-05 1e-05 1.00006e-05 1.00026e-05 1.00019e-05 1.00039e-05 1.0012e-05 1.00726e-05 1.00835e-05 1.01081e-05 1.00177e-05 1.00287e-05 9.9909e-06 9.98694e-06 9.98303e-06 9.98174e-06 9.99783e-06 1.00131e-05 1.00137e-05 1.00091e-05 1.0005e-05 9.99506e-06 9.95881e-06 1.00222e-05 1.04156e-05 1.09781e-05 1.12682e-05 1.1265e-05
1e-05 1e-05 9.99999e-06 1e-05 1e-05 1e-05 1e-05 1e-05 1e-05 1e-05 1e-05 1e-05 1e-05 9.99999e-06 9.99999e-06 1e-05 1e-05 1e-05 1e-05 1e-05 9.99999e-06 1e-05 1e-05 9.99999e-06 1e-05 1e-05 1e-05 1.00029e-05 9.99999e-06 1e-05 1e-05 1e-05 1e-05 1e-05 1e-05 1e-05 1e-05 1e-05 1e-05 1e-05 1.00001e-05 9.99306e-06 9.98879e-06 9.97866e-06 1.006e-05 1.00343e-05 1.00579e-05 1.00699e-05 1.00809e-05 9.99784e-06 1.0011e-05 1.00154e-05 1.00248e-05 1.00503e-05 9.9486e-06 9.90984e-06 9.90733e-06 9.86899e-06 9.71853e-06 1.00109e-05 9.99738e-06 1.04e-05 1.067e-05 1.10013e-05 1.11096e-05 1.10388e-05 1.11164e-05 1.17192e-05 1.25831e-05 1.34672e-05 1.38926e-05
1e-05 1e-05 9.99999e-06 1e-05 1e-05 1e-05 9.99999e-06 1e-05 9.99999e-06 1e-05 1e-05 9.99999e-06 1e-05 9.99999e-06 1e-05 1e-05 1e-05 1e-05 9.99999e-06 1e-05 9.99999e-06 1e-05 1e-05 9.99999e-06 1e-05 1e-05 9.99999e-06 9.99999e-06 1e-05 1e-05 1e-05 1e-05 1e-05 1e-05 9.9999e-06 9.99066e-06 1.00001e-05 1.00006e-05 1.0001e-05 1.00072e-05 1.00043e-05 1.00458e-05 1.0082e-05 1.00861e-05 1.00187e-05 1.0043e-05 9.98623e-06 9.98641e-06 9.9828e-06 9.98889e-06 1.00276e-05 1.00305e-05 1.00312e-05 1.00195e-05 9.89381e-06 9.99907e-06 1.03574e-05 1.07434e-05 1.07672e-05 1.073e-05 1.08409e-05 1.12629e-05 1.19683e-05 1.28008e-05 1.33338e-05 1.34233e-05 1.31421e-05 1.30124e-05 1.32601e-05 1.36089e-05 1.40083e-05
1e-05 1e-05 9.99999e-06 1e-05 1e-05 1e-05 9.99999e-06 1e-05 1e-05 1e-05 1e-05 9.99999e-06 1e-05 1e-05 1e-05 1e-05 1e-05 1e-05 1e-05 1e-05 9.99999e-06 1e-05 9.99999e-06 1e-05 1e-05 9.99999e-06 1e-05 1e-05 1e-05 9.99999e-06 1e-05 1e-05 9.99999e-06 1.00054e-05 9.95342e-06 1.00622e-05 1.006e-05 1.00324e-05 1.00456e-05 1.00931e-05 9.9971e-06 1.0009e-05 1.00128e-05 1.00148e-05 1.0043e-05 9.91186e-06 9.91101e-06 9.89182e-06 9.68229e-06 9.71936e-06 1.00991e-05 1.03471e-05 1.07857e-05 1.0905e-05 1.07505e-05 1.06538e-05 1.11208e-05 1.18583e-05 1.25905e-05 1.29051e-05 1.28188e-05 1.25911e-05 1.29086e-05 1.32295e-05 1.35799e-05 1.37286e-05 1.34545e-05 1.31096e-05 1.28688e-05 1.27243e-05 1.28174e-05
1e-05 1e-05 9.99998e-06 1e-05 1e-05 1e-05 1e-05 1e-05 1e-05 1e-05 1e-05 1e-05 1e-05 1e-05 9.99999e-06 1e-05 1e-05 1e-05 1e-05 1e-05 1e-05 1e-05 1e-05 9.99999e-06 1e-05 1e-05 1e-05 1e-05 9.99162e-06 9.97965e-06 1.00015e-05 1.00053e-05 1.00065e-05 1.00857e-05 1.02371e-05 1.00216e-05 1.00223e-05 1.00623e-05 9.98984e-06 9.97855e-06 9.9863e-06 1.00546e-05 1.00506e-05 1.00497e-05 1.00096e-05 1.00177e-05 1.01947e-05 1.05465e-05 1.08717e-05 1.08632e-05 1.06947e-05 1.09306e-05 1.1622e-05 1.24949e-05 1.27262e-05 1.26046e-05 1.23477e-05 1.27313e-05 1.30644e-05 1.33371e-05 1.33286e-05 1.31151e-05 1.2942e-05 1.28063e-05 1.27198e-05 1.26369e-05 1.24973e-05 1.22074e-05 1.20114e-05 1.18302e-05 1.17428e-05
1e-05 1e-05 9.99998e-06 1e-05 1e-05 1e-05 1e-05 1e-05 1e-05 1e-05 1e-05 1e-05 1e-05 1e-05 1e-05 1e-05 1e-05 9.99999e-06 1e-05 1e-05 9.99999e-06 1e-05 1e-05 9.98661e-06 1.00003e-05 1.00014e-05 1.0005e-05 1.00003e-05 1.006e-05 1.00993e-05 1.00478e-05 1.00246e-05 9.99827e-06 9.99261e-06 1.00432e-05 1.00251e-05 9.96274e-06 9.92483e-06 9.92948e-06 9.86761e-06 1.00007e-05 9.95745e-06 1.05179e-05 1.11659e-05 1.07826e-05 1.07236e-05 1.0692e-05 1.12387e-05 1.20061e-05 1.25824e-05 1.25948e-05 1.22542e-05 1.24808e-05 1.28732e-05 1.31583e-05 1.31464e-05 1.29288e-05 1.27969e-05 1.27563e-05 1.2695e-05 1.25476e-05 1.23433e-05 1.21765e-05 1.20037e-05 1.18917e-05 1.17111e-05 1.1581e-05 1.14618e-05 1.13694e-05 1.13452e-05 1.1382e-05
1e-05 1e-05 1e-05 1e-05 1e-05 1e-05 1e-05 1e-05 1e-05 9.99999e-06 1e-05 1e-05 1e-05 1e-05 1e-05 1e-05 1e-05 1e-05 1e-05 1e-05 1.00002e-05 1.00054e-05 9.94187e-06 1.00866e-05 1.00263e-05 1.00643e-05 1.00995e-05 9.9995e-06 1.00154e-05 1.00347e-05 1.00647e-05 9.97324e-06 9.98022e-06 9.91096e-06 1.0024e-05 1.002e-05 9.99723e-06 1.0072e-05 1.06528e-05 1.10231e-05 1.06662e-05 1.06213e-05 1.0903e-05 1.14714e-05 1.20811e-05 1.22725e-05 1.21212e-05 1.20888e-05 1.25254e-05 1.29381e-05 1.30585e-05 1.28717e-05 1.26854e-05 1.26679e-05 1.26515e-05 1.25419e-05 1.23316e-05 1.21894e-05 1.20224e-05 1.18989e-05 1.17712e-05 1.16578e-05 1.15082e-05 1.14028e-05 1.13308e-05 1.12723e-05 1.12059e-05 1.11606e-05 1.10529e-05 1.09872e-05 1.10504e-05
1e-05 1e-05 1e-05 1e-05 1e-05 1e-05 1e-05 1e-05 9.99999e-06 9.99999e-06 1e-05 1e-05 1e-05 1e-05 1e-05 1.00001e-05 1.00045e-05 9.95143e-06 9.97575e-06 1.00122e-05 1.00214e-05 1.0116e-05 1.02943e-05 1.00337e-05 1.00685e-05 9.98276e-06 9.97794e-06 9.98804e-06 9.99835e-06 1.00391e-05 1.00658e-05 1.00284e-05 9.86422e-06 1.02466e-05 1.10048e-05 1.09946e-05 1.05422e-05 1.05564e-05 1.0991e-05 1.16463e-05 1.20653e-05 1.20496e-05 1.18803e-05 1.2196e-05 1.25394e-05 1.26942e-05 1.26475e-05 1.25127e-05 1.24887e-05 1.25432e-05 1.25316e-05 1.23609e-05 1.21499e-05 1.20299e-05 1.1901e-05 1.18044e-05 1.16943e-05 1.15766e-05 1.1446e-05 1.1367e-05 1.13104e-05 1.12534e-05 1.1207e-05 1.11538e-05 1.10776e-05 1.1003e-05 1.09584e-05 1.09402e-05 1.0902e-05 1.08504e-05 1.08688e-05
1e-05 1e-05 1e-05 1e-05 1e-05 1e-05 1e-05 1e-05 1e-05 1e-05 1e-05 1.00024e-05 9.95431e-06 9.95454e-06 1.00166e-05 1.00131e-05 1.0087e-05 1.02434e-05 1.01994e-05 1.00705e-05 9.99731e-06 9.98676e-06 1.00514e-05 1.00342e-05 9.89327e-06 9.91984e-06 9.88991e-06 9.57021e-06 9.91437e-06 1.04234e-05 1.08127e-05 1.0712e-05 1.05168e-05 1.06234e-05 1.11532e-05 1.18433e-05 1.19435e-05 1.18156e-05 1.17562e-05 1.21317e-05 1.24662e-05 1.25173e-05 1.23984e-05 1.23544e-05 1.23846e-05 1.23957e-05 1.23091e-05 1.21439e-05 1.19925e-05 1.19132e-05 1.18143e-05 1.1707e-05 1.16355e-05 1.15433e-05 1.14356e-05 1.13566e-05 1.12869e-05 1.12469e-05 1.12211e-05 1.11422e-05 1.10667e-05 1.10036e-05 1.09555e-05 1.09211e-05 1.0907e-05 1.08683e-05 1.07912e-05 1.07589e-05 1.07362e-05 1.07225e-05 1.0801e-05
1e-05 9.99999e-06 1e-05 1e-05 1e-05 1e-05 1e-05 1.00036e-05 9.95192e-06 9.97281e-06 1.00138e-05 1.00484e-05 1.02348e-05 1.02282e-05 1.01238e-05 9.99484e-06 9.99533e-06 1.00516e-05 1.00467e-05 9.95463e-06 9.76094e-06 9.77039e-06 1.00024e-05 9.90039e-06 9.94733e-06 1.06175e-05 1.07993e-05 1.06348e-05 1.04733e-05 1.06348e-05 1.11824e-05 1.16568e-05 1.17834e-05 1.15945e-05 1.17795e-05 1.21122e-05 1.22984e-05 1.22762e-05 1.22037e-05 1.22267e-05 1.22933e-05 1.22718e-05 1.21502e-05 1.2009e-05 1.18881e-05 1.18187e-05 1.17272e-05 1.16401e-05 1.15796e-05 1.15053e-05 1.13941e-05 1.13256e-05 1.12581e-05 1.12234e-05 1.11859e-05 1.11525e-05 1.10688e-05 1.1011e-05 1.09634e-05 1.09382e-05 1.09255e-05 1.0902e-05 1.0829e-05 1.07893e-05 1.07575e-05 1.0743e-05 1.0747e-05 1.06906e-05 1.06448e-05 1.06294e-05 1.06932e-05
1e-05 9.99999e-06 1e-05 1.00058e-05 9.94296e-06 1.00662e-05 1.00063e-05 1.00627e-05 1.02424e-05 1.02012e-05 1.00501e-05 1.00093e-05 1.00392e-05 1.00379e-05 1.00616e-05 9.95938e-06 9.90385e-06 1.00325e-05 1.01015e-05 9.83769e-06 1.01747e-05 1.11521e-05 1.09803e-05 1.06408e-05 1.04629e-05 1.06644e-05 1.1213e-05 1.15793e-05 1.16277e-05 1.15286e-05 1.17072e-05 1.19831e-05 1.21379e-05 1.20808e-05 1.20593e-05 1.21067e-05 1.21443e-05 1.20957e-05 1.19867e-05 1.189e-05 1.18162e-05 1.17437e-05 1.1657e-05 1.15861e-05 1.15142e-05 1.14696e-05 1.13944e-05 1.13157e-05 1.12576e-05 1.12213e-05 1.12001e-05 1.11354e-05 1.11055e-05 1.10318e-05 1.0981e-05 1.09414e-05 1.09161e-05 1.08892e-05 1.08599e-05 1.08063e-05 1.07737e-05 1.07547e-05 1.07411e-05 1.07002e-05 1.06736e-05 1.06329e-05 1.06138e-05 1.06069e-05 1.05791e-05 1.0554e-05 1.06215e-05
1.0004e-05 1.00595e-05 1.00157e-05 1.00988e-05 1.02988e-05 1.00283e-05 9.99622e-06 1.00059e-05 1.00443e-05 1.00538e-05 9.97309e-06 1.00002e-05 1.00591e-05 1.00777e-05 1.00362e-05 9.98463e-06 1.02701e-05 1.12774e-05 1.08848e-05 1.05369e-05 1.05044e-05 1.10434e-05 1.14626e-05 1.16531e-05 1.15802e-05 1.14084e-05 1.16659e-05 1.18808e-05 1.19712e-05 1.19663e-05 1.19454e-05 1.19783e-05 1.20138e-05 1.19616e-05 1.18966e-05 1.18096e-05 1.17449e-05 1.16831e-05 1.16107e-05 1.15395e-05 1.14953e-05 1.14345e-05 1.13782e-05 1.13264e-05 1.1259e-05 1.12026e-05 1.11637e-05 1.11393e-05 1.11145e-05 1.10482e-05 1.09934e-05 1.09638e-05 1.09252e-05 1.0903e-05 1.08949e-05 1.0844e-05 1.0804e-05 1.07637e-05 1.07408e-05 1.0724e-05 1.07002e-05 1.06521e-05 1.06305e-05 1.06198e-05 1.06045e-05 1.05764e-05 1.05568e-05 1.05317e-05 1.05303e-05 1.05021e-05 1.05757e-05
1.01123e-05 1.00256e-05 9.99985e-06 9.99767e-06 1.00483e-05 1.00495e-05 9.88028e-06 9.94409e-06 1.00138e-05 1.01055e-05 9.9094e-06 9.96479e-06 1.05334e-05 1.10419e-05 1.07209e-05 1.05008e-05 1.04262e-05 1.1087e-05 1.15507e-05 1.15976e-05 1.14318e-05 1.14524e-05 1.16991e-05 1.18537e-05 1.18879e-05 1.18417e-05 1.18348e-05 1.18782e-05 1.18914e-05 1.18635e-05 1.18082e-05 1.17418e-05 1.16841e-05 1.16158e-05 1.15541e-05 1.14911e-05 1.14481e-05 1.14063e-05 1.13655e-05 1.13052e-05 1.12505e-05 1.11888e-05 1.1158e-05 1.11236e-05 1.1122e-05 1.10868e-05 1.10262e-05 1.09539e-05 1.09369e-05 1.09149e-05 1.08901e-05 1.08513e-05 1.08341e-05 1.07871e-05 1.07661e-05 1.0771e-05 1.0745e-05 1.06987e-05 1.06699e-05 1.06491e-05 1.06231e-05 1.06081e-05 1.05908e-05 1.05585e-05 1.05456e-05 1.0548e-05 1.05174e-05 1.04887e-05 1.04713e-05 1.04596e-05 1.05523e-05
9.98689e-06 9.99449e-06 9.86715e-06 9.64598e-06 9.95318e-06 1.00504e-05 9.73287e-06 1.02211e-05 1.12981e-05 1.08144e-05 1.05549e-05 1.03605e-05 1.06157e-05 1.10296e-05 1.14175e-05 1.14106e-05 1.11795e-05 1.14549e-05 1.16909e-05 1.17909e-05 1.17839e-05 1.17388e-05 1.17491e-05 1.17878e-05 1.18137e-05 1.17663e-05 1.17236e-05 1.16716e-05 1.16197e-05 1.15652e-05 1.1521e-05 1.1467e-05 1.14206e-05 1.13803e-05 1.13527e-05 1.1309e-05 1.12558e-05 1.12131e-05 1.11736e-05 1.11378e-05 1.11121e-05 1.10778e-05 1.10542e-05 1.0997e-05 1.09508e-05 1.09288e-05 1.09125e-05 1.09132e-05 1.08587e-05 1.08185e-05 1.08073e-05 1.07869e-05 1.07604e-05 1.07251e-05 1.06851e-05 1.06578e-05 1.06469e-05 1.06478e-05 1.06059e-05 1.05839e-05 1.057e-05 1.05622e-05 1.05603e-05 1.0505e-05 1.0488e-05 1.04821e-05 1.0468e-05 1.04464e-05 1.04229e-05 1.04231e-05 1.05e-05
9.69574e-06 9.69418e-06 1.01272e-05 1.07821e-05 1.08694e-05 1.07732e-05 1.04774e-05 1.05321e-05 1.10059e-05 1.12855e-05 1.13164e-05 1.12349e-05 1.11596e-05 1.13834e-05 1.15889e-05 1.16646e-05 1.16331e-05 1.16411e-05 1.16974e-05 1.17259e-05 1.17195e-05 1.16865e-05 1.16383e-05 1.15926e-05 1.1549e-05 1.15183e-05 1.14868e-05 1.14459e-05 1.13986e-05 1.13598e-05 1.13118e-05 1.12966e-05 1.12587e-05 1.12189e-05 1.11611e-05 1.11237e-05 1.11075e-05 1.10801e-05 1.10621e-05 1.10351e-05 1.09852e-05 1.09525e-05 1.09217e-05 1.09228e-05 1.0882e-05 1.08308e-05 1.08068e-05 1.07925e-05 1.07777e-05 1.07709e-05 1.07182e-05 1.06937e-05 1.06834e-05 1.06684e-05 1.06545e-05 1.06234e-05 1.05802e-05 1.05638e-05 1.05677e-05 1.05333e-05 1.0521e-05 1.04933e-05 1.04849e-05 1.04809e-05 1.04524e-05 1.04328e-05 1.0423e-05 1.04144e-05 1.04044e-05 1.04079e-05 1.04762e-05
1.06952e-05 1.04842e-05 1.04365e-05 1.06629e-05 1.10777e-05 1.13348e-05 1.13108e-05 1.12507e-05 1.13952e-05 1.15045e-05 1.15672e-05 1.15598e-05 1.15447e-05 1.15637e-05 1.16117e-05 1.16334e-05 1.16218e-05 1.15966e-05 1.15653e-05 1.15419e-05 1.15046e-05 1.14853e-05 1.14504e-05 1.14251e-05 1.13806e-05 1.13307e-05 1.12901e-05 1.1262e-05 1.12428e-05 1.1226e-05 1.11802e-05 1.11381e-05 1.11042e-05 1.1086e-05 1.10757e-05 1.10394e-05 1.1017e-05 1.09668e-05 1.09373e-05 1.09091e-05 1.08975e-05 1.089e-05 1.0834e-05 1.08179e-05 1.08021e-05 1.07849e-05 1.07661e-05 1.07273e-05 1.06927e-05 1.06832e-05 1.06847e-05 1.06512e-05 1.06139e-05 1.05954e-05 1.05835e-05 1.05792e-05 1.0556e-05 1.05315e-05 1.05059e-05 1.04953e-05 1.04858e-05 1.04532e-05 1.04564e-05 1.04443e-05 1.04241e-05 1.0408e-05 1.03895e-05 1.03928e-05 1.03774e-05 1.03713e-05 1.04413e-05
1.12035e-05 1.12517e-05 1.1206e-05 1.11812e-05 1.1291e-05 1.14433e-05 1.1514e-05 1.15246e-05 1.15483e-05 1.15359e-05 1.15537e-05 1.15603e-05 1.15533e-05 1.15373e-05 1.15321e-05 1.1499e-05 1.14765e-05 1.14411e-05 1.14173e-05 1.13823e-05 1.13684e-05 1.13321e-05 1.12817e-05 1.12542e-05 1.125e-05 1.1216e-05 1.11835e-05 1.11691e-05 1.11169e-05 1.10947e-05 1.10776e-05 1.10578e-05 1.10269e-05 1.10081e-05 1.09555e-05 1.09302e-05 1.09093e-05 1.09061e-05 1.09037e-05 1.0835e-05 1.08078e-05 1.0798e-05 1.08e-05 1.07713e-05 1.07346e-05 1.07146e-05 1.0696e-05 1.06976e-05 1.06563e-05 1.06142e-05 1.0607e-05 1.05836e-05 1.05908e-05 1.05559e-05 1.05308e-05 1.05122e-05 1.05164e-05 1.05086e-05 1.04885e-05 1.04589e-05 1.0455e-05 1.04422e-05 1.04229e-05 1.04001e-05 1.04109e-05 1.03856e-05 1.03648e-05 1.03618e-05 1.0341e-05 1.03416e-05 1.0423e-05
1.14285e-05 1.14674e-05 1.14709e-05 1.14542e-05 1.14606e-05 1.14977e-05 1.15021e-05 1.15019e-05 1.15129e-05 1.1494e-05 1.14778e-05 1.14655e-05 1.14459e-05 1.14194e-05 1.14028e-05 1.13684e-05 1.13364e-05 1.1312e-05 1.12902e-05 1.12624e-05 1.12335e-05 1.12253e-05 1.11892e-05 1.11604e-05 1.1141e-05 1.11368e-05 1.10763e-05 1.10514e-05 1.104e-05 1.10024e-05 1.09955e-05 1.09784e-05 1.09308e-05 1.09186e-05 1.09119e-05 1.08683e-05 1.08447e-05 1.08074e-05 1.08165e-05 1.07978e-05 1.07689e-05 1.07343e-05 1.07179e-05 1.06994e-05 1.06953e-05 1.06599e-05 1.0616e-05 1.06212e-05 1.06125e-05 1.05987e-05 1.05705e-05 1.05404e-05 1.05336e-05 1.05346e-05 1.05169e-05 1.04785e-05 1.04673e-05 1.04632e-05 1.04577e-05 1.04376e-05 1.04251e-05 1.04198e-05 1.04034e-05 1.0366e-05 1.0366e-05 1.03678e-05 1.03404e-05 1.03397e-05 1.03422e-05 1.03356e-05 1.04196e-05
1.14715e-05 1.14684e-05 1.14809e-05 1.14595e-05 1.14435e-05 1.14476e-05 1.14428e-05 1.14199e-05 1.14074e-05 1.13832e-05 1.13659e-05 1.13526e-05 1.13479e-05 1.13092e-05 1.12747e-05 1.12623e-05 1.12358e-05 1.12338e-05 1.11847e-05 1.11657e-05 1.11524e-05 1.11162e-05 1.11023e-05 1.10766e-05 1.10331e-05 1.1022e-05 1.10077e-05 1.09987e-05 1.09713e-05 1.09469e-05 1.091e-05 1.0892e-05 1.08957e-05 1.08561e-05 1.08351e-05 1.0816e-05 1.08042e-05 1.07797e-05 1.07416e-05 1.07305e-05 1.07148e-05 1.06945e-05 1.06847e-05 1.06552e-05 1.06333e-05 1.06367e-05 1.06115e-05 1.05808e-05 1.05566e-05 1.05532e-05 1.05543e-05 1.05361e-05 1.05113e-05 1.05035e-05 1.05081e-05 1.04877e-05 1.04477e-05 1.04233e-05 1.04004e-05 1.04033e-05 1.03878e-05 1.03797e-05 1.03766e-05 1.0354e-05 1.03245e-05 1.03428e-05 1.03308e-05 1.03118e-05 1.03017e-05 1.03141e-05 1.04154e-05
1.14361e-05 1.14213e-05 1.14352e-05 1.1428e-05 1.13938e-05 1.13806e-05 1.13371e-05 1.13262e-05 1.13073e-05 1.13039e-05 1.12791e-05 1.12495e-05 1.12283e-05 1.12158e-05 1.11964e-05 1.11935e-05 1.11453e-05 1.11431e-05 1.11099e-05 1.10911e-05 1.10822e-05 1.10469e-05 1.10241e-05 1.10011e-05 1.099e-05 1.09776e-05 1.09325e-05 1.09231e-05 1.09075e-05 1.08776e-05 1.087e-05 1.08241e-05 1.08113e-05 1.08041e-05 1.07966e-05 1.0767e-05 1.07421e-05 1.07197e-05 1.0724e-05 1.06877e-05 1.06659e-05 1.06441e-05 1.0642e-05 1.06188e-05 1.05849e-05 1.0575e-05 1.0577e-05 1.05587e-05 1.05367e-05 1.05108e-05 1.0503e-05 1.04769e-05 1.04595e-05 1.04472e-05 1.04386e-05 1.04306e-05 1.0431e-05 1.04008e-05 1.04056e-05 1.03739e-05 1.03727e-05 1.03564e-05 1.03429e-05 1.03427e-05 1.03284e-05 1.03249e-05 1.03113e-05 1.0296e-05 1.0279e-05 1.02929e-05 1.041e-05
1.13682e-05 1.1346e-05 1.13563e-05 1.1356e-05 1.13086e-05 1.13014e-05 1.12741e-05 1.12614e-05 1.12499e-05 1.12261e-05 1.12138e-05 1.11917e-05 1.11794e-05 1.11432e-05 1.11184e-05 1.10927e-05 1.10824e-05 1.10634e-05 1.10595e-05 1.10284e-05 1.10155e-05 1.0982e-05 1.09813e-05 1.09499e-05 1.09172e-05 1.09155e-05 1.08968e-05 1.0876e-05 1.08611e-05 1.08319e-05 1.08141e-05 1.07945e-05 1.07732e-05 1.07453e-05 1.07266e-05 1.07213e-05 1.07174e-05 1.06716e-05 1.06787e-05 1.06591e-05 1.06464e-05 1.06113e-05 1.06021e-05 1.05806e-05 1.05785e-05 1.05381e-05 1.05206e-05 1.05227e-05 1.05061e-05 1.04774e-05 1.04637e-05 1.04584e-05 1.04454e-05 1.04354e-05 1.04259e-05 1.03932e-05 1.04129e-05 1.0388e-05 1.03736e-05 1.03747e-05 1.03666e-05 1.03393e-05 1.03328e-05 1.03342e-05 1.03184e-05 1.03132e-05 1.03013e-05 1.02966e-05 1.02723e-05 1.02777e-05 1.0377e-05
