data/IdealizedTopo/Outputs_IdealizedTopo/release1HS_01IdealizedTopo_null_Gerris_pft.asc
ncols        1001
nrows        301
xllcorner    997.500000000000
yllcorner    -5002.500000000000
cellsize     5.000000000000
[rows 150 to 174 of 301, columns 0 to 55 of 1001]
0 0 0 0 0 0 0 0.030186299234628677368 0.090561501681804656982 0.39490100741386413574 1.4091700315475463867 1.4765000343322753906 1.4993699789047241211 1.5027099847793579102 1.5067000389099121094 1.5056699514389038086 1.5062099695205688477 1.5080200433731079102 1.5116699934005737305 1.5134299993515014648 1.5152100324630737305 1.5166800022125244141 1.5188100337982177734 1.5213899612426757812 1.5240000486373901367 1.5265300273895263672 1.5319000482559204102 1.5348000526428222656 1.5383000373840332031 1.5414999723434448242 1.5484100580215454102 1.5506500005722045898 1.5553699731826782227 1.5647699832916259766 1.5734900236129760742 1.5766199827194213867 1.5753400325775146484 1.576439976692199707 1.5889600515365600586 1.5932600498199462891 1.5981500148773193359 1.6024899482727050781 1.612400054931640625 1.6182999610900878906 1.6231399774551391602 1.6279900074005126953 1.6394399404525756836 1.6419700384140014648 1.6483900547027587891 1.6594899892807006836 1.6826399564743041992 1.6914499998092651367 1.6962900161743164062 1.7027399539947509766 1.7193000316619873047 1.7285599708557128906
0 0 0 0 0 0 0 0.030187200754880905151 0.090556502342224121094 0.4352900087833404541 1.4091999530792236328 1.4760400056838989258 1.4993699789047241211 1.5025500059127807617 1.5061299800872802734 1.5057699680328369141 1.5064599514007568359 1.5079599618911743164 1.5125099420547485352 1.5143500566482543945 1.5154700279235839844 1.516450047492980957 1.519680023193359375 1.5219999551773071289 1.5244499444961547852 1.5269299745559692383 1.5323899984359741211 1.5350899696350097656 1.5388300418853759766 1.5424300432205200195 1.5480799674987792969 1.5518300533294677734 1.5580600500106811523 1.5669900178909301758 1.5741300582885742188 1.5745099782943725586 1.5752600431442260742 1.5782300233840942383 1.5944800376892089844 1.5996799468994140625 1.6048400402069091797 1.6096999645233154297 1.6200699806213378906 1.625429987907409668 1.6295000314712524414 1.6338900327682495117 1.6427700519561767578 1.6430399417877197266 1.6468000411987304688 1.6556899547576904297 1.6744899749755859375 1.6813999414443969727 1.6844199895858764648 1.6892600059509277344 1.7044700384140014648 1.7132200002670288086
0 0 0 0 0 0 0 0.030186500400304794312 0.090554498136043548584 0.43530100584030151367 1.4092400074005126953 1.4760400056838989258 1.4996000528335571289 1.5023499727249145508 1.5057300329208374023 1.5056600570678710938 1.5061500072479248047 1.5076600313186645508 1.5122900009155273438 1.5140600204467773438 1.5152100324630737305 1.516450047492980957 1.5196000337600708008 1.522050023078918457 1.5244200229644775391 1.5270899534225463867 1.5324399471282958984 1.5350600481033325195 1.5390299558639526367 1.5425100326538085938 1.5482100248336791992 1.5526800155639648438 1.5585199594497680664 1.5674500465393066406 1.5747499465942382812 1.5750000476837158203 1.575610041618347168 1.5787099599838256836 1.5957900285720825195 1.6016700267791748047 1.607089996337890625 1.612689971923828125 1.6224000453948974609 1.6272200345993041992 1.6314799785614013672 1.6347800493240356445 1.6417700052261352539 1.6409000158309936523 1.6435799598693847656 1.6514099836349487305 1.6675599813461303711 1.6730099916458129883 1.6749299764633178711 1.678670048713684082 1.6936299800872802734 1.702239990234375
0 0 0 0 0 0 0 0.0301885996013879776 0.090559899806976318359 0.39481300115585327148 1.4092999696731567383 1.4765199422836303711 1.4994399547576904297 1.5024700164794921875 1.5059499740600585938 1.5050599575042724609 1.5062999725341796875 1.5076400041580200195 1.5111700296401977539 1.5132999420166015625 1.5145900249481201172 1.5170300006866455078 1.5189700126647949219 1.5215899944305419922 1.5244499444961547852 1.5269500017166137695 1.5323699712753295898 1.5355000495910644531 1.5390000343322753906 1.5426000356674194336 1.5504100322723388672 1.5525300502777099609 1.557500004768371582 1.5670599937438964844 1.5752300024032592773 1.5760600566864013672 1.5770299434661865234 1.5803400278091430664 1.5958199501037597656 1.6008000373840332031 1.6066299676895141602 1.610859990119934082 1.6194100379943847656 1.6248199939727783203 1.6273200511932373047 1.6300899982452392578 1.6348199844360351562 1.6333500146865844727 1.6356500387191772461 1.6421999931335449219 1.6562800407409667969 1.6607799530029296875 1.6622500419616699219 1.6682599782943725586 1.6824200153350830078 1.6894299983978271484
0 0 0 0 0 0 0 0.030189700424671173096 0.090559899806976318359 0.43533501029014587402 1.4093899726867675781 1.4761999845504760742 1.5 1.5021100044250488281 1.5055899620056152344 1.5071899890899658203 1.5068500041961669922 1.5077199935913085938 1.5120699405670166016 1.5130900144577026367 1.5146399736404418945 1.516450047492980957 1.5190900564193725586 1.5217299461364746094 1.5241999626159667969 1.5270099639892578125 1.5327600240707397461 1.5356199741363525391 1.5400700569152832031 1.5437099933624267578 1.5500500202178955078 1.5548700094223022461 1.5604699850082397461 1.569499969482421875 1.5766700506210327148 1.5768899917602539062 1.5773199796676635742 1.5792499780654907227 1.5932799577713012695 1.5973999500274658203 1.6012400388717651367 1.6058599948883056641 1.612830042839050293 1.6156899929046630859 1.6182700395584106445 1.6196800470352172852 1.6220500469207763672 1.6190999746322631836 1.6201699972152709961 1.6262899637222290039 1.6400899887084960938 1.6486300230026245117 1.6533399820327758789 1.6567800045013427734 1.6688599586486816406 1.6744600534439086914
0 0 0 0 0 0 0 0.030193300917744636536 0.090569101274013519287 0.43538799881935119629 1.4095499515533447266 1.4763300418853759766 1.5001200437545776367 1.5020899772644042969 1.5054299831390380859 1.5076899528503417969 1.5077699422836303711 1.5083099603652954102 1.5116200447082519531 1.5137399435043334961 1.5167499780654907227 1.5187699794769287109 1.520480036735534668 1.5233700275421142578 1.5260900259017944336 1.5299400091171264648 1.5359799861907958984 1.5384500026702880859 1.5423300266265869141 1.5451099872589111328 1.5501999855041503906 1.5540200471878051758 1.5585099458694458008 1.5658199787139892578 1.569640040397644043 1.5697799921035766602 1.5675300359725952148 1.5672899484634399414 1.5774400234222412109 1.5788899660110473633 1.5789999961853027344 1.5787299871444702148 1.5807499885559082031 1.5777900218963623047 1.5778199434280395508 1.5784399509429931641 1.5908299684524536133 1.5926699638366699219 1.5947599411010742188 1.6023299694061279297 1.6167900562286376953 1.6214599609375 1.6210800409317016602 1.6206200122833251953 1.6312099695205688477 1.6382100582122802734
0 0 0 0 0 0 0 0.030188400298357009888 0.090573802590370178223 0.39471799135208129883 1.4095100164413452148 1.4768199920654296875 1.4996999502182006836 1.5023399591445922852 1.5061199665069580078 1.5067399740219116211 1.5080800056457519531 1.5084199905395507812 1.5109499692916870117 1.5135099887847900391 1.5172799825668334961 1.5214200019836425781 1.5222699642181396484 1.5251300334930419922 1.528679966926574707 1.531020045280456543 1.5348900556564331055 1.5370199680328369141 1.5390100479125976562 1.5412800312042236328 1.5482900142669677734 1.54701995849609375 1.5494799613952636719 1.5558300018310546875 1.5629899501800537109 1.5624899864196777344 1.5581099987030029297 1.5569499731063842773 1.5635800361633300781 1.5611200332641601562 1.5630899667739868164 1.5568100214004516602 1.5535500049591064453 1.5613600015640258789 1.5659799575805664062 1.5714099407196044922 1.5805900096893310547 1.5789099931716918945 1.5794899463653564453 1.5842299461364746094 1.5957700014114379883 1.6001199483871459961 1.5991300344467163086 1.6034300327301025391 1.6153999567031860352 1.6192500591278076172
0 0 0 0 0 0 0 0.030191300436854362488 0.090550802648067474365 0.43535500764846801758 1.4093300104141235352 1.4762099981307983398 1.5001100301742553711 1.5020400285720825195 1.5054899454116821289 1.507969975471496582 1.5081299543380737305 1.5092600584030151367 1.5129599571228027344 1.5156500339508056641 1.5196700096130371094 1.5234999656677246094 1.5245699882507324219 1.5265799760818481445 1.5274900197982788086 1.5290700197219848633 1.53022003173828125 1.5306700468063354492 1.5329699516296386719 1.5365099906921386719 1.5387099981307983398 1.5395100116729736328 1.5412800312042236328 1.5464600324630737305 1.5548900365829467773 1.5509400367736816406 1.5448499917984008789 1.5399500131607055664 1.536479949951171875 1.5336999893188476562 1.5310000181198120117 1.5375800132751464844 1.5516400337219238281 1.558899998664855957 1.5642800331115722656 1.5661100149154663086 1.5671499967575073242 1.5635399818420410156 1.5616899728775024414 1.5666500329971313477 1.5757999420166015625 1.5853400230407714844 1.5897500514984130859 1.5915000438690185547 1.5983300209045410156 1.5987399816513061523
0 0 0 0 0 0 0 0.03018639981746673584 0.090554103255271911621 0.43528500199317932129 1.4092700481414794922 1.4763799905776977539 1.4996800422668457031 1.502429962158203125 1.5061399936676025391 1.5077500343322753906 1.509570002555847168 1.5101499557495117188 1.5147900581359863281 1.5170400142669677734 1.5197800397872924805 1.5239700078964233398 1.5230000019073486328 1.522250056266784668 1.5221500396728515625 1.5220299959182739258 1.522709965705871582 1.5241299867630004883 1.5279500484466552734 1.5292899608612060547 1.5282299518585205078 1.5273300409317016602 1.5303499698638916016 1.5409400463104248047 1.5452599525451660156 1.5379300117492675781 1.5241899490356445312 1.5112999677658081055 1.520939946174621582 1.5236099958419799805 1.5317699909210205078 1.535590052604675293 1.5509999990463256836 1.5538200139999389648 1.5537799596786499023 1.555189967155456543 1.5508899688720703125 1.5457899570465087891 1.5416599512100219727 1.5430999994277954102 1.5633300542831420898 1.5826200246810913086 1.5806299448013305664 1.5799299478530883789 1.5777900218963623047 1.5721299648284912109
0 0 0 0 0 0 0 0.030186200514435768127 0.090574696660041809082 0.39467900991439819336 1.4093300104141235352 1.4767999649047851562 1.4995100498199462891 1.5030800104141235352 1.509199976921081543 1.5083299875259399414 1.5082499980926513672 1.5079900026321411133 1.5044800043106079102 1.5088700056076049805 1.5138700008392333984 1.5112299919128417969 1.50634002685546875 1.5100899934768676758 1.5150300264358520508 1.5101399421691894531 1.5153800249099731445 1.5161600112915039062 1.5038499832153320312 1.5021599531173706055 1.5123499631881713867 1.5143400430679321289 1.5181200504302978516 1.53199005126953125 1.5007200241088867188 1.5018999576568603516 1.497259974479675293 1.5042200088500976562 1.5138000249862670898 1.5164699554443359375 1.5225600004196166992 1.5269399881362915039 1.5195800065994262695 1.5060000419616699219 1.5137599706649780273 1.5225100517272949219 1.5220099687576293945 1.5094300508499145508 1.5065300464630126953 1.5099300146102905273 1.5554300546646118164 1.5590699911117553711 1.5436500310897827148 1.5315599441528320312 1.5195100307464599609 1.5208499431610107422
0 0 0 0 0 0 0 0.030192600563168525696 0.090561203658580780029 0.43534800410270690918 1.4093199968338012695 1.4765000343322753906 1.5008499622344970703 1.5042999982833862305 1.5057799816131591797 1.5042099952697753906 1.5032600164413452148 1.5040899515151977539 1.5147600173950195312 1.5039600133895874023 1.5034500360488891602 1.5016499757766723633 1.5048999786376953125 1.5110299587249755859 1.5094699859619140625 1.5088399648666381836 1.5167499780654907227 1.5015799999237060547 1.4980900287628173828 1.5024800300598144531 1.5094300508499145508 1.5097800493240356445 1.508170008659362793 1.5018999576568603516 1.522480010986328125 1.5227899551391601562 1.5376199483871459961 1.5084999799728393555 1.5078799724578857422 1.5105700492858886719 1.5176600217819213867 1.5380400419235229492 1.4946999549865722656 1.5039199590682983398 1.5201499462127685547 1.5197499990463256836 1.5105600357055664062 1.500659942626953125 1.5069500207901000977 1.5182100534439086914 1.5447499752044677734 1.534109950065612793 1.5136699676513671875 1.5089700222015380859 1.5149500370025634766 1.516739964485168457
0 0 0 0 0 0 0 0.030184900388121604919 0.090566903352737426758 0.43528398871421813965 1.4092899560928344727 1.4775600433349609375 1.5005400180816650391 1.5026899576187133789 1.5022100210189819336 1.5013699531555175781 1.5019400119781494141 1.50102996826171875 1.5043699741363525391 1.506710052490234375 1.5035099983215332031 1.5015399456024169922 1.4996999502182006836 1.5030699968338012695 1.5039900541305541992 1.5027799606323242188 1.5073200464248657227 1.5028400421142578125 1.4989199638366699219 1.5042899847030639648 1.5056300163269042969 1.5044100284576416016 1.502859950065612793 1.5009000301361083984 1.5096999406814575195 1.5139299631118774414 1.5121300220489501953 1.5115200281143188477 1.5077699422836303711 1.5055899620056152344 1.5139900445938110352 1.5172400474548339844 1.4985200166702270508 1.5039199590682983398 1.5134099721908569336 1.5124800205230712891 1.5072400569915771484 1.5028699636459350586 1.5076099634170532227 1.5100400447845458984 1.5202699899673461914 1.5151000022888183594 1.5093300342559814453 1.5129200220108032227 1.5129899978637695312 1.5100200176239013672
0 0 0 0 0 0 0 0.030191199854016304016 0.090566299855709075928 0.43534898757934570312 1.4092999696731567383 1.4694800376892089844 1.4993699789047241211 1.4995900392532348633 1.5003600120544433594 1.4999899864196777344 1.4998099803924560547 1.4998699426651000977 1.5046600103378295898 1.5046800374984741211 1.5014699697494506836 1.4986900091171264648 1.4946099519729614258 1.4984699487686157227 1.4998300075531005859 1.4997999668121337891 1.4998899698257446289 1.4996600151062011719 1.5003499984741210938 1.4998199939727783203 1.4997899532318115234 1.4997800588607788086 1.498289942741394043 1.4949699640274047852 1.4988399744033813477 1.5017299652099609375 1.50457000732421875 1.5043599605560302734 1.4997600317001342773 1.4997500181198120117 1.5021899938583374023 1.5076299905776977539 1.4942799806594848633 1.4918999671936035156 1.4973399639129638672 1.4999599456787109375 1.4983199834823608398 1.4949200153350830078 1.4946800470352172852 1.4982199668884277344 1.504199981689453125 1.504340052604675293 1.501340031623840332 1.4997600317001342773 1.4996500015258789062 1.4993699789047241211
0 0 0 0 0 0 0 0.022646399214863777161 0.052838198840618133545 0.31146898865699768066 0.88476800918579101562 0.93301802873611450195 0.95730900764465332031 0.96473598480224609375 0.97198897600173950195 0.97173100709915161133 0.9686260223388671875 0.96907001733779907227 0.98497402667999267578 0.97782397270202636719 0.96648097038269042969 0.95748800039291381836 0.96026897430419921875 0.97297501564025878906 0.97305500507354736328 0.97256898880004882812 0.96407502889633178711 0.96413600444793701172 0.96775197982788085938 0.96386802196502685547 0.96135997772216796875 0.96293598413467407227 0.95732402801513671875 0.95161098241806030273 0.96540802717208862305 0.96904897689819335938 0.97816699743270874023 0.96755099296569824219 0.95466798543930053711 0.95675599575042724609 0.9628970026969909668 0.97778499126434326172 0.94296497106552124023 0.94931697845458984375 0.96463602781295776367 0.95905500650405883789 0.94841802120208740234 0.94673401117324829102 0.94856399297714233398 0.95618402957916259766 0.9637209773063659668 0.9489930272102355957 0.9482600092887878418 0.94665497541427612305 0.94488000869750976562 0.94661599397659301758
0 0 0 0 0 0 0 0.0075493101030588150024 0.037746798247098922729 0.12681099772453308105 0.52491199970245361328 0.55835998058319091797 0.58832198381423950195 0.61291301250457763672 0.65049701929092407227 0.66163802146911621094 0.67219299077987670898 0.6795399785041809082 0.69868999719619750977 0.70992702245712280273 0.71190100908279418945 0.71286797523498535156 0.70981997251510620117 0.71037501096725463867 0.71157097816467285156 0.70774000883102416992 0.70715600252151489258 0.70762902498245239258 0.70825397968292236328 0.70938599109649658203 0.71119797229766845703 0.71213501691818237305 0.71296900510787963867 0.71114397048950195312 0.71195900440216064453 0.71290600299835205078 0.71485400199890136719 0.71428698301315307617 0.71232300996780395508 0.70907801389694213867 0.70925098657608032227 0.71043598651885986328 0.70297002792358398438 0.69928097724914550781 0.69926100969314575195 0.70231801271438598633 0.69328200817108154297 0.68787199258804321289 0.6838499903678894043 0.68062800168991088867 0.67402601242065429688 0.66983801126480102539 0.66059398651123046875 0.65919601917266845703 0.64566999673843383789 0.63166397809982299805
0 0 0 0 0 0 0 0.0075507899746298789978 0.0075509599409997463226 0.093789599835872650146 0.1815370023250579834 0.21736599504947662354 0.25912800431251525879 0.29456999897956848145 0.35879600048065185547 0.38400799036026000977 0.4029839932918548584 0.4205709993839263916 0.45148599147796630859 0.46576300263404846191 0.47647398710250854492 0.48283401131629943848 0.49629199504852294922 0.51051801443099975586 0.51208102703094482422 0.5182120203971862793 0.52469402551651000977 0.52675902843475341797 0.53413498401641845703 0.53403699398040771484 0.53886801004409790039 0.54284101724624633789 0.54375898838043212891 0.54390698671340942383 0.5468609929084777832 0.54812300205230712891 0.55670601129531860352 0.55198502540588378906 0.54949301481246948242 0.54939198493957519531 0.54956799745559692383 0.55304598808288574219 0.54688799381256103516 0.54162698984146118164 0.55053502321243286133 0.53936100006103515625 0.53372198343276977539 0.52826398611068725586 0.52288901805877685547 0.51946401596069335938 0.51480698585510253906 0.50630700588226318359 0.49877500534057617188 0.48876601457595825195 0.47361099720001220703 0.46867299079895019531
0 0 0 0 0 0 0 0 0 0 0 0.010290799662470817566 0.021441699936985969543 0.034153200685977935791 0.073775500059127807617 0.10406699776649475098 0.12017799913883209229 0.15390899777412414551 0.20001299679279327393 0.21182200312614440918 0.24300399422645568848 0.2559350132942199707 0.2844130098819732666 0.30082800984382629395 0.31499001383781433105 0.32345700263977050781 0.33926099538803100586 0.34767401218414306641 0.35203000903129577637 0.35817098617553710938 0.36511901021003723145 0.36717399954795837402 0.3688170015811920166 0.36871600151062011719 0.37210801243782043457 0.37441200017929077148 0.37653601169586181641 0.37621700763702392578 0.37289199233055114746 0.37102499604225158691 0.3708139955997467041 0.37313699722290039062 0.36393299698829650879 0.35990199446678161621 0.35834801197052001953 0.35719001293182373047 0.34743198752403259277 0.3422679901123046875 0.33169901371002197266 0.33061701059341430664 0.32171800732612609863 0.31145200133323669434 0.30488899350166320801 0.2944659888744354248 0.27579200267791748047 0.26641800999641418457
0 0 0 0 0 0 0 0 0 0 0 0 0 0 0 0 0 0 0 0 0 0 0 0 0 0 0 0 0 0 0 0 0 0 0 0 0 0 0 0 0 0 0 0 0 0 0 0 0 0 0 0 0 0 0 0
0 0 0 0 0 0 0 0 0 0 0 0 0 0 0 0 0 0 0 0 0 0 0 0 0 0 0 0 0 0 0 0 0 0 0 0 0 0 0 0 0 0 0 0 0 0 0 0 0 0 0 0 0 0 0 0
0 0 0 0 0 0 0 0 0 0 0 0 0 0 0 0 0 0 0 0 0 0 0 0 0 0 0 0 0 0 0 0 0 0 0 0 0 0 0 0 0 0 0 0 0 0 0 0 0 0 0 0 0 0 0 0
0 0 0 0 0 0 0 0 0 0 0 0 0 0 0 0 0 0 0 0 0 0 0 0 0 0 0 0 0 0 0 0 0 0 0 0 0 0 0 0 0 0 0 0 0 0 0 0 0 0 0 0 0 0 0 0
0 0 0 0 0 0 0 0 0 0 0 0 0 0 0 0 0 0 0 0 0 0 0 0 0 0 0 0 0 0 0 0 0 0 0 0 0 0 0 0 0 0 0 0 0 0 0 0 0 0 0 0 0 0 0 0
0 0 0 0 0 0 0 0 0 0 0 0 0 0 0 0 0 0 0 0 0 0 0 0 0 0 0 0 0 0 0 0 0 0 0 0 0 0 0 0 0 0 0 0 0 0 0 0 0 0 0 0 0 0 0 0
0 0 0 0 0 0 0 0 0 0 0 0 0 0 0 0 0 0 0 0 0 0 0 0 0 0 0 0 0 0 0 0 0 0 0 0 0 0 0 0 0 0 0 0 0 0 0 0 0 0 0 0 0 0 0 0
0 0 0 0 0 0 0 0 0 0 0 0 0 0 0 0 0 0 0 0 0 0 0 0 0 0 0 0 0 0 0 0 0 0 0 0 0 0 0 0 0 0 0 0 0 0 0 0 0 0 0 0 0 0 0 0
