data/IdealizedTopo/Outputs_IdealizedTopo/release1HS_01IdealizedTopo_null_avaflow_pft.asc
ncols 1002
nrows 302
xllcenter 995.00
yllcenter -5005.00
cellsize 5.00
NODATA_value -9999.000
[rows 136 to 169 of 302, columns 308 to 384 of 1002]
0.002 0.002 0.002 0.002 0.002 0.002 0.002 0.002 0.002 0.002 0.002 0.002 0.002 0.002 0.002 0.002 0.002 0.002 0.002 0.002 0.002 0.002 0.002 0.002 0.002 0.002 0.002 0.002 0.002 0.002 0.002 0.002 0.003 0.003 0.003 0.003 0.003 0.003 0.003 0.003 0.003 0.003 0.003 0.003 0.003 0.003 0.003 0.004 0.004 0.004 0.004 0.004 0.004 0.004 0.004 0.004 0.004 0.004 0.004 0.005 0.005 0.005 0.005 0.005 0.005 0.006 0.006 0.006 0.006 0.006 0.006 0.007 0.007 0.007 0.007 0.007 0.008
0.003 0.003 0.003 0.003 0.003 0.003 0.003 0.003 0.003 0.003 0.004 0.004 0.004 0.004 0.004 0.004 0.004 0.004 0.004 0.004 0.004 0.004 0.004 0.004 0.004 0.004 0.004 0.004 0.004 0.004 0.004 0.004 0.004 0.005 0.005 0.005 0.005 0.005 0.005 0.005 0.005 0.005 0.005 0.005 0.006 0.006 0.006 0.006 0.006 0.006 0.006 0.007 0.007 0.007 0.007 0.007 0.008 0.008 0.008 0.008 0.008 0.009 0.009 0.009 0.009 0.010 0.010 0.010 0.011 0.011 0.011 0.012 0.012 0.012 0.013 0.013 0.014
0.006 0.006 0.006 0.006 0.006 0.006 0.006 0.006 0.006 0.006 0.006 0.006 0.006 0.006 0.006 0.006 0.006 0.007 0.007 0.007 0.007 0.007 0.007 0.007 0.007 0.007 0.007 0.007 0.008 0.008 0.008 0.008 0.008 0.008 0.008 0.009 0.009 0.009 0.009 0.009 0.009 0.010 0.010 0.010 0.010 0.011 0.011 0.011 0.011 0.012 0.012 0.012 0.013 0.013 0.013 0.014 0.014 0.014 0.015 0.015 0.016 0.016 0.017 0.017 0.018 0.018 0.019 0.019 0.020 0.021 0.021 0.022 0.023 0.023 0.024 0.025 0.026
0.011 0.012 0.012 0.012 0.012 0.012 0.012 0.012 0.012 0.012 0.012 0.012 0.012 0.013 0.013 0.013 0.013 0.013 0.013 0.013 0.014 0.014 0.014 0.014 0.014 0.015 0.015 0.015 0.015 0.016 0.016 0.016 0.016 0.017 0.017 0.017 0.018 0.018 0.018 0.019 0.019 0.020 0.020 0.021 0.021 0.022 0.022 0.023 0.023 0.024 0.024 0.025 0.026 0.026 0.027 0.028 0.029 0.029 0.030 0.031 0.032 0.033 0.034 0.035 0.036 0.037 0.038 0.039 0.041 0.042 0.043 0.045 0.046 0.048 0.049 0.051 0.052
0.026 0.026 0.026 0.026 0.026 0.027 0.027 0.027 0.027 0.027 0.027 0.028 0.028 0.028 0.028 0.029 0.029 0.029 0.030 0.030 0.030 0.031 0.031 0.032 0.032 0.033 0.033 0.034 0.034 0.035 0.035 0.036 0.037 0.037 0.038 0.039 0.039 0.040 0.041 0.042 0.043 0.044 0.045 0.046 0.047 0.048 0.049 0.050 0.051 0.053 0.054 0.055 0.057 0.058 0.060 0.061 0.063 0.064 0.066 0.068 0.070 0.072 0.074 0.076 0.078 0.080 0.082 0.085 0.087 0.090 0.092 0.095 0.098 0.101 0.104 0.107 0.110
0.064 0.064 0.064 0.065 0.065 0.065 0.066 0.066 0.066 0.067 0.067 0.068 0.068 0.069 0.070 0.070 0.071 0.072 0.073 0.074 0.074 0.075 0.076 0.077 0.078 0.079 0.080 0.081 0.082 0.084 0.085 0.086 0.088 0.089 0.091 0.092 0.094 0.096 0.097 0.099 0.101 0.103 0.105 0.107 0.109 0.111 0.114 0.116 0.118 0.121 0.124 0.126 0.129 0.132 0.135 0.138 0.141 0.144 0.147 0.150 0.154 0.157 0.160 0.164 0.167 0.171 0.175 0.179 0.183 0.187 0.191 0.195 0.199 0.203 0.208 0.212 0.217
0.163 0.164 0.164 0.165 0.165 0.166 0.167 0.168 0.168 0.169 0.170 0.171 0.173 0.174 0.175 0.176 0.178 0.179 0.181 0.182 0.184 0.185 0.187 0.188 0.190 0.192 0.194 0.197 0.199 0.201 0.204 0.206 0.209 0.211 0.214 0.217 0.219 0.222 0.225 0.228 0.231 0.234 0.237 0.240 0.244 0.247 0.251 0.255 0.259 0.263 0.267 0.271 0.275 0.279 0.283 0.287 0.292 0.296 0.300 0.304 0.309 0.313 0.318 0.322 0.327 0.332 0.337 0.342 0.347 0.352 0.358 0.363 0.368 0.374 0.379 0.385 0.391
0.384 0.385 0.385 0.386 0.386 0.387 0.388 0.388 0.389 0.390 0.392 0.393 0.394 0.396 0.398 0.399 0.401 0.403 0.404 0.406 0.408 0.410 0.412 0.414 0.416 0.418 0.421 0.424 0.426 0.429 0.432 0.435 0.438 0.441 0.445 0.448 0.451 0.455 0.458 0.462 0.465 0.469 0.472 0.476 0.480 0.484 0.489 0.493 0.497 0.502 0.506 0.511 0.515 0.520 0.525 0.529 0.534 0.538 0.543 0.547 0.552 0.557 0.562 0.567 0.572 0.577 0.582 0.587 0.592 0.598 0.603 0.608 0.614 0.619 0.625 0.631 0.636
0.766 0.766 0.766 0.765 0.765 0.765 0.765 0.765 0.765 0.765 0.765 0.765 0.766 0.767 0.768 0.769 0.770 0.771 0.773 0.774 0.775 0.776 0.777 0.779 0.780 0.781 0.782 0.784 0.786 0.788 0.790 0.792 0.794 0.797 0.799 0.802 0.804 0.807 0.810 0.813 0.815 0.818 0.821 0.824 0.827 0.830 0.834 0.837 0.840 0.844 0.847 0.850 0.853 0.856 0.859 0.863 0.866 0.869 0.871 0.874 0.877 0.879 0.882 0.885 0.887 0.890 0.893 0.895 0.898 0.901 0.903 0.906 0.909 0.911 0.914 0.916 0.918
1.299 1.296 1.294 1.292 1.289 1.287 1.285 1.283 1.280 1.278 1.276 1.273 1.271 1.269 1.267 1.266 1.264 1.263 1.262 1.260 1.259 1.257 1.256 1.254 1.253 1.251 1.249 1.248 1.246 1.245 1.244 1.243 1.242 1.241 1.240 1.239 1.238 1.236 1.235 1.233 1.231 1.229 1.228 1.226 1.224 1.223 1.221 1.220 1.218 1.217 1.215 1.214 1.212 1.212 1.211 1.209 1.209 1.208 1.207 1.206 1.205 1.204 1.203 1.202 1.200 1.199 1.198 1.196 1.195 1.194 1.192 1.191 1.189 1.187 1.186 1.184 1.182
1.792 1.787 1.782 1.778 1.773 1.768 1.763 1.758 1.754 1.749 1.744 1.739 1.735 1.730 1.725 1.721 1.716 1.711 1.707 1.702 1.698 1.693 1.688 1.684 1.679 1.674 1.670 1.665 1.660 1.656 1.651 1.646 1.642 1.638 1.632 1.628 1.624 1.619 1.614 1.610 1.605 1.600 1.596 1.591 1.586 1.582 1.577 1.572 1.568 1.562 1.558 1.553 1.548 1.543 1.539 1.533 1.528 1.524 1.518 1.513 1.508 1.502 1.498 1.493 1.487 1.482 1.477 1.471 1.466 1.461 1.455 1.450 1.445 1.439 1.434 1.429 1.423
2.175 2.169 2.162 2.156 2.150 2.142 2.136 2.130 2.122 2.116 2.110 2.102 2.096 2.090 2.082 2.075 2.069 2.062 2.054 2.048 2.041 2.033 2.027 2.019 2.011 2.005 1.998 1.989 1.983 1.976 1.967 1.961 1.953 1.945 1.938 1.931 1.922 1.915 1.908 1.899 1.891 1.884 1.876 1.868 1.861 1.852 1.843 1.837 1.828 1.819 1.812 1.804 1.794 1.788 1.780 1.770 1.764 1.756 1.746 1.739 1.731 1.721 1.714 1.706 1.696 1.689 1.681 1.672 1.663 1.656 1.647 1.638 1.631 1.622 1.613 1.606 1.598
2.411 2.405 2.396 2.388 2.381 2.373 2.365 2.358 2.349 2.340 2.334 2.326 2.316 2.309 2.301 2.292 2.284 2.276 2.266 2.258 2.250 2.240 2.232 2.224 2.214 2.205 2.197 2.187 2.177 2.169 2.159 2.149 2.141 2.131 2.120 2.112 2.102 2.091 2.083 2.073 2.062 2.054 2.044 2.032 2.024 2.014 2.003 1.994 1.984 1.973 1.963 1.954 1.942 1.932 1.923 1.912 1.901 1.893 1.882 1.870 1.862 1.851 1.839 1.831 1.821 1.809 1.800 1.791 1.779 1.770 1.760 1.749 1.739 1.730 1.719 1.708 1.700
2.516 2.508 2.498 2.491 2.483 2.474 2.466 2.457 2.448 2.439 2.431 2.422 2.413 2.405 2.396 2.386 2.378 2.368 2.358 2.350 2.340 2.330 2.321 2.311 2.301 2.292 2.282 2.271 2.261 2.252 2.241 2.231 2.221 2.210 2.199 2.190 2.178 2.167 2.158 2.147 2.135 2.126 2.114 2.102 2.093 2.082 2.069 2.060 2.049 2.037 2.027 2.016 2.003 1.993 1.983 1.970 1.960 1.949 1.937 1.926 1.916 1.904 1.893 1.883 1.872 1.859 1.850 1.839 1.826 1.817 1.806 1.794 1.784 1.774 1.762 1.752 1.742
2.534 2.525 2.518 2.510 2.500 2.492 2.484 2.475 2.466 2.458 2.449 2.440 2.432 2.423 2.413 2.405 2.395 2.385 2.377 2.367 2.357 2.348 2.339 2.328 2.319 2.309 2.298 2.289 2.279 2.268 2.258 2.248 2.237 2.226 2.217 2.205 2.194 2.185 2.173 2.161 2.152 2.141 2.128 2.119 2.108 2.096 2.086 2.075 2.063 2.053 2.042 2.029 2.019 2.008 1.996 1.985 1.974 1.962 1.951 1.941 1.929 1.917 1.907 1.895 1.883 1.874 1.862 1.850 1.840 1.829 1.817 1.807 1.797 1.784 1.774 1.764 1.752
2.519 2.510 2.503 2.495 2.485 2.478 2.470 2.460 2.452 2.444 2.435 2.425 2.418 2.408 2.399 2.391 2.382 2.371 2.363 2.354 2.343 2.335 2.326 2.315 2.306 2.296 2.286 2.276 2.267 2.256 2.246 2.236 2.225 2.215 2.205 2.194 2.183 2.173 2.162 2.151 2.141 2.130 2.118 2.109 2.098 2.086 2.076 2.065 2.053 2.043 2.032 2.020 2.010 1.999 1.987 1.976 1.966 1.954 1.943 1.933 1.921 1.909 1.900 1.888 1.876 1.867 1.855 1.843 1.834 1.823 1.810 1.801 1.790 1.778 1.768 1.758 1.746
2.414 2.406 2.398 2.391 2.383 2.375 2.368 2.359 2.351 2.344 2.336 2.326 2.320 2.312 2.302 2.295 2.287 2.277 2.270 2.261 2.252 2.244 2.236 2.226 2.217 2.209 2.199 2.190 2.182 2.172 2.162 2.154 2.144 2.134 2.126 2.116 2.105 2.097 2.087 2.075 2.068 2.058 2.046 2.038 2.028 2.017 2.008 1.999 1.987 1.978 1.969 1.957 1.947 1.938 1.927 1.916 1.908 1.897 1.885 1.877 1.866 1.854 1.846 1.836 1.824 1.816 1.806 1.794 1.785 1.775 1.764 1.754 1.745 1.734 1.724 1.715 1.704
2.175 2.168 2.163 2.156 2.149 2.143 2.137 2.129 2.123 2.117 2.110 2.103 2.097 2.090 2.083 2.077 2.070 2.062 2.056 2.049 2.041 2.035 2.028 2.020 2.014 2.007 1.998 1.992 1.985 1.976 1.970 1.963 1.954 1.948 1.940 1.932 1.925 1.918 1.909 1.902 1.895 1.886 1.878 1.871 1.863 1.855 1.848 1.839 1.831 1.824 1.816 1.806 1.800 1.792 1.782 1.776 1.767 1.758 1.751 1.743 1.733 1.726 1.718 1.709 1.701 1.694 1.684 1.676 1.669 1.660 1.651 1.644 1.635 1.626 1.619 1.610 1.600
1.791 1.786 1.781 1.777 1.772 1.767 1.763 1.758 1.753 1.749 1.744 1.739 1.734 1.730 1.725 1.720 1.716 1.711 1.706 1.702 1.697 1.693 1.688 1.684 1.679 1.675 1.670 1.665 1.661 1.656 1.651 1.647 1.643 1.638 1.634 1.629 1.624 1.620 1.616 1.611 1.606 1.602 1.597 1.592 1.588 1.583 1.578 1.574 1.569 1.564 1.560 1.555 1.550 1.546 1.540 1.536 1.531 1.525 1.521 1.516 1.510 1.505 1.500 1.495 1.490 1.485 1.479 1.474 1.469 1.463 1.459 1.453 1.448 1.443 1.438 1.432 1.427
1.298 1.295 1.293 1.290 1.288 1.286 1.283 1.281 1.279 1.277 1.274 1.272 1.270 1.268 1.266 1.264 1.263 1.261 1.260 1.259 1.257 1.256 1.255 1.253 1.251 1.250 1.249 1.247 1.246 1.244 1.243 1.242 1.241 1.240 1.239 1.238 1.237 1.236 1.234 1.233 1.231 1.229 1.228 1.226 1.224 1.223 1.221 1.220 1.219 1.217 1.216 1.214 1.213 1.212 1.211 1.210 1.209 1.208 1.208 1.207 1.205 1.205 1.204 1.202 1.201 1.200 1.198 1.197 1.196 1.194 1.193 1.192 1.190 1.189 1.187 1.185 1.184
0.765 0.765 0.765 0.764 0.764 0.764 0.764 0.764 0.764 0.764 0.764 0.764 0.765 0.765 0.766 0.767 0.768 0.769 0.771 0.772 0.773 0.775 0.776 0.777 0.778 0.780 0.781 0.783 0.785 0.786 0.788 0.791 0.793 0.795 0.798 0.800 0.803 0.805 0.808 0.811 0.814 0.817 0.819 0.822 0.826 0.829 0.832 0.835 0.839 0.842 0.846 0.849 0.852 0.855 0.858 0.862 0.865 0.868 0.870 0.873 0.876 0.879 0.881 0.884 0.886 0.889 0.892 0.895 0.897 0.900 0.903 0.905 0.908 0.911 0.913 0.916 0.918
0.384 0.384 0.385 0.385 0.386 0.386 0.387 0.388 0.389 0.390 0.391 0.392 0.393 0.395 0.396 0.398 0.400 0.401 0.403 0.405 0.407 0.409 0.410 0.413 0.415 0.417 0.419 0.422 0.425 0.428 0.431 0.434 0.437 0.440 0.443 0.446 0.449 0.453 0.456 0.460 0.463 0.467 0.471 0.474 0.478 0.483 0.487 0.491 0.496 0.500 0.505 0.509 0.514 0.518 0.523 0.527 0.532 0.537 0.541 0.546 0.550 0.555 0.560 0.565 0.570 0.575 0.580 0.585 0.590 0.596 0.601 0.607 0.612 0.617 0.623 0.629 0.634
0.162 0.163 0.164 0.164 0.165 0.165 0.166 0.167 0.168 0.169 0.170 0.171 0.172 0.173 0.174 0.175 0.177 0.178 0.180 0.181 0.183 0.184 0.186 0.187 0.189 0.191 0.193 0.195 0.198 0.200 0.202 0.205 0.207 0.210 0.212 0.215 0.218 0.221 0.223 0.226 0.229 0.232 0.236 0.239 0.242 0.246 0.250 0.253 0.257 0.261 0.265 0.269 0.273 0.277 0.281 0.286 0.290 0.294 0.298 0.303 0.307 0.312 0.316 0.321 0.325 0.330 0.335 0.340 0.345 0.350 0.356 0.361 0.366 0.372 0.377 0.383 0.389
0.063 0.063 0.064 0.064 0.064 0.065 0.065 0.065 0.066 0.066 0.067 0.067 0.068 0.068 0.069 0.070 0.070 0.071 0.072 0.073 0.074 0.074 0.075 0.076 0.077 0.078 0.079 0.080 0.082 0.083 0.084 0.085 0.087 0.088 0.090 0.091 0.093 0.095 0.096 0.098 0.100 0.102 0.104 0.106 0.108 0.110 0.112 0.115 0.117 0.120 0.122 0.125 0.128 0.131 0.134 0.137 0.140 0.143 0.146 0.149 0.152 0.156 0.159 0.162 0.166 0.169 0.173 0.177 0.181 0.185 0.189 0.193 0.197 0.202 0.206 0.210 0.215
0.025 0.025 0.026 0.026 0.026 0.026 0.026 0.026 0.027 0.027 0.027 0.027 0.027 0.028 0.028 0.028 0.029 0.029 0.029 0.030 0.030 0.030 0.031 0.031 0.032 0.032 0.033 0.033 0.034 0.034 0.035 0.035 0.036 0.037 0.037 0.038 0.039 0.040 0.040 0.041 0.042 0.043 0.044 0.045 0.046 0.047 0.048 0.049 0.051 0.052 0.053 0.054 0.056 0.057 0.059 0.060 0.062 0.064 0.065 0.067 0.069 0.071 0.073 0.075 0.077 0.079 0.081 0.084 0.086 0.089 0.091 0.094 0.097 0.099 0.102 0.105 0.108
0.011 0.011 0.011 0.011 0.011 0.011 0.011 0.012 0.012 0.012 0.012 0.012 0.012 0.012 0.012 0.012 0.013 0.013 0.013 0.013 0.013 0.013 0.014 0.014 0.014 0.014 0.014 0.015 0.015 0.015 0.015 0.016 0.016 0.016 0.017 0.017 0.017 0.018 0.018 0.018 0.019 0.019 0.020 0.020 0.021 0.021 0.022 0.022 0.023 0.023 0.024 0.024 0.025 0.026 0.026 0.027 0.028 0.029 0.030 0.030 0.031 0.032 0.033 0.034 0.035 0.036 0.038 0.039 0.040 0.041 0.043 0.044 0.045 0.047 0.048 0.050 0.052
0.005 0.005 0.005 0.005 0.005 0.005 0.005 0.005 0.005 0.005 0.005 0.005 0.006 0.006 0.006 0.006 0.006 0.006 0.006 0.006 0.006 0.006 0.006 0.006 0.006 0.007 0.007 0.007 0.007 0.007 0.007 0.007 0.007 0.007 0.008 0.008 0.008 0.008 0.008 0.008 0.009 0.009 0.009 0.009 0.010 0.010 0.010 0.010 0.011 0.011 0.011 0.012 0.012 0.012 0.013 0.013 0.013 0.014 0.014 0.015 0.015 0.016 0.016 0.017 0.017 0.018 0.018 0.019 0.019 0.020 0.021 0.021 0.022 0.023 0.024 0.024 0.025
0.002 0.002 0.002 0.002 0.002 0.002 0.002 0.002 0.002 0.002 0.002 0.002 0.002 0.002 0.002 0.002 0.002 0.002 0.003 0.003 0.003 0.003 0.003 0.003 0.003 0.003 0.003 0.003 0.003 0.003 0.003 0.003 0.003 0.003 0.003 0.004 0.004 0.004 0.004 0.004 0.004 0.004 0.004 0.005 0.005 0.005 0.005 0.005 0.005 0.005 0.006 0.006 0.006 0.006 0.006 0.006 0.007 0.007 0.007 0.007 0.007 0.008 0.008 0.008 0.008 0.009 0.009 0.009 0.010 0.010 0.010 0.011 0.011 0.012 0.012 0.012 0.013
0.001 0.001 0.001 0.001 0.001 0.001 0.001 0.001 0.001 0.001 0.001 0.001 0.001 0.001 0.001 0.001 0.001 0.001 0.001 0.001 0.001 0.001 0.001 0.001 0.001 0.001 0.001 0.001 0.001 0.001 0.001 0.001 0.001 0.001 0.002 0.002 0.002 0.002 0.002 0.002 0.002 0.002 0.002 0.002 0.002 0.002 0.002 0.002 0.002 0.002 0.002 0.002 0.003 0.003 0.003 0.003 0.003 0.003 0.003 0.003 0.004 0.004 0.004 0.004 0.004 0.004 0.005 0.005 0.005 0.005 0.005 0.005 0.006 0.006 0.006 0.006 0.007
0.000 0.000 0.000 0.000 0.000 0.000 0.000 0.000 0.000 0.000 0.000 0.000 0.000 0.000 0.000 0.000 0.000 0.000 0.000 0.000 0.000 0.000 0.000 0.000 0.000 0.000 0.000 0.000 0.000 0.000 0.000 0.000 0.000 0.000 0.000 0.000 0.001 0.001 0.001 0.001 0.001 0.001 0.001 0.001 0.001 0.001 0.001 0.001 0.001 0.001 0.001 0.001 0.001 0.001 0.001 0.001 0.001 0.001 0.001 0.002 0.002 0.002 0.002 0.002 0.002 0.002 0.002 0.002 0.002 0.002 0.002 0.002 0.003 0.003 0.003 0.003 0.003
0.000 0.000 0.000 0.000 0.000 0.000 0.000 0.000 0.000 0.000 0.000 0.000 0.000 0.000 0.000 0.000 0.000 0.000 0.000 0.000 0.000 0.000 0.000 0.000 0.000 0.000 0.000 0.000 0.000 0.000 0.000 0.000 0.000 0.000 0.000 0.000 0.000 0.000 0.000 0.000 0.000 0.000 0.000 0.000 0.000 0.000 0.000 0.000 0.000 0.000 0.000 0.000 0.000 0.000 0.000 0.000 0.000 0.000 0.000 0.000 0.000 0.001 0.001 0.001 0.001 0.001 0.001 0.001 0.001 0.001 0.001 0.001 0.001 0.001 0.001 0.001 0.001
0.000 0.000 0.000 0.000 0.000 0.000 0.000 0.000 0.000 0.000 0.000 0.000 0.000 0.000 0.000 0.000 0.000 0.000 0.000 0.000 0.000 0.000 0.000 0.000 0.000 0.000 0.000 0.000 0.000 0.000 0.000 0.000 0.000 0.000 0.000 0.000 0.000 0.000 0.000 0.000 0.000 0.000 0.000 0.000 0.000 0.000 0.000 0.000 0.000 0.000 0.000 0.000 0.000 0.000 0.000 0.000 0.000 0.000 0.000 0.000 0.000 0.000 0.000 0.000 0.000 0.000 0.000 0.000 0.000 0.000 0.000 0.000 0.000 0.000 0.000 0.000 0.000
0.000 0.000 0.000 0.000 0.000 0.000 0.000 0.000 0.000 0.000 0.000 0.000 0.000 0.000 0.000 0.000 0.000 0.000 0.000 0.000 0.000 0.000 0.000 0.000 0.000 0.000 0.000 0.000 0.000 0.000 0.000 0.000 0.000 0.000 0.000 0.000 0.000 0.000 0.000 0.000 0.000 0.000 0.000 0.000 0.000 0.000 0.000 0.000 0.000 0.000 0.000 0.000 0.000 0.000 0.000 0.000 0.000 0.000 0.000 0.000 0.000 0.000 0.000 0.000 0.000 0.000 0.000 0.000 0.000 0.000 0.000 0.000 0.000 0.000 0.000 0.000 0.000
0.000 0.000 0.000 0.000 0.000 0.000 0.000 0.000 0.000 0.000 0.000 0.000 0.000 0.000 0.000 0.000 0.000 0.000 0.000 0.000 0.000 0.000 0.000 0.000 0.000 0.000 0.000 0.000 0.000 0.000 0.000 0.000 0.000 0.000 0.000 0.000 0.000 0.000 0.000 0.000 0.000 0.000 0.000 0.000 0.000 0.000 0.000 0.000 0.000 0.000 0.000 0.000 0.000 0.000 0.000 0.000 0.000 0.000 0.000 0.000 0.000 0.000 0.000 0.000 0.000 0.000 0.000 0.000 0.000 0.000 0.000 0.000 0.000 0.000 0.000 0.000 0.000
