data/IdealizedTopo/Outputs_IdealizedTopo/release1HS_01IdealizedTopo_null_minVoellmyv2_pft.asc
ncols 1001
nrows 301
xllcenter 1000.00
yllcenter -5000.00
cellsize 5.00
nodata_value nan
[rows 140 to 167 of 301, columns 315 to 377 of 1001]
0.000000 0.000000 0.000000 0.000000 0.000000 0.000000 0.000000 0.000000 0.000000 0.000000 0.000000 0.000000 0.000000 0.000000 0.000000 0.000000 0.000000 0.000000 0.000000 0.000000 0.000000 0.000000 0.000000 0.000000 0.000000 0.000000 0.000000 0.000000 0.000000 0.000000 0.000000 0.000000 0.000000 0.000000 0.000000 0.000000 0.000000 0.000000 0.000000 0.000000 0.000000 0.000000 0.000000 0.000000 0.000000 0.000000 0.000000 0.000000 0.000000 0.000000 0.000000 0.000000 0.000000 0.000000 0.000000 0.000000 0.000000 0.000000 0.000000 0.000000 0.000000 0.000000 0.000000
0.000000 0.000000 0.000000 0.000000 0.000000 0.000000 0.000000 0.000000 0.000000 0.000000 0.000000 0.000000 0.000000 0.000000 0.000000 0.000000 0.000000 0.000000 0.000000 0.000000 0.000000 0.000000 0.000000 0.000000 0.000000 0.000000 0.000000 0.000000 0.000000 0.000000 0.000000 0.000000 0.000000 0.000000 0.000000 0.000000 0.000000 0.000000 0.000000 0.000000 0.000000 0.000000 0.000000 0.000000 0.000000 0.000000 0.000000 0.000000 0.000000 0.000000 0.000000 0.000000 0.000000 0.000000 0.000000 0.000000 0.000000 0.000000 0.000000 0.000000 0.000000 0.000000 0.000001
0.000000 0.000000 0.000000 0.000000 0.000000 0.000000 0.000000 0.000000 0.000000 0.000000 0.000000 0.000000 0.000000 0.000000 0.000000 0.000000 0.000000 0.000000 0.000000 0.000000 0.000000 0.000000 0.000000 0.000000 0.000000 0.000000 0.000000 0.000000 0.000000 0.000001 0.000001 0.000001 0.000002 0.000003 0.000005 0.000007 0.000009 0.000013 0.000017 0.000023 0.000031 0.000041 0.000054 0.000072 0.000094 0.000124 0.000162 0.000212 0.000275 0.000356 0.000458 0.000585 0.000744 0.000940 0.001180 0.001473 0.001825 0.002247 0.002749 0.003343 0.004039 0.004854 0.005798
0.000179 0.000201 0.000226 0.000255 0.000287 0.000323 0.000364 0.000411 0.000464 0.000525 0.000594 0.000673 0.000762 0.000864 0.000979 0.001110 0.001258 0.001426 0.001616 0.001830 0.002073 0.002348 0.002659 0.003013 0.003414 0.003870 0.004390 0.004980 0.005646 0.006399 0.007255 0.008222 0.009307 0.010529 0.011897 0.013426 0.015131 0.017018 0.019102 0.021393 0.023905 0.026638 0.029602 0.032826 0.036323 0.040104 0.044181 0.048568 0.053292 0.058366 0.063801 0.069606 0.075787 0.082357 0.089320 0.096683 0.104447 0.112612 0.121169 0.130108 0.139420 0.149092 0.159119
0.066557 0.068966 0.071514 0.074240 0.077101 0.080111 0.083320 0.086686 0.090220 0.093952 0.097909 0.102066 0.106439 0.111049 0.115918 0.121020 0.126364 0.131955 0.137833 0.143979 0.150390 0.156996 0.163815 0.170983 0.178550 0.186574 0.195196 0.204475 0.214459 0.225048 0.236286 0.248125 0.260483 0.273302 0.286537 0.300135 0.314042 0.328207 0.342596 0.357187 0.371925 0.386742 0.401577 0.416389 0.431192 0.445915 0.460491 0.474951 0.489240 0.503317 0.517233 0.530892 0.544346 0.557544 0.570466 0.583177 0.595590 0.607699 0.619566 0.631142 0.642423 0.653397 0.664054
0.779057 0.784065 0.789179 0.794416 0.799894 0.805486 0.811171 0.817077 0.823040 0.829113 0.835353 0.841657 0.848080 0.854684 0.861365 0.868080 0.874946 0.881854 0.888774 0.895757 0.902814 0.909832 0.916834 0.923908 0.931022 0.938100 0.945149 0.952283 0.959324 0.966257 0.973204 0.980053 0.986724 0.993350 0.999838 1.006124 1.012299 1.018273 1.023980 1.029512 1.034715 1.039621 1.044330 1.048734 1.053013 1.057074 1.060916 1.064710 1.068332 1.071792 1.075196 1.078500 1.081689 1.084778 1.087760 1.090667 1.093507 1.096253 1.098909 1.101459 1.103915 1.106259 1.108508
1.552483 1.550947 1.549510 1.548021 1.546567 1.545222 1.543820 1.542438 1.541171 1.539845 1.538500 1.537297 1.536036 1.534721 1.533590 1.532402 1.531162 1.530027 1.528899 1.527703 1.526537 1.525430 1.524256 1.523025 1.521923 1.520759 1.519524 1.518311 1.517128 1.515868 1.514539 1.513282 1.511968 1.510576 1.509094 1.507680 1.506176 1.504567 1.502843 1.501034 1.499184 1.497263 1.495268 1.493206 1.491209 1.489185 1.487094 1.484938 1.482729 1.480612 1.478435 1.476195 1.473885 1.471595 1.469319 1.466965 1.464530 1.462032 1.459611 1.457099 1.454491 1.451779 1.449148
2.097569 2.092972 2.088279 2.083538 2.078912 2.074084 2.069293 2.064789 2.060227 2.055646 2.051073 2.046488 2.041580 2.036800 2.032166 2.027684 2.023082 2.018221 2.013434 2.008768 2.004195 1.999284 1.994501 1.989720 1.984945 1.980248 1.975455 1.970339 1.965213 1.960222 1.955316 1.950516 1.945821 1.940881 1.935771 1.930759 1.925721 1.920728 1.915834 1.910946 1.905917 1.900806 1.895716 1.890670 1.885657 1.880649 1.875612 1.870546 1.865410 1.860158 1.854785 1.849291 1.843627 1.837794 1.831824 1.825675 1.819354 1.812915 1.806325 1.799594 1.792780 1.785861 1.778851
2.578245 2.570500 2.562665 2.554796 2.546838 2.538807 2.530704 2.522560 2.514344 2.506059 2.497740 2.489344 2.480890 2.472383 2.463823 2.455202 2.446505 2.437777 2.428991 2.420133 2.411217 2.402253 2.393236 2.384159 2.375025 2.365856 2.356616 2.347298 2.337932 2.328515 2.319085 2.309593 2.300034 2.290418 2.280762 2.271076 2.261352 2.251595 2.241819 2.232016 2.222173 2.212306 2.202424 2.192534 2.182619 2.172696 2.162764 2.152825 2.142877 2.132922 2.122963 2.112999 2.103038 2.093076 2.083123 2.073177 2.063245 2.053326 2.043427 2.033547 2.023693 2.013863 2.004063
2.778391 2.768313 2.758155 2.747791 2.737239 2.727120 2.716382 2.705656 2.695095 2.684342 2.673581 2.662416 2.651412 2.640302 2.629127 2.617916 2.606599 2.595237 2.583704 2.572257 2.560521 2.549291 2.537258 2.525535 2.513766 2.501989 2.489839 2.478133 2.466092 2.453943 2.442083 2.429836 2.417762 2.405654 2.393456 2.381543 2.369462 2.357409 2.345127 2.333209 2.321102 2.309321 2.297887 2.285804 2.274373 2.262594 2.250869 2.239204 2.227630 2.216011 2.204481 2.192987 2.181677 2.170343 2.159140 2.147955 2.136839 2.125875 2.115010 2.104127 2.093366 2.082658 2.071952
2.941133 2.931537 2.921844 2.912045 2.902114 2.892048 2.881888 2.871591 2.861153 2.850576 2.839886 2.829065 2.818104 2.807006 2.795773 2.784440 2.772977 2.761389 2.749679 2.737852 2.725945 2.713931 2.701816 2.689604 2.677305 2.664951 2.652517 2.640010 2.627434 2.614810 2.602146 2.589430 2.576666 2.563859 2.551040 2.538190 2.525309 2.512402 2.499477 2.486554 2.473614 2.460661 2.447699 2.434730 2.421767 2.408811 2.395856 2.382903 2.369956 2.357017 2.344087 2.331169 2.318266 2.305378 2.292508 2.279659 2.266831 2.254026 2.241248 2.228497 2.215776 2.203086 2.190431
2.778569 2.768253 2.758119 2.747858 2.737449 2.726805 2.716486 2.705644 2.694995 2.684405 2.673448 2.662484 2.651420 2.640265 2.629332 2.617973 2.606569 2.595180 2.583658 2.572228 2.560756 2.548871 2.537423 2.525536 2.513784 2.501723 2.490033 2.478007 2.466129 2.454019 2.441933 2.430006 2.417681 2.405480 2.393691 2.381528 2.369480 2.357365 2.345349 2.332949 2.321220 2.309549 2.297462 2.286167 2.274279 2.262593 2.250891 2.239228 2.227617 2.215990 2.204544 2.193049 2.181633 2.170294 2.159087 2.147991 2.136907 2.125854 2.114902 2.104154 2.093364 2.082636 2.072043
2.578233 2.570487 2.562654 2.554781 2.546820 2.538797 2.530709 2.522564 2.514363 2.506059 2.497740 2.489357 2.480885 2.472364 2.463820 2.455194 2.446505 2.437769 2.428980 2.420123 2.411206 2.402244 2.393235 2.384170 2.375008 2.365810 2.356568 2.347268 2.337909 2.328474 2.319001 2.309497 2.299948 2.290349 2.280704 2.271013 2.261303 2.251565 2.241799 2.231975 2.222126 2.212273 2.202416 2.192549 2.182655 2.172734 2.162799 2.152854 2.142901 2.132939 2.122972 2.113005 2.103033 2.093071 2.083112 2.073165 2.063230 2.053313 2.043415 2.033540 2.023689 2.013866 2.004071
2.097684 2.093025 2.088137 2.083469 2.078833 2.074189 2.069603 2.065085 2.060122 2.055116 2.050369 2.045887 2.041569 2.037122 2.032192 2.027378 2.022720 2.018229 2.013704 2.008860 2.004017 1.999202 1.994544 1.989833 1.984836 1.979950 1.975091 1.970247 1.965503 1.960795 1.955758 1.950722 1.945735 1.940847 1.935779 1.930745 1.925750 1.920758 1.915824 1.910969 1.906008 1.900965 1.895950 1.890948 1.885975 1.881002 1.876015 1.870988 1.865858 1.860610 1.855254 1.849730 1.844036 1.838202 1.832183 1.825983 1.819651 1.813158 1.806513 1.799761 1.792901 1.785934 1.778910
1.552482 1.550944 1.549502 1.548011 1.546561 1.545219 1.543817 1.542431 1.541158 1.539834 1.538494 1.537291 1.536033 1.534718 1.533585 1.532392 1.531148 1.530018 1.528877 1.527677 1.526502 1.525392 1.524219 1.522983 1.521875 1.520713 1.519492 1.518291 1.517127 1.515885 1.514572 1.513327 1.512022 1.510631 1.509142 1.507714 1.506204 1.504592 1.502863 1.501071 1.499232 1.497297 1.495275 1.493189 1.491173 1.489150 1.487075 1.484938 1.482757 1.480668 1.478519 1.476306 1.474022 1.471763 1.469509 1.467174 1.464754 1.462270 1.459856 1.457349 1.454740 1.452026 1.449384
0.779054 0.784061 0.789173 0.794409 0.799884 0.805474 0.811158 0.817062 0.823025 0.829099 0.835339 0.841641 0.848060 0.854661 0.861340 0.868055 0.874922 0.881830 0.888743 0.895718 0.902772 0.909798 0.916813 0.923896 0.931028 0.938129 0.945194 0.952346 0.959406 0.966353 0.973299 0.980163 0.986848 0.993474 0.999969 1.006260 1.012429 1.018404 1.024111 1.029631 1.034826 1.039730 1.044441 1.048845 1.053115 1.057180 1.061020 1.064823 1.068457 1.071930 1.075340 1.078659 1.081862 1.084965 1.087959 1.090870 1.093719 1.096471 1.099133 1.101685 1.104141 1.106484 1.108729
0.066549 0.068959 0.071508 0.074234 0.077095 0.080105 0.083315 0.086681 0.090215 0.093948 0.097905 0.102063 0.106437 0.111047 0.115917 0.121020 0.126365 0.131957 0.137831 0.143974 0.150388 0.157003 0.163838 0.171032 0.178622 0.186672 0.195320 0.204617 0.214615 0.225214 0.236453 0.248289 0.260642 0.273449 0.286680 0.300272 0.314174 0.328333 0.342716 0.357307 0.372026 0.386832 0.401669 0.416492 0.431320 0.446059 0.460648 0.475132 0.489425 0.503517 0.517430 0.531093 0.544539 0.557736 0.570647 0.583354 0.595763 0.607867 0.619722 0.631293 0.642569 0.653539 0.664192
0.000179 0.000201 0.000226 0.000255 0.000287 0.000323 0.000364 0.000411 0.000464 0.000525 0.000594 0.000673 0.000762 0.000864 0.000979 0.001110 0.001258 0.001426 0.001616 0.001831 0.002076 0.002353 0.002666 0.003021 0.003424 0.003881 0.004402 0.004993 0.005659 0.006412 0.007269 0.008236 0.009321 0.010543 0.011911 0.013440 0.015145 0.017032 0.019116 0.021406 0.023916 0.026655 0.029631 0.032865 0.036372 0.040161 0.044243 0.048633 0.053357 0.058432 0.063866 0.069670 0.075850 0.082419 0.089382 0.096745 0.104509 0.112675 0.121234 0.130175 0.139489 0.149165 0.159195
0.000000 0.000000 0.000000 0.000000 0.000000 0.000000 0.000000 0.000000 0.000000 0.000000 0.000000 0.000000 0.000000 0.000000 0.000000 0.000000 0.000000 0.000000 0.000000 0.000000 0.000000 0.000000 0.000000 0.000000 0.000000 0.000000 0.000000 0.000000 0.000000 0.000001 0.000001 0.000001 0.000002 0.000003 0.000005 0.000007 0.000009 0.000013 0.000017 0.000023 0.000031 0.000041 0.000055 0.000072 0.000095 0.000125 0.000163 0.000212 0.000276 0.000357 0.000459 0.000587 0.000746 0.000942 0.001183 0.001475 0.001829 0.002251 0.002754 0.003349 0.004046 0.004862 0.005808
0.000000 0.000000 0.000000 0.000000 0.000000 0.000000 0.000000 0.000000 0.000000 0.000000 0.000000 0.000000 0.000000 0.000000 0.000000 0.000000 0.000000 0.000000 0.000000 0.000000 0.000000 0.000000 0.000000 0.000000 0.000000 0.000000 0.000000 0.000000 0.000000 0.000000 0.000000 0.000000 0.000000 0.000000 0.000000 0.000000 0.000000 0.000000 0.000000 0.000000 0.000000 0.000000 0.000000 0.000000 0.000000 0.000000 0.000000 0.000000 0.000000 0.000000 0.000000 0.000000 0.000000 0.000000 0.000000 0.000000 0.000000 0.000000 0.000000 0.000000 0.000000 0.000000 0.000001
0.000000 0.000000 0.000000 0.000000 0.000000 0.000000 0.000000 0.000000 0.000000 0.000000 0.000000 0.000000 0.000000 0.000000 0.000000 0.000000 0.000000 0.000000 0.000000 0.000000 0.000000 0.000000 0.000000 0.000000 0.000000 0.000000 0.000000 0.000000 0.000000 0.000000 0.000000 0.000000 0.000000 0.000000 0.000000 0.000000 0.000000 0.000000 0.000000 0.000000 0.000000 0.000000 0.000000 0.000000 0.000000 0.000000 0.000000 0.000000 0.000000 0.000000 0.000000 0.000000 0.000000 0.000000 0.000000 0.000000 0.000000 0.000000 0.000000 0.000000 0.000000 0.000000 0.000000
0.000000 0.000000 0.000000 0.000000 0.000000 0.000000 0.000000 0.000000 0.000000 0.000000 0.000000 0.000000 0.000000 0.000000 0.000000 0.000000 0.000000 0.000000 0.000000 0.000000 0.000000 0.000000 0.000000 0.000000 0.000000 0.000000 0.000000 0.000000 0.000000 0.000000 0.000000 0.000000 0.000000 0.000000 0.000000 0.000000 0.000000 0.000000 0.000000 0.000000 0.000000 0.000000 0.000000 0.000000 0.000000 0.000000 0.000000 0.000000 0.000000 0.000000 0.000000 0.000000 0.000000 0.000000 0.000000 0.000000 0.000000 0.000000 0.000000 0.000000 0.000000 0.000000 0.000000
0.000000 0.000000 0.000000 0.000000 0.000000 0.000000 0.000000 0.000000 0.000000 0.000000 0.000000 0.000000 0.000000 0.000000 0.000000 0.000000 0.000000 0.000000 0.000000 0.000000 0.000000 0.000000 0.000000 0.000000 0.000000 0.000000 0.000000 0.000000 0.000000 0.000000 0.000000 0.000000 0.000000 0.000000 0.000000 0.000000 0.000000 0.000000 0.000000 0.000000 0.000000 0.000000 0.000000 0.000000 0.000000 0.000000 0.000000 0.000000 0.000000 0.000000 0.000000 0.000000 0.000000 0.000000 0.000000 0.000000 0.000000 0.000000 0.000000 0.000000 0.000000 0.000000 0.000000
0.000000 0.000000 0.000000 0.000000 0.000000 0.000000 0.000000 0.000000 0.000000 0.000000 0.000000 0.000000 0.000000 0.000000 0.000000 0.000000 0.000000 0.000000 0.000000 0.000000 0.000000 0.000000 0.000000 0.000000 0.000000 0.000000 0.000000 0.000000 0.000000 0.000000 0.000000 0.000000 0.000000 0.000000 0.000000 0.000000 0.000000 0.000000 0.000000 0.000000 0.000000 0.000000 0.000000 0.000000 0.000000 0.000000 0.000000 0.000000 0.000000 0.000000 0.000000 0.000000 0.000000 0.000000 0.000000 0.000000 0.000000 0.000000 0.000000 0.000000 0.000000 0.000000 0.000000
0.000000 0.000000 0.000000 0.000000 0.000000 0.000000 0.000000 0.000000 0.000000 0.000000 0.000000 0.000000 0.000000 0.000000 0.000000 0.000000 0.000000 0.000000 0.000000 0.000000 0.000000 0.000000 0.000000 0.000000 0.000000 0.000000 0.000000 0.000000 0.000000 0.000000 0.000000 0.000000 0.000000 0.000000 0.000000 0.000000 0.000000 0.000000 0.000000 0.000000 0.000000 0.000000 0.000000 0.000000 0.000000 0.000000 0.000000 0.000000 0.000000 0.000000 0.000000 0.000000 0.000000 0.000000 0.000000 0.000000 0.000000 0.000000 0.000000 0.000000 0.000000 0.000000 0.000000
0.000000 0.000000 0.000000 0.000000 0.000000 0.000000 0.000000 0.000000 0.000000 0.000000 0.000000 0.000000 0.000000 0.000000 0.000000 0.000000 0.000000 0.000000 0.000000 0.000000 0.000000 0.000000 0.000000 0.000000 0.000000 0.000000 0.000000 0.000000 0.000000 0.000000 0.000000 0.000000 0.000000 0.000000 0.000000 0.000000 0.000000 0.000000 0.000000 0.000000 0.000000 0.000000 0.000000 0.000000 0.000000 0.000000 0.000000 0.000000 0.000000 0.000000 0.000000 0.000000 0.000000 0.000000 0.000000 0.000000 0.000000 0.000000 0.000000 0.000000 0.000000 0.000000 0.000000
0.000000 0.000000 0.000000 0.000000 0.000000 0.000000 0.000000 0.000000 0.000000 0.000000 0.000000 0.000000 0.000000 0.000000 0.000000 0.000000 0.000000 0.000000 0.000000 0.000000 0.000000 0.000000 0.000000 0.000000 0.000000 0.000000 0.000000 0.000000 0.000000 0.000000 0.000000 0.000000 0.000000 0.000000 0.000000 0.000000 0.000000 0.000000 0.000000 0.000000 0.000000 0.000000 0.000000 0.000000 0.000000 0.000000 0.000000 0.000000 0.000000 0.000000 0.000000 0.000000 0.000000 0.000000 0.000000 0.000000 0.000000 0.000000 0.000000 0.000000 0.000000 0.000000 0.000000
0.000000 0.000000 0.000000 0.000000 0.000000 0.000000 0.000000 0.000000 0.000000 0.000000 0.000000 0.000000 0.000000 0.000000 0.000000 0.000000 0.000000 0.000000 0.000000 0.000000 0.000000 0.000000 0.000000 0.000000 0.000000 0.000000 0.000000 0.000000 0.000000 0.000000 0.000000 0.000000 0.000000 0.000000 0.000000 0.000000 0.000000 0.000000 0.000000 0.000000 0.000000 0.000000 0.000000 0.000000 0.000000 0.000000 0.000000 0.000000 0.000000 0.000000 0.000000 0.000000 0.000000 0.000000 0.000000 0.000000 0.000000 0.000000 0.000000 0.000000 0.000000 0.000000 0.000000
