data/IdealizedTopo/Outputs_IdealizedTopo/release1HS_null_01IdealizedTopo_faSavageHutterFoam_pfv.asc
xllcenter 1000
yllcenter -5000
nrows 301
ncols 1001
NODATA_value -9999
cellsize 5
[rows 120 to 149 of 301, columns 204 to 271 of 1001]
0.0685013 0.0683819 0.0683379 0.068467 0.0683454 0.0683051 0.0682319 0.0683515 0.068238 0.0682001 0.0682851 0.0682557 0.0680291 0.0680203 0.0680359 0.0681704 0.0682339 0.0681412 0.0680173 0.0680169 0.0680681 0.0679592 0.0680094 0.0679516 0.0680254 0.0679343 0.0679227 0.0679359 0.0679233 0.0678934 0.0680031 0.0679153 0.0677907 0.0676914 0.0676503 0.0677232 0.0677698 0.067628 0.0677094 0.0676396 0.0677427 0.0674781 0.0677279 0.0675745 0.067504 0.0675381 0.0676579 0.0674227 0.0675666 0.0675467 0.0675848 0.0676244 0.0674888 0.0674559 0.0673689 0.0674774 0.0674506 0.0674203 0.0673226 0.0673989 0.0674209 0.0672595 0.0674666 0.0673628 0.0671706 0.0672251 0.0671671 0.0672549
0.0685013 0.0683811 0.0683476 0.0684669 0.0683484 0.068262 0.0682484 0.0683342 0.0682319 0.0682021 0.0682727 0.0682685 0.0680571 0.068008 0.0680683 0.0681693 0.0682334 0.0680672 0.0681591 0.0680184 0.0680746 0.067958 0.0680087 0.0679518 0.0680294 0.0679229 0.0679265 0.0679405 0.0679232 0.0678924 0.0679943 0.0679336 0.0677941 0.0676975 0.0676568 0.0677237 0.0677698 0.0676281 0.0677095 0.0676367 0.0677539 0.067478 0.067734 0.0675756 0.0674861 0.0675471 0.0677139 0.0674074 0.0675589 0.0675539 0.067588 0.0675801 0.0674876 0.0674574 0.0673541 0.067475 0.0675545 0.0674382 0.0673081 0.0673975 0.067427 0.0672117 0.0674597 0.0673694 0.0671706 0.0672229 0.0671275 0.0672695
0.0685187 0.0683845 0.0683553 0.0684168 0.0683268 0.0682583 0.0682502 0.0683347 0.0682481 0.0682092 0.0682728 0.0682149 0.0680843 0.0680011 0.0680614 0.0681807 0.0682156 0.0680126 0.068186 0.0680165 0.0681033 0.0679568 0.0680333 0.0679552 0.0680269 0.0679004 0.0679304 0.0679359 0.0679464 0.0678958 0.0679975 0.0679361 0.0677797 0.0677093 0.0676442 0.0677285 0.0677155 0.0676281 0.0677105 0.0676502 0.0677595 0.0674816 0.0677338 0.067588 0.0674581 0.0677099 0.0676018 0.0675119 0.067577 0.0675529 0.0675941 0.067544 0.0674678 0.0675782 0.0673742 0.0674733 0.0675641 0.067349 0.0673233 0.0673982 0.0674325 0.0672295 0.0674428 0.0673639 0.0671835 0.0672114 0.0670665 0.0672591
0.0684559 0.0683607 0.068331 0.0683614 0.0682905 0.0682783 0.0682504 0.0683189 0.0682499 0.0682154 0.0682425 0.0682111 0.0680858 0.0680119 0.068088 0.068181 0.0682012 0.0679516 0.0681903 0.0680053 0.0680198 0.0679592 0.0680136 0.0679453 0.0680544 0.0680401 0.0679176 0.0679202 0.0680855 0.0678842 0.0680221 0.0679443 0.0677809 0.0677172 0.0676553 0.0677195 0.0676664 0.0676097 0.0676952 0.0676875 0.0676715 0.0675679 0.0676703 0.0676002 0.0674487 0.0676675 0.0675369 0.0674974 0.0675665 0.067545 0.0675771 0.0675592 0.067469 0.067563 0.0673932 0.0674536 0.0675632 0.0673321 0.0673415 0.0673829 0.0673752 0.0672541 0.0674572 0.0673211 0.0672106 0.0671969 0.0670568 0.0672971
0.0683384 0.0683307 0.0683217 0.0683015 0.068409 0.0682901 0.0682724 0.0682952 0.0682842 0.0682381 0.0682295 0.0682448 0.0681298 0.0681195 0.0680497 0.0682122 0.0681529 0.0680352 0.0681534 0.0680071 0.0680734 0.0680484 0.068099 0.0679471 0.068075 0.0680325 0.0680378 0.068038 0.0681047 0.0678886 0.0680166 0.0678878 0.0677845 0.0676838 0.0676744 0.0676758 0.0676902 0.067643 0.0676852 0.0676636 0.0676135 0.0676566 0.0676233 0.0676183 0.0677122 0.0676008 0.0675708 0.0675036 0.0676382 0.0675903 0.0675895 0.0674306 0.0675261 0.067497 0.0673225 0.0674973 0.0674828 0.0673454 0.0674783 0.0674415 0.0672253 0.0674226 0.0674295 0.0671968 0.0673576 0.0671493 0.0672198 0.0671988
0.068426 0.0684028 0.0682723 0.0683599 0.0683885 0.0683949 0.0681995 0.0682156 0.0683732 0.0681324 0.0681644 0.0683323 0.0680261 0.0681814 0.0680688 0.0681686 0.0680723 0.0680735 0.0680974 0.0679982 0.0679608 0.0681012 0.068084 0.0679102 0.0680807 0.0679778 0.0680142 0.0680239 0.068058 0.0679864 0.0679683 0.0678373 0.0677504 0.0677368 0.0676791 0.0677572 0.0676491 0.0677056 0.0676546 0.0677484 0.0675772 0.0677311 0.0676385 0.0675704 0.0677133 0.0676124 0.0675447 0.0675837 0.0676748 0.0675166 0.0675037 0.0675625 0.0675099 0.067421 0.0674433 0.0674783 0.0674041 0.0674304 0.0674106 0.0673667 0.0673435 0.0673867 0.0673332 0.0673193 0.0673371 0.0671663 0.0671744 0.0671036
0.0684224 0.0683309 0.068108 0.0683571 0.068336 0.0681142 0.0682304 0.0682795 0.0680805 0.0681648 0.0682196 0.068081 0.0681299 0.0682027 0.0679658 0.0681802 0.0679709 0.0680071 0.0680043 0.0680401 0.0679354 0.0682061 0.0680646 0.0680654 0.0680989 0.0679722 0.068057 0.0679679 0.0679735 0.0680152 0.0679707 0.0679304 0.0678756 0.0675615 0.0677302 0.0676884 0.0676008 0.0677507 0.067681 0.0675627 0.0676602 0.0676927 0.0675588 0.0675426 0.0676562 0.0674938 0.0675259 0.0676128 0.0674013 0.0675843 0.0674741 0.0674876 0.0674564 0.0675329 0.0672724 0.0673898 0.0673956 0.0672867 0.067446 0.0673288 0.0673025 0.0672306 0.0672197 0.0670937 0.0672519 0.067174 0.0671618 0.0672155
0.0688569 0.0686879 0.0692958 0.0687472 0.0685953 0.0692267 0.0685381 0.0687124 0.0690146 0.0686148 0.0685805 0.0690451 0.0683708 0.0684061 0.0688648 0.0683464 0.0683843 0.0687759 0.0688589 0.0683074 0.0687619 0.0688032 0.0682047 0.0683469 0.0688395 0.0681585 0.0682283 0.0687738 0.0681171 0.0682313 0.0687442 0.0681188 0.0681402 0.0685307 0.0678467 0.0680102 0.0685082 0.0677825 0.0678324 0.0684639 0.067789 0.0679227 0.0685098 0.0678167 0.067814 0.0684983 0.0678541 0.0677493 0.0685242 0.0677722 0.0677389 0.0684029 0.0677169 0.0677149 0.0683283 0.0676591 0.0677022 0.0682154 0.0677058 0.0676528 0.0680867 0.0675509 0.0677013 0.0680669 0.0675965 0.0675423 0.0678403 0.0674599
0.0684205 0.0692711 0.0664426 0.0683715 0.0690343 0.0666976 0.0654692 0.068901 0.0668183 0.065625 0.0690132 0.0669839 0.0656702 0.0687373 0.0670869 0.0658254 0.0687009 0.0670383 0.0658888 0.0686149 0.0673418 0.0661197 0.0680823 0.0687031 0.06563 0.0680989 0.0686688 0.0658481 0.068148 0.0684889 0.0662074 0.0679247 0.0682627 0.0659159 0.0678006 0.0682407 0.0659066 0.0675934 0.0682497 0.0657074 0.067641 0.0684105 0.0656752 0.0675762 0.0683601 0.0657393 0.0648656 0.0683632 0.0657603 0.0648903 0.0681858 0.0658859 0.0648234 0.0681353 0.0659826 0.0647598 0.0681541 0.0663529 0.0649182 0.0680733 0.0662079 0.0648459 0.0679801 0.0663574 0.0648373 0.0678917 0.0665243 0.0646605
0.120016 0.0848731 0.111014 0.118291 0.0841843 0.108485 0.116389 0.0833009 0.104975 0.11328 0.0813788 0.10154 0.109571 0.0789248 0.0965768 0.106249 0.0781866 0.0943679 0.10366 0.0778022 0.0920775 0.100774 0.104202 0.0796412 0.0997794 0.10184 0.0780224 0.0968093 0.0989774 0.0765118 0.0936315 0.0964607 0.0758929 0.0931238 0.0975859 0.0765844 0.0954958 0.100147 0.0772999 0.0977583 0.102275 0.0781763 0.0982784 0.104297 0.0785911 0.0995751 0.106367 0.0785962 0.100345 0.107716 0.0788051 0.102364 0.109718 0.0802558 0.10369 0.112882 0.0822946 0.103855 0.115508 0.0829302 0.103963 0.116948 0.0830405 0.102734 0.117586 0.12209 0.100603 0.117407
0.149814 0.150981 0.15413 0.155144 0.159902 0.159782 0.154451 0.163245 0.163173 0.164808 0.167416 0.157894 0.168635 0.170558 0.152991 0.164942 0.164606 0.155586 0.167857 0.129506 0.16291 0.170228 0.129438 0.130985 0.173215 0.127665 0.137388 0.128821 0.127083 0.15415 0.126597 0.127034 0.167203 0.127765 0.126939 0.137104 0.17224 0.127994 0.12983 0.1694 0.128077 0.156583 0.159012 0.168944 0.141195 0.148947 0.171063 0.155305 0.163992 0.166683 0.167788 0.157986 0.167931 0.16594 0.1621 0.16403 0.162474 0.159828 0.157054 0.159021 0.154492 0.153133 0.150321 0.147926 0.146308 0.145094 0.144449 0.145052
0.163035 0.166121 0.172199 0.147417 0.168847 0.172512 0.147189 0.169176 0.172712 0.144909 0.153538 0.173422 0.142154 0.154222 0.173665 0.141612 0.152003 0.173618 0.139492 0.15097 0.173509 0.138628 0.150136 0.173538 0.136835 0.149446 0.173461 0.136138 0.147413 0.173116 0.136272 0.145981 0.172496 0.136687 0.143204 0.170657 0.1376 0.140458 0.166658 0.138681 0.138974 0.164753 0.138397 0.155354 0.164283 0.139257 0.152887 0.161904 0.171897 0.147096 0.158248 0.173852 0.144192 0.154316 0.172661 0.145435 0.168197 0.171555 0.164612 0.162546 0.168279 0.169712 0.159983 0.172883 0.17132 0.1561 0.169978 0.170268
0.12617 0.127107 0.126734 0.126321 0.127359 0.127054 0.126583 0.127703 0.127512 0.126921 0.127815 0.127522 0.127375 0.127292 0.127367 0.127998 0.127243 0.127471 0.128587 0.127064 0.127433 0.129109 0.126783 0.127586 0.129479 0.126727 0.127466 0.12988 0.126625 0.127437 0.130231 0.126533 0.127316 0.130233 0.1261 0.127208 0.129782 0.126011 0.127135 0.129423 0.126642 0.127989 0.128904 0.126641 0.127775 0.128574 0.126996 0.127497 0.128112 0.12746 0.127208 0.127702 0.127459 0.127491 0.127485 0.127016 0.1278 0.127249 0.126832 0.127606 0.127127 0.126807 0.125919 0.126854 0.126448 0.125892 0.12671 0.126347
0.123081 0.122796 0.122367 0.123303 0.123059 0.122653 0.123523 0.123312 0.122733 0.123827 0.123503 0.122869 0.124084 0.123734 0.123066 0.124196 0.123838 0.123313 0.124412 0.12402 0.123382 0.124588 0.12424 0.123593 0.124652 0.124282 0.123733 0.124757 0.124431 0.123804 0.124836 0.124467 0.123855 0.124875 0.124459 0.123979 0.124911 0.124416 0.123979 0.12494 0.124498 0.12408 0.123343 0.12436 0.123954 0.123268 0.124241 0.12384 0.12309 0.124153 0.123762 0.122993 0.124024 0.123542 0.122912 0.123791 0.123425 0.122912 0.123669 0.123282 0.12277 0.122029 0.122985 0.12262 0.121899 0.122722 0.12237 0.121795
0.117694 0.118569 0.118327 0.117911 0.118841 0.118563 0.118077 0.119044 0.118745 0.118287 0.119173 0.118904 0.11847 0.119338 0.119062 0.118612 0.119411 0.119288 0.118769 0.119616 0.119285 0.118853 0.119767 0.119458 0.119034 0.119809 0.119564 0.119091 0.120014 0.11967 0.119221 0.120002 0.119567 0.11917 0.119998 0.119633 0.119351 0.118684 0.119633 0.119439 0.118603 0.119655 0.119318 0.11867 0.119494 0.119249 0.118632 0.119378 0.119125 0.118511 0.119354 0.119059 0.118545 0.11922 0.11892 0.118458 0.119033 0.11872 0.118378 0.117675 0.118473 0.118311 0.117594 0.118278 0.118 0.117455 0.118077 0.117836
0.113208 0.112764 0.113707 0.113415 0.112879 0.113916 0.113638 0.11307 0.113979 0.113877 0.113243 0.114223 0.114036 0.113385 0.114418 0.114152 0.11355 0.114571 0.11427 0.113707 0.11462 0.114527 0.113851 0.11463 0.114527 0.113981 0.114751 0.114648 0.114026 0.114867 0.114637 0.114051 0.114818 0.114628 0.114013 0.114792 0.114662 0.114149 0.114869 0.11458 0.114094 0.114856 0.114502 0.114205 0.114822 0.114512 0.114087 0.113562 0.11449 0.114155 0.113523 0.114247 0.113986 0.113521 0.114154 0.113981 0.113242 0.114055 0.113815 0.113188 0.113943 0.113701 0.113058 0.113784 0.113394 0.112905 0.113566 0.113236
0.10845 0.108248 0.108967 0.108607 0.108318 0.109245 0.10894 0.108547 0.109384 0.109104 0.10876 0.109492 0.109262 0.108868 0.109644 0.109463 0.108959 0.109683 0.109506 0.109196 0.109942 0.109652 0.109225 0.110027 0.109853 0.109267 0.110071 0.109865 0.109364 0.110216 0.109939 0.109366 0.110085 0.109991 0.109492 0.110227 0.109964 0.109486 0.110182 0.109946 0.109501 0.110176 0.109882 0.109332 0.110167 0.109827 0.109414 0.109033 0.109764 0.109302 0.108964 0.109649 0.10921 0.108841 0.109614 0.109227 0.108836 0.109452 0.109177 0.108709 0.109282 0.108978 0.10852 0.109148 0.108817 0.108287 0.109106 0.10864
0.103694 0.104661 0.104487 0.103993 0.104861 0.104642 0.104203 0.105104 0.104813 0.104418 0.105195 0.105057 0.10457 0.105358 0.105166 0.104682 0.105573 0.10531 0.104833 0.104691 0.105383 0.104843 0.104734 0.10547 0.105072 0.104821 0.105524 0.105101 0.10491 0.105632 0.105131 0.104969 0.105691 0.105217 0.104959 0.10569 0.105463 0.10498 0.105709 0.105215 0.10486 0.105643 0.105306 0.104814 0.105604 0.105288 0.104759 0.105502 0.105313 0.104739 0.105482 0.105207 0.104611 0.105385 0.105028 0.104491 0.104273 0.104961 0.104452 0.104128 0.104778 0.104469 0.10392 0.104679 0.104258 0.103914 0.104538 0.104069
0.0998207 0.10037 0.0999704 0.0999173 0.100584 0.100114 0.100219 0.100676 0.100253 0.10032 0.100881 0.100503 0.100303 0.101105 0.100609 0.100564 0.101012 0.100809 0.100628 0.101124 0.100895 0.100624 0.101344 0.101074 0.100634 0.101498 0.101058 0.100802 0.101442 0.101106 0.100852 0.101422 0.10128 0.10079 0.101516 0.101327 0.100826 0.101497 0.101336 0.100757 0.10148 0.101276 0.100697 0.1014 0.101256 0.100664 0.101326 0.10113 0.100678 0.100483 0.101089 0.100541 0.100363 0.101037 0.100658 0.100317 0.100891 0.100481 0.100205 0.100815 0.1004 0.100221 0.100749 0.100339 0.0999187 0.1005 0.100269 0.0998426
0.0960045 0.0908387 0.0742186 0.0962365 0.0916948 0.0774108 0.0963594 0.09267 0.0801472 0.0965837 0.0935453 0.0823163 0.0966162 0.0942615 0.0834285 0.096909 0.0949452 0.0868067 0.096907 0.0954203 0.0884394 0.0969232 0.09552 0.0891005 0.0970232 0.0958274 0.0903253 0.097096 0.0961794 0.0911561 0.0970449 0.0963727 0.0922356 0.0970788 0.0965187 0.0929921 0.0971077 0.0967313 0.0936554 0.0972264 0.096766 0.0940557 0.097167 0.0967857 0.0944318 0.0969989 0.0968315 0.0945248 0.0969745 0.0968614 0.0947693 0.0887232 0.0967899 0.0951406 0.0893475 0.0966337 0.0954968 0.0894502 0.0964095 0.0957467 0.0910701 0.0962537 0.0956978 0.0915697 0.096152 0.0956188 0.0914859 0.0960125
0.163918 0.298607 0.273447 0.161805 0.283018 0.26236 0.163625 0.273523 0.259007 0.168279 0.261076 0.250207 0.165342 0.246005 0.243989 0.150452 -0.00440089 0.236234 0.160393 0.0080866 0.234623 0.179901 0.0304937 0.229141 0.175121 0.0308534 0.219555 0.172409 0.0399611 0.212992 0.169822 0.0439836 0.2057 0.168831 0.0566988 0.197723 0.168568 0.067651 0.192989 0.168645 0.0782031 0.188106 0.167519 0.0822946 0.183982 0.166339 0.0901896 0.184022 0.169929 0.100848 0.184761 0.175502 0.115418 0.185953 0.180938 0.124636 0.0152052 0.18698 0.123506 0.0192087 0.186294 0.138671 0.0273742 0.189086 0.155606 0.053489 0.192091 0.162153
3.2895 3.29166 3.23423 3.16851 3.19424 3.15696 3.0975 3.13644 3.10613 3.01047 3.04516 2.95784 2.86048 2.82143 2.88839 2.84307 2.88059 3.00391 2.87481 2.91841 2.8816 2.75068 2.77746 2.76298 2.65094 2.69094 2.68326 2.57704 2.61748 2.5964 2.492 2.52922 2.46135 2.37791 2.40331 2.34817 2.2599 2.32676 2.27714 2.16846 2.25109 2.21122 2.11732 2.21861 2.20268 2.10635 2.20498 2.19392 2.11073 2.21789 2.2374 2.19641 2.22663 2.23944 2.13003 2.17421 2.11546 2.20938 2.2444 2.24097 2.31926 2.26969 2.27483 2.23193 2.19436 2.1979 2.16629 2.15026
12.2273 12.0652 12.0951 12.14 11.9815 12.0464 12.1029 11.9556 11.9694 11.8316 11.6801 11.7934 11.9276 11.8222 11.9367 12.113 11.9193 11.8711 11.9322 11.8671 11.709 11.8181 11.7763 11.6247 11.7285 11.6595 11.5066 11.6471 11.6248 11.421 11.3931 11.4199 11.2168 11.2372 11.2725 11.0701 11.1031 11.1575 10.9667 11.0315 11.1096 10.9383 11.032 11.0817 10.9022 11.0155 11.0993 10.9285 11.0662 11.1956 11.0148 11.0476 10.936 10.7525 10.925 11.1178 10.9753 11.127 11.3115 11.2036 11.0095 11.1208 11.0417 10.8701 11.0153 10.9781 10.8082 10.9623
19.9774 20.0019 19.9668 19.9459 19.9302 19.9238 19.9017 19.8468 19.7908 19.822 20.0634 19.9587 19.9548 20.1245 20.0527 19.9463 19.9737 19.9358 19.8511 19.927 19.9052 19.8391 19.8855 19.8261 19.7663 19.8254 19.7415 19.689 19.6796 19.6645 19.6058 19.5772 19.584 19.522 19.4833 19.5075 19.4572 19.4572 19.4909 19.461 19.4768 19.4869 19.4607 19.4809 19.491 19.4732 19.4712 19.4837 19.4686 19.4167 19.3613 19.3056 19.3262 19.5772 19.4273 19.4223 19.6133 19.5484 19.4038 19.4756 19.39 19.3104 19.4014 19.3279 19.2425 19.3184 19.2582 19.2138
25.0017 25.0259 24.9683 25.0165 25.0328 24.9811 25.0012 24.9986 25.0381 25.1022 25.039 25.0754 25.138 25.0926 25.0587 24.9933 25.0581 25.0681 24.9782 25.0587 25.0593 24.9631 25.0343 25.0198 24.9296 24.9943 24.98 24.9231 24.9554 24.945 24.8707 24.9032 24.8866 24.8351 24.8716 24.8652 24.82 24.8731 24.8725 24.8257 24.8512 24.8799 24.8246 24.8628 24.8747 24.8113 24.8282 24.8298 24.7778 24.7813 24.7647 24.7725 24.8518 24.7553 24.8022 24.8436 24.7722 24.731 24.6517 24.7133 24.7013 24.616 24.6622 24.6642 24.568 24.6227 24.591 24.4807
28.092 28.1867 28.1914 28.1428 28.2005 28.2263 28.1937 28.2043 28.2388 28.2372 28.2218 28.2595 28.2528 28.2608 28.289 28.2633 28.2457 28.2917 28.2689 28.2702 28.2835 28.2731 28.2395 28.2554 28.2354 28.1966 28.2668 28.2126 28.159 28.2335 28.1889 28.1289 28.1952 28.1845 28.1275 28.1943 28.2039 28.1234 28.2029 28.1969 28.1214 28.2009 28.1897 28.1245 28.188 28.1839 28.1015 28.1682 28.1599 28.1163 28.118 28.1191 28.1036 28.0912 28.1147 28.0839 28.0656 28.087 28.0592 27.9881 28.0344 28.0131 27.9649 27.9796 27.9264 27.8889 27.912 27.885
30.3136 30.2474 30.348 30.3681 30.2896 30.3743 30.3649 30.31 30.3842 30.3689 30.3189 30.4016 30.3717 30.3316 30.3816 30.3705 30.3621 30.4046 30.3789 30.3479 30.398 30.3986 30.3629 30.3903 30.399 30.3935 30.4224 30.4469 30.3936 30.3391 30.4171 30.4132 30.3558 30.447 30.4264 30.3782 30.446 30.4256 30.3574 30.4453 30.4139 30.359 30.4171 30.4041 30.3271 30.4031 30.3896 30.311 30.3969 30.3631 30.3052 30.3476 30.3095 30.2527 30.3052 30.2645 30.2089 30.2467 30.2369 30.1737 30.2252 30.1781 30.1304 30.1572 30.1131 30.09 30.0973 30.0883
31.7464 31.7098 31.7622 31.7854 31.764 31.8017 31.8327 31.7737 31.7429 31.8313 31.7961 31.746 31.8445 31.8221 31.7546 31.863 31.8169 31.7622 31.888 31.8599 31.7861 31.9126 31.8729 31.8334 31.9236 31.8906 31.8572 31.9418 31.9218 31.8749 31.9574 31.9381 31.8944 31.9451 31.9317 31.8948 31.9253 31.9294 31.8877 31.9191 31.9158 31.8726 31.8844 31.8897 31.8564 31.8897 31.8767 31.8362 31.8765 31.8844 31.8156 31.7353 31.8265 31.7683 31.6898 31.7931 31.7269 31.6365 31.7528 31.6976 31.6165 31.6931 31.6478 31.5679 31.676 31.6347 31.5866 31.6478
32.7081 32.67 32.5875 32.7503 32.73 32.6419 32.7881 32.7697 32.6663 32.8232 32.8408 32.6941 32.8582 32.847 32.7391 32.8727 32.8522 32.7528 32.9016 32.8712 32.821 32.9057 32.9013 32.8651 32.8959 32.895 32.864 32.8989 32.921 32.8932 32.9184 32.9509 32.8663 32.8626 32.9418 32.8542 32.8322 32.918 32.8737 32.8047 32.9306 32.8576 32.7466 32.896 32.8524 32.7325 32.8732 32.8072 32.7207 32.8687 32.8272 32.6912 32.844 32.828 32.6559 32.8178 32.7751 32.6525 32.7655 32.754 32.6328 32.7342 32.6912 32.6302 32.7144 32.6675 32.635 32.6262
33.2745 33.2956 33.1493 33.3237 33.3331 33.2054 33.3591 33.3752 33.255 33.4073 33.4122 33.2986 33.4371 33.4672 33.3286 33.4739 33.4741 33.3476 33.5084 33.45 33.4245 33.4754 33.5079 33.4546 33.404 33.5015 33.4275 33.4277 33.4932 33.4458 33.3568 33.5038 33.4774 33.4325 33.511 33.4533 33.3516 33.5012 33.4979 33.3464 33.5023 33.4738 33.3369 33.4812 33.4805 33.3268 33.458 33.4469 33.3087 33.4401 33.4466 33.2945 33.4443 33.4343 33.2904 33.4107 33.3893 33.2791 33.3839 33.3929 33.2354 33.3702 33.294 33.2673 33.2851 33.2884 33.222 33.1641
