data/IdealizedTopo/Outputs_IdealizedTopo/release1HS_01IdealizedTopo_null_avaflow_pft.asc
ncols 1002
nrows 302
xllcenter 995.00
yllcenter -5005.00
cellsize 5.00
NODATA_value -9999.000
[rows 136 to 169 of 302, columns 77 to 153 of 1002]
0.623 0.597 0.571 0.543 0.516 0.489 0.462 0.435 0.409 0.384 0.359 0.335 0.311 0.289 0.267 0.246 0.227 0.208 0.191 0.174 0.159 0.145 0.132 0.120 0.109 0.099 0.089 0.081 0.073 0.066 0.060 0.055 0.050 0.045 0.041 0.037 0.034 0.031 0.028 0.026 0.024 0.022 0.020 0.019 0.017 0.016 0.015 0.014 0.013 0.012 0.012 0.011 0.010 0.010 0.009 0.009 0.008 0.008 0.008 0.007 0.007 0.007 0.006 0.006 0.006 0.006 0.006 0.005 0.005 0.005 0.005 0.005 0.005 0.005 0.005 0.004 0.004
0.835 0.817 0.796 0.774 0.749 0.722 0.693 0.663 0.632 0.600 0.568 0.537 0.507 0.476 0.446 0.417 0.389 0.362 0.336 0.311 0.287 0.264 0.243 0.223 0.204 0.187 0.171 0.156 0.142 0.130 0.118 0.108 0.098 0.089 0.081 0.074 0.068 0.062 0.057 0.052 0.048 0.044 0.041 0.037 0.035 0.032 0.030 0.028 0.026 0.024 0.023 0.021 0.020 0.019 0.018 0.017 0.016 0.015 0.014 0.014 0.013 0.012 0.012 0.012 0.011 0.011 0.010 0.010 0.010 0.010 0.009 0.009 0.009 0.009 0.008 0.008 0.008
1.014 1.004 0.992 0.979 0.964 0.947 0.928 0.907 0.884 0.858 0.829 0.798 0.765 0.731 0.696 0.659 0.624 0.589 0.554 0.520 0.487 0.455 0.424 0.395 0.366 0.339 0.314 0.290 0.267 0.246 0.226 0.208 0.191 0.176 0.161 0.148 0.136 0.125 0.115 0.106 0.097 0.090 0.083 0.077 0.071 0.066 0.062 0.057 0.053 0.050 0.047 0.044 0.041 0.038 0.036 0.034 0.032 0.030 0.029 0.028 0.026 0.025 0.024 0.023 0.022 0.022 0.021 0.020 0.020 0.019 0.019 0.018 0.018 0.017 0.017 0.017 0.016
1.163 1.159 1.154 1.148 1.141 1.132 1.123 1.112 1.099 1.085 1.068 1.049 1.028 1.004 0.978 0.949 0.917 0.882 0.845 0.807 0.768 0.728 0.688 0.651 0.613 0.576 0.541 0.507 0.473 0.442 0.412 0.384 0.357 0.332 0.308 0.286 0.265 0.246 0.229 0.212 0.197 0.183 0.170 0.159 0.148 0.138 0.129 0.120 0.112 0.105 0.099 0.093 0.087 0.082 0.077 0.073 0.069 0.065 0.062 0.059 0.057 0.054 0.052 0.050 0.049 0.047 0.046 0.044 0.043 0.042 0.041 0.040 0.039 0.038 0.037 0.036 0.035
1.291 1.291 1.291 1.290 1.288 1.286 1.283 1.279 1.274 1.268 1.260 1.252 1.242 1.230 1.216 1.200 1.182 1.162 1.139 1.113 1.085 1.054 1.019 0.982 0.942 0.902 0.861 0.818 0.775 0.735 0.696 0.657 0.620 0.585 0.551 0.518 0.487 0.458 0.431 0.405 0.380 0.357 0.336 0.316 0.298 0.280 0.264 0.249 0.235 0.222 0.210 0.198 0.188 0.178 0.169 0.160 0.153 0.146 0.139 0.134 0.128 0.124 0.119 0.116 0.112 0.109 0.106 0.103 0.100 0.098 0.096 0.093 0.091 0.089 0.087 0.084 0.082
1.413 1.411 1.412 1.415 1.417 1.418 1.420 1.421 1.421 1.421 1.420 1.419 1.416 1.413 1.409 1.403 1.397 1.389 1.379 1.368 1.354 1.338 1.319 1.297 1.273 1.247 1.217 1.185 1.150 1.113 1.074 1.032 0.991 0.949 0.906 0.864 0.824 0.787 0.750 0.714 0.680 0.648 0.618 0.590 0.562 0.536 0.511 0.488 0.467 0.447 0.428 0.410 0.393 0.377 0.362 0.348 0.336 0.324 0.314 0.304 0.295 0.286 0.279 0.272 0.265 0.258 0.252 0.246 0.241 0.235 0.230 0.224 0.219 0.214 0.209 0.204 0.200
1.522 1.523 1.527 1.532 1.537 1.542 1.547 1.552 1.556 1.561 1.565 1.568 1.571 1.574 1.577 1.578 1.579 1.579 1.578 1.576 1.572 1.567 1.560 1.551 1.540 1.527 1.512 1.495 1.475 1.454 1.430 1.405 1.378 1.349 1.318 1.286 1.252 1.217 1.180 1.142 1.105 1.070 1.034 0.999 0.964 0.931 0.901 0.874 0.847 0.822 0.798 0.774 0.752 0.730 0.711 0.693 0.677 0.661 0.647 0.634 0.621 0.609 0.598 0.587 0.576 0.566 0.556 0.546 0.536 0.527 0.517 0.508 0.499 0.490 0.481 0.473 0.465
1.624 1.630 1.638 1.645 1.653 1.662 1.670 1.678 1.686 1.694 1.702 1.709 1.716 1.723 1.730 1.736 1.741 1.746 1.750 1.754 1.756 1.758 1.758 1.757 1.755 1.752 1.747 1.741 1.733 1.723 1.712 1.700 1.687 1.672 1.655 1.638 1.620 1.600 1.580 1.559 1.538 1.515 1.492 1.468 1.444 1.420 1.396 1.371 1.347 1.323 1.299 1.277 1.255 1.234 1.214 1.195 1.177 1.160 1.144 1.129 1.115 1.101 1.088 1.075 1.062 1.049 1.037 1.024 1.012 1.000 0.988 0.976 0.964 0.953 0.943 0.932 0.921
1.720 1.729 1.739 1.750 1.760 1.771 1.781 1.792 1.803 1.814 1.824 1.835 1.846 1.856 1.866 1.876 1.886 1.895 1.903 1.911 1.918 1.924 1.930 1.934 1.938 1.941 1.943 1.944 1.944 1.943 1.941 1.938 1.935 1.930 1.925 1.919 1.912 1.904 1.896 1.888 1.878 1.869 1.859 1.848 1.838 1.826 1.815 1.803 1.791 1.779 1.767 1.755 1.744 1.732 1.720 1.708 1.696 1.685 1.674 1.664 1.655 1.645 1.636 1.628 1.619 1.611 1.603 1.595 1.587 1.579 1.571 1.563 1.555 1.546 1.536 1.527 1.518
1.805 1.817 1.829 1.841 1.853 1.865 1.878 1.890 1.903 1.916 1.929 1.942 1.955 1.968 1.981 1.994 2.007 2.019 2.032 2.044 2.055 2.066 2.077 2.086 2.096 2.104 2.112 2.119 2.126 2.131 2.137 2.141 2.145 2.149 2.152 2.154 2.156 2.157 2.158 2.159 2.159 2.159 2.158 2.157 2.156 2.154 2.152 2.149 2.146 2.142 2.139 2.135 2.130 2.126 2.121 2.116 2.111 2.106 2.101 2.096 2.091 2.086 2.081 2.077 2.072 2.068 2.064 2.060 2.056 2.053 2.049 2.045 2.041 2.037 2.033 2.029 2.024
1.877 1.890 1.903 1.917 1.930 1.943 1.957 1.971 1.985 1.999 2.013 2.027 2.042 2.057 2.072 2.087 2.102 2.118 2.133 2.149 2.164 2.179 2.194 2.209 2.224 2.238 2.252 2.265 2.278 2.291 2.303 2.315 2.326 2.337 2.347 2.357 2.366 2.375 2.383 2.391 2.399 2.406 2.412 2.418 2.424 2.428 2.433 2.436 2.439 2.442 2.443 2.444 2.445 2.445 2.445 2.445 2.444 2.443 2.441 2.440 2.438 2.436 2.434 2.432 2.430 2.428 2.426 2.424 2.423 2.421 2.420 2.419 2.418 2.416 2.415 2.413 2.412
1.933 1.947 1.961 1.975 1.989 2.003 2.017 2.031 2.046 2.060 2.075 2.090 2.106 2.122 2.138 2.155 2.172 2.189 2.207 2.225 2.243 2.262 2.281 2.300 2.319 2.338 2.358 2.377 2.396 2.414 2.433 2.451 2.469 2.486 2.503 2.520 2.535 2.551 2.565 2.579 2.593 2.606 2.618 2.629 2.639 2.649 2.658 2.666 2.673 2.680 2.685 2.689 2.693 2.695 2.697 2.699 2.701 2.702 2.702 2.703 2.703 2.702 2.702 2.701 2.700 2.700 2.699 2.699 2.699 2.698 2.698 2.698 2.698 2.699 2.699 2.699 2.701
1.970 1.985 1.999 2.013 2.028 2.042 2.056 2.070 2.085 2.100 2.115 2.131 2.147 2.163 2.180 2.197 2.215 2.234 2.253 2.273 2.293 2.314 2.336 2.358 2.380 2.403 2.426 2.450 2.473 2.497 2.520 2.543 2.566 2.588 2.610 2.631 2.652 2.672 2.691 2.710 2.727 2.744 2.760 2.775 2.789 2.802 2.813 2.824 2.834 2.843 2.851 2.857 2.862 2.866 2.869 2.871 2.874 2.876 2.877 2.879 2.880 2.880 2.881 2.881 2.881 2.882 2.881 2.882 2.882 2.882 2.883 2.884 2.884 2.885 2.887 2.889 2.892
1.987 2.001 2.016 2.030 2.045 2.059 2.073 2.088 2.103 2.118 2.133 2.149 2.165 2.181 2.199 2.217 2.235 2.254 2.274 2.295 2.316 2.338 2.361 2.384 2.408 2.433 2.458 2.484 2.510 2.536 2.562 2.587 2.613 2.638 2.662 2.686 2.709 2.731 2.753 2.774 2.794 2.812 2.830 2.847 2.862 2.877 2.890 2.902 2.913 2.923 2.932 2.940 2.946 2.950 2.954 2.957 2.959 2.961 2.963 2.965 2.967 2.967 2.969 2.969 2.970 2.970 2.970 2.971 2.971 2.972 2.972 2.974 2.975 2.976 2.978 2.981 2.985
1.987 2.002 2.017 2.031 2.046 2.060 2.075 2.089 2.104 2.119 2.134 2.150 2.166 2.183 2.200 2.218 2.237 2.256 2.276 2.297 2.318 2.340 2.363 2.387 2.411 2.436 2.462 2.488 2.514 2.541 2.567 2.593 2.619 2.644 2.669 2.693 2.717 2.740 2.762 2.783 2.803 2.822 2.840 2.857 2.873 2.888 2.902 2.914 2.925 2.936 2.945 2.952 2.959 2.964 2.967 2.970 2.972 2.974 2.977 2.979 2.980 2.981 2.983 2.983 2.984 2.984 2.985 2.985 2.985 2.986 2.987 2.988 2.990 2.991 2.993 2.996 3.000
1.976 1.990 2.005 2.020 2.034 2.049 2.063 2.078 2.092 2.107 2.122 2.138 2.154 2.170 2.187 2.205 2.223 2.242 2.262 2.282 2.303 2.325 2.347 2.370 2.394 2.418 2.443 2.469 2.494 2.520 2.546 2.572 2.598 2.623 2.648 2.672 2.695 2.718 2.740 2.761 2.782 2.801 2.820 2.837 2.853 2.868 2.882 2.895 2.907 2.918 2.927 2.936 2.943 2.948 2.952 2.956 2.958 2.960 2.962 2.965 2.966 2.968 2.969 2.970 2.971 2.971 2.972 2.972 2.972 2.973 2.974 2.974 2.976 2.977 2.978 2.981 2.985
1.952 1.967 1.981 1.996 2.010 2.025 2.039 2.054 2.069 2.084 2.099 2.114 2.130 2.147 2.164 2.181 2.199 2.217 2.236 2.256 2.276 2.297 2.318 2.340 2.362 2.384 2.407 2.431 2.454 2.477 2.501 2.524 2.547 2.570 2.592 2.613 2.635 2.655 2.675 2.694 2.712 2.730 2.747 2.762 2.777 2.791 2.804 2.816 2.827 2.837 2.845 2.853 2.859 2.864 2.868 2.871 2.873 2.876 2.878 2.880 2.881 2.882 2.883 2.884 2.884 2.884 2.885 2.885 2.885 2.886 2.886 2.887 2.888 2.889 2.890 2.893 2.896
1.908 1.922 1.936 1.951 1.965 1.979 1.994 2.008 2.023 2.038 2.053 2.068 2.084 2.100 2.116 2.133 2.150 2.167 2.185 2.203 2.221 2.240 2.259 2.278 2.297 2.316 2.335 2.354 2.373 2.392 2.410 2.429 2.447 2.465 2.482 2.499 2.515 2.531 2.546 2.561 2.575 2.589 2.602 2.614 2.626 2.637 2.647 2.656 2.665 2.672 2.679 2.684 2.689 2.693 2.695 2.698 2.700 2.701 2.703 2.704 2.705 2.705 2.705 2.705 2.705 2.705 2.705 2.705 2.704 2.705 2.704 2.705 2.705 2.705 2.706 2.707 2.709
1.846 1.860 1.873 1.886 1.900 1.914 1.928 1.942 1.956 1.970 1.985 1.999 2.014 2.029 2.044 2.060 2.075 2.091 2.107 2.122 2.138 2.153 2.169 2.184 2.198 2.212 2.226 2.240 2.253 2.266 2.278 2.290 2.301 2.313 2.323 2.334 2.344 2.353 2.362 2.371 2.379 2.387 2.394 2.401 2.408 2.414 2.420 2.425 2.429 2.433 2.436 2.438 2.440 2.441 2.442 2.442 2.442 2.442 2.442 2.441 2.440 2.439 2.438 2.437 2.436 2.435 2.434 2.432 2.432 2.430 2.430 2.428 2.428 2.426 2.425 2.424 2.424
1.770 1.782 1.794 1.806 1.818 1.831 1.843 1.856 1.869 1.882 1.896 1.909 1.922 1.935 1.949 1.962 1.975 1.988 2.001 2.013 2.025 2.036 2.047 2.057 2.066 2.075 2.083 2.091 2.098 2.104 2.109 2.114 2.119 2.123 2.126 2.129 2.132 2.134 2.135 2.137 2.138 2.138 2.139 2.139 2.139 2.138 2.137 2.136 2.134 2.132 2.130 2.127 2.124 2.121 2.117 2.114 2.110 2.106 2.102 2.098 2.095 2.091 2.088 2.084 2.081 2.078 2.075 2.072 2.069 2.066 2.063 2.059 2.056 2.053 2.049 2.045 2.040
1.682 1.691 1.701 1.711 1.722 1.732 1.743 1.754 1.765 1.776 1.787 1.798 1.809 1.819 1.830 1.840 1.850 1.859 1.868 1.876 1.883 1.890 1.896 1.901 1.905 1.909 1.911 1.913 1.913 1.913 1.912 1.910 1.907 1.903 1.898 1.893 1.887 1.880 1.873 1.866 1.858 1.849 1.840 1.831 1.821 1.812 1.802 1.791 1.781 1.770 1.760 1.750 1.739 1.729 1.719 1.709 1.699 1.689 1.680 1.671 1.663 1.655 1.647 1.640 1.632 1.625 1.618 1.611 1.604 1.597 1.590 1.583 1.576 1.568 1.560 1.551 1.542
1.584 1.590 1.597 1.605 1.613 1.621 1.629 1.637 1.645 1.653 1.661 1.668 1.676 1.683 1.689 1.696 1.702 1.707 1.711 1.715 1.718 1.720 1.721 1.721 1.719 1.717 1.713 1.707 1.700 1.692 1.682 1.671 1.658 1.644 1.629 1.613 1.596 1.578 1.559 1.540 1.520 1.499 1.477 1.455 1.433 1.411 1.389 1.366 1.343 1.321 1.299 1.278 1.258 1.239 1.220 1.203 1.187 1.171 1.157 1.143 1.130 1.117 1.104 1.092 1.080 1.068 1.057 1.045 1.034 1.022 1.011 0.999 0.988 0.976 0.965 0.954 0.943
1.483 1.483 1.488 1.493 1.498 1.502 1.507 1.511 1.515 1.519 1.522 1.526 1.529 1.532 1.534 1.536 1.537 1.537 1.536 1.535 1.531 1.527 1.520 1.512 1.502 1.490 1.476 1.460 1.442 1.422 1.400 1.376 1.350 1.323 1.294 1.263 1.231 1.197 1.162 1.127 1.092 1.058 1.025 0.991 0.959 0.927 0.899 0.872 0.847 0.823 0.800 0.778 0.757 0.737 0.717 0.700 0.685 0.670 0.657 0.645 0.633 0.622 0.611 0.601 0.591 0.581 0.571 0.561 0.552 0.543 0.533 0.524 0.515 0.505 0.496 0.488 0.479
1.372 1.370 1.373 1.375 1.377 1.378 1.379 1.380 1.380 1.380 1.379 1.377 1.374 1.371 1.367 1.361 1.354 1.346 1.336 1.325 1.312 1.296 1.278 1.258 1.235 1.209 1.181 1.151 1.118 1.082 1.044 1.004 0.965 0.926 0.885 0.844 0.807 0.772 0.737 0.702 0.670 0.640 0.611 0.584 0.558 0.532 0.509 0.487 0.466 0.447 0.429 0.411 0.395 0.379 0.365 0.351 0.339 0.328 0.318 0.309 0.301 0.293 0.286 0.279 0.273 0.267 0.261 0.255 0.249 0.243 0.238 0.232 0.227 0.222 0.216 0.211 0.207
1.250 1.250 1.249 1.248 1.246 1.243 1.240 1.236 1.231 1.225 1.218 1.209 1.199 1.187 1.173 1.157 1.140 1.120 1.097 1.072 1.044 1.014 0.980 0.944 0.906 0.868 0.829 0.788 0.748 0.710 0.673 0.636 0.601 0.568 0.536 0.505 0.475 0.448 0.422 0.397 0.373 0.352 0.331 0.312 0.294 0.277 0.261 0.247 0.233 0.220 0.209 0.197 0.187 0.178 0.169 0.160 0.153 0.146 0.140 0.134 0.130 0.125 0.121 0.118 0.115 0.112 0.109 0.106 0.103 0.101 0.098 0.096 0.094 0.091 0.089 0.087 0.085
1.119 1.115 1.110 1.103 1.096 1.088 1.078 1.066 1.054 1.039 1.022 1.003 0.982 0.959 0.933 0.904 0.872 0.839 0.804 0.768 0.730 0.692 0.656 0.620 0.585 0.550 0.517 0.485 0.454 0.425 0.397 0.370 0.345 0.321 0.299 0.278 0.258 0.240 0.223 0.208 0.193 0.180 0.167 0.156 0.146 0.136 0.127 0.119 0.111 0.104 0.098 0.092 0.086 0.081 0.077 0.072 0.069 0.065 0.062 0.059 0.056 0.054 0.052 0.050 0.049 0.047 0.046 0.045 0.044 0.043 0.042 0.041 0.040 0.039 0.038 0.037 0.036
0.967 0.957 0.944 0.931 0.916 0.899 0.879 0.858 0.835 0.809 0.781 0.750 0.719 0.687 0.653 0.619 0.586 0.554 0.522 0.490 0.460 0.430 0.401 0.374 0.348 0.323 0.299 0.276 0.255 0.236 0.217 0.200 0.184 0.169 0.156 0.143 0.132 0.122 0.112 0.103 0.095 0.088 0.082 0.076 0.070 0.065 0.061 0.056 0.053 0.049 0.046 0.043 0.040 0.038 0.036 0.034 0.032 0.030 0.028 0.027 0.026 0.025 0.024 0.023 0.022 0.021 0.021 0.020 0.020 0.019 0.019 0.018 0.018 0.017 0.017 0.016 0.016
0.784 0.766 0.745 0.722 0.697 0.671 0.644 0.615 0.586 0.556 0.527 0.499 0.470 0.442 0.415 0.389 0.363 0.338 0.314 0.291 0.269 0.248 0.229 0.210 0.193 0.177 0.162 0.148 0.135 0.124 0.113 0.103 0.094 0.086 0.078 0.072 0.066 0.060 0.055 0.051 0.046 0.043 0.039 0.037 0.034 0.031 0.029 0.027 0.025 0.024 0.022 0.021 0.019 0.018 0.017 0.016 0.015 0.014 0.014 0.013 0.012 0.012 0.011 0.011 0.011 0.010 0.010 0.010 0.009 0.009 0.009 0.009 0.008 0.008 0.008 0.008 0.007
0.571 0.547 0.522 0.497 0.472 0.447 0.423 0.399 0.375 0.352 0.329 0.307 0.286 0.266 0.246 0.228 0.210 0.193 0.177 0.162 0.149 0.136 0.124 0.113 0.102 0.093 0.085 0.077 0.070 0.063 0.057 0.052 0.047 0.043 0.039 0.036 0.033 0.030 0.027 0.025 0.023 0.021 0.020 0.018 0.017 0.015 0.014 0.013 0.012 0.012 0.011 0.010 0.010 0.009 0.008 0.008 0.007 0.007 0.007 0.006 0.006 0.006 0.005 0.005 0.005 0.005 0.005 0.005 0.004 0.004 0.004 0.004 0.004 0.004 0.004 0.004 0.004
0.374 0.354 0.334 0.315 0.296 0.277 0.259 0.242 0.225 0.209 0.193 0.178 0.164 0.151 0.139 0.127 0.116 0.106 0.096 0.087 0.079 0.072 0.065 0.059 0.053 0.048 0.044 0.040 0.036 0.032 0.029 0.027 0.024 0.022 0.020 0.018 0.017 0.015 0.014 0.013 0.012 0.011 0.010 0.009 0.008 0.008 0.007 0.007 0.006 0.006 0.005 0.005 0.005 0.004 0.004 0.004 0.004 0.003 0.003 0.003 0.003 0.003 0.002 0.002 0.002 0.002 0.002 0.002 0.002 0.002 0.002 0.002 0.002 0.002 0.002 0.002 0.002
0.229 0.215 0.201 0.188 0.175 0.162 0.150 0.139 0.128 0.118 0.108 0.099 0.091 0.083 0.075 0.069 0.062 0.057 0.051 0.046 0.042 0.038 0.034 0.031 0.028 0.025 0.023 0.021 0.019 0.017 0.015 0.014 0.013 0.011 0.010 0.009 0.009 0.008 0.007 0.007 0.006 0.005 0.005 0.005 0.004 0.004 0.004 0.003 0.003 0.003 0.003 0.002 0.002 0.002 0.002 0.002 0.002 0.002 0.001 0.001 0.001 0.001 0.001 0.001 0.001 0.001 0.001 0.001 0.001 0.001 0.001 0.001 0.001 0.001 0.001 0.001 0.000
0.133 0.124 0.115 0.107 0.099 0.091 0.084 0.077 0.071 0.065 0.059 0.054 0.049 0.045 0.041 0.037 0.034 0.030 0.027 0.025 0.022 0.020 0.018 0.016 0.015 0.013 0.012 0.011 0.010 0.009 0.008 0.007 0.007 0.006 0.005 0.005 0.004 0.004 0.004 0.003 0.003 0.003 0.002 0.002 0.002 0.002 0.002 0.001 0.001 0.001 0.001 0.001 0.001 0.001 0.001 0.001 0.001 0.000 0.000 0.000 0.000 0.000 0.000 0.000 0.000 0.000 0.000 0.000 0.000 0.000 0.000 0.000 0.000 0.000 0.000 0.000 0.000
0.075 0.069 0.064 0.059 0.055 0.050 0.046 0.043 0.039 0.036 0.033 0.030 0.027 0.024 0.022 0.020 0.018 0.016 0.015 0.013 0.012 0.011 0.010 0.009 0.008 0.007 0.006 0.006 0.005 0.005 0.004 0.004 0.003 0.003 0.003 0.002 0.002 0.002 0.002 0.001 0.001 0.001 0.001 0.001 0.001 0.001 0.001 0.000 0.000 0.000 0.000 0.000 0.000 0.000 0.000 0.000 0.000 0.000 0.000 0.000 0.000 0.000 0.000 0.000 0.000 0.000 0.000 0.000 0.000 0.000 0.000 0.000 0.000 0.000 0.000 0.000 0.000
0.042 0.039 0.036 0.033 0.030 0.028 0.026 0.023 0.022 0.020 0.018 0.016 0.015 0.013 0.012 0.011 0.010 0.009 0.008 0.007 0.007 0.006 0.005 0.005 0.004 0.004 0.003 0.003 0.003 0.002 0.002 0.002 0.002 0.001 0.001 0.001 0.001 0.001 0.001 0.000 0.000 0.000 0.000 0.000 0.000 0.000 0.000 0.000 0.000 0.000 0.000 0.000 0.000 0.000 0.000 0.000 0.000 0.000 0.000 0.000 0.000 0.000 0.000 0.000 0.000 0.000 0.000 0.000 0.000 0.000 0.000 0.000 0.000 0.000 0.000 0.000 0.000
