data/IdealizedTopo/Outputs_IdealizedTopo/release1HS_01IdealizedTopo_null_com1DFA_pft.asc
ncols 1001
nrows 301
xllcenter 1000.00
yllcenter -5000.00
cellsize 5.00
nodata_value nan
[rows 135 to 161 of 301, columns 248 to 309 of 1001]
0 0 0 0 0 0 0 0 0 0 0 0 0 0 0 0 0 0 0 0 0 0 0 0 0 0 0 0 0 0 0 0 0 0 0 0 0 0 0 0 0 0 0 0 0 0 0 0 0 0 0 0 0 0 0 0 0 0 0 0 0 0
0 0 0 0 0 0 0 0 0 0 0 0 0 0 0 0 0 0 0 0 0 0 0 0 0 0 0 0 0 0 0 0 0 0 0 0 0 0 0 0 0 0 0 0 0 0 0 0 0 0 0 0 0 0 0 0 0 0 0 0 0 0
0 0 0 0 0 0 0 0 0 0 0 0 0 0 0 0 0 0 0 0 0 0 0 0 0 0 0 0 0 0 0 0 0 0 0 0 0 0 0 0 0 0 0 0 0 0 0 0 0 0 0 0 0 0 0 0 0 0 0 0 0 0
0 0 0 0 0 0 0 0 0 0 0 0 0 0 0 0 0 0 0 0 0 0 0 0 0 0 0 0 0 0 0 0 0 0 0 0 0 0 0 0 0 0 0 0 0 0 0 0 0 0 0 0 0 0 0 0 0 0 0 0 0 0
0 0 0 0 0 0 0 0 0 0 0 0 0 0 0 0 0 0 0 0 0 0 0 0 0 0 0 0 0 0 0 0 0 0 0 0 0 0 0 0 0 0 0 0 0 0 0 0 0 0 0 0 0 0 0 0 0 0 0 0 0 0
0 0 0 0 0 0 0 0 0 0 0 0 0 0 0 0 0 0 0 0 0 0 0 0 0 0 0 0 0 0 0 0 0 0 0 0 0 0 0 0 0 0 0 0 0 0 0 0 0 0 0 0 0 0 0 0 0 0 0 0 0 0
0 0 0 0 0 0 0 0 0 0 0 0 0 0 0 0 0 0 0 0 0 0 0 0 0 0 0 0 0 0 0 0 0 0 0 0 0 0 0 0 0 0 0 0 0 0 0 0 0 0 0 0 0 0 0 0 0 0 0 0 0 0
0 0 0 0 0 0 0 0 0 0 0 0 0 0 0 0 0 0 0 0 0 0 0 0 0 0 0 0 0 0 0 0 0 0 0 0 0 0 0 0 0 0 0 0 0 0 0 0 0 0 0 0 0 0 0 0 0 0 0 0 0 0
0.04483981578590467 0.04701174156156251 0.04670328584505436 0.04131385185435858 0.04078028432564103 0.03982231886767793 0.04125916105973952 0.04425572673267639 0.04285268427519062 0.04210637494027849 0.04105418286422287 0.04003524770129683 0.04046687833108467 0.03810722289679745 0.04027445277922494 0.03952952548301202 0.0384042992944322 0.037328783664003 0.0378907333989263 0.04178458844223187 0.04490502638182581 0.04197045360850718 0.03882849661199018 0.03676901249782912 0.04018097160980925 0.04408051005920367 0.04573605223480227 0.04161039039090565 0.03940989994438568 0.04268068914004605 0.04368065165926599 0.04468765527009404 0.04467826185606979 0.04454307128375699 0.04307986898218521 0.04322719630859997 0.03992139869144781 0.04234382072939724 0.04441973065294251 0.04235687292652734 0.04037455345978693 0.03851094036829809 0.04026784458099982 0.04009838372391091 0.03817514264199585 0.03648620768155077 0.03504629642878537 0.03800726551621823 0.04016922726070299 0.04275329606864679 0.04555836200418811 0.04403236483391729 0.04612330241329091 0.04796829604152107 0.04919109086286846 0.05141441453441224 0.0472533007428794 0.05002218661876321 0.0504831276482297 0.052350516654499 0.04872815903129032 0.04939889232880948
0.6993212661179465 0.678676881605395 0.6742762599146915 0.6816451021111531 0.6955170856249275 0.7014713003859527 0.6883000451817414 0.6751607499035984 0.662096361539837 0.6491480088777952 0.6587367310795034 0.6817107373667273 0.6667572164638818 0.6522669986051545 0.6442131956668853 0.6366978489617097 0.6297299540435941 0.6285248031911946 0.643278591386514 0.6612229944803949 0.6759886086627728 0.664367810721334 0.6415021804334531 0.6228254605427594 0.6265659120619701 0.6301957307111298 0.645632239230842 0.6425656123725237 0.6426667249876105 0.6430221423446079 0.6433398844463747 0.6435323981593088 0.6517720016965489 0.6634652508523644 0.6588386709958454 0.6450535871946067 0.6421558476003878 0.639062059462182 0.6334609982432516 0.6351087635182581 0.6302162191289764 0.6309931061952341 0.6209508521286162 0.6345072598595376 0.6602029630650339 0.6863913385915763 0.6858292995624047 0.665250384490196 0.6489003434086992 0.6465692828576991 0.6443099534055464 0.6619653511288027 0.6564518716929358 0.6510020266208162 0.6332442784826647 0.6397010000401229 0.6334851526340323 0.6376705763295988 0.6257309622724219 0.6388870305618294 0.6336948081303628 0.6353640777003305
1.478714433221035 1.48204024269234 1.481475793707997 1.479968481632246 1.480086084719614 1.483261682381697 1.484868186887387 1.48395793307032 1.482531348412246 1.475903039892201 1.471098513072361 1.468475830935247 1.460081862875456 1.464361672048127 1.468058002132831 1.463643475603358 1.454663221827578 1.450730969482403 1.448003541364582 1.450180856599388 1.451121983400809 1.44922684452493 1.446422548404189 1.45212958625596 1.462112548460201 1.46522290317313 1.464544832333717 1.46284334183035 1.461148843704247 1.458627890939325 1.455540853073643 1.453224952671787 1.452383313064504 1.450470913751823 1.443152355156749 1.436185583527861 1.420942529044873 1.408527883712123 1.395717586707267 1.382114688971487 1.369113086191928 1.364245858535676 1.367630564495692 1.366701941744462 1.370786251262723 1.37447278536129 1.3765355402597 1.370710741696673 1.363063982317123 1.355338897447628 1.348499635211562 1.344822196915659 1.350137356508138 1.346053407053457 1.343973516624382 1.347445762478359 1.34536007618291 1.342975528894838 1.341546633772473 1.338997624661871 1.336413882066307 1.343630355414788
2.136062095301053 2.136268702135915 2.143769891967281 2.146052313626601 2.147512515485186 2.15024298587783 2.133903899966227 2.134319268227046 2.114763230598588 2.100981410770599 2.104619371441625 2.102984530365859 2.104317120845729 2.09983550572178 2.084839691594491 2.082964955389572 2.085258553480753 2.092930157795778 2.077458386487185 2.074589038564593 2.063579213323283 2.078836467768238 2.079390195639293 2.073815154862955 2.073696600828282 2.065612590426618 2.059604960781191 2.059680044875624 2.062030892645854 2.0538897734457 2.062683237431493 2.060060290588849 2.050430196278854 2.061411616670993 2.055100157411925 2.050141573875444 2.021381445992377 2.020322003206367 2.024643009901267 2.021293395499646 2.013669902588219 2.000483052370646 1.995069492427578 2.000405203402421 2.00311157968515 1.994617750311566 1.99415122652455 1.980490108315848 1.967775627979006 1.973840886189799 1.968218774835366 1.958859549826011 1.970636518611742 1.982935846631197 1.96887597591747 1.951113659310895 1.947579226672425 1.940347385763206 1.931417405812058 1.918955862673515 1.917030848115183 1.92525866412199
2.629185751655753 2.645115740101606 2.624844155528639 2.625863589875454 2.61711435875611 2.622661169149126 2.616364858969402 2.635921732186183 2.619631537548772 2.59526266230223 2.599765210240681 2.599510446164038 2.616319748779802 2.607782754421947 2.588496473739283 2.571346894322239 2.583036761693287 2.599320788654709 2.578190557784531 2.576126996024361 2.552976218793025 2.566753642068763 2.566170777201208 2.555121423512864 2.552970773120197 2.547096514375045 2.546213323721007 2.544791990429258 2.539235925817628 2.531612419476936 2.523563764630075 2.518734291166781 2.515073424628079 2.524593430774874 2.509805706507773 2.504311008599161 2.498827353377553 2.491153964329603 2.503491926433874 2.494937818746751 2.49328575432648 2.479723470035687 2.482045213818086 2.471249049812517 2.472673412508495 2.456717941692935 2.457049726576073 2.439213129164909 2.460391898169358 2.427245071296506 2.43079985322917 2.434629440303225 2.402935689099451 2.434193486176834 2.397238860531699 2.418282951372972 2.408474323847353 2.385641793645017 2.387131507801393 2.383314424019404 2.378573841739537 2.369224287845971
3.013538326024688 2.999799871613624 2.998925713417455 3.004673189666132 2.995529297654394 2.987533754756349 2.985034607228003 2.979434792387905 2.982896505417645 2.970361635211616 2.982127510751194 2.952121131022686 2.96512604326464 2.961374261148096 2.954926727414004 2.941128991546361 2.935170001794957 2.947679300195352 2.932663509968928 2.930686701915613 2.927935508401611 2.932934210528493 2.928219261253346 2.919206709552059 2.926022529445634 2.911388722672218 2.925279215465185 2.888327670340469 2.921719948577842 2.884545909618885 2.907771166654119 2.866482057854868 2.898534159534604 2.870443615832371 2.872719915867469 2.857292652459339 2.853540447765382 2.853122915515536 2.837368645813254 2.845890993803031 2.828326576504703 2.825415144326339 2.809287241086465 2.813351681078814 2.809119295557562 2.78734372215287 2.802894159131965 2.784401455999561 2.790625792504236 2.763160721852989 2.772761989989783 2.756783948021224 2.753753289031757 2.744954096939751 2.739073563783182 2.735706686557857 2.73431302083316 2.721637703780082 2.724250439694781 2.707852130326098 2.704063287253532 2.697067990313169
3.213821565638153 3.204252118367437 3.223196403865475 3.224178626121822 3.204512487343328 3.206922699750235 3.19249852690096 3.197851808629018 3.194419208590387 3.182513578854855 3.193473430142568 3.168498009170346 3.191040725269364 3.17034955440669 3.158595384824167 3.170161898257003 3.15491113550592 3.160318850612423 3.145844304264402 3.143013183700292 3.143848810518412 3.13164897292608 3.138059128215713 3.124286635579321 3.116062962533376 3.117653373345837 3.112051324566786 3.107404909239108 3.108231628485825 3.091780635421268 3.094601519870381 3.085947164707711 3.097933600204353 3.074777858258591 3.067180575626028 3.064767806462758 3.051791053355452 3.060478497578719 3.046204687340686 3.047807819817764 3.034643765123604 3.025495785121724 3.019400476417663 3.014352253524487 3.012174711393722 2.992417004993343 2.995670232228088 2.987751231466406 2.979077437972362 2.969724424606846 2.966873628103388 2.951236958061844 2.950751408133976 2.946514608318676 2.940148716576771 2.926382243123918 2.918670226555444 2.914666667865114 2.905358752377849 2.901574178997822 2.888066799138064 2.877791378538477
3.303602914996803 3.289526295825176 3.284953656396743 3.293265634350635 3.285959683836303 3.290163341191648 3.282632461826601 3.268553587003302 3.279407788375471 3.276921534790467 3.269805990305514 3.270898521168453 3.25242066788932 3.263597289929156 3.243791167955947 3.242728389802524 3.242346807244537 3.239436449594841 3.236289019626056 3.232604129291197 3.21856182317446 3.225075611292397 3.216742409656673 3.215617406652764 3.20367887360918 3.186767494905304 3.196571578100816 3.185161876564413 3.179551170932021 3.177941747666972 3.165587581766958 3.166515459846186 3.167692627245783 3.160324121052637 3.150862418910862 3.135835662732445 3.141162666214053 3.135068935097219 3.116985586021288 3.11907192359716 3.105573905305244 3.104928440177138 3.103223519282289 3.100279622886891 3.092279633738964 3.077846335161798 3.075074259604796 3.070687042108129 3.048890406889444 3.050529639214766 3.032204880396365 3.03072903654745 3.023468104038125 3.030358424635145 3.017113698456435 3.000662955978835 2.995868168345161 2.98919970550339 2.972220184239841 2.970196695628281 2.970870775498423 2.962205258595336
3.205347094483707 3.201210704276417 3.195993528702077 3.208064652425978 3.193262013366578 3.190101559500886 3.191182399953059 3.182977258114374 3.181936426514755 3.174187788381865 3.173524398202152 3.168719458593292 3.164908004337933 3.174172251826403 3.16061920686525 3.153862668095824 3.159996073574825 3.139514388270954 3.148788193805275 3.136705890894949 3.134292391649669 3.136888430966024 3.119739691338113 3.13414408531539 3.119607021954646 3.108681765084508 3.116292560618779 3.095468172979403 3.102548649366224 3.091970312519543 3.101091801798555 3.087452756841041 3.070947821049532 3.075606938453106 3.064962799347316 3.065461058452948 3.056680380573511 3.060117029253589 3.047207369082527 3.030347705267836 3.039380669715954 3.024227804246276 3.01612920043032 3.010788794208488 3.008124266598349 3.000261898654142 2.98964258846531 2.984814038153375 2.974675515417283 2.969703259508805 2.961885797789325 2.959784275958641 2.95778313528478 2.941754343901158 2.933067367116013 2.929898554227538 2.915536758217831 2.913949559999198 2.908925382718861 2.907292634260548 2.885596504752089 2.882223027812294
2.991138951685817 3.01335539946688 2.994261186871495 2.989987777625298 2.985033205755864 2.982388222545846 2.990904871686537 2.977007138368362 2.966890465618962 2.961557230359019 2.987647657078675 2.954276960645024 2.951172265857343 2.958334612810595 2.96291778125809 2.949506264908837 2.942677818731744 2.944240803107986 2.94828119275494 2.936348198510837 2.925310007907432 2.914145661287569 2.927732676131379 2.908078123928845 2.91662517413969 2.898053360890565 2.904672550479799 2.886179498551201 2.900950412476543 2.886166240343963 2.886437318121085 2.872211333438278 2.879518763796778 2.869741374618771 2.861931721510941 2.85213950774557 2.850692557181368 2.846401879201528 2.843402134099924 2.833065852440476 2.830540346577329 2.823487375680676 2.820774638236067 2.810958523247138 2.813975403659761 2.792778737299412 2.796950801150103 2.790543714844392 2.793541332063498 2.767836245833649 2.778150966647823 2.76416014630053 2.761998091321525 2.753061415158365 2.755089224579138 2.745020718231433 2.727358556159266 2.7298087152238 2.720911767819461 2.718976598596276 2.700752030696146 2.693567302499005
2.638349332209441 2.627977457545577 2.619985422024394 2.625153162933417 2.604921877169352 2.627986425185229 2.606206658199504 2.596716261223932 2.603618548105362 2.587850540461095 2.596687965493372 2.600374033747812 2.587676456170443 2.601287244993351 2.583475818798154 2.586081308735553 2.585570265869861 2.573145623399177 2.583852027647557 2.563532311907372 2.567301387234457 2.557439100149525 2.562246147358988 2.555117342386812 2.536116472495107 2.540863907407147 2.545137421157839 2.538094276770757 2.540117753440285 2.519235799039274 2.521920987828176 2.531930039953841 2.515242174161461 2.512174937861228 2.50795018594961 2.50915062866186 2.500140104669822 2.487517242907193 2.487987907263491 2.497683345448399 2.482607099130802 2.478391588753409 2.468044270846749 2.46811623237776 2.468667799974294 2.456049961448231 2.454957981789478 2.453639347095409 2.444645877150001 2.433780013448453 2.428847838278265 2.428030978075699 2.427439928707789 2.415523830342329 2.40682142687046 2.41921881446005 2.392221231612341 2.391381648100379 2.385072160242444 2.383079144619903 2.39047453696671 2.362913748595241
2.110814576752932 2.119863800280805 2.104531848102881 2.102664297604539 2.109881467952431 2.106791373672805 2.106690738922602 2.103518789045406 2.108303308562071 2.096318583625645 2.10168319935222 2.099688339935625 2.083283785213542 2.07719656396385 2.081581442445572 2.086848289603528 2.083743581162003 2.086738025948293 2.078880520377446 2.079137107454119 2.06857415700012 2.052295993207864 2.057551385868477 2.062804561564956 2.073904251384746 2.07088297245803 2.05358595709719 2.047063548801801 2.054434351233636 2.042855580423637 2.056500740479936 2.055242778906582 2.071845423941517 2.061126215906592 2.0386359363822 2.026198947615586 2.036901724609427 2.03038872434346 2.015653032413125 2.034741331870455 2.012359446814128 2.007734398734982 1.997122688856819 2.001954404655258 2.013706531864762 1.995766964887305 1.985408575083974 1.998420989528783 2.007158828338803 1.997112948231987 1.974374426266106 1.976559440751112 1.972299353271584 1.963357954905503 1.97648508401105 1.997732857748603 1.991065589917023 1.976212172068548 1.98040348609141 1.988134697806337 1.967101270101716 1.950281041391928
1.46100908665506 1.459063335188631 1.461244558764681 1.464351824728025 1.466242533781552 1.462793467444709 1.461990636353659 1.459218127706644 1.452423832682813 1.445347380775005 1.450778734210102 1.452334716916169 1.448141826593672 1.447857628596003 1.454401262763951 1.454846436800121 1.450451379258214 1.455328665946907 1.454377781275241 1.451330494710109 1.446981104367655 1.438193328462699 1.442167436861979 1.442875760957159 1.436768410759441 1.4343010999923 1.433466067013494 1.4321455254091 1.433037366094604 1.437429375490082 1.429507892717718 1.416872682528162 1.412187392094316 1.411918237705795 1.4072504704885 1.402201612356784 1.396625519619715 1.393343414748099 1.393048347500018 1.392225823627922 1.391173339620763 1.391528685042458 1.393520993735648 1.395176503534443 1.395991919001528 1.394627700324107 1.392007265152408 1.386607655582345 1.380305414096933 1.380301104983599 1.381003193947639 1.378863681058518 1.370452816589002 1.363491190286743 1.35930043710001 1.355708319843868 1.35226011532537 1.354304283980182 1.360418688292826 1.366338466778978 1.36693654409345 1.372460584039112
0.7278581282222418 0.7228874293881777 0.7322989608495772 0.719704808431466 0.7071205093460217 0.6992815250722119 0.6921688222694592 0.6952737580683784 0.7001806978865435 0.7067406193011387 0.6962981031740748 0.684074878460348 0.6727630753532807 0.6738323346446506 0.6752125674619598 0.6747068537917537 0.6570386851903648 0.6504106339305843 0.6477775462257988 0.6642067149011101 0.6824953195173373 0.6705062588668507 0.6725634127344151 0.6920709420950157 0.6930463518295746 0.6881342552032867 0.6831906461782954 0.6703752226844957 0.6593730238757506 0.665525056703054 0.6856572224203415 0.6882068045315652 0.6815430472808907 0.6738732958525575 0.6637527668222291 0.6570512868297208 0.6620399291652954 0.6787804147526417 0.6785174873121821 0.6673218064820845 0.6560988255891462 0.6551823666544433 0.6622499769789262 0.6436092442024042 0.6400646286033748 0.6489725613310887 0.6521157061595858 0.6587337496104566 0.6538767533156552 0.6638824892734665 0.6814993250895781 0.6927766678338361 0.703660989308153 0.7111464646315068 0.6887180871310177 0.6697290085559684 0.6930554057395633 0.7181013440083657 0.7378004736386146 0.7448153567652763 0.7296875754326362 0.7043570078625815
0.05369136369464666 0.0535957873481864 0.05124189686000788 0.05240956393204884 0.05323824845283323 0.05375215166183925 0.05397484767937109 0.0539370981042935 0.04938840093726461 0.04892513207571464 0.04834245296279332 0.04767955634026873 0.04696890022991824 0.04534927612178294 0.04103627314908274 0.0442790716733021 0.04257722045060175 0.0407654581573409 0.04033500629850622 0.04056915208425855 0.04219203558214158 0.04223136990467528 0.04204377642074344 0.04163802855705818 0.04101941976917992 0.04229836170704205 0.04243953158973253 0.04131231099486356 0.03994026025966604 0.03832629324881236 0.04054715985455888 0.03859935926295689 0.03645492947555012 0.03413658559959659 0.03389418937319367 0.03542735156190355 0.03787026838729219 0.03747233407790226 0.03583043246213635 0.03578058335936454 0.03665761384906402 0.03789602312952488 0.04017460177100667 0.03795524498753824 0.03538618471676915 0.03604805083858822 0.03677515608946174 0.03895561272240254 0.03616561600777496 0.03369772095190712 0.03477079505966546 0.03639201627882105 0.03799437130949308 0.03954274966292516 0.03582169435311595 0.03803091419081105 0.0411251560936679 0.04585298747735998 0.04838005933785261 0.04667302428788412 0.04728622165103369 0.05173729751879747
0 0 0 0 0 0 0 0 0 0 0 0 0 0 0 0 0 0 0 0 0 0 0 0 0 0 0 0 0 0 0 0 0 0 0 0 0 0 0 0 0 0 0 0 0 0 0 0 0 0 0 0 0 0 0 0 0 0 0 0 0 0
0 0 0 0 0 0 0 0 0 0 0 0 0 0 0 0 0 0 0 0 0 0 0 0 0 0 0 0 0 0 0 0 0 0 0 0 0 0 0 0 0 0 0 0 0 0 0 0 0 0 0 0 0 0 0 0 0 0 0 0 0 0
0 0 0 0 0 0 0 0 0 0 0 0 0 0 0 0 0 0 0 0 0 0 0 0 0 0 0 0 0 0 0 0 0 0 0 0 0 0 0 0 0 0 0 0 0 0 0 0 0 0 0 0 0 0 0 0 0 0 0 0 0 0
0 0 0 0 0 0 0 0 0 0 0 0 0 0 0 0 0 0 0 0 0 0 0 0 0 0 0 0 0 0 0 0 0 0 0 0 0 0 0 0 0 0 0 0 0 0 0 0 0 0 0 0 0 0 0 0 0 0 0 0 0 0
