data/IdealizedTopo/Outputs_IdealizedTopo/release1HS_null_01IdealizedTopo_faSavageHutterFoamGamma_pft.asc
ncols 1001
nrows 301
xllcenter 1000
yllcenter -5000
cellsize 5
NODATA_value -9999
[rows 128 to 159 of 301, columns 71 to 141 of 1001]
1.05393e-05 1.05018e-05 1.05683e-05 1.06455e-05 1.06254e-05 1.06154e-05 1.06485e-05 1.06791e-05 1.07681e-05 1.07578e-05 1.0797e-05 1.07922e-05 1.08522e-05 1.09228e-05 1.09276e-05 1.09433e-05 1.09826e-05 1.1009e-05 1.10894e-05 1.10696e-05 1.11219e-05 1.11645e-05 1.12385e-05 1.13052e-05 1.13382e-05 1.13981e-05 1.14674e-05 1.14819e-05 1.15349e-05 1.15723e-05 1.16236e-05 1.16763e-05 1.17908e-05 1.17962e-05 1.1857e-05 1.19055e-05 1.19279e-05 1.20034e-05 1.20109e-05 1.21254e-05 1.21254e-05 1.21662e-05 1.21805e-05 1.22171e-05 1.2255e-05 1.22594e-05 1.22956e-05 1.22984e-05 1.23449e-05 1.22832e-05 1.23257e-05 1.2296e-05 1.23256e-05 1.22599e-05 1.22884e-05 1.22342e-05 1.22529e-05 1.21895e-05 1.2216e-05 1.2141e-05 1.21632e-05 1.20648e-05 1.19538e-05 1.19706e-05 1.18273e-05 1.18548e-05 1.1758e-05 1.17296e-05 1.15831e-05 1.15752e-05 1.13937e-05
1.05071e-05 1.05728e-05 1.04469e-05 1.0538e-05 1.05874e-05 1.06011e-05 1.06559e-05 1.06295e-05 1.06704e-05 1.07147e-05 1.07314e-05 1.07164e-05 1.07432e-05 1.07822e-05 1.08075e-05 1.08504e-05 1.09277e-05 1.09215e-05 1.09869e-05 1.10089e-05 1.10229e-05 1.11075e-05 1.1129e-05 1.1169e-05 1.12184e-05 1.12402e-05 1.13079e-05 1.13417e-05 1.14034e-05 1.14262e-05 1.14976e-05 1.15348e-05 1.15423e-05 1.15997e-05 1.16589e-05 1.17088e-05 1.17563e-05 1.18382e-05 1.18272e-05 1.18488e-05 1.19529e-05 1.19787e-05 1.19841e-05 1.20818e-05 1.20445e-05 1.21407e-05 1.20979e-05 1.21657e-05 1.21848e-05 1.22e-05 1.22281e-05 1.22091e-05 1.22547e-05 1.22125e-05 1.2248e-05 1.22012e-05 1.22462e-05 1.21803e-05 1.22455e-05 1.21666e-05 1.22086e-05 1.21378e-05 1.21483e-05 1.20776e-05 1.21028e-05 1.20477e-05 1.20501e-05 1.19744e-05 1.19253e-05 1.18328e-05 1.17887e-05
1.04351e-05 1.04103e-05 1.06412e-05 1.05633e-05 1.04985e-05 1.06737e-05 1.05953e-05 1.06938e-05 1.01723e-05 1.05558e-05 1.06719e-05 1.06851e-05 1.07154e-05 1.07639e-05 1.0806e-05 1.07951e-05 1.08269e-05 1.0874e-05 1.08798e-05 1.09159e-05 1.09143e-05 1.09469e-05 1.10432e-05 1.09927e-05 1.10498e-05 1.11005e-05 1.1116e-05 1.11672e-05 1.12355e-05 1.12538e-05 1.13104e-05 1.13816e-05 1.14293e-05 1.14465e-05 1.14764e-05 1.15459e-05 1.15374e-05 1.16654e-05 1.1705e-05 1.16902e-05 1.1759e-05 1.17507e-05 1.18106e-05 1.18547e-05 1.19136e-05 1.1938e-05 1.19417e-05 1.19845e-05 1.19944e-05 1.20509e-05 1.20571e-05 1.21289e-05 1.21095e-05 1.21339e-05 1.2161e-05 1.21307e-05 1.21865e-05 1.2113e-05 1.21953e-05 1.21327e-05 1.21794e-05 1.21367e-05 1.21591e-05 1.21295e-05 1.21266e-05 1.21342e-05 1.20816e-05 1.20994e-05 1.20359e-05 1.20768e-05 1.19956e-05
5.41182e-06 1.13269e-05 1.04009e-05 7.797e-06 1.07385e-05 5.28782e-06 7.00303e-06 1.01396e-05 1.14443e-05 1.09585e-05 1.07448e-05 1.06346e-05 1.07082e-05 1.0639e-05 1.06705e-05 1.07116e-05 1.06939e-05 1.07709e-05 1.07985e-05 1.08872e-05 1.08805e-05 1.08201e-05 1.09217e-05 1.09801e-05 1.09392e-05 1.1018e-05 1.10624e-05 1.10783e-05 1.11529e-05 1.11775e-05 1.11859e-05 1.11904e-05 1.12417e-05 1.13298e-05 1.1347e-05 1.13577e-05 1.1382e-05 1.14281e-05 1.14999e-05 1.15492e-05 1.16097e-05 1.16613e-05 1.1663e-05 1.17081e-05 1.17285e-05 1.17989e-05 1.18643e-05 1.18198e-05 1.18996e-05 1.18827e-05 1.18984e-05 1.19517e-05 1.19784e-05 1.19992e-05 1.20104e-05 1.20556e-05 1.20799e-05 1.20452e-05 1.2103e-05 1.20693e-05 1.21201e-05 1.20738e-05 1.21291e-05 1.21056e-05 1.2092e-05 1.21079e-05 1.20878e-05 1.21049e-05 1.20614e-05 1.21014e-05 1.20283e-05
8.33508e-05 0.000122074 5.90099e-05 5.90164e-06 7.24045e-05 8.04989e-05 1.61278e-05 2.60642e-05 1.40437e-05 -1.25054e-05 1.03024e-05 6.76827e-06 1.25392e-05 1.12579e-05 1.06809e-05 1.08037e-05 1.09259e-05 1.06576e-05 1.07546e-05 1.0706e-05 1.07389e-05 1.09181e-05 1.06004e-05 1.08189e-05 1.10114e-05 1.07619e-05 1.09162e-05 1.0988e-05 1.10183e-05 1.10754e-05 1.10946e-05 1.11274e-05 1.11446e-05 1.11717e-05 1.12419e-05 1.12882e-05 1.12846e-05 1.13342e-05 1.14049e-05 1.13979e-05 1.14084e-05 1.14392e-05 1.14927e-05 1.15437e-05 1.15976e-05 1.1625e-05 1.16308e-05 1.16853e-05 1.16983e-05 1.17773e-05 1.17702e-05 1.17707e-05 1.18482e-05 1.18557e-05 1.18614e-05 1.18834e-05 1.19446e-05 1.19503e-05 1.19523e-05 1.19945e-05 1.20292e-05 1.19777e-05 1.2057e-05 1.20095e-05 1.20378e-05 1.20351e-05 1.20382e-05 1.2054e-05 1.20423e-05 1.20852e-05 1.20349e-05
0.00147552 2.33352e-05 0.00072977 0.000946536 -0.000602064 0.00063501 0.000562931 0.000663932 0.00022348 9.17481e-05 0.000152301 0.000126035 -2.67783e-05 3.14891e-05 1.42513e-05 -1.12855e-05 1.02463e-05 -6.64157e-06 5.98562e-06 1.20606e-05 4.6126e-06 1.10193e-05 1.12623e-05 4.23608e-06 1.08269e-05 1.10325e-05 1.07951e-05 1.09423e-05 1.08722e-05 1.09129e-05 1.10035e-05 1.09952e-05 1.10392e-05 1.1171e-05 1.11359e-05 1.11449e-05 1.11851e-05 1.11634e-05 1.12254e-05 1.12655e-05 1.1327e-05 1.1344e-05 1.13706e-05 1.14202e-05 1.14302e-05 1.14923e-05 1.15343e-05 1.15446e-05 1.15824e-05 1.16292e-05 1.16545e-05 1.1697e-05 1.16673e-05 1.17311e-05 1.17969e-05 1.17673e-05 1.18142e-05 1.18218e-05 1.18204e-05 1.18435e-05 1.18947e-05 1.19164e-05 1.19073e-05 1.19239e-05 1.19472e-05 1.19503e-05 1.2005e-05 1.19759e-05 1.19709e-05 1.20117e-05 1.19766e-05
0.0125708 0.00879474 -0.0128742 0.00285938 0.000505097 -0.0120198 0.00302117 -0.000745083 0.0024396 0.00226231 -0.00173629 0.00099736 0.000607339 0.00011918 0.000111215 -1.7324e-06 0.000797741 0.000284131 8.10012e-05 7.17569e-05 4.84002e-05 -0.000182893 4.54965e-05 4.89579e-05 2.62615e-06 1.18999e-05 1.06523e-05 1.09353e-05 1.09962e-05 1.05844e-05 1.08288e-05 1.10639e-05 1.02278e-05 1.0854e-05 1.11364e-05 1.10734e-05 1.11261e-05 1.11048e-05 1.11623e-05 1.1211e-05 1.12127e-05 1.12637e-05 1.12685e-05 1.12865e-05 1.13523e-05 1.13422e-05 1.13738e-05 1.14454e-05 1.14372e-05 1.14914e-05 1.15224e-05 1.1556e-05 1.15894e-05 1.15781e-05 1.16203e-05 1.16752e-05 1.16594e-05 1.17197e-05 1.17552e-05 1.17489e-05 1.17863e-05 1.17828e-05 1.18354e-05 1.18556e-05 1.18428e-05 1.18501e-05 1.1887e-05 1.19125e-05 1.19128e-05 1.1916e-05 1.19406e-05
0.152402 0.137421 0.134797 0.112929 0.108339 0.0735287 0.0596997 0.0501256 0.0141316 0.0182396 0.00959609 -0.00820155 0.005831 -0.00146019 0.00609203 0.00526941 -0.000155617 0.00151591 0.00105525 -0.000813414 0.000507168 0.00132583 2.92472e-05 0.000246221 0.000120537 6.54996e-05 3.66062e-05 1.12412e-05 1.19062e-05 1.10756e-05 -1.91259e-05 1.32127e-05 1.29128e-05 4.26761e-06 1.05076e-05 1.05342e-05 1.09191e-05 1.11395e-05 1.09578e-05 1.10294e-05 1.12391e-05 1.10152e-05 1.11632e-05 1.12161e-05 1.12414e-05 1.12949e-05 1.13192e-05 1.13202e-05 1.13212e-05 1.13509e-05 1.14038e-05 1.14236e-05 1.14742e-05 1.15096e-05 1.15195e-05 1.15429e-05 1.15698e-05 1.16042e-05 1.16297e-05 1.16564e-05 1.16437e-05 1.1696e-05 1.17192e-05 1.17336e-05 1.17881e-05 1.17738e-05 1.1769e-05 1.18011e-05 1.17934e-05 1.18537e-05 1.18462e-05
0.527533 0.504442 0.481311 0.468496 0.40353 0.381089 0.372153 0.301668 0.264982 0.213412 0.193619 0.149845 0.112824 0.0919177 0.0437803 0.0378554 0.0200452 0.00412654 0.00554598 0.00174945 -0.00777362 0.0014732 0.00036738 0.00295606 0.00136192 -0.000145535 0.000300411 0.000116313 -0.000779348 0.00014519 0.000206818 -0.00029426 4.00706e-05 3.90069e-05 1.70882e-05 1.33033e-05 5.14115e-06 1.17756e-05 1.10897e-05 4.56474e-06 1.09437e-05 1.10316e-05 1.10588e-05 1.11243e-05 1.13594e-05 1.12312e-05 1.11045e-05 1.14262e-05 1.12857e-05 1.12351e-05 1.14349e-05 1.13478e-05 1.13654e-05 1.13736e-05 1.13925e-05 1.14334e-05 1.14558e-05 1.14823e-05 1.15247e-05 1.15698e-05 1.15702e-05 1.15775e-05 1.16016e-05 1.16112e-05 1.1649e-05 1.16667e-05 1.17007e-05 1.17096e-05 1.17214e-05 1.17674e-05 1.17849e-05
0.839719 0.820588 0.796219 0.748293 0.73026 0.723691 0.6784 0.66443 0.640343 0.607653 0.557027 0.505619 0.473959 0.405429 0.350078 0.285393 0.231938 0.174576 0.140861 0.119368 0.0659451 0.0567834 0.035786 0.00973472 0.00891118 0.000361203 -0.0077845 0.00114357 0.00250073 -0.00292473 0.000773776 0.00131994 0.00108696 0.000270349 -0.000267007 0.000108626 6.34154e-05 -0.000101866 4.04243e-05 5.17211e-05 -4.80824e-05 1.44196e-05 9.79109e-06 4.63278e-06 1.02964e-05 1.18298e-05 1.1305e-05 1.03922e-05 1.15073e-05 1.13194e-05 1.08484e-05 1.11874e-05 1.12589e-05 1.14655e-05 1.12108e-05 1.13047e-05 1.14096e-05 1.13995e-05 1.13991e-05 1.14699e-05 1.14785e-05 1.14739e-05 1.15097e-05 1.15276e-05 1.15735e-05 1.15616e-05 1.15785e-05 1.16283e-05 1.16301e-05 1.16657e-05 1.17056e-05
1.08463 1.04474 0.996908 0.980236 0.944174 0.909304 0.902594 0.863891 0.840874 0.82205 0.830882 0.818295 0.795292 0.764283 0.731227 0.701097 0.643642 0.597396 0.546526 0.471744 0.413079 0.373293 0.281123 0.208222 0.157757 0.128564 0.0779451 0.0714638 0.0446441 0.0214869 0.0303159 0.0163022 -0.000909414 0.00747807 0.00128184 -0.0036255 0.000833058 0.000824196 -0.00174536 0.000436048 0.000182764 0.000127212 3.20598e-05 -3.52621e-05 2.47722e-05 3.44047e-06 3.06113e-05 1.67127e-05 7.34089e-06 1.6685e-05 1.27018e-05 1.14185e-05 8.18361e-06 1.08989e-05 1.12638e-05 1.11202e-05 1.1304e-05 1.14182e-05 1.13621e-05 1.12763e-05 1.15513e-05 1.1471e-05 1.14912e-05 1.14599e-05 1.14532e-05 1.15237e-05 1.15061e-05 1.15239e-05 1.1535e-05 1.15223e-05 1.15761e-05
1.28177 1.2421 1.21913 1.18063 1.14858 1.13928 1.1112 1.08792 1.06585 1.04889 1.03681 0.989824 0.986792 0.985216 0.951652 0.91706 0.917807 0.901776 0.860971 0.836548 0.798002 0.726508 0.685149 0.657404 0.593243 0.517192 0.452385 0.407271 0.317806 0.262199 0.202663 0.149304 0.105362 0.0640716 0.0456785 0.0250488 0.00142176 0.00624363 0.00277006 -0.00763975 0.00577969 0.000192736 0.00203922 0.00155083 0.000288353 0.000414723 -8.35753e-05 0.000598378 0.000180253 1.2451e-05 6.52853e-06 2.206e-05 2.65924e-05 -7.75139e-05 1.24552e-05 1.07778e-05 -0.000148414 1.37252e-05 8.86168e-06 -7.02403e-05 9.19207e-06 8.26722e-06 1.14794e-05 1.10524e-05 1.19027e-05 1.15288e-05 1.1458e-05 1.16993e-05 1.15582e-05 1.16296e-05 1.13125e-05
1.42316 1.39798 1.38817 1.37164 1.33872 1.31914 1.29862 1.27543 1.25238 1.24024 1.22328 1.21556 1.20644 1.18997 1.17784 1.17663 1.16323 1.13964 1.12032 1.08543 1.0454 1.03968 0.977727 0.938059 0.896642 0.876763 0.824441 0.752901 0.76116 0.661242 0.588016 0.548039 0.482201 0.404745 0.346052 0.277466 0.216787 0.188088 0.148186 0.0934044 0.0720131 0.0591574 0.0138726 0.0190802 0.000672579 -0.00549421 0.00808314 -0.00208321 -0.00876422 0.000818631 -0.000642311 -0.00482019 0.000610805 -8.01787e-05 -0.00122873 0.00029207 0.000800725 -0.000151381 0.000118646 0.000415099 0.000116158 6.01792e-05 3.24956e-05 1.90402e-05 1.06453e-05 -4.9701e-06 1.26673e-05 5.9327e-06 1.66407e-06 1.29207e-05 1.14603e-05
1.54854 1.53351 1.51622 1.4981 1.48525 1.47655 1.45701 1.45064 1.43393 1.40938 1.39467 1.38163 1.35239 1.35704 1.34123 1.32282 1.32398 1.33125 1.31666 1.3226 1.31004 1.27648 1.28878 1.26784 1.23301 1.19852 1.164 1.14242 1.07503 1.04842 1.03084 0.980667 0.927948 0.914372 0.842753 0.794193 0.7433 0.674219 0.573392 0.504514 0.453191 0.364019 0.317705 0.257652 0.195101 0.132891 0.104275 0.0822555 0.0500307 0.016874 0.023138 0.0115503 -0.00230481 0.0123924 0.0015226 0.012828 0.0041728 -0.00159089 0.00492614 0.000988172 -0.00398374 0.000478784 -0.000159228 -0.00123802 0.00024879 0.000106797 0.000167656 0.000213586 0.000115949 -0.00022265 0.000124945
1.61279 1.61189 1.61771 1.60702 1.59984 1.59069 1.58725 1.57582 1.56694 1.56599 1.55971 1.55298 1.54801 1.53495 1.53718 1.52546 1.52119 1.51656 1.49014 1.48567 1.47978 1.50194 1.4892 1.4974 1.47321 1.46575 1.47272 1.43478 1.43191 1.41339 1.35718 1.33389 1.32412 1.25778 1.22753 1.2211 1.13718 1.0895 1.06513 1.02759 0.950648 0.902533 0.820906 0.757327 0.725253 0.670408 0.559335 0.50151 0.44161 0.371148 0.324227 0.286399 0.18642 0.178643 0.155134 0.0934546 0.0850356 0.0818898 0.0361285 0.0418386 0.0234259 -0.00551431 0.0144688 0.00190477 -0.0151232 0.00548978 -0.00587956 -0.0184121 0.00359694 -0.00380048 -0.0186173
1.67224 1.67415 1.67435 1.68159 1.68384 1.69112 1.69213 1.68918 1.69105 1.69162 1.68003 1.68 1.6771 1.68304 1.6855 1.68925 1.6794 1.68287 1.66891 1.66976 1.68021 1.66349 1.67966 1.68158 1.68008 1.68184 1.68986 1.69062 1.67383 1.67848 1.66723 1.66032 1.65728 1.63226 1.61057 1.58979 1.56237 1.55656 1.51188 1.46878 1.4584 1.40507 1.36011 1.33155 1.24919 1.18031 1.20101 1.10532 1.07151 1.05398 0.993209 0.871739 0.876856 0.852776 0.706642 0.666768 0.614099 0.501706 0.46379 0.442808 0.369857 0.342816 0.311918 0.264084 0.228671 0.219378 0.191527 0.160982 0.119213 0.127426 0.100026
1.7318 1.73966 1.75108 1.75037 1.7591 1.76592 1.7723 1.7795 1.78064 1.7929 1.80159 1.8062 1.80382 1.79697 1.79396 1.80472 1.80943 1.81363 1.83457 1.84173 1.84984 1.8491 1.82799 1.84403 1.85551 1.83753 1.86113 1.87239 1.89453 1.88512 1.90265 1.90167 1.90631 1.9178 1.9119 1.91437 1.91837 1.85435 1.86739 1.85583 1.7833 1.79818 1.77711 1.72791 1.77657 1.72257 1.6494 1.66125 1.63893 1.56693 1.55495 1.52627 1.4196 1.35602 1.34236 1.28069 1.23745 1.24692 1.18044 1.09623 1.09972 1.02048 0.964509 0.953231 0.925711 0.845812 0.838896 0.826314 0.793157 0.78312 0.752018
1.77875 1.79663 1.80984 1.81513 1.82616 1.83553 1.84852 1.8563 1.86238 1.87687 1.88355 1.89684 1.91142 1.92845 1.93411 1.94838 1.95184 1.95799 1.96738 1.9625 1.97343 1.98568 2.00394 1.99732 2.02066 2.04402 2.04942 2.03396 2.06021 2.0888 2.08921 2.11303 2.12152 2.13924 2.13757 2.1468 2.18346 2.19152 2.19209 2.22348 2.22696 2.23456 2.23966 2.23722 2.20039 2.19581 2.18537 2.13698 2.13391 2.10608 2.06085 2.08852 2.03681 2.04784 2.03123 1.95014 1.92876 1.91248 1.82653 1.8452 1.84323 1.76688 1.80628 1.77327 1.6924 1.74884 1.68935 1.62464 1.62027 1.59239 1.54047
1.81137 1.81351 1.8301 1.85556 1.86859 1.88183 1.90849 1.91252 1.92418 1.94175 1.95848 1.96684 1.98937 2.00805 2.01981 2.03644 2.03551 2.05226 2.07682 2.08544 2.08906 2.11799 2.12713 2.14431 2.16071 2.14152 2.17366 2.219 2.21538 2.23302 2.26523 2.29069 2.31724 2.37182 2.37743 2.4006 2.42883 2.43562 2.46098 2.46482 2.48529 2.47639 2.49683 2.50567 2.52751 2.53862 2.54496 2.5554 2.5662 2.55155 2.55439 2.56629 2.54596 2.46817 2.47047 2.47921 2.46361 2.47856 2.49423 2.44296 2.4375 2.43936 2.36032 2.38163 2.34541 2.24324 2.25887 2.28216 2.24607 2.28758 2.29959
1.83692 1.85331 1.86381 1.87582 1.8843 1.8978 1.92522 1.94824 1.9608 1.99227 2.00364 2.01598 2.04604 2.04494 2.05989 2.08603 2.10185 2.12251 2.15222 2.1573 2.1842 2.20229 2.22462 2.24681 2.26821 2.29857 2.31751 2.33053 2.34099 2.37164 2.42082 2.43793 2.45984 2.48598 2.53297 2.57639 2.61378 2.6433 2.66038 2.6888 2.72465 2.77098 2.79885 2.82348 2.83739 2.84446 2.87366 2.88097 2.88941 2.93651 2.92895 2.92618 3.10687 2.93823 2.93737 2.976 2.89161 2.88411 2.95142 2.84842 2.86758 2.92667 2.89453 2.89362 2.91817 2.95441 2.95323 2.91736 2.91474 2.91758 2.91241
1.88295 1.89742 1.90983 1.92001 1.92379 1.94153 1.94809 1.96544 1.98149 1.99604 2.01628 2.0357 2.05327 2.07626 2.10656 2.1274 2.14244 2.16629 2.19441 2.22356 2.23852 2.27347 2.29531 2.32046 2.3703 2.38691 2.41513 2.45021 2.47798 2.49776 2.51746 2.54381 2.55243 2.57711 2.62214 2.63461 2.68108 2.74232 2.80086 2.84652 2.90329 2.93528 2.95556 2.99656 3.03266 3.05147 3.10486 3.10342 3.12063 3.16416 3.16297 3.17544 3.22952 3.23812 3.25325 3.25472 3.29632 3.29622 3.27001 3.31554 3.31529 3.31888 3.32774 3.34704 3.4024 3.32897 3.35195 3.38614 3.36173 3.35981 3.39508
1.88583 1.89243 1.90556 1.93065 1.9478 1.96262 1.97986 1.98431 2.00393 2.02397 2.04508 2.06404 2.0896 2.11623 2.13501 2.15422 2.19288 2.20965 2.2427 2.26723 2.288 2.32144 2.33812 2.37082 2.40131 2.42883 2.45975 2.49193 2.51891 2.53152 2.55823 2.58698 2.62186 2.65815 2.68868 2.7201 2.74683 2.79045 2.83112 2.8712 2.9001 2.93813 2.98332 3.04802 3.08843 3.14112 3.19358 3.21685 3.26557 3.29615 3.32766 3.33739 3.39647 3.40042 3.41829 3.49064 3.45888 3.46423 3.5642 3.52239 3.53101 3.59115 3.56746 3.56792 3.59971 3.60762 3.62482 3.64769 3.66498 3.64944 3.66674
1.87505 1.89356 1.91717 1.92788 1.94472 1.9632 1.99633 2.02914 2.03484 2.04505 2.05957 2.07521 2.1057 2.1179 2.13778 2.17082 2.18915 2.22084 2.25697 2.2716 2.29598 2.34373 2.37046 2.39113 2.42571 2.46581 2.48349 2.50753 2.53934 2.56757 2.60773 2.64027 2.66948 2.69697 2.73182 2.76847 2.78362 2.79797 2.831 2.87028 2.92057 2.98031 3.01726 3.07043 3.12214 3.14548 3.21727 3.26986 3.28512 3.35241 3.40051 3.40734 3.44562 3.46014 3.47175 3.46356 3.48039 3.49226 3.50726 3.53557 3.57107 3.60378 3.61096 3.63954 3.68214 3.69455 3.70647 3.70729 3.73615 3.73557 3.69287
1.88789 1.89455 1.90768 1.93375 1.95072 1.96384 1.98164 1.98739 2.00505 2.02714 2.04943 2.06639 2.0913 2.11349 2.13358 2.15764 2.18417 2.20674 2.23801 2.27099 2.29267 2.32162 2.34075 2.37226 2.39994 2.42524 2.44926 2.48628 2.52382 2.558 2.58681 2.61273 2.64487 2.67127 2.70012 2.72876 2.74969 2.79314 2.82518 2.87154 2.91991 2.96025 2.99885 3.05231 3.09503 3.14164 3.17793 3.20284 3.25151 3.27046 3.31638 3.32935 3.38725 3.39562 3.41412 3.4856 3.4608 3.46995 3.57882 3.5362 3.54683 3.60774 3.58124 3.59678 3.61796 3.59102 3.60503 3.62218 3.64034 3.62131 3.65702
1.87835 1.89568 1.91074 1.91721 1.92217 1.93985 1.95102 1.96672 1.9833 2.0011 2.02232 2.04141 2.06776 2.08108 2.10864 2.13224 2.15115 2.17841 2.21087 2.23508 2.24934 2.28665 2.31082 2.32678 2.35778 2.38485 2.41115 2.43685 2.46529 2.4719 2.5043 2.52919 2.54988 2.58253 2.62158 2.64702 2.68742 2.74929 2.80117 2.85003 2.89534 2.91451 2.94382 2.98151 3.01618 3.03735 3.10215 3.09735 3.11272 3.18121 3.15668 3.17136 3.22121 3.23695 3.25097 3.26927 3.30749 3.3103 3.2943 3.33906 3.34078 3.35656 3.36731 3.35954 3.40937 3.35521 3.36805 3.36735 3.33032 3.32454 3.36331
1.84402 1.85779 1.86898 1.87168 1.88379 1.9036 1.9338 1.95755 1.9657 1.9952 1.997 2.01617 2.04268 2.04184 2.05767 2.08425 2.10321 2.11735 2.1384 2.14403 2.17448 2.18152 2.21131 2.23674 2.25876 2.29609 2.32784 2.34312 2.35362 2.37833 2.4033 2.42524 2.44754 2.47045 2.52786 2.57572 2.61743 2.65189 2.678 2.69966 2.74059 2.79486 2.81017 2.84252 2.85188 2.85373 2.88646 2.89662 2.90339 2.93646 2.93928 2.92962 3.10142 2.93987 2.9379 2.95955 2.90109 2.87574 2.93737 2.85386 2.8604 2.91036 2.8866 2.90074 2.9204 2.95755 2.95697 2.97948 2.96745 2.95627 2.93202
1.82392 1.82035 1.83345 1.85671 1.87039 1.88735 1.89619 1.90812 1.9181 1.93721 1.95409 1.96085 1.9839 2.00172 2.01707 2.03673 2.04043 2.05492 2.08728 2.08431 2.08226 2.12071 2.1215 2.13708 2.16388 2.13326 2.15982 2.19206 2.19184 2.21888 2.27057 2.29502 2.3196 2.37019 2.39056 2.40967 2.43437 2.44458 2.46298 2.47882 2.48562 2.47529 2.51943 2.51554 2.53945 2.56358 2.55931 2.55075 2.56338 2.5482 2.54263 2.55838 2.53728 2.46791 2.47762 2.48243 2.4408 2.45911 2.48883 2.43416 2.43096 2.41921 2.34451 2.353 2.32848 2.23935 2.26854 2.28562 2.23508 2.2923 2.30182
1.77872 1.78994 1.79965 1.80879 1.81718 1.82306 1.83511 1.84387 1.85869 1.8757 1.87967 1.89264 1.90783 1.9227 1.93229 1.94431 1.94729 1.94969 1.9498 1.9719 1.98776 2.00066 2.01383 2.00717 2.03123 2.03986 2.04728 2.05948 2.07533 2.09391 2.09279 2.10964 2.12086 2.14195 2.13862 2.1439 2.18675 2.19367 2.19239 2.22224 2.22168 2.22954 2.23184 2.23237 2.19652 2.17101 2.16828 2.13458 2.15637 2.12024 2.08744 2.09558 2.04219 2.04388 2.03479 1.94804 1.94488 1.92166 1.84072 1.85756 1.86104 1.78354 1.81744 1.77735 1.70648 1.74388 1.67875 1.61271 1.61715 1.5809 1.52459
1.73018 1.73856 1.74693 1.75076 1.75923 1.7681 1.77152 1.77837 1.77716 1.78804 1.80043 1.80653 1.80455 1.79906 1.79843 1.80373 1.8063 1.81692 1.82961 1.83172 1.83686 1.83543 1.8223 1.84277 1.852 1.83949 1.87311 1.87448 1.88207 1.88969 1.90107 1.90019 1.91074 1.91566 1.88998 1.89511 1.9009 1.83257 1.8509 1.84766 1.78271 1.79487 1.77215 1.72144 1.76175 1.7199 1.65602 1.66099 1.64081 1.54828 1.52767 1.48852 1.42726 1.36281 1.36702 1.30805 1.24385 1.24492 1.1977 1.11532 1.12216 1.0359 0.977359 0.953609 0.920953 0.86211 0.850831 0.836049 0.789476 0.786641 0.755707
1.6624 1.67198 1.67499 1.67897 1.68591 1.68263 1.68475 1.6876 1.69163 1.69881 1.68914 1.68263 1.6808 1.6843 1.68521 1.69205 1.68824 1.68835 1.67003 1.678 1.68303 1.67078 1.67384 1.6737 1.68262 1.68662 1.69244 1.68919 1.68413 1.67824 1.67321 1.6594 1.66094 1.62864 1.62123 1.60742 1.56259 1.56841 1.5163 1.49517 1.46561 1.41581 1.36041 1.33178 1.25377 1.18349 1.18384 1.10989 1.06428 1.06401 1.00811 0.888421 0.8534 0.83716 0.69214 0.649882 0.627105 0.504279 0.458635 0.428164 0.362403 0.337218 0.318341 0.26711 0.232931 0.212487 0.190964 0.158854 0.123749 0.131167 0.103979
1.61842 1.61625 1.61942 1.61132 1.60242 1.60243 1.6012 1.58567 1.57735 1.56544 1.56177 1.55862 1.55059 1.53882 1.54033 1.5272 1.51991 1.51037 1.49453 1.48661 1.48688 1.51189 1.49576 1.51043 1.47983 1.47194 1.47804 1.43539 1.42166 1.40898 1.34402 1.32762 1.3202 1.25581 1.22038 1.21594 1.13607 1.08774 1.05607 1.01496 0.951855 0.898859 0.822127 0.753867 0.712798 0.657719 0.566723 0.510921 0.443013 0.366428 0.328053 0.286622 0.202661 0.18219 0.160254 0.0957821 0.0869497 0.0766144 0.0341188 0.0400654 0.0245597 -0.00459849 0.0142239 0.000373933 -0.0149471 0.0059221 -0.00541965 -0.0206006 0.00361956 -0.00372012 -0.01864
1.54883 1.53266 1.51581 1.49916 1.48857 1.47516 1.45325 1.44475 1.43173 1.41082 1.39783 1.3851 1.35481 1.35389 1.33924 1.31902 1.32496 1.32884 1.31651 1.32055 1.30949 1.26845 1.27957 1.262 1.22795 1.19425 1.16027 1.13689 1.08622 1.04811 1.03729 0.978215 0.926832 0.918615 0.850317 0.792473 0.740868 0.673214 0.572917 0.507923 0.448873 0.362204 0.315875 0.265037 0.197912 0.140846 0.103876 0.0816946 0.0506502 0.0209853 0.0269071 0.0124791 -0.00832362 0.0131453 0.000766674 0.0127517 0.00327796 -0.00176902 0.00490346 0.00133187 -0.0039914 0.000605557 -0.000162179 -0.000747865 0.000322703 0.000103878 -2.76404e-05 0.000173888 7.04749e-05 -0.000325637 0.000173849
