data/IdealizedTopo/Outputs_IdealizedTopo/release1HS_01IdealizedTopo_null_com1DFA_pft.asc
ncols 1001
nrows 301
xllcenter 1000.00
yllcenter -5000.00
cellsize 5.00
nodata_value nan
[rows 135 to 161 of 301, columns 124 to 185 of 1001]
0 0 0 0 0 0 0 0 0 0 0 0 0 0 0 0 0 0 0 0 0 0 0 0 0 0 0 0 0 0 0 0 0 0 0 0 0 0 0 0 0 0 0 0 0 0 0 0 0 0 0 0 0 0 0 0 0 0 0 0 0 0
0 0 0 0 0 0 0 0 0 0 0 0 0 0 0 0 0 0 0 0 0 0 0 0 0 0 0 0 0 0 0 0 0 0 0 0 0 0 0 0 0 0 0 0 0 0 0 0 0 0 0 0 0 0 0 0 0 0 0 0 0 0
0 0 0 0 0 0 0 0 0 0 0 0 0 0 0 0 0 0 0 0 0 0 0 0 0 0 0 0 0 0 0 0 0 0 0 0 0 0 0 0 0 0 0 0 0 0 0 0 0 0 0 0 0 0 0 0 0 0 0 0 0 0
0 0 0 0 0 0 0 0 0 0 0 0 0 0 0 0 0 0 0 0 0 0 0 0 0 0 0 0 0 0 0 0 0 0 0 0 0 0 0 0 0 0 0 0 0 0 0 0 0 0 0 0 0 0 0 0 0 0 0 0 0 0
0 0 0 0 0 0 0 0 0 0 0 0 0 0 0 0 0 0 0 0 0 0 0 0 0 0 0 0 0 0 0 0 0 0 0 0 0 0 0 0 0 0 0 0 0 0 0 0 0 0 0 0 0 0 0 0 0 0 0 0 0 0
1.6975463122307e-05 0 0 0 0 0 0 0 0 0 0 0 0 0 0 0 0 0 0 0 0 0 0 0 0 0 0 0 0 0 0 0 0 0 0 0 0 0 0 0 0 0 0 0 0 0 0 0 0 0 0 0 0 0 0 0 0 0 0 0 0 0
0.3307504715762536 0.2658775827494059 0.2128004250584171 0.1693215130728866 0.1356546649852 0.09845441107715067 0.07545863502511181 0.05618991414537112 0.04456648828608733 0.03216844270621694 0.01875763477444086 0.006220391750929349 0.0002101706552739078 0 0 0 0 0 0 0 0 0 0 0 0 0 0 0 0 0 0 0 0 0 0 0 0 0 0 0 0 0 0 0 0 0 0 0 0 0 0 0 0 0 0 0 0 0 0 0 0 0
0.8740361612020449 0.835450277350005 0.7813074093093993 0.7182174859301599 0.6660870871798135 0.6416702432258712 0.6021285860170211 0.5557456617032255 0.5199423404985906 0.4674351746223586 0.4214319183561091 0.3758875383045224 0.3316354121737457 0.2852108590906514 0.2508575001130504 0.2247079742014086 0.1805734413200588 0.1474614485058359 0.1347279448535901 0.1218546335177454 0.1011056130832373 0.08838733601714516 0.08462567447492457 0.06373681899117195 0.06502011927859175 0.05508183255107243 0.05259361059802654 0.0485192211467608 0.04213177351861103 0.0413098904435352 0.03315131941097039 0.03356857952303622 0.02539123970027101 0.0254322994973001 0.01851718691946234 0.01725171416447997 0.01211837345874591 0.009382885916436667 0.005872376005082162 0.002591465707063817 0.000453584547853043 0 0 0 0 0 0 0 0 0 0 0 0 0 0 0 0 0 0 0 0 0
1.316083379252194 1.268075265662255 1.256336603603755 1.20600574566329 1.223947145934821 1.137266151920523 1.123053759249682 1.097267656252457 1.039666332616842 1.039089748321833 0.9509339648893073 0.9828335968046296 0.9179102011137792 0.9201304280628905 0.875740841630643 0.8130811861391563 0.7739388613219919 0.7433728328544086 0.7276538883982911 0.6976246300026069 0.666687513345784 0.6513231393527145 0.639250246126197 0.6162712851179687 0.5975168613337251 0.5777203614875621 0.5509890473232498 0.5492690846820388 0.5295566516732469 0.5062954412701347 0.5239238587419907 0.47324067696683 0.495762109815465 0.4584430435096567 0.4650614807105005 0.4468514527397615 0.4453425734826427 0.4378068169227066 0.4332285608891086 0.4251869974155733 0.4137704052069281 0.4227833835926717 0.4051594585125613 0.4039914517575375 0.3816865721063332 0.3886445231675449 0.3908663579629562 0.336073291414841 0.3632027376531961 0.351410739001825 0.3021324698849088 0.3319803518737318 0.3114996241281635 0.2645814613536142 0.2885894745063348 0.2789271780338357 0.2487675948518472 0.2520399049238667 0.2433911063923981 0.2175548320527533 0.2198091390360687 0.2111836329136287
1.728016446011577 1.708316642553755 1.6927632976936 1.653436699165692 1.65515390464404 1.651112504479935 1.615443303220626 1.607456599808622 1.584410506526709 1.571886126907936 1.516163759480354 1.523858950096452 1.472315091231218 1.453146761510939 1.449657544234065 1.410813084374967 1.39023252680826 1.374139270063024 1.352316918811946 1.358638214187738 1.357729869167951 1.294399817091752 1.318443174740674 1.296347585471038 1.248810523482027 1.265012184558942 1.250050307936492 1.217795810677596 1.220196434373055 1.224839391967127 1.208664781547984 1.197727654826102 1.183147477766742 1.205051267580195 1.172531136840103 1.157589900061907 1.156778587949726 1.17968825802218 1.157493615509346 1.160585782030639 1.148239623459276 1.125464539493342 1.12948323630451 1.135911469249216 1.115852494439146 1.114046078350255 1.120444840575617 1.105067598573322 1.08263358701257 1.070380618636301 1.070290122321282 1.077758208767242 1.062657973631829 1.047086592682405 1.059220651293269 1.050276799856407 1.024414835028551 1.006978331579904 1.015093481250599 1.009227570794289 1.010333756754791 0.9978641355243006
2.122596540283897 2.098791194680495 2.088110320596654 2.092110612130268 2.080685969826105 2.072402717670899 2.038583640584933 2.046430609552467 2.045074758908946 2.018794145467103 2.006806505789513 1.993814460802999 1.993798205821164 1.992989720549828 1.965197435498742 1.939030050992566 1.93608685203705 1.941561140449123 1.926185928034684 1.909820854380282 1.915271152594114 1.890083819133855 1.895173473882001 1.877828791570998 1.873676059105763 1.866688238095053 1.857525432115559 1.842265539758507 1.840421950287892 1.831628669561888 1.823599832783063 1.813523621535073 1.814839937639911 1.837601500466781 1.808691435370467 1.809379701562468 1.807303977895544 1.807317697988655 1.81508396973571 1.816542604802795 1.796958740547241 1.7785369051278 1.776936047311163 1.767383363387953 1.767108771314908 1.764546804334187 1.768138169520364 1.76980580057697 1.761718398990425 1.752815782548197 1.742067641163027 1.729123652586175 1.715365911834272 1.70541294818007 1.711857078911017 1.701658764222093 1.70128318452715 1.691754602861556 1.675668908939107 1.676804736982037 1.677289171486902 1.670139713146885
2.436188935775778 2.427545766276175 2.435660415942377 2.44161685718588 2.44458582133673 2.448454641903657 2.446192038835405 2.434565330760045 2.441577962988958 2.435014542102379 2.438873745548628 2.433451307751362 2.434075483544403 2.438887810224093 2.426765841071604 2.432427141817474 2.416968282583572 2.41941638765281 2.420090411944274 2.425238851149092 2.401887767811083 2.386000412959829 2.385148889745973 2.38414601189402 2.386674309052375 2.381154929329671 2.379899283099616 2.372948074760817 2.373953438253124 2.371356944869703 2.367176611737762 2.358296766532161 2.353551908982191 2.348699185647372 2.344016749782915 2.34048032020982 2.337438480792883 2.335640050232102 2.339711886107191 2.339479482661326 2.336083757751204 2.332576426483313 2.332080649720928 2.328113684334993 2.324338627087075 2.322448632734124 2.315724964803151 2.312807557394979 2.311326604572818 2.315388689241456 2.320501359494934 2.324615750611579 2.313662143578946 2.301544481933718 2.29135875744264 2.289306479261944 2.291215293177336 2.28552499704072 2.285400371096151 2.280787246528748 2.282043628761875 2.279793784733483
2.701370248149548 2.707041701634384 2.711977201357718 2.730168463351388 2.740608982061911 2.759761305974895 2.774496329279707 2.777199141508582 2.77494992134321 2.779949842204373 2.786019283167886 2.79312217309027 2.799281110893064 2.805522336420943 2.805574326860827 2.804983152784862 2.80857459206673 2.814975012049073 2.818850698778056 2.82236527119615 2.827018448974965 2.829090109137469 2.830126562597891 2.825545707075148 2.820010878009318 2.81306125978149 2.806008721140696 2.803950777308594 2.803546616746619 2.793330254114317 2.788803048709511 2.781721130373703 2.770110692440271 2.762322580863002 2.764787653159852 2.764094422622943 2.774772550556527 2.771858040083489 2.754765306782874 2.76209189895694 2.752300766875676 2.746354027512824 2.74493444851157 2.740827240688683 2.748696130855464 2.737913721064154 2.730918180479149 2.746336068580436 2.738190085075594 2.733865103823044 2.743810888841707 2.732249150891978 2.723989628844713 2.733929741144565 2.739677523504667 2.733011162007201 2.723718562426842 2.72573033563756 2.739480030146625 2.74154129540077 2.728126904605447 2.742455356879554
2.896256058703952 2.906538902920229 2.924717830434977 2.955964115202212 2.974453319674485 2.986945153666281 2.999409043312406 3.01243206058138 3.031211893798437 3.045398164307669 3.056100991160879 3.065020913113572 3.071357129868069 3.073745296123996 3.076103559189798 3.082414055116318 3.085620647998906 3.089579960310359 3.097232006841342 3.097380644255712 3.098741246847789 3.107704302042692 3.111472323748833 3.111963601647447 3.112289021342813 3.102669392905547 3.102585650338678 3.099675843898333 3.106629702452634 3.093670650418094 3.087222205592272 3.08801982420551 3.084950063214527 3.075873908392366 3.076359658882156 3.058314224180099 3.066375156659474 3.052685743057968 3.056051933123079 3.050901763865685 3.044762184900105 3.043328695671963 3.036375554704977 3.043021054042528 3.041436355819502 3.036951257382955 3.040067811415986 3.046489587896552 3.041894723257612 3.058127915469687 3.03944719669846 3.038447445547299 3.052330386713892 3.052292885214769 3.042263408985256 3.055521973650257 3.038465928675027 3.065276393037426 3.05319505065709 3.054825511106911 3.067719103795102 3.055725934612391
3.006542150785284 3.032263100089703 3.059707306253018 3.083998822371287 3.099837655395953 3.120641028511415 3.143795335948325 3.165801390125805 3.186720513012851 3.206951767968541 3.22014143028176 3.226385875732293 3.238206107510464 3.263772535165771 3.271213449322101 3.262350428086779 3.268266093737381 3.279746536861521 3.281269449454399 3.281365078469396 3.27241950896301 3.281876838340566 3.278628055366791 3.27796440803951 3.282266753784525 3.273899425215623 3.266733034780447 3.269377796556557 3.273507281112954 3.257650931467226 3.254483778309623 3.259283215904034 3.255365469373287 3.236628641746898 3.243240339164373 3.247873035250473 3.230466115687372 3.23690513148618 3.235420615012858 3.222028133552131 3.23230841163423 3.212392608952988 3.225289664824648 3.221463143940318 3.214249505567925 3.223186542058277 3.21394481519256 3.223768780819006 3.214311549437506 3.216716094276202 3.225611042425511 3.216432416464971 3.229559830167282 3.233283219893853 3.226610135774921 3.233236854385 3.233506232183964 3.223801414883328 3.240351238779905 3.235946776710709 3.246157364552964 3.247023032159721
3.04651357809349 3.07007023002059 3.096050965161469 3.121443644088036 3.148398895625114 3.174104719962604 3.198923474985043 3.220174958745353 3.235361682393501 3.261047018314605 3.277297201360166 3.294986386289311 3.303818063300371 3.304033253066144 3.311112159524746 3.32365826301699 3.322949485691125 3.331548684024867 3.340848641019089 3.332096072634733 3.346409870275172 3.349895038437422 3.345586288150745 3.339256860051398 3.334083983214844 3.33916027894123 3.328746209664544 3.328282122053908 3.339614258182565 3.329736427665781 3.322177204254309 3.313503873019457 3.312284006680079 3.303601013038447 3.311273457384976 3.307120135002129 3.299587623423928 3.292868526610764 3.277360883722197 3.285695988427507 3.277960374978266 3.28022098509305 3.273767858309858 3.269328348122427 3.268030802419945 3.272294234859656 3.271737210351327 3.274954011796826 3.282061020632526 3.277064786906386 3.274413544051689 3.270715811922216 3.286765531635893 3.286347484921903 3.289450642996507 3.297496990448246 3.300531377305012 3.30445578330183 3.306870336594871 3.322817710187427 3.313422891419961 3.33111173973284
3.013277876214692 3.033800292708386 3.056120929553544 3.079490734963136 3.105352812683188 3.127213399185136 3.143789895395384 3.155997634318169 3.168396844152766 3.188383472620566 3.206192297252212 3.216113605636248 3.22598320150556 3.242415724383835 3.250910618152922 3.260554069846006 3.265237350734429 3.272644104327553 3.273154197095441 3.266281227846635 3.280411760753604 3.286560966398927 3.290273997185456 3.280669644343921 3.275397092063299 3.282862865773152 3.285761766856515 3.270936517357737 3.266810539340679 3.270433265663785 3.263906733251168 3.253599698827514 3.259052779813995 3.255660391177832 3.234556605661551 3.245843635556724 3.237980761110876 3.230259423581714 3.238552965932497 3.225778325511798 3.21969187355881 3.222133013217207 3.217130365581979 3.219877922010297 3.20853818548388 3.213571208786588 3.226134532496393 3.221776872758159 3.223005307755609 3.218799644559767 3.225328988159671 3.226739724050716 3.236513190529639 3.224165185251651 3.229068067793169 3.232232452711918 3.240236886172151 3.242157511786216 3.240869832299639 3.25710380636663 3.247834454616473 3.267629761511861
2.89065805594278 2.910375754034615 2.927909766142694 2.934990657829324 2.95790883797705 2.974822145171699 2.984617931445624 3.005003996726673 3.024297175246688 3.040676919673039 3.051594359911368 3.058512025524464 3.062584229504291 3.072388711604205 3.083232737184022 3.093477143682377 3.106603476530928 3.112528586758833 3.10828805626661 3.105310555287838 3.112468707344541 3.110937139266664 3.115557282233231 3.106989789442867 3.120773666437117 3.105180619919525 3.100389877074164 3.088691325662954 3.092198114183412 3.090846074852379 3.084534743100407 3.07060657784662 3.077650963303688 3.069339922865385 3.0639278631323 3.05320343903283 3.064430514701538 3.051669293835193 3.051704760360193 3.055850113293079 3.036649274527951 3.039588242254177 3.04393850441806 3.042966228113684 3.046925849891736 3.045431447381574 3.032872305295728 3.040757364346422 3.047485466594559 3.036129982452028 3.045538765513822 3.049806590983416 3.033375864368267 3.043559688271937 3.053512120200774 3.041706866929177 3.05540854862112 3.05350599077919 3.040149783746703 3.067518574180394 3.05233400671331 3.060114436377392
2.685036210249132 2.701412800826696 2.711585421189601 2.720925316005017 2.7196757318002 2.729556292605188 2.743669261125472 2.752258756254572 2.76522014225836 2.777750185547173 2.790177778307617 2.797524830166653 2.800580754782787 2.805087662614499 2.810103169902915 2.809646033409202 2.80393370902943 2.809750370501597 2.819859502139316 2.822764154349685 2.822725649256586 2.815153095364626 2.809007518883138 2.810157080662121 2.808043729000733 2.80368133636121 2.796843050547529 2.793834200596277 2.789426307392452 2.782577373195424 2.785914658524905 2.77809679529185 2.778050060387605 2.782903945095676 2.774840571769579 2.789702269440911 2.782861990430573 2.76561460157321 2.768158291890085 2.758270678714859 2.750272860549977 2.747877962983988 2.752505808100751 2.753719696314017 2.74104792531687 2.737352654840824 2.7409958591671 2.743616783418489 2.72850472757513 2.725374056801677 2.735758546311045 2.737165167423929 2.737134603905016 2.740121100964596 2.730128318157588 2.731204906019918 2.735914215466245 2.725209019318062 2.728200868053649 2.727083879967442 2.724520614857211 2.730145727297108
2.415170230321564 2.429167576867961 2.429904582237527 2.42803949049091 2.432290923687373 2.429146671742588 2.431058295169673 2.439094901456633 2.429989940550602 2.432777307428942 2.424445621207089 2.415225601214334 2.415553083324567 2.418946823074307 2.419464405739681 2.416849193822104 2.419804247914721 2.425187568628178 2.410751848116763 2.408513253196263 2.407377918797415 2.398252372589745 2.39668583800701 2.395316175589824 2.387150518528656 2.384017085028682 2.387376788512906 2.383400333538943 2.374116134436837 2.366644739335781 2.362943016863209 2.362855068121519 2.357705768255774 2.353818343751546 2.354398566411193 2.355191704470233 2.350344534863118 2.346676153629399 2.341400402502808 2.330549779166335 2.32747900682863 2.324292439194614 2.31556241112961 2.313386130270286 2.309718174879382 2.308867583776751 2.310291284517912 2.307624850755978 2.297126869909608 2.291002532990117 2.29299996962377 2.288439278636918 2.282486962740288 2.281983554465783 2.286071504214273 2.295572950941833 2.283970552997364 2.268502124976737 2.271593559399563 2.282232196509363 2.28200542303363 2.275928124243253
2.086421366854984 2.100782116384698 2.107414072259556 2.090097058018081 2.056576015392374 2.044698405953698 2.040811637263226 2.032484488763437 2.023046947695439 2.004468432408229 1.999459971408616 1.985488532507283 1.964145875260187 1.958115440604869 1.952666329537662 1.935175228467969 1.929092748768362 1.908578790530828 1.908317326753558 1.902898365307649 1.892853769438881 1.879104819284556 1.873569821890932 1.874453419396531 1.868259846581195 1.844319379551577 1.840131473985989 1.828796606028286 1.829102503474261 1.828140475145934 1.822423893459181 1.832343547266725 1.835025103504751 1.826862082031534 1.818359586214076 1.81742501430426 1.803494362265274 1.814869081990875 1.805179290405307 1.792330884602741 1.785335871206985 1.79096507070905 1.784788850289313 1.783844028076117 1.792212883253658 1.786449342904963 1.780976015677309 1.771652329708272 1.758940255636534 1.745620103925303 1.740745848805659 1.73521566494015 1.728635328376037 1.726514351784262 1.715196628152794 1.701447393682994 1.696417164279287 1.691341687412252 1.688016201732017 1.678035209287355 1.667399836191922 1.659999319456816
1.722743630799131 1.700049898046465 1.68907196655528 1.636328843603587 1.634359513393016 1.607018495512921 1.587123989671062 1.569552139746231 1.528068061587282 1.526173604358793 1.490620299177173 1.477434555462137 1.459285568632958 1.449091993228671 1.418695629757982 1.425429401431183 1.384522673026316 1.358253284948805 1.357101082834639 1.332858011725653 1.316430558385853 1.304357473525488 1.286993898027137 1.265329502044235 1.255747711680977 1.259438270676658 1.231090547502214 1.22416986473369 1.193831956817481 1.191739419939882 1.210319434168632 1.183706469326744 1.177388167153291 1.182211940544102 1.174443826117238 1.164101577701418 1.160885293377032 1.164666558924143 1.13856674092943 1.139515179485885 1.143757490588113 1.136900704423638 1.132952085531085 1.129890067225111 1.117339654392721 1.117437326134345 1.110748524713465 1.099052777690525 1.107437933632724 1.093159098640161 1.063005133493847 1.072876304216355 1.085921965286976 1.052905773354944 1.028210622512215 1.023132021803799 1.003711882131155 1.001100277572545 1.00596753568811 0.9796632794431259 0.9787227626266523 0.9730043116392424
1.285492981836975 1.258503479729272 1.222580887872816 1.20656265665101 1.166258818511589 1.169085771834017 1.118436685604259 1.125941324045048 1.035114944143369 1.036752931811387 0.9868280707633479 0.9838563219844669 0.9026718396702237 0.8865716991486223 0.8419898620514132 0.8027022172432345 0.7791240441590647 0.7446150120343846 0.7190899021361985 0.6825069844970929 0.6818349425123705 0.6538307654900473 0.6429444765950697 0.6197979175912641 0.5970246911828376 0.5910049016294361 0.5616121030600097 0.5527082181852274 0.5382250246547289 0.5322359415062703 0.5136900426006151 0.5106537836436287 0.4823631159657157 0.4908560401134178 0.4708388037164981 0.4560775200863759 0.4494093167282679 0.4300432397456442 0.43929120462022 0.4183461978172642 0.4036685035909453 0.3805716613718504 0.3834345367401057 0.3652729087067912 0.3514543656986407 0.3512244284753885 0.3369683004034156 0.3218410891718805 0.3185518088436076 0.3086871228287063 0.2895255641187843 0.2855685417797357 0.283548945796143 0.2673962142375924 0.2644457119253342 0.255034399941415 0.2455772403304949 0.2321154323859003 0.2315363799876187 0.2176867499397019 0.2038479837014136 0.2085103438427018
0.9028149410939269 0.8491895551569951 0.7959711644672773 0.7340604405996058 0.7307709051519193 0.7074595446974954 0.6511352736805921 0.5813832951872213 0.5492462391612446 0.5021667356136955 0.4438178291342866 0.4035569781318843 0.3625621312124264 0.3268165104792629 0.2628454109039779 0.2092637752472264 0.1752225034996489 0.1488796982236083 0.1192644474479182 0.1067112414998655 0.08791618845328257 0.08094282387911762 0.06924931011320103 0.05464077914706364 0.0518468101116401 0.04261115162306717 0.03821912961895415 0.03287368964488535 0.02727615424746103 0.02341455071289055 0.01834907957901523 0.01477395179298959 0.01097043171883109 0.007251431589157504 0.004600747279694919 0.001730352829268731 0.0001423586483217062 0 0 0 0 0 0 0 0 0 0 0 0 0 0 0 0 0 0 0 0 0 0 0 0 0
0.3499570533185013 0.2913913088041075 0.2459613966740738 0.2051094269461105 0.1663404080179857 0.124734462494329 0.08981807036883284 0.05675013538746441 0.0404482001629651 0.02383286744556303 0.009542216577673172 0.001175160574868326 0 0 0 0 0 0 0 0 0 0 0 0 0 0 0 0 0 0 0 0 0 0 0 0 0 0 0 0 0 0 0 0 0 0 0 0 0 0 0 0 0 0 0 0 0 0 0 0 0 0
0.01297645448305287 0.001939007657266554 0 0 0 0 0 0 0 0 0 0 0 0 0 0 0 0 0 0 0 0 0 0 0 0 0 0 0 0 0 0 0 0 0 0 0 0 0 0 0 0 0 0 0 0 0 0 0 0 0 0 0 0 0 0 0 0 0 0 0 0
0 0 0 0 0 0 0 0 0 0 0 0 0 0 0 0 0 0 0 0 0 0 0 0 0 0 0 0 0 0 0 0 0 0 0 0 0 0 0 0 0 0 0 0 0 0 0 0 0 0 0 0 0 0 0 0 0 0 0 0 0 0
