data/IdealizedTopo/Outputs_IdealizedTopo/release1HS_null_01IdealizedTopo_faSavageHutterFoamGamma_pfv.asc
ncols 1001
nrows 301
xllcenter 1000
yllcenter -5000
cellsize 5
NODATA_value -9999
[rows 150 to 179 of 301, columns 340 to 407 of 1001]
36.6303 36.4367 36.5568 36.5982 36.4279 36.4736 36.4707 36.3334 36.3978 36.3743 36.2339 36.2833 36.2675 36.1876 36.1494 36.1037 36.1026 35.9859 36.0068 35.9302 35.8984 35.8757 35.8104 35.7768 35.7898 35.6951 35.6562 35.6774 35.5776 35.485 35.5083 35.4406 35.3159 35.2485 35.236 35.131 35.1855 35.1034 35.0114 35.036 34.9407 34.8945 34.7504 34.7748 34.6698 34.6463 34.5922 34.3695 34.4321 34.3959 34.1718 34.2017 34.1492 34.0981 33.8704 33.8888 33.8251 33.7326 33.7056 33.639 33.5583 33.4826 33.3875 33.2369 33.1626 33.1253 32.9762 32.8983
36.4595 36.4099 36.5383 36.4078 36.3617 36.3861 36.3215 36.2772 36.3142 36.2365 36.1902 36.1897 36.1554 36.0691 36.0603 36.0279 35.9675 35.9136 35.922 35.8779 35.7809 35.8 35.6907 35.6737 35.6803 35.6017 35.5461 35.5423 35.4708 35.4038 35.3981 35.3145 35.2612 35.2123 35.1156 35.0447 35.042 34.9814 34.9057 34.8823 34.8275 34.7558 34.6573 34.6121 34.579 34.4966 34.4877 34.3577 34.279 34.2468 34.1572 34.1009 33.9899 33.9217 33.8397 33.7958 33.6517 33.5726 33.5498 33.4256 33.3943 33.2875 33.2031 33.1099 33.0305 32.9879 32.8712 32.7773
36.311 36.3039 36.2272 36.1296 36.2196 36.1268 36.0844 36.1188 36.0465 35.9382 36.0208 35.9291 35.86 35.7979 35.8325 35.7909 35.6972 35.723 35.6528 35.5367 35.5427 35.5211 35.4174 35.3995 35.3755 35.3014 35.271 35.2265 35.1161 35.2033 35.0819 34.9825 35.0092 34.9055 34.7656 34.8199 34.7031 34.558 34.6299 34.5422 34.3943 34.4359 34.3498 34.2912 34.1864 34.1574 34.0409 34.0043 33.9573 33.8617 33.7601 33.7009 33.5791 33.551 33.4972 33.415 33.2855 33.1992 33.1642 33.0044 32.9827 32.8998 32.7924 32.7157 32.6458 32.5079 32.4504 32.3734
35.2284 35.5695 35.3093 35.1705 35.5152 35.2478 35.1136 35.4534 35.1839 35.0664 34.0755 35.0869 34.9429 35.0489 35.0445 34.8789 34.9643 34.9497 34.9091 34.851 34.8563 34.7599 34.7091 34.7224 34.5885 34.4562 34.4649 34.4363 34.3374 34.2602 34.2705 34.1741 34.1804 34.131 33.9964 34.1802 33.9817 33.8287 33.9763 33.7872 33.635 33.7602 33.599 33.4128 33.5356 33.3786 33.2207 33.3433 33.1739 33.0204 33.0258 32.9758 32.8264 32.7811 32.7225 32.6729 32.5942 32.4809 32.3711 32.258 32.1884 32.1356 31.9692 31.928 31.8925 31.7166 31.6388 31.5855
32.5627 32.6922 32.6855 32.5368 32.6645 32.694 32.5538 32.6521 32.6675 32.5615 32.8409 32.7152 32.5409 32.724 32.6531 32.5216 32.6873 32.6116 32.3856 32.7036 32.6501 32.4579 32.6946 32.6418 32.6439 32.6848 32.6475 32.5599 32.5684 32.5444 32.3324 32.1878 32.2408 32.2411 32.1263 32.1441 32.1421 32.003 32.0461 32.0365 31.8866 32.2623 31.9115 31.7443 30.3415 31.7463 31.5829 31.8449 31.5628 31.4114 31.5151 31.3907 31.234 31.3727 31.2653 31.0125 31.1716 31.063 30.9883 30.9474 30.8398 30.6659 30.5801 30.5185 30.4469 30.364 30.267 30.2373
26.9061 27.1352 27.0805 27.0956 27.3649 27.1968 27.2088 27.5205 27.4012 27.4137 27.7024 27.2625 27.0519 27.4352 27.5262 27.2745 27.6329 27.7458 27.6097 27.9313 27.8942 27.742 27.9944 27.8628 27.5771 28.1991 27.9889 27.8281 28.3927 28.3375 28.5705 28.6412 28.7016 28.5889 28.6345 28.6568 28.4733 28.2934 28.4504 28.4025 28.3265 28.4055 28.4557 28.3523 28.718 28.5466 28.3922 28.8914 28.4568 28.2874 25.9695 28.4021 28.228 28.4651 28.277 28.1809 28.3472 28.2512 28.0038 28.3981 28.2318 28.3007 28.3096 28.2701 28.1584 28.1468 28.1091 27.8728
14.7368 14.9121 15.0507 16.2118 15.7509 15.9377 16.7638 16.537 16.329 17.3611 16.9054 17.9143 18.0852 17.7039 18.102 18.4392 18.0674 18.539 18.5821 18.2701 18.8527 19.104 19.409 19.4843 19.9453 20.1785 19.9384 20.1482 20.2928 20.1075 20.093 20.7448 20.2381 20.6287 21.3338 21.119 21.6812 21.9486 21.8771 22.1216 22.2857 22.393 22.538 22.5365 22.7353 22.4013 22.3781 22.6962 22.6543 22.772 23.3707 22.897 22.9737 23.4418 23.1929 23.1948 23.5193 23.1868 23.3542 23.5228 23.4566 23.3402 23.7981 23.4391 23.3914 24.0069 23.8307 24.1052
4.35209 4.4975 4.44275 4.99216 4.74823 4.60623 5.24517 6.3146 5.55457 6.04611 6.26577 5.6156 6.96849 6.98621 6.57329 7.10509 7.64516 7.08038 7.69612 7.77169 8.47293 7.76593 8.23591 9.07557 8.42725 9.07205 10.0715 9.22626 9.78653 10.4533 11.146 10.9933 10.8318 10.8375 10.7515 11.1404 10.6212 11.299 11.6221 11.4568 11.8447 12.0946 12.0536 12.857 12.8815 14.014 13.8316 13.8466 14.4004 14.4646 14.3666 14.6485 15.3282 15.4078 14.9272 15.3086 16.0033 15.4452 15.6704 16.4008 16.2905 16.7923 16.7901 16.6897 17.0174 16.9861 16.9038 17.0244
0.301748 -0.171679 0.393076 0.523603 -0.00332533 0.384348 0.468368 0.428533 -0.467402 0.497064 0.24494 0.131588 0.965823 0.608509 0.235943 1.23575 1.01417 0.543931 1.4174 0.823158 0.788462 1.84395 1.01886 0.63644 1.34241 1.47196 0.505698 1.69279 1.99368 2.22508 1.98956 2.91799 3.18069 2.77794 3.089 3.51909 3.08633 3.19542 3.50081 3.70533 3.3573 3.85801 4.14043 3.87701 4.23133 4.24268 4.68202 5.09806 5.3991 5.29612 5.58698 6.63098 5.84484 6.41757 6.95999 7.33987 7.13534 7.723 8.00166 7.67627 7.9129 7.92026 8.48348 8.43458 8.94766 9.35925 9.30191 9.88926
0.0472856 0.102961 0.123116 0.106603 0.0965061 0.101073 0.0821373 0.0116165 0.165087 0.327321 0.275221 0.23713 0.161366 0.0313908 0.0894149 0.0656457 0.0274941 -0.227084 0.0656829 0.06941 -0.0914853 0.122592 0.290879 0.145187 0.274901 0.379869 0.181802 0.288771 0.245225 0.397425 -0.375632 0.426089 0.208557 -0.514168 0.309808 0.163716 -0.38787 0.399629 0.309607 -0.034305 0.466892 0.3584 0.0391487 0.520192 0.268255 0.322571 -0.379387 0.57655 0.343704 0.235416 0.850774 0.904232 0.651246 1.05193 1.2609 0.963941 1.82007 1.61182 1.40782 1.98528 1.93618 2.09655 1.89652 2.18309 2.37226 2.05976 2.50186 2.50523
0.0816558 0.0817625 0.0752827 0.0764402 0.081183 0.0771219 0.0764592 0.0802251 0.0760656 0.0412958 0.0831419 0.0781193 0.0875792 0.0832729 0.0778132 0.0784384 0.0710363 0.0768901 0.0788601 0.0710367 0.0769365 0.0764682 0.0411984 0.0782369 0.0736054 0.0577734 -0.00601227 0.0742665 0.0614557 -0.0114713 0.0957811 0.0881048 0.0960409 0.104735 0.162291 0.133908 0.165641 0.229203 0.221867 0.0877636 0.160878 0.174453 0.0211305 0.125126 0.0969839 -0.00901095 0.0799463 0.0749507 0.101422 0.12202 0.103851 0.146985 0.0658596 0.313078 0.31031 -0.231977 0.216684 0.197317 -0.267745 0.307696 0.166407 0.0179957 0.320226 0.194693 0.0715208 0.404423 0.350827 0.139028
0.083479 0.0829397 0.0838013 0.0830122 0.0820361 0.0825986 0.0819903 0.0814267 0.0813731 0.0810983 0.0810244 0.0809135 0.0763414 0.0794745 0.0798425 0.0790051 0.0792207 0.0790978 0.0777522 0.0782014 0.0782243 0.0778801 0.0776502 0.0775412 0.0774659 0.0760492 0.0765368 0.0772303 0.0761956 0.0759661 0.0760316 0.073789 0.0592998 0.0750366 0.0708755 0.0555018 0.074983 0.071012 0.0540626 0.0802767 0.0845433 0.0560182 0.078525 0.0803248 0.0708901 0.0799757 0.0742938 0.0729042 0.0469533 0.0739034 0.0775612 0.0557905 0.0721749 0.0723063 0.0729356 0.0858806 0.125369 0.0939166 0.143928 0.119886 0.146157 0.0384874 0.0858146 0.128688 -0.00225701 0.0889863 0.0821412 0.107432
0.0855274 0.0856303 0.0852916 0.0847032 0.0843826 0.0843378 0.0838151 0.0835403 0.0832601 0.0828468 0.0823681 0.0820538 0.0821522 0.0817453 0.0811235 0.0812855 0.0807333 0.08029 0.0802365 0.0800752 0.0795103 0.0792506 0.0792044 0.0788867 0.0784488 0.0783974 0.0781157 0.07749 0.07758 0.0774367 0.0769655 0.0769542 0.0766757 0.076154 0.0760401 0.0759659 0.0755709 0.0755577 0.0754252 0.0750303 0.0738225 0.0754989 0.074636 0.0736555 0.0746602 0.0739664 0.0735602 0.0734873 0.0734533 0.0734123 0.072285 0.0732074 0.0728311 0.0727059 0.0701367 0.0724432 0.0712112 0.075361 0.0722102 0.0708244 0.0680265 0.0796036 0.072415 0.0708338 0.0841829 0.0730825 0.0707386 0.0521504
0.0883524 0.0877086 0.0872279 0.0872736 0.0869682 0.0862987 0.0859342 0.0857987 0.0851796 0.0848309 0.0847001 0.0844911 0.0839151 0.0834607 0.0834125 0.0828247 0.0824046 0.0824126 0.0819792 0.0816103 0.0811204 0.0812042 0.0805839 0.0802947 0.0801585 0.0796799 0.07941 0.0791313 0.0789683 0.0785522 0.0781639 0.0781632 0.0777464 0.0775141 0.0773264 0.0770354 0.0766652 0.0764536 0.0763815 0.0760177 0.0758279 0.0756874 0.0753532 0.0751414 0.0748127 0.0748082 0.074587 0.0742689 0.0742603 0.0739737 0.0739038 0.073702 0.0734586 0.0730871 0.0730622 0.0729699 0.0728447 0.0711928 0.0724965 0.0724823 0.0716845 0.0720828 0.0718747 0.0719953 0.0716858 0.071388 0.071436 0.0713394
0.0905586 0.090268 0.0901427 0.0895648 0.0889561 0.088935 0.0885514 0.0878526 0.0874429 0.0872854 0.0867325 0.0863153 0.0863036 0.0858102 0.0851889 0.0847997 0.0846725 0.0841437 0.0837215 0.0833236 0.0833393 0.0827232 0.0822704 0.0821516 0.0816222 0.0812141 0.0809624 0.0807011 0.0802926 0.079877 0.0798984 0.079384 0.0790608 0.0787163 0.0786594 0.0783215 0.0778837 0.0776941 0.0773561 0.0769909 0.0770577 0.076771 0.0763034 0.076102 0.0759575 0.075649 0.0754453 0.0752679 0.0751192 0.0748206 0.0745454 0.0744541 0.0742497 0.0740497 0.0738532 0.0736926 0.0735172 0.0732611 0.0731478 0.0729272 0.0729687 0.0726433 0.0725752 0.072417 0.0722428 0.0721129 0.0719341 0.0718877
0.0936903 0.0930341 0.0925108 0.0923955 0.0919504 0.0912708 0.0906256 0.0906786 0.0901457 0.0894896 0.0889455 0.0888926 0.0883157 0.0878025 0.0874981 0.0871755 0.0865901 0.0860022 0.0859956 0.0855361 0.0849598 0.0844968 0.0842786 0.0837114 0.0832895 0.0831269 0.0828281 0.0822736 0.0818471 0.0817788 0.0812448 0.0807741 0.0804191 0.080285 0.0798587 0.0795884 0.0793954 0.0789287 0.0785261 0.0782919 0.0781845 0.0777446 0.0774352 0.0771915 0.0770331 0.0767136 0.0764117 0.0763554 0.0759007 0.0756729 0.075541 0.0751869 0.0749751 0.0748383 0.0746613 0.0744271 0.0743046 0.0740562 0.0738491 0.0737175 0.0734288 0.0733625 0.0730933 0.0729896 0.0728501 0.0726356 0.0725086 0.0723563
0.0963366 0.0960974 0.0956326 0.0949084 0.0942869 0.0942213 0.0936806 0.0929798 0.092444 0.0923963 0.0916961 0.0909679 0.0905579 0.0903288 0.0898286 0.0891201 0.0887764 0.0885233 0.0879417 0.0872629 0.0871871 0.0867051 0.086057 0.0856018 0.0853155 0.0849476 0.0843499 0.0840298 0.0837286 0.0831411 0.0827536 0.0825396 0.0821677 0.0817381 0.0813515 0.0810636 0.0807117 0.0802484 0.0797927 0.0797763 0.0792914 0.0789151 0.0787649 0.0784865 0.0781428 0.0778176 0.0775342 0.0772496 0.0769128 0.0767617 0.0764733 0.0762078 0.075856 0.0758145 0.0755204 0.0752025 0.0750987 0.0747767 0.0744041 0.0743884 0.0742633 0.0739602 0.073705 0.0737743 0.0734844 0.0731209 0.0731715 0.0729156
0.0997816 0.0989799 0.0982921 0.0982479 0.097599 0.0968223 0.0962583 0.0961012 0.0953826 0.0945824 0.0940776 0.0939539 0.0932619 0.0927436 0.0919921 0.091779 0.0911784 0.0904991 0.0900831 0.0898464 0.0890867 0.088561 0.0883444 0.0878841 0.0872319 0.0867075 0.0863812 0.0859995 0.0854627 0.0849535 0.0847026 0.0842106 0.0836834 0.0832707 0.0829995 0.0825754 0.0820567 0.0817373 0.0815766 0.080949 0.0807018 0.0804284 0.0801068 0.0797442 0.079278 0.079039 0.078758 0.0783404 0.0780447 0.0777317 0.0774618 0.077205 0.0769521 0.0766122 0.076365 0.076057 0.0759766 0.0755876 0.0754627 0.0751775 0.074953 0.0747239 0.0744366 0.0743731 0.0741205 0.0740088 0.0736399 0.0735054
0.103238 0.102544 0.101642 0.101065 0.100916 0.100207 0.0993943 0.0987069 0.0985239 0.097873 0.0971786 0.0963853 0.0961363 0.0955515 0.0948033 0.0940789 0.0936435 0.0933563 0.0925393 0.0919383 0.0914129 0.0911339 0.0905513 0.0899533 0.0893821 0.0889965 0.0883797 0.0878251 0.0874287 0.0870702 0.086469 0.0859742 0.0854363 0.085236 0.0846361 0.0840668 0.0839354 0.0834449 0.0828462 0.0825299 0.0822055 0.0817676 0.0812884 0.0808457 0.0807332 0.0802376 0.0798732 0.0794553 0.0792471 0.078761 0.0785626 0.0781513 0.0779382 0.0776313 0.0772521 0.0770796 0.0766281 0.076517 0.0763009 0.0759713 0.0758331 0.0754785 0.0753806 0.0749502 0.0747937 0.0745724 0.0744153 0.0742311
0.106448 0.106263 0.105548 0.104542 0.10383 0.103749 0.103049 0.102138 0.101337 0.100737 0.100374 0.0997109 0.0988678 0.0981031 0.0978304 0.0972912 0.0963886 0.095647 0.0954529 0.0948047 0.0941127 0.093358 0.0928438 0.0925103 0.0918635 0.0910495 0.0904041 0.0901773 0.0895691 0.0889048 0.0883256 0.0880796 0.0875501 0.086873 0.0862371 0.086075 0.0855983 0.0849447 0.0844415 0.0842234 0.0836772 0.083208 0.0826953 0.0825329 0.0819936 0.0814853 0.0810872 0.0809755 0.080531 0.0799954 0.0797205 0.0794925 0.0791429 0.0787764 0.0783668 0.0781258 0.0777011 0.0774504 0.0773057 0.0769848 0.0767029 0.0764028 0.0762228 0.0759167 0.0756041 0.07546 0.0751699 0.0749047
0.110299 0.110192 0.109347 0.108597 0.107644 0.106912 0.106674 0.105844 0.105016 0.104111 0.103381 0.103088 0.102273 0.101352 0.100605 0.0999434 0.0995813 0.0988905 0.0979885 0.0972165 0.0969855 0.0961778 0.0954476 0.094643 0.0940855 0.0936851 0.09304 0.0922803 0.0916346 0.0913311 0.0907014 0.0899745 0.0893851 0.0890363 0.0885747 0.0878185 0.087169 0.0870055 0.0864108 0.0857822 0.0852245 0.0848934 0.0845375 0.0838869 0.0834325 0.0830776 0.0827494 0.0821251 0.0817578 0.0813607 0.0810966 0.08069 0.0802428 0.0799222 0.0795601 0.0792508 0.0788422 0.0784966 0.0781603 0.0779648 0.077568 0.0773152 0.0769778 0.076734 0.076487 0.0761639 0.0759287 0.0755951
0.1145 0.114424 0.113567 0.112719 0.111772 0.110953 0.109971 0.109791 0.108909 0.108015 0.106984 0.106122 0.105983 0.10511 0.104169 0.103224 0.102363 0.102148 0.101271 0.100521 0.0994772 0.0987504 0.0984315 0.0977412 0.0968908 0.0960923 0.0954029 0.0950014 0.0943418 0.0935276 0.0928459 0.0924071 0.0918368 0.091087 0.0903593 0.0898597 0.0895204 0.0887631 0.0880966 0.0877194 0.0871421 0.0866864 0.0860184 0.0854416 0.0852615 0.0847376 0.0840921 0.083635 0.0834028 0.0828886 0.0824364 0.0819228 0.0814888 0.0811224 0.0806727 0.0802092 0.0800102 0.0796742 0.0791218 0.0788975 0.0786073 0.0782139 0.0779969 0.077604 0.0773542 0.076998 0.0767435 0.0765376
0.119833 0.118982 0.118029 0.117186 0.116122 0.115141 0.114168 0.113954 0.112985 0.112078 0.111127 0.110095 0.109228 0.108857 0.107885 0.106945 0.106073 0.105032 0.104299 0.103821 0.103027 0.102001 0.101113 0.100433 0.100001 0.0991714 0.0981725 0.0975422 0.0966237 0.0962592 0.0956356 0.0947059 0.0939473 0.0933066 0.0929058 0.092176 0.091411 0.0907416 0.0904297 0.0897815 0.0889376 0.0884104 0.0878716 0.0875108 0.0867758 0.0862354 0.0857324 0.0854521 0.0847399 0.0843056 0.0837435 0.0833581 0.0829141 0.0823586 0.0819862 0.081701 0.0811477 0.0808008 0.0804005 0.0801531 0.0797145 0.0793025 0.0789717 0.0787515 0.0783152 0.0779291 0.0776673 0.0773691
0.124839 0.123792 0.122629 0.121548 0.120532 0.119632 0.119482 0.118506 0.11753 0.11648 0.11546 0.114405 0.113299 0.112988 0.111952 0.111065 0.110059 0.108986 0.108163 0.107093 0.106598 0.10568 0.104693 0.103777 0.102798 0.101946 0.101553 0.100674 0.0997168 0.0988162 0.0980624 0.097566 0.0967765 0.0959836 0.0951193 0.0944435 0.0939325 0.0932535 0.0923556 0.0915637 0.0910953 0.0906178 0.0899283 0.0892701 0.0885837 0.0882823 0.0876604 0.0868998 0.0863984 0.0858255 0.0855399 0.0848441 0.0843231 0.0837915 0.0836189 0.0829811 0.0824753 0.0820295 0.0817798 0.0812185 0.0808217 0.0803317 0.0801705 0.0796915 0.0792525 0.0789239 0.0787384 0.0781746
0.130304 0.127505 0.127017 0.126422 0.125812 0.125424 0.12443 0.123267 0.122016 0.120969 0.12002 0.118852 0.117746 0.117444 0.11641 0.11541 0.114273 0.113278 0.1122 0.11112 0.110062 0.109582 0.108588 0.107476 0.106346 0.105451 0.104535 0.103927 0.103048 0.102148 0.101308 0.100233 0.0994522 0.0988705 0.0980665 0.0972146 0.0961887 0.0954963 0.0949579 0.0943038 0.0933966 0.0926522 0.091899 0.0915134 0.0908675 0.0900551 0.0892275 0.0888509 0.0883251 0.087737 0.0870947 0.086424 0.0860879 0.0855744 0.084877 0.0843299 0.0839079 0.0835036 0.0830498 0.0825656 0.0820109 0.0817844 0.0812756 0.0807855 0.0803214 0.0801376 0.0795504 0.0791885
0.137661 0.161707 0.170509 0.164661 0.152777 0.140678 0.126783 0.12793 0.126835 0.126175 0.125466 0.124655 0.123488 0.122157 0.121142 0.120174 0.118898 0.117784 0.116538 0.115327 0.114319 0.113994 0.112731 0.111644 0.110569 0.109429 0.108305 0.107309 0.10629 0.105663 0.104709 0.10366 0.102554 0.101612 0.100789 0.100227 0.0993123 0.0983746 0.0975574 0.0966036 0.0958502 0.0952875 0.0944835 0.0935974 0.0928169 0.0921542 0.0916946 0.0911077 0.0902872 0.0894966 0.0889087 0.0884178 0.0877571 0.0869993 0.0865023 0.086078 0.0855883 0.0849154 0.0843558 0.0838994 0.0834429 0.0830399 0.0825326 0.0819849 0.0816812 0.081125 0.0807312 0.0802711
0.126648 0.162652 0.145544 0.141155 0.142004 0.137733 0.138006 0.16212 0.166908 0.134845 0.133596 0.130569 0.127493 0.125761 0.125545 0.124946 0.123764 0.12248 0.121064 0.119923 0.119763 0.118564 0.117489 0.116314 0.115092 0.11404 0.112774 0.111647 0.110331 0.109171 0.108563 0.107514 0.106433 0.105359 0.104156 0.103089 0.102213 0.101432 0.100535 0.0996172 0.0986646 0.0977812 0.0968289 0.0962574 0.095522 0.0946494 0.0938945 0.0929436 0.0923642 0.0917704 0.0910372 0.0902966 0.0895141 0.088956 0.0885138 0.0878005 0.0870336 0.0864171 0.0860452 0.085476 0.0849939 0.0843498 0.083862 0.0833106 0.0829447 0.0822534 0.0819286 0.0815161
0.0748634 0.0812012 0.111283 0.12063 0.0862276 0.104373 0.127107 0.144197 0.144421 0.14279 0.141002 0.138454 0.170897 0.16134 0.146115 0.129408 0.128949 0.127494 0.125907 0.125261 0.124734 0.123629 0.12233 0.121116 0.119826 0.118604 0.117313 0.116123 0.114795 0.113674 0.11245 0.111219 0.110426 0.109343 0.10818 0.106951 0.105779 0.104631 0.103633 0.103013 0.102011 0.10093 0.0999999 0.0990399 0.0979548 0.0971308 0.0965251 0.0957002 0.094881 0.0938331 0.09306 0.0925063 0.091871 0.0910772 0.0902918 0.0895193 0.0890579 0.088496 0.0878422 0.0870238 0.0865239 0.0859481 0.0854214 0.0849339 0.0842428 0.0836266 0.0833898 0.0827911
0.0690564 0.069843 0.067082 0.0666417 0.0706728 0.0679336 0.0830694 0.0837396 0.105422 0.114521 0.121769 0.168118 0.158028 0.148095 0.143718 0.155218 0.151922 0.171359 0.163907 0.135294 0.131314 0.12831 0.126363 0.125647 0.124775 0.123625 0.12221 0.12075 0.119542 0.118393 0.11728 0.115887 0.115276 0.113935 0.112633 0.11136 0.110065 0.108835 0.107689 0.106369 0.105105 0.104064 0.103456 0.102406 0.101336 0.100144 0.0991987 0.0981967 0.0971954 0.0966411 0.0957949 0.0947543 0.0939018 0.0930724 0.092547 0.0918214 0.091026 0.0902223 0.0894164 0.0888694 0.0883616 0.0876889 0.0870543 0.0863527 0.0858567 0.0853488 0.0848022 0.0841957
0.0689458 0.0692098 0.070303 0.0698112 0.0699432 0.0708381 0.0673076 0.0714806 0.0700538 0.069113 0.0716217 0.0768693 0.0999759 0.113745 0.12338 0.101293 0.130614 0.152998 0.152327 0.147648 0.140164 0.171877 0.164664 0.147636 0.128498 0.128777 0.127062 0.125079 0.124709 0.124253 0.123009 0.121507 0.120142 0.11902 0.117845 0.116473 0.115019 0.113647 0.112248 0.11082 0.109411 0.108188 0.106954 0.10575 0.104951 0.103732 0.102683 0.10166 0.100418 0.0993831 0.0982878 0.0974351 0.0968276 0.0958807 0.0949135 0.0939824 0.092982 0.092609 0.0918134 0.09098 0.0900872 0.0893831 0.0886458 0.0882106 0.0876631 0.0868971 0.0861494 0.0857669
