data/IdealizedTopo/Outputs_IdealizedTopo/release1HS_01IdealizedTopo_null_TRENT2D_pfv.asc
ncols 1001
nrows  301
cellsize  5.000
xllcenter     1000.00
yllcenter    -5000.00
NODATA_value nan
[rows 144 to 179 of 301, columns 0 to 80 of 1001]
nan nan nan nan nan nan nan 1.060 3.911 5.444 6.487 7.346 8.110 8.837 9.539 10.242 10.958 11.656 12.301 12.902 13.463 13.990 14.486 14.953 15.395 15.816 16.217 16.598 16.960 17.305 17.634 17.950 18.254 18.544 18.821 19.087 19.341 19.588 19.824 20.051 20.268 20.476 20.679 20.874 21.061 21.241 21.414 21.582 21.744 21.899 22.048 22.194 22.334 22.469 22.598 22.725 22.847 22.964 23.078 23.188 23.294 23.397 23.497 23.594 23.688 23.780 23.868 23.955 24.040 24.122 24.203 24.281 24.358 24.433 24.506 24.578 24.649 24.718 24.786 24.852 24.917
nan nan nan nan nan nan nan 1.060 3.911 5.447 6.490 7.350 8.114 8.842 9.545 10.248 10.965 11.663 12.309 12.910 13.472 14.000 14.496 14.964 15.406 15.827 16.229 16.611 16.974 17.321 17.651 17.969 18.274 18.566 18.846 19.114 19.371 19.621 19.861 20.092 20.313 20.526 20.734 20.934 21.126 21.311 21.490 21.665 21.833 21.995 22.151 22.304 22.452 22.594 22.732 22.867 22.998 23.123 23.246 23.366 23.481 23.593 23.704 23.810 23.913 24.015 24.114 24.210 24.305 24.397 24.487 24.576 24.662 24.748 24.832 24.915 24.996 25.076 25.156 25.233 25.311
nan nan nan nan nan nan nan 1.060 3.911 5.449 6.492 7.353 8.118 8.846 9.550 10.253 10.971 11.669 12.316 12.917 13.480 14.007 14.504 14.972 15.415 15.836 16.238 16.621 16.985 17.332 17.663 17.980 18.287 18.581 18.862 19.131 19.390 19.641 19.884 20.117 20.341 20.556 20.766 20.970 21.166 21.355 21.537 21.716 21.889 22.056 22.217 22.376 22.529 22.678 22.821 22.963 23.100 23.233 23.362 23.489 23.613 23.732 23.851 23.965 24.077 24.187 24.294 24.399 24.503 24.604 24.703 24.801 24.897 24.991 25.085 25.176 25.268 25.358 25.447 25.535 25.622
nan nan nan nan nan nan nan 1.060 3.911 5.451 6.494 7.356 8.121 8.850 9.554 10.257 10.975 11.674 12.321 12.923 13.485 14.013 14.510 14.979 15.422 15.843 16.246 16.628 16.993 17.340 17.672 17.989 18.296 18.590 18.872 19.142 19.401 19.653 19.896 20.131 20.356 20.573 20.785 20.990 21.188 21.379 21.564 21.746 21.922 22.092 22.257 22.419 22.576 22.728 22.876 23.022 23.164 23.302 23.437 23.570 23.698 23.824 23.949 24.070 24.188 24.305 24.420 24.531 24.643 24.751 24.858 24.964 25.068 25.171 25.272 25.372 25.472 25.570 25.667 25.765 25.860
nan nan nan nan nan nan nan 1.060 3.912 5.453 6.495 7.358 8.123 8.852 9.556 10.260 10.978 11.677 12.324 12.927 13.490 14.018 14.515 14.984 15.427 15.849 16.251 16.634 16.999 17.347 17.678 17.995 18.303 18.597 18.879 19.150 19.409 19.661 19.905 20.139 20.365 20.583 20.795 21.001 21.200 21.393 21.579 21.762 21.940 22.112 22.278 22.442 22.602 22.757 22.907 23.057 23.202 23.343 23.482 23.618 23.751 23.881 24.010 24.136 24.259 24.382 24.501 24.619 24.736 24.850 24.963 25.075 25.186 25.295 25.403 25.509 25.615 25.720 25.824 25.928 26.030
nan nan nan nan nan nan nan 1.060 3.912 5.453 6.496 7.358 8.124 8.853 9.557 10.261 10.979 11.678 12.326 12.928 13.491 14.020 14.517 14.986 15.429 15.850 16.253 16.636 17.001 17.349 17.680 17.997 18.305 18.599 18.881 19.151 19.411 19.662 19.906 20.141 20.367 20.585 20.797 21.003 21.202 21.395 21.582 21.765 21.943 22.116 22.284 22.449 22.610 22.766 22.918 23.070 23.217 23.360 23.501 23.640 23.775 23.908 24.040 24.169 24.295 24.421 24.544 24.665 24.786 24.904 25.021 25.137 25.251 25.364 25.477 25.587 25.697 25.807 25.914 26.022 26.129
nan nan nan nan nan nan nan 1.058 3.911 5.452 6.496 7.358 8.124 8.853 9.558 10.262 10.980 11.679 12.326 12.929 13.492 14.020 14.518 14.987 15.430 15.852 16.255 16.638 17.002 17.350 17.682 17.999 18.306 18.601 18.883 19.154 19.413 19.665 19.909 20.143 20.369 20.587 20.799 21.006 21.205 21.398 21.584 21.768 21.946 22.119 22.287 22.452 22.613 22.770 22.922 23.074 23.221 23.365 23.507 23.646 23.782 23.916 24.049 24.178 24.306 24.433 24.557 24.679 24.801 24.920 25.038 25.155 25.271 25.385 25.499 25.611 25.723 25.833 25.943 26.052 26.160
nan nan nan nan nan nan nan 1.060 3.912 5.453 6.496 7.358 8.124 8.853 9.557 10.261 10.979 11.678 12.326 12.928 13.491 14.020 14.517 14.986 15.429 15.850 16.253 16.636 17.001 17.349 17.680 17.997 18.305 18.599 18.881 19.151 19.411 19.662 19.906 20.141 20.367 20.585 20.797 21.003 21.202 21.395 21.582 21.765 21.943 22.116 22.284 22.449 22.610 22.766 22.918 23.070 23.217 23.360 23.501 23.640 23.775 23.908 24.040 24.169 24.295 24.421 24.544 24.665 24.786 24.904 25.021 25.137 25.251 25.364 25.477 25.587 25.697 25.807 25.914 26.022 26.129
nan nan nan nan nan nan nan 1.060 3.912 5.453 6.495 7.358 8.123 8.852 9.556 10.260 10.978 11.677 12.324 12.927 13.490 14.018 14.515 14.984 15.427 15.849 16.251 16.634 16.999 17.347 17.678 17.995 18.303 18.597 18.879 19.150 19.409 19.661 19.905 20.139 20.365 20.583 20.795 21.001 21.200 21.393 21.579 21.762 21.940 22.112 22.278 22.442 22.602 22.757 22.907 23.057 23.202 23.343 23.482 23.618 23.751 23.881 24.010 24.136 24.259 24.382 24.501 24.619 24.736 24.850 24.963 25.075 25.186 25.295 25.403 25.509 25.615 25.720 25.824 25.928 26.030
nan nan nan nan nan nan nan 1.060 3.911 5.451 6.494 7.356 8.121 8.850 9.554 10.257 10.975 11.674 12.321 12.923 13.485 14.013 14.510 14.979 15.422 15.843 16.246 16.628 16.993 17.340 17.672 17.989 18.296 18.590 18.872 19.142 19.401 19.653 19.896 20.131 20.356 20.573 20.785 20.990 21.188 21.379 21.564 21.746 21.922 22.092 22.257 22.419 22.576 22.728 22.876 23.022 23.164 23.302 23.437 23.570 23.698 23.824 23.949 24.070 24.188 24.305 24.420 24.531 24.643 24.751 24.858 24.964 25.068 25.171 25.272 25.372 25.472 25.570 25.667 25.765 25.860
nan nan nan nan nan nan nan 1.060 3.911 5.449 6.492 7.353 8.118 8.846 9.550 10.253 10.971 11.669 12.316 12.917 13.480 14.007 14.504 14.972 15.415 15.836 16.238 16.621 16.985 17.332 17.663 17.980 18.287 18.581 18.862 19.131 19.390 19.641 19.884 20.117 20.341 20.556 20.766 20.970 21.166 21.355 21.537 21.716 21.889 22.056 22.217 22.376 22.529 22.678 22.821 22.963 23.100 23.233 23.362 23.489 23.613 23.732 23.851 23.965 24.077 24.187 24.294 24.399 24.503 24.604 24.703 24.801 24.897 24.991 25.085 25.176 25.268 25.358 25.447 25.535 25.622
nan nan nan nan nan nan nan 1.060 3.911 5.447 6.490 7.350 8.114 8.842 9.545 10.248 10.965 11.663 12.309 12.910 13.472 14.000 14.496 14.964 15.406 15.827 16.229 16.611 16.974 17.321 17.651 17.969 18.274 18.566 18.846 19.114 19.371 19.621 19.861 20.092 20.313 20.526 20.734 20.934 21.126 21.311 21.490 21.665 21.833 21.995 22.151 22.304 22.452 22.594 22.732 22.867 22.998 23.123 23.246 23.366 23.481 23.593 23.704 23.810 23.913 24.015 24.114 24.210 24.305 24.397 24.487 24.576 24.662 24.748 24.832 24.915 24.996 25.076 25.156 25.233 25.311
nan nan nan nan nan nan nan 1.060 3.911 5.444 6.487 7.346 8.110 8.837 9.539 10.242 10.958 11.656 12.301 12.902 13.463 13.990 14.486 14.953 15.395 15.816 16.217 16.598 16.960 17.305 17.634 17.950 18.254 18.544 18.821 19.087 19.341 19.588 19.824 20.051 20.268 20.476 20.679 20.874 21.061 21.241 21.414 21.582 21.744 21.899 22.048 22.194 22.334 22.469 22.598 22.725 22.847 22.964 23.078 23.188 23.294 23.397 23.497 23.594 23.688 23.780 23.868 23.955 24.040 24.122 24.203 24.281 24.358 24.433 24.506 24.578 24.649 24.718 24.786 24.852 24.917
nan nan nan nan nan nan nan 1.060 3.911 5.441 6.484 7.341 8.104 8.831 9.533 10.235 10.949 11.647 12.292 12.892 13.453 13.979 14.474 14.940 15.380 15.801 16.200 16.579 16.939 17.282 17.608 17.922 18.222 18.508 18.782 19.043 19.293 19.535 19.766 19.987 20.199 20.401 20.598 20.786 20.966 21.138 21.304 21.464 21.617 21.763 21.903 22.039 22.169 22.293 22.413 22.529 22.640 22.746 22.850 22.948 23.043 23.136 23.225 23.311 23.394 23.474 23.553 23.628 23.702 23.773 23.842 23.909 23.973 24.037 24.097 24.157 24.214 24.269 24.323 24.374 24.424
nan nan nan nan nan nan nan 1.060 3.911 5.439 6.481 7.336 8.099 8.823 9.525 10.226 10.940 11.637 12.281 12.881 13.440 13.965 14.458 14.923 15.361 15.780 16.177 16.553 16.910 17.249 17.571 17.881 18.177 18.458 18.726 18.980 19.224 19.459 19.683 19.895 20.098 20.291 20.478 20.655 20.824 20.984 21.140 21.287 21.428 21.561 21.691 21.814 21.931 22.043 22.152 22.255 22.354 22.450 22.540 22.628 22.712 22.792 22.869 22.943 23.014 23.082 23.147 23.211 23.271 23.329 23.384 23.437 23.488 23.536 23.581 23.625 23.665 23.703 23.738 23.769 23.798
nan nan nan nan nan nan nan 1.060 3.911 5.437 6.476 7.329 8.092 8.815 9.516 10.217 10.931 11.626 12.270 12.868 13.426 13.949 14.440 14.902 15.338 15.753 16.145 16.516 16.866 17.198 17.513 17.815 18.100 18.371 18.628 18.871 19.104 19.326 19.536 19.735 19.923 20.104 20.276 20.439 20.594 20.742 20.883 21.017 21.144 21.266 21.383 21.492 21.598 21.699 21.794 21.886 21.973 22.055 22.134 22.209 22.280 22.347 22.411 22.471 22.528 22.582 22.632 22.680 22.724 22.764 22.802 22.836 22.868 22.895 22.919 22.940 22.956 22.969 22.978 22.983 22.985
nan nan nan nan nan nan nan 1.060 3.911 5.435 6.470 7.320 8.083 8.806 9.507 10.209 10.925 11.620 12.262 12.857 13.412 13.930 14.415 14.870 15.299 15.704 16.086 16.446 16.784 17.104 17.405 17.693 17.965 18.221 18.463 18.690 18.909 19.115 19.310 19.494 19.669 19.836 19.993 20.141 20.283 20.418 20.544 20.664 20.779 20.887 20.989 21.087 21.178 21.264 21.346 21.422 21.494 21.561 21.625 21.684 21.739 21.790 21.837 21.880 21.919 21.954 21.985 22.013 22.035 22.055 22.070 22.080 22.087 22.090 22.090 22.085 22.076 22.061 22.040 22.013 21.980
nan nan nan nan nan nan nan 1.061 3.910 5.428 6.460 7.310 8.070 8.796 9.501 10.206 10.929 11.620 12.255 12.842 13.388 13.894 14.367 14.808 15.223 15.613 15.978 16.321 16.642 16.944 17.229 17.499 17.753 17.991 18.215 18.429 18.631 18.820 18.998 19.167 19.328 19.477 19.619 19.753 19.879 19.997 20.110 20.214 20.313 20.405 20.490 20.571 20.645 20.715 20.778 20.838 20.891 20.940 20.983 21.023 21.057 21.087 21.112 21.133 21.149 21.160 21.166 21.169 21.168 21.162 21.151 21.135 21.113 21.084 21.049 21.006 20.956 20.897 20.830 20.753 20.665
nan nan nan nan nan nan nan 1.061 3.905 5.408 6.432 7.286 8.050 8.778 9.493 10.213 10.948 11.623 12.243 12.812 13.337 13.823 14.274 14.693 15.086 15.453 15.797 16.117 16.417 16.699 16.965 17.215 17.448 17.667 17.875 18.069 18.250 18.422 18.584 18.734 18.875 19.008 19.131 19.247 19.354 19.453 19.547 19.632 19.711 19.783 19.849 19.908 19.962 20.009 20.052 20.088 20.120 20.145 20.165 20.180 20.189 20.192 20.192 20.187 20.177 20.161 20.139 20.110 20.075 20.032 19.982 19.924 19.857 19.780 19.694 19.598 19.489 19.369 19.235 19.086 18.920
nan nan nan nan nan nan nan 1.061 3.871 5.342 6.365 7.216 7.998 8.745 9.491 10.254 10.962 11.605 12.191 12.728 13.222 13.677 14.099 14.490 14.858 15.199 15.516 15.810 16.088 16.348 16.589 16.812 17.026 17.223 17.406 17.579 17.740 17.887 18.027 18.156 18.274 18.384 18.484 18.577 18.660 18.737 18.805 18.867 18.921 18.968 19.008 19.042 19.068 19.089 19.103 19.112 19.114 19.112 19.104 19.091 19.072 19.045 19.012 18.971 18.922 18.865 18.799 18.723 18.638 18.542 18.434 18.313 18.178 18.028 17.860 17.676 17.472 17.247 16.996 16.715 16.402
nan nan nan nan nan nan nan 1.054 3.554 5.273 6.331 7.215 8.060 8.921 9.718 10.434 11.076 11.656 12.183 12.665 13.112 13.522 13.899 14.248 14.576 14.878 15.157 15.419 15.663 15.887 16.097 16.292 16.470 16.638 16.791 16.932 17.062 17.179 17.289 17.386 17.476 17.554 17.625 17.686 17.740 17.784 17.821 17.850 17.872 17.886 17.893 17.894 17.889 17.877 17.859 17.834 17.801 17.760 17.710 17.651 17.583 17.505 17.417 17.317 17.206 17.081 16.944 16.793 16.626 16.442 16.238 16.011 15.760 15.482 15.179 14.849 14.490 14.098 13.661 13.174 12.781
nan nan nan nan nan nan nan nan 1.702 4.291 5.732 6.832 7.784 8.631 9.389 10.061 10.669 11.222 11.722 12.176 12.588 12.969 13.317 13.634 13.925 14.195 14.440 14.665 14.874 15.061 15.236 15.393 15.536 15.666 15.784 15.889 15.983 16.065 16.138 16.200 16.254 16.298 16.332 16.358 16.374 16.383 16.383 16.376 16.363 16.341 16.311 16.272 16.225 16.168 16.101 16.023 15.935 15.834 15.722 15.596 15.456 15.301 15.128 14.937 14.727 14.499 14.251 13.981 13.685 13.363 13.013 12.622 12.193 11.721 11.197 10.616 9.962 9.466 8.932 8.250 7.407
nan nan nan nan nan nan nan nan nan 2.022 3.724 4.986 6.033 6.930 7.707 8.409 9.027 9.594 10.104 10.563 10.986 11.370 11.715 12.035 12.322 12.583 12.821 13.033 13.230 13.402 13.560 13.699 13.822 13.930 14.023 14.104 14.171 14.225 14.269 14.302 14.323 14.336 14.339 14.334 14.319 14.294 14.257 14.210 14.151 14.079 13.995 13.898 13.789 13.667 13.532 13.383 13.220 13.040 12.845 12.632 12.395 12.133 11.844 11.522 11.162 10.769 10.334 9.832 9.262 8.625 7.926 7.167 6.366 5.590 4.869 4.186 3.538 2.939 2.407 1.949 1.526
nan nan nan nan nan nan nan nan nan nan 0.771 1.593 2.446 3.256 4.005 4.715 5.367 5.963 6.501 6.992 7.440 7.846 8.223 8.565 8.877 9.164 9.426 9.663 9.875 10.065 10.235 10.385 10.515 10.627 10.721 10.798 10.860 10.907 10.939 10.958 10.962 10.953 10.931 10.895 10.843 10.777 10.694 10.595 10.477 10.340 10.183 10.002 9.797 9.566 9.304 9.010 8.682 8.319 7.919 7.482 7.018 6.521 5.993 5.434 4.882 4.371 3.873 3.367 2.852 2.366 1.919 1.524 1.231 0.989 0.791 0.633 0.506 0.409 0.327 0.252 0.163
nan nan nan nan nan nan nan nan nan nan nan nan nan nan 0.494 0.830 1.159 1.513 1.862 2.192 2.538 2.886 3.218 3.534 3.830 4.107 4.357 4.585 4.790 4.974 5.135 5.277 5.396 5.495 5.574 5.632 5.673 5.693 5.697 5.681 5.648 5.594 5.521 5.426 5.309 5.170 5.009 4.824 4.617 4.387 4.133 3.847 3.524 3.158 2.750 2.431 2.152 1.853 1.612 1.388 1.186 1.008 0.853 0.720 0.607 0.514 0.435 0.353 0.279 0.174 nan nan nan nan nan nan nan nan nan nan nan
nan nan nan nan nan nan nan nan nan nan nan nan nan nan nan nan nan nan nan nan nan nan nan nan nan 0.437 0.557 0.645 0.724 0.788 0.851 0.901 0.945 0.978 0.999 1.009 1.010 1.000 0.977 0.940 0.890 0.826 0.752 0.665 0.593 0.543 0.493 0.446 0.402 0.353 0.299 0.196 0.093 nan nan nan nan nan nan nan nan nan nan nan nan nan nan nan nan nan nan nan nan nan nan nan nan nan nan nan nan
nan nan nan nan nan nan nan nan nan nan nan nan nan nan nan nan nan nan nan nan nan nan nan nan nan nan nan nan nan nan nan nan nan nan nan nan nan nan nan nan nan nan nan nan nan nan nan nan nan nan nan nan nan nan nan nan nan nan nan nan nan nan nan nan nan nan nan nan nan nan nan nan nan nan nan nan nan nan nan nan nan
nan nan nan nan nan nan nan nan nan nan nan nan nan nan nan nan nan nan nan nan nan nan nan nan nan nan nan nan nan nan nan nan nan nan nan nan nan nan nan nan nan nan nan nan nan nan nan nan nan nan nan nan nan nan nan nan nan nan nan nan nan nan nan nan nan nan nan nan nan nan nan nan nan nan nan nan nan nan nan nan nan
nan nan nan nan nan nan nan nan nan nan nan nan nan nan nan nan nan nan nan nan nan nan nan nan nan nan nan nan nan nan nan nan nan nan nan nan nan nan nan nan nan nan nan nan nan nan nan nan nan nan nan nan nan nan nan nan nan nan nan nan nan nan nan nan nan nan nan nan nan nan nan nan nan nan nan nan nan nan nan nan nan
nan nan nan nan nan nan nan nan nan nan nan nan nan nan nan nan nan nan nan nan nan nan nan nan nan nan nan nan nan nan nan nan nan nan nan nan nan nan nan nan nan nan nan nan nan nan nan nan nan nan nan nan nan nan nan nan nan nan nan nan nan nan nan nan nan nan nan nan nan nan nan nan nan nan nan nan nan nan nan nan nan
nan nan nan nan nan nan nan nan nan nan nan nan nan nan nan nan nan nan nan nan nan nan nan nan nan nan nan nan nan nan nan nan nan nan nan nan nan nan nan nan nan nan nan nan nan nan nan nan nan nan nan nan nan nan nan nan nan nan nan nan nan nan nan nan nan nan nan nan nan nan nan nan nan nan nan nan nan nan nan nan nan
nan nan nan nan nan nan nan nan nan nan nan nan nan nan nan nan nan nan nan nan nan nan nan nan nan nan nan nan nan nan nan nan nan nan nan nan nan nan nan nan nan nan nan nan nan nan nan nan nan nan nan nan nan nan nan nan nan nan nan nan nan nan nan nan nan nan nan nan nan nan nan nan nan nan nan nan nan nan nan nan nan
nan nan nan nan nan nan nan nan nan nan nan nan nan nan nan nan nan nan nan nan nan nan nan nan nan nan nan nan nan nan nan nan nan nan nan nan nan nan nan nan nan nan nan nan nan nan nan nan nan nan nan nan nan nan nan nan nan nan nan nan nan nan nan nan nan nan nan nan nan nan nan nan nan nan nan nan nan nan nan nan nan
nan nan nan nan nan nan nan nan nan nan nan nan nan nan nan nan nan nan nan nan nan nan nan nan nan nan nan nan nan nan nan nan nan nan nan nan nan nan nan nan nan nan nan nan nan nan nan nan nan nan nan nan nan nan nan nan nan nan nan nan nan nan nan nan nan nan nan nan nan nan nan nan nan nan nan nan nan nan nan nan nan
nan nan nan nan nan nan nan nan nan nan nan nan nan nan nan nan nan nan nan nan nan nan nan nan nan nan nan nan nan nan nan nan nan nan nan nan nan nan nan nan nan nan nan nan nan nan nan nan nan nan nan nan nan nan nan nan nan nan nan nan nan nan nan nan nan nan nan nan nan nan nan nan nan nan nan nan nan nan nan nan nan
nan nan nan nan nan nan nan nan nan nan nan nan nan nan nan nan nan nan nan nan nan nan nan nan nan nan nan nan nan nan nan nan nan nan nan nan nan nan nan nan nan nan nan nan nan nan nan nan nan nan nan nan nan nan nan nan nan nan nan nan nan nan nan nan nan nan nan nan nan nan nan nan nan nan nan nan nan nan nan nan nan
