data/IdealizedTopo/Outputs_IdealizedTopo/release1HS_null_01IdealizedTopo_faSavageHutterFoam_pft.asc
xllcenter 1000
yllcenter -5000
nrows 301
ncols 1001
NODATA_value -9999
cellsize 5
[rows 128 to 159 of 301, columns 284 to 354 of 1001]
9.94725e-06 1.00174e-05 1.00887e-05 9.94685e-06 1.00214e-05 1.01072e-05 9.95178e-06 9.99541e-06 9.99032e-06 9.68274e-06 9.9996e-06 1.00991e-05 9.44094e-06 9.93845e-06 1.01367e-05 9.28946e-06 9.87164e-06 1.01577e-05 9.19742e-06 9.83239e-06 1.01758e-05 9.15706e-06 9.89798e-06 9.93685e-06 1.00228e-05 9.98072e-06 9.99599e-06 1.01094e-05 1.02187e-05 1.03084e-05 1.03818e-05 1.04395e-05 1.04813e-05 1.04959e-05 1.04669e-05 1.04595e-05 1.0462e-05 1.04895e-05 1.05439e-05 1.06969e-05 1.08648e-05 1.10024e-05 1.10937e-05 1.11006e-05 1.10249e-05 1.10271e-05 1.10621e-05 1.1163e-05 1.12534e-05 1.12882e-05 1.13181e-05 1.13142e-05 1.13081e-05 1.13302e-05 1.13643e-05 1.13813e-05 1.13901e-05 1.13969e-05 1.13931e-05 1.14072e-05 1.14231e-05 1.14211e-05 1.14047e-05 1.14021e-05 1.13842e-05 1.13798e-05 1.13809e-05 1.13823e-05 1.13636e-05 1.13394e-05 1.13226e-05
1.00696e-05 9.62325e-06 1.00904e-05 1.00828e-05 9.62744e-06 1.01508e-05 1.01329e-05 9.99304e-06 9.91399e-06 9.96987e-06 9.98879e-06 1.00086e-05 1.00018e-05 1.00608e-05 1.01335e-05 1.02073e-05 1.02653e-05 1.03101e-05 1.0337e-05 1.03761e-05 1.04113e-05 1.04439e-05 1.0464e-05 1.05017e-05 1.03767e-05 1.03885e-05 1.04128e-05 1.0446e-05 1.0516e-05 1.06429e-05 1.07804e-05 1.08981e-05 1.09632e-05 1.10511e-05 1.10792e-05 1.10227e-05 1.10031e-05 1.10117e-05 1.1051e-05 1.10657e-05 1.11601e-05 1.12522e-05 1.1328e-05 1.13463e-05 1.13437e-05 1.12854e-05 1.12882e-05 1.13277e-05 1.13798e-05 1.14242e-05 1.14263e-05 1.14132e-05 1.1394e-05 1.13947e-05 1.14181e-05 1.14297e-05 1.14162e-05 1.14053e-05 1.1402e-05 1.13959e-05 1.13996e-05 1.14048e-05 1.13827e-05 1.13628e-05 1.13476e-05 1.13425e-05 1.13418e-05 1.1326e-05 1.13051e-05 1.12964e-05 1.12821e-05
1.03648e-05 1.03711e-05 1.03842e-05 1.04016e-05 1.0422e-05 1.04805e-05 1.04034e-05 1.03992e-05 1.03957e-05 1.04037e-05 1.04557e-05 1.03768e-05 1.03909e-05 1.04024e-05 1.04651e-05 1.05887e-05 1.06121e-05 1.07229e-05 1.08042e-05 1.08772e-05 1.09775e-05 1.09907e-05 1.10526e-05 1.106e-05 1.10492e-05 1.10301e-05 1.0949e-05 1.09852e-05 1.10349e-05 1.1057e-05 1.11595e-05 1.11852e-05 1.12555e-05 1.13169e-05 1.13439e-05 1.13501e-05 1.13285e-05 1.12863e-05 1.13082e-05 1.13393e-05 1.13819e-05 1.13972e-05 1.1403e-05 1.14177e-05 1.14338e-05 1.14383e-05 1.14204e-05 1.14133e-05 1.14213e-05 1.1445e-05 1.14505e-05 1.14382e-05 1.14164e-05 1.14096e-05 1.14134e-05 1.14236e-05 1.14141e-05 1.1386e-05 1.13781e-05 1.13681e-05 1.13744e-05 1.13672e-05 1.13513e-05 1.13309e-05 1.13238e-05 1.1307e-05 1.12976e-05 1.1279e-05 1.12641e-05 1.12525e-05 1.12465e-05
1.08969e-05 1.09702e-05 1.10003e-05 1.10547e-05 1.10323e-05 1.11058e-05 1.11004e-05 1.11071e-05 1.10357e-05 1.10287e-05 1.10018e-05 1.1027e-05 1.09676e-05 1.09831e-05 1.09892e-05 1.10591e-05 1.10572e-05 1.11379e-05 1.11716e-05 1.12473e-05 1.12692e-05 1.13157e-05 1.13569e-05 1.13808e-05 1.13878e-05 1.13335e-05 1.13255e-05 1.13269e-05 1.13411e-05 1.13098e-05 1.13569e-05 1.14097e-05 1.14439e-05 1.14528e-05 1.14386e-05 1.14508e-05 1.14617e-05 1.14553e-05 1.14349e-05 1.14348e-05 1.14533e-05 1.1476e-05 1.14691e-05 1.14586e-05 1.14455e-05 1.14649e-05 1.14646e-05 1.14534e-05 1.14293e-05 1.14299e-05 1.14496e-05 1.14337e-05 1.14169e-05 1.14011e-05 1.13897e-05 1.14039e-05 1.13885e-05 1.13683e-05 1.13559e-05 1.13525e-05 1.13389e-05 1.13237e-05 1.13089e-05 1.12984e-05 1.1291e-05 1.12709e-05 1.12546e-05 1.12468e-05 1.12461e-05 1.12057e-05 1.11967e-05
1.12819e-05 1.13696e-05 1.13624e-05 1.13764e-05 1.13943e-05 1.14289e-05 1.14601e-05 1.14226e-05 1.14047e-05 1.139e-05 1.13903e-05 1.13633e-05 1.13631e-05 1.13576e-05 1.136e-05 1.13559e-05 1.13906e-05 1.14124e-05 1.14218e-05 1.1425e-05 1.14751e-05 1.1502e-05 1.14984e-05 1.14891e-05 1.15119e-05 1.15248e-05 1.14821e-05 1.14697e-05 1.14898e-05 1.15028e-05 1.14976e-05 1.14939e-05 1.15076e-05 1.15312e-05 1.15104e-05 1.15013e-05 1.14973e-05 1.15101e-05 1.15079e-05 1.14791e-05 1.14821e-05 1.14972e-05 1.14931e-05 1.14764e-05 1.1457e-05 1.14576e-05 1.14607e-05 1.14551e-05 1.14344e-05 1.14243e-05 1.14371e-05 1.14166e-05 1.14083e-05 1.13926e-05 1.13907e-05 1.13708e-05 1.13612e-05 1.13446e-05 1.13415e-05 1.13211e-05 1.13085e-05 1.13047e-05 1.1297e-05 1.12712e-05 1.12429e-05 1.12411e-05 1.12415e-05 1.12107e-05 1.11896e-05 1.11828e-05 1.11701e-05
1.154e-05 1.15474e-05 1.15323e-05 1.15674e-05 1.16004e-05 1.15601e-05 1.15836e-05 1.16058e-05 1.15844e-05 1.15495e-05 1.15603e-05 1.15789e-05 1.15474e-05 1.15384e-05 1.15546e-05 1.15612e-05 1.15293e-05 1.1556e-05 1.15724e-05 1.15733e-05 1.15603e-05 1.15793e-05 1.15925e-05 1.15681e-05 1.15572e-05 1.15832e-05 1.1583e-05 1.155e-05 1.15418e-05 1.15602e-05 1.15619e-05 1.15383e-05 1.15382e-05 1.15569e-05 1.15509e-05 1.15258e-05 1.15246e-05 1.15357e-05 1.15278e-05 1.15118e-05 1.14913e-05 1.15069e-05 1.14935e-05 1.14807e-05 1.14658e-05 1.14656e-05 1.1461e-05 1.14438e-05 1.14327e-05 1.14281e-05 1.14249e-05 1.13936e-05 1.13873e-05 1.13832e-05 1.13727e-05 1.13516e-05 1.13404e-05 1.13333e-05 1.13146e-05 1.12964e-05 1.12888e-05 1.12764e-05 1.12522e-05 1.12436e-05 1.12375e-05 1.12145e-05 1.11959e-05 1.11893e-05 1.11736e-05 1.11605e-05 1.11343e-05
1.16562e-05 1.16721e-05 1.16664e-05 1.16509e-05 1.16745e-05 1.16831e-05 1.16501e-05 1.16646e-05 1.16844e-05 1.16478e-05 1.16403e-05 1.1659e-05 1.16673e-05 1.16302e-05 1.16372e-05 1.16548e-05 1.16321e-05 1.16211e-05 1.16385e-05 1.16512e-05 1.16109e-05 1.16135e-05 1.1641e-05 1.1624e-05 1.16007e-05 1.16033e-05 1.16171e-05 1.15961e-05 1.15811e-05 1.15988e-05 1.1593e-05 1.15654e-05 1.15519e-05 1.15816e-05 1.15624e-05 1.15306e-05 1.1534e-05 1.15406e-05 1.15231e-05 1.15115e-05 1.15035e-05 1.15043e-05 1.14912e-05 1.14739e-05 1.14777e-05 1.14572e-05 1.14423e-05 1.14315e-05 1.1422e-05 1.14058e-05 1.14e-05 1.13967e-05 1.13823e-05 1.13593e-05 1.13493e-05 1.13488e-05 1.13257e-05 1.13035e-05 1.1297e-05 1.12962e-05 1.12528e-05 1.12426e-05 1.12354e-05 1.12376e-05 1.12079e-05 1.1185e-05 1.11731e-05 1.11622e-05 1.11434e-05 1.11314e-05 1.11322e-05
1.17266e-05 1.17434e-05 1.17427e-05 1.17268e-05 1.17214e-05 1.17447e-05 1.17184e-05 1.1715e-05 1.17295e-05 1.1706e-05 1.16964e-05 1.17069e-05 1.17149e-05 1.16868e-05 1.16835e-05 1.17038e-05 1.16814e-05 1.16667e-05 1.1675e-05 1.16839e-05 1.16634e-05 1.16399e-05 1.16634e-05 1.16489e-05 1.16316e-05 1.16399e-05 1.16295e-05 1.16131e-05 1.16008e-05 1.16212e-05 1.16058e-05 1.15817e-05 1.15784e-05 1.15715e-05 1.15623e-05 1.15591e-05 1.15538e-05 1.1531e-05 1.15228e-05 1.15232e-05 1.15083e-05 1.14917e-05 1.14859e-05 1.14806e-05 1.14664e-05 1.14437e-05 1.14441e-05 1.14336e-05 1.14118e-05 1.14033e-05 1.13971e-05 1.13708e-05 1.1357e-05 1.13546e-05 1.13384e-05 1.13168e-05 1.13079e-05 1.1309e-05 1.12781e-05 1.1263e-05 1.12449e-05 1.12476e-05 1.12132e-05 1.11987e-05 1.11912e-05 1.11688e-05 1.11403e-05 1.11282e-05 1.11229e-05 1.10883e-05 1.10729e-05
1.17719e-05 1.17993e-05 1.1775e-05 1.17612e-05 1.17745e-05 1.17718e-05 1.17566e-05 1.17506e-05 1.17704e-05 1.17472e-05 1.17334e-05 1.17508e-05 1.17383e-05 1.17154e-05 1.17226e-05 1.17296e-05 1.17064e-05 1.17014e-05 1.17072e-05 1.16933e-05 1.16827e-05 1.16827e-05 1.16662e-05 1.16589e-05 1.16623e-05 1.1658e-05 1.16388e-05 1.1631e-05 1.16303e-05 1.16105e-05 1.16098e-05 1.161e-05 1.15979e-05 1.15664e-05 1.15719e-05 1.15631e-05 1.15416e-05 1.1538e-05 1.15336e-05 1.15046e-05 1.14942e-05 1.14961e-05 1.14724e-05 1.14628e-05 1.14548e-05 1.14519e-05 1.14224e-05 1.14204e-05 1.14093e-05 1.1389e-05 1.13737e-05 1.13619e-05 1.1368e-05 1.13281e-05 1.13097e-05 1.13038e-05 1.12902e-05 1.1259e-05 1.12652e-05 1.12508e-05 1.12302e-05 1.12073e-05 1.11886e-05 1.1188e-05 1.11418e-05 1.11413e-05 1.11449e-05 1.11049e-05 1.1085e-05 1.10892e-05 1.10623e-05
1.1813e-05 1.18284e-05 1.18136e-05 1.18003e-05 1.18169e-05 1.17906e-05 1.1788e-05 1.17879e-05 1.17805e-05 1.17685e-05 1.17794e-05 1.177e-05 1.17481e-05 1.17571e-05 1.17463e-05 1.17324e-05 1.17325e-05 1.17284e-05 1.17082e-05 1.17021e-05 1.17076e-05 1.1693e-05 1.16707e-05 1.16845e-05 1.16618e-05 1.16478e-05 1.1643e-05 1.16358e-05 1.16287e-05 1.16116e-05 1.16119e-05 1.15871e-05 1.15862e-05 1.15898e-05 1.15537e-05 1.155e-05 1.15456e-05 1.152e-05 1.15145e-05 1.15064e-05 1.15174e-05 1.14962e-05 1.14652e-05 1.14665e-05 1.14556e-05 1.14347e-05 1.1414e-05 1.14113e-05 1.14094e-05 1.13718e-05 1.1367e-05 1.13675e-05 1.13275e-05 1.13256e-05 1.13758e-05 1.12807e-05 1.12679e-05 1.1307e-05 1.12783e-05 1.12064e-05 1.12238e-05 1.12897e-05 1.10757e-05 1.11413e-05 1.12441e-05 1.0929e-05 1.10557e-05 1.10601e-05 1.05014e-05 9.80158e-06 1.10254e-05
1.18789e-05 1.18308e-05 1.18404e-05 1.18573e-05 1.18169e-05 1.18216e-05 1.18422e-05 1.18043e-05 1.17968e-05 1.18238e-05 1.18177e-05 1.17732e-05 1.18115e-05 1.17906e-05 1.17481e-05 1.17716e-05 1.17982e-05 1.17334e-05 1.17552e-05 1.17758e-05 1.17023e-05 1.17238e-05 1.17547e-05 1.18227e-05 1.16838e-05 1.17216e-05 1.1786e-05 1.16369e-05 1.16808e-05 1.17338e-05 1.1609e-05 1.16349e-05 1.16477e-05 1.17565e-05 1.16014e-05 1.15447e-05 1.16384e-05 1.15321e-05 1.15595e-05 1.15409e-05 1.14658e-05 1.14427e-05 1.14353e-05 1.0643e-05 1.13844e-05 1.13654e-05 1.06189e-05 1.13169e-05 1.12272e-05 1.0618e-05 1.12553e-05 1.11479e-05 1.06153e-05 7.0597e-06 1.10399e-05 1.07344e-05 7.22635e-06 1.1178e-05 1.07889e-05 8.21068e-06 -2.9869e-06 1.13014e-05 9.45778e-06 -1.18188e-05 1.33899e-05 1.01895e-05 -3.87297e-06 -1.60689e-05 1.67666e-05 6.52081e-06 -0.000115474
1.17202e-05 1.13052e-05 9.21091e-06 1.17032e-05 1.13995e-05 9.59986e-06 1.16921e-05 1.14553e-05 9.84512e-06 1.16867e-05 1.15654e-05 9.86918e-06 1.16795e-05 1.16191e-05 1.03249e-05 5.98848e-06 1.16077e-05 1.0609e-05 5.33607e-06 1.16969e-05 1.07167e-05 6.08169e-06 1.1791e-05 1.1061e-05 6.80471e-06 1.19231e-05 1.15122e-05 7.81431e-06 -7.45422e-06 1.21396e-05 8.92283e-06 -4.3455e-06 1.26724e-05 9.88608e-06 2.98811e-06 1.31027e-05 1.1905e-05 -2.19194e-06 -5.02537e-05 1.41941e-05 4.17179e-06 -4.12872e-05 1.68997e-05 7.95501e-06 -3.53433e-05 2.11053e-05 1.46313e-05 -1.91899e-05 -0.000124034 2.39389e-05 -4.55872e-06 -0.000119367 3.64141e-05 1.83077e-05 -0.000122268 5.21993e-05 3.48128e-05 -8.40491e-05 -0.000386863 7.71921e-05 5.08862e-06 -0.000703036 0.000168363 9.71562e-05 -0.000191111 0.000255703 0.000216055 -0.000170584 -0.00112948 0.000363498 0.000463263
-0.000120941 9.0675e-05 7.11222e-05 -7.53667e-05 -0.000519169 8.48965e-05 -3.54133e-05 -0.000437956 9.52461e-05 -7.87648e-06 -0.000317168 0.000103148 2.20261e-05 -0.000265359 0.000123727 6.30565e-05 -0.000239071 0.000150441 9.86689e-05 -0.000163463 -0.000919162 0.000131192 -0.000104848 -0.000810901 0.000174634 -2.67413e-05 -0.000661377 0.000232663 8.57688e-05 -0.000438263 0.00028564 0.000170543 -0.000167756 0.000301524 0.000252756 -0.000164742 -0.00114024 0.000411995 7.95634e-05 -0.00099343 0.000485714 0.000192288 -0.00081133 0.000626994 0.000420495 -0.000375461 -0.00182301 0.000761416 0.000175917 -0.00124012 0.00104715 0.000633008 -0.00134395 0.00131641 0.00107556 -0.000534865 0.0019411 0.00188774 0.00126181 -0.00147714 0.00256371 0.00375925 0.00166299 0.00431565 0.00350267 0.000123102 0.00482732 0.00596461 0.00609704 0.00916504 0.00805036
0.00484936 0.00394084 0.00160986 0.00504014 0.00438145 0.00226956 0.00516791 0.00464621 0.00277953 0.00527738 0.00478446 0.00370749 0.00585609 0.00564236 0.00468017 0.00151453 0.00633924 0.00513954 0.00178211 0.00654148 0.00560077 0.0026883 0.00710192 0.00639113 0.00371571 0.00785229 0.00755998 0.00577107 0.00877061 0.00869177 0.0070952 0.000326818 0.00883069 0.00940721 0.00685519 0.0116556 0.0103254 0.00660692 0.0115626 0.0110041 0.00791483 0.0127813 0.0127303 0.0107218 0.0147301 0.0151794 0.0136828 0.0107686 0.0175909 0.0163463 0.0105138 0.018832 0.0195971 0.0156625 0.0232149 0.0247327 0.0228808 0.02767 0.0284472 0.0280156 0.0363115 0.0358174 0.0339673 0.0285275 0.0361406 0.0416397 0.0413025 0.0473739 0.0479781 0.0437683 0.0505047
0.0520426 0.058434 0.0577991 0.0538538 0.059153 0.0592098 0.0542947 0.0589185 0.0598225 0.0575436 0.0497431 0.0630707 0.0625574 0.0552092 0.0653872 0.0633731 0.0555921 0.0656362 0.0647583 0.0577894 0.0674916 0.0669221 0.0607553 0.0698604 0.0701854 0.0663545 0.0728397 0.0732948 0.0713411 0.0624814 0.0733223 0.0789598 0.0748118 0.0844661 0.0806022 0.0741542 0.0836324 0.0820991 0.077484 0.0868268 0.086662 0.08257 0.0919286 0.0924376 0.0889937 0.0962668 0.099059 0.0979545 0.0919859 0.103211 0.109515 0.104304 0.115485 0.12043 0.117628 0.125824 0.127002 0.124077 0.131315 0.135917 0.135685 0.143624 0.148267 0.152204 0.151758 0.163539 0.164605 0.163162 0.174178 0.178895 0.175549
0.252557 0.248368 0.251788 0.252864 0.249925 0.240048 0.254932 0.257885 0.247754 0.260047 0.26442 0.257088 0.264304 0.26514 0.259561 0.266291 0.269134 0.262577 0.26901 0.272837 0.266738 0.273227 0.277098 0.27161 0.276188 0.278492 0.27683 0.277887 0.280191 0.282893 0.294312 0.289262 0.287706 0.280438 0.293526 0.294792 0.286935 0.29848 0.300841 0.293721 0.305039 0.308328 0.306333 0.312201 0.316579 0.313911 0.317673 0.322444 0.325059 0.335055 0.334809 0.338356 0.338825 0.349342 0.349533 0.346357 0.358713 0.364075 0.361351 0.370484 0.375126 0.373621 0.382722 0.385061 0.388891 0.397675 0.404408 0.407828 0.413003 0.416184 0.420347
0.659021 0.660216 0.654275 0.653597 0.655327 0.654116 0.659499 0.656002 0.657375 0.662767 0.657851 0.656866 0.650043 0.65939 0.66131 0.653484 0.660417 0.662413 0.655046 0.661722 0.663672 0.656125 0.662846 0.66563 0.662895 0.663376 0.665683 0.661933 0.659944 0.65543 0.660321 0.659198 0.663623 0.664361 0.667359 0.666626 0.66612 0.666955 0.669223 0.669389 0.669579 0.673562 0.672248 0.671078 0.676971 0.677229 0.672137 0.679578 0.676871 0.682389 0.686922 0.68499 0.691381 0.695461 0.70107 0.703231 0.705976 0.710951 0.711962 0.714528 0.716417 0.719984 0.723592 0.726113 0.724094 0.730409 0.733626 0.729516 0.738281 0.738785 0.733719
1.194 1.19257 1.19159 1.18459 1.18383 1.17507 1.18191 1.17785 1.16839 1.1806 1.17417 1.17649 1.17445 1.17019 1.17287 1.17126 1.16686 1.16881 1.16656 1.16963 1.16284 1.1621 1.16561 1.16021 1.15526 1.1513 1.1504 1.14677 1.14422 1.14285 1.1333 1.13372 1.13434 1.12411 1.13126 1.12957 1.12396 1.13052 1.12742 1.12093 1.12954 1.12608 1.12653 1.12107 1.11145 1.11817 1.1206 1.12666 1.1225 1.11475 1.12431 1.12093 1.11415 1.12203 1.12078 1.11264 1.12449 1.12021 1.11095 1.12071 1.11671 1.10711 1.11901 1.11439 1.10589 1.11626 1.11344 1.11131 1.09908 1.0972 1.10242
1.75794 1.76383 1.75053 1.74726 1.75434 1.74072 1.72701 1.73785 1.72676 1.71443 1.72015 1.71622 1.70227 1.71613 1.70602 1.68986 1.70459 1.6944 1.67914 1.69345 1.68353 1.66762 1.68185 1.67106 1.66343 1.65783 1.64366 1.64822 1.64294 1.62993 1.63272 1.62826 1.63241 1.62381 1.61386 1.62777 1.61854 1.60656 1.61847 1.60826 1.59598 1.60556 1.59537 1.58358 1.6014 1.58548 1.57271 1.58524 1.57285 1.55721 1.56915 1.55834 1.54446 1.55563 1.54752 1.54281 1.52621 1.52007 1.52392 1.5112 1.50562 1.5106 1.49793 1.49225 1.49695 1.48507 1.6704 1.48418 1.47506 1.48626 1.47398
2.25059 2.26646 2.2541 2.23499 2.24741 2.23428 2.21617 2.2296 2.21571 2.20832 2.19887 2.18488 2.18751 2.17228 2.16814 2.17114 2.1576 2.16963 2.15449 2.13928 2.1518 2.13606 2.12072 2.12958 2.12078 2.11103 2.12808 2.10855 2.09679 2.11607 2.09502 2.08025 2.09833 2.07745 2.06181 2.07342 2.05801 2.04034 2.05014 2.03688 2.01855 2.02881 2.01614 2.00583 2.01703 2.00519 1.99476 1.97441 1.9637 1.96374 1.94729 1.93738 1.9383 1.92388 2.08682 1.91736 1.90422 1.9024 1.89586 1.88472 1.88027 1.87393 1.8618 1.85691 1.85066 1.8378 1.83429 1.82921 1.82163 1.83567 1.82022
2.64455 2.63125 2.62442 2.62398 2.60979 2.62891 2.60539 2.59218 2.60359 2.58634 2.57335 2.57799 2.56617 2.55145 2.55856 2.54636 2.53187 2.53593 2.52453 2.51039 2.51417 2.50474 2.48829 2.49578 2.48547 2.47734 2.4933 2.4766 2.4612 2.47125 2.46012 2.44178 2.45012 2.436 2.42217 2.40123 2.39094 2.38536 2.36982 2.36105 2.35829 2.34306 2.33625 2.33165 2.31742 2.43355 2.31107 2.29423 2.29603 2.27992 2.26562 2.26358 2.24916 2.23374 2.23269 2.22227 2.20996 2.21866 2.20079 2.18702 2.19194 2.17213 2.15802 2.16148 2.14167 2.12769 2.1316 2.11226 2.09521 2.10083 2.08781
2.892 2.87764 2.88758 2.8718 2.8597 2.86971 2.85199 2.83831 2.84734 2.8307 2.81738 2.83733 2.81523 2.79871 2.81618 2.79332 2.77714 2.79422 2.7733 2.75719 2.77379 2.75012 2.73273 2.74876 2.72447 2.70892 2.71476 2.70456 2.69305 2.67749 2.67329 2.6674 2.65205 2.66591 2.63915 2.62241 2.62327 2.60964 2.59359 2.59831 2.57785 2.56278 2.56763 2.54686 2.53083 2.53431 2.51602 2.5017 2.51448 2.4889 2.47262 2.48189 2.45748 2.43987 2.44978 2.42588 2.40877 2.41487 2.39176 2.37774 2.38515 2.36027 2.34349 2.35211 2.32816 2.31068 2.31717 2.29207 2.27703 2.25919 2.24689
2.98152 2.96693 2.99364 2.96796 2.95169 2.97001 2.94342 2.92711 2.94497 2.91824 2.90091 2.92216 2.89907 2.88285 2.9021 2.87651 2.86232 2.88502 2.85999 2.84266 2.86154 2.83394 2.81683 2.83659 2.80727 2.80074 2.7803 2.75342 2.77131 2.75766 2.76039 2.7446 2.72941 2.69683 2.71463 2.70143 2.70827 2.69323 2.67567 2.69101 2.66021 2.64157 2.65592 2.62569 2.60853 2.61888 2.59056 2.57074 2.58398 2.55771 2.54403 2.55671 2.52943 2.51193 2.52254 2.4957 2.47655 2.4848 2.45721 2.44128 2.44769 2.42171 2.40541 2.41407 2.38839 2.37219 2.37953 2.35208 2.33929 2.3209 2.31254
2.8924 2.87841 2.89147 2.8764 2.86323 2.8737 2.85477 2.84053 2.84891 2.83175 2.81836 2.83892 2.81549 2.79963 2.81922 2.79571 2.7783 2.79633 2.77506 2.75836 2.77494 2.7507 2.7339 2.75087 2.72582 2.70969 2.71464 2.70444 2.69271 2.67695 2.6728 2.66759 2.65176 2.66621 2.63942 2.62268 2.62323 2.60933 2.59331 2.59768 2.57714 2.56192 2.5666 2.54626 2.53048 2.53379 2.51576 2.50104 2.51433 2.48845 2.47246 2.48168 2.45731 2.43917 2.44939 2.42551 2.4088 2.41546 2.39186 2.37779 2.38533 2.36039 2.343 2.34961 2.32572 2.30916 2.31627 2.29129 2.27639 2.25849 2.24642
2.64444 2.63032 2.62549 2.62511 2.61146 2.63054 2.60735 2.59388 2.60484 2.58844 2.57451 2.57884 2.56671 2.5518 2.55974 2.54915 2.53376 2.53779 2.52634 2.51185 2.51563 2.50513 2.49 2.4953 2.48529 2.47733 2.49293 2.4765 2.46097 2.47108 2.45982 2.44199 2.44985 2.43596 2.42277 2.40152 2.39158 2.38563 2.36999 2.36137 2.35787 2.34272 2.33598 2.33172 2.31758 2.433 2.31049 2.29372 2.29536 2.27929 2.26495 2.26282 2.24853 2.23313 2.23284 2.22194 2.20982 2.21946 2.20038 2.18724 2.19209 2.1719 2.15847 2.16296 2.14225 2.12804 2.13088 2.11152 2.09443 2.10029 2.08738
2.25037 2.26566 2.25286 2.23372 2.24611 2.23353 2.21595 2.23038 2.21632 2.20814 2.19957 2.18564 2.18834 2.172 2.16758 2.17097 2.15731 2.16933 2.15405 2.13935 2.15259 2.13613 2.12203 2.12942 2.11999 2.11099 2.12819 2.10844 2.09663 2.11678 2.09502 2.08055 2.09861 2.0782 2.06202 2.07362 2.05794 2.04016 2.0503 2.03729 2.01863 2.0295 2.01665 2.00474 2.01616 2.00453 1.99426 1.97354 1.96296 1.96306 1.94675 1.93662 1.93852 1.92365 2.08704 1.91732 1.90433 1.90159 1.89535 1.88397 1.87907 1.87445 1.86148 1.85716 1.85224 1.83915 1.6566 1.82926 1.8218 1.83539 1.82018
1.75737 1.7634 1.74921 1.74642 1.75297 1.7397 1.72557 1.73751 1.72662 1.71533 1.71983 1.71663 1.70239 1.71703 1.70589 1.68955 1.70415 1.69395 1.67943 1.69298 1.68332 1.66747 1.68226 1.67145 1.66469 1.65797 1.64371 1.64798 1.64362 1.62951 1.63303 1.62818 1.6323 1.62385 1.61427 1.6268 1.61737 1.60578 1.61816 1.60787 1.59589 1.60544 1.59556 1.58318 1.60069 1.58496 1.57285 1.58509 1.57275 1.55768 1.56914 1.55831 1.5442 1.55552 1.54735 1.54251 1.52682 1.51943 1.52334 1.51056 1.50513 1.50977 1.49764 1.4917 1.49626 1.48526 1.49212 1.48505 1.47524 1.48579 1.4741
1.19382 1.19273 1.19154 1.18481 1.18447 1.17494 1.18118 1.17708 1.16746 1.17947 1.17367 1.17536 1.17424 1.17011 1.17247 1.17101 1.16656 1.16839 1.16639 1.16924 1.16251 1.16178 1.16462 1.15944 1.1553 1.15232 1.15035 1.14708 1.14386 1.14274 1.13259 1.13333 1.13381 1.12387 1.13154 1.13005 1.1244 1.13055 1.12748 1.12152 1.1296 1.12602 1.12756 1.12174 1.11218 1.11992 1.12131 1.12741 1.1231 1.11512 1.12513 1.12151 1.1143 1.12221 1.12077 1.11265 1.12504 1.1212 1.11177 1.12191 1.11751 1.10748 1.11919 1.11448 1.10582 1.1153 1.11288 1.11195 1.09952 1.09724 1.10227
0.659295 0.660585 0.654947 0.653325 0.655219 0.654077 0.659689 0.656055 0.657244 0.66246 0.657671 0.657064 0.649522 0.658845 0.660835 0.653255 0.660013 0.662063 0.654344 0.661259 0.663532 0.655803 0.662792 0.665531 0.662922 0.663037 0.666402 0.661967 0.660394 0.655701 0.660526 0.659029 0.664219 0.6645 0.667852 0.666832 0.666356 0.667422 0.669717 0.669693 0.670339 0.673931 0.67272 0.671306 0.677357 0.6775 0.673138 0.680244 0.677483 0.682937 0.687458 0.685459 0.692428 0.696494 0.70174 0.703897 0.706805 0.710994 0.712984 0.715325 0.717309 0.720735 0.724202 0.72625 0.724317 0.73073 0.734122 0.729492 0.738411 0.738944 0.733894
0.252898 0.248849 0.252339 0.253319 0.250002 0.240074 0.255055 0.257835 0.247935 0.260013 0.264378 0.256545 0.264004 0.265323 0.259015 0.26584 0.268754 0.262105 0.269241 0.272709 0.266364 0.272846 0.277046 0.271855 0.275878 0.278083 0.275731 0.278133 0.279708 0.282743 0.294164 0.289117 0.28794 0.280307 0.293045 0.294725 0.286792 0.298575 0.300216 0.293681 0.305079 0.308739 0.305999 0.312096 0.316606 0.314383 0.317926 0.322383 0.325216 0.335431 0.334912 0.338735 0.339364 0.349586 0.35019 0.346462 0.35891 0.364713 0.361156 0.370531 0.375243 0.373815 0.383449 0.385898 0.389448 0.398315 0.404534 0.408028 0.41329 0.416413 0.420598
0.0521681 0.0586059 0.0579283 0.0539637 0.0592773 0.0593198 0.0543261 0.0589287 0.0597662 0.0575197 0.049629 0.0629403 0.0625076 0.0550256 0.0651928 0.0631178 0.0553603 0.0654838 0.0646001 0.0576713 0.06735 0.0669031 0.0606681 0.069824 0.0701325 0.0664714 0.0728895 0.0732821 0.0712762 0.0622884 0.0731906 0.0788456 0.0748119 0.0844924 0.0807335 0.0740801 0.0835737 0.0820657 0.0775166 0.086932 0.0867566 0.0824813 0.091831 0.0925373 0.0889939 0.0964599 0.0992803 0.0983596 0.0922764 0.103494 0.109733 0.104531 0.115544 0.120534 0.117837 0.126022 0.127398 0.124242 0.131582 0.136107 0.135722 0.143772 0.148264 0.152472 0.15175 0.163693 0.164973 0.163389 0.174447 0.17919 0.175792
0.00485627 0.00394705 0.00160659 0.00505171 0.00439696 0.00227109 0.00517846 0.00466078 0.00279159 0.005287 0.00478872 0.00371519 0.00585915 0.00563727 0.0046841 0.00150547 0.0063019 0.00509925 0.00176747 0.00652876 0.00558916 0.00263959 0.00707778 0.00637991 0.00371336 0.00781697 0.00756209 0.00581454 0.00879306 0.00869334 0.00707645 0.000308103 0.00882623 0.00936702 0.00685174 0.0116791 0.0103673 0.00658824 0.0115337 0.0109923 0.00793953 0.0127884 0.0127381 0.0106564 0.0147042 0.0151745 0.0137213 0.0107517 0.0176227 0.0164371 0.0106614 0.0188949 0.0195989 0.0156455 0.023236 0.0247332 0.0227808 0.0276576 0.028523 0.0281152 0.03636 0.0358465 0.0339912 0.0284676 0.03615 0.0417193 0.0414372 0.0475733 0.0480926 0.0438142 0.0506505
