data/IdealizedTopo/Outputs_IdealizedTopo/release1HS_01IdealizedTopo_null_TRENT2D_pft.asc
ncols     1001
nrows      301
cellsize  5.000
xllcenter         1000.00
yllcenter        -5000.00
NODATA_value       nan
[rows 132 to 164 of 301, columns 150 to 224 of 1001]
nan nan nan nan nan nan nan nan nan nan nan nan nan nan nan nan nan nan nan nan nan nan nan nan nan nan nan nan nan nan nan nan nan nan nan nan nan nan nan nan nan nan nan nan nan nan nan nan nan nan nan nan nan nan nan nan nan nan nan nan nan nan nan nan nan nan nan nan nan nan nan nan nan nan nan
nan nan nan nan nan nan nan nan nan nan nan nan nan nan nan nan nan nan nan nan nan nan nan nan nan nan nan nan nan nan nan nan nan nan nan nan nan nan nan nan nan nan nan nan nan nan nan nan nan nan nan nan nan nan nan nan nan nan nan nan nan nan nan nan nan nan nan nan nan nan nan nan nan nan nan
nan nan nan nan nan nan nan nan nan nan nan nan nan nan nan nan nan nan nan nan nan nan nan nan nan nan nan nan nan nan nan nan nan nan nan nan nan nan nan nan nan nan nan nan nan nan nan nan nan nan nan nan nan nan nan nan nan nan nan nan nan nan nan nan nan nan nan nan nan nan nan nan nan nan nan
nan nan nan nan nan nan nan nan nan nan nan nan nan nan nan nan nan nan nan nan nan nan nan nan nan nan nan nan nan nan nan nan nan nan nan nan nan nan nan nan nan nan nan nan nan nan nan nan nan nan nan nan nan nan nan nan nan nan nan nan nan nan nan nan nan nan nan nan nan nan nan nan nan nan nan
nan nan nan nan nan nan nan nan nan nan nan nan nan nan nan nan nan nan nan nan nan nan nan nan nan nan nan nan nan nan nan nan nan nan nan nan nan nan nan nan nan nan nan nan nan nan nan nan nan nan nan nan nan nan nan nan nan nan nan nan nan nan nan nan nan nan nan nan nan nan nan nan nan nan nan
nan nan nan nan nan nan nan nan nan nan nan nan nan nan nan nan nan nan nan nan nan nan nan nan nan nan nan nan nan nan nan nan nan nan nan nan nan nan nan nan nan nan nan nan nan nan nan nan nan nan nan nan nan nan nan nan nan nan nan nan nan nan nan nan nan nan nan nan nan nan nan nan nan nan nan
nan nan nan nan nan nan nan nan nan nan nan nan nan nan nan nan nan nan nan nan nan nan nan nan nan nan nan nan nan nan nan nan nan nan nan nan nan nan nan nan nan nan nan nan nan nan nan nan nan nan nan nan nan nan nan nan nan nan nan nan nan nan nan nan nan nan nan nan nan nan nan nan nan nan nan
nan nan nan nan nan nan nan nan nan nan nan nan nan nan nan nan nan nan nan nan nan nan nan nan nan nan nan nan nan nan nan nan nan nan nan nan nan nan nan nan nan nan nan nan nan nan nan nan nan nan nan nan nan nan nan nan nan nan nan nan nan nan nan nan nan nan nan nan nan nan nan nan nan nan nan
nan nan nan nan nan nan nan nan nan nan nan nan nan nan nan nan nan nan nan nan nan nan nan nan nan nan nan nan nan nan nan nan nan nan nan nan nan nan nan nan nan nan nan nan nan nan nan nan nan nan nan nan nan nan nan nan nan nan nan nan nan nan nan nan nan nan nan nan nan nan nan nan nan nan nan
nan nan nan nan nan nan nan nan nan nan nan nan nan nan nan nan nan nan nan nan nan nan nan nan nan nan nan nan nan nan nan nan nan nan nan nan nan nan nan nan nan nan nan nan nan nan nan nan nan nan nan nan nan nan nan nan nan nan nan nan nan nan nan nan nan nan nan nan nan nan nan nan nan nan nan
nan nan nan nan nan nan nan nan nan nan nan nan nan nan nan nan nan nan nan nan nan nan nan nan nan nan nan nan nan nan nan nan nan nan nan nan nan nan nan nan nan nan nan nan nan nan nan nan nan nan nan nan nan nan nan nan nan nan nan nan nan nan nan nan nan nan nan nan nan nan nan nan nan nan nan
0.081395 0.077288 0.073186 0.069087 0.065805 0.061714 0.058439 0.054355 0.051087 0.047821 0.044559 0.041300 0.038044 0.035600 0.032350 0.029911 0.027474 0.025039 0.022607 0.020984 0.018555 0.016129 0.014510 0.012087 0.010472 0.008858 0.006440 0.004828 0.004022 0.003217 0.002412 0.001607 0.000803 0.000803 0.000000 0.000000 0.000000 0.000000 nan nan nan nan nan nan nan nan nan nan nan nan nan nan nan nan nan nan nan nan nan nan nan nan nan nan nan nan nan nan nan nan nan nan nan nan nan
0.754645 0.751120 0.747598 0.744897 0.741380 0.738685 0.735992 0.732486 0.728984 0.725486 0.721176 0.716871 0.711756 0.706646 0.700728 0.694001 0.687281 0.679754 0.672234 0.663908 0.654776 0.644026 0.632472 0.620927 0.608580 0.595429 0.583912 0.568345 0.552788 0.537241 0.522516 0.508611 0.495527 0.483261 0.470192 0.457132 0.444079 0.431033 0.417994 0.404152 0.390318 0.376490 0.361858 0.347234 0.332615 0.318002 0.303395 0.289603 0.276624 0.264459 0.254723 0.244991 0.236880 0.228771 0.222281 0.215794 0.210924 0.206865 0.202807 0.199559 0.197119 0.193873 0.191436 0.189807 0.187371 0.185744 0.184118 0.183300 0.182482 0.182473 0.183271 0.183262 0.184061 0.184053 0.184853
1.590020 1.584737 1.581100 1.582396 1.583692 1.585811 1.586288 1.587588 1.588069 1.588552 1.588218 1.587887 1.587559 1.585596 1.584457 1.581683 1.578915 1.575333 1.571757 1.567368 1.562986 1.557792 1.553423 1.547424 1.541433 1.533813 1.527019 1.520232 1.511000 1.500959 1.489292 1.476817 1.463533 1.450259 1.436993 1.423736 1.409671 1.396432 1.382384 1.368345 1.353497 1.339473 1.323825 1.308185 1.292552 1.276111 1.259676 1.244065 1.229276 1.214493 1.200532 1.187392 1.175888 1.164390 1.154527 1.145483 1.136444 1.129039 1.121638 1.115055 1.108476 1.101899 1.095326 1.089571 1.085448 1.082143 1.078840 1.077169 1.075499 1.073832 1.072982 1.072947 1.072915 1.072884 1.073669
2.383349 2.378908 2.374469 2.370032 2.365597 2.360339 2.355910 2.350658 2.346235 2.341815 2.338222 2.334634 2.331049 2.327468 2.324715 2.322789 2.322515 2.321421 2.320331 2.319246 2.317342 2.316266 2.314373 2.312484 2.309778 2.307077 2.303559 2.299225 2.295719 2.290574 2.286257 2.280303 2.273531 2.266767 2.259187 2.251613 2.243223 2.234840 2.225641 2.216448 2.207262 2.198081 2.188085 2.178094 2.167288 2.157309 2.146514 2.136545 2.125761 2.115802 2.106670 2.097542 2.088418 2.080941 2.072647 2.065998 2.059353 2.052712 2.046895 2.041903 2.036913 2.031927 2.027764 2.024425 2.021088 2.018574 2.016063 2.013554 2.011868 2.011005 2.010144 2.009284 2.009247 2.010032 2.009999
3.005460 2.999467 2.993474 2.987483 2.980666 2.973024 2.966211 2.958574 2.951765 2.944959 2.938155 2.931354 2.925382 2.919412 2.913446 2.907482 2.902348 2.898043 2.893741 2.890268 2.887625 2.885810 2.883999 2.883016 2.883688 2.884364 2.885042 2.885724 2.886409 2.886271 2.886137 2.886006 2.885878 2.884928 2.883981 2.882213 2.880447 2.877861 2.874451 2.871046 2.867644 2.863420 2.859200 2.854983 2.850769 2.845733 2.841526 2.836496 2.831470 2.826446 2.822251 2.817233 2.813043 2.808856 2.805496 2.801314 2.797959 2.793782 2.790432 2.787084 2.783738 2.779570 2.776228 2.772888 2.768726 2.765389 2.762055 2.758723 2.755391 2.752062 2.749559 2.747057 2.744556 2.742057 2.739559
3.455975 3.446776 3.436749 3.427551 3.418354 3.409156 3.399133 3.389937 3.381572 3.372379 3.363187 3.353996 3.345634 3.338102 3.330571 3.323041 3.316340 3.310469 3.305427 3.300387 3.296176 3.292794 3.290242 3.288519 3.287625 3.288388 3.289152 3.290746 3.293996 3.297248 3.301329 3.305411 3.309495 3.313579 3.317665 3.321753 3.325013 3.328275 3.331539 3.334804 3.338070 3.340509 3.342950 3.345392 3.347008 3.348625 3.350244 3.351035 3.351828 3.352623 3.352591 3.352560 3.351702 3.350846 3.349991 3.348310 3.346629 3.344122 3.341616 3.338284 3.334952 3.330794 3.326636 3.321653 3.317497 3.311687 3.306706 3.300898 3.295918 3.290112 3.284306 3.278500 3.272696 3.267719 3.261916
3.734652 3.723033 3.710585 3.698137 3.684860 3.672413 3.659965 3.647517 3.635899 3.624281 3.613491 3.602703 3.592742 3.583612 3.575310 3.567837 3.561194 3.554551 3.548736 3.543751 3.539595 3.536268 3.533770 3.531273 3.530433 3.529594 3.530413 3.531232 3.533709 3.536186 3.540321 3.545285 3.551078 3.557701 3.565153 3.574262 3.582543 3.591652 3.599934 3.609044 3.617325 3.625607 3.633889 3.641342 3.648795 3.656249 3.663703 3.669499 3.674466 3.679433 3.682744 3.685225 3.686877 3.687701 3.686867 3.686863 3.685201 3.682710 3.680219 3.676070 3.671922 3.667774 3.662797 3.656992 3.651187 3.644552 3.637919 3.630456 3.622993 3.615531 3.608069 3.599778 3.592316 3.584025 3.576563
3.829325 3.816060 3.802796 3.788702 3.774608 3.760515 3.747250 3.733156 3.719892 3.707456 3.695850 3.684243 3.673466 3.663517 3.655227 3.646936 3.640304 3.633672 3.628698 3.623723 3.619578 3.616262 3.613775 3.612117 3.611288 3.610459 3.611288 3.612117 3.614604 3.617091 3.620407 3.625382 3.631185 3.637817 3.645278 3.653568 3.664346 3.675124 3.685901 3.697508 3.708285 3.719892 3.730669 3.741447 3.751395 3.761343 3.770463 3.778753 3.785386 3.792018 3.796163 3.800308 3.801966 3.803625 3.803625 3.802796 3.801137 3.798650 3.795334 3.792018 3.787044 3.782070 3.775437 3.769634 3.762172 3.755540 3.748079 3.740618 3.732327 3.724037 3.715747 3.707456 3.699166 3.690046 3.680927
3.734652 3.723033 3.710585 3.698137 3.684860 3.672413 3.659965 3.647517 3.635899 3.624281 3.613491 3.602703 3.592742 3.583612 3.575310 3.567837 3.561194 3.554551 3.548736 3.543751 3.539595 3.536268 3.533770 3.531273 3.530433 3.529594 3.530413 3.531232 3.533709 3.536186 3.540321 3.545285 3.551078 3.557701 3.565153 3.574262 3.582543 3.591652 3.599934 3.609044 3.617325 3.625607 3.633889 3.641342 3.648795 3.656249 3.663703 3.669499 3.674466 3.679433 3.682744 3.685225 3.686877 3.687701 3.686867 3.686863 3.685201 3.682710 3.680219 3.676070 3.671922 3.667774 3.662797 3.656992 3.651187 3.644552 3.637919 3.630456 3.622993 3.615531 3.608069 3.599778 3.592316 3.584025 3.576563
3.455975 3.446776 3.436749 3.427551 3.418354 3.409156 3.399133 3.389937 3.381572 3.372379 3.363187 3.353996 3.345634 3.338102 3.330571 3.323041 3.316340 3.310469 3.305427 3.300387 3.296176 3.292794 3.290242 3.288519 3.287625 3.288388 3.289152 3.290746 3.293996 3.297248 3.301329 3.305411 3.309495 3.313579 3.317665 3.321753 3.325013 3.328275 3.331539 3.334804 3.338070 3.340509 3.342950 3.345392 3.347008 3.348625 3.350244 3.351035 3.351828 3.352623 3.352591 3.352560 3.351702 3.350846 3.349991 3.348310 3.346629 3.344122 3.341616 3.338284 3.334952 3.330794 3.326636 3.321653 3.317497 3.311687 3.306706 3.300898 3.295918 3.290112 3.284306 3.278500 3.272696 3.267719 3.262744
3.005460 2.999467 2.993474 2.987483 2.980666 2.973024 2.966211 2.958574 2.951765 2.944959 2.938155 2.931354 2.925382 2.919412 2.913446 2.907482 2.902348 2.898043 2.893741 2.890268 2.887625 2.885810 2.883999 2.883016 2.883688 2.884364 2.885042 2.885724 2.886409 2.886271 2.886137 2.886006 2.885878 2.884928 2.883981 2.882213 2.880447 2.877861 2.874451 2.871046 2.867644 2.863420 2.859200 2.854983 2.850769 2.845733 2.841526 2.836496 2.831470 2.826446 2.822251 2.818058 2.813043 2.808856 2.805496 2.801314 2.797959 2.793782 2.790432 2.787084 2.783738 2.779570 2.776228 2.772888 2.768726 2.765389 2.762055 2.758723 2.755391 2.752062 2.749559 2.747057 2.744556 2.742057 2.740384
2.383349 2.378908 2.374469 2.370032 2.365597 2.360339 2.355910 2.350658 2.346235 2.341815 2.338222 2.334634 2.331049 2.327468 2.324715 2.322789 2.322515 2.321421 2.320331 2.319246 2.317342 2.316266 2.314373 2.312484 2.309778 2.307077 2.303559 2.299225 2.295719 2.290574 2.286257 2.280303 2.273531 2.266767 2.259187 2.251613 2.243223 2.234840 2.225641 2.216448 2.207262 2.198081 2.188085 2.178094 2.167288 2.157309 2.146514 2.136545 2.125761 2.115802 2.106670 2.097542 2.088418 2.080941 2.072647 2.065998 2.059353 2.052712 2.046895 2.041903 2.036913 2.031927 2.027764 2.024425 2.021088 2.018574 2.016063 2.013554 2.011868 2.011005 2.010144 2.009284 2.009247 2.010032 2.009999
1.590020 1.584737 1.581100 1.582396 1.583692 1.585811 1.586288 1.587588 1.588069 1.588552 1.588218 1.587887 1.587559 1.585596 1.584457 1.581683 1.578915 1.575333 1.571757 1.567368 1.562986 1.557792 1.553423 1.547424 1.541433 1.533813 1.527019 1.520232 1.511000 1.500959 1.489292 1.476817 1.463533 1.450259 1.436993 1.423736 1.409671 1.396432 1.382384 1.368345 1.353497 1.339473 1.323825 1.308185 1.292552 1.276111 1.259676 1.244065 1.229276 1.214493 1.200532 1.187392 1.175888 1.164390 1.154527 1.145483 1.136444 1.129039 1.121638 1.115055 1.108476 1.101899 1.095326 1.089571 1.085448 1.082143 1.078840 1.077169 1.075499 1.073832 1.072982 1.072947 1.072915 1.072884 1.073669
0.754645 0.751120 0.747598 0.744897 0.741380 0.738685 0.735992 0.732486 0.728984 0.725486 0.721176 0.716871 0.711756 0.706646 0.700728 0.694001 0.687281 0.679754 0.672234 0.663908 0.654776 0.644026 0.632472 0.620927 0.608580 0.595429 0.583912 0.568345 0.552788 0.537241 0.522516 0.508611 0.495527 0.483261 0.470192 0.457132 0.444079 0.431033 0.417994 0.404152 0.390318 0.376490 0.361858 0.347234 0.332615 0.318002 0.303395 0.289603 0.276624 0.264459 0.254723 0.244991 0.236880 0.228771 0.222281 0.215794 0.210924 0.206865 0.202807 0.199559 0.197119 0.193873 0.191436 0.189807 0.187371 0.185744 0.184118 0.183300 0.182482 0.182473 0.183271 0.183262 0.184061 0.184053 0.184853
0.081395 0.077288 0.073186 0.069087 0.065805 0.061714 0.058439 0.054355 0.051087 0.047821 0.044559 0.041300 0.038044 0.035600 0.032350 0.029911 0.027474 0.025039 0.022607 0.020984 0.018555 0.016129 0.014510 0.012087 0.010472 0.008858 0.006440 0.004828 0.004022 0.003217 0.002412 0.001607 0.000803 0.000803 0.000000 0.000000 0.000000 0.000000 nan nan nan nan nan nan nan nan nan nan nan nan nan nan nan nan nan nan nan nan nan nan nan nan nan nan nan nan nan nan nan nan nan nan nan nan nan
nan nan nan nan nan nan nan nan nan nan nan nan nan nan nan nan nan nan nan nan nan nan nan nan nan nan nan nan nan nan nan nan nan nan nan nan nan nan nan nan nan nan nan nan nan nan nan nan nan nan nan nan nan nan nan nan nan nan nan nan nan nan nan nan nan nan nan nan nan nan nan nan nan nan nan
nan nan nan nan nan nan nan nan nan nan nan nan nan nan nan nan nan nan nan nan nan nan nan nan nan nan nan nan nan nan nan nan nan nan nan nan nan nan nan nan nan nan nan nan nan nan nan nan nan nan nan nan nan nan nan nan nan nan nan nan nan nan nan nan nan nan nan nan nan nan nan nan nan nan nan
nan nan nan nan nan nan nan nan nan nan nan nan nan nan nan nan nan nan nan nan nan nan nan nan nan nan nan nan nan nan nan nan nan nan nan nan nan nan nan nan nan nan nan nan nan nan nan nan nan nan nan nan nan nan nan nan nan nan nan nan nan nan nan nan nan nan nan nan nan nan nan nan nan nan nan
nan nan nan nan nan nan nan nan nan nan nan nan nan nan nan nan nan nan nan nan nan nan nan nan nan nan nan nan nan nan nan nan nan nan nan nan nan nan nan nan nan nan nan nan nan nan nan nan nan nan nan nan nan nan nan nan nan nan nan nan nan nan nan nan nan nan nan nan nan nan nan nan nan nan nan
nan nan nan nan nan nan nan nan nan nan nan nan nan nan nan nan nan nan nan nan nan nan nan nan nan nan nan nan nan nan nan nan nan nan nan nan nan nan nan nan nan nan nan nan nan nan nan nan nan nan nan nan nan nan nan nan nan nan nan nan nan nan nan nan nan nan nan nan nan nan nan nan nan nan nan
nan nan nan nan nan nan nan nan nan nan nan nan nan nan nan nan nan nan nan nan nan nan nan nan nan nan nan nan nan nan nan nan nan nan nan nan nan nan nan nan nan nan nan nan nan nan nan nan nan nan nan nan nan nan nan nan nan nan nan nan nan nan nan nan nan nan nan nan nan nan nan nan nan nan nan
nan nan nan nan nan nan nan nan nan nan nan nan nan nan nan nan nan nan nan nan nan nan nan nan nan nan nan nan nan nan nan nan nan nan nan nan nan nan nan nan nan nan nan nan nan nan nan nan nan nan nan nan nan nan nan nan nan nan nan nan nan nan nan nan nan nan nan nan nan nan nan nan nan nan nan
