data/IdealizedTopo/Outputs_IdealizedTopo/release1HS_null_01IdealizedTopo_faSavageHutterFoamGamma_pfv.asc
ncols 1001
nrows 301
xllcenter 1000
yllcenter -5000
cellsize 5
NODATA_value -9999
[rows 90 to 119 of 301, columns 68 to 135 of 1001]
-9999 -9999 -9999 -9999 -9999 -9999 -9999 -9999 -9999 -9999 -9999 -9999 -9999 -9999 -9999 -9999 -9999 -9999 -9999 -9999 -9999 -9999 -9999 -9999 -9999 -9999 -9999 -9999 -9999 -9999 -9999 -9999 -9999 -9999 -9999 -9999 -9999 -9999 -9999 -9999 -9999 -9999 -9999 -9999 -9999 -9999 -9999 -9999 -9999 -9999 -9999 -9999 -9999 -9999 -9999 -9999 -9999 -9999 -9999 -9999 -9999 -9999 -9999 -9999 -9999 -9999 -9999 -9999
-9999 -9999 -9999 -9999 -9999 -9999 -9999 -9999 -9999 -9999 -9999 -9999 -9999 -9999 -9999 -9999 -9999 -9999 -9999 -9999 -9999 -9999 -9999 -9999 -9999 -9999 -9999 -9999 -9999 -9999 -9999 -9999 -9999 -9999 -9999 -9999 -9999 -9999 -9999 -9999 -9999 -9999 -9999 -9999 -9999 -9999 -9999 -9999 -9999 -9999 -9999 -9999 -9999 -9999 -9999 -9999 -9999 -9999 -9999 -9999 -9999 -9999 -9999 -9999 -9999 -9999 -9999 -9999
-9999 -9999 -9999 -9999 -9999 -9999 -9999 -9999 -9999 -9999 -9999 -9999 -9999 -9999 -9999 -9999 -9999 -9999 -9999 -9999 -9999 -9999 -9999 -9999 -9999 -9999 -9999 -9999 -9999 -9999 -9999 -9999 -9999 -9999 -9999 -9999 -9999 -9999 -9999 -9999 -9999 -9999 -9999 -9999 -9999 -9999 -9999 -9999 -9999 -9999 -9999 -9999 -9999 -9999 -9999 -9999 -9999 -9999 -9999 -9999 -9999 -9999 -9999 -9999 -9999 -9999 -9999 -9999
-9999 -9999 -9999 -9999 -9999 -9999 -9999 -9999 -9999 -9999 -9999 -9999 -9999 -9999 -9999 -9999 -9999 -9999 -9999 -9999 -9999 -9999 -9999 -9999 -9999 -9999 -9999 -9999 -9999 -9999 -9999 -9999 -9999 -9999 -9999 -9999 -9999 -9999 -9999 -9999 -9999 -9999 -9999 -9999 -9999 -9999 -9999 -9999 -9999 -9999 -9999 -9999 -9999 -9999 -9999 -9999 -9999 -9999 -9999 -9999 -9999 -9999 -9999 -9999 -9999 -9999 -9999 -9999
-9999 -9999 -9999 -9999 -9999 -9999 -9999 -9999 -9999 -9999 -9999 -9999 -9999 -9999 -9999 -9999 -9999 -9999 -9999 -9999 -9999 -9999 -9999 -9999 -9999 -9999 -9999 -9999 -9999 -9999 -9999 -9999 -9999 -9999 -9999 -9999 -9999 -9999 -9999 -9999 -9999 -9999 -9999 -9999 -9999 -9999 -9999 -9999 -9999 -9999 -9999 -9999 -9999 -9999 -9999 -9999 -9999 -9999 -9999 -9999 -9999 -9999 -9999 -9999 -9999 -9999 -9999 -9999
-9999 -9999 -9999 -9999 -9999 -9999 -9999 -9999 -9999 -9999 -9999 -9999 -9999 -9999 -9999 -9999 -9999 -9999 -9999 -9999 -9999 -9999 -9999 -9999 -9999 -9999 -9999 -9999 -9999 -9999 -9999 -9999 -9999 -9999 -9999 -9999 -9999 -9999 -9999 -9999 -9999 -9999 -9999 -9999 -9999 -9999 -9999 -9999 -9999 -9999 -9999 -9999 -9999 -9999 -9999 -9999 -9999 -9999 -9999 -9999 -9999 -9999 -9999 -9999 -9999 -9999 -9999 -9999
-9999 -9999 -9999 -9999 -9999 -9999 -9999 -9999 -9999 -9999 -9999 -9999 -9999 -9999 -9999 -9999 -9999 -9999 -9999 -9999 -9999 -9999 -9999 -9999 -9999 -9999 -9999 -9999 -9999 -9999 -9999 -9999 -9999 -9999 -9999 -9999 -9999 -9999 -9999 -9999 -9999 -9999 -9999 -9999 -9999 -9999 -9999 -9999 -9999 -9999 -9999 -9999 -9999 -9999 -9999 -9999 -9999 -9999 -9999 -9999 -9999 -9999 -9999 -9999 -9999 -9999 -9999 -9999
-9999 -9999 -9999 -9999 -9999 -9999 -9999 -9999 -9999 -9999 -9999 -9999 -9999 -9999 -9999 -9999 -9999 -9999 -9999 -9999 -9999 -9999 -9999 -9999 -9999 -9999 -9999 -9999 -9999 -9999 -9999 -9999 -9999 -9999 -9999 -9999 -9999 -9999 -9999 -9999 -9999 -9999 -9999 -9999 -9999 -9999 -9999 -9999 -9999 -9999 -9999 -9999 -9999 -9999 -9999 -9999 -9999 -9999 -9999 -9999 -9999 -9999 -9999 -9999 -9999 -9999 -9999 -9999
-9999 -9999 -9999 -9999 -9999 -9999 -9999 -9999 -9999 -9999 -9999 -9999 -9999 -9999 -9999 -9999 -9999 -9999 -9999 -9999 -9999 -9999 -9999 -9999 -9999 -9999 -9999 -9999 -9999 -9999 -9999 -9999 -9999 -9999 -9999 -9999 -9999 -9999 -9999 -9999 -9999 -9999 -9999 -9999 -9999 -9999 -9999 -9999 -9999 -9999 -9999 -9999 -9999 -9999 -9999 -9999 -9999 -9999 -9999 -9999 -9999 -9999 -9999 -9999 -9999 -9999 -9999 -9999
-9999 -9999 -9999 -9999 -9999 -9999 -9999 -9999 -9999 -9999 -9999 -9999 -9999 -9999 -9999 -9999 -9999 -9999 -9999 -9999 -9999 -9999 -9999 -9999 -9999 -9999 -9999 -9999 -9999 -9999 -9999 -9999 -9999 -9999 -9999 -9999 -9999 -9999 -9999 -9999 -9999 -9999 -9999 -9999 -9999 -9999 -9999 -9999 -9999 -9999 -9999 -9999 -9999 -9999 -9999 -9999 -9999 -9999 -9999 -9999 -9999 -9999 -9999 -9999 -9999 -9999 -9999 -9999
0.0170415 0.0153984 0.0172672 0.0158347 0.0172099 0.0171089 0.0185808 0.0169802 0.0189329 0.0183005 0.0180779 0.0194409 0.0194752 0.0201514 0.019128 0.021175 0.0200814 0.0217593 0.020729 0.0228219 0.0209623 0.0231061 0.0222727 0.0234902 0.0217424 0.0222412 0.0255374 0.0235922 0.0257192 0.0242087 0.02711 0.0252607 0.0275854 0.0250897 0.0254982 0.0284826 0.0262652 0.0285922 0.0267866 0.0294729 0.0268831 0.0276167 0.0306685 0.0279122 0.03104 0.0285263 0.0286642 0.0316038 0.0291511 0.0297422 0.032669 0.0299611 0.0330601 0.029377 0.030508 0.0333529 0.0301239 0.0312313 0.0340098 0.0302902 0.0314792 0.0345403 0.0308419 0.0319959 0.0344083 0.0312955 0.0323293 0.035276
0.0327703 0.0326811 0.0329925 0.0343548 0.034438 0.0348611 0.0358532 0.0353357 0.0367092 0.0371462 0.0377147 0.0385255 0.0391676 0.0395795 0.0405949 0.0409752 0.041837 0.0424803 0.0433169 0.0436854 0.0448641 0.0450801 0.0460686 0.0467771 0.0474611 0.0483016 0.0486441 0.0497608 0.050233 0.0509128 0.0516708 0.0523545 0.0531021 0.0536666 0.0542783 0.0547238 0.0554368 0.0561625 0.0562867 0.0571971 0.0578257 0.0581442 0.0586411 0.0596339 0.0597529 0.0603145 0.0607724 0.0609894 0.061988 0.0619521 0.0624181 0.0631875 0.0633431 0.0638171 0.0639475 0.0643642 0.0647902 0.064891 0.06543 0.0656698 0.0660383 0.0661339 0.066636 0.0663417 0.0668885 0.0670651 0.0674444 0.0673851
0.0323928 0.0327895 0.0334527 0.033646 0.0340334 0.0351833 0.0353942 0.0355688 0.036683 0.0371154 0.0377905 0.0384153 0.0397839 0.0394799 0.0407766 0.0410307 0.0420269 0.0427441 0.0431606 0.0439077 0.045071 0.0452619 0.0468348 0.046391 0.0474734 0.0485363 0.0487431 0.0497611 0.0503226 0.0506809 0.0517197 0.0522072 0.0530146 0.0537267 0.0542101 0.0545609 0.0554873 0.0561007 0.0563904 0.0573336 0.0577588 0.0583566 0.0586372 0.0596236 0.0596997 0.0604289 0.0604653 0.0611054 0.0616362 0.0621005 0.0622731 0.0634568 0.063138 0.0637508 0.0639412 0.0643144 0.0646786 0.0647591 0.0652989 0.065874 0.0658424 0.0660485 0.0664639 0.0665636 0.067214 0.0668849 0.0672758 0.06746
0.0327149 0.03282 0.0335489 0.0337051 0.0342401 0.0350815 0.0357458 0.0355739 0.0361813 0.0372628 0.0379671 0.0382108 0.0392368 0.0391755 0.0407279 0.0410899 0.0423073 0.042398 0.0431881 0.0438252 0.0450697 0.0449841 0.0466971 0.046282 0.0474454 0.0485906 0.0486053 0.0498944 0.0499734 0.051032 0.0515007 0.0522531 0.0528273 0.0536843 0.054416 0.0547701 0.0554035 0.0558413 0.0565991 0.0572019 0.0575964 0.058392 0.0586194 0.0593209 0.059783 0.0604212 0.0605409 0.0611624 0.0617224 0.0620558 0.0625435 0.0628482 0.0631913 0.0637346 0.0640716 0.0645384 0.064811 0.0650385 0.0653962 0.0657439 0.065837 0.0660127 0.0665302 0.0665103 0.0672347 0.0671345 0.0672275 0.0672759
0.0325315 0.0326285 0.0333682 0.0340953 0.034458 0.0347325 0.0358049 0.0353458 0.0362423 0.0372998 0.0380707 0.0383861 0.039556 0.0395923 0.04059 0.041152 0.0415276 0.0427352 0.0431681 0.0439552 0.0448888 0.0450251 0.0465019 0.046469 0.0476167 0.048236 0.0488347 0.0494721 0.0503686 0.0508971 0.051741 0.0522744 0.0530291 0.0536118 0.0543988 0.0544063 0.0555779 0.0558693 0.0565898 0.0572375 0.0577649 0.0583029 0.0588256 0.0592716 0.0596431 0.0603662 0.0607149 0.0610071 0.0619243 0.0621343 0.0622237 0.0631205 0.0635629 0.0636095 0.0640686 0.0644073 0.0647342 0.0648171 0.0653386 0.0657532 0.0659697 0.0661366 0.066546 0.0666557 0.0669998 0.0670138 0.0670369 0.0676237
0.0324226 0.0326869 0.0337174 0.0334349 0.0343543 0.0346169 0.0358457 0.035116 0.0362416 0.0373375 0.0382331 0.0378877 0.0397374 0.0395956 0.040537 0.0412695 0.0416867 0.0425859 0.0429746 0.0438046 0.0452821 0.0450416 0.0467697 0.0464703 0.0474831 0.0484166 0.0487406 0.0494183 0.050639 0.0507112 0.0517641 0.0523646 0.0529695 0.0539229 0.0543636 0.054432 0.0553771 0.0557977 0.0565465 0.0573586 0.0573368 0.0583624 0.0585545 0.0595696 0.0597686 0.0603746 0.0607705 0.0610508 0.0617943 0.0619841 0.0622908 0.06314 0.0635433 0.0636221 0.0642039 0.064524 0.0646374 0.0650524 0.0654014 0.0656675 0.0659163 0.0659571 0.0666353 0.0662783 0.0669834 0.0669376 0.0672648 0.067275
0.0326241 0.0328307 0.0333064 0.0343345 0.0339443 0.0354349 0.0357546 0.0352138 0.0362052 0.0373276 0.0381645 0.0378931 0.0400259 0.0395272 0.0405387 0.0414568 0.0412735 0.0423672 0.0438389 0.0439228 0.0452982 0.0451342 0.0465592 0.0464696 0.0473738 0.0482671 0.0486292 0.0496047 0.0504989 0.0506931 0.0516891 0.0524253 0.0531435 0.0540296 0.0540372 0.0549074 0.0552846 0.0558032 0.0566815 0.0573211 0.0576773 0.0584464 0.0584765 0.0596482 0.0597778 0.0604313 0.0605096 0.061108 0.0618158 0.0617149 0.0622183 0.0633192 0.0635396 0.0636572 0.0642195 0.0643341 0.0646921 0.0652165 0.0653596 0.065682 0.0656785 0.0660492 0.0663403 0.0663664 0.0672005 0.0668579 0.0673269 0.0672451
0.0326548 0.0328111 0.0337862 0.0339934 0.0340785 0.0350551 0.0358622 0.0352176 0.0367179 0.0367255 0.0373429 0.0386791 0.0393592 0.0395439 0.0405355 0.0412966 0.0413621 0.042381 0.0437439 0.043925 0.0453086 0.0450978 0.0464483 0.0465764 0.0473739 0.0483113 0.0487629 0.0497095 0.0505008 0.0507129 0.051614 0.0524562 0.0531515 0.0540214 0.0540185 0.0549317 0.0554374 0.0558033 0.0566924 0.0572313 0.0577222 0.0583006 0.0586216 0.0596017 0.0597901 0.060438 0.060507 0.0611162 0.0616839 0.0618794 0.0622142 0.0633088 0.0635524 0.0636635 0.0642401 0.0642423 0.0648578 0.0651661 0.0653599 0.0656647 0.0658788 0.066145 0.0663743 0.0664736 0.0671491 0.0669879 0.0673433 0.067182
0.0330001 0.0334954 0.0331569 0.0337699 0.0341925 0.0349944 0.0359132 0.0355083 0.0368518 0.0367048 0.0378851 0.0386502 0.039019 0.0399218 0.0405144 0.0410069 0.0415356 0.0430674 0.0431324 0.0438666 0.045066 0.045142 0.0467204 0.0464909 0.0473737 0.0482948 0.048791 0.0497178 0.0506186 0.050694 0.0516029 0.0522122 0.0531583 0.0540182 0.0541472 0.0549059 0.0554089 0.0558031 0.056692 0.0572042 0.0577299 0.0583008 0.0586221 0.0596013 0.0597902 0.060838 0.060507 0.0611163 0.0616835 0.0618793 0.0622148 0.0633091 0.0635405 0.0640446 0.0642402 0.0642245 0.0648854 0.0650852 0.0652251 0.0657886 0.0658787 0.0661448 0.0663846 0.0664166 0.0671153 0.0670421 0.0673501 0.0671822
0.0273148 0.0278652 0.0346796 0.0347436 0.033479 0.035023 0.0356823 0.0353379 0.0369439 0.0373429 0.0383224 0.0384132 0.0393585 0.0395592 0.0407146 0.041191 0.041709 0.0427561 0.0430617 0.0440531 0.045027 0.0452842 0.0463258 0.0464047 0.0475477 0.0482946 0.0489604 0.0497192 0.0506395 0.050685 0.0516806 0.0523945 0.0531576 0.0540182 0.0541406 0.0548787 0.055378 0.0558033 0.0566924 0.0572043 0.0580762 0.0583007 0.0586217 0.0596016 0.0597901 0.060438 0.060507 0.0611161 0.0616842 0.0618793 0.0622143 0.0633291 0.0634683 0.0636838 0.0641557 0.0642364 0.0648812 0.0650852 0.0652253 0.0656872 0.0658927 0.0660808 0.0663845 0.0664166 0.0671151 0.0670412 0.0673501 0.0671819
0.102032 0.0994369 0.0545402 0.0826134 0.00384812 0.0381093 0.036608 0.0362591 0.0381588 0.036846 0.0384982 0.0378696 0.0395915 0.0394688 0.0408741 0.0413054 0.0421458 0.0426261 0.043307 0.0440392 0.0452829 0.0448947 0.0468354 0.0467489 0.0475117 0.0482681 0.0488223 0.0496954 0.0506766 0.0506933 0.0515047 0.0523715 0.0531484 0.0540534 0.0541591 0.0548764 0.0553777 0.0558032 0.0566921 0.0572044 0.05773 0.0583007 0.0586004 0.0595668 0.0597901 0.060438 0.060507 0.0611161 0.0616842 0.0618793 0.0622143 0.0633493 0.0633959 0.0638156 0.064071 0.0642479 0.0648768 0.0650852 0.0652253 0.0656872 0.0659067 0.0660165 0.0663845 0.0664166 0.0671151 0.0670412 0.0673501 0.0671819
0.123287 0.121199 0.120766 0.118092 0.0241374 0.112004 0.058796 0.097036 0.0496444 0.0301204 0.035327 0.0391355 0.0384292 0.0390988 0.0412287 0.0410302 0.0424215 0.0426207 0.0429026 0.0438258 0.0453073 0.0449875 0.0468106 0.0463527 0.0472303 0.0485143 0.0486603 0.04965 0.0501866 0.0511467 0.0515036 0.0523405 0.0531809 0.0540663 0.0539906 0.0546394 0.0554084 0.0558031 0.0566584 0.0572839 0.0577299 0.0583007 0.0585793 0.0595314 0.0597901 0.060438 0.060507 0.0611161 0.0616842 0.0618793 0.0622143 0.0633493 0.0633959 0.0638156 0.064071 0.0642478 0.0648768 0.0650852 0.0652254 0.0656871 0.0659067 0.0660162 0.0663845 0.0664166 0.0671151 0.0670418 0.0673501 0.0671821
0.11331 0.112987 0.117044 0.118607 0.143639 0.150541 0.123589 0.113804 0.117495 0.108792 0.0888095 0.104086 0.0770467 0.0236906 0.0386827 0.0420015 0.04039 0.042444 0.0436557 0.0438089 0.0455433 0.0452628 0.0466969 0.0463894 0.0472789 0.0488001 0.0488466 0.049531 0.0503128 0.051019 0.0518432 0.0519233 0.0530653 0.0540539 0.0540881 0.0546366 0.0554084 0.0558357 0.0566598 0.0574988 0.0574644 0.0583538 0.0584678 0.0595478 0.0597901 0.0604269 0.0605151 0.0611162 0.0616838 0.0618793 0.0622144 0.0633291 0.0634683 0.0641531 0.064071 0.0642478 0.0648768 0.0650852 0.0652254 0.0656871 0.0659067 0.0660163 0.0663845 0.0664166 0.0671151 0.0670418 0.0673501 0.0671821
0.107379 0.108014 0.111131 0.113094 0.112261 0.115507 0.119244 0.121283 0.125636 0.130098 0.129181 0.115178 0.123414 0.0233459 0.0944933 0.109295 0.0852258 0.0296491 0.0410232 0.0446728 0.0430879 0.0451335 0.0465447 0.0467466 0.0477483 0.0485714 0.0488278 0.049316 0.050243 0.0510933 0.0515666 0.052068 0.0529298 0.053622 0.054245 0.0545764 0.0553416 0.0558479 0.0565443 0.0572616 0.0574671 0.0584761 0.0586386 0.0593473 0.05978 0.0602919 0.0606646 0.0611162 0.0616838 0.0618726 0.0621901 0.0632742 0.0635405 0.0637953 0.0641557 0.064248 0.0652584 0.0650852 0.0652254 0.0656871 0.0658927 0.0660806 0.0663845 0.0664166 0.0671151 0.0670418 0.0673501 0.0671821
0.100132 0.104219 0.105144 0.108124 0.110317 0.110688 0.113236 0.111719 0.114126 0.117335 0.121008 0.119929 0.119946 0.156332 0.151157 0.123857 0.163829 0.112536 0.0954937 0.116425 0.0878122 0.0327237 0.0454826 0.0474531 0.0489181 0.0492242 0.0489464 0.049695 0.0505131 0.0508027 0.0517303 0.0521522 0.0530005 0.0536473 0.0544573 0.0545635 0.0555005 0.0557202 0.0566042 0.0572325 0.0575581 0.0584647 0.0588772 0.0591218 0.0597709 0.0602534 0.0607038 0.0611049 0.0617118 0.0619831 0.0623047 0.0632094 0.0635454 0.063681 0.0642142 0.0642935 0.06488 0.0650354 0.0653542 0.0656808 0.0658679 0.066145 0.0663844 0.0664166 0.0671151 0.0670418 0.0673501 0.0671821
0.0909079 0.0947338 0.098191 0.0995172 0.10337 0.104152 0.107514 0.11003 0.110085 0.112431 0.112826 0.115208 0.116723 0.118788 0.119852 0.123008 0.122291 0.167745 0.166985 0.154036 0.173984 0.103946 0.0886859 0.118626 0.0654938 0.0624258 0.045768 0.0448656 0.0513011 0.0494683 0.0517718 0.0525914 0.0530517 0.0544367 0.0543383 0.0545901 0.05548 0.0558492 0.0566457 0.0572634 0.0577586 0.058459 0.0586913 0.0593179 0.059501 0.0605041 0.0606538 0.0611164 0.0617791 0.06205 0.0622673 0.0632388 0.0636775 0.0635823 0.0641931 0.0644652 0.0650155 0.0649732 0.0653486 0.0658074 0.065657 0.0661449 0.0663966 0.0664263 0.0671121 0.0670418 0.0673501 0.0671819
0.0832069 0.0848898 0.0883631 0.0900622 0.0939412 0.0972853 0.098429 0.102377 0.103118 0.106732 0.109919 0.110448 0.112336 0.111835 0.114608 0.11786 0.116396 0.118379 0.121888 0.127764 0.146596 0.129046 0.128311 0.131364 0.139925 0.117066 0.0474743 0.115566 0.0702856 0.0816487 0.0453165 0.0493944 0.0538516 0.0530015 0.0547832 0.0545638 0.0557061 0.0560489 0.0567326 0.0574477 0.0577127 0.0582245 0.0587431 0.0591819 0.0596907 0.0602344 0.0606457 0.0610359 0.0615638 0.0619804 0.0623693 0.0629996 0.0632935 0.0635563 0.0641545 0.0644954 0.0650423 0.0648399 0.0653413 0.0657975 0.0657859 0.0660574 0.0664174 0.0663827 0.0669896 0.0670619 0.0673501 0.067182
0.0771175 0.0796083 0.0809582 0.0835316 0.0852507 0.0880936 0.089529 0.093058 0.0964332 0.097847 0.101577 0.102395 0.105582 0.108774 0.109783 0.112742 0.112789 0.114901 0.117299 0.11891 0.120166 0.120699 0.123429 0.123604 0.125988 0.164165 0.165554 0.164982 0.169055 0.148896 0.117958 0.105307 0.119584 0.0807005 0.046263 0.056519 0.0514641 0.0568567 0.0577131 0.0574852 0.0582376 0.0585099 0.0588053 0.0594621 0.0596467 0.060215 0.0607472 0.0610593 0.0617034 0.0622482 0.0625603 0.062729 0.0634036 0.0634899 0.064317 0.0644421 0.0647736 0.0648429 0.0653505 0.0656905 0.0657427 0.0659677 0.0663404 0.066405 0.0670532 0.0670522 0.0673433 0.0671668
0.0741873 0.0751321 0.0768889 0.0778983 0.0802605 0.0813833 0.0839617 0.0852133 0.0883317 0.089656 0.0927778 0.0959882 0.0972435 0.100862 0.101754 0.104923 0.105853 0.109264 0.112198 0.113048 0.115866 0.116804 0.117314 0.119806 0.120824 0.119736 0.122939 0.125522 0.130377 0.158781 0.132357 0.134923 0.17232 0.157955 0.115489 0.0835084 0.11525 0.07081 0.0468472 0.0592702 0.0568436 0.0558725 0.0593606 0.0605948 0.0601845 0.0610414 0.0609072 0.061413 0.0618397 0.0622068 0.0624661 0.0629891 0.0631922 0.063621 0.0641596 0.0644097 0.0647568 0.0649521 0.0653297 0.0657663 0.0657552 0.0660862 0.0662451 0.0666088 0.0669875 0.067047 0.0672538 0.0673278
0.0713442 0.0725639 0.0733009 0.0749778 0.0756254 0.0778655 0.0789031 0.0807997 0.0817848 0.0844365 0.0856163 0.0885367 0.0896536 0.0922847 0.0955364 0.0969739 0.100479 0.101424 0.104617 0.105537 0.108702 0.111375 0.112291 0.114911 0.114361 0.116405 0.118496 0.119328 0.120821 0.121893 0.124023 0.125859 0.122583 0.165539 0.172835 0.172003 0.172954 0.146307 0.105648 0.123617 0.094125 0.114097 0.0662105 0.0572771 0.0611568 0.0596604 0.0586772 0.0616404 0.0622663 0.0621313 0.0624022 0.0640642 0.0637324 0.0637908 0.0639665 0.0645014 0.0645397 0.0650645 0.0653808 0.065745 0.065857 0.066091 0.0664161 0.0665943 0.0669786 0.0670815 0.0671812 0.0674944
