data/IdealizedTopo/Outputs_IdealizedTopo/release1HS_null_01IdealizedTopo_faSavageHutterFoamGamma_pfv.asc
ncols 1001
nrows 301
xllcenter 1000
yllcenter -5000
cellsize 5
NODATA_value -9999
[rows 90 to 119 of 301, columns 476 to 543 of 1001]
-9999 -9999 -9999 -9999 -9999 -9999 -9999 -9999 -9999 -9999 -9999 -9999 -9999 -9999 -9999 -9999 -9999 -9999 -9999 -9999 -9999 -9999 -9999 -9999 -9999 -9999 -9999 -9999 -9999 -9999 -9999 -9999 -9999 -9999 -9999 -9999 -9999 -9999 -9999 -9999 -9999 -9999 -9999 -9999 -9999 -9999 -9999 -9999 -9999 -9999 -9999 -9999 -9999 -9999 -9999 -9999 -9999 -9999 -9999 -9999 -9999 -9999 -9999 -9999 -9999 -9999 -9999 -9999
-9999 -9999 -9999 -9999 -9999 -9999 -9999 -9999 -9999 -9999 -9999 -9999 -9999 -9999 -9999 -9999 -9999 -9999 -9999 -9999 -9999 -9999 -9999 -9999 -9999 -9999 -9999 -9999 -9999 -9999 -9999 -9999 -9999 -9999 -9999 -9999 -9999 -9999 -9999 -9999 -9999 -9999 -9999 -9999 -9999 -9999 -9999 -9999 -9999 -9999 -9999 -9999 -9999 -9999 -9999 -9999 -9999 -9999 -9999 -9999 -9999 -9999 -9999 -9999 -9999 -9999 -9999 -9999
-9999 -9999 -9999 -9999 -9999 -9999 -9999 -9999 -9999 -9999 -9999 -9999 -9999 -9999 -9999 -9999 -9999 -9999 -9999 -9999 -9999 -9999 -9999 -9999 -9999 -9999 -9999 -9999 -9999 -9999 -9999 -9999 -9999 -9999 -9999 -9999 -9999 -9999 -9999 -9999 -9999 -9999 -9999 -9999 -9999 -9999 -9999 -9999 -9999 -9999 -9999 -9999 -9999 -9999 -9999 -9999 -9999 -9999 -9999 -9999 -9999 -9999 -9999 -9999 -9999 -9999 -9999 -9999
-9999 -9999 -9999 -9999 -9999 -9999 -9999 -9999 -9999 -9999 -9999 -9999 -9999 -9999 -9999 -9999 -9999 -9999 -9999 -9999 -9999 -9999 -9999 -9999 -9999 -9999 -9999 -9999 -9999 -9999 -9999 -9999 -9999 -9999 -9999 -9999 -9999 -9999 -9999 -9999 -9999 -9999 -9999 -9999 -9999 -9999 -9999 -9999 -9999 -9999 -9999 -9999 -9999 -9999 -9999 -9999 -9999 -9999 -9999 -9999 -9999 -9999 -9999 -9999 -9999 -9999 -9999 -9999
-9999 -9999 -9999 -9999 -9999 -9999 -9999 -9999 -9999 -9999 -9999 -9999 -9999 -9999 -9999 -9999 -9999 -9999 -9999 -9999 -9999 -9999 -9999 -9999 -9999 -9999 -9999 -9999 -9999 -9999 -9999 -9999 -9999 -9999 -9999 -9999 -9999 -9999 -9999 -9999 -9999 -9999 -9999 -9999 -9999 -9999 -9999 -9999 -9999 -9999 -9999 -9999 -9999 -9999 -9999 -9999 -9999 -9999 -9999 -9999 -9999 -9999 -9999 -9999 -9999 -9999 -9999 -9999
-9999 -9999 -9999 -9999 -9999 -9999 -9999 -9999 -9999 -9999 -9999 -9999 -9999 -9999 -9999 -9999 -9999 -9999 -9999 -9999 -9999 -9999 -9999 -9999 -9999 -9999 -9999 -9999 -9999 -9999 -9999 -9999 -9999 -9999 -9999 -9999 -9999 -9999 -9999 -9999 -9999 -9999 -9999 -9999 -9999 -9999 -9999 -9999 -9999 -9999 -9999 -9999 -9999 -9999 -9999 -9999 -9999 -9999 -9999 -9999 -9999 -9999 -9999 -9999 -9999 -9999 -9999 -9999
-9999 -9999 -9999 -9999 -9999 -9999 -9999 -9999 -9999 -9999 -9999 -9999 -9999 -9999 -9999 -9999 -9999 -9999 -9999 -9999 -9999 -9999 -9999 -9999 -9999 -9999 -9999 -9999 -9999 -9999 -9999 -9999 -9999 -9999 -9999 -9999 -9999 -9999 -9999 -9999 -9999 -9999 -9999 -9999 -9999 -9999 -9999 -9999 -9999 -9999 -9999 -9999 -9999 -9999 -9999 -9999 -9999 -9999 -9999 -9999 -9999 -9999 -9999 -9999 -9999 -9999 -9999 -9999
-9999 -9999 -9999 -9999 -9999 -9999 -9999 -9999 -9999 -9999 -9999 -9999 -9999 -9999 -9999 -9999 -9999 -9999 -9999 -9999 -9999 -9999 -9999 -9999 -9999 -9999 -9999 -9999 -9999 -9999 -9999 -9999 -9999 -9999 -9999 -9999 -9999 -9999 -9999 -9999 -9999 -9999 -9999 -9999 -9999 -9999 -9999 -9999 -9999 -9999 -9999 -9999 -9999 -9999 -9999 -9999 -9999 -9999 -9999 -9999 -9999 -9999 -9999 -9999 -9999 -9999 -9999 -9999
-9999 -9999 -9999 -9999 -9999 -9999 -9999 -9999 -9999 -9999 -9999 -9999 -9999 -9999 -9999 -9999 -9999 -9999 -9999 -9999 -9999 -9999 -9999 -9999 -9999 -9999 -9999 -9999 -9999 -9999 -9999 -9999 -9999 -9999 -9999 -9999 -9999 -9999 -9999 -9999 -9999 -9999 -9999 -9999 -9999 -9999 -9999 -9999 -9999 -9999 -9999 -9999 -9999 -9999 -9999 -9999 -9999 -9999 -9999 -9999 -9999 -9999 -9999 -9999 -9999 -9999 -9999 -9999
-9999 -9999 -9999 -9999 -9999 -9999 -9999 -9999 -9999 -9999 -9999 -9999 -9999 -9999 -9999 -9999 -9999 -9999 -9999 -9999 -9999 -9999 -9999 -9999 -9999 -9999 -9999 -9999 -9999 -9999 -9999 -9999 -9999 -9999 -9999 -9999 -9999 -9999 -9999 -9999 -9999 -9999 -9999 -9999 -9999 -9999 -9999 -9999 -9999 -9999 -9999 -9999 -9999 -9999 -9999 -9999 -9999 -9999 -9999 -9999 -9999 -9999 -9999 -9999 -9999 -9999 -9999 -9999
1.78488e-05 2.09192e-05 2.30808e-05 2.44937e-05 2.53974e-05 2.6027e-05 2.57912e-05 2.59114e-05 2.6242e-05 2.37946e-05 2.26465e-05 2.47415e-05 2.26849e-05 2.24513e-05 2.14117e-05 2.04321e-05 1.96015e-05 1.86735e-05 1.77563e-05 1.7e-05 1.61853e-05 1.5345e-05 1.46069e-05 1.38738e-05 1.31288e-05 1.24359e-05 1.17869e-05 1.11214e-05 1.04829e-05 9.92852e-06 9.35776e-06 8.83438e-06 8.39152e-06 7.89904e-06 7.44043e-06 7.02076e-06 6.60552e-06 6.24056e-06 5.89877e-06 5.48659e-06 5.16056e-06 4.85747e-06 4.56279e-06 4.30709e-06 4.06079e-06 3.80407e-06 3.56425e-06 3.36918e-06 3.14455e-06 2.97039e-06 2.78685e-06 2.61951e-06 2.44776e-06 2.30609e-06 2.1522e-06 2.01832e-06 1.91784e-06 1.79059e-06 1.68308e-06 1.56865e-06 1.4622e-06 1.37045e-06 1.29345e-06 1.20706e-06 1.12373e-06 1.06294e-06 9.88411e-07 9.28194e-07
7.05143e-05 6.6454e-05 6.34852e-05 6.04418e-05 5.84909e-05 5.64099e-05 5.35424e-05 5.16481e-05 4.95458e-05 4.53127e-05 4.35339e-05 4.17975e-05 3.97248e-05 3.757e-05 3.56776e-05 3.3847e-05 3.20344e-05 3.02944e-05 2.86207e-05 2.70286e-05 2.55651e-05 2.41429e-05 2.27854e-05 2.15285e-05 2.02868e-05 1.91334e-05 1.8053e-05 1.70206e-05 1.60521e-05 1.51366e-05 1.42622e-05 1.34343e-05 1.26729e-05 1.19329e-05 1.12259e-05 1.05807e-05 9.94937e-06 9.35659e-06 8.80327e-06 8.30348e-06 7.80669e-06 7.34919e-06 6.90206e-06 6.47776e-06 6.08297e-06 5.71348e-06 5.36664e-06 5.03845e-06 4.7295e-06 4.43193e-06 4.16081e-06 3.89903e-06 3.65323e-06 3.42781e-06 3.2112e-06 3.00438e-06 2.81346e-06 2.63254e-06 2.45661e-06 2.29946e-06 2.15166e-06 2.00988e-06 1.87848e-06 1.75473e-06 1.63906e-06 1.5291e-06 1.42706e-06 1.32948e-06
0.000102903 8.57551e-05 7.50177e-05 6.42601e-05 6.11161e-05 4.33385e-05 4.06339e-05 3.77424e-05 3.51768e-05 3.30477e-05 3.04245e-05 2.82413e-05 2.61441e-05 2.42477e-05 2.24897e-05 2.08801e-05 1.94301e-05 1.81443e-05 1.69499e-05 1.58205e-05 1.47791e-05 1.38146e-05 1.29376e-05 1.21266e-05 1.13821e-05 1.06649e-05 1.00047e-05 9.38187e-06 8.80011e-06 8.26412e-06 7.76185e-06 7.30139e-06 6.85561e-06 6.43151e-06 6.03997e-06 5.67878e-06 5.34311e-06 5.02336e-06 4.7146e-06 4.42633e-06 4.15893e-06 3.90463e-06 3.66889e-06 3.45025e-06 3.23958e-06 3.0412e-06 2.85539e-06 2.67725e-06 2.51238e-06 2.35799e-06 2.21424e-06 2.07586e-06 1.94637e-06 1.82373e-06 1.70861e-06 1.60154e-06 1.4995e-06 1.40429e-06 1.3171e-06 1.23259e-06 1.15309e-06 1.07916e-06 1.00921e-06 9.43272e-07 8.82051e-07 8.24122e-07 7.69499e-07 7.18881e-07
3.90217e-05 3.72957e-05 3.39666e-05 3.2641e-05 3.03736e-05 2.89643e-05 2.71684e-05 2.54087e-05 2.37685e-05 2.22542e-05 2.08784e-05 1.95885e-05 1.8374e-05 1.72565e-05 1.62431e-05 1.52608e-05 1.43612e-05 1.35238e-05 1.27204e-05 1.19848e-05 1.12901e-05 1.06224e-05 1.00139e-05 9.43882e-06 8.88816e-06 8.37086e-06 7.89233e-06 7.43357e-06 7.0192e-06 6.60916e-06 6.22225e-06 5.86571e-06 5.53025e-06 5.20367e-06 4.90802e-06 4.62568e-06 4.35161e-06 4.09409e-06 3.86011e-06 3.62927e-06 3.42169e-06 3.22216e-06 3.02474e-06 2.84384e-06 2.68013e-06 2.51593e-06 2.36608e-06 2.2272e-06 2.09108e-06 1.96389e-06 1.84362e-06 1.72867e-06 1.62417e-06 1.52601e-06 1.42983e-06 1.34106e-06 1.25853e-06 1.17966e-06 1.10619e-06 1.03664e-06 9.68379e-07 9.06692e-07 8.49255e-07 7.93604e-07 7.42675e-07 6.94447e-07 6.4833e-07 6.06141e-07
3.17913e-05 2.97496e-05 2.72825e-05 2.59471e-05 2.44973e-05 2.29967e-05 2.16459e-05 2.03649e-05 1.91575e-05 1.80707e-05 1.6997e-05 1.60364e-05 1.5117e-05 1.42466e-05 1.34349e-05 1.26843e-05 1.19666e-05 1.12952e-05 1.06407e-05 1.00573e-05 9.49386e-06 8.96567e-06 8.45806e-06 7.97887e-06 7.53344e-06 7.12356e-06 6.71846e-06 6.33516e-06 5.98313e-06 5.65179e-06 5.32443e-06 5.02484e-06 4.74072e-06 4.47458e-06 4.2196e-06 3.97682e-06 3.7467e-06 3.53288e-06 3.33282e-06 3.13673e-06 2.95574e-06 2.78414e-06 2.62128e-06 2.46904e-06 2.32342e-06 2.18381e-06 2.05501e-06 1.9318e-06 1.81644e-06 1.70858e-06 1.60643e-06 1.50831e-06 1.41688e-06 1.32882e-06 1.24669e-06 1.17086e-06 1.09737e-06 1.02857e-06 9.64523e-07 9.03919e-07 8.47813e-07 7.94259e-07 7.43612e-07 6.95624e-07 6.51086e-07 6.09175e-07 5.69105e-07 5.32115e-07
2.58816e-05 2.45475e-05 2.32796e-05 2.18847e-05 2.06624e-05 1.95247e-05 1.83976e-05 1.73757e-05 1.63811e-05 1.54731e-05 1.46233e-05 1.38301e-05 1.30401e-05 1.23416e-05 1.16498e-05 1.10057e-05 1.04087e-05 9.8395e-06 9.31126e-06 8.79839e-06 8.31269e-06 7.85001e-06 7.42917e-06 7.02933e-06 6.63694e-06 6.26602e-06 5.91907e-06 5.59521e-06 5.28597e-06 4.99292e-06 4.71193e-06 4.45437e-06 4.2081e-06 3.96615e-06 3.74009e-06 3.53162e-06 3.33439e-06 3.14414e-06 2.96537e-06 2.79109e-06 2.63223e-06 2.48093e-06 2.33764e-06 2.20091e-06 2.07292e-06 1.94886e-06 1.83529e-06 1.72852e-06 1.62518e-06 1.52816e-06 1.43581e-06 1.3482e-06 1.26666e-06 1.19008e-06 1.11656e-06 1.04843e-06 9.84825e-07 9.23368e-07 8.65941e-07 8.11831e-07 7.60491e-07 7.1244e-07 6.67338e-07 6.24425e-07 5.84135e-07 5.46764e-07 5.11258e-07 4.78117e-07
2.26955e-05 2.14496e-05 2.02683e-05 1.91504e-05 1.80816e-05 1.70976e-05 1.61515e-05 1.52775e-05 1.44601e-05 1.36741e-05 1.29384e-05 1.22273e-05 1.15829e-05 1.09585e-05 1.03747e-05 9.81922e-06 9.29479e-06 8.79235e-06 8.31415e-06 7.86386e-06 7.44617e-06 7.04814e-06 6.66323e-06 6.30255e-06 5.95321e-06 5.63638e-06 5.33088e-06 5.04085e-06 4.76049e-06 4.502e-06 4.25363e-06 4.01773e-06 3.79573e-06 3.57887e-06 3.38566e-06 3.19677e-06 3.01516e-06 2.84538e-06 2.6825e-06 2.52935e-06 2.38516e-06 2.24834e-06 2.11861e-06 1.99786e-06 1.88177e-06 1.77045e-06 1.66711e-06 1.56817e-06 1.4748e-06 1.38679e-06 1.30461e-06 1.22579e-06 1.15256e-06 1.08383e-06 1.01712e-06 9.54156e-07 8.95856e-07 8.40143e-07 7.88025e-07 7.38949e-07 6.92339e-07 6.48216e-07 6.07623e-07 5.68705e-07 5.32377e-07 4.98273e-07 4.65819e-07 4.35756e-07
2.01354e-05 1.90632e-05 1.80369e-05 1.70602e-05 1.61515e-05 1.52907e-05 1.44624e-05 1.37073e-05 1.29833e-05 1.22961e-05 1.16479e-05 1.10401e-05 1.04471e-05 9.8951e-06 9.37074e-06 8.87498e-06 8.40771e-06 7.96096e-06 7.54187e-06 7.14018e-06 6.76058e-06 6.39868e-06 6.05601e-06 5.72817e-06 5.42436e-06 5.1355e-06 4.85675e-06 4.58988e-06 4.34325e-06 4.10766e-06 3.88115e-06 3.66841e-06 3.46637e-06 3.27522e-06 3.09348e-06 2.92138e-06 2.75698e-06 2.60308e-06 2.45411e-06 2.31653e-06 2.18528e-06 2.06057e-06 1.94152e-06 1.83022e-06 1.72347e-06 1.62288e-06 1.52945e-06 1.43937e-06 1.35345e-06 1.27265e-06 1.19694e-06 1.12547e-06 1.05784e-06 9.94031e-07 9.34129e-07 8.767e-07 8.23778e-07 7.72609e-07 7.2443e-07 6.79044e-07 6.36042e-07 5.96286e-07 5.58715e-07 5.22928e-07 4.89612e-07 4.58303e-07 4.28502e-07 4.00777e-07
1.8132e-05 1.71862e-05 1.62713e-05 1.53974e-05 1.4613e-05 1.38439e-05 1.31283e-05 1.24447e-05 1.17987e-05 1.1178e-05 1.05942e-05 1.00423e-05 9.5203e-06 9.028e-06 8.55909e-06 8.10826e-06 7.6816e-06 7.28247e-06 6.90125e-06 6.53793e-06 6.1981e-06 5.86616e-06 5.55273e-06 5.26441e-06 4.97981e-06 4.7156e-06 4.46325e-06 4.22077e-06 3.99576e-06 3.77565e-06 3.57145e-06 3.37851e-06 3.19174e-06 3.01453e-06 2.85006e-06 2.69139e-06 2.54213e-06 2.3989e-06 2.263e-06 2.13701e-06 2.01739e-06 1.90098e-06 1.79055e-06 1.68873e-06 1.59182e-06 1.49885e-06 1.41159e-06 1.32877e-06 1.25019e-06 1.17735e-06 1.10715e-06 1.04061e-06 9.77889e-07 9.19052e-07 8.62932e-07 8.10708e-07 7.60738e-07 7.13557e-07 6.69705e-07 6.28367e-07 5.88872e-07 5.52102e-07 5.17358e-07 4.84235e-07 4.53416e-07 4.2445e-07 3.96765e-07 3.71045e-07
1.64929e-05 1.56326e-05 1.4832e-05 1.40742e-05 1.33502e-05 1.26575e-05 1.20028e-05 1.1399e-05 1.08121e-05 1.02513e-05 9.72838e-06 9.23027e-06 8.75423e-06 8.29765e-06 7.87073e-06 7.46815e-06 7.07445e-06 6.71017e-06 6.35955e-06 6.02938e-06 5.71481e-06 5.41551e-06 5.12968e-06 4.85902e-06 4.59894e-06 4.35749e-06 4.1295e-06 3.90322e-06 3.69137e-06 3.49901e-06 3.30653e-06 3.12708e-06 2.95421e-06 2.79288e-06 2.64035e-06 2.49627e-06 2.35376e-06 2.22448e-06 2.10135e-06 1.98046e-06 1.8681e-06 1.76178e-06 1.6632e-06 1.56792e-06 1.47652e-06 1.39171e-06 1.31018e-06 1.23371e-06 1.16071e-06 1.09189e-06 1.02723e-06 9.65882e-07 9.08636e-07 8.54028e-07 8.01664e-07 7.53e-07 7.06708e-07 6.63541e-07 6.22602e-07 5.84028e-07 5.47302e-07 5.13005e-07 4.8075e-07 4.50037e-07 4.21427e-07 3.94535e-07 3.68314e-07 3.44859e-07
1.51062e-05 1.43416e-05 1.36138e-05 1.29251e-05 1.22646e-05 1.16458e-05 1.10622e-05 1.04964e-05 9.96426e-06 9.45697e-06 8.97408e-06 8.51612e-06 8.0861e-06 7.67528e-06 7.2779e-06 6.9026e-06 6.55682e-06 6.21549e-06 5.8904e-06 5.58948e-06 5.29609e-06 5.02053e-06 4.75751e-06 4.50453e-06 4.27375e-06 4.04536e-06 3.82766e-06 3.62662e-06 3.43269e-06 3.24849e-06 3.07164e-06 2.90265e-06 2.74849e-06 2.59922e-06 2.45412e-06 2.31906e-06 2.19241e-06 2.06928e-06 1.95317e-06 1.84417e-06 1.74034e-06 1.64236e-06 1.54695e-06 1.45978e-06 1.37595e-06 1.29522e-06 1.2201e-06 1.14862e-06 1.08116e-06 1.01813e-06 9.5791e-07 9.00477e-07 8.46652e-07 7.95568e-07 7.46538e-07 7.02041e-07 6.59262e-07 6.18439e-07 5.80348e-07 5.44442e-07 5.10193e-07 4.78253e-07 4.48213e-07 4.19592e-07 3.92626e-07 3.67261e-07 3.44044e-07 3.2186e-07
1.39192e-05 1.32303e-05 1.25657e-05 1.19233e-05 1.1338e-05 1.07757e-05 1.02284e-05 9.71852e-06 9.21874e-06 8.76266e-06 8.31861e-06 7.90392e-06 7.49759e-06 7.11832e-06 6.76024e-06 6.41927e-06 6.08375e-06 5.77847e-06 5.4788e-06 5.19485e-06 4.93082e-06 4.66846e-06 4.42976e-06 4.20105e-06 3.97523e-06 3.7652e-06 3.57145e-06 3.37793e-06 3.2009e-06 3.02528e-06 2.86323e-06 2.71169e-06 2.56472e-06 2.42094e-06 2.29065e-06 2.16602e-06 2.04434e-06 1.93102e-06 1.82414e-06 1.72135e-06 1.62503e-06 1.53192e-06 1.44553e-06 1.36303e-06 1.2842e-06 1.20889e-06 1.13911e-06 1.07387e-06 1.0105e-06 9.51032e-07 8.94877e-07 8.41189e-07 7.90495e-07 7.4317e-07 6.98355e-07 6.55981e-07 6.16021e-07 5.77939e-07 5.42327e-07 5.08792e-07 4.76815e-07 4.46989e-07 4.18927e-07 3.91873e-07 3.66996e-07 3.43904e-07 3.21605e-07 3.00877e-07
1.28969e-05 1.22463e-05 1.16362e-05 1.10668e-05 1.05279e-05 9.99728e-06 9.49986e-06 9.0221e-06 8.57776e-06 8.14819e-06 7.74481e-06 7.35213e-06 6.98168e-06 6.63624e-06 6.2951e-06 5.97448e-06 5.67871e-06 5.38515e-06 5.10884e-06 4.8466e-06 4.59605e-06 4.36274e-06 4.13394e-06 3.91555e-06 3.71394e-06 3.51897e-06 3.33365e-06 3.1572e-06 2.98606e-06 2.8294e-06 2.67862e-06 2.53442e-06 2.3937e-06 2.26654e-06 2.14284e-06 2.0241e-06 1.91184e-06 1.80571e-06 1.70628e-06 1.61024e-06 1.51985e-06 1.43448e-06 1.35248e-06 1.27436e-06 1.20168e-06 1.13195e-06 1.06709e-06 1.00504e-06 9.45775e-07 8.90143e-07 8.3737e-07 7.86589e-07 7.40106e-07 6.96142e-07 6.53774e-07 6.14144e-07 5.76756e-07 5.41085e-07 5.07781e-07 4.76381e-07 4.46452e-07 4.18535e-07 3.91951e-07 3.66961e-07 3.43962e-07 3.22035e-07 3.01154e-07 2.81729e-07
1.1955e-05 1.13826e-05 1.08274e-05 1.02889e-05 9.7832e-06 9.30327e-06 8.83688e-06 8.4103e-06 7.99772e-06 7.59961e-06 7.2184e-06 6.85932e-06 6.51732e-06 6.18932e-06 5.87723e-06 5.58611e-06 5.29848e-06 5.03033e-06 4.77393e-06 4.53082e-06 4.30228e-06 4.07672e-06 3.8638e-06 3.66861e-06 3.47339e-06 3.29472e-06 3.11903e-06 2.95323e-06 2.79767e-06 2.65059e-06 2.50661e-06 2.37004e-06 2.24531e-06 2.12272e-06 2.00581e-06 1.896e-06 1.79068e-06 1.69318e-06 1.59868e-06 1.50888e-06 1.42455e-06 1.34358e-06 1.26683e-06 1.19462e-06 1.12626e-06 1.06161e-06 1.0002e-06 9.42057e-07 8.86559e-07 8.34221e-07 7.84787e-07 7.38089e-07 6.94248e-07 6.52607e-07 6.12916e-07 5.75782e-07 5.40721e-07 5.07302e-07 4.76055e-07 4.46654e-07 4.18603e-07 3.92105e-07 3.67628e-07 3.44167e-07 3.225e-07 3.01935e-07 2.82366e-07 2.64156e-07
1.11422e-05 1.06069e-05 1.00865e-05 9.59524e-06 9.12956e-06 8.67779e-06 8.25926e-06 7.85572e-06 7.47003e-06 7.09548e-06 6.74571e-06 6.41421e-06 6.08872e-06 5.79395e-06 5.50421e-06 5.22051e-06 4.96019e-06 4.71166e-06 4.46969e-06 4.24601e-06 4.02436e-06 3.8168e-06 3.62461e-06 3.43413e-06 3.2565e-06 3.08494e-06 2.92395e-06 2.76903e-06 2.62436e-06 2.48373e-06 2.34835e-06 2.2255e-06 2.10551e-06 1.98948e-06 1.88065e-06 1.77809e-06 1.68117e-06 1.58786e-06 1.49983e-06 1.41592e-06 1.33584e-06 1.2606e-06 1.18857e-06 1.12094e-06 1.05749e-06 9.96168e-07 9.3853e-07 8.83988e-07 8.31685e-07 7.8267e-07 7.36745e-07 6.9288e-07 6.51502e-07 6.12481e-07 5.75201e-07 5.40349e-07 5.07476e-07 4.76116e-07 4.46813e-07 4.19181e-07 3.92539e-07 3.68022e-07 3.45217e-07 3.23191e-07 3.02661e-07 2.83367e-07 2.65e-07 2.47906e-07
1.03945e-05 9.89644e-06 9.42094e-06 8.96482e-06 8.52492e-06 8.11974e-06 7.72342e-06 7.34792e-06 6.98336e-06 6.63745e-06 6.31676e-06 6.00319e-06 5.70975e-06 5.42674e-06 5.14604e-06 4.89376e-06 4.65227e-06 4.41435e-06 4.19177e-06 3.97634e-06 3.77559e-06 3.58371e-06 3.39669e-06 3.22153e-06 3.05518e-06 2.89504e-06 2.74353e-06 2.59902e-06 2.46181e-06 2.33038e-06 2.20729e-06 2.089e-06 1.97523e-06 1.86616e-06 1.76691e-06 1.67087e-06 1.57805e-06 1.491e-06 1.40868e-06 1.32891e-06 1.25444e-06 1.18372e-06 1.11621e-06 1.05337e-06 9.93104e-07 9.35547e-07 8.81456e-07 8.29977e-07 7.80962e-07 7.35358e-07 6.92134e-07 6.50729e-07 6.11907e-07 5.75229e-07 5.40241e-07 5.07519e-07 4.76601e-07 4.47159e-07 4.19609e-07 3.93463e-07 3.68689e-07 3.45917e-07 3.24193e-07 3.03509e-07 2.84241e-07 2.66104e-07 2.48848e-07 2.32806e-07
9.71786e-06 9.25493e-06 8.81261e-06 8.38763e-06 7.97891e-06 7.60105e-06 7.23152e-06 6.87374e-06 6.54029e-06 6.22722e-06 5.91753e-06 5.63205e-06 5.35127e-06 5.07815e-06 4.83689e-06 4.59432e-06 4.36076e-06 4.14366e-06 3.93081e-06 3.73367e-06 3.54619e-06 3.36024e-06 3.18905e-06 3.02728e-06 2.86772e-06 2.71856e-06 2.57715e-06 2.44044e-06 2.31292e-06 2.19079e-06 2.07341e-06 1.9605e-06 1.85411e-06 1.75602e-06 1.66049e-06 1.56945e-06 1.48285e-06 1.40135e-06 1.32272e-06 1.24943e-06 1.1787e-06 1.1123e-06 1.04959e-06 9.89825e-07 9.33198e-07 8.78915e-07 8.28055e-07 7.79788e-07 7.34154e-07 6.91193e-07 6.50434e-07 6.11531e-07 5.75019e-07 5.40522e-07 5.07662e-07 4.7688e-07 4.47844e-07 4.20169e-07 3.93863e-07 3.69526e-07 3.46712e-07 3.25014e-07 3.04601e-07 2.85174e-07 2.67053e-07 2.50002e-07 2.33791e-07 2.18699e-07
9.09607e-06 8.66509e-06 8.25268e-06 7.8507e-06 7.48269e-06 7.12033e-06 6.77136e-06 6.44804e-06 6.14023e-06 5.83553e-06 5.55433e-06 5.27954e-06 5.01593e-06 4.77645e-06 4.53953e-06 4.30747e-06 4.09622e-06 3.88998e-06 3.69323e-06 3.50796e-06 3.32537e-06 3.15947e-06 2.99848e-06 2.84218e-06 2.69323e-06 2.55514e-06 2.42289e-06 2.29318e-06 2.17419e-06 2.05898e-06 1.94589e-06 1.84284e-06 1.74545e-06 1.65054e-06 1.56045e-06 1.47536e-06 1.3936e-06 1.31668e-06 1.24434e-06 1.17451e-06 1.10802e-06 1.04634e-06 9.86666e-07 9.30471e-07 8.77039e-07 8.26223e-07 7.78209e-07 7.33301e-07 6.90311e-07 6.49714e-07 6.11408e-07 5.74818e-07 5.40473e-07 5.08095e-07 4.77197e-07 4.48242e-07 4.20946e-07 3.94499e-07 3.70197e-07 3.47687e-07 3.25838e-07 3.0545e-07 2.86257e-07 2.67992e-07 2.50953e-07 2.34911e-07 2.19684e-07 2.05496e-07
8.5215e-06 8.11965e-06 7.72612e-06 7.36492e-06 7.01393e-06 6.6762e-06 6.35509e-06 6.05439e-06 5.7555e-06 5.47744e-06 5.21429e-06 4.95531e-06 4.71726e-06 4.48343e-06 4.25834e-06 4.05151e-06 3.84696e-06 3.65436e-06 3.46961e-06 3.29361e-06 3.1303e-06 2.96999e-06 2.81602e-06 2.67009e-06 2.53332e-06 2.40289e-06 2.27563e-06 2.15764e-06 2.04326e-06 1.93278e-06 1.83106e-06 1.73427e-06 1.64105e-06 1.55154e-06 1.46731e-06 1.38691e-06 1.31035e-06 1.23867e-06 1.17001e-06 1.10331e-06 1.04251e-06 9.83822e-07 9.27742e-07 8.74639e-07 8.24644e-07 7.76931e-07 7.31986e-07 6.8962e-07 6.49049e-07 6.10838e-07 5.74793e-07 5.404e-07 5.08093e-07 4.77606e-07 4.48566e-07 4.2133e-07 3.95132e-07 3.71011e-07 3.48351e-07 3.26769e-07 3.06241e-07 2.87065e-07 2.69021e-07 2.51843e-07 2.35811e-07 2.20751e-07 2.06434e-07 1.93093e-07
7.98645e-06 7.61134e-06 7.24968e-06 6.91125e-06 6.58337e-06 6.26503e-06 5.96759e-06 5.6758e-06 5.40524e-06 5.14759e-06 4.89461e-06 4.66009e-06 4.42946e-06 4.2086e-06 4.00623e-06 3.80418e-06 3.61391e-06 3.4342e-06 3.26128e-06 3.09948e-06 2.94242e-06 2.78886e-06 2.64632e-06 2.51333e-06 2.38295e-06 2.25741e-06 2.1415e-06 2.0271e-06 1.92012e-06 1.81908e-06 1.72302e-06 1.63084e-06 1.54318e-06 1.45751e-06 1.37953e-06 1.30487e-06 1.23282e-06 1.16479e-06 1.09909e-06 1.03857e-06 9.80316e-07 9.2482e-07 8.72097e-07 8.22475e-07 7.75414e-07 7.3056e-07 6.88458e-07 6.48417e-07 6.10199e-07 5.7431e-07 5.40382e-07 5.07991e-07 4.77657e-07 4.48983e-07 4.21666e-07 3.95754e-07 3.71704e-07 3.4894e-07 3.27399e-07 3.0712e-07 2.87823e-07 2.698e-07 2.52809e-07 2.36652e-07 2.21575e-07 2.07423e-07 1.93951e-07 1.81403e-07
