data/IdealizedTopo/Outputs_IdealizedTopo/release1HS_null_01IdealizedTopo_faSavageHutterFoamGamma_pfv.asc
ncols 1001
nrows 301
xllcenter 1000
yllcenter -5000
cellsize 5
NODATA_value -9999
[rows 180 to 209 of 301, columns 136 to 203 of 1001]
0.067542 0.067735 0.0680793 0.0680361 0.068316 0.0684327 0.0684623 0.0685201 0.068777 0.0689441 0.0687462 0.069033 0.0691554 0.0688595 0.0692401 0.069066 0.0695112 0.0693916 0.0694695 0.069099 0.0693899 0.0694585 0.069435 0.0694405 0.0696383 0.069493 0.0692081 0.0696035 0.0694067 0.069443 0.0695492 0.069351 0.0691638 0.0692839 0.0692022 0.0695248 0.0689654 0.0693193 0.0690502 0.0693032 0.069082 0.0692579 0.069199 0.0691111 0.069095 0.0689538 0.0690708 0.0690235 0.0688725 0.0688154 0.0688762 0.068811 0.0689035 0.0688648 0.0687148 0.0688034 0.0687667 0.0685424 0.0687839 0.0685595 0.068572 0.0685633 0.0686271 0.0685199 0.0683987 0.0684489 0.0684756 0.0683765
0.0678087 0.06776 0.0679524 0.0681432 0.0682449 0.0685116 0.0683523 0.0685892 0.0685657 0.0689351 0.0686154 0.0690454 0.0692177 0.0688958 0.0691875 0.0689708 0.0695013 0.0694037 0.0694723 0.0690979 0.0694183 0.0696361 0.0694162 0.069516 0.0696383 0.0694226 0.0692775 0.0694395 0.0694306 0.0694725 0.0695252 0.0694392 0.0691505 0.0692839 0.0692022 0.06953 0.0689655 0.0693193 0.06905 0.0693031 0.0690697 0.0692608 0.0691978 0.0690988 0.0691187 0.068977 0.0690745 0.0690222 0.0688877 0.0688171 0.0688762 0.068811 0.0689016 0.068874 0.0687176 0.0687913 0.0687672 0.0685577 0.0687671 0.0685583 0.0685757 0.0685633 0.0686271 0.0685199 0.0683987 0.0684481 0.0684758 0.0683765
0.0677262 0.0677744 0.0677074 0.0681688 0.0682446 0.0684521 0.0685194 0.0686129 0.0686783 0.0690194 0.0686528 0.0690533 0.069199 0.0688959 0.069198 0.0688791 0.0694658 0.0693869 0.0696622 0.0691043 0.0694565 0.0696457 0.0692839 0.0695915 0.0696383 0.0694232 0.0692776 0.0694506 0.0694296 0.0694726 0.0695094 0.0696083 0.069124 0.0692839 0.0692022 0.0695299 0.0689655 0.0693193 0.0688223 0.0693032 0.0690697 0.0692601 0.0691977 0.0690988 0.0691307 0.0690222 0.0690745 0.0690097 0.0689021 0.0688179 0.0688762 0.068811 0.0689016 0.068874 0.0687343 0.0687913 0.0687672 0.0685411 0.0687671 0.0685583 0.0685757 0.0685633 0.0686271 0.0685199 0.0683987 0.0684481 0.0684758 0.0683765
0.0677566 0.0676324 0.0676911 0.0681572 0.0682588 0.0683293 0.0683171 0.0687414 0.0685573 0.0690007 0.0686986 0.068943 0.0692157 0.0688959 0.069198 0.068879 0.0694656 0.0693783 0.0696845 0.0691371 0.0694564 0.0696457 0.0692943 0.0695915 0.0696383 0.0694233 0.0692776 0.0694601 0.069314 0.0694898 0.0695022 0.0696102 0.0691238 0.0692839 0.0692022 0.0695299 0.0689655 0.0693193 0.06905 0.0693032 0.0690697 0.0692601 0.0691978 0.0690988 0.0691306 0.0690222 0.0690745 0.0690097 0.0689022 0.0688179 0.0688762 0.068811 0.0689035 0.0688648 0.0687133 0.0688024 0.0687672 0.0685384 0.0687785 0.0685583 0.0685757 0.0685633 0.0686271 0.0685199 0.0683987 0.0684481 0.0684758 0.0683765
0.0678943 0.0675423 0.0676823 0.0680419 0.0683209 0.0683506 0.0683312 0.0687493 0.0685537 0.068991 0.0686986 0.0688248 0.0692247 0.0688958 0.069198 0.068879 0.0694656 0.0693786 0.0696845 0.0691371 0.0694564 0.0696456 0.0693134 0.0695161 0.0696383 0.0694233 0.0692776 0.0694649 0.0693135 0.0694897 0.0695022 0.0696102 0.0691238 0.0692839 0.0692022 0.0695299 0.0689655 0.0693193 0.06905 0.0693032 0.0690697 0.0692601 0.0691978 0.0690988 0.0691306 0.0690222 0.0690745 0.0690097 0.0689022 0.0688179 0.0688762 0.068811 0.0689035 0.0688648 0.0687148 0.0688024 0.0687672 0.0685384 0.0687785 0.0685583 0.0685757 0.0685633 0.0686271 0.0685199 0.0683987 0.0684481 0.0684758 0.0683765
0.067782 0.0677969 0.0676873 0.0681253 0.0683683 0.0683719 0.0684938 0.0687493 0.0685537 0.0689911 0.0686986 0.0688248 0.0692247 0.0688958 0.069198 0.068879 0.0694656 0.0693786 0.0696845 0.0691371 0.0694564 0.0696456 0.0694459 0.0694406 0.0696383 0.0693368 0.0692776 0.0694649 0.0693135 0.0694897 0.0695022 0.0696102 0.0691238 0.0692839 0.0692022 0.0695299 0.0689655 0.0693193 0.06905 0.0693032 0.0690697 0.0692601 0.0691978 0.0690988 0.0691306 0.0690222 0.0690745 0.0690097 0.0689022 0.0688179 0.0688762 0.068811 0.0689035 0.0688648 0.0687148 0.0688024 0.0687672 0.0685384 0.0687785 0.0685583 0.0685757 0.0685633 0.0686278 0.0685198 0.0683986 0.0684481 0.0684758 0.0683765
0.067676 0.0678072 0.0676873 0.0680421 0.0683682 0.0683719 0.068331 0.0687493 0.0685537 0.0689911 0.0686986 0.0688248 0.0692247 0.0688958 0.069198 0.068879 0.0694656 0.0693786 0.0696845 0.0691371 0.0694564 0.0696456 0.0694354 0.0694405 0.0696383 0.0694233 0.0692776 0.0694649 0.0693135 0.0694897 0.0695022 0.0696102 0.0691238 0.0692839 0.0692022 0.0695299 0.0689655 0.0693193 0.06905 0.0693032 0.0690697 0.0692601 0.0691978 0.0690988 0.0691306 0.0690222 0.0690745 0.0690097 0.0689022 0.0688179 0.0688762 0.068811 0.0689035 0.0688648 0.0687922 0.0688024 0.0687672 0.0685384 0.0687785 0.0685583 0.0685757 0.0685633 0.0686112 0.0685196 0.0683986 0.0684481 0.0684758 0.0683765
0.067676 0.0678072 0.0676873 0.0680421 0.0683682 0.0683719 0.068331 0.0687493 0.0685537 0.0689911 0.0686986 0.0688248 0.0692247 0.0688958 0.069198 0.068879 0.0694656 0.0693786 0.0696845 0.0691371 0.0694564 0.0696456 0.069555 0.0694405 0.0696383 0.0694233 0.0692776 0.0694649 0.0693135 0.0694897 0.0695022 0.0696102 0.0691238 0.0692839 0.0692022 0.06953 0.0689655 0.0693193 0.06905 0.0693032 0.0690697 0.0692601 0.0691978 0.0690988 0.0691306 0.0690222 0.0690745 0.0690097 0.0689022 0.0688179 0.0688762 0.068811 0.0689035 0.0688648 0.0687148 0.0688024 0.0687672 0.0685384 0.0687785 0.0685583 0.0685757 0.0685633 0.0686119 0.0685196 0.0683986 0.0684481 0.0684758 0.0683765
0.0676859 0.0678073 0.0676873 0.0680525 0.0683683 0.0683719 0.068331 0.0687493 0.0685537 0.0689911 0.0686986 0.0688248 0.0692154 0.0688958 0.069198 0.068879 0.0694656 0.0693786 0.0696845 0.0691371 0.0694564 0.0696456 0.0694354 0.0694405 0.0696383 0.0694233 0.0692776 0.0694649 0.0693135 0.0694897 0.0695022 0.0696102 0.0691238 0.0692839 0.0692022 0.0695397 0.0689656 0.0693193 0.06905 0.0693032 0.0690697 0.0692601 0.0691978 0.0690988 0.0691306 0.0690222 0.0690745 0.0690097 0.0689022 0.0688179 0.0688762 0.068811 0.0689035 0.0688648 0.0687148 0.0688024 0.0687672 0.0685384 0.0687785 0.0685583 0.068574 0.0685632 0.0686119 0.0685196 0.0683986 0.0684481 0.0684758 0.0683765
0.0675398 0.0678731 0.0676911 0.0680518 0.0683207 0.0683658 0.068331 0.0687493 0.0685537 0.0689911 0.0686986 0.0688248 0.0692248 0.0688958 0.069198 0.068879 0.0694656 0.0693786 0.0696845 0.0691371 0.0694564 0.0696456 0.0694354 0.0694406 0.0696383 0.0694233 0.0692776 0.0694649 0.0693135 0.0694897 0.0695022 0.0696102 0.0691238 0.0692839 0.0692022 0.0693958 0.0690404 0.0693193 0.0688222 0.0693032 0.0690697 0.0692601 0.0691978 0.0690988 0.0691307 0.0690221 0.0690745 0.0690097 0.0689022 0.0688179 0.0688762 0.068811 0.0689035 0.0688648 0.0687148 0.0688024 0.0687672 0.0685384 0.0687785 0.0685583 0.068595 0.0685518 0.0686119 0.0685196 0.0683986 0.0684481 0.0684758 0.0683765
0.0677508 0.0678528 0.0678701 0.068103 0.0683207 0.0683658 0.0684938 0.0687493 0.0685537 0.068974 0.0686986 0.0688248 0.0692248 0.0688958 0.069198 0.0688791 0.0694656 0.0693785 0.0696845 0.0691371 0.0694563 0.0696456 0.0694162 0.0695161 0.0696383 0.0693368 0.0692776 0.0694649 0.0693135 0.0694897 0.0695022 0.0696102 0.0691238 0.0692839 0.0692022 0.0693567 0.0690404 0.0693193 0.06905 0.0693031 0.0690697 0.0693466 0.0691978 0.0690988 0.0691316 0.0689605 0.0690752 0.0690097 0.0689022 0.0688179 0.0688762 0.0688044 0.0689036 0.0688648 0.0687921 0.0688024 0.0687672 0.0685445 0.0687785 0.0685583 0.0685108 0.0685518 0.0686112 0.0685196 0.0683986 0.0684474 0.0684759 0.0683752
0.0676858 0.0677666 0.0678741 0.0680525 0.0683683 0.068372 0.068331 0.0687493 0.0685538 0.0689911 0.0686986 0.0688249 0.0692248 0.0688958 0.069198 0.068879 0.0694654 0.0693786 0.0696846 0.069137 0.0694564 0.0696457 0.0692839 0.0695915 0.0696383 0.0694233 0.0692776 0.0694534 0.0693144 0.0694899 0.0695022 0.0696102 0.0691239 0.0692839 0.0692023 0.0695397 0.0689656 0.0693192 0.06905 0.0693032 0.0690697 0.0692601 0.0692002 0.0690927 0.0691067 0.0689089 0.0690731 0.0690081 0.0689114 0.0688104 0.068877 0.0688095 0.0689035 0.0688652 0.0687148 0.0688096 0.0687654 0.0685378 0.0687773 0.0685589 0.0685741 0.0685632 0.0686278 0.0685198 0.0683974 0.0684481 0.0684851 0.06838
0.0676559 0.0678426 0.0678739 0.0680422 0.0683683 0.0683717 0.0683311 0.0687492 0.0685537 0.0689911 0.0686986 0.0688243 0.0692247 0.0688959 0.0691875 0.0689387 0.0694569 0.0693786 0.0696842 0.0691373 0.0694564 0.0696364 0.0692982 0.0695917 0.0696383 0.0694233 0.0692775 0.0696075 0.0694313 0.0694731 0.0695305 0.0695213 0.0691371 0.0692838 0.0692022 0.0695299 0.0689656 0.0693194 0.06905 0.0693031 0.0690697 0.0692601 0.069204 0.0689937 0.0691046 0.0688725 0.0689421 0.0690158 0.0687944 0.0688025 0.0688927 0.0688049 0.0688935 0.0688839 0.0687144 0.0688244 0.068647 0.0685378 0.068793 0.0685601 0.0685768 0.0685554 0.0686168 0.0685202 0.0684128 0.068451 0.0684768 0.0683705
0.0675349 0.0679186 0.0678705 0.0680421 0.0683684 0.0683718 0.0683589 0.0686363 0.0685538 0.0689911 0.0686986 0.069061 0.0691735 0.0689739 0.069177 0.069 0.0694198 0.0693786 0.0696784 0.0692039 0.0694565 0.0696433 0.0693016 0.0695916 0.0696383 0.0694134 0.0692858 0.0695969 0.0694325 0.0694992 0.0693458 0.0692631 0.0691769 0.0692838 0.0692022 0.0695099 0.0690405 0.0693193 0.06906 0.0692952 0.0690698 0.0692702 0.0691938 0.0689829 0.0690052 0.0689609 0.0689326 0.0689338 0.0688702 0.068861 0.0688877 0.0688216 0.0688728 0.0687859 0.0687268 0.0688227 0.0686441 0.0685464 0.0687839 0.0685503 0.0685892 0.0685636 0.068611 0.0685401 0.0684394 0.0684485 0.0684588 0.0683311
0.0676519 0.0676848 0.0676836 0.0680627 0.0682995 0.0686004 0.0685301 0.0685377 0.0684609 0.0689911 0.0686988 0.0690608 0.0690394 0.0690319 0.0691468 0.0690026 0.0693493 0.0693754 0.0696688 0.0692803 0.0694375 0.06956 0.0693012 0.0695917 0.0696386 0.0693531 0.0693595 0.0695992 0.0694065 0.0695035 0.0692382 0.0692339 0.0692705 0.0693484 0.0692004 0.069362 0.0691177 0.0693273 0.0691368 0.0691748 0.0690594 0.0693262 0.0691795 0.0691003 0.0689087 0.069107 0.0689271 0.0689483 0.0689394 0.068887 0.0688555 0.0688407 0.0688829 0.0687118 0.0687351 0.0687059 0.0687464 0.0686127 0.0686351 0.0686056 0.0685684 0.0685252 0.0685451 0.068487 0.0685892 0.0685209 0.068449 0.0682941
0.0677871 0.0677024 0.067675 0.0682424 0.0682178 0.0684563 0.0685852 0.0684208 0.0684847 0.0689814 0.0686948 0.0691308 0.0690139 0.0692682 0.0690189 0.069289 0.0690643 0.0693748 0.0693897 0.0691841 0.069305 0.069272 0.0693241 0.0695099 0.0695024 0.0693679 0.0695448 0.0694194 0.0692652 0.0694292 0.0692236 0.0692086 0.069374 0.0693119 0.0692147 0.0693229 0.0693546 0.0695504 0.069328 0.0689978 0.0691247 0.0693665 0.0690529 0.0691145 0.0690694 0.0690015 0.068946 0.0689326 0.0689758 0.0689807 0.0688358 0.0688284 0.0688829 0.0686756 0.0687792 0.0686778 0.0688005 0.0686931 0.0686441 0.0686441 0.0685022 0.0685817 0.0685449 0.0685299 0.068559 0.0684766 0.0683603 0.0684466
0.0677753 0.0675232 0.0680009 0.0682331 0.0681824 0.0684411 0.0685492 0.068636 0.0687764 0.0688851 0.0688041 0.0690178 0.069005 0.0691704 0.0691077 0.0692967 0.0692016 0.069344 0.0693487 0.0691983 0.0694565 0.0692429 0.0694888 0.0693549 0.0693491 0.0694175 0.0692183 0.0694314 0.0694269 0.0693839 0.0694919 0.0693348 0.0695013 0.0694616 0.0693399 0.0689814 0.0693054 0.0693147 0.0691454 0.0692938 0.0692442 0.0693669 0.0691546 0.0691145 0.0689906 0.0690774 0.0690455 0.0689583 0.068973 0.0689618 0.0688963 0.0689164 0.0687857 0.0688346 0.0688727 0.0686815 0.0687196 0.0686873 0.0686867 0.0685487 0.0686456 0.0685097 0.0685993 0.0684567 0.0685119 0.0683932 0.068392 0.0684261
0.0678416 0.0678312 0.0680347 0.0680732 0.068198 0.068458 0.0682613 0.0686889 0.0685043 0.0689256 0.0686447 0.0688825 0.068832 0.069296 0.0690713 0.0691078 0.0694983 0.0694041 0.0694855 0.0689413 0.0695401 0.0694694 0.0693282 0.0695285 0.0694894 0.0694705 0.0693221 0.0696606 0.0694076 0.0693208 0.0693987 0.0695305 0.0692192 0.0694072 0.069565 0.0690884 0.0693842 0.0693285 0.0692057 0.0690755 0.0690918 0.069404 0.0687949 0.0691804 0.0690824 0.0689272 0.0690134 0.0690188 0.0688559 0.0688075 0.0689494 0.0688229 0.0688787 0.0687821 0.0687276 0.06872 0.0687121 0.0686783 0.0686862 0.0685461 0.0686401 0.0684667 0.0686301 0.0685274 0.0684932 0.0685214 0.0683479 0.0684602
0.0675928 0.0678815 0.0679145 0.0681288 0.0680811 0.0685637 0.0683113 0.0685654 0.0685539 0.0688579 0.0687957 0.068977 0.0689731 0.0692004 0.0691725 0.0692125 0.069207 0.0693642 0.0694309 0.069238 0.0692094 0.0695328 0.0692051 0.0695669 0.0695903 0.0694614 0.0694046 0.0694502 0.0694545 0.06926 0.0693614 0.069502 0.0694398 0.0694414 0.0695018 0.0692303 0.0694697 0.0693289 0.0692507 0.0689943 0.0689577 0.0695355 0.0689539 0.0691849 0.0690895 0.0690084 0.0690365 0.0689901 0.0689089 0.0690134 0.0688492 0.0689467 0.0687487 0.0687785 0.0687854 0.0687038 0.0685911 0.0686713 0.0686654 0.068657 0.0685043 0.0686098 0.0685226 0.0685355 0.0685519 0.0684247 0.0684121 0.0683579
0.0678179 0.0678203 0.0679867 0.0679245 0.0681062 0.0683136 0.068535 0.0686504 0.068623 0.0688186 0.0688227 0.0688001 0.0691379 0.0691706 0.0690507 0.0690467 0.0695107 0.0691872 0.0694664 0.069167 0.0693732 0.0694512 0.0693535 0.069269 0.0694684 0.0694235 0.0694645 0.0694109 0.0694982 0.069349 0.0692628 0.0693469 0.0695338 0.0694649 0.0695102 0.0692958 0.0692356 0.0693451 0.0693383 0.0691694 0.0692407 0.0693471 0.0690705 0.0689698 0.0690237 0.0690902 0.0690793 0.0690998 0.0689241 0.0689043 0.0689397 0.0687994 0.068858 0.0687887 0.0688251 0.0687587 0.0687028 0.0686421 0.0687071 0.0685963 0.0685176 0.0686709 0.0686251 0.0685383 0.068456 0.0684606 0.0684389 0.0684175
0.0317704 0.0320516 0.035228 0.0317812 0.0326847 0.0355793 0.0319727 0.0326833 0.035591 0.0323328 0.0326486 0.0356641 0.0319329 0.0322897 0.0326674 0.0354963 0.0318438 0.0326549 0.0360556 0.0322404 0.0333443 0.0362523 0.0325733 0.0333112 0.0360696 0.0318425 0.032476 0.0343615 0.0320106 0.0319318 0.032827 0.0358378 0.0322635 0.0330085 0.0360418 0.0321456 0.0329089 0.035875 0.0324494 0.0329477 0.0361133 0.0320364 0.0325913 0.0340268 0.0318911 0.0317299 0.0327561 0.0355564 0.0320252 0.0329732 0.0359336 0.0322542 0.0328373 0.0358879 0.0321418 0.032759 0.0357347 0.0320192 0.0327477 0.0357667 0.0319491 0.0319135 0.033883 0.0313371 0.0315768 0.0324918 0.0352102 0.0318898
-9999 -9999 -9999 -9999 -9999 -9999 -9999 -9999 -9999 -9999 -9999 -9999 -9999 -9999 -9999 -9999 -9999 -9999 -9999 -9999 -9999 -9999 -9999 -9999 -9999 -9999 -9999 -9999 -9999 -9999 -9999 -9999 -9999 -9999 -9999 -9999 -9999 -9999 -9999 -9999 -9999 -9999 -9999 -9999 -9999 -9999 -9999 -9999 -9999 -9999 -9999 -9999 -9999 -9999 -9999 -9999 -9999 -9999 -9999 -9999 -9999 -9999 -9999 -9999 -9999 -9999 -9999 -9999
-9999 -9999 -9999 -9999 -9999 -9999 -9999 -9999 -9999 -9999 -9999 -9999 -9999 -9999 -9999 -9999 -9999 -9999 -9999 -9999 -9999 -9999 -9999 -9999 -9999 -9999 -9999 -9999 -9999 -9999 -9999 -9999 -9999 -9999 -9999 -9999 -9999 -9999 -9999 -9999 -9999 -9999 -9999 -9999 -9999 -9999 -9999 -9999 -9999 -9999 -9999 -9999 -9999 -9999 -9999 -9999 -9999 -9999 -9999 -9999 -9999 -9999 -9999 -9999 -9999 -9999 -9999 -9999
-9999 -9999 -9999 -9999 -9999 -9999 -9999 -9999 -9999 -9999 -9999 -9999 -9999 -9999 -9999 -9999 -9999 -9999 -9999 -9999 -9999 -9999 -9999 -9999 -9999 -9999 -9999 -9999 -9999 -9999 -9999 -9999 -9999 -9999 -9999 -9999 -9999 -9999 -9999 -9999 -9999 -9999 -9999 -9999 -9999 -9999 -9999 -9999 -9999 -9999 -9999 -9999 -9999 -9999 -9999 -9999 -9999 -9999 -9999 -9999 -9999 -9999 -9999 -9999 -9999 -9999 -9999 -9999
-9999 -9999 -9999 -9999 -9999 -9999 -9999 -9999 -9999 -9999 -9999 -9999 -9999 -9999 -9999 -9999 -9999 -9999 -9999 -9999 -9999 -9999 -9999 -9999 -9999 -9999 -9999 -9999 -9999 -9999 -9999 -9999 -9999 -9999 -9999 -9999 -9999 -9999 -9999 -9999 -9999 -9999 -9999 -9999 -9999 -9999 -9999 -9999 -9999 -9999 -9999 -9999 -9999 -9999 -9999 -9999 -9999 -9999 -9999 -9999 -9999 -9999 -9999 -9999 -9999 -9999 -9999 -9999
-9999 -9999 -9999 -9999 -9999 -9999 -9999 -9999 -9999 -9999 -9999 -9999 -9999 -9999 -9999 -9999 -9999 -9999 -9999 -9999 -9999 -9999 -9999 -9999 -9999 -9999 -9999 -9999 -9999 -9999 -9999 -9999 -9999 -9999 -9999 -9999 -9999 -9999 -9999 -9999 -9999 -9999 -9999 -9999 -9999 -9999 -9999 -9999 -9999 -9999 -9999 -9999 -9999 -9999 -9999 -9999 -9999 -9999 -9999 -9999 -9999 -9999 -9999 -9999 -9999 -9999 -9999 -9999
-9999 -9999 -9999 -9999 -9999 -9999 -9999 -9999 -9999 -9999 -9999 -9999 -9999 -9999 -9999 -9999 -9999 -9999 -9999 -9999 -9999 -9999 -9999 -9999 -9999 -9999 -9999 -9999 -9999 -9999 -9999 -9999 -9999 -9999 -9999 -9999 -9999 -9999 -9999 -9999 -9999 -9999 -9999 -9999 -9999 -9999 -9999 -9999 -9999 -9999 -9999 -9999 -9999 -9999 -9999 -9999 -9999 -9999 -9999 -9999 -9999 -9999 -9999 -9999 -9999 -9999 -9999 -9999
-9999 -9999 -9999 -9999 -9999 -9999 -9999 -9999 -9999 -9999 -9999 -9999 -9999 -9999 -9999 -9999 -9999 -9999 -9999 -9999 -9999 -9999 -9999 -9999 -9999 -9999 -9999 -9999 -9999 -9999 -9999 -9999 -9999 -9999 -9999 -9999 -9999 -9999 -9999 -9999 -9999 -9999 -9999 -9999 -9999 -9999 -9999 -9999 -9999 -9999 -9999 -9999 -9999 -9999 -9999 -9999 -9999 -9999 -9999 -9999 -9999 -9999 -9999 -9999 -9999 -9999 -9999 -9999
-9999 -9999 -9999 -9999 -9999 -9999 -9999 -9999 -9999 -9999 -9999 -9999 -9999 -9999 -9999 -9999 -9999 -9999 -9999 -9999 -9999 -9999 -9999 -9999 -9999 -9999 -9999 -9999 -9999 -9999 -9999 -9999 -9999 -9999 -9999 -9999 -9999 -9999 -9999 -9999 -9999 -9999 -9999 -9999 -9999 -9999 -9999 -9999 -9999 -9999 -9999 -9999 -9999 -9999 -9999 -9999 -9999 -9999 -9999 -9999 -9999 -9999 -9999 -9999 -9999 -9999 -9999 -9999
-9999 -9999 -9999 -9999 -9999 -9999 -9999 -9999 -9999 -9999 -9999 -9999 -9999 -9999 -9999 -9999 -9999 -9999 -9999 -9999 -9999 -9999 -9999 -9999 -9999 -9999 -9999 -9999 -9999 -9999 -9999 -9999 -9999 -9999 -9999 -9999 -9999 -9999 -9999 -9999 -9999 -9999 -9999 -9999 -9999 -9999 -9999 -9999 -9999 -9999 -9999 -9999 -9999 -9999 -9999 -9999 -9999 -9999 -9999 -9999 -9999 -9999 -9999 -9999 -9999 -9999 -9999 -9999
