data/IdealizedTopo/Outputs_IdealizedTopo/release1HS_01IdealizedTopo_null_TRENT2D_pft.asc
ncols     1001
nrows      301
cellsize  5.000
xllcenter         1000.00
yllcenter        -5000.00
NODATA_value       nan
[rows 132 to 164 of 301, columns 0 to 74 of 1001]
nan nan nan nan nan nan nan nan nan nan nan nan nan nan 0.000833 0.001665 0.002498 0.004164 0.005831 0.008331 0.011665 0.015000 0.019170 0.023340 0.027512 0.031686 0.036694 0.040870 0.045881 0.050060 0.054240 0.057586 0.060934 0.064283 0.066797 0.069313 0.070994 0.071839 0.072686 0.072696 0.072707 0.071881 0.070219 0.068556 0.066057 0.062720 0.059383 0.055207 0.050194 0.046016 0.040163 0.035146 0.029291 0.024271 0.018414 0.014230 0.010882 0.008371 0.006697 0.005023 0.003349 0.002511 0.001674 0.000837 0.000837 0.000837 0.000837 0.000000 0.000000 0.000000 0.000000 nan nan nan nan
nan nan nan nan nan nan nan nan nan nan 0.000832 0.004991 0.010816 0.019970 0.030790 0.043277 0.058265 0.074088 0.090748 0.107413 0.124081 0.140754 0.155766 0.170781 0.184968 0.198325 0.210019 0.220883 0.230916 0.240119 0.247656 0.254361 0.261069 0.266110 0.270317 0.273692 0.276232 0.278773 0.279645 0.280516 0.280552 0.279753 0.278118 0.275646 0.273172 0.269862 0.265714 0.260728 0.254905 0.248243 0.239906 0.231567 0.221553 0.210699 0.199006 0.187310 0.174775 0.162237 0.148860 0.135482 0.121265 0.106210 0.091154 0.076098 0.061879 0.048496 0.037623 0.028423 0.020061 0.013372 0.009192 0.005848 0.003341 0.002505 0.001670
nan nan nan nan nan nan nan nan nan 0.010808 0.042405 0.083986 0.129734 0.172996 0.214603 0.252059 0.285364 0.316180 0.343675 0.367015 0.387863 0.405387 0.420419 0.433788 0.444664 0.454709 0.463092 0.469811 0.476531 0.481588 0.486645 0.490038 0.493431 0.496825 0.498552 0.500280 0.501174 0.502067 0.502127 0.501351 0.500575 0.498963 0.497349 0.494900 0.491614 0.488326 0.484201 0.480073 0.475108 0.469304 0.462662 0.455182 0.447697 0.439374 0.429376 0.419373 0.408531 0.396849 0.383492 0.369295 0.353423 0.335876 0.317490 0.298265 0.276532 0.253961 0.231389 0.208817 0.187082 0.166182 0.146120 0.126062 0.104337 0.083453 0.063411
nan nan nan nan nan nan nan nan 0.009972 0.153753 0.323324 0.429749 0.502109 0.552035 0.587005 0.612004 0.631186 0.646215 0.658753 0.668798 0.676350 0.682240 0.686468 0.689866 0.691600 0.693336 0.693408 0.694312 0.694385 0.693626 0.693699 0.692940 0.693014 0.691422 0.690662 0.689902 0.688308 0.686714 0.685119 0.683522 0.681925 0.679492 0.677058 0.674622 0.671350 0.668910 0.664799 0.661520 0.657403 0.652449 0.648326 0.642531 0.636732 0.630094 0.623452 0.615970 0.607650 0.598489 0.589324 0.578483 0.566803 0.555117 0.542592 0.528391 0.513351 0.495801 0.483255 0.476546 0.468998 0.452264 0.429687 0.403772 0.375354 0.344436 0.311021
nan nan nan nan nan nan nan 0.003323 0.196892 1.499644 1.499751 1.499860 1.499970 1.500083 1.500199 1.500316 1.500435 1.499725 1.499848 1.499973 1.500099 1.500227 1.500357 1.500488 1.499789 1.499923 1.500058 1.500194 1.500332 1.500469 1.499776 1.499915 1.500054 1.500194 1.500333 1.500472 1.499778 1.499916 1.500053 1.500188 1.500323 1.500455 1.499752 1.499880 1.500005 1.500128 1.500246 1.500361 1.500472 1.500577 1.499844 1.499939 1.500029 1.500111 1.500186 1.500254 1.500313 1.500363 1.500404 1.499601 1.499621 1.499629 1.499625 1.499608 1.500411 1.500365 1.500304 1.500226 1.500132 1.500018 0.779541 0.727775 0.687680 0.652586 0.619991
nan nan nan nan nan nan nan 0.003322 0.196835 1.500022 1.500114 1.500208 1.500303 1.500401 1.500500 1.500601 1.500703 1.500808 1.500914 1.500190 1.500299 1.500409 1.500521 1.500634 1.500749 1.500864 1.500981 1.501099 1.500385 1.500504 1.500624 1.500744 1.500865 1.500985 1.501106 1.501226 1.500514 1.500634 1.500752 1.500870 1.500987 1.501102 1.501215 1.501327 1.501436 1.501542 1.500813 1.500914 1.501011 1.501104 1.501193 1.501277 1.501356 1.501430 1.503164 1.503226 1.503280 1.499994 1.500033 1.500063 1.500085 1.500097 1.500099 1.500090 1.500069 1.500036 1.499990 1.499930 1.500690 1.499767 1.036433 0.977200 0.932127 0.895381 0.862795
nan nan nan nan nan nan nan 0.003321 0.196782 1.499605 1.499683 1.500593 1.500675 1.500758 1.500842 1.500928 1.501015 1.501104 1.501194 1.501286 1.501379 1.501473 1.501569 1.501665 1.501762 1.501030 1.501129 1.501230 1.501331 1.501432 1.501534 1.501637 1.501740 1.501843 1.501946 1.502049 1.502152 1.502254 1.502356 1.502457 1.502557 1.502656 1.502754 1.502850 1.502944 1.502204 1.502293 1.502380 1.502464 1.502545 1.502623 1.502696 1.502766 1.503664 1.502058 1.502113 1.502162 1.503871 1.504740 1.503937 1.502293 1.502307 1.502313 1.502309 1.502297 1.502274 1.502240 1.502195 1.500473 1.500404 1.255541 1.193853 1.144649 1.103765 1.070368
nan nan nan nan nan nan nan 0.003320 0.195903 1.500054 1.500119 1.500186 1.501085 1.501985 1.502055 1.502128 1.502201 1.502276 1.502352 1.502429 1.502507 1.502586 1.502666 1.502747 1.502829 1.503743 1.503827 1.503911 1.503996 1.504082 1.504168 1.504255 1.504342 1.504429 1.505347 1.505434 1.505521 1.505608 1.505694 1.506611 1.506696 1.506780 1.506863 1.507776 1.507856 1.507935 1.508011 1.508918 1.508990 1.509060 1.509958 1.510022 1.510914 1.510971 1.509359 1.507744 1.507787 1.508658 1.509524 1.510383 1.510405 1.511252 1.511260 1.512093 1.512086 1.512903 1.513711 1.511182 1.500321 1.500269 1.407846 1.367839 1.328658 1.291966 1.257763
nan nan nan nan nan nan nan 0.003320 0.195860 1.499707 1.499761 1.500646 1.500702 1.501590 1.503309 1.504199 1.505089 1.505981 1.506044 1.506108 1.507003 1.507069 1.507135 1.508033 1.508101 1.508170 1.509070 1.509140 1.510042 1.510113 1.511015 1.511087 1.511990 1.512063 1.512966 1.513039 1.513942 1.514846 1.514918 1.515820 1.516723 1.517624 1.517694 1.518594 1.519492 1.520390 1.521286 1.522180 1.523073 1.523963 1.524852 1.525738 1.526621 1.528333 1.528379 1.528421 1.528459 1.527662 1.527692 1.528549 1.529401 1.531080 1.531921 1.533588 1.534417 1.536071 1.536887 1.537694 1.532673 1.520159 1.502647 1.483465 1.461780 1.439257 1.416726
nan nan nan nan nan nan nan 0.003319 0.195820 1.500224 1.500267 1.500312 1.500358 1.501234 1.502941 1.504649 1.507189 1.508899 1.510610 1.511492 1.512374 1.513258 1.514142 1.515027 1.515913 1.515969 1.516856 1.517743 1.518632 1.519520 1.520409 1.521298 1.522188 1.523078 1.524798 1.525689 1.526579 1.527469 1.529189 1.530079 1.531799 1.532688 1.534407 1.535294 1.537012 1.538729 1.539613 1.541328 1.543041 1.544752 1.546462 1.548170 1.549876 1.551579 1.553280 1.555810 1.557505 1.558366 1.559224 1.560078 1.560929 1.562606 1.563447 1.565115 1.566778 1.569267 1.571750 1.574227 1.576698 1.575837 1.571645 1.564121 1.554928 1.543234 1.530702
nan nan nan nan nan nan nan 0.003318 0.195785 1.499944 1.499979 1.500015 1.500880 1.501747 1.502614 1.504312 1.506840 1.508539 1.511069 1.513599 1.516130 1.518662 1.520365 1.522069 1.523773 1.525477 1.527182 1.528058 1.529764 1.530641 1.532348 1.533225 1.534933 1.536641 1.538349 1.540057 1.541765 1.543474 1.545182 1.546890 1.548598 1.550306 1.552843 1.554550 1.557087 1.558792 1.561328 1.563862 1.566396 1.568928 1.571459 1.573988 1.576517 1.579043 1.582398 1.584921 1.587441 1.590789 1.594135 1.596648 1.599157 1.601663 1.604166 1.606665 1.609160 1.611651 1.614968 1.617450 1.620757 1.624890 1.628186 1.628984 1.628946 1.626409 1.623034
nan nan nan nan nan nan nan 0.003318 0.195754 1.499699 1.499725 1.500582 1.500610 1.501467 1.502326 1.504014 1.505703 1.508222 1.510742 1.513263 1.516613 1.519135 1.522486 1.525839 1.528362 1.530886 1.534240 1.536764 1.538460 1.540985 1.543511 1.545207 1.547733 1.549430 1.551957 1.553654 1.556181 1.558708 1.561236 1.563763 1.566290 1.568817 1.571344 1.574700 1.577226 1.580582 1.583107 1.586462 1.589816 1.593169 1.596521 1.600703 1.604053 1.607402 1.611580 1.615756 1.619931 1.623273 1.628275 1.632444 1.636611 1.640775 1.645768 1.649927 1.654083 1.658235 1.662385 1.666531 1.671503 1.675641 1.680605 1.685565 1.690519 1.695468 1.699582
nan nan nan nan nan nan nan 0.003317 0.195727 1.500316 1.500336 1.500355 1.500376 1.501226 1.502906 1.503757 1.506267 1.507949 1.510460 1.512971 1.515483 1.518825 1.522168 1.525511 1.528854 1.532198 1.536371 1.539716 1.543060 1.547235 1.550581 1.553926 1.557272 1.560619 1.563965 1.566482 1.569829 1.573176 1.576523 1.579040 1.582387 1.585734 1.589080 1.592427 1.596603 1.599949 1.604125 1.608300 1.612475 1.616649 1.620823 1.625826 1.629998 1.635000 1.640000 1.645000 1.649998 1.654995 1.660821 1.666645 1.672468 1.678289 1.684109 1.689926 1.696571 1.702384 1.709025 1.714833 1.721468 1.728100 1.734729 1.741354 1.747977 1.755425 1.762039
nan nan nan nan nan nan nan 0.003317 0.195704 1.500137 1.500150 1.500164 1.500178 1.501022 1.502695 1.504369 1.506043 1.507717 1.510221 1.512725 1.515230 1.517735 1.521069 1.524404 1.527739 1.531904 1.536069 1.539405 1.543570 1.548566 1.552732 1.556898 1.561065 1.565232 1.569399 1.574395 1.578563 1.582730 1.586898 1.591065 1.596062 1.600230 1.604397 1.608565 1.612732 1.617729 1.621896 1.626893 1.631889 1.636885 1.641881 1.646876 1.652700 1.658524 1.664347 1.670170 1.676822 1.683472 1.689293 1.696772 1.703420 1.710896 1.717542 1.725016 1.733319 1.740790 1.749090 1.757387 1.765683 1.774807 1.783098 1.792217 1.801334 1.810448 1.819560
nan nan nan nan nan nan nan 0.003317 0.195686 1.499990 1.499999 1.500008 1.500846 1.501685 1.502523 1.504191 1.505860 1.507528 1.510026 1.512524 1.515022 1.518350 1.520849 1.524177 1.527506 1.531663 1.534992 1.539150 1.543309 1.547467 1.551626 1.556614 1.561603 1.566591 1.571580 1.576569 1.581558 1.586547 1.591536 1.597355 1.602344 1.608163 1.613152 1.618971 1.623960 1.629779 1.635598 1.641416 1.647235 1.653053 1.658871 1.664689 1.671336 1.677983 1.684629 1.691275 1.697921 1.705396 1.712870 1.721174 1.729476 1.737778 1.746080 1.755210 1.763510 1.773468 1.782595 1.792551 1.802506 1.813289 1.824070 1.834851 1.845630 1.857237 1.868842
nan nan nan nan nan nan nan 0.003316 0.195671 1.499876 1.499881 1.499886 1.500721 1.501555 1.502389 1.504053 1.505717 1.508210 1.509874 1.512368 1.515690 1.518184 1.521507 1.524830 1.528153 1.531476 1.534800 1.538952 1.543105 1.547258 1.551411 1.555564 1.560546 1.565529 1.570511 1.575494 1.581306 1.587118 1.592930 1.598742 1.604555 1.610367 1.617008 1.622821 1.629463 1.636104 1.642746 1.649387 1.656029 1.663500 1.670141 1.677612 1.685083 1.692553 1.700024 1.707494 1.715793 1.724092 1.732392 1.740690 1.749818 1.758945 1.768902 1.778858 1.788813 1.799598 1.810382 1.821166 1.832778 1.844390 1.856831 1.869270 1.882539 1.895806 1.909902
nan nan nan nan nan nan nan 0.003316 0.195661 1.499795 1.499797 1.500628 1.500631 1.501462 1.502294 1.503954 1.506444 1.508105 1.510595 1.513085 1.515575 1.518894 1.521384 1.524703 1.528023 1.531342 1.535491 1.538810 1.542959 1.547107 1.551256 1.555405 1.560383 1.565361 1.570339 1.575317 1.581125 1.586103 1.591911 1.598547 1.604355 1.610991 1.617628 1.624265 1.630902 1.638367 1.645833 1.653299 1.660766 1.668231 1.676527 1.683993 1.692288 1.700583 1.709708 1.718002 1.727127 1.736251 1.746204 1.756158 1.766111 1.776064 1.786846 1.797628 1.808410 1.820021 1.831632 1.844072 1.857341 1.870610 1.883878 1.897976 1.912902 1.927828 1.943584
nan nan nan nan nan nan nan 0.003316 0.195655 1.499746 1.499746 1.500576 1.500577 1.501406 1.503065 1.504724 1.506382 1.508870 1.510529 1.513017 1.516334 1.518822 1.521310 1.524627 1.527944 1.531261 1.535407 1.538724 1.542870 1.547016 1.551162 1.555308 1.560284 1.564430 1.569405 1.574380 1.580185 1.585160 1.590965 1.596769 1.602574 1.609207 1.615841 1.622474 1.629937 1.637400 1.644862 1.652325 1.660617 1.668909 1.677201 1.686322 1.695443 1.704564 1.714514 1.723635 1.733585 1.744364 1.755143 1.765922 1.776702 1.788310 1.799918 1.811527 1.823964 1.836402 1.848839 1.862106 1.875372 1.889468 1.904393 1.919317 1.935071 1.951654 1.968237
nan nan nan nan nan nan 0.000000 0.003316 0.195653 1.499729 1.499729 1.500558 1.501387 1.502216 1.503874 1.504703 1.507190 1.508848 1.511336 1.513823 1.516310 1.518797 1.522113 1.525429 1.528745 1.532062 1.535378 1.539523 1.542839 1.546984 1.551129 1.555275 1.560249 1.565223 1.570197 1.575171 1.580146 1.585949 1.590923 1.596726 1.603359 1.609162 1.615794 1.622427 1.629888 1.637349 1.644811 1.652272 1.660562 1.668853 1.677972 1.686263 1.695382 1.705330 1.715279 1.725227 1.735176 1.745953 1.756731 1.767508 1.779115 1.790721 1.803157 1.815592 1.828028 1.840463 1.854557 1.867822 1.881915 1.896009 1.910932 1.926683 1.942435 1.959845 1.976426
nan nan nan nan nan nan nan 0.003316 0.195655 1.499746 1.499746 1.500576 1.500577 1.501406 1.503065 1.504724 1.506382 1.508870 1.510529 1.513017 1.516334 1.518822 1.521310 1.524627 1.527944 1.531261 1.535407 1.538724 1.542870 1.547016 1.551162 1.555308 1.560284 1.564430 1.569405 1.574380 1.580185 1.585160 1.590965 1.596769 1.602574 1.609207 1.615841 1.622474 1.629937 1.637400 1.644862 1.652325 1.660617 1.668909 1.677201 1.686322 1.695443 1.704564 1.714514 1.723635 1.733585 1.744364 1.755143 1.765922 1.776702 1.788310 1.799918 1.811527 1.823964 1.836402 1.848839 1.862106 1.875372 1.889468 1.904393 1.919317 1.935071 1.951654 1.968237
nan nan nan nan nan nan nan 0.003316 0.195661 1.499795 1.499797 1.500628 1.500631 1.501462 1.502294 1.503954 1.506444 1.508105 1.510595 1.513085 1.515575 1.518894 1.521384 1.524703 1.528023 1.531342 1.535491 1.538810 1.542959 1.547107 1.551256 1.555405 1.560383 1.565361 1.570339 1.575317 1.581125 1.586103 1.591911 1.598547 1.604355 1.610991 1.617628 1.624265 1.630902 1.638367 1.645833 1.653299 1.660766 1.668231 1.676527 1.683993 1.692288 1.700583 1.709708 1.718002 1.727127 1.736251 1.746204 1.756158 1.766111 1.776064 1.786846 1.797628 1.808410 1.820021 1.831632 1.844072 1.857341 1.870610 1.883878 1.897976 1.912902 1.927828 1.943584
nan nan nan nan nan nan nan 0.003316 0.195671 1.499876 1.499881 1.499886 1.500721 1.501555 1.502389 1.504053 1.505717 1.508210 1.509874 1.512368 1.515690 1.518184 1.521507 1.524830 1.528153 1.531476 1.534800 1.538952 1.543105 1.547258 1.551411 1.555564 1.560546 1.565529 1.570511 1.575494 1.581306 1.587118 1.592930 1.598742 1.604555 1.610367 1.617008 1.622821 1.629463 1.636104 1.642746 1.649387 1.656029 1.663500 1.670141 1.677612 1.685083 1.692553 1.700024 1.707494 1.715793 1.724092 1.732392 1.740690 1.749818 1.758945 1.768902 1.778858 1.788813 1.799598 1.810382 1.821166 1.832778 1.844390 1.856831 1.869270 1.882539 1.895806 1.909902
nan nan nan nan nan nan nan 0.003317 0.195686 1.499990 1.499999 1.500008 1.500846 1.501685 1.502523 1.504191 1.505860 1.507528 1.510026 1.512524 1.515022 1.518350 1.520849 1.524177 1.527506 1.531663 1.534992 1.539150 1.543309 1.547467 1.551626 1.556614 1.561603 1.566591 1.571580 1.576569 1.581558 1.586547 1.591536 1.597355 1.602344 1.608163 1.613152 1.618971 1.623960 1.629779 1.635598 1.641416 1.647235 1.653053 1.658871 1.664689 1.671336 1.677983 1.684629 1.691275 1.697921 1.705396 1.712870 1.721174 1.729476 1.737778 1.746080 1.755210 1.763510 1.773468 1.782595 1.792551 1.802506 1.813289 1.824070 1.834851 1.845630 1.857237 1.868842
nan nan nan nan nan nan nan 0.003317 0.195704 1.500137 1.500150 1.500164 1.500178 1.501022 1.502695 1.504369 1.506043 1.507717 1.510221 1.512725 1.515230 1.517735 1.521069 1.524404 1.527739 1.531904 1.536069 1.539405 1.543570 1.548566 1.552732 1.556898 1.561065 1.565232 1.569399 1.574395 1.578563 1.582730 1.586898 1.591065 1.596062 1.600230 1.604397 1.608565 1.612732 1.617729 1.621896 1.626893 1.631889 1.636885 1.641881 1.646876 1.652700 1.658524 1.664347 1.670170 1.676822 1.683472 1.689293 1.696772 1.703420 1.710896 1.717542 1.725016 1.733319 1.740790 1.749090 1.757387 1.765683 1.774807 1.783098 1.792217 1.801334 1.810448 1.819560
nan nan nan nan nan nan nan 0.003317 0.195727 1.500316 1.500336 1.500355 1.500376 1.501226 1.502906 1.503757 1.506267 1.507949 1.510460 1.512971 1.515483 1.518825 1.522168 1.525511 1.528854 1.532198 1.536371 1.539716 1.543060 1.547235 1.550581 1.553926 1.557272 1.560619 1.563965 1.566482 1.569829 1.573176 1.576523 1.579040 1.582387 1.585734 1.589080 1.592427 1.596603 1.599949 1.604125 1.608300 1.612475 1.616649 1.620823 1.625826 1.629998 1.635000 1.640000 1.645000 1.649998 1.654995 1.660821 1.666645 1.672468 1.678289 1.684109 1.689926 1.696571 1.702384 1.709025 1.714833 1.721468 1.728100 1.734729 1.741354 1.747977 1.755425 1.762039
nan nan nan nan nan nan nan 0.003318 0.195754 1.499699 1.499725 1.500582 1.500610 1.501467 1.502326 1.504014 1.505703 1.508222 1.510742 1.513263 1.516613 1.519135 1.522486 1.525839 1.528362 1.530886 1.534240 1.536764 1.538460 1.540985 1.543511 1.545207 1.547733 1.549430 1.551957 1.553654 1.556181 1.558708 1.561236 1.563763 1.566290 1.568817 1.571344 1.574700 1.577226 1.580582 1.583107 1.586462 1.589816 1.593169 1.596521 1.600703 1.604053 1.607402 1.611580 1.615756 1.619931 1.623273 1.628275 1.632444 1.636611 1.640775 1.645768 1.649927 1.654083 1.658235 1.662385 1.666531 1.671503 1.675641 1.680605 1.685565 1.690519 1.695468 1.699582
nan nan nan nan nan nan nan 0.003318 0.195785 1.499944 1.499979 1.500015 1.500880 1.501747 1.502614 1.504312 1.506840 1.508539 1.511069 1.513599 1.516130 1.518662 1.520365 1.522069 1.523773 1.525477 1.527182 1.528058 1.529764 1.530641 1.532348 1.533225 1.534933 1.536641 1.538349 1.540057 1.541765 1.543474 1.545182 1.546890 1.548598 1.550306 1.552843 1.554550 1.557087 1.558792 1.561328 1.563862 1.566396 1.568928 1.571459 1.573988 1.576517 1.579043 1.582398 1.584921 1.587441 1.590789 1.594135 1.596648 1.599157 1.601663 1.604166 1.606665 1.609160 1.611651 1.614968 1.617450 1.620757 1.624890 1.628186 1.628984 1.628946 1.626409 1.623034
nan nan nan nan nan nan nan 0.003319 0.195820 1.500224 1.500267 1.500312 1.500358 1.501234 1.502941 1.504649 1.507189 1.508899 1.510610 1.511492 1.512374 1.513258 1.514142 1.515027 1.515913 1.515969 1.516856 1.517743 1.518632 1.519520 1.520409 1.521298 1.522188 1.523078 1.524798 1.525689 1.526579 1.527469 1.529189 1.530079 1.531799 1.532688 1.534407 1.535294 1.537012 1.538729 1.539613 1.541328 1.543041 1.544752 1.546462 1.548170 1.549876 1.551579 1.553280 1.555810 1.557505 1.558366 1.559224 1.560078 1.560929 1.562606 1.563447 1.565115 1.566778 1.569267 1.571750 1.574227 1.576698 1.575837 1.571645 1.564121 1.554928 1.543234 1.530702
nan nan nan nan nan nan nan 0.003320 0.195860 1.499707 1.499761 1.500646 1.500702 1.501590 1.503309 1.504199 1.505089 1.505981 1.506044 1.506108 1.507003 1.507069 1.507135 1.508033 1.508101 1.508170 1.509070 1.509140 1.510042 1.510113 1.511015 1.511087 1.511990 1.512063 1.512966 1.513039 1.513942 1.514846 1.514918 1.515820 1.516723 1.517624 1.517694 1.518594 1.519492 1.520390 1.521286 1.522180 1.523073 1.523963 1.524852 1.525738 1.526621 1.528333 1.528379 1.528421 1.528459 1.527662 1.527692 1.528549 1.529401 1.531080 1.531921 1.533588 1.534417 1.536071 1.536887 1.537694 1.532673 1.520159 1.502647 1.483465 1.461780 1.439257 1.416726
nan nan nan nan nan nan nan 0.003320 0.195903 1.500054 1.500119 1.500186 1.501085 1.501985 1.502055 1.502128 1.502201 1.502276 1.502352 1.502429 1.502507 1.502586 1.502666 1.502747 1.502829 1.503743 1.503827 1.503911 1.503996 1.504082 1.504168 1.504255 1.504342 1.504429 1.505347 1.505434 1.505521 1.505608 1.505694 1.506611 1.506696 1.506780 1.506863 1.507776 1.507856 1.507935 1.508011 1.508918 1.508990 1.509060 1.509958 1.510022 1.510914 1.510971 1.509359 1.507744 1.507787 1.508658 1.509524 1.510383 1.510405 1.511252 1.511260 1.512093 1.512086 1.512903 1.513711 1.511182 1.500321 1.500269 1.407846 1.367839 1.328658 1.291966 1.257763
nan nan nan nan nan nan nan 0.003321 0.196782 1.499605 1.499683 1.500593 1.500675 1.500758 1.500842 1.500928 1.501015 1.501104 1.501194 1.501286 1.501379 1.501473 1.501569 1.501665 1.501762 1.501030 1.501129 1.501230 1.501331 1.501432 1.501534 1.501637 1.501740 1.501843 1.501946 1.502049 1.502152 1.502254 1.502356 1.502457 1.502557 1.502656 1.502754 1.502850 1.502944 1.502204 1.502293 1.502380 1.502464 1.502545 1.502623 1.502696 1.502766 1.503664 1.502058 1.502113 1.502162 1.503871 1.504740 1.503937 1.502293 1.502307 1.502313 1.502309 1.502297 1.502274 1.502240 1.502195 1.500473 1.500404 1.255541 1.193853 1.144649 1.103765 1.070368
nan nan nan nan nan nan nan 0.003322 0.196835 1.500022 1.500114 1.500208 1.500303 1.500401 1.500500 1.500601 1.500703 1.500808 1.500914 1.500190 1.500299 1.500409 1.500521 1.500634 1.500749 1.500864 1.500981 1.501099 1.500385 1.500504 1.500624 1.500744 1.500865 1.500985 1.501106 1.501226 1.500514 1.500634 1.500752 1.500870 1.500987 1.501102 1.501215 1.501327 1.501436 1.501542 1.500813 1.500914 1.501011 1.501104 1.501193 1.501277 1.501356 1.501430 1.503164 1.503226 1.503280 1.499994 1.500033 1.500063 1.500085 1.500097 1.500099 1.500090 1.500069 1.500036 1.499990 1.499930 1.500690 1.499767 1.036433 0.977200 0.932127 0.895381 0.862795
nan nan nan nan nan nan nan 0.003323 0.196892 1.499644 1.499751 1.499860 1.499970 1.500083 1.500199 1.500316 1.500435 1.499725 1.499848 1.499973 1.500099 1.500227 1.500357 1.500488 1.499789 1.499923 1.500058 1.500194 1.500332 1.500469 1.499776 1.499915 1.500054 1.500194 1.500333 1.500472 1.499778 1.499916 1.500053 1.500188 1.500323 1.500455 1.499752 1.499880 1.500005 1.500128 1.500246 1.500361 1.500472 1.500577 1.499844 1.499939 1.500029 1.500111 1.500186 1.500254 1.500313 1.500363 1.500404 1.499601 1.499621 1.499629 1.499625 1.499608 1.500411 1.500365 1.500304 1.500226 1.500132 1.500018 0.779541 0.727775 0.687680 0.652586 0.619991
