data/IdealizedTopo/Outputs_IdealizedTopo/release1HS_01IdealizedTopo_null_com1DFA_pfv.asc
ncols 1001
nrows 301
xllcenter 1000.00
yllcenter -5000.00
cellsize 5.00
nodata_value nan
[rows 135 to 161 of 301, columns 186 to 247 of 1001]
0 0 0 0 0 0 0 0 0 0 0 0 0 0 0 0 0 0 0 0 0 0 0 0 0 0 0 0 0 0 0 0 0 0 0 0 0 0 0 0 0 0 0 0 0 0 0 0 0 0 0 0 0 0 0 0 0 0 0 0 0 0
0 0 0 0 0 0 0 0 0 0 0 0 0 0 0 0 0 0 0 0 0 0 0 0 0 0 0 0 0 0 0 0 0 0 0 0 0 0 0 0 0 0 0 0 0 0 0 0 0 0 0 0 0 0 0 0 0 0 0 0 0 0
0 0 0 0 0 0 0 0 0 0 0 0 0 0 0 0 0 0 0 0 0 0 0 0 0 0 0 0 0 0 0 0 0 0 0 0 0 0 0 0 0 0 0 0 0 0 0 0 0 0 0 0 0 0 0 0 0 0 0 0 0 0
0 0 0 0 0 0 0 0 0 0 0 0 0 0 0 0 0 0 0 0 0 0 0 0 0 0 0 0 0 0 0 0 0 0 0 0 0 0 0 0 0 0 0 0 0 0 0 0 0 0 0 0 0 0 0 0 0 0 0 0 0 0
0 0 0 0 0 0 0 0 0 0 0 0 0 0 0 0 0 0 0 0 0 0 0 0 0 0 0 0 0 0 0 0 0 0 0 0 0 0 0 0 0 0 0 0 0 0 0 0 0 0 0 0 0 0 0 0 0 0 0 0 0 0
0 0 0 0 0 0 0 0 0 0 0 0 0 0 0 0 0 0 0 0 0 0 0 0 0 0 0 0 0 0 0 0 0 0 0 0 0 0 0 0 0 0 0 0 0 0 0 0 0 0 0 0 0 0 0 0 0 0 0 0 0 0
0 0 0 0 0 0 0 0 0 0 0 0 0 0 0 0 0 0 0 0 0 0 0 0 0 0 0 0 0 0 0 0 0 0 0 0 0 0 0 0 0 0 0 0 0 0 0 0 0 0 0 0 0 0 0 0 0 0 0 0 0 0
0 0 0 0 0 0 0 0 0 0 0 0 0 0 0 0 0 0 0 0 0 0 0 0 0 0 0 0 0 0 0 0 0 0 0 0 0 0 0 0 0 0 0 0 0 0 0 0 0 0 0 0 0 0 0 0 0 0 0 0 0 0
27.04466558472297 27.00369060745391 27.12351454733722 27.23366543203418 27.243610041671 27.20826127586668 27.30837706073192 27.41932935072992 27.43550844551966 27.44761000501298 27.36598348215336 27.51706225310088 27.54101306701988 27.57153319611197 27.36312411521237 27.49224055790702 27.57566848769958 27.5809399258692 27.42026214041191 27.41455808670426 27.54367420598032 27.58821864370339 27.50391003082963 27.52970627067124 27.55193094993824 27.58902628812788 27.60412591776039 27.62464964435133 27.64773670719586 27.66959858529645 27.69128143028444 27.73413906032107 27.75060981091226 27.76791336842953 27.92467564903988 27.95965941374318 27.96188621999546 27.986236430016 28.00409720959314 28.00706868139258 27.98970833756734 27.98386658391508 27.97924823745483 27.99884704685986 28.01350053593346 28.02908488057843 28.03809685426173 28.04406355504279 28.0426030069601 28.04063007607348 28.02870389906475 28.0156846813877 28.01122430343398 28.00841065909759 28.00835886985771 28.00241756887998 27.99131610464053 27.97959534058749 27.95780852174625 27.94383866112024 27.94954048262766 27.94597738943875
27.96498085351067 27.99799081773273 27.98104890336322 28.2280800542725 28.21928542944856 28.23924405446432 28.25203519484936 28.25299956033453 28.2683022551326 28.50941788820455 28.49873434116814 28.491102671381 28.4798472848217 28.46387570128012 28.45557854645908 28.44834127037701 28.43532456377844 28.72199308383685 28.69568516306643 28.70374707974013 28.72125532430288 28.72558892613413 28.71814495336961 28.70059851437061 28.67544700555435 29.02829299290683 29.00880863837285 28.99452694761706 28.96714392418804 28.94196297403667 28.93032299339164 28.91863183982965 29.10931122003478 29.11356456772803 29.11567412370643 29.10760998533024 29.0943462716792 29.07426783298866 29.05110780186542 29.05690541322598 29.44915058237944 29.42714083293637 29.41761147953528 29.41081518170836 29.40032492985252 29.52596759062032 29.48726575574142 29.46449877118833 29.43731310506004 29.41110124116701 29.38471953937737 29.35094274735352 29.31686750570949 29.28994963183103 29.28636787715567 29.55178846060614 29.50067069769554 29.62372350795511 29.59185109897457 29.57572983648297 29.5722518032398 29.58302660401127
29.49525318384341 29.52950859471373 29.56221488452941 29.59526996708881 29.62678423964858 29.65827263368735 29.6888941030158 29.71411823025509 29.73292822509683 29.74907055407611 29.76442158880876 29.77630327083433 29.93123763475274 29.88824026904813 29.8571929878739 29.8349395586117 29.8299439410198 29.84062263060563 29.84961382627977 30.09817006883833 30.09880896867739 30.09262783776895 30.07465775809328 30.04428351380671 30.0114952716436 30.22312267490322 30.2273733712738 30.24297783055695 30.25008364412455 30.24542240759444 30.23508711117292 30.22059745124018 30.19666321775151 30.17387042184589 30.78322813412564 30.74447192280189 30.6994342656909 30.64262883663984 30.60084456846623 30.56670062495991 30.53796516778047 30.50850940658835 30.58343011879386 30.58513886464923 30.61833592490953 30.63564965013731 30.62297548360854 30.60147723626362 30.56563580537452 30.52435066288778 30.61198321185455 30.64332234796711 30.63694653949319 30.61360656136086 30.61169324613353 30.97230833894854 30.95307115946666 30.95518671479692 30.91942441759689 30.877542068689 30.8506389101265 30.81361068560128
31.12799602402712 31.15401140293863 31.17889295404603 31.20460384631054 31.23437057454257 31.26488895712081 31.296606113018 31.32588629829823 31.35328088191386 31.37449667040306 31.39617672027394 31.41679537082308 31.43443748596211 31.45225147377932 31.47116143369652 31.48848139468069 31.51078741362297 31.53290771929295 31.55209317456981 31.57782848795706 31.60468014032598 31.63161700041332 31.65479636985423 31.67458814376824 31.69091053416975 31.7070566879909 31.72478372201446 31.73597058790514 31.74537829888678 31.75766508149285 31.76522901510883 31.78076436355862 31.79889684766577 31.8176092051113 31.83576032749243 31.85045604522874 31.86138395179217 31.87806862657293 31.89778537119539 31.91696362977474 31.92679782329528 31.93967108489224 31.95330352028805 31.96710566299856 31.98139105368511 31.99393597290216 32.00325036244341 32.01149725667226 32.02292024244847 32.0381763944111 32.04495099645752 32.05419373652706 32.05910436190884 32.06617209926407 32.07375524606393 32.07697188159276 32.07794635074882 32.0870591591142 32.09245921520543 32.09801063184044 32.1020573259408 32.10567428260754
32.54051755865765 32.56727750789658 32.59457164938062 32.62093921381081 32.64858818867256 32.67661448393681 32.70253721274548 32.72726613243994 32.75403002960372 32.7798260023535 32.80254522879262 32.82453452018385 32.84572580541134 32.86590933183487 32.88669317071417 32.91265957709894 32.93892071307832 32.96659879043653 32.99161540403478 33.01802062588182 33.03815589073677 33.06024845323513 33.08587854994187 33.10767209892687 33.13130420841355 33.15156853824809 33.17126904099057 33.18946055856483 33.20828664398257 33.22836654501508 33.24527603355337 33.25845802557101 33.27330813654557 33.28849175448291 33.30169102738375 33.31553022804621 33.32895066427323 33.34479141234817 33.35557494889025 33.36672205867422 33.37990675328822 33.3889469596815 33.40136697687699 33.41691915758117 33.42675665938825 33.43949072275453 33.45306205945417 33.46691111573676 33.47928212798932 33.49373312763172 33.5045543928163 33.5123724448643 33.52545019532754 33.53357133611294 33.5448462208679 33.55350578919909 33.56190817101563 33.56672040016603 33.5702349793694 33.57959255025978 33.58680556877071 33.59114089714156
33.57294212489182 33.60249811271701 33.6343013532132 33.66532959593073 33.69654856843439 33.72461393908011 33.75434015803868 33.78443709516646 33.81019840420984 33.83985591803112 33.86631845400954 33.8916176033073 33.91718168668051 33.94120661902846 33.96602152733601 33.98979387509963 34.01506226567438 34.03992359302468 34.0658627046877 34.08902919948847 34.11303329482548 34.13626655817351 34.15809130064766 34.18173611488768 34.20433035398464 34.22365684647471 34.24483373570921 34.26245304346659 34.28433592286907 34.30095008993247 34.31965333062744 34.33623195697775 34.35491139387787 34.36951838395158 34.38579808705398 34.40147473505833 34.41802674150463 34.43085387660415 34.44546321958141 34.45830644270768 34.47222389906879 34.48462129258819 34.4989007169809 34.51253084049596 34.52617521162617 34.53784073770873 34.54897082263106 34.55831341444967 34.57163456555936 34.58121576475614 34.59154192143026 34.59742257211446 34.6063023359261 34.61016720530954 34.6181718049886 34.62531241398734 34.63266315779953 34.64504679880797 34.6534782625141 34.66295171126514 34.67225722693071 34.68140228264911
34.18998621035108 34.22359477820746 34.25461861504674 34.28835404530104 34.31922102965133 34.35132761682753 34.38309455163929 34.41406427804648 34.44507537425316 34.47500948362712 34.50483743360675 34.53338792050082 34.56308182000468 34.5906279177122 34.61827164874996 34.64425257745828 34.67095289166586 34.69631303683485 34.72257485304571 34.74641468722398 34.76989460869869 34.7944785820036 34.81735314693579 34.83929148551961 34.86287027250525 34.88487454870938 34.90699495228404 34.9267693117626 34.94657164522387 34.96657514527899 34.98511159965337 35.00465168153789 35.02325399239226 35.04170716940281 35.05873883062618 35.07487400123798 35.090836261994 35.10645816683592 35.12098990306703 35.13511602705141 35.14967221283497 35.16259944022669 35.17526122243142 35.18794618770969 35.20002392901385 35.21238073582757 35.22349389150553 35.23473265002261 35.24609799001744 35.25592709421255 35.2662482351881 35.27567051037448 35.28443523108758 35.29320013122275 35.30175896935769 35.30929147313833 35.31817762846251 35.32575754856487 35.33214426969995 35.33920381578622 35.34552272143171 35.35256386929286
34.40035914634381 34.43417447496905 34.46764178700953 34.50094018754174 34.53363640567019 34.56558460562607 34.59799867668723 34.62915465422624 34.6600216537485 34.69101986773765 34.72125356249754 34.75025667929385 34.77992373072611 34.80837547938012 34.83655668774308 34.86408481293927 34.89104454151061 34.91779826752131 34.94359950939983 34.96944291777238 34.99417563121286 35.01903404268469 35.04284890609118 35.06703367507041 35.09037593910345 35.11373400804025 35.13607027516397 35.15806921116187 35.17884786155806 35.19917108365471 35.21960050896281 35.2385893445702 35.25760802568477 35.27598864047054 35.29265641438016 35.30949610177977 35.32547742987084 35.34044546469557 35.35597407438276 35.37006885984619 35.38372692895034 35.39723743385201 35.40899252865504 35.42155023460779 35.43310500552261 35.44396001939658 35.45557294030442 35.46469317640875 35.47522017038997 35.48452112857282 35.49401332210312 35.50288474141971 35.51203702401677 35.52083884829363 35.52948218641599 35.53801957610265 35.54604364351523 35.5535460618785 35.56147754151842 35.56767407881323 35.57516553047535 35.58166327439145
34.20301554239737 34.23523606758746 34.26752537012338 34.29922852909986 34.33176668611522 34.3631228249214 34.39506407194294 34.42673286289202 34.45739474835018 34.4875822951443 34.51705513497163 34.54734893777349 34.57547006627495 34.60331135562458 34.63085814714417 34.65832684832603 34.684745438459 34.71036603732975 34.73615375594757 34.7611303357931 34.78541697160725 34.80962803080643 34.83315607534954 34.85603049948993 34.87836360908369 34.90109411857385 34.92296330318779 34.94546235877882 34.96654545167697 34.98753006445749 35.00791470136819 35.02756622520094 35.04800401296773 35.06480636835397 35.08397580764171 35.1009888427053 35.11748904738574 35.13349759356853 35.14909735739125 35.16234408897174 35.1783669220338 35.19035286044879 35.20289533247069 35.21530087188882 35.22526868933677 35.23701289708909 35.24593558824805 35.25593886622856 35.26454533668696 35.27480450064299 35.28235052215808 35.29017694672309 35.29775870322347 35.30634340661897 35.31573123659577 35.3250797336405 35.3321121620061 35.34222749562901 35.35025908458778 35.35673621287525 35.36540585267487 35.37113933183211
33.58020231574687 33.61620374059448 33.64848441949523 33.68180689766768 33.71370110532251 33.74483613218626 33.77746255066948 33.8065018209047 33.83498052570912 33.8635895404733 33.89161453294938 33.91865095756456 33.9442473657341 33.96920368333805 33.99642583128981 34.01897242198292 34.04375866229012 34.06821369548766 34.09117083322339 34.11668864181912 34.13894184731298 34.16152152427302 34.18436068414506 34.20614027286285 34.22689550888158 34.24940272468228 34.27085680987696 34.28897081328503 34.31068745748367 34.3293791365807 34.35014658824862 34.36965976294078 34.38727350819291 34.40829921620699 34.42279651793401 34.44233341679016 34.45590460595497 34.47409589838594 34.48601043494064 34.50114525706685 34.51326855641603 34.5245780903527 34.53605934445142 34.54302871025607 34.55589505887477 34.56273599249487 34.57406496219255 34.5824376426657 34.59374501834262 34.60238045516088 34.61393249823944 34.6228917562897 34.63329670290267 34.63946907136167 34.65033249973393 34.65842369986794 34.66818118231762 34.67363512760173 34.68189513064028 34.68880940999561 34.69397959264573 34.70080708968471
32.55112475839625 32.5776321609784 32.60289318040405 32.62965817148039 32.65511109438592 32.68295630113085 32.71062848142191 32.73546996714281 32.76465566397877 32.79063691483952 32.81603679589022 32.84198784483872 32.86504561019116 32.88957315007847 32.91374619194037 32.93883713831174 32.96176833943453 32.98451597604021 33.00729257134743 33.02959438005442 33.05149905134645 33.07325093279297 33.09583294311965 33.11864484426057 33.14174078899903 33.16215107530672 33.18557848444914 33.2044128078109 33.22117288831933 33.23971467587158 33.25764425938374 33.27331369966893 33.29251924092998 33.3091221888008 33.32953418451566 33.34528045577245 33.36085225780076 33.37786857150478 33.39188833717952 33.40607972696666 33.41739134112941 33.43273780278904 33.44124166437218 33.45465687131287 33.4610195396954 33.47375360284747 33.48246692254299 33.49341523754201 33.50360696173744 33.512394874026 33.52048397306088 33.53275253613234 33.53731139705565 33.54465208583121 33.55144595615498 33.55824038091666 33.5657338706862 33.57300591004377 33.58054148232165 33.58380066735044 33.59550141216242 33.59444987824747
31.15556963180703 31.17677874346477 31.19761559496148 31.22399843227944 31.24796495630672 31.26940299181389 31.29637027895373 31.32364359369738 31.35063064597831 31.37459865813147 31.39874999766745 31.42342130852377 31.44476913080641 31.46687393334889 31.49145729361441 31.51530053017143 31.53869258972689 31.55472142460685 31.57468184840377 31.5935574054947 31.60684379502351 31.62092338368959 31.6394380557339 31.65580067496105 31.67349055507646 31.69087998695354 31.70560425036789 31.72353724538545 31.73745263961847 31.75310754814811 31.77450402460729 31.79401477015262 31.81364148886246 31.82868518731888 31.8392862915351 31.85167839055512 31.86495838479249 31.87390481259154 31.88648810241649 31.90338817709141 31.91408924104335 31.92166304179489 31.93189653129084 31.93815396998439 31.9471045006426 31.96153225169578 31.97746466768923 31.98805609463503 31.99714989418626 32.01111479002286 32.02342031041229 32.03238200661001 32.04404431538651 32.0479395993414 32.15188986218266 32.11717284638461 32.0735439147789 32.07795759310835 32.08653869994738 32.09205537987427 32.09968184165334 32.11127487121494
29.53904160313516 29.56236168113607 29.5860117777701 29.6079782883952 29.62262044860471 29.66325606219912 29.65399363162433 29.667845729804 29.69138119354228 29.71532182709117 29.73801065875883 29.76474718864961 29.78836044045632 29.81235455035085 29.8279546735787 30.17510136200255 30.12053591223061 30.04313982225215 30.019679967628 30.00250309373959 29.97839406786527 29.95010731071083 29.94552377837898 29.96315440149348 29.98210974739085 29.99385767148359 30.00933085781885 30.02263292498041 30.03461162590947 30.55501989721665 30.50937565501104 30.44069948992002 30.42634927373012 30.43110704074556 30.41487499060466 30.39792886484317 30.39015898017474 30.37162982348223 30.35540006179898 30.33286316571239 30.3029290062235 30.78067044890733 30.74477937192814 30.72139347524547 30.68941700125897 30.65154080008066 30.60700607648647 30.56737575838195 30.53619964358058 30.50607427309975 30.92968739859566 30.91661755885312 30.86891699214792 30.83142393500761 30.80779466565827 30.78080438346065 30.75520992732896 30.73005697505508 30.70080326250611 30.66314588941882 30.63995389490806 31.13635264940372
27.94610579842342 28.01085101530693 28.36918707746018 28.37829588234029 28.38859205277863 28.39158101667821 28.38094997188062 28.38482605280152 28.39308819658283 28.42517102847908 28.43167041715421 28.42785538668585 28.42360951310596 28.41701249661523 28.42056517652266 28.7613301906715 28.76675497516827 28.76902807970724 28.76750689343728 28.75766500465015 28.73650509861782 28.97349695602573 28.955693895124 28.93702950010666 28.91419609511309 28.88012215938781 28.96842321984824 28.9417718544348 28.9424160640756 28.95638637367768 28.96686399306201 28.96969296299758 28.96142739651298 28.93619191526399 28.89772023043581 29.05166969077839 29.07288391428262 29.08286013590501 29.06403025543688 29.04315290471838 29.02537820985831 29.02918077118142 29.046793215637 29.05907236704391 29.07000834728238 29.58761611363504 29.54869661320325 29.51837733516566 29.48434691580677 29.44111130875125 29.43903070155502 29.43903070155501 29.40292107157414 29.38227807295024 29.36799603507362 29.35803946053699 29.34575380213238 29.32667045383034 29.30099501387384 29.26773854222503 29.23663779269447 29.63683704304617
26.90449557909983 26.90444532414068 26.88525799130571 26.97523546691883 27.03719016424334 27.05178354377658 27.07625113116488 27.15877058558591 27.19241940557681 27.20313180416557 27.20952025052683 27.24367518208391 27.28936460880739 27.28813873044713 27.27540775676517 27.26262427308333 27.2895638923661 27.32710444589107 27.36393815864537 27.39306990861992 27.43193698117468 27.44707541706756 27.46502448421668 27.49791095563736 27.5317151872041 27.57870697737534 27.58947665913673 27.58690591021254 27.59837608156862 27.62229605002081 27.64945736726389 27.68108185697643 27.81362435500219 27.82705101022027 27.85150758577131 27.8793731324788 27.89517761976899 27.91195837473341 27.92696874252016 27.94232117734187 27.95615259341491 27.95615259341491 27.94975406923018 27.94811899604706 27.96317312311471 27.97287381488075 27.97538176724297 28.05993276375261 28.17479499593757 28.11778677204129 28.10372655170274 28.11124808334708 28.09222697595748 28.07861765778157 28.12751412868315 28.09684924739517 28.0620754840014 28.10759542831462 28.09884779158124 28.07741428364432 28.06653059619306 28.06158802394591
0 0 0 0 0 0 0 0 0 0 0 0 0 0 0 0 0 0 0 0 0 0 0 0 0 0 0 0 0 0 0 0 0 0 0 0 0 0 0 0 0 0 0 0 0 0 0 0 0 0 0 0 0 0 0 0 0 0 0 0 0 0
0 0 0 0 0 0 0 0 0 0 0 0 0 0 0 0 0 0 0 0 0 0 0 0 0 0 0 0 0 0 0 0 0 0 0 0 0 0 0 0 0 0 0 0 0 0 0 0 0 0 0 0 0 0 0 0 0 0 0 0 0 0
0 0 0 0 0 0 0 0 0 0 0 0 0 0 0 0 0 0 0 0 0 0 0 0 0 0 0 0 0 0 0 0 0 0 0 0 0 0 0 0 0 0 0 0 0 0 0 0 0 0 0 0 0 0 0 0 0 0 0 0 0 0
0 0 0 0 0 0 0 0 0 0 0 0 0 0 0 0 0 0 0 0 0 0 0 0 0 0 0 0 0 0 0 0 0 0 0 0 0 0 0 0 0 0 0 0 0 0 0 0 0 0 0 0 0 0 0 0 0 0 0 0 0 0
