data/IdealizedTopo/Outputs_IdealizedTopo/release1HS_01IdealizedTopo_null_TRENT2D_pfv.asc
ncols 1001
nrows  301
cellsize  5.000
xllcenter     1000.00
yllcenter    -5000.00
NODATA_value nan
[rows 144 to 179 of 301, columns 81 to 161 of 1001]
24.981 25.044 25.104 25.165 25.223 25.281 25.337 25.391 25.444 25.495 25.543 25.591 25.635 25.678 25.718 25.753 25.788 25.819 25.846 25.867 25.882 25.890 25.894 25.893 25.886 25.872 25.851 25.821 25.782 25.734 25.676 25.608 25.529 25.440 25.339 25.227 25.103 24.967 24.818 24.656 24.483 24.297 24.098 23.887 23.662 23.424 23.197 22.961 22.726 22.524 22.312 22.085 21.844 21.589 21.394 21.215 21.037 20.861 20.689 20.522 20.362 20.209 20.064 19.928 19.802 19.685 19.578 19.479 19.389 19.308 19.234 19.167 19.105 19.047 18.991 18.936 18.879 18.820 18.756 18.687 18.612
25.387 25.463 25.538 25.612 25.686 25.759 25.831 25.902 25.973 26.043 26.112 26.181 26.248 26.315 26.380 26.444 26.507 26.568 26.628 26.685 26.740 26.793 26.843 26.889 26.932 26.972 27.008 27.041 27.066 27.089 27.107 27.116 27.118 27.116 27.107 27.092 27.071 27.043 27.008 26.966 26.918 26.863 26.801 26.733 26.660 26.583 26.505 26.430 26.355 26.284 26.225 26.170 26.112 26.054 26.028 26.011 25.996 25.982 25.970 25.962 25.958 25.961 25.970 25.987 26.007 26.030 26.056 26.084 26.113 26.143 26.173 26.201 26.229 26.255 26.278 26.299 26.317 26.331 26.343 26.350 26.353
25.710 25.796 25.882 25.967 26.053 26.137 26.222 26.306 26.390 26.474 26.558 26.641 26.725 26.808 26.891 26.973 27.055 27.137 27.218 27.299 27.379 27.458 27.536 27.614 27.690 27.763 27.837 27.908 27.977 28.044 28.110 28.171 28.230 28.285 28.339 28.388 28.434 28.476 28.514 28.549 28.580 28.609 28.633 28.654 28.672 28.688 28.702 28.714 28.726 28.739 28.755 28.775 28.800 28.830 28.864 28.901 28.946 29.003 29.065 29.129 29.203 29.282 29.362 29.441 29.521 29.601 29.679 29.757 29.834 29.908 29.981 30.052 30.119 30.185 30.249 30.309 30.367 30.421 30.473 30.521 30.567
25.956 26.051 26.145 26.240 26.333 26.427 26.521 26.614 26.707 26.801 26.894 26.988 27.082 27.175 27.269 27.364 27.458 27.553 27.648 27.743 27.839 27.935 28.030 28.126 28.222 28.318 28.414 28.509 28.604 28.699 28.794 28.886 28.979 29.071 29.162 29.251 29.339 29.426 29.511 29.596 29.679 29.760 29.839 29.918 29.997 30.074 30.150 30.225 30.301 30.377 30.453 30.530 30.607 30.686 30.767 30.849 30.933 31.020 31.111 31.204 31.299 31.395 31.495 31.600 31.706 31.813 31.918 32.022 32.123 32.223 32.320 32.414 32.506 32.596 32.683 32.767 32.848 32.927 33.002 33.075 33.145
26.133 26.234 26.335 26.436 26.537 26.637 26.737 26.837 26.937 27.038 27.138 27.238 27.339 27.440 27.541 27.643 27.745 27.848 27.951 28.055 28.160 28.265 28.371 28.477 28.584 28.692 28.801 28.910 29.020 29.130 29.241 29.353 29.465 29.577 29.690 29.803 29.917 30.031 30.145 30.260 30.375 30.489 30.604 30.718 30.834 30.951 31.067 31.183 31.300 31.418 31.536 31.654 31.773 31.893 32.013 32.133 32.254 32.376 32.497 32.618 32.740 32.861 32.981 33.100 33.218 33.335 33.451 33.565 33.677 33.787 33.895 34.000 34.103 34.203 34.301 34.397 34.491 34.581 34.669 34.755 34.837
26.235 26.341 26.445 26.550 26.655 26.758 26.862 26.966 27.070 27.174 27.277 27.381 27.485 27.590 27.695 27.800 27.905 28.012 28.119 28.227 28.335 28.445 28.555 28.666 28.779 28.892 29.007 29.123 29.240 29.358 29.478 29.599 29.721 29.845 29.970 30.096 30.223 30.352 30.482 30.613 30.746 30.879 31.014 31.148 31.285 31.423 31.563 31.702 31.841 31.983 32.123 32.264 32.407 32.548 32.689 32.831 32.971 33.112 33.251 33.388 33.525 33.661 33.794 33.926 34.056 34.183 34.308 34.430 34.551 34.669 34.785 34.898 35.008 35.114 35.218 35.319 35.416 35.511 35.603 35.691 35.778
26.268 26.375 26.481 26.588 26.694 26.799 26.905 27.010 27.115 27.220 27.325 27.431 27.537 27.642 27.749 27.855 27.963 28.070 28.179 28.288 28.398 28.509 28.621 28.734 28.848 28.963 29.079 29.197 29.316 29.436 29.558 29.681 29.806 29.932 30.060 30.189 30.320 30.453 30.587 30.724 30.862 31.001 31.142 31.283 31.426 31.571 31.718 31.864 32.011 32.159 32.307 32.455 32.605 32.752 32.901 33.049 33.195 33.342 33.486 33.628 33.770 33.910 34.048 34.183 34.316 34.447 34.575 34.700 34.823 34.943 35.060 35.175 35.287 35.396 35.502 35.605 35.705 35.801 35.895 35.986 36.074
26.235 26.341 26.445 26.550 26.655 26.758 26.862 26.966 27.070 27.174 27.277 27.381 27.485 27.590 27.695 27.800 27.905 28.012 28.119 28.227 28.335 28.445 28.555 28.666 28.779 28.892 29.007 29.123 29.240 29.358 29.478 29.599 29.721 29.845 29.970 30.096 30.223 30.352 30.482 30.613 30.746 30.879 31.014 31.148 31.285 31.423 31.563 31.702 31.841 31.983 32.123 32.264 32.407 32.548 32.689 32.831 32.971 33.112 33.251 33.388 33.525 33.661 33.794 33.926 34.056 34.183 34.308 34.430 34.550 34.669 34.785 34.898 35.008 35.114 35.218 35.319 35.416 35.511 35.603 35.691 35.778
26.133 26.234 26.335 26.436 26.537 26.637 26.737 26.837 26.937 27.038 27.138 27.238 27.339 27.440 27.541 27.643 27.745 27.848 27.951 28.055 28.160 28.265 28.371 28.477 28.584 28.692 28.801 28.910 29.020 29.130 29.241 29.353 29.465 29.577 29.690 29.803 29.917 30.031 30.145 30.260 30.375 30.489 30.604 30.718 30.834 30.951 31.067 31.183 31.300 31.418 31.536 31.654 31.773 31.893 32.013 32.134 32.254 32.376 32.497 32.618 32.740 32.861 32.981 33.100 33.218 33.335 33.451 33.565 33.677 33.787 33.895 34.000 34.103 34.203 34.301 34.397 34.491 34.581 34.669 34.755 34.837
25.956 26.051 26.145 26.240 26.333 26.427 26.521 26.614 26.707 26.801 26.894 26.988 27.082 27.175 27.269 27.364 27.458 27.553 27.648 27.743 27.839 27.935 28.030 28.126 28.222 28.318 28.414 28.509 28.604 28.699 28.794 28.886 28.979 29.071 29.162 29.251 29.339 29.426 29.511 29.596 29.679 29.760 29.839 29.918 29.997 30.074 30.150 30.225 30.301 30.377 30.453 30.530 30.607 30.686 30.767 30.849 30.933 31.020 31.111 31.204 31.299 31.395 31.495 31.600 31.706 31.813 31.918 32.022 32.123 32.223 32.320 32.414 32.506 32.596 32.683 32.767 32.848 32.927 33.002 33.075 33.145
25.710 25.796 25.882 25.967 26.053 26.137 26.222 26.306 26.390 26.474 26.558 26.641 26.725 26.808 26.891 26.973 27.055 27.137 27.218 27.299 27.379 27.458 27.536 27.614 27.690 27.763 27.837 27.908 27.977 28.044 28.110 28.171 28.230 28.285 28.339 28.388 28.434 28.476 28.514 28.549 28.580 28.609 28.633 28.654 28.672 28.688 28.702 28.714 28.726 28.739 28.755 28.775 28.800 28.830 28.864 28.901 28.946 29.003 29.065 29.129 29.203 29.282 29.362 29.441 29.521 29.601 29.679 29.757 29.834 29.908 29.981 30.052 30.119 30.185 30.249 30.309 30.367 30.421 30.473 30.521 30.567
25.387 25.463 25.538 25.612 25.686 25.759 25.831 25.902 25.973 26.043 26.112 26.181 26.248 26.315 26.380 26.444 26.507 26.568 26.628 26.685 26.740 26.793 26.843 26.889 26.932 26.972 27.008 27.041 27.066 27.089 27.107 27.116 27.118 27.116 27.107 27.092 27.071 27.043 27.008 26.966 26.918 26.863 26.801 26.733 26.660 26.583 26.505 26.430 26.355 26.284 26.225 26.170 26.112 26.054 26.028 26.011 25.996 25.982 25.970 25.962 25.958 25.961 25.970 25.987 26.007 26.030 26.056 26.084 26.113 26.143 26.173 26.201 26.229 26.255 26.278 26.299 26.317 26.331 26.343 26.350 26.353
24.981 25.044 25.104 25.165 25.223 25.281 25.337 25.391 25.444 25.495 25.543 25.591 25.635 25.678 25.718 25.753 25.788 25.819 25.846 25.867 25.882 25.890 25.894 25.893 25.886 25.872 25.851 25.821 25.782 25.734 25.676 25.608 25.529 25.440 25.339 25.227 25.103 24.967 24.818 24.656 24.483 24.297 24.098 23.887 23.662 23.424 23.197 22.961 22.726 22.524 22.312 22.085 21.844 21.589 21.394 21.215 21.037 20.861 20.689 20.522 20.362 20.209 20.064 19.928 19.802 19.685 19.578 19.479 19.389 19.308 19.234 19.167 19.105 19.047 18.991 18.936 18.879 18.820 18.756 18.687 18.612
24.471 24.517 24.559 24.601 24.640 24.678 24.712 24.744 24.771 24.795 24.814 24.829 24.839 24.845 24.846 24.843 24.834 24.819 24.796 24.765 24.725 24.675 24.615 24.545 24.463 24.368 24.260 24.138 24.002 23.849 23.681 23.495 23.290 23.068 22.827 22.566 22.284 21.978 21.647 21.287 20.899 20.487 20.047 19.578 19.078 18.520 17.913 17.279 16.737 16.245 15.729 15.143 14.516 13.827 13.075 12.274 11.466 10.628 9.818 9.487 9.294 9.112 8.937 8.768 8.600 8.429 8.256 8.090 7.930 7.786 7.658 7.545 7.432 7.317 7.201 7.077 6.943 6.801 6.659 6.518 6.355
23.823 23.845 23.863 23.877 23.886 23.893 23.895 23.894 23.887 23.876 23.858 23.833 23.800 23.759 23.709 23.649 23.579 23.497 23.402 23.294 23.171 23.033 22.878 22.706 22.515 22.303 22.069 21.814 21.534 21.229 20.893 20.520 20.106 19.650 19.156 18.626 18.058 17.427 16.722 15.964 15.141 14.256 13.289 12.210 10.976 9.576 8.144 6.832 5.680 4.655 3.752 2.963 2.269 1.658 1.225 0.903 0.669 0.500 0.382 0.292 0.203 0.119 nan nan nan nan nan nan nan nan nan nan nan nan nan nan nan nan nan nan nan
22.983 22.977 22.966 22.949 22.925 22.895 22.857 22.811 22.756 22.691 22.616 22.529 22.430 22.318 22.191 22.048 21.889 21.712 21.515 21.297 21.055 20.789 20.496 20.171 19.809 19.402 18.946 18.444 17.898 17.299 16.622 15.865 15.021 14.093 13.079 11.969 10.757 9.405 7.953 6.608 5.454 4.428 3.523 2.804 2.184 1.637 1.187 0.868 0.638 0.475 0.362 0.273 0.191 0.092 nan nan nan nan nan nan nan nan nan nan nan nan nan nan nan nan nan nan nan nan nan nan nan nan nan nan nan
21.939 21.889 21.832 21.765 21.688 21.599 21.500 21.387 21.260 21.119 20.962 20.787 20.593 20.377 20.139 19.874 19.580 19.252 18.884 18.468 18.002 17.491 16.928 16.290 15.569 14.764 13.860 12.877 11.821 10.662 9.392 8.065 6.737 5.527 4.468 3.529 2.789 2.180 1.613 1.186 0.865 0.633 0.468 0.356 0.267 0.182 0.081 nan nan nan nan nan nan nan nan nan nan nan nan nan nan nan nan nan nan nan nan nan nan nan nan nan nan nan nan nan nan nan nan nan nan
20.566 20.455 20.331 20.194 20.041 19.871 19.683 19.473 19.241 18.983 18.695 18.371 18.008 17.598 17.142 16.641 16.089 15.459 14.746 13.947 13.056 12.094 11.049 9.901 8.670 7.429 6.204 5.054 4.019 3.140 2.472 1.927 1.427 1.055 0.771 0.565 0.421 0.324 0.239 0.156 nan nan nan nan nan nan nan nan nan nan nan nan nan nan nan nan nan nan nan nan nan nan nan nan nan nan nan nan nan nan nan nan nan nan nan nan nan nan nan nan nan
18.736 18.531 18.303 18.051 17.768 17.451 17.095 16.697 16.256 15.774 15.244 14.662 14.062 13.364 12.586 11.706 10.688 9.513 8.193 7.015 5.894 4.812 3.800 2.948 2.309 1.822 1.374 1.031 0.759 0.559 0.417 0.321 0.237 0.155 nan nan nan nan nan nan nan nan nan nan nan nan nan nan nan nan nan nan nan nan nan nan nan nan nan nan nan nan nan nan nan nan nan nan nan nan nan nan nan nan nan nan nan nan nan nan nan
16.053 15.671 15.252 14.795 14.314 13.891 13.386 12.785 12.109 11.331 10.422 9.371 8.178 6.870 5.638 4.560 3.627 2.826 2.199 1.695 1.343 1.032 0.774 0.575 0.430 0.330 0.248 0.168 nan nan nan nan nan nan nan nan nan nan nan nan nan nan nan nan nan nan nan nan nan nan nan nan nan nan nan nan nan nan nan nan nan nan nan nan nan nan nan nan nan nan nan nan nan nan nan nan nan nan nan nan nan
12.376 11.910 11.366 10.689 9.863 8.902 7.823 6.647 5.528 4.507 3.573 2.762 2.105 1.570 1.244 0.987 0.761 0.577 0.436 0.336 0.255 0.178 0.071 nan nan nan nan nan nan nan nan nan nan nan nan nan nan nan nan nan nan nan nan nan nan nan nan nan nan nan nan nan nan nan nan nan nan nan nan nan nan nan nan nan nan nan nan nan nan nan nan nan nan nan nan nan nan nan nan nan nan
6.439 5.502 4.615 3.759 2.979 2.315 1.731 1.321 1.042 0.844 0.666 0.514 0.396 0.312 0.235 0.155 nan nan nan nan nan nan nan nan nan nan nan nan nan nan nan nan nan nan nan nan nan nan nan nan nan nan nan nan nan nan nan nan nan nan nan nan nan nan nan nan nan nan nan nan nan nan nan nan nan nan nan nan nan nan nan nan nan nan nan nan nan nan nan nan nan
1.234 0.989 0.776 0.602 0.468 0.369 0.289 0.203 0.121 nan nan nan nan nan nan nan nan nan nan nan nan nan nan nan nan nan nan nan nan nan nan nan nan nan nan nan nan nan nan nan nan nan nan nan nan nan nan nan nan nan nan nan nan nan nan nan nan nan nan nan nan nan nan nan nan nan nan nan nan nan nan nan nan nan nan nan nan nan nan nan nan
nan nan nan nan nan nan nan nan nan nan nan nan nan nan nan nan nan nan nan nan nan nan nan nan nan nan nan nan nan nan nan nan nan nan nan nan nan nan nan nan nan nan nan nan nan nan nan nan nan nan nan nan nan nan nan nan nan nan nan nan nan nan nan nan nan nan nan nan nan nan nan nan nan nan nan nan nan nan nan nan nan
nan nan nan nan nan nan nan nan nan nan nan nan nan nan nan nan nan nan nan nan nan nan nan nan nan nan nan nan nan nan nan nan nan nan nan nan nan nan nan nan nan nan nan nan nan nan nan nan nan nan nan nan nan nan nan nan nan nan nan nan nan nan nan nan nan nan nan nan nan nan nan nan nan nan nan nan nan nan nan nan nan
nan nan nan nan nan nan nan nan nan nan nan nan nan nan nan nan nan nan nan nan nan nan nan nan nan nan nan nan nan nan nan nan nan nan nan nan nan nan nan nan nan nan nan nan nan nan nan nan nan nan nan nan nan nan nan nan nan nan nan nan nan nan nan nan nan nan nan nan nan nan nan nan nan nan nan nan nan nan nan nan nan
nan nan nan nan nan nan nan nan nan nan nan nan nan nan nan nan nan nan nan nan nan nan nan nan nan nan nan nan nan nan nan nan nan nan nan nan nan nan nan nan nan nan nan nan nan nan nan nan nan nan nan nan nan nan nan nan nan nan nan nan nan nan nan nan nan nan nan nan nan nan nan nan nan nan nan nan nan nan nan nan nan
nan nan nan nan nan nan nan nan nan nan nan nan nan nan nan nan nan nan nan nan nan nan nan nan nan nan nan nan nan nan nan nan nan nan nan nan nan nan nan nan nan nan nan nan nan nan nan nan nan nan nan nan nan nan nan nan nan nan nan nan nan nan nan nan nan nan nan nan nan nan nan nan nan nan nan nan nan nan nan nan nan
nan nan nan nan nan nan nan nan nan nan nan nan nan nan nan nan nan nan nan nan nan nan nan nan nan nan nan nan nan nan nan nan nan nan nan nan nan nan nan nan nan nan nan nan nan nan nan nan nan nan nan nan nan nan nan nan nan nan nan nan nan nan nan nan nan nan nan nan nan nan nan nan nan nan nan nan nan nan nan nan nan
nan nan nan nan nan nan nan nan nan nan nan nan nan nan nan nan nan nan nan nan nan nan nan nan nan nan nan nan nan nan nan nan nan nan nan nan nan nan nan nan nan nan nan nan nan nan nan nan nan nan nan nan nan nan nan nan nan nan nan nan nan nan nan nan nan nan nan nan nan nan nan nan nan nan nan nan nan nan nan nan nan
nan nan nan nan nan nan nan nan nan nan nan nan nan nan nan nan nan nan nan nan nan nan nan nan nan nan nan nan nan nan nan nan nan nan nan nan nan nan nan nan nan nan nan nan nan nan nan nan nan nan nan nan nan nan nan nan nan nan nan nan nan nan nan nan nan nan nan nan nan nan nan nan nan nan nan nan nan nan nan nan nan
nan nan nan nan nan nan nan nan nan nan nan nan nan nan nan nan nan nan nan nan nan nan nan nan nan nan nan nan nan nan nan nan nan nan nan nan nan nan nan nan nan nan nan nan nan nan nan nan nan nan nan nan nan nan nan nan nan nan nan nan nan nan nan nan nan nan nan nan nan nan nan nan nan nan nan nan nan nan nan nan nan
nan nan nan nan nan nan nan nan nan nan nan nan nan nan nan nan nan nan nan nan nan nan nan nan nan nan nan nan nan nan nan nan nan nan nan nan nan nan nan nan nan nan nan nan nan nan nan nan nan nan nan nan nan nan nan nan nan nan nan nan nan nan nan nan nan nan nan nan nan nan nan nan nan nan nan nan nan nan nan nan nan
nan nan nan nan nan nan nan nan nan nan nan nan nan nan nan nan nan nan nan nan nan nan nan nan nan nan nan nan nan nan nan nan nan nan nan nan nan nan nan nan nan nan nan nan nan nan nan nan nan nan nan nan nan nan nan nan nan nan nan nan nan nan nan nan nan nan nan nan nan nan nan nan nan nan nan nan nan nan nan nan nan
nan nan nan nan nan nan nan nan nan nan nan nan nan nan nan nan nan nan nan nan nan nan nan nan nan nan nan nan nan nan nan nan nan nan nan nan nan nan nan nan nan nan nan nan nan nan nan nan nan nan nan nan nan nan nan nan nan nan nan nan nan nan nan nan nan nan nan nan nan nan nan nan nan nan nan nan nan nan nan nan nan
nan nan nan nan nan nan nan nan nan nan nan nan nan nan nan nan nan nan nan nan nan nan nan nan nan nan nan nan nan nan nan nan nan nan nan nan nan nan nan nan nan nan nan nan nan nan nan nan nan nan nan nan nan nan nan nan nan nan nan nan nan nan nan nan nan nan nan nan nan nan nan nan nan nan nan nan nan nan nan nan nan
