data/IdealizedTopo/Outputs_IdealizedTopo/release1HS_null_01IdealizedTopo_faSavageHutterFoam_pfv.asc
xllcenter 1000
yllcenter -5000
nrows 301
ncols 1001
NODATA_value -9999
cellsize 5
[rows 180 to 209 of 301, columns 544 to 611 of 1001]
1.59424e-07 1.48753e-07 1.39026e-07 1.29934e-07 1.21096e-07 1.13076e-07 1.05562e-07 9.82684e-08 9.16491e-08 8.54652e-08 7.94835e-08 7.40533e-08 6.89782e-08 6.40685e-08 5.96306e-08 5.54736e-08 5.14665e-08 4.78582e-08 4.44769e-08 4.12081e-08 3.82708e-08 3.55393e-08 3.29099e-08 3.05335e-08 2.8297e-08 2.61626e-08 2.4252e-08 2.24574e-08 2.07446e-08 1.91965e-08 1.77762e-08 1.63999e-08 1.516e-08 1.39957e-08 1.28856e-08 1.19083e-08 1.10009e-08 1.01191e-08 9.34389e-09 8.60411e-09 7.90867e-09 7.30421e-09 6.71509e-09 6.17047e-09 5.67982e-09 5.22189e-09 4.77899e-09 4.40591e-09 4.06077e-09 3.7059e-09 3.39972e-09 3.12622e-09 2.84961e-09 2.62831e-09 2.40777e-09 2.22908e-09 9.3409e-10 -9999 -9999 -9999 -9999 -9999 -9999 -9999 -9999 -9999 -9999 -9999
1.69718e-07 1.58376e-07 1.48045e-07 1.38351e-07 1.28954e-07 1.20418e-07 1.12419e-07 1.0467e-07 9.76392e-08 9.10409e-08 8.46639e-08 7.88916e-08 7.34956e-08 6.82679e-08 6.35337e-08 5.91227e-08 5.4851e-08 5.10046e-08 4.74018e-08 4.3934e-08 4.07934e-08 3.78695e-08 3.50653e-08 3.25435e-08 3.01792e-08 2.78918e-08 2.58542e-08 2.3939e-08 2.21053e-08 2.04628e-08 1.89419e-08 1.74757e-08 1.61616e-08 1.49442e-08 1.37685e-08 1.27196e-08 1.17378e-08 1.07952e-08 9.9563e-09 9.18395e-09 8.43899e-09 7.78008e-09 7.16175e-09 6.58263e-09 6.06877e-09 5.57265e-09 5.11735e-09 4.69863e-09 4.32215e-09 3.96347e-09 3.63924e-09 3.34333e-09 3.05554e-09 2.78351e-09 2.56035e-09 2.3628e-09 1.0278e-09 -9999 -9999 -9999 -9999 -9999 -9999 -9999 -9999 -9999 -9999 -9999
1.80667e-07 1.68579e-07 1.57613e-07 1.47292e-07 1.37291e-07 1.28212e-07 1.1969e-07 1.11428e-07 1.03955e-07 9.69485e-08 9.01612e-08 8.4007e-08 7.82629e-08 7.27104e-08 6.76796e-08 6.29757e-08 5.84256e-08 5.43303e-08 5.04955e-08 4.68024e-08 4.34753e-08 4.03532e-08 3.73478e-08 3.46517e-08 3.21473e-08 2.972e-08 2.755e-08 2.5524e-08 2.35551e-08 2.18017e-08 2.01894e-08 1.86321e-08 1.72093e-08 1.591e-08 1.46686e-08 1.35508e-08 1.25146e-08 1.15165e-08 1.06256e-08 9.79293e-09 8.99484e-09 8.30215e-09 7.6486e-09 7.00636e-09 6.46585e-09 5.94584e-09 5.45393e-09 5.01487e-09 4.60782e-09 4.21674e-09 3.87391e-09 3.56703e-09 3.2707e-09 2.98658e-09 2.73061e-09 2.52908e-09 1.06341e-09 -9999 -9999 -9999 -9999 -9999 -9999 -9999 -9999 -9999 -9999 -9999
1.92282e-07 1.7942e-07 1.67744e-07 1.56783e-07 1.46129e-07 1.36493e-07 1.27435e-07 1.18628e-07 1.10667e-07 1.03211e-07 9.59926e-08 8.94648e-08 8.33245e-08 7.74075e-08 7.2072e-08 6.70633e-08 6.22244e-08 5.78582e-08 5.37807e-08 4.98363e-08 4.6296e-08 4.3e-08 3.97997e-08 3.69159e-08 3.42425e-08 3.16524e-08 2.93407e-08 2.72033e-08 2.51073e-08 2.32317e-08 2.1508e-08 1.98528e-08 1.83561e-08 1.69518e-08 1.56227e-08 1.44339e-08 1.33194e-08 1.226e-08 1.13285e-08 1.04553e-08 9.58854e-09 8.83677e-09 8.15977e-09 7.4873e-09 6.8856e-09 6.33733e-09 5.81557e-09 5.35272e-09 4.90809e-09 4.49727e-09 4.12116e-09 3.79676e-09 3.47534e-09 3.18711e-09 2.91321e-09 2.69673e-09 1.13445e-09 -9999 -9999 -9999 -9999 -9999 -9999 -9999 -9999 -9999 -9999 -9999
2.04622e-07 1.90949e-07 1.78533e-07 1.66873e-07 1.55524e-07 1.45268e-07 1.3565e-07 1.26291e-07 1.17818e-07 1.09885e-07 1.02195e-07 9.5257e-08 8.87333e-08 8.24188e-08 7.67394e-08 7.14042e-08 6.62584e-08 6.1616e-08 5.72774e-08 5.30851e-08 4.92972e-08 4.5784e-08 4.2389e-08 3.93252e-08 3.64891e-08 3.37341e-08 3.12567e-08 2.89814e-08 2.67614e-08 2.47579e-08 2.29189e-08 2.11402e-08 1.95494e-08 1.80763e-08 1.66475e-08 1.53945e-08 1.42111e-08 1.3055e-08 1.20539e-08 1.11384e-08 1.02296e-08 9.41317e-09 8.67709e-09 7.97845e-09 7.34991e-09 6.75601e-09 6.19058e-09 5.70089e-09 5.2376e-09 4.80521e-09 4.40499e-09 4.0373e-09 3.70498e-09 3.39573e-09 3.10695e-09 2.86191e-09 1.20881e-09 -9999 -9999 -9999 -9999 -9999 -9999 -9999 -9999 -9999 -9999 -9999
2.1783e-07 2.0328e-07 1.9007e-07 1.77669e-07 1.65592e-07 1.54656e-07 1.44409e-07 1.3445e-07 1.25451e-07 1.17006e-07 1.08803e-07 1.01418e-07 9.44936e-08 8.7768e-08 8.17237e-08 7.60536e-08 7.05632e-08 6.56236e-08 6.10005e-08 5.65333e-08 5.25197e-08 4.87679e-08 4.51471e-08 4.1884e-08 3.88595e-08 3.59332e-08 3.32952e-08 3.08599e-08 2.85013e-08 2.63938e-08 2.44174e-08 2.25287e-08 2.08396e-08 1.92652e-08 1.77381e-08 1.63917e-08 1.51575e-08 1.39396e-08 1.2848e-08 1.18629e-08 1.09119e-08 1.00413e-08 9.24646e-09 8.49014e-09 7.83237e-09 7.20646e-09 6.60531e-09 6.06705e-09 5.56826e-09 5.11935e-09 4.70511e-09 4.30749e-09 3.95856e-09 3.63926e-09 3.32389e-09 3.06754e-09 1.27702e-09 -9999 -9999 -9999 -9999 -9999 -9999 -9999 -9999 -9999 -9999 -9999
2.31979e-07 2.16464e-07 2.02392e-07 1.89191e-07 1.76347e-07 1.64721e-07 1.5381e-07 1.43187e-07 1.33597e-07 1.24629e-07 1.15896e-07 1.08014e-07 1.00652e-07 9.3488e-08 8.70454e-08 8.10135e-08 7.51657e-08 6.99087e-08 6.49921e-08 6.02203e-08 5.59494e-08 5.19671e-08 4.8101e-08 4.46345e-08 4.14009e-08 3.82867e-08 3.54765e-08 3.28823e-08 3.03651e-08 2.8122e-08 2.60347e-08 2.39949e-08 2.21999e-08 2.05319e-08 1.89135e-08 1.7468e-08 1.61378e-08 1.48581e-08 1.37049e-08 1.26368e-08 1.16296e-08 1.07056e-08 9.85955e-09 9.05921e-09 8.33388e-09 7.68562e-09 7.05396e-09 6.48559e-09 5.94743e-09 5.44962e-09 5.00025e-09 4.59203e-09 4.20469e-09 3.86167e-09 3.55429e-09 3.25944e-09 1.36933e-09 -9999 -9999 -9999 -9999 -9999 -9999 -9999 -9999 -9999 -9999 -9999
2.47189e-07 2.30676e-07 2.15668e-07 2.01602e-07 1.87912e-07 1.75524e-07 1.63905e-07 1.52601e-07 1.42372e-07 1.32802e-07 1.23514e-07 1.15117e-07 1.07263e-07 9.96346e-08 9.27625e-08 8.63321e-08 8.01181e-08 7.45086e-08 6.92652e-08 6.41913e-08 5.96326e-08 5.53898e-08 5.12737e-08 4.75792e-08 4.41333e-08 4.07995e-08 3.7814e-08 3.5052e-08 3.23751e-08 2.99679e-08 2.77535e-08 2.55919e-08 2.36556e-08 2.18684e-08 2.01546e-08 1.86266e-08 1.71975e-08 1.58283e-08 1.4614e-08 1.34682e-08 1.23888e-08 1.14194e-08 1.0501e-08 9.66219e-09 8.89679e-09 8.18214e-09 7.50888e-09 6.9054e-09 6.35622e-09 5.83284e-09 5.34013e-09 4.90331e-09 4.48828e-09 4.11063e-09 3.77111e-09 3.48874e-09 1.44112e-09 -9999 -9999 -9999 -9999 -9999 -9999 -9999 -9999 -9999 -9999 -9999
2.63624e-07 2.46012e-07 2.30038e-07 2.15021e-07 2.00416e-07 1.872e-07 1.74814e-07 1.62754e-07 1.51854e-07 1.41639e-07 1.31734e-07 1.22766e-07 1.14399e-07 1.06272e-07 9.89509e-08 9.20752e-08 8.54482e-08 7.94937e-08 7.38917e-08 6.84722e-08 6.36033e-08 5.90696e-08 5.46874e-08 5.07557e-08 4.7093e-08 4.35354e-08 4.0334e-08 3.73783e-08 3.45317e-08 3.19677e-08 2.95994e-08 2.73073e-08 2.52537e-08 2.33476e-08 2.14984e-08 1.98661e-08 1.83567e-08 1.6874e-08 1.55839e-08 1.43876e-08 1.32166e-08 1.21896e-08 1.1212e-08 1.02884e-08 9.48812e-09 8.73606e-09 8.00675e-09 7.35586e-09 6.76326e-09 6.2145e-09 5.70021e-09 5.24191e-09 4.79279e-09 4.39685e-09 4.02731e-09 3.71804e-09 1.55601e-09 -9999 -9999 -9999 -9999 -9999 -9999 -9999 -9999 -9999 -9999 -9999
2.81531e-07 2.62709e-07 2.4564e-07 2.29616e-07 2.14024e-07 1.99901e-07 1.8666e-07 1.73798e-07 1.62152e-07 1.51256e-07 1.40676e-07 1.31116e-07 1.22155e-07 1.13473e-07 1.05658e-07 9.83282e-08 9.12256e-08 8.48559e-08 7.89091e-08 7.3123e-08 6.79248e-08 6.3066e-08 5.83899e-08 5.41909e-08 5.02852e-08 4.6492e-08 4.3086e-08 3.9926e-08 3.68731e-08 3.41398e-08 3.16001e-08 2.91579e-08 2.69592e-08 2.49354e-08 2.29709e-08 2.1221e-08 1.96098e-08 1.80375e-08 1.66298e-08 1.53586e-08 1.41203e-08 1.30151e-08 1.19926e-08 1.09965e-08 1.01217e-08 9.32637e-09 8.55777e-09 7.8609e-09 7.22335e-09 6.62818e-09 6.08961e-09 5.59424e-09 5.11392e-09 4.67743e-09 4.29376e-09 3.97063e-09 1.64643e-09 -9999 -9999 -9999 -9999 -9999 -9999 -9999 -9999 -9999 -9999 -9999
3.01167e-07 2.81044e-07 2.62759e-07 2.45614e-07 2.28943e-07 2.13843e-07 1.9967e-07 1.85904e-07 1.73436e-07 1.61768e-07 1.50453e-07 1.40234e-07 1.30662e-07 1.21369e-07 1.13002e-07 1.05178e-07 9.7584e-08 9.0739e-08 8.43641e-08 7.8199e-08 7.26508e-08 6.74697e-08 6.24423e-08 5.79462e-08 5.37695e-08 4.97198e-08 4.60678e-08 4.27102e-08 3.94468e-08 3.65066e-08 3.37876e-08 3.11835e-08 2.88274e-08 2.66507e-08 2.4558e-08 2.26847e-08 2.09634e-08 1.92879e-08 1.77948e-08 1.6416e-08 1.50965e-08 1.39113e-08 1.28192e-08 1.17749e-08 1.08331e-08 9.96008e-09 9.14694e-09 8.41268e-09 7.71966e-09 7.07933e-09 6.5051e-09 5.99347e-09 5.48304e-09 5.01098e-09 4.58491e-09 4.23608e-09 1.75264e-09 -9999 -9999 -9999 -9999 -9999 -9999 -9999 -9999 -9999 -9999 -9999
3.22457e-07 3.01086e-07 2.81519e-07 2.6313e-07 2.45258e-07 2.29072e-07 2.14059e-07 1.99309e-07 1.85959e-07 1.73425e-07 1.61284e-07 1.50316e-07 1.40046e-07 1.30098e-07 1.21121e-07 1.12725e-07 1.04604e-07 9.72789e-08 9.04374e-08 8.38075e-08 7.7858e-08 7.23041e-08 6.69417e-08 6.20995e-08 5.76023e-08 5.32807e-08 4.93671e-08 4.57458e-08 4.22751e-08 3.91304e-08 3.62075e-08 3.34115e-08 3.0908e-08 2.85609e-08 2.63239e-08 2.43051e-08 2.24549e-08 2.06712e-08 1.90651e-08 1.75872e-08 1.61678e-08 1.4913e-08 1.37321e-08 1.26207e-08 1.16219e-08 1.06868e-08 9.7987e-09 9.01552e-09 8.27911e-09 7.58529e-09 6.95625e-09 6.39648e-09 5.8737e-09 5.38123e-09 4.93715e-09 4.55404e-09 1.85032e-09 -9999 -9999 -9999 -9999 -9999 -9999 -9999 -9999 -9999 -9999 -9999
3.46929e-07 3.24204e-07 3.03098e-07 2.83288e-07 2.6405e-07 2.46604e-07 2.30068e-07 2.14189e-07 1.99837e-07 1.86382e-07 1.73322e-07 1.61527e-07 1.50483e-07 1.39781e-07 1.3014e-07 1.21109e-07 1.12371e-07 1.045e-07 9.71596e-08 9.00417e-08 8.36383e-08 7.76702e-08 7.19025e-08 6.67265e-08 6.18746e-08 5.72188e-08 5.30359e-08 4.91239e-08 4.53769e-08 4.20268e-08 3.88977e-08 3.58695e-08 3.32028e-08 3.07003e-08 2.82821e-08 2.61237e-08 2.41146e-08 2.22103e-08 2.04942e-08 1.89008e-08 1.73702e-08 1.60105e-08 1.47546e-08 1.35489e-08 1.24804e-08 1.14793e-08 1.05188e-08 9.67974e-09 8.90588e-09 8.15432e-09 7.48662e-09 6.86657e-09 6.29045e-09 5.76758e-09 5.28662e-09 4.91669e-09 1.95071e-09 -9999 -9999 -9999 -9999 -9999 -9999 -9999 -9999 -9999 -9999 -9999
3.74927e-07 3.49523e-07 3.27051e-07 3.05632e-07 2.84865e-07 2.66032e-07 2.48362e-07 2.31229e-07 2.15889e-07 2.01333e-07 1.87227e-07 1.7447e-07 1.62537e-07 1.50973e-07 1.40495e-07 1.3083e-07 1.21376e-07 1.12876e-07 1.04926e-07 9.72959e-08 9.03726e-08 8.39191e-08 7.76843e-08 7.20839e-08 6.68664e-08 6.18216e-08 5.72687e-08 5.30627e-08 4.8994e-08 4.53662e-08 4.19994e-08 3.87387e-08 3.58122e-08 3.31238e-08 3.05127e-08 2.81793e-08 2.60079e-08 2.39342e-08 2.21021e-08 2.03793e-08 1.87417e-08 1.72759e-08 1.59079e-08 1.46052e-08 1.34539e-08 1.23838e-08 1.13462e-08 1.04237e-08 9.59814e-09 8.79459e-09 8.06261e-09 7.41486e-09 6.77982e-09 6.22886e-09 5.68851e-09 5.2899e-09 2.07705e-09 -9999 -9999 -9999 -9999 -9999 -9999 -9999 -9999 -9999 -9999 -9999
4.07597e-07 3.80259e-07 3.55162e-07 3.3247e-07 3.09835e-07 2.89319e-07 2.70065e-07 2.51409e-07 2.34475e-07 2.18657e-07 2.03328e-07 1.89447e-07 1.76386e-07 1.6389e-07 1.52533e-07 1.41933e-07 1.31677e-07 1.22441e-07 1.13816e-07 1.05438e-07 9.79294e-08 9.09273e-08 8.41698e-08 7.80839e-08 7.24257e-08 6.69799e-08 6.20799e-08 5.7498e-08 5.30858e-08 4.91485e-08 4.54824e-08 4.19519e-08 3.87883e-08 3.58744e-08 3.30626e-08 3.05394e-08 2.81843e-08 2.59267e-08 2.39342e-08 2.20757e-08 2.02716e-08 1.86979e-08 1.72299e-08 1.58118e-08 1.45515e-08 1.33973e-08 1.22931e-08 1.12909e-08 1.03714e-08 9.51527e-09 8.73828e-09 8.0125e-09 7.3232e-09 6.73753e-09 6.17162e-09 5.71996e-09 2.22697e-09 -9999 -9999 -9999 -9999 -9999 -9999 -9999 -9999 -9999 -9999 -9999
4.47105e-07 4.17115e-07 3.89807e-07 3.63701e-07 3.38932e-07 3.16615e-07 2.95502e-07 2.75325e-07 2.56704e-07 2.39336e-07 2.22564e-07 2.07342e-07 1.93091e-07 1.79363e-07 1.66966e-07 1.55336e-07 1.44106e-07 1.33971e-07 1.24512e-07 1.1539e-07 1.07153e-07 9.9471e-08 9.20777e-08 8.5415e-08 7.91919e-08 7.3222e-08 6.7872e-08 6.28791e-08 5.80494e-08 5.37369e-08 4.97272e-08 4.58642e-08 4.23901e-08 3.91838e-08 3.61053e-08 3.33619e-08 3.07962e-08 2.83257e-08 2.61419e-08 2.41204e-08 2.21505e-08 2.04028e-08 1.88054e-08 1.72633e-08 1.5894e-08 1.46215e-08 1.34076e-08 1.23317e-08 1.13194e-08 1.03808e-08 9.53122e-09 8.75714e-09 8.00136e-09 7.33295e-09 6.72693e-09 6.26004e-09 2.32134e-09 -9999 -9999 -9999 -9999 -9999 -9999 -9999 -9999 -9999 -9999 -9999
4.97282e-07 4.63704e-07 4.3334e-07 4.04596e-07 3.7714e-07 3.5199e-07 3.28569e-07 3.05648e-07 2.84964e-07 2.6558e-07 2.46995e-07 2.30044e-07 2.14161e-07 1.9895e-07 1.85008e-07 1.72059e-07 1.59672e-07 1.48378e-07 1.37853e-07 1.2778e-07 1.18635e-07 1.10094e-07 1.01977e-07 9.45864e-08 8.76827e-08 8.10726e-08 7.50923e-08 6.9556e-08 6.42431e-08 5.94393e-08 5.4986e-08 5.07346e-08 4.68904e-08 4.33283e-08 3.99231e-08 3.68935e-08 3.40595e-08 3.13368e-08 2.89031e-08 2.66539e-08 2.45136e-08 2.2564e-08 2.07821e-08 1.90865e-08 1.75632e-08 1.61681e-08 1.4822e-08 1.36145e-08 1.25057e-08 1.14667e-08 1.05207e-08 9.6704e-09 8.85137e-09 8.11387e-09 7.43522e-09 6.95584e-09 2.35276e-09 -9999 -9999 -9999 -9999 -9999 -9999 -9999 -9999 -9999 -9999 -9999
5.66454e-07 5.28307e-07 4.93518e-07 4.61187e-07 4.29938e-07 4.0086e-07 3.73984e-07 3.48277e-07 3.24539e-07 3.02427e-07 2.81252e-07 2.61827e-07 2.43753e-07 2.26317e-07 2.10599e-07 1.95851e-07 1.81697e-07 1.68785e-07 1.5678e-07 1.4529e-07 1.34825e-07 1.25127e-07 1.15768e-07 1.07304e-07 9.94897e-08 9.19916e-08 8.51655e-08 7.88615e-08 7.28304e-08 6.7361e-08 6.22998e-08 5.74767e-08 5.30962e-08 4.90505e-08 4.52005e-08 4.16754e-08 3.84788e-08 3.54027e-08 3.2634e-08 3.0083e-08 2.76749e-08 2.54798e-08 2.34535e-08 2.1537e-08 1.97996e-08 1.8223e-08 1.67215e-08 1.53669e-08 1.41027e-08 1.29313e-08 1.18496e-08 1.08873e-08 9.95591e-09 9.12577e-09 8.36656e-09 7.81879e-09 2.28847e-09 -9999 -9999 -9999 -9999 -9999 -9999 -9999 -9999 -9999 -9999 -9999
6.70974e-07 6.25977e-07 5.84096e-07 5.44798e-07 5.07481e-07 4.73357e-07 4.4117e-07 4.1058e-07 3.82346e-07 3.56201e-07 3.31104e-07 3.08006e-07 2.86515e-07 2.66172e-07 2.47317e-07 2.29801e-07 2.13266e-07 1.97978e-07 1.83771e-07 1.70356e-07 1.57953e-07 1.46507e-07 1.35669e-07 1.25641e-07 1.16389e-07 1.07668e-07 9.96102e-08 9.21659e-08 8.5159e-08 7.87182e-08 7.27586e-08 6.7137e-08 6.20054e-08 5.72331e-08 5.27525e-08 4.86485e-08 4.48656e-08 4.1313e-08 3.80653e-08 3.50504e-08 3.22355e-08 2.96802e-08 2.73055e-08 2.50944e-08 2.30606e-08 2.11907e-08 1.94392e-08 1.78533e-08 1.63964e-08 1.50274e-08 1.37819e-08 1.26412e-08 1.15624e-08 1.0578e-08 9.65121e-09 8.35597e-09 3.22948e-09 -9999 -9999 -9999 -9999 -9999 -9999 -9999 -9999 -9999 -9999 -9999
1.24044e-06 1.15433e-06 1.07635e-06 1.00082e-06 9.3165e-07 8.6691e-07 8.07625e-07 7.51148e-07 6.98171e-07 6.4991e-07 6.03958e-07 5.6092e-07 5.21466e-07 4.83953e-07 4.4905e-07 4.17053e-07 3.86634e-07 3.58202e-07 3.3234e-07 3.07767e-07 2.84823e-07 2.63871e-07 2.44102e-07 2.25631e-07 2.08891e-07 1.93029e-07 1.78231e-07 1.64804e-07 1.52109e-07 1.40285e-07 1.29606e-07 1.1948e-07 1.10084e-07 1.01591e-07 9.35346e-08 8.6093e-08 7.93488e-08 7.29781e-08 6.71044e-08 6.17827e-08 5.67388e-08 5.21139e-08 4.79251e-08 4.39708e-08 4.03344e-08 3.7067e-08 3.39695e-08 3.11229e-08 2.85609e-08 2.61317e-08 2.39204e-08 2.19397e-08 2.008e-08 1.83463e-08 1.68055e-08 1.56931e-08 7.01166e-09 -9999 -9999 -9999 -9999 -9999 -9999 -9999 -9999 -9999 -9999 -9999
8.64222e-07 8.15732e-07 7.54093e-07 7.16864e-07 6.66748e-07 6.23735e-07 5.78985e-07 5.38556e-07 5.03346e-07 4.65351e-07 4.32416e-07 4.03752e-07 3.73894e-07 3.47069e-07 3.23898e-07 2.99642e-07 2.77803e-07 2.58912e-07 2.39204e-07 2.21556e-07 2.06266e-07 1.90387e-07 1.76123e-07 1.63835e-07 1.5099e-07 1.39523e-07 1.29682e-07 1.19852e-07 1.10615e-07 1.02688e-07 9.44341e-08 8.70766e-08 8.07255e-08 7.41744e-08 6.83224e-08 6.32589e-08 5.80758e-08 5.34256e-08 4.93954e-08 4.53095e-08 4.16394e-08 3.84505e-08 3.52096e-08 3.23267e-08 2.98477e-08 2.72733e-08 2.50229e-08 2.30711e-08 2.10844e-08 1.9315e-08 1.78241e-08 1.62433e-08 1.48568e-08 1.37342e-08 1.25163e-08 1.09664e-08 7.7415e-09 -9999 -9999 -9999 -9999 -9999 -9999 -9999 -9999 -9999 -9999 -9999
-9999 -9999 -9999 -9999 -9999 -9999 -9999 -9999 -9999 -9999 -9999 -9999 -9999 -9999 -9999 -9999 -9999 -9999 -9999 -9999 -9999 -9999 -9999 -9999 -9999 -9999 -9999 -9999 -9999 -9999 -9999 -9999 -9999 -9999 -9999 -9999 -9999 -9999 -9999 -9999 -9999 -9999 -9999 -9999 -9999 -9999 -9999 -9999 -9999 -9999 -9999 -9999 -9999 -9999 -9999 -9999 -9999 -9999 -9999 -9999 -9999 -9999 -9999 -9999 -9999 -9999 -9999 -9999
-9999 -9999 -9999 -9999 -9999 -9999 -9999 -9999 -9999 -9999 -9999 -9999 -9999 -9999 -9999 -9999 -9999 -9999 -9999 -9999 -9999 -9999 -9999 -9999 -9999 -9999 -9999 -9999 -9999 -9999 -9999 -9999 -9999 -9999 -9999 -9999 -9999 -9999 -9999 -9999 -9999 -9999 -9999 -9999 -9999 -9999 -9999 -9999 -9999 -9999 -9999 -9999 -9999 -9999 -9999 -9999 -9999 -9999 -9999 -9999 -9999 -9999 -9999 -9999 -9999 -9999 -9999 -9999
-9999 -9999 -9999 -9999 -9999 -9999 -9999 -9999 -9999 -9999 -9999 -9999 -9999 -9999 -9999 -9999 -9999 -9999 -9999 -9999 -9999 -9999 -9999 -9999 -9999 -9999 -9999 -9999 -9999 -9999 -9999 -9999 -9999 -9999 -9999 -9999 -9999 -9999 -9999 -9999 -9999 -9999 -9999 -9999 -9999 -9999 -9999 -9999 -9999 -9999 -9999 -9999 -9999 -9999 -9999 -9999 -9999 -9999 -9999 -9999 -9999 -9999 -9999 -9999 -9999 -9999 -9999 -9999
-9999 -9999 -9999 -9999 -9999 -9999 -9999 -9999 -9999 -9999 -9999 -9999 -9999 -9999 -9999 -9999 -9999 -9999 -9999 -9999 -9999 -9999 -9999 -9999 -9999 -9999 -9999 -9999 -9999 -9999 -9999 -9999 -9999 -9999 -9999 -9999 -9999 -9999 -9999 -9999 -9999 -9999 -9999 -9999 -9999 -9999 -9999 -9999 -9999 -9999 -9999 -9999 -9999 -9999 -9999 -9999 -9999 -9999 -9999 -9999 -9999 -9999 -9999 -9999 -9999 -9999 -9999 -9999
-9999 -9999 -9999 -9999 -9999 -9999 -9999 -9999 -9999 -9999 -9999 -9999 -9999 -9999 -9999 -9999 -9999 -9999 -9999 -9999 -9999 -9999 -9999 -9999 -9999 -9999 -9999 -9999 -9999 -9999 -9999 -9999 -9999 -9999 -9999 -9999 -9999 -9999 -9999 -9999 -9999 -9999 -9999 -9999 -9999 -9999 -9999 -9999 -9999 -9999 -9999 -9999 -9999 -9999 -9999 -9999 -9999 -9999 -9999 -9999 -9999 -9999 -9999 -9999 -9999 -9999 -9999 -9999
-9999 -9999 -9999 -9999 -9999 -9999 -9999 -9999 -9999 -9999 -9999 -9999 -9999 -9999 -9999 -9999 -9999 -9999 -9999 -9999 -9999 -9999 -9999 -9999 -9999 -9999 -9999 -9999 -9999 -9999 -9999 -9999 -9999 -9999 -9999 -9999 -9999 -9999 -9999 -9999 -9999 -9999 -9999 -9999 -9999 -9999 -9999 -9999 -9999 -9999 -9999 -9999 -9999 -9999 -9999 -9999 -9999 -9999 -9999 -9999 -9999 -9999 -9999 -9999 -9999 -9999 -9999 -9999
-9999 -9999 -9999 -9999 -9999 -9999 -9999 -9999 -9999 -9999 -9999 -9999 -9999 -9999 -9999 -9999 -9999 -9999 -9999 -9999 -9999 -9999 -9999 -9999 -9999 -9999 -9999 -9999 -9999 -9999 -9999 -9999 -9999 -9999 -9999 -9999 -9999 -9999 -9999 -9999 -9999 -9999 -9999 -9999 -9999 -9999 -9999 -9999 -9999 -9999 -9999 -9999 -9999 -9999 -9999 -9999 -9999 -9999 -9999 -9999 -9999 -9999 -9999 -9999 -9999 -9999 -9999 -9999
-9999 -9999 -9999 -9999 -9999 -9999 -9999 -9999 -9999 -9999 -9999 -9999 -9999 -9999 -9999 -9999 -9999 -9999 -9999 -9999 -9999 -9999 -9999 -9999 -9999 -9999 -9999 -9999 -9999 -9999 -9999 -9999 -9999 -9999 -9999 -9999 -9999 -9999 -9999 -9999 -9999 -9999 -9999 -9999 -9999 -9999 -9999 -9999 -9999 -9999 -9999 -9999 -9999 -9999 -9999 -9999 -9999 -9999 -9999 -9999 -9999 -9999 -9999 -9999 -9999 -9999 -9999 -9999
-9999 -9999 -9999 -9999 -9999 -9999 -9999 -9999 -9999 -9999 -9999 -9999 -9999 -9999 -9999 -9999 -9999 -9999 -9999 -9999 -9999 -9999 -9999 -9999 -9999 -9999 -9999 -9999 -9999 -9999 -9999 -9999 -9999 -9999 -9999 -9999 -9999 -9999 -9999 -9999 -9999 -9999 -9999 -9999 -9999 -9999 -9999 -9999 -9999 -9999 -9999 -9999 -9999 -9999 -9999 -9999 -9999 -9999 -9999 -9999 -9999 -9999 -9999 -9999 -9999 -9999 -9999 -9999
