data/IdealizedTopo/Outputs_IdealizedTopo/release1HS_01IdealizedTopo_null_avaflow_pfv.asc
ncols 1002
nrows 302
xllcenter 995.00
yllcenter -5005.00
cellsize 5.00
NODATA_value -9999.000
[rows 132 to 164 of 302, columns 0 to 73 of 1002]
0.000 0.000 0.000 0.000 0.000 0.767 1.118 1.569 1.792 2.612 3.552 4.385 5.158 5.899 6.535 7.106 7.608 8.055 8.472 8.842 9.172 9.476 9.759 10.011 10.237 10.447 10.636 10.809 10.969 11.111 11.236 11.354 11.457 11.545 11.629 11.699 11.758 11.812 11.853 11.890 11.916 11.935 11.950 11.953 11.952 11.939 11.917 11.889 11.852 11.808 11.758 11.704 11.645 11.580 11.511 11.435 11.349 11.257 11.155 11.044 10.929 10.807 10.677 10.539 10.392 10.237 10.076 9.908 9.732 9.549 9.358 9.161 8.956 8.746
0.000 0.000 0.000 0.000 0.718 1.023 1.324 2.025 3.041 4.080 4.944 5.708 6.441 7.194 7.839 8.423 8.931 9.390 9.803 10.164 10.493 10.812 11.110 11.381 11.636 11.870 12.082 12.281 12.461 12.627 12.781 12.924 13.049 13.164 13.263 13.351 13.424 13.489 13.539 13.580 13.609 13.627 13.637 13.634 13.623 13.600 13.568 13.530 13.480 13.431 13.381 13.325 13.264 13.196 13.123 13.046 12.970 12.904 12.839 12.763 12.677 12.577 12.467 12.354 12.236 12.106 11.966 11.816 11.659 11.496 11.324 11.141 10.951 10.753
0.000 0.000 0.000 0.000 0.806 1.495 1.986 3.089 4.190 5.085 5.864 6.547 7.253 7.967 8.639 9.239 9.781 10.269 10.727 11.165 11.563 11.923 12.255 12.566 12.860 13.132 13.382 13.615 13.834 14.035 14.217 14.390 14.547 14.688 14.821 14.940 15.045 15.143 15.228 15.301 15.367 15.420 15.466 15.498 15.523 15.538 15.545 15.542 15.525 15.498 15.461 15.410 15.345 15.265 15.170 15.060 14.937 14.803 14.664 14.517 14.360 14.214 14.097 13.982 13.872 13.767 13.671 13.560 13.439 13.302 13.160 13.014 12.856 12.686
0.000 0.000 0.000 0.000 0.962 2.009 2.960 3.962 4.947 5.744 6.414 7.023 7.667 8.336 8.976 9.576 10.141 10.677 11.169 11.622 12.046 12.440 12.807 13.150 13.471 13.771 14.050 14.311 14.558 14.789 15.004 15.204 15.388 15.565 15.728 15.878 16.015 16.146 16.265 16.371 16.471 16.561 16.640 16.712 16.775 16.827 16.874 16.907 16.936 16.955 16.966 16.969 16.963 16.947 16.919 16.880 16.829 16.765 16.686 16.594 16.484 16.360 16.216 16.056 15.884 15.706 15.518 15.318 15.116 14.954 14.813 14.675 14.545 14.426
0.000 0.000 0.000 0.964 1.056 1.970 3.541 4.295 5.212 5.976 6.648 7.233 7.818 8.519 9.174 9.775 10.331 10.853 11.350 11.834 12.285 12.702 13.092 13.458 13.802 14.124 14.427 14.714 14.985 15.239 15.478 15.702 15.912 16.110 16.298 16.474 16.637 16.788 16.933 17.068 17.192 17.306 17.415 17.514 17.604 17.688 17.764 17.831 17.892 17.946 17.991 18.030 18.060 18.084 18.101 18.110 18.111 18.109 18.094 18.072 18.038 17.992 17.933 17.864 17.779 17.681 17.570 17.440 17.292 17.123 16.934 16.730 16.512 16.283
0.000 0.000 0.000 0.875 2.064 2.127 3.545 4.458 5.359 6.119 6.774 7.355 7.898 8.614 9.279 9.888 10.451 10.980 11.480 11.952 12.414 12.854 13.263 13.649 14.012 14.354 14.678 14.983 15.272 15.545 15.803 16.046 16.275 16.491 16.698 16.894 17.077 17.249 17.411 17.566 17.712 17.848 17.974 18.096 18.209 18.313 18.411 18.503 18.587 18.663 18.736 18.800 18.858 18.913 18.960 19.001 19.037 19.066 19.090 19.105 19.115 19.118 19.116 19.104 19.086 19.057 19.016 18.966 18.903 18.830 18.744 18.642 18.524 18.389
0.000 0.000 0.000 0.892 2.105 2.174 3.678 4.538 5.452 6.215 6.864 7.440 7.967 8.661 9.334 9.951 10.526 11.063 11.568 12.047 12.508 12.952 13.380 13.785 14.163 14.520 14.858 15.179 15.482 15.770 16.043 16.301 16.546 16.778 17.001 17.212 17.411 17.599 17.777 17.948 18.110 18.263 18.407 18.543 18.674 18.797 18.912 19.020 19.124 19.221 19.310 19.396 19.477 19.551 19.620 19.685 19.743 19.797 19.846 19.889 19.928 19.961 19.988 20.011 20.026 20.036 20.039 20.038 20.029 20.014 19.990 19.956 19.913 19.859
0.000 0.000 0.000 0.897 2.107 2.188 3.748 4.578 5.500 6.269 6.925 7.510 8.026 8.692 9.369 9.993 10.572 11.113 11.626 12.113 12.577 13.026 13.461 13.880 14.272 14.642 14.992 15.325 15.641 15.942 16.227 16.498 16.756 17.002 17.238 17.462 17.674 17.876 18.068 18.250 18.427 18.594 18.752 18.902 19.046 19.184 19.314 19.437 19.555 19.668 19.775 19.875 19.972 20.064 20.149 20.229 20.307 20.379 20.445 20.509 20.567 20.620 20.671 20.716 20.756 20.793 20.825 20.852 20.875 20.893 20.906 20.912 20.914 20.909
0.000 0.000 0.000 0.899 2.109 2.193 3.790 4.594 5.523 6.298 6.962 7.555 8.080 8.708 9.387 10.015 10.599 11.147 11.664 12.156 12.627 13.079 13.516 13.946 14.350 14.731 15.092 15.436 15.763 16.074 16.370 16.653 16.921 17.179 17.426 17.661 17.885 18.099 18.302 18.496 18.683 18.863 19.033 19.195 19.350 19.500 19.643 19.779 19.909 20.034 20.154 20.268 20.376 20.481 20.581 20.676 20.765 20.853 20.935 21.013 21.087 21.159 21.225 21.288 21.348 21.404 21.456 21.506 21.551 21.593 21.632 21.665 21.696 21.723
0.000 0.000 0.000 0.900 2.111 2.196 3.831 4.603 5.535 6.316 6.986 7.585 8.119 8.719 9.399 10.028 10.615 11.167 11.688 12.182 12.659 13.115 13.556 13.990 14.404 14.794 15.164 15.517 15.853 16.173 16.479 16.771 17.050 17.318 17.574 17.819 18.053 18.276 18.490 18.694 18.891 19.081 19.261 19.434 19.599 19.758 19.913 20.060 20.200 20.334 20.465 20.591 20.711 20.825 20.937 21.044 21.147 21.244 21.340 21.432 21.519 21.604 21.686 21.764 21.838 21.911 21.980 22.045 22.110 22.170 22.227 22.283 22.334 22.382
0.000 0.000 0.000 0.901 2.113 2.199 3.872 4.608 5.543 6.328 7.003 7.605 8.147 8.729 9.408 10.037 10.625 11.179 11.703 12.201 12.679 13.141 13.584 14.019 14.441 14.837 15.214 15.574 15.918 16.246 16.560 16.859 17.147 17.423 17.688 17.941 18.183 18.415 18.638 18.850 19.056 19.254 19.444 19.626 19.800 19.967 20.131 20.287 20.437 20.581 20.720 20.856 20.986 21.111 21.231 21.350 21.464 21.572 21.678 21.782 21.882 21.977 22.071 22.162 22.250 22.334 22.418 22.499 22.575 22.651 22.725 22.795 22.863 22.929
0.000 0.000 0.000 0.902 2.113 2.202 3.909 4.613 5.549 6.334 7.010 7.616 8.165 8.738 9.416 10.046 10.634 11.188 11.713 12.213 12.693 13.158 13.604 14.039 14.465 14.867 15.249 15.614 15.963 16.297 16.617 16.923 17.218 17.501 17.772 18.032 18.282 18.521 18.750 18.970 19.183 19.389 19.587 19.777 19.959 20.134 20.305 20.471 20.629 20.782 20.929 21.074 21.213 21.347 21.476 21.604 21.728 21.847 21.961 22.074 22.185 22.291 22.394 22.496 22.595 22.690 22.783 22.876 22.965 23.052 23.137 23.220 23.301 23.379
0.000 0.000 0.000 0.903 2.113 2.205 3.936 4.616 5.552 6.337 7.015 7.621 8.175 8.746 9.424 10.053 10.640 11.195 11.721 12.222 12.704 13.171 13.618 14.052 14.482 14.887 15.273 15.642 15.995 16.333 16.657 16.969 17.269 17.556 17.833 18.099 18.354 18.600 18.835 19.062 19.281 19.494 19.698 19.895 20.085 20.267 20.445 20.618 20.785 20.945 21.100 21.252 21.399 21.542 21.679 21.813 21.945 22.073 22.196 22.316 22.435 22.550 22.662 22.770 22.878 22.983 23.085 23.184 23.283 23.380 23.473 23.565 23.657 23.746
0.000 0.000 0.000 0.903 2.113 2.208 3.956 4.619 5.555 6.342 7.021 7.628 8.182 8.750 9.428 10.059 10.645 11.201 11.727 12.229 12.713 13.181 13.629 14.063 14.495 14.902 15.290 15.661 16.017 16.358 16.686 17.001 17.305 17.597 17.878 18.148 18.408 18.658 18.899 19.131 19.356 19.574 19.785 19.987 20.183 20.371 20.556 20.735 20.908 21.075 21.236 21.394 21.548 21.697 21.841 21.981 22.119 22.253 22.383 22.509 22.634 22.756 22.874 22.989 23.102 23.214 23.323 23.429 23.533 23.637 23.738 23.837 23.934 24.031
0.000 0.000 0.000 0.903 2.113 2.209 3.984 4.620 5.557 6.345 7.025 7.634 8.190 8.754 9.431 10.061 10.649 11.204 11.731 12.235 12.719 13.188 13.637 14.070 14.503 14.912 15.302 15.675 16.033 16.376 16.706 17.024 17.331 17.626 17.910 18.183 18.447 18.701 18.946 19.181 19.412 19.634 19.849 20.056 20.256 20.449 20.639 20.823 21.000 21.172 21.338 21.501 21.660 21.813 21.962 22.106 22.249 22.388 22.523 22.654 22.781 22.908 23.031 23.151 23.268 23.384 23.498 23.609 23.717 23.824 23.931 24.035 24.137 24.238
0.000 0.000 0.000 0.903 2.112 2.209 4.020 4.621 5.559 6.346 7.027 7.636 8.193 8.759 9.436 10.065 10.651 11.206 11.734 12.238 12.722 13.192 13.641 14.074 14.508 14.919 15.309 15.683 16.042 16.387 16.719 17.039 17.348 17.645 17.931 18.207 18.473 18.730 18.977 19.216 19.449 19.675 19.892 20.103 20.306 20.502 20.695 20.882 21.063 21.237 21.407 21.572 21.734 21.891 22.043 22.190 22.335 22.477 22.615 22.749 22.879 23.008 23.134 23.257 23.377 23.495 23.612 23.726 23.838 23.947 24.056 24.164 24.269 24.372
0.000 0.000 0.000 0.903 2.111 2.208 4.064 4.622 5.559 6.347 7.028 7.637 8.194 8.761 9.439 10.069 10.655 11.210 11.736 12.239 12.724 13.194 13.644 14.077 14.511 14.922 15.313 15.687 16.047 16.393 16.726 17.047 17.357 17.655 17.942 18.220 18.487 18.746 18.995 19.235 19.470 19.697 19.916 20.128 20.333 20.531 20.726 20.914 21.097 21.273 21.444 21.611 21.774 21.933 22.087 22.236 22.381 22.525 22.665 22.800 22.932 23.062 23.190 23.314 23.436 23.554 23.673 23.789 23.902 24.013 24.123 24.232 24.339 24.444
0.000 0.000 0.000 0.902 2.110 2.208 4.107 4.622 5.560 6.348 7.029 7.638 8.195 8.762 9.440 10.070 10.656 11.211 11.738 12.241 12.726 13.195 13.645 14.078 14.512 14.923 15.314 15.689 16.049 16.395 16.728 17.050 17.360 17.658 17.946 18.224 18.492 18.751 19.001 19.242 19.477 19.705 19.925 20.138 20.343 20.541 20.736 20.926 21.109 21.286 21.457 21.624 21.789 21.948 22.102 22.252 22.398 22.542 22.682 22.818 22.951 23.081 23.209 23.335 23.457 23.576 23.694 23.811 23.925 24.036 24.146 24.256 24.364 24.470
0.000 0.000 0.000 0.901 2.108 2.209 4.111 4.622 5.560 6.348 7.029 7.638 8.195 8.762 9.440 10.070 10.657 11.212 11.738 12.242 12.726 13.196 13.645 14.078 14.512 14.923 15.314 15.689 16.049 16.395 16.728 17.050 17.360 17.659 17.947 18.225 18.493 18.751 19.001 19.242 19.478 19.705 19.925 20.138 20.343 20.542 20.737 20.926 21.109 21.286 21.458 21.625 21.789 21.948 22.103 22.252 22.399 22.543 22.683 22.819 22.952 23.082 23.210 23.336 23.458 23.577 23.695 23.812 23.926 24.037 24.147 24.257 24.365 24.471
0.000 0.000 0.000 0.901 2.107 2.210 4.075 4.624 5.561 6.349 7.029 7.638 8.195 8.762 9.440 10.070 10.657 11.211 11.738 12.241 12.726 13.195 13.645 14.078 14.512 14.923 15.314 15.689 16.049 16.395 16.727 17.048 17.358 17.656 17.944 18.221 18.489 18.747 18.996 19.237 19.472 19.699 19.919 20.131 20.336 20.534 20.728 20.917 21.100 21.276 21.447 21.614 21.778 21.937 22.090 22.240 22.385 22.529 22.669 22.805 22.937 23.067 23.195 23.320 23.441 23.560 23.679 23.795 23.908 24.020 24.130 24.239 24.347 24.452
0.000 0.000 0.000 0.901 2.106 2.211 4.047 4.623 5.561 6.349 7.029 7.638 8.195 8.762 9.439 10.068 10.654 11.209 11.736 12.240 12.725 13.194 13.644 14.077 14.511 14.921 15.312 15.686 16.045 16.390 16.722 17.042 17.351 17.648 17.935 18.211 18.477 18.734 18.981 19.220 19.454 19.679 19.897 20.108 20.311 20.508 20.701 20.888 21.069 21.244 21.414 21.579 21.742 21.899 22.052 22.199 22.344 22.487 22.625 22.760 22.890 23.020 23.147 23.270 23.390 23.508 23.626 23.741 23.853 23.963 24.073 24.181 24.287 24.391
0.000 0.000 0.000 0.901 2.104 2.210 4.016 4.623 5.559 6.347 7.028 7.637 8.193 8.758 9.435 10.065 10.652 11.207 11.734 12.237 12.722 13.191 13.640 14.073 14.507 14.916 15.306 15.679 16.037 16.381 16.711 17.029 17.336 17.631 17.916 18.190 18.453 18.708 18.953 19.189 19.419 19.642 19.857 20.065 20.265 20.459 20.649 20.833 21.011 21.184 21.350 21.513 21.673 21.827 21.977 22.122 22.265 22.405 22.540 22.672 22.800 22.928 23.052 23.173 23.290 23.407 23.523 23.638 23.751 23.861 23.970 24.078 24.184 24.288
0.000 0.000 0.000 0.901 2.103 2.209 3.978 4.621 5.558 6.344 7.024 7.631 8.185 8.753 9.432 10.062 10.649 11.204 11.731 12.233 12.716 13.185 13.634 14.067 14.499 14.907 15.295 15.667 16.023 16.365 16.693 17.008 17.312 17.604 17.886 18.156 18.417 18.667 18.908 19.141 19.367 19.585 19.796 20.000 20.195 20.385 20.570 20.750 20.923 21.091 21.253 21.412 21.567 21.717 21.862 22.002 22.142 22.278 22.414 22.546 22.673 22.800 22.924 23.045 23.162 23.277 23.392 23.503 23.612 23.719 23.826 23.930 24.033 24.133
0.000 0.000 0.000 0.901 2.101 2.206 3.935 4.619 5.554 6.340 7.018 7.624 8.178 8.749 9.427 10.057 10.644 11.199 11.725 12.227 12.709 13.176 13.624 14.058 14.488 14.894 15.279 15.649 16.002 16.341 16.666 16.977 17.278 17.566 17.843 18.109 18.365 18.611 18.847 19.074 19.295 19.508 19.713 19.911 20.101 20.284 20.463 20.637 20.804 20.966 21.121 21.275 21.424 21.574 21.718 21.858 21.996 22.130 22.261 22.387 22.510 22.633 22.751 22.866 22.978 23.090 23.200 23.306 23.409 23.513 23.614 23.713 23.810 23.907
0.000 0.000 0.000 0.901 2.098 2.203 3.897 4.615 5.551 6.336 7.013 7.619 8.168 8.742 9.421 10.050 10.638 11.193 11.718 12.218 12.699 13.164 13.609 14.045 14.472 14.874 15.257 15.622 15.972 16.306 16.627 16.933 17.228 17.512 17.784 18.045 18.295 18.535 18.765 18.986 19.199 19.406 19.605 19.796 19.979 20.155 20.327 20.493 20.653 20.813 20.968 21.118 21.266 21.408 21.546 21.678 21.810 21.937 22.060 22.179 22.297 22.412 22.524 22.631 22.738 22.843 22.944 23.043 23.142 23.237 23.330 23.422 23.513 23.601
0.000 0.000 0.000 0.900 2.094 2.201 3.865 4.611 5.546 6.331 7.006 7.609 8.151 8.733 9.413 10.042 10.630 11.184 11.709 12.207 12.685 13.148 13.591 14.026 14.449 14.845 15.223 15.584 15.928 16.256 16.571 16.871 17.159 17.436 17.702 17.956 18.199 18.432 18.655 18.868 19.075 19.274 19.465 19.648 19.823 19.993 20.163 20.328 20.488 20.640 20.787 20.930 21.069 21.203 21.332 21.457 21.580 21.699 21.813 21.924 22.034 22.139 22.241 22.341 22.440 22.534 22.626 22.717 22.806 22.891 22.975 23.057 23.137 23.214
0.000 0.000 0.000 0.899 2.091 2.198 3.825 4.606 5.539 6.320 6.991 7.589 8.124 8.724 9.404 10.034 10.621 11.173 11.695 12.189 12.666 13.123 13.565 13.998 14.414 14.804 15.174 15.528 15.865 16.186 16.492 16.785 17.064 17.333 17.590 17.836 18.071 18.296 18.510 18.715 18.913 19.104 19.289 19.471 19.646 19.814 19.976 20.133 20.283 20.427 20.565 20.700 20.830 20.954 21.073 21.190 21.303 21.411 21.515 21.618 21.716 21.810 21.902 21.992 22.078 22.161 22.243 22.322 22.397 22.472 22.543 22.612 22.678 22.743
0.000 0.000 0.000 0.891 2.089 2.195 3.777 4.598 5.527 6.303 6.967 7.560 8.085 8.714 9.394 10.022 10.606 11.155 11.671 12.164 12.635 13.088 13.526 13.956 14.361 14.742 15.104 15.449 15.776 16.089 16.386 16.669 16.939 17.197 17.445 17.681 17.906 18.121 18.326 18.525 18.721 18.911 19.093 19.266 19.431 19.589 19.744 19.891 20.031 20.164 20.294 20.419 20.538 20.652 20.762 20.869 20.970 21.066 21.160 21.250 21.336 21.419 21.499 21.575 21.647 21.718 21.785 21.848 21.910 21.969 22.023 22.076 22.126 22.172
0.000 0.000 0.000 0.965 2.090 2.189 3.727 4.582 5.504 6.274 6.930 7.516 8.033 8.699 9.377 10.001 10.580 11.121 11.635 12.122 12.587 13.037 13.472 13.892 14.285 14.655 15.007 15.340 15.658 15.959 16.245 16.518 16.776 17.023 17.260 17.485 17.700 17.914 18.119 18.313 18.499 18.679 18.849 19.011 19.165 19.314 19.457 19.592 19.721 19.844 19.964 20.077 20.183 20.287 20.386 20.479 20.567 20.652 20.733 20.809 20.881 20.950 21.014 21.075 21.133 21.186 21.236 21.283 21.324 21.364 21.399 21.429 21.458 21.481
0.000 0.000 0.000 0.000 2.107 2.177 3.675 4.542 5.457 6.220 6.870 7.447 7.974 8.669 9.342 9.959 10.535 11.072 11.577 12.057 12.519 12.963 13.393 13.798 14.177 14.535 14.875 15.196 15.501 15.790 16.064 16.323 16.569 16.802 17.036 17.261 17.474 17.677 17.869 18.050 18.225 18.392 18.550 18.699 18.841 18.978 19.107 19.228 19.344 19.455 19.560 19.658 19.753 19.843 19.926 20.005 20.080 20.150 20.213 20.275 20.331 20.380 20.428 20.470 20.507 20.541 20.569 20.592 20.612 20.624 20.633 20.634 20.631 20.623
0.000 0.000 0.000 0.000 1.162 2.135 3.587 4.461 5.364 6.124 6.780 7.362 7.906 8.622 9.288 9.898 10.461 10.990 11.490 11.964 12.426 12.867 13.277 13.665 14.028 14.372 14.697 15.004 15.294 15.568 15.827 16.082 16.327 16.559 16.780 16.991 17.191 17.379 17.556 17.723 17.885 18.037 18.179 18.312 18.442 18.563 18.675 18.781 18.883 18.977 19.063 19.146 19.224 19.294 19.361 19.422 19.476 19.527 19.573 19.612 19.647 19.676 19.699 19.716 19.726 19.731 19.730 19.723 19.709 19.684 19.653 19.611 19.558 19.496
0.000 0.000 0.000 0.000 0.971 1.975 3.391 4.297 5.216 5.981 6.655 7.241 7.826 8.528 9.184 9.785 10.341 10.865 11.362 11.847 12.299 12.718 13.109 13.476 13.821 14.145 14.449 14.737 15.025 15.299 15.557 15.800 16.029 16.243 16.448 16.642 16.824 16.995 17.154 17.307 17.450 17.583 17.706 17.825 17.935 18.035 18.130 18.218 18.298 18.371 18.439 18.499 18.552 18.603 18.644 18.680 18.711 18.734 18.751 18.761 18.766 18.764 18.753 18.734 18.704 18.664 18.614 18.552 18.480 18.393 18.293 18.177 18.047 17.893
0.000 0.000 0.000 0.000 0.000 1.799 3.409 3.965 4.952 5.750 6.422 7.032 7.675 8.346 8.987 9.587 10.152 10.690 11.183 11.638 12.063 12.458 12.827 13.171 13.515 13.838 14.141 14.426 14.694 14.948 15.185 15.408 15.615 15.808 15.994 16.167 16.327 16.474 16.615 16.746 16.866 16.976 17.080 17.174 17.258 17.337 17.408 17.468 17.525 17.572 17.611 17.642 17.665 17.682 17.691 17.693 17.689 17.673 17.649 17.615 17.570 17.510 17.439 17.354 17.256 17.145 17.012 16.867 16.699 16.518 16.327 16.126 15.913 15.690
