data/IdealizedTopo/Outputs_IdealizedTopo/release1HS_01IdealizedTopo_null_TRENT2D_pft.asc
ncols     1001
nrows      301
cellsize  5.000
xllcenter         1000.00
yllcenter        -5000.00
NODATA_value       nan
[rows 132 to 164 of 301, columns 75 to 149 of 1001]
nan nan nan nan nan nan nan nan nan nan nan nan nan nan nan nan nan nan nan nan nan nan nan nan nan nan nan nan nan nan nan nan nan nan nan nan nan nan nan nan nan nan nan nan nan nan nan nan nan nan nan nan nan nan nan nan nan nan nan nan nan nan nan nan nan nan nan nan nan nan nan nan nan nan nan
0.000835 0.000834 0.000000 0.000000 0.000000 0.000000 0.000000 nan nan nan nan nan nan nan nan nan nan nan nan nan nan nan nan nan nan nan nan nan nan nan nan nan nan nan nan nan nan nan nan nan nan nan nan nan nan nan nan nan nan nan nan nan nan nan nan nan nan nan nan nan nan nan nan nan nan nan nan nan nan nan nan nan nan nan nan
0.045878 0.031689 0.020842 0.014168 0.009164 0.005830 0.003330 0.002496 0.001663 0.000831 0.000831 0.000000 0.000000 0.000000 0.000000 0.000000 nan nan nan nan nan nan nan nan nan nan nan nan nan nan nan nan nan nan nan nan nan nan nan nan nan nan nan nan nan nan nan nan nan nan nan nan nan nan nan nan nan nan nan nan nan nan nan nan nan nan nan nan nan nan nan nan nan nan nan
0.279280 0.250880 0.223321 0.196604 0.168231 0.139039 0.108198 0.079871 0.054890 0.034915 0.021604 0.012458 0.007471 0.004148 0.002488 0.001657 0.000828 0.000828 0.000000 0.000000 0.000000 0.000000 0.000000 nan nan nan nan nan nan nan nan nan nan nan nan nan nan nan nan nan nan nan nan nan nan nan nan nan nan nan nan nan nan nan nan nan nan nan nan nan nan nan nan nan nan nan nan nan nan nan nan nan nan nan nan
0.587395 0.553968 0.519711 0.482960 0.444552 0.404488 0.361941 0.316916 0.270248 0.223604 0.193608 0.163629 0.135331 0.106224 0.077971 0.051401 0.031487 0.018219 0.009932 0.005790 0.003306 0.002478 0.001651 0.000825 0.000000 0.000000 0.000000 0.000000 0.000000 nan nan nan nan nan nan nan nan nan nan nan nan nan nan nan nan nan nan nan nan nan nan nan nan nan nan nan nan nan nan nan nan nan nan nan nan nan nan nan nan nan nan nan nan nan nan
0.832704 0.804274 0.776674 0.747406 0.718137 0.686372 0.652113 0.615364 0.576127 0.534408 0.492702 0.448520 0.402697 0.354407 0.303658 0.252942 0.210553 0.176483 0.144098 0.111741 0.079416 0.051260 0.030572 0.018166 0.010727 0.006597 0.004120 0.002470 0.001645 0.000822 0.000000 0.000000 0.000000 0.000000 0.000000 nan nan nan nan nan nan nan nan nan nan nan nan nan nan nan nan nan nan nan nan nan nan nan nan nan nan nan nan nan nan nan nan nan nan nan nan nan nan nan nan
1.041126 1.014375 0.989283 0.966680 0.944071 0.920625 0.897174 0.872056 0.846103 0.816824 0.785884 0.752455 0.714879 0.674821 0.631456 0.584789 0.534826 0.487375 0.438294 0.386759 0.334433 0.285457 0.239003 0.195896 0.154483 0.115589 0.081688 0.054425 0.033787 0.019764 0.011521 0.007401 0.004108 0.002463 0.000820 0.000820 0.000000 0.000000 0.000000 0.000000 0.000000 nan nan nan nan nan nan nan nan nan nan nan nan nan nan nan nan nan nan nan nan nan nan nan nan nan nan nan nan nan nan nan nan nan nan
1.226882 1.200153 1.176744 1.155822 1.137387 1.119776 1.101325 1.082866 1.063569 1.043433 1.022461 0.999822 0.975518 0.948720 0.921921 0.890973 0.857539 0.820795 0.780744 0.738220 0.692399 0.643288 0.591719 0.537699 0.482888 0.427290 0.370083 0.315401 0.264070 0.216088 0.170627 0.129335 0.092207 0.061706 0.037821 0.022184 0.013136 0.008204 0.004099 0.002457 0.000818 0.000818 0.000000 0.000000 0.000000 0.000000 0.000000 nan nan nan nan nan nan nan nan nan nan nan nan nan nan nan nan nan nan nan nan nan nan nan nan nan nan nan nan
1.395018 1.372472 1.350749 1.331513 1.313100 1.297171 1.282065 1.267781 1.254318 1.240015 1.224873 1.208891 1.192071 1.174413 1.158406 1.140732 1.120562 1.098729 1.075232 1.049246 1.019944 0.986503 0.949755 0.908049 0.863874 0.816408 0.765655 0.710797 0.653493 0.594575 0.535698 0.475216 0.413959 0.352755 0.295728 0.244520 0.195833 0.150488 0.110126 0.074740 0.047605 0.027888 0.017213 0.009829 0.005729 0.003271 0.001634 0.000817 0.000816 0.000000 0.000000 0.000000 0.000000 nan nan nan nan nan nan nan nan nan nan nan nan nan nan nan nan nan nan nan nan nan nan
1.517331 1.503953 1.489735 1.476341 1.463770 1.452852 1.441924 1.431819 1.422534 1.413240 1.403936 1.394621 1.384467 1.374302 1.364956 1.355600 1.343745 1.331050 1.315858 1.298999 1.280475 1.260287 1.237608 1.213269 1.186443 1.157133 1.125342 1.090247 1.050198 1.006027 0.957740 0.907823 0.853801 0.796506 0.736772 0.674602 0.612477 0.550398 0.485898 0.420629 0.356242 0.297672 0.244913 0.196314 0.151872 0.109940 0.073796 0.045889 0.027844 0.017186 0.009814 0.005721 0.003267 0.001632 0.000816 0.000815 0.000000 0.000000 0.000000 0.000000 0.000000 nan nan nan nan nan nan nan nan nan nan nan nan nan nan
1.618823 1.613774 1.607886 1.601162 1.595259 1.588519 1.582601 1.576674 1.571570 1.566455 1.562162 1.557859 1.553546 1.549223 1.544888 1.540544 1.537847 1.533479 1.528271 1.521392 1.512845 1.502629 1.490745 1.477195 1.461151 1.442614 1.422415 1.399728 1.374553 1.347722 1.318410 1.286617 1.252349 1.215608 1.174744 1.129764 1.081499 1.029952 0.977605 0.921161 0.864749 0.805899 0.745440 0.683375 0.620531 0.555268 0.488413 0.422435 0.360623 0.300509 0.247016 0.203417 0.160682 0.118809 0.080255 0.050746 0.031903 0.018804 0.010622 0.005716 0.003265 0.001631 0.000815 0.000815 0.000000 0.000000 0.000000 0.000000 0.000000 nan nan nan nan nan nan
1.702030 1.704471 1.705247 1.705185 1.705117 1.705043 1.704131 1.703212 1.702285 1.702181 1.702068 1.701947 1.702647 1.703337 1.704848 1.705519 1.707009 1.708489 1.709129 1.711416 1.712862 1.712638 1.711573 1.709668 1.705265 1.700023 1.692284 1.682879 1.671808 1.657416 1.641360 1.622816 1.601783 1.579092 1.553916 1.525432 1.494469 1.461855 1.427594 1.390861 1.350833 1.308340 1.264211 1.216797 1.167753 1.117082 1.063962 1.010869 0.956981 0.903124 0.848476 0.793863 0.737641 0.678990 0.617915 0.558528 0.500006 0.451377 0.426576 0.400973 0.373751 0.344093 0.313640 0.280758 0.244631 0.207718 0.170022 0.135627 0.116781 0.110196 0.104433 0.099490 0.094552 0.089619 0.085505
1.769479 1.776915 1.784346 1.791771 1.797532 1.803288 1.808208 1.812292 1.817200 1.821273 1.825338 1.830226 1.835107 1.839981 1.845676 1.851364 1.857872 1.863542 1.870862 1.877342 1.884642 1.892761 1.901698 1.909795 1.917052 1.922639 1.928215 1.931294 1.933533 1.934103 1.932178 1.929414 1.924156 1.916405 1.906989 1.895909 1.882340 1.865455 1.846910 1.825880 1.801540 1.775545 1.747071 1.716119 1.683519 1.649271 1.613378 1.576666 1.539964 1.500795 1.460815 1.420024 1.380895 1.341781 1.302680 1.260301 1.216292 1.172304 1.129159 1.093440 1.069253 1.044254 1.019268 0.992650 0.965225 0.935350 0.904672 0.873191 0.841729 0.811926 0.785421 0.775325 0.769331 0.763340 0.758991
1.828668 1.838603 1.848535 1.859293 1.869218 1.879968 1.890715 1.900627 1.911365 1.920439 1.930337 1.939401 1.949290 1.959172 1.969049 1.978919 1.989613 2.001130 2.012639 2.025800 2.038953 2.052098 2.067722 2.083337 2.099772 2.115369 2.131784 2.147360 2.162098 2.175996 2.189055 2.201274 2.211826 2.221538 2.228755 2.234306 2.239018 2.239579 2.238476 2.235709 2.229622 2.221873 2.211635 2.198909 2.184523 2.166824 2.146642 2.123977 2.099657 2.074511 2.047716 2.020095 1.993304 1.965689 1.938077 1.909643 1.882039 1.853615 1.826022 1.799259 1.779100 1.759770 1.742917 1.727716 1.712517 1.698146 1.683777 1.671060 1.657522 1.645635 1.633751 1.623517 1.613287 1.603883 1.596127
1.881275 1.892876 1.905305 1.918562 1.931816 1.945067 1.958316 1.972392 1.986465 2.001364 2.015431 2.030324 2.045213 2.060099 2.074981 2.089858 2.105561 2.122089 2.139441 2.157618 2.176618 2.196443 2.217919 2.239390 2.262513 2.286458 2.310396 2.335156 2.359908 2.384652 2.408560 2.432459 2.456350 2.478574 2.501619 2.522169 2.541053 2.557443 2.572167 2.584397 2.595791 2.605520 2.611101 2.614190 2.614788 2.613724 2.610170 2.604127 2.596423 2.587061 2.576041 2.564189 2.550681 2.536342 2.522828 2.508485 2.494141 2.480621 2.467928 2.456060 2.445843 2.436452 2.429539 2.422624 2.418187 2.414574 2.411785 2.408994 2.406203 2.403410 2.400617 2.397823 2.394204 2.391410 2.387792
1.923998 1.938091 1.953014 1.968765 1.984514 2.000262 2.016839 2.033413 2.051645 2.069046 2.088104 2.107160 2.126214 2.146096 2.166804 2.187511 2.209044 2.230575 2.253761 2.276945 2.300955 2.325791 2.352282 2.378770 2.406084 2.435052 2.463187 2.492976 2.521932 2.551712 2.582317 2.612917 2.643512 2.674931 2.708002 2.740240 2.769985 2.798066 2.824485 2.850898 2.874819 2.897077 2.916844 2.934948 2.951389 2.966997 2.979285 2.990740 2.999705 3.007009 3.012654 3.017465 3.020616 3.023763 3.025251 3.026735 3.028216 3.029693 3.030340 3.031812 3.032453 3.033091 3.033727 3.034361 3.034993 3.034795 3.033768 3.032739 3.030882 3.029024 3.026338 3.022824 3.019310 3.014969 3.010628
1.959338 1.975922 1.993334 2.010746 2.028987 2.048057 2.067126 2.087023 2.107750 2.129305 2.150859 2.173242 2.196454 2.220493 2.245362 2.270229 2.295924 2.322449 2.349800 2.377151 2.405331 2.433508 2.462514 2.492348 2.521351 2.551181 2.581011 2.611668 2.642323 2.673806 2.705287 2.738424 2.772389 2.814642 2.855235 2.895825 2.936414 2.976170 3.015096 3.052361 3.087965 3.121909 3.153364 3.183987 3.212120 3.239423 3.264236 3.288218 3.310539 3.332030 3.351861 3.370861 3.389030 3.405539 3.420389 3.434407 3.447595 3.459124 3.470651 3.479690 3.488727 3.495277 3.501825 3.505886 3.509118 3.509862 3.509778 3.508035 3.504635 3.500406 3.495348 3.488633 3.481089 3.473546 3.465175
1.986478 2.003890 2.022960 2.042030 2.061929 2.082657 2.104214 2.125772 2.148987 2.172202 2.196246 2.221120 2.246822 2.272524 2.299885 2.328074 2.356264 2.385282 2.415129 2.444976 2.474823 2.505499 2.536176 2.566022 2.595868 2.626544 2.656390 2.686236 2.716911 2.747586 2.779918 2.813909 2.858677 2.905933 2.953188 2.999614 3.044381 3.089148 3.133086 3.177023 3.219302 3.259922 3.300542 3.339503 3.376805 3.413279 3.448923 3.482908 3.516064 3.546732 3.576571 3.604752 3.632102 3.656966 3.680171 3.700888 3.719947 3.737348 3.753090 3.766344 3.777111 3.787049 3.793670 3.798633 3.801109 3.802755 3.801914 3.800244 3.796087 3.791100 3.784456 3.776153 3.767021 3.757060 3.746271
1.994665 2.013732 2.032800 2.052697 2.073423 2.094149 2.116533 2.138917 2.162130 2.186172 2.211043 2.236743 2.263273 2.290631 2.318818 2.347005 2.376851 2.406696 2.437371 2.467216 2.498719 2.529394 2.560897 2.592401 2.623075 2.652920 2.683595 2.713440 2.744115 2.775618 2.807121 2.845257 2.892512 2.940596 2.988681 3.035936 3.081533 3.126301 3.171069 3.215008 3.259776 3.302886 3.346825 3.389935 3.432216 3.472839 3.513461 3.552426 3.588904 3.624552 3.658543 3.690046 3.719892 3.748079 3.773779 3.796992 3.818547 3.836786 3.853367 3.868290 3.879896 3.889845 3.896476 3.901451 3.903109 3.903109 3.902280 3.899793 3.895648 3.889845 3.883212 3.874093 3.864973 3.854196 3.841760
1.986478 2.003890 2.022960 2.042030 2.061929 2.082657 2.104214 2.125772 2.148987 2.172202 2.196246 2.221120 2.246822 2.272524 2.299885 2.328074 2.356264 2.385282 2.415129 2.444976 2.474823 2.505499 2.536176 2.566022 2.595868 2.626544 2.656390 2.686236 2.716911 2.747586 2.779918 2.813909 2.858677 2.905933 2.953188 2.999614 3.044381 3.089148 3.133086 3.177023 3.219302 3.259922 3.300542 3.339503 3.376805 3.413279 3.448923 3.482908 3.516064 3.546732 3.576571 3.604752 3.632102 3.656966 3.680171 3.700888 3.719947 3.737348 3.753090 3.766344 3.777111 3.787049 3.793670 3.798633 3.801109 3.802755 3.801914 3.800244 3.796087 3.791100 3.784456 3.776153 3.767021 3.757060 3.746271
1.959338 1.975922 1.993334 2.010746 2.028987 2.048057 2.067126 2.087023 2.107750 2.129305 2.150859 2.173242 2.196454 2.220493 2.245362 2.270229 2.295924 2.322449 2.349800 2.377151 2.405331 2.433508 2.462514 2.492348 2.521351 2.551181 2.581011 2.611668 2.642323 2.673806 2.705287 2.738424 2.772389 2.814642 2.855235 2.895825 2.936414 2.976170 3.015096 3.052361 3.087965 3.121909 3.153364 3.183987 3.212120 3.239423 3.264236 3.288218 3.310539 3.332030 3.351861 3.370861 3.389030 3.405539 3.420389 3.434407 3.447595 3.459124 3.470651 3.479690 3.488727 3.495277 3.501825 3.505886 3.509118 3.509862 3.509778 3.508035 3.504635 3.500406 3.495348 3.488633 3.481089 3.473546 3.465175
1.923998 1.938091 1.953014 1.968765 1.984514 2.000262 2.016839 2.033413 2.051645 2.069046 2.088104 2.107160 2.126214 2.146096 2.166804 2.187511 2.209044 2.230575 2.253761 2.276945 2.300955 2.325791 2.352282 2.378770 2.406084 2.435052 2.463187 2.492976 2.521932 2.551712 2.582317 2.612917 2.643512 2.674931 2.708002 2.740240 2.769985 2.798066 2.824485 2.850898 2.874819 2.897077 2.916844 2.934948 2.951389 2.966997 2.979285 2.990740 2.999705 3.007009 3.012654 3.017465 3.020616 3.023763 3.025251 3.026735 3.028216 3.029693 3.030340 3.031812 3.032453 3.033091 3.033727 3.034361 3.034993 3.034795 3.033768 3.032739 3.030882 3.029024 3.026338 3.022824 3.019310 3.014969 3.010628
1.881275 1.892876 1.905305 1.918562 1.931816 1.945067 1.958316 1.972392 1.986465 2.001364 2.015431 2.030324 2.045213 2.060099 2.074981 2.089858 2.105561 2.122089 2.139441 2.157618 2.176618 2.196443 2.217919 2.239390 2.262513 2.286458 2.310396 2.335156 2.359908 2.384652 2.408560 2.432459 2.456350 2.478574 2.501619 2.522169 2.541053 2.557443 2.572167 2.584397 2.595791 2.605520 2.611101 2.614190 2.614788 2.613724 2.610170 2.604127 2.596423 2.587061 2.576041 2.564189 2.550681 2.536342 2.522828 2.508485 2.494141 2.480621 2.467928 2.456060 2.445843 2.436452 2.429539 2.422624 2.418187 2.414574 2.411785 2.408994 2.406203 2.403410 2.400617 2.397823 2.394204 2.391410 2.387792
1.828668 1.838603 1.848535 1.859293 1.869218 1.879968 1.890715 1.900627 1.911365 1.920439 1.930337 1.939401 1.949290 1.959172 1.969049 1.978919 1.989613 2.001130 2.012639 2.025800 2.038953 2.052098 2.067722 2.083337 2.099772 2.115369 2.131784 2.147360 2.162098 2.175996 2.189055 2.201274 2.211826 2.221538 2.228755 2.234306 2.239018 2.239579 2.238476 2.235709 2.229622 2.221873 2.211635 2.198909 2.184523 2.166824 2.146642 2.123977 2.099657 2.074511 2.047716 2.020095 1.993304 1.965689 1.938077 1.909643 1.882039 1.853615 1.826022 1.799259 1.779100 1.759770 1.742917 1.727716 1.712517 1.698146 1.683777 1.670236 1.657522 1.645635 1.633751 1.622694 1.613287 1.603883 1.596127
1.769479 1.776915 1.784346 1.791771 1.797532 1.803288 1.808208 1.812292 1.817200 1.821273 1.825338 1.830226 1.835107 1.839981 1.845676 1.851364 1.857872 1.863542 1.870862 1.877342 1.884642 1.892761 1.901698 1.909795 1.917052 1.922639 1.928215 1.931294 1.933533 1.934103 1.932178 1.929414 1.924156 1.916405 1.906989 1.895909 1.882340 1.865455 1.846910 1.825880 1.801540 1.775545 1.747071 1.716119 1.683519 1.649271 1.613378 1.576666 1.539964 1.500795 1.460815 1.420024 1.380895 1.341781 1.302680 1.260301 1.216292 1.172304 1.129159 1.093440 1.069253 1.044254 1.019268 0.992650 0.965225 0.935350 0.904672 0.873191 0.841729 0.811926 0.785421 0.775325 0.769331 0.763340 0.758991
1.702030 1.704471 1.705247 1.705185 1.705117 1.705043 1.704131 1.703212 1.702285 1.702181 1.702068 1.701947 1.702647 1.703337 1.704848 1.705519 1.707009 1.708489 1.709129 1.711416 1.712862 1.712638 1.711573 1.709668 1.705265 1.700023 1.692284 1.682879 1.671808 1.657416 1.641360 1.622816 1.601783 1.579092 1.553916 1.525432 1.494469 1.461855 1.427594 1.390861 1.350833 1.308340 1.264211 1.216797 1.167753 1.117082 1.063962 1.010869 0.957805 0.903124 0.848476 0.793863 0.737641 0.678990 0.617915 0.558528 0.500006 0.451377 0.426576 0.400973 0.373751 0.344093 0.313640 0.280758 0.244631 0.206901 0.170022 0.135627 0.116781 0.110196 0.104433 0.099490 0.094552 0.089619 0.085505
1.618823 1.613774 1.607886 1.601162 1.595259 1.588519 1.582601 1.576674 1.571570 1.566455 1.562162 1.557859 1.553546 1.549223 1.544888 1.540544 1.537847 1.533479 1.528271 1.521392 1.512845 1.502629 1.490745 1.477195 1.461151 1.442614 1.422415 1.399728 1.374553 1.347722 1.318410 1.286617 1.252349 1.215608 1.174744 1.129764 1.081499 1.029952 0.977605 0.921161 0.864749 0.805899 0.745440 0.683375 0.620531 0.555268 0.488413 0.422435 0.360623 0.300509 0.247016 0.203417 0.160682 0.117989 0.080255 0.050746 0.031903 0.018804 0.010622 0.005716 0.003265 0.001631 0.000815 0.000815 0.000000 0.000000 0.000000 0.000000 0.000000 nan nan nan nan nan nan
1.517331 1.503953 1.489735 1.476341 1.463770 1.452852 1.441924 1.431819 1.422534 1.413240 1.403936 1.394621 1.384467 1.374302 1.364956 1.355600 1.343745 1.331050 1.315858 1.298999 1.280475 1.260287 1.237608 1.213269 1.186443 1.157133 1.125342 1.090247 1.050198 1.006027 0.957740 0.907823 0.853801 0.796506 0.736772 0.674602 0.612477 0.550398 0.485898 0.420629 0.356242 0.297672 0.244913 0.196314 0.151872 0.109940 0.073796 0.045889 0.027844 0.017186 0.009814 0.005721 0.003267 0.001632 0.000816 0.000815 0.000000 0.000000 0.000000 0.000000 0.000000 nan nan nan nan nan nan nan nan nan nan nan nan nan nan
1.395018 1.372472 1.350749 1.331513 1.313100 1.297171 1.282065 1.267781 1.254318 1.240015 1.224873 1.208891 1.192071 1.174413 1.158406 1.140732 1.120562 1.098729 1.075232 1.049246 1.019944 0.986503 0.949755 0.908049 0.863874 0.816408 0.765655 0.710797 0.653493 0.594575 0.535698 0.475216 0.413959 0.352755 0.295728 0.244520 0.195833 0.150488 0.110126 0.074740 0.047605 0.027888 0.017213 0.009829 0.005729 0.003271 0.001634 0.000817 0.000816 0.000000 0.000000 0.000000 0.000000 nan nan nan nan nan nan nan nan nan nan nan nan nan nan nan nan nan nan nan nan nan nan
1.226882 1.200153 1.176744 1.155822 1.137387 1.119776 1.101325 1.082866 1.063569 1.043433 1.022461 0.999822 0.975518 0.948720 0.921921 0.890973 0.857539 0.820795 0.780744 0.738220 0.692399 0.643288 0.591719 0.537699 0.482888 0.427290 0.370083 0.315401 0.264070 0.216088 0.170627 0.129335 0.092207 0.061706 0.037821 0.022184 0.013136 0.008204 0.004099 0.002457 0.000818 0.000818 0.000000 0.000000 0.000000 0.000000 0.000000 nan nan nan nan nan nan nan nan nan nan nan nan nan nan nan nan nan nan nan nan nan nan nan nan nan nan nan nan
1.041126 1.014375 0.989283 0.966680 0.944071 0.920625 0.897174 0.872056 0.846103 0.816824 0.785884 0.752455 0.714879 0.674821 0.631456 0.584789 0.534826 0.487375 0.438294 0.386759 0.334433 0.285457 0.239003 0.195896 0.154483 0.115589 0.081688 0.054425 0.033787 0.019764 0.011521 0.007401 0.004108 0.002463 0.000820 0.000820 0.000000 0.000000 0.000000 0.000000 0.000000 nan nan nan nan nan nan nan nan nan nan nan nan nan nan nan nan nan nan nan nan nan nan nan nan nan nan nan nan nan nan nan nan nan nan
0.832704 0.804274 0.776674 0.747406 0.718137 0.686372 0.652113 0.615364 0.576127 0.534408 0.492702 0.448520 0.402697 0.354407 0.303658 0.252942 0.210553 0.176483 0.144098 0.111741 0.079416 0.051260 0.030572 0.018166 0.010727 0.006597 0.004120 0.002470 0.001645 0.000822 0.000000 0.000000 0.000000 0.000000 0.000000 nan nan nan nan nan nan nan nan nan nan nan nan nan nan nan nan nan nan nan nan nan nan nan nan nan nan nan nan nan nan nan nan nan nan nan nan nan nan nan nan
0.587395 0.553968 0.519711 0.482960 0.444552 0.403656 0.361941 0.316916 0.270248 0.223604 0.193608 0.163629 0.135331 0.106224 0.077971 0.051401 0.031487 0.018219 0.009932 0.005790 0.003306 0.002478 0.001651 0.000825 0.000000 0.000000 0.000000 0.000000 0.000000 nan nan nan nan nan nan nan nan nan nan nan nan nan nan nan nan nan nan nan nan nan nan nan nan nan nan nan nan nan nan nan nan nan nan nan nan nan nan nan nan nan nan nan nan nan nan
