data/IdealizedTopo/Outputs_IdealizedTopo/release1HS_01IdealizedTopo_null_Gerris_pft.asc
ncols        1001
nrows        301
xllcorner    997.500000000000
yllcorner    -5002.500000000000
cellsize     5.000000000000
[rows 125 to 149 of 301, columns 56 to 111 of 1001]
0 0 0 0 0 0 0 0 0 0 0 0 0 0 0 0 0 0 0 0 0 0 0 0 0 0 0 0 0 0 0 0 0 0 0 0 0 0 0 0 0 0 0 0 0 0 0 0 0 0 0 0 0 0 0 0
0 0 0 0 0 0 0 0 0 0 0 0 0 0 0 0 0 0 0 0 0 0 0 0 0 0 0 0 0 0 0 0 0 0 0 0 0 0 0 0 0 0 0 0 0 0 0 0 0 0 0 0 0 0 0 0
0 0 0 0 0 0 0 0 0 0 0 0 0 0 0 0 0 0 0 0 0 0 0 0 0 0 0 0 0 0 0 0 0 0 0 0 0 0 0 0 0 0 0 0 0 0 0 0 0 0 0 0 0 0 0 0
0 0 0 0 0 0 0 0 0 0 0 0 0 0 0 0 0 0 0 0 0 0 0 0 0 0 0 0 0 0 0 0 0 0 0 0 0 0 0 0 0 0 0 0 0 0 0 0 0 0 0 0 0 0 0 0
0 0 0 0 0 0 0 0 0 0 0 0 0 0 0 0 0 0 0 0 0 0 0 0 0 0 0 0 0 0 0 0 0 0 0 0 0 0 0 0 0 0 0 0 0 0 0 0 0 0 0 0 0 0 0 0
0 0 0 0 0 0 0 0 0 0 0 0 0 0 0 0 0 0 0 0 0 0 0 0 0 0 0 0 0 0 0 0 0 0 0 0 0 0 0 0 0 0 0 0 0 0 0 0 0 0 0 0 0 0 0 0
0 0 0 0 0 0 0 0 0 0 0 0 0 0 0 0 0 0 0 0 0 0 0 0 0 0 0 0 0 0 0 0 0 0 0 0 0 0 0 0 0 0 0 0 0 0 0 0 0 0 0 0 0 0 0 0
0.003060499904677271843 0 0 0 0 0 0 0 0 0 0 0 0 0 0 0 0 0 0 0 0 0 0 0 0 0 0 0 0 0 0 0 0 0 0 0 0 0 0 0 0 0 0 0 0 0 0 0 0 0 0 0 0 0 0 0
0 0 0 0 0 0 0 0 0 0 0 0 0 0 0 0 0 0 0 0 0 0 0 0 0 0 0 0 0 0 0 0 0 0 0 0 0 0 0 0 0 0 0 0 0 0 0 0 0 0 0 0 0 0 0 0
0.24055500328540802002 0.23186500370502471924 0.20611900091171264648 0.18699499964714050293 0.17935800552368164062 0.1657399982213973999 0.14693699777126312256 0.13822199404239654541 0.12481000274419784546 0.11658000200986862183 0.091234102845191955566 0.075054600834846496582 0.066345602273941040039 0.050879899412393569946 0.032191399484872817993 0.021212700754404067993 0.036225900053977966309 0.030610200017690658569 0.022633699700236320496 0.022633699700236320496 0.016008399426937103271 0.016008399426937103271 0.011629099957644939423 0.0068435701541602611542 0.0068435701541602611542 0.00015345400606747716665 0.00014472400653176009655 0.00014472400653176009655 0 0 0 0 0 0 0 0 0 0 0 0 0 0 0 0 0 0 0 0 0 0 0 0 0 0 0 0
0.62423402070999145508 0.62187498807907104492 0.60372298955917358398 0.58753800392150878906 0.58393597602844238281 0.56761002540588378906 0.5437870025634765625 0.54506599903106689453 0.53503900766372680664 0.53778898715972900391 0.5251979827880859375 0.51677501201629638672 0.50511497259140014648 0.48251199722290039062 0.4338760077953338623 0.4150950014591217041 0.38198500871658325195 0.35869899392127990723 0.28894400596618652344 0.25096800923347473145 0.21947799623012542725 0.18904200196266174316 0.16169500350952148438 0.13883699476718902588 0.11648699641227722168 0.10273700207471847534 0.084010399878025054932 0.056220401078462600708 0.037941399961709976196 0.051727201789617538452 0.040627200156450271606 0.030126700177788734436 0.030126700177788734436 0.020830299705266952515 0.012479700148105621338 0.012479700148105621338 0.0073969499208033084869 0.0073969499208033084869 0.00013919899356551468372 0 0 0 0 0 0 0 0 0 0 0 0 0 0 0 0 0
1.0732200145721435547 1.0731999874114990234 1.0730799436569213867 1.0730899572372436523 1.0731300115585327148 1.0731999874114990234 1.0733100175857543945 1.0733300447463989258 1.073269963264465332 1.0732200145721435547 1.0731400251388549805 1.072980046272277832 0.97890299558639526367 0.80879497528076171875 0.72030299901962280273 0.68457597494125366211 0.6489970088005065918 0.61672800779342651367 0.55862098932266235352 0.52791798114776611328 0.4949760138988494873 0.46028599143028259277 0.41627100110054016113 0.37991699576377868652 0.34845298528671264648 0.31080800294876098633 0.24741500616073608398 0.21289800107479095459 0.17444199323654174805 0.14970600605010986328 0.11540500074625015259 0.09733120352029800415 0.083429299294948577881 0.069328598678112030029 0.042471900582313537598 0.032406501471996307373 0.026267299428582191467 0.018114399164915084839 0.00083519198233261704445 0 0 0 0 0 0 0 0 0 0 0 0 0 0 0 0 0
1.4219499826431274414 1.4179799556732177734 1.42173004150390625 1.4219100475311279297 1.4179699420928955078 1.4216300249099731445 1.4221400022506713867 1.4181499481201171875 1.4216300249099731445 1.4218100309371948242 1.3911000490188598633 1.4213099479675292969 1.2407799959182739258 1.0176399946212768555 0.92145699262619018555 0.8966630101203918457 0.85791802406311035156 0.82765501737594604492 0.77446699142456054688 0.74283802509307861328 0.71296799182891845703 0.68396300077438354492 0.64247798919677734375 0.61446797847747802734 0.58622401952743530273 0.56566798686981201172 0.5025590062141418457 0.46026301383972167969 0.42237299680709838867 0.38029199838638305664 0.30369600653648376465 0.28557100892066955566 0.23851799964904785156 0.21857699751853942871 0.14624400436878204346 0.11702500283718109131 0.12479899823665618896 0.084007896482944488525 0.050049200654029846191 0.032309301197528839111 0.044902801513671875 0.034112099558115005493 0.02298320084810256958 0.02298320084810256958 0.015028599649667739868 0.015028599649667739868 0.0081486301496624946594 0.00014094400103203952312 0.00014094400103203952312 0 0 0 0 0 0 0
1.4843699932098388672 1.4827300310134887695 1.4832299947738647461 1.4862799644470214844 1.4840300083160400391 1.4871799945831298828 1.4881700277328491211 1.4851599931716918945 1.488860011100769043 1.4858499765396118164 1.4804300069808959961 1.4758000373840332031 1.3147399425506591797 1.1900999546051025391 1.0995600223541259766 1.068240046501159668 1.0378899574279785156 1.0076899528503417969 0.9593480229377746582 0.93361002206802368164 0.90451300144195556641 0.88088899850845336914 0.84621697664260864258 0.81855702400207519531 0.79794800281524658203 0.76858597993850708008 0.72567498683929443359 0.6991519927978515625 0.66973197460174560547 0.63918602466583251953 0.56428700685501098633 0.52906501293182373047 0.48928299546241760254 0.44938400387763977051 0.36596098542213439941 0.32553398609161376953 0.30834901332855224609 0.26526099443435668945 0.20019599795341491699 0.15288299322128295898 0.12912699580192565918 0.10551500320434570312 0.074122101068496704102 0.063777402043342590332 0.047205999493598937988 0.042965400964021682739 0.020662300288677215576 0 0.00084566499572247266769 0 0 0 0 0 0 0
1.5174399614334106445 1.5195900201797485352 1.517310023307800293 1.519739985466003418 1.5183500051498413086 1.5207400321960449219 1.5212399959564208984 1.5199600458145141602 1.5226999521255493164 1.5200099945068359375 1.5153000354766845703 1.5001200437545776367 1.4639799594879150391 1.4272199869155883789 1.3651800155639648438 1.3422700166702270508 1.3184800148010253906 1.2964899539947509766 1.2631700038909912109 1.2439399957656860352 1.2225400209426879883 1.2084599733352661133 1.1911900043487548828 1.1703000068664550781 1.1536699533462524414 1.1362199783325195312 1.1072900295257568359 1.0899000167846679688 1.0697699785232543945 1.0497100353240966797 1.0074100494384765625 0.98960000276565551758 0.96874797344207763672 0.94593602418899536133 0.89085501432418823242 0.86234098672866821289 0.84240198135375976562 0.80881899595260620117 0.7283700108528137207 0.68498402833938598633 0.64135599136352539062 0.59467399120330810547 0.50846099853515625 0.46472200751304626465 0.42032700777053833008 0.37634098529815673828 0.29651498794555664062 0.25575798749923706055 0.22456400096416473389 0.18774700164794921875 0.12379799783229827881 0.10622700303792953491 0.085670702159404754639 0.072669602930545806885 0.046013601124286651611 0.044441800564527511597
1.5302699804306030273 1.5341000556945800781 1.5365500450134277344 1.5343099832534790039 1.5350999832153320312 1.5350799560546875 1.5372099876403808594 1.5378500223159790039 1.5383299589157104492 1.5402899980545043945 1.5391499996185302734 1.5327500104904174805 1.5234099626541137695 1.5048199892044067383 1.4620800018310546875 1.4516500234603881836 1.4295400381088256836 1.4095400571823120117 1.3862899541854858398 1.3685699701309204102 1.3486800193786621094 1.3367700576782226562 1.3322000503540039062 1.3147900104522705078 1.30055999755859375 1.2923799753189086914 1.2719800472259521484 1.25811004638671875 1.2429000139236450195 1.2256499528884887695 1.1848100423812866211 1.1941699981689453125 1.1605499982833862305 1.1449799537658691406 1.1030399799346923828 1.0841499567031860352 1.0991799831390380859 1.0532300472259521484 0.99623697996139526367 0.98208802938461303711 0.9358469843864440918 0.91154402494430541992 0.82894700765609741211 0.77131098508834838867 0.74248200654983520508 0.68303602933883666992 0.59420597553253173828 0.56654500961303710938 0.50449502468109130859 0.47575700283050537109 0.37877699732780456543 0.31432899832725524902 0.29390799999237060547 0.24551899731159210205 0.18111300468444824219 0.18265299499034881592
1.5478399991989135742 1.5499099493026733398 1.5547499656677246094 1.5550999641418457031 1.5554699897766113281 1.556959986686706543 1.5594600439071655273 1.5609400272369384766 1.5634900331497192383 1.564129948616027832 1.5668200254440307617 1.5684800148010253906 1.5646799802780151367 1.5613399744033813477 1.5443799495697021484 1.5363199710845947266 1.5233600139617919922 1.5091899633407592773 1.4895700216293334961 1.4759700298309326172 1.4593700170516967773 1.4518400430679321289 1.4510899782180786133 1.4366600513458251953 1.4278600215911865234 1.4191399812698364258 1.4092199802398681641 1.4011199474334716797 1.3895800113677978516 1.3791699409484863281 1.3482400178909301758 1.3527200222015380859 1.3392699956893920898 1.3273700475692749023 1.2938100099563598633 1.2827899456024169922 1.2783499956130981445 1.2650200128555297852 1.2317500114440917969 1.2051600217819213867 1.1892999410629272461 1.1628700494766235352 1.1164100170135498047 1.0893800258636474609 1.0554499626159667969 1.0293600559234619141 0.94700598716735839844 0.90001702308654785156 0.86099702119827270508 0.81453800201416015625 0.72388499975204467773 0.67752301692962646484 0.62936300039291381836 0.58106499910354614258 0.48221001029014587402 0.44674700498580932617
1.5709300041198730469 1.5727499723434448242 1.5738699436187744141 1.5752999782562255859 1.5778900384902954102 1.5800299644470214844 1.5852999687194824219 1.588950037956237793 1.5912400484085083008 1.5940200090408325195 1.5986599922180175781 1.6008000373840332031 1.6036000251770019531 1.6027599573135375977 1.5991599559783935547 1.6034799814224243164 1.5965399742126464844 1.5904599428176879883 1.58180999755859375 1.5698299407958984375 1.5555399656295776367 1.5495400428771972656 1.5573099851608276367 1.5450999736785888672 1.5373100042343139648 1.5354800224304199219 1.5321999788284301758 1.5288000106811523438 1.5233700275421142578 1.5164300203323364258 1.5012700557708740234 1.5099899768829345703 1.5018899440765380859 1.4957799911499023438 1.4709299802780151367 1.4639199972152709961 1.4992699623107910156 1.4524300098419189453 1.4181200265884399414 1.4220700263977050781 1.3889700174331665039 1.3915799856185913086 1.3593000173568725586 1.3213200569152832031 1.3228000402450561523 1.2786699533462524414 1.2332799434661865234 1.2291200160980224609 1.1838699579238891602 1.1694999933242797852 1.0961300134658813477 1.0477700233459472656 1.0115799903869628906 0.96117997169494628906 0.87038600444793701172 0.82952302694320678711
1.6067600250244140625 1.6122699975967407227 1.6219099760055541992 1.6267199516296386719 1.6298999786376953125 1.6339900493621826172 1.6470600366592407227 1.6528700590133666992 1.6583399772644042969 1.6652599573135375977 1.6749399900436401367 1.6782900094985961914 1.6825200319290161133 1.6855499744415283203 1.6905599832534790039 1.6941399574279785156 1.696869969367980957 1.6941000223159790039 1.6953699588775634766 1.6959300041198730469 1.6886800527572631836 1.6909500360488891602 1.7145600318908691406 1.7101299762725830078 1.7126200199127197266 1.718690037727355957 1.7341699600219726562 1.7391300201416015625 1.7396399974822998047 1.7392200231552124023 1.7375400066375732422 1.7453099489212036133 1.7451499700546264648 1.7481800317764282227 1.7398699522018432617 1.7433600425720214844 1.7854800224304199219 1.7697000503540039062 1.7618399858474731445 1.7698999643325805664 1.7656199932098388672 1.7748999595642089844 1.7755700349807739258 1.7630399465560913086 1.7740999460220336914 1.7583600282669067383 1.7492200136184692383 1.7568600177764892578 1.7343499660491943359 1.7442200183868408203 1.7148699760437011719 1.6814299821853637695 1.6875 1.6486799716949462891 1.6115000247955322266 1.5971299409866333008
1.6270300149917602539 1.6351900100708007812 1.6451699733734130859 1.6511399745941162109 1.6591700315475463867 1.6651099920272827148 1.6795400381088256836 1.6878399848937988281 1.6975200176239013672 1.7037600278854370117 1.7148499488830566406 1.7202500104904174805 1.7236100435256958008 1.7285900115966796875 1.7354600429534912109 1.7403199672698974609 1.7433600425720214844 1.7433899641036987305 1.7514200210571289062 1.7546399831771850586 1.7564799785614013672 1.7637599706649780273 1.7905100584030151367 1.7950600385665893555 1.8032100200653076172 1.8080199956893920898 1.8254200220108032227 1.8316999673843383789 1.8327599763870239258 1.836609959602355957 1.8345700502395629883 1.8434000015258789062 1.8499799966812133789 1.8563400506973266602 1.8610399961471557617 1.8698099851608276367 1.8898500204086303711 1.901450037956237793 1.9142299890518188477 1.9191800355911254883 1.9234499931335449219 1.9314899444580078125 1.9426300525665283203 1.9445099830627441406 1.9507000446319580078 1.9544600248336791992 1.9542599916458129883 1.9571499824523925781 1.9586900472640991211 1.9577300548553466797 1.9552400112152099609 1.9532400369644165039 1.9487400054931640625 1.9419699907302856445 1.9329600334167480469 1.9270700216293334961
1.6476199626922607422 1.6569700241088867188 1.6756299734115600586 1.6832300424575805664 1.692129969596862793 1.7009600400924682617 1.7114900350570678711 1.7207800149917602539 1.7249200344085693359 1.7301900386810302734 1.742030024528503418 1.7462999820709228516 1.7538299560546875 1.7574399709701538086 1.7696499824523925781 1.7767800092697143555 1.7838499546051025391 1.7886199951171875 1.8046799898147583008 1.8134900331497192383 1.8157099485397338867 1.8260999917984008789 1.8586499691009521484 1.8645800352096557617 1.8742200136184692383 1.8800699710845947266 1.9024100303649902344 1.909420013427734375 1.9105199575424194336 1.9154000282287597656 1.924100041389465332 1.9374300241470336914 1.9467699527740478516 1.9555200338363647461 1.9713499546051025391 1.98451995849609375 2.0161700248718261719 2.0207600593566894531 2.0440199375152587891 2.0530800819396972656 2.0634799003601074219 2.0734798908233642578 2.0927999019622802734 2.1022200584411621094 2.1110799312591552734 2.11894989013671875 2.1336700916290283203 2.140399932861328125 2.1460399627685546875 2.1563498973846435547 2.1679499149322509766 2.1651699542999267578 2.1781699657440185547 2.1675200462341308594 2.1690499782562255859 2.1783299446105957031
1.6758699417114257812 1.6873899698257446289 1.6991200447082519531 1.7061400413513183594 1.7180800437927246094 1.7252999544143676758 1.7340600490570068359 1.7336800098419189453 1.7401900291442871094 1.7503299713134765625 1.766139984130859375 1.7733900547027587891 1.775709986686706543 1.7828299999237060547 1.8053100109100341797 1.8197400569915771484 1.8293100595474243164 1.8334499597549438477 1.8517999649047851562 1.8610099554061889648 1.8723000288009643555 1.8837200403213500977 1.9025000333786010742 1.9125399589538574219 1.9235800504684448242 1.9326200485229492188 1.9545199871063232422 1.9666199684143066406 1.9763699769973754883 1.9857800006866455078 2.0115799903869628906 2.0237500667572021484 2.0371000766754150391 2.0502500534057617188 2.0755200386047363281 2.0899999141693115234 2.10260009765625 2.1175599098205566406 2.1465899944305419922 2.1621999740600585938 2.1785099506378173828 2.1915299892425537109 2.2216999530792236328 2.2375299930572509766 2.2496700286865234375 2.2635099887847900391 2.2894001007080078125 2.3018600940704345703 2.3141999244689941406 2.3272299766540527344 2.3495800495147705078 2.3584399223327636719 2.3694400787353515625 2.3772799968719482422 2.3939199447631835938 2.3988699913024902344
1.7210700511932373047 1.7268199920654296875 1.7397999763488769531 1.7459299564361572266 1.7528200149536132812 1.7625499963760375977 1.7860699892044067383 1.7755999565124511719 1.7775700092315673828 1.7903699874877929688 1.8069499731063842773 1.8136500120162963867 1.8193600177764892578 1.8287500143051147461 1.8606200218200683594 1.8813099861145019531 1.8957799673080444336 1.9027800559997558594 1.9273099899291992188 1.9409099817276000977 1.9537999629974365234 1.9675199985504150391 1.9905099868774414062 2.0026500225067138672 2.0152299404144287109 2.0274400711059570312 2.0543000698089599609 2.0691099166870117188 2.0850200653076171875 2.1017599105834960938 2.1381900310516357422 2.1558001041412353516 2.1747899055480957031 2.1930799484252929688 2.2291800975799560547 2.2479300498962402344 2.2645599842071533203 2.2826399803161621094 2.3171999454498291016 2.3344199657440185547 2.3532400131225585938 2.3710100650787353516 2.4121100902557373047 2.4324800968170166016 2.4531900882720947266 2.4758999347686767578 2.5185799598693847656 2.5385799407958984375 2.5631799697875976562 2.5795400142669677734 2.6198499202728271484 2.6446399688720703125 2.6617200374603271484 2.6812500953674316406 2.7277500629425048828 2.742340087890625
1.7322900295257568359 1.7393900156021118164 1.7518800497055053711 1.7585099935531616211 1.7661700248718261719 1.7784099578857421875 1.8052799701690673828 1.7966799736022949219 1.7972700595855712891 1.8112100362777709961 1.8305799961090087891 1.8388700485229492188 1.8438700437545776367 1.8529700040817260742 1.8849200010299682617 1.9032399654388427734 1.9178400039672851562 1.9241100549697875977 1.9483699798583984375 1.9632999897003173828 1.9790099859237670898 1.9949500560760498047 2.0231599807739257812 2.037960052490234375 2.0530600547790527344 2.0672800540924072266 2.0962998867034912109 2.1118500232696533203 2.1282401084899902344 2.1452898979187011719 2.1811499595642089844 2.1995298862457275391 2.2190198898315429688 2.2391600608825683594 2.2801001071929931641 2.2998299598693847656 2.3167700767517089844 2.3359200954437255859 2.3770799636840820312 2.3965399265289306641 2.4172101020812988281 2.4360499382019042969 2.4797000885009765625 2.503170013427734375 2.5223400592803955078 2.5448999404907226562 2.5889999866485595703 2.6132400035858154297 2.6381599903106689453 2.6616199016571044922 2.7097499370574951172 2.7345299720764160156 2.7589299678802490234 2.7845199108123779297 2.8334500789642333984 2.8546600341796875
1.7387599945068359375 1.748289942741394043 1.7634299993515014648 1.7705600261688232422 1.7789399623870849609 1.7906399965286254883 1.8134399652481079102 1.812070012092590332 1.814329981803894043 1.82826995849609375 1.8515800237655639648 1.859889984130859375 1.8693699836730957031 1.8765300512313842773 1.8933999538421630859 1.9197000265121459961 1.9339499473571777344 1.9375400543212890625 1.9608000516891479492 1.9746299982070922852 1.9918800592422485352 2.0097899436950683594 2.0420498847961425781 2.0599100589752197266 2.0774800777435302734 2.0932400226593017578 2.1258499622344970703 2.1425700187683105469 2.1589701175689697266 2.1760699748992919922 2.2116000652313232422 2.2289600372314453125 2.2477900981903076172 2.2676899433135986328 2.3079700469970703125 2.329010009765625 2.3510999679565429688 2.3722701072692871094 2.4148700237274169922 2.4372398853302001953 2.4590198993682861328 2.4782500267028808594 2.5233900547027587891 2.5480101108551025391 2.5687799453735351562 2.5920500755310058594 2.6402900218963623047 2.6629500389099121094 2.6875500679016113281 2.7125899791717529297 2.7629399299621582031 2.7891700267791748047 2.8168399333953857422 2.8447299003601074219 2.8974599838256835938 2.9253399372100830078
