data/IdealizedTopo/Outputs_IdealizedTopo/release1HS_null_01IdealizedTopo_faSavageHutterFoam_pft.asc
xllcenter 1000
yllcenter -5000
nrows 301
ncols 1001
NODATA_value -9999
cellsize 5
[rows 96 to 127 of 301, columns 71 to 141 of 1001]
-9999 -9999 -9999 -9999 -9999 -9999 -9999 -9999 -9999 -9999 -9999 -9999 -9999 -9999 -9999 -9999 -9999 -9999 -9999 -9999 -9999 -9999 -9999 -9999 -9999 -9999 -9999 -9999 -9999 -9999 -9999 -9999 -9999 -9999 -9999 -9999 -9999 -9999 -9999 -9999 -9999 -9999 -9999 -9999 -9999 -9999 -9999 -9999 -9999 -9999 -9999 -9999 -9999 -9999 -9999 -9999 -9999 -9999 -9999 -9999 -9999 -9999 -9999 -9999 -9999 -9999 -9999 -9999 -9999 -9999 -9999
-9999 -9999 -9999 -9999 -9999 -9999 -9999 -9999 -9999 -9999 -9999 -9999 -9999 -9999 -9999 -9999 -9999 -9999 -9999 -9999 -9999 -9999 -9999 -9999 -9999 -9999 -9999 -9999 -9999 -9999 -9999 -9999 -9999 -9999 -9999 -9999 -9999 -9999 -9999 -9999 -9999 -9999 -9999 -9999 -9999 -9999 -9999 -9999 -9999 -9999 -9999 -9999 -9999 -9999 -9999 -9999 -9999 -9999 -9999 -9999 -9999 -9999 -9999 -9999 -9999 -9999 -9999 -9999 -9999 -9999 -9999
-9999 -9999 -9999 -9999 -9999 -9999 -9999 -9999 -9999 -9999 -9999 -9999 -9999 -9999 -9999 -9999 -9999 -9999 -9999 -9999 -9999 -9999 -9999 -9999 -9999 -9999 -9999 -9999 -9999 -9999 -9999 -9999 -9999 -9999 -9999 -9999 -9999 -9999 -9999 -9999 -9999 -9999 -9999 -9999 -9999 -9999 -9999 -9999 -9999 -9999 -9999 -9999 -9999 -9999 -9999 -9999 -9999 -9999 -9999 -9999 -9999 -9999 -9999 -9999 -9999 -9999 -9999 -9999 -9999 -9999 -9999
-9999 -9999 -9999 -9999 -9999 -9999 -9999 -9999 -9999 -9999 -9999 -9999 -9999 -9999 -9999 -9999 -9999 -9999 -9999 -9999 -9999 -9999 -9999 -9999 -9999 -9999 -9999 -9999 -9999 -9999 -9999 -9999 -9999 -9999 -9999 -9999 -9999 -9999 -9999 -9999 -9999 -9999 -9999 -9999 -9999 -9999 -9999 -9999 -9999 -9999 -9999 -9999 -9999 -9999 -9999 -9999 -9999 -9999 -9999 -9999 -9999 -9999 -9999 -9999 -9999 -9999 -9999 -9999 -9999 -9999 -9999
1.00249e-05 1.02645e-05 1e-05 1.01558e-05 1e-05 1.00111e-05 1.00626e-05 1.00008e-05 1.00427e-05 1.00014e-05 1.00284e-05 9.9831e-06 1.00005e-05 9.99013e-06 1.00187e-05 1.00032e-05 1.00275e-05 9.99999e-06 1.00105e-05 1e-05 1.00342e-05 1.00612e-05 1.0043e-05 9.99707e-06 9.99999e-06 1.00695e-05 1.00317e-05 1.00201e-05 9.99889e-06 9.99981e-06 1e-05 1.00011e-05 1.00708e-05 1.00224e-05 1.00206e-05 1e-05 1.0003e-05 9.98993e-06 1e-05 1.0006e-05 1e-05 1.00306e-05 1.00003e-05 1.00339e-05 9.99996e-06 1.00003e-05 9.99656e-06 9.99923e-06 1.00441e-05 1.00005e-05 1.00349e-05 1.00087e-05 1.0033e-05 1.00215e-05 9.99599e-06 1.00207e-05 9.99761e-06 1.00349e-05 1e-05 1.00355e-05 9.99993e-06 1.00006e-05 9.99529e-06 1.00285e-05 1.00237e-05 9.99965e-06 1.00212e-05 1.00616e-05 9.99828e-06 1.00122e-05 9.99924e-06
9.9934e-06 9.99029e-06 9.9985e-06 9.99385e-06 9.99865e-06 1.00121e-05 9.994e-06 1e-05 9.99761e-06 9.99758e-06 9.9904e-06 9.99826e-06 9.9986e-06 9.98966e-06 9.99314e-06 9.9982e-06 9.99962e-06 1e-05 9.99815e-06 9.99998e-06 9.99978e-06 1.00087e-05 9.99739e-06 1e-05 9.99999e-06 9.99683e-06 9.99842e-06 9.99877e-06 9.98847e-06 1e-05 9.99993e-06 1e-05 9.99664e-06 1e-05 9.99772e-06 9.99996e-06 9.99893e-06 1e-05 1e-05 9.99942e-06 9.99901e-06 9.99651e-06 1e-05 9.99917e-06 1e-05 1.0001e-05 9.99938e-06 9.99994e-06 1.00002e-05 9.99951e-06 1e-05 1e-05 9.99742e-06 1.0006e-05 1.00031e-05 9.9978e-06 9.99985e-06 1.00001e-05 9.99973e-06 1.00024e-05 9.99844e-06 1.00054e-05 9.99785e-06 9.99978e-06 9.99836e-06 9.99443e-06 9.99952e-06 9.99731e-06 1.00011e-05 1.00071e-05 1.00224e-05
9.99967e-06 1e-05 1e-05 1.00002e-05 9.99651e-06 1.00268e-05 9.99765e-06 1e-05 1e-05 9.99995e-06 9.99999e-06 1e-05 1e-05 9.99999e-06 9.99999e-06 1e-05 1e-05 9.99997e-06 1e-05 1e-05 9.99999e-06 9.99993e-06 1e-05 1e-05 9.99999e-06 1e-05 9.99999e-06 1e-05 1e-05 1e-05 1e-05 1e-05 1e-05 1e-05 1e-05 9.99998e-06 1e-05 1e-05 1e-05 1e-05 1e-05 1e-05 1e-05 9.99999e-06 1e-05 9.99998e-06 1e-05 1.00001e-05 1.00001e-05 9.99995e-06 9.99999e-06 1e-05 1.00002e-05 1.0001e-05 9.99926e-06 9.99999e-06 9.99996e-06 1e-05 1e-05 1.00018e-05 9.9988e-06 1.00013e-05 1.00212e-05 9.99833e-06 1.00119e-05 9.99767e-06 1.00002e-05 1.00074e-05 1e-05 1.00066e-05 1.00004e-05
9.99958e-06 1e-05 1e-05 1.00006e-05 9.9959e-06 9.99959e-06 9.99998e-06 9.99376e-06 1.00016e-05 1e-05 9.99997e-06 1e-05 1.00003e-05 9.99997e-06 1e-05 1e-05 1e-05 1e-05 1e-05 1e-05 9.99999e-06 1e-05 1e-05 1e-05 9.99999e-06 1e-05 9.99999e-06 1e-05 9.99999e-06 1e-05 1e-05 1e-05 1e-05 9.99998e-06 1e-05 9.99997e-06 1e-05 1e-05 1e-05 9.99999e-06 1e-05 1e-05 9.99999e-06 1e-05 1e-05 9.99998e-06 1e-05 1.00066e-05 9.99896e-06 9.99999e-06 1e-05 9.99999e-06 1.00149e-05 1e-05 1e-05 1e-05 1e-05 9.99999e-06 1e-05 9.99879e-06 1e-05 1.0001e-05 1.00069e-05 9.99811e-06 1.00003e-05 9.99946e-06 1.00139e-05 1.00048e-05 1e-05 9.99995e-06 1.00002e-05
1e-05 1e-05 9.99999e-06 1.00008e-05 9.99337e-06 1e-05 9.99999e-06 9.99823e-06 1.00425e-05 1e-05 1e-05 1e-05 1.00002e-05 9.99937e-06 9.99999e-06 1e-05 1e-05 9.99999e-06 9.99999e-06 9.99996e-06 1e-05 1e-05 9.99999e-06 1e-05 9.99999e-06 1e-05 1.00001e-05 1e-05 1e-05 1e-05 9.99999e-06 1e-05 1e-05 1e-05 1e-05 1e-05 1e-05 9.99999e-06 1e-05 1e-05 9.99998e-06 1.00002e-05 1e-05 1e-05 1e-05 1e-05 1e-05 9.99996e-06 1e-05 1.00004e-05 1e-05 1e-05 1e-05 1e-05 9.99999e-06 1e-05 9.99969e-06 1e-05 1e-05 1.00055e-05 9.99921e-06 1.00001e-05 1.00012e-05 9.99975e-06 1.00106e-05 1.00003e-05 1.00032e-05 1.00004e-05 9.9985e-06 1e-05 1.00001e-05
9.99998e-06 1e-05 1e-05 1.00009e-05 9.99159e-06 1e-05 1e-05 9.99915e-06 1.00124e-05 1e-05 1e-05 9.99999e-06 1.00001e-05 9.99974e-06 1e-05 1e-05 1e-05 9.9935e-06 1.00005e-05 9.99999e-06 1e-05 1e-05 1e-05 1e-05 1e-05 1.00005e-05 1.00201e-05 1e-05 1e-05 1e-05 9.99999e-06 1e-05 1e-05 9.99998e-06 1e-05 1e-05 1e-05 9.99995e-06 9.99999e-06 1e-05 9.99998e-06 1.00087e-05 1e-05 1e-05 1e-05 9.99999e-06 1e-05 1e-05 1e-05 1.00004e-05 1e-05 1e-05 1.00001e-05 1e-05 1e-05 1e-05 1.00019e-05 9.99981e-06 1e-05 1.00144e-05 9.99766e-06 1.00002e-05 1.00002e-05 1.00001e-05 9.9999e-06 1.00027e-05 9.9997e-06 1.00107e-05 9.99959e-06 1.00091e-05 1.00002e-05
1e-05 1e-05 1e-05 1.00008e-05 9.9914e-06 1e-05 1e-05 1e-05 1.00059e-05 1e-05 1e-05 9.99999e-06 1.00007e-05 9.99838e-06 1e-05 1e-05 1e-05 9.99928e-06 1.00414e-05 1e-05 1e-05 1e-05 9.99999e-06 1e-05 9.99999e-06 1e-05 1.00003e-05 9.99999e-06 1e-05 1.00004e-05 9.99999e-06 1e-05 1e-05 9.99999e-06 9.99999e-06 1e-05 1.00002e-05 1.00005e-05 1e-05 1e-05 1e-05 1.00006e-05 1e-05 9.99999e-06 1e-05 1e-05 9.99998e-06 1e-05 1e-05 1.00005e-05 1e-05 1e-05 1.00003e-05 1e-05 1e-05 1e-05 1.00003e-05 9.99979e-06 1e-05 1.00095e-05 9.9975e-06 1.00005e-05 1.00056e-05 1.00006e-05 9.99979e-06 1.00004e-05 9.9997e-06 1.00021e-05 9.99985e-06 1.00033e-05 1.00001e-05
1e-05 1.00006e-05 1e-05 1.00007e-05 9.99227e-06 1.00001e-05 9.99907e-06 1e-05 1.0001e-05 1e-05 9.99999e-06 9.99999e-06 1.00007e-05 9.99808e-06 1e-05 9.99999e-06 1e-05 9.9972e-06 1.00052e-05 9.99999e-06 1e-05 1e-05 1e-05 1e-05 1e-05 1e-05 1e-05 9.99999e-06 1e-05 1.0001e-05 9.99988e-06 1e-05 1e-05 1e-05 9.99999e-06 1e-05 9.99998e-06 1e-05 1e-05 1e-05 1e-05 1.00005e-05 1e-05 9.99999e-06 1e-05 9.99999e-06 9.99997e-06 1.00001e-05 1e-05 1.00006e-05 1e-05 1e-05 1.00053e-05 9.99999e-06 9.99999e-06 1e-05 1e-05 1e-05 1.00002e-05 1.00131e-05 9.99778e-06 1.00008e-05 1.00075e-05 1.00009e-05 1.00035e-05 1e-05 1e-05 9.99999e-06 1e-05 1.00019e-05 9.99987e-06
1.00114e-05 1.00373e-05 9.99529e-06 1.00005e-05 9.99352e-06 1.0011e-05 9.99572e-06 9.99726e-06 1.00021e-05 1e-05 1e-05 1e-05 1.00002e-05 9.99944e-06 1e-05 1e-05 1e-05 9.9969e-06 1.00178e-05 9.99997e-06 1e-05 1e-05 1e-05 1e-05 1e-05 1.00003e-05 1.00118e-05 9.99999e-06 1.00001e-05 1.00012e-05 9.99954e-06 1.00006e-05 1e-05 1e-05 9.99999e-06 1e-05 9.99999e-06 1e-05 1e-05 1e-05 1e-05 1.00005e-05 1e-05 9.99999e-06 1e-05 1e-05 9.99997e-06 1.00003e-05 9.99998e-06 1.00004e-05 1e-05 1e-05 1.00174e-05 9.99999e-06 9.99999e-06 1e-05 9.99999e-06 1e-05 1.00001e-05 1.0009e-05 9.9979e-06 1.00131e-05 1.00017e-05 1.0001e-05 1.00027e-05 9.99998e-06 9.99999e-06 1e-05 1e-05 1.00008e-05 1.00001e-05
1.00613e-05 9.99759e-06 1.00066e-05 1.00016e-05 1.0019e-05 1.00974e-05 9.98503e-06 9.98397e-06 1.00198e-05 9.98769e-06 1e-05 1e-05 1.00007e-05 1e-05 9.99999e-06 1e-05 9.99999e-06 9.99988e-06 1.00196e-05 1e-05 9.99999e-06 1e-05 1e-05 1e-05 1e-05 1.00001e-05 1.00028e-05 9.99999e-06 1e-05 1.00012e-05 1e-05 1.00027e-05 1e-05 9.99999e-06 9.99999e-06 1e-05 9.99999e-06 9.99998e-06 1e-05 1e-05 1e-05 1.00005e-05 1e-05 9.99999e-06 1e-05 1e-05 9.99997e-06 1.00001e-05 1e-05 1.00003e-05 1e-05 9.99999e-06 1.00086e-05 9.99999e-06 9.99999e-06 1e-05 1e-05 1e-05 1e-05 1.00073e-05 9.99841e-06 1.00091e-05 1.00001e-05 1.0001e-05 1.00026e-05 9.99999e-06 9.99998e-06 1e-05 1e-05 1.00008e-05 1.00001e-05
1.00041e-05 9.99349e-06 1.00037e-05 1.00009e-05 1.03926e-05 9.98963e-06 9.99175e-06 1.0088e-05 1.00226e-05 1.0093e-05 9.99568e-06 9.98876e-06 1.00022e-05 9.98913e-06 9.99999e-06 1e-05 1e-05 9.99901e-06 9.99988e-06 9.99996e-06 9.99999e-06 1e-05 1e-05 1e-05 1e-05 1e-05 9.99999e-06 9.99999e-06 1e-05 1.0001e-05 9.99998e-06 1e-05 1e-05 9.99999e-06 9.99999e-06 1e-05 9.99999e-06 1e-05 1e-05 1e-05 1e-05 1.00005e-05 1e-05 9.99999e-06 1e-05 1e-05 9.99997e-06 1.00001e-05 1e-05 1.00002e-05 9.99999e-06 9.99999e-06 1.00003e-05 9.99999e-06 9.99999e-06 1e-05 1e-05 1e-05 1e-05 1.00071e-05 9.99849e-06 1.00092e-05 9.99986e-06 1.0001e-05 1.00026e-05 9.99999e-06 9.99999e-06 1e-05 1e-05 1.00008e-05 1.00001e-05
1.00834e-05 9.56304e-06 1.0145e-05 9.54249e-06 1.00396e-05 9.929e-06 9.95188e-06 1.00047e-05 1.00203e-05 1.00364e-05 9.9907e-06 1.00554e-05 1.00244e-05 1.00869e-05 9.99648e-06 9.9864e-06 1e-05 9.96958e-06 1.00095e-05 9.99998e-06 1e-05 1e-05 9.99999e-06 1e-05 1e-05 9.99999e-06 1e-05 9.99999e-06 1e-05 1.00004e-05 9.99999e-06 1e-05 1e-05 9.99999e-06 1e-05 1e-05 1e-05 1e-05 1e-05 9.99999e-06 1e-05 1.00005e-05 1e-05 9.99999e-06 1e-05 1e-05 9.99997e-06 1.00001e-05 1e-05 1.00002e-05 9.99999e-06 9.99999e-06 1.00003e-05 9.99999e-06 9.99999e-06 1e-05 1e-05 1e-05 1e-05 1.00071e-05 9.99849e-06 1.00092e-05 9.99983e-06 1.0001e-05 1.00027e-05 9.99999e-06 9.99999e-06 1e-05 1e-05 1.00008e-05 1.00001e-05
1.14891e-05 1.08543e-05 1.06878e-05 1.06965e-05 1.00649e-05 1.00017e-05 1.00833e-05 9.80335e-06 9.88934e-06 9.95673e-06 9.97304e-06 1.00052e-05 1.00219e-05 1.00463e-05 9.99182e-06 1.01024e-05 9.99666e-06 1.01438e-05 1.00692e-05 9.99577e-06 1e-05 1.00016e-05 1e-05 9.99999e-06 1e-05 1e-05 1e-05 1e-05 9.99999e-06 1e-05 1e-05 9.99999e-06 1e-05 9.99999e-06 1e-05 1e-05 1e-05 9.99999e-06 1e-05 9.99999e-06 1e-05 1.00005e-05 1e-05 9.99999e-06 1e-05 1e-05 9.99997e-06 1.00018e-05 9.99977e-06 1.00003e-05 1e-05 9.99999e-06 1.00003e-05 9.99999e-06 9.99999e-06 1e-05 1e-05 1e-05 1e-05 1.0007e-05 9.99849e-06 1.00092e-05 9.99983e-06 1.0001e-05 1.00027e-05 9.99999e-06 9.99999e-06 1e-05 1e-05 1.00008e-05 1.00001e-05
1.32877e-05 1.28548e-05 1.23147e-05 1.20133e-05 1.14542e-05 1.09546e-05 1.06907e-05 1.06405e-05 1.02622e-05 1.00317e-05 9.50557e-06 9.8231e-06 9.87626e-06 9.97545e-06 9.92136e-06 1.00077e-05 1.00078e-05 1.00421e-05 9.97909e-06 1.00058e-05 1.00386e-05 1.00701e-05 1.00216e-05 1.00006e-05 9.99999e-06 1.00001e-05 1.00004e-05 1.00002e-05 1e-05 1e-05 1e-05 1e-05 1e-05 9.99998e-06 1e-05 9.99999e-06 1e-05 1e-05 1e-05 1e-05 9.99998e-06 1.00004e-05 1e-05 1e-05 1e-05 1e-05 9.99997e-06 1e-05 1e-05 1.00004e-05 9.99999e-06 9.99999e-06 1.00034e-05 1e-05 9.99999e-06 1e-05 1e-05 1e-05 1e-05 1.00078e-05 9.9984e-06 1.00092e-05 9.99982e-06 1.0001e-05 1.00027e-05 1e-05 1.00007e-05 9.99971e-06 9.99999e-06 1.00008e-05 1.00001e-05
1.44886e-05 1.43151e-05 1.38574e-05 1.34919e-05 1.31055e-05 1.24999e-05 1.2229e-05 1.19297e-05 1.15031e-05 1.08337e-05 1.05403e-05 1.05096e-05 1.05665e-05 1.00638e-05 1.00406e-05 9.81248e-06 9.8894e-06 9.96092e-06 9.89326e-06 9.98605e-06 1.0231e-05 9.98486e-06 1.02983e-05 9.99338e-06 1.00398e-05 1.00039e-05 1.00721e-05 1.00055e-05 9.98927e-06 1.00004e-05 9.97168e-06 1.00012e-05 1e-05 1e-05 1e-05 9.99999e-06 1e-05 1e-05 1e-05 1e-05 9.99998e-06 1.00001e-05 1e-05 1e-05 9.99999e-06 1e-05 1e-05 1e-05 1e-05 1.00006e-05 9.99989e-06 1e-05 1.00001e-05 9.99999e-06 9.99999e-06 1e-05 1e-05 1e-05 1.00001e-05 1.00079e-05 9.99823e-06 1.00091e-05 1e-05 1.0001e-05 1.00027e-05 9.99999e-06 1.00012e-05 1.00032e-05 1e-05 1.00008e-05 1.00001e-05
1.45945e-05 1.47083e-05 1.45702e-05 1.43601e-05 1.42218e-05 1.38246e-05 1.35438e-05 1.33433e-05 1.28576e-05 1.24989e-05 1.20565e-05 1.18373e-05 1.15881e-05 1.1157e-05 1.05683e-05 1.05264e-05 1.07041e-05 1.01199e-05 9.88462e-06 9.61526e-06 1.01665e-05 9.62571e-06 1.00451e-05 9.98534e-06 1.00817e-05 9.9969e-06 1.00784e-05 9.98142e-06 1.00706e-05 1.00081e-05 1.0168e-05 1.00356e-05 1.00004e-05 1e-05 1.00039e-05 9.9979e-06 1.00014e-05 1e-05 9.99999e-06 1e-05 9.99999e-06 1.00001e-05 9.99999e-06 9.99999e-06 1e-05 1e-05 1e-05 1e-05 1e-05 1.00007e-05 1.00007e-05 1e-05 1.00001e-05 9.99998e-06 1e-05 1e-05 1e-05 1e-05 1.00001e-05 1.00134e-05 9.99749e-06 1.00126e-05 1.00024e-05 1.0001e-05 1.00025e-05 1.00011e-05 1.00003e-05 9.99982e-06 1e-05 1.00019e-05 1e-05
1.38913e-05 1.40709e-05 1.42468e-05 1.42468e-05 1.43213e-05 1.42777e-05 1.41849e-05 1.41678e-05 1.38448e-05 1.36008e-05 1.33502e-05 1.31631e-05 1.2778e-05 1.25076e-05 1.20313e-05 1.18814e-05 1.18246e-05 1.12706e-05 1.07127e-05 1.05935e-05 1.06044e-05 1.02844e-05 1.0163e-05 9.65406e-06 1.01392e-05 9.48041e-06 1.0104e-05 9.94195e-06 1.00095e-05 1.00153e-05 1.00335e-05 1.0019e-05 1.00098e-05 1.00529e-05 1.01056e-05 1.01013e-05 1.00255e-05 9.96486e-06 1.00014e-05 1.00026e-05 9.99879e-06 1.00125e-05 9.99999e-06 9.99999e-06 1e-05 1e-05 9.99999e-06 1e-05 9.99998e-06 9.99999e-06 9.99996e-06 1e-05 1.00003e-05 9.99999e-06 1e-05 1e-05 1e-05 1e-05 1e-05 1.00191e-05 9.99634e-06 1.00191e-05 1.00013e-05 1.00013e-05 1.0006e-05 1.00022e-05 9.9991e-06 1.00012e-05 1e-05 1.00005e-05 1.00006e-05
1.29734e-05 1.31935e-05 1.33785e-05 1.35659e-05 1.3741e-05 1.3923e-05 1.39513e-05 1.40593e-05 1.40465e-05 1.39835e-05 1.40079e-05 1.38136e-05 1.36535e-05 1.34592e-05 1.31745e-05 1.29959e-05 1.28774e-05 1.24361e-05 1.20407e-05 1.17084e-05 1.15333e-05 1.09336e-05 1.05281e-05 1.04143e-05 1.04978e-05 1.01487e-05 9.94721e-06 9.97545e-06 9.9434e-06 9.96445e-06 9.8946e-06 9.97639e-06 1.00056e-05 1.00902e-05 9.98051e-06 1.00421e-05 1.00409e-05 1.02173e-05 1.00822e-05 1.00699e-05 1.00459e-05 1.00221e-05 9.95895e-06 1.0003e-05 1.00046e-05 9.99228e-06 1.00002e-05 1e-05 1e-05 1.00001e-05 9.99976e-06 1e-05 1.00002e-05 1e-05 9.99998e-06 1e-05 1e-05 1e-05 9.99999e-06 1.0021e-05 9.99596e-06 1.00197e-05 1.00098e-05 1.00009e-05 9.99966e-06 1.00012e-05 9.99921e-06 1.00067e-05 1e-05 1e-05 1.00006e-05
1.22455e-05 1.24269e-05 1.26247e-05 1.27591e-05 1.29613e-05 1.31281e-05 1.33097e-05 1.34502e-05 1.36377e-05 1.36409e-05 1.37821e-05 1.38334e-05 1.37958e-05 1.38027e-05 1.36912e-05 1.36508e-05 1.35082e-05 1.32859e-05 1.30194e-05 1.27696e-05 1.25912e-05 1.21639e-05 1.18064e-05 1.1559e-05 1.14246e-05 1.10886e-05 1.05651e-05 1.04451e-05 1.05881e-05 1.04872e-05 1.00012e-05 1.00567e-05 9.57149e-06 1.01269e-05 9.50014e-06 9.88468e-06 1.00338e-05 1.00236e-05 1.00769e-05 9.97924e-06 1.02284e-05 1.01521e-05 1.02204e-05 1.01235e-05 1.01047e-05 1.00398e-05 1.00067e-05 1.00036e-05 9.99807e-06 1.00077e-05 9.98888e-06 9.99978e-06 9.99999e-06 9.99998e-06 1e-05 1e-05 1e-05 1e-05 1e-05 1.00073e-05 9.99745e-06 1.00001e-05 9.99897e-06 1.00001e-05 9.99997e-06 9.99989e-06 9.99999e-06 1.00052e-05 1e-05 1e-05 1.00028e-05
1.17445e-05 1.18978e-05 1.19959e-05 1.21753e-05 1.22809e-05 1.24839e-05 1.25984e-05 1.27737e-05 1.29239e-05 1.31002e-05 1.32061e-05 1.33686e-05 1.33896e-05 1.35451e-05 1.35619e-05 1.36068e-05 1.36393e-05 1.35467e-05 1.35207e-05 1.33736e-05 1.32054e-05 1.29727e-05 1.28256e-05 1.25047e-05 1.24014e-05 1.20637e-05 1.1784e-05 1.15216e-05 1.14664e-05 1.11417e-05 1.07072e-05 1.03962e-05 1.03888e-05 1.04947e-05 1.0159e-05 1.00469e-05 1.00601e-05 9.68609e-06 1.01174e-05 9.59201e-06 9.92917e-06 9.99047e-06 1.00236e-05 1.00742e-05 9.97044e-06 1.00714e-05 1.00346e-05 1.00891e-05 1.02974e-05 1.01435e-05 1.00932e-05 9.99733e-06 1.00047e-05 9.94711e-06 1.00057e-05 1.00019e-05 1.00001e-05 1e-05 1e-05 1.00056e-05 9.99888e-06 1e-05 1.00045e-05 9.99936e-06 1e-05 1e-05 1.00006e-05 1.00094e-05 9.99839e-06 1e-05 1.00011e-05
1.14432e-05 1.15346e-05 1.16262e-05 1.17266e-05 1.18505e-05 1.19425e-05 1.21038e-05 1.22012e-05 1.23649e-05 1.2492e-05 1.26343e-05 1.27625e-05 1.29065e-05 1.2983e-05 1.31375e-05 1.319e-05 1.33233e-05 1.33244e-05 1.33966e-05 1.34057e-05 1.3349e-05 1.33214e-05 1.32242e-05 1.31083e-05 1.29683e-05 1.28019e-05 1.26055e-05 1.24281e-05 1.23493e-05 1.20633e-05 1.17359e-05 1.15529e-05 1.13869e-05 1.13781e-05 1.10408e-05 1.04859e-05 1.03969e-05 1.04689e-05 1.02575e-05 9.95496e-06 9.96931e-06 1.0001e-05 9.72322e-06 1.00856e-05 9.68162e-06 9.98484e-06 1.00593e-05 9.98661e-06 1.00827e-05 9.96526e-06 1.00587e-05 1.01373e-05 1.00633e-05 1.02903e-05 1.01215e-05 1.00573e-05 9.9545e-06 1.00083e-05 1.00077e-05 9.93686e-06 1.00061e-05 1.00016e-05 1.00204e-05 9.99793e-06 1.00002e-05 1.00002e-05 9.99999e-06 1.00187e-05 1.00003e-05 1.00097e-05 1.00003e-05
1.11771e-05 1.12665e-05 1.1344e-05 1.14319e-05 1.15006e-05 1.16078e-05 1.16939e-05 1.1805e-05 1.18772e-05 1.20153e-05 1.21234e-05 1.22375e-05 1.23393e-05 1.25049e-05 1.25997e-05 1.27386e-05 1.28233e-05 1.29343e-05 1.29876e-05 1.31033e-05 1.311e-05 1.31957e-05 1.31793e-05 1.31904e-05 1.31441e-05 1.30857e-05 1.30571e-05 1.29319e-05 1.28552e-05 1.26801e-05 1.2472e-05 1.23532e-05 1.22338e-05 1.21877e-05 1.19294e-05 1.15575e-05 1.13283e-05 1.1264e-05 1.09773e-05 1.06446e-05 1.04431e-05 1.03808e-05 1.04292e-05 1.02097e-05 1.00499e-05 1.00568e-05 1.01618e-05 9.39306e-06 1.00837e-05 9.71201e-06 9.99094e-06 1.00208e-05 1.00023e-05 1.00378e-05 1.00375e-05 1.00539e-05 1.02589e-05 1.01381e-05 1.01656e-05 1.03432e-05 1.01471e-05 1.00277e-05 9.94205e-06 1.00052e-05 1.00099e-05 9.94083e-06 1.00089e-05 1.00346e-05 1.00049e-05 1.00037e-05 1.00004e-05
1.09824e-05 1.10758e-05 1.11243e-05 1.12041e-05 1.12643e-05 1.13386e-05 1.14067e-05 1.1508e-05 1.16034e-05 1.16697e-05 1.17634e-05 1.18689e-05 1.19623e-05 1.20601e-05 1.21722e-05 1.22486e-05 1.23773e-05 1.24635e-05 1.25673e-05 1.26595e-05 1.27399e-05 1.28207e-05 1.2928e-05 1.2919e-05 1.29844e-05 1.29744e-05 1.30436e-05 1.29901e-05 1.30021e-05 1.29429e-05 1.28494e-05 1.28214e-05 1.27219e-05 1.2632e-05 1.24945e-05 1.23484e-05 1.21062e-05 1.19838e-05 1.1826e-05 1.15245e-05 1.1341e-05 1.12351e-05 1.10908e-05 1.08306e-05 1.05028e-05 1.03727e-05 1.03534e-05 1.04009e-05 1.01806e-05 1.00648e-05 9.98858e-06 1.00812e-05 9.93109e-06 9.84101e-06 1.00826e-05 9.96379e-06 1.00336e-05 1.00758e-05 9.97019e-06 1.00545e-05 1.00197e-05 1.00798e-05 1.03136e-05 1.01618e-05 1.0175e-05 1.03236e-05 1.01352e-05 1.00715e-05 9.96384e-06 1.00061e-05 1.00102e-05
1.08913e-05 1.09405e-05 1.101e-05 1.10259e-05 1.11035e-05 1.11163e-05 1.11897e-05 1.12512e-05 1.13338e-05 1.14029e-05 1.14772e-05 1.15419e-05 1.16153e-05 1.17195e-05 1.18192e-05 1.18928e-05 1.20107e-05 1.20729e-05 1.21795e-05 1.22628e-05 1.23521e-05 1.24255e-05 1.25316e-05 1.25798e-05 1.26713e-05 1.27174e-05 1.27686e-05 1.27925e-05 1.28533e-05 1.28695e-05 1.2833e-05 1.28751e-05 1.28422e-05 1.28289e-05 1.27621e-05 1.26815e-05 1.25865e-05 1.24742e-05 1.23706e-05 1.21977e-05 1.20657e-05 1.19496e-05 1.18612e-05 1.16299e-05 1.13883e-05 1.12085e-05 1.11543e-05 1.1028e-05 1.0729e-05 1.03902e-05 1.03135e-05 1.02791e-05 1.03051e-05 1.00316e-05 9.91506e-06 9.98659e-06 9.79418e-06 1.01386e-05 9.29445e-06 9.95108e-06 9.94288e-06 1.00057e-05 1.00454e-05 1.0076e-05 9.9698e-06 1.00539e-05 1.00243e-05 1.01096e-05 1.02105e-05 1.01321e-05 1.01565e-05
1.07909e-05 1.08136e-05 1.08598e-05 1.08906e-05 1.09378e-05 1.09914e-05 1.10259e-05 1.109e-05 1.11429e-05 1.11871e-05 1.12828e-05 1.13416e-05 1.14006e-05 1.14432e-05 1.15436e-05 1.16102e-05 1.17019e-05 1.17771e-05 1.184e-05 1.1941e-05 1.19983e-05 1.20897e-05 1.21735e-05 1.22508e-05 1.23056e-05 1.23941e-05 1.24506e-05 1.2527e-05 1.25448e-05 1.26429e-05 1.26401e-05 1.27074e-05 1.27158e-05 1.2742e-05 1.27255e-05 1.27242e-05 1.26879e-05 1.26473e-05 1.26132e-05 1.25272e-05 1.24826e-05 1.23822e-05 1.22892e-05 1.21739e-05 1.20891e-05 1.19358e-05 1.18232e-05 1.17582e-05 1.15202e-05 1.13042e-05 1.11863e-05 1.1089e-05 1.09259e-05 1.07495e-05 1.04438e-05 1.04625e-05 1.0314e-05 1.02945e-05 1.03162e-05 1.01375e-05 1.00795e-05 9.83064e-06 9.8631e-06 1.01551e-05 9.29215e-06 9.92966e-06 1.00775e-05 9.95818e-06 1.00268e-05 1.00781e-05 9.9686e-06
1.07821e-05 1.08152e-05 1.02497e-05 1.07739e-05 1.08649e-05 1.08771e-05 1.09711e-05 1.09739e-05 1.10128e-05 1.10544e-05 1.10782e-05 1.11574e-05 1.12142e-05 1.12646e-05 1.13263e-05 1.13821e-05 1.14322e-05 1.15194e-05 1.15942e-05 1.16439e-05 1.17593e-05 1.17908e-05 1.1882e-05 1.19407e-05 1.20309e-05 1.20601e-05 1.21741e-05 1.22211e-05 1.22817e-05 1.23446e-05 1.23886e-05 1.24378e-05 1.24971e-05 1.25293e-05 1.25608e-05 1.25858e-05 1.25915e-05 1.25901e-05 1.2603e-05 1.25706e-05 1.25763e-05 1.25399e-05 1.25101e-05 1.24492e-05 1.23957e-05 1.23028e-05 1.22502e-05 1.21853e-05 1.20892e-05 1.19574e-05 1.1832e-05 1.17509e-05 1.15883e-05 1.14963e-05 1.129e-05 1.1172e-05 1.10689e-05 1.09595e-05 1.09226e-05 1.06674e-05 1.0407e-05 1.03392e-05 1.0299e-05 1.02264e-05 1.01636e-05 1.00178e-05 1.00238e-05 9.9611e-06 9.78106e-06 1.01317e-05 9.18296e-06
8.94184e-06 1.1641e-05 1.13006e-05 1.14093e-05 1.03567e-05 8.90771e-06 1.07635e-05 1.07992e-05 1.09264e-05 1.09223e-05 1.09389e-05 1.102e-05 1.1109e-05 1.11088e-05 1.11428e-05 1.1208e-05 1.12778e-05 1.12969e-05 1.13821e-05 1.14359e-05 1.14955e-05 1.15475e-05 1.16175e-05 1.16785e-05 1.17467e-05 1.18211e-05 1.18855e-05 1.19644e-05 1.20247e-05 1.20587e-05 1.21234e-05 1.21632e-05 1.22477e-05 1.22682e-05 1.23294e-05 1.2354e-05 1.24076e-05 1.24302e-05 1.2465e-05 1.24547e-05 1.25033e-05 1.24922e-05 1.24979e-05 1.24773e-05 1.24851e-05 1.24115e-05 1.24021e-05 1.23787e-05 1.23237e-05 1.22664e-05 1.22109e-05 1.21386e-05 1.2047e-05 1.19686e-05 1.19314e-05 1.17526e-05 1.16868e-05 1.16281e-05 1.15119e-05 1.14246e-05 1.12365e-05 1.11078e-05 1.10129e-05 1.08941e-05 1.07612e-05 1.06513e-05 1.04931e-05 1.03207e-05 1.02911e-05 1.02277e-05 1.01558e-05
6.58142e-05 5.58501e-05 4.44859e-05 2.22527e-05 2.58892e-05 2.15189e-05 1.73846e-05 1.2133e-05 8.69243e-06 1.15605e-05 1.06382e-05 1.10468e-05 1.04904e-05 1.03957e-05 1.10169e-05 1.10525e-05 1.11329e-05 1.11372e-05 1.11996e-05 1.12704e-05 1.1305e-05 1.13545e-05 1.14254e-05 1.14762e-05 1.15307e-05 1.15821e-05 1.16257e-05 1.16964e-05 1.17488e-05 1.18304e-05 1.18765e-05 1.19644e-05 1.19802e-05 1.20392e-05 1.20871e-05 1.21321e-05 1.21764e-05 1.22135e-05 1.22618e-05 1.22945e-05 1.2314e-05 1.23269e-05 1.23664e-05 1.23578e-05 1.23994e-05 1.2365e-05 1.24e-05 1.23755e-05 1.2384e-05 1.23377e-05 1.23338e-05 1.22963e-05 1.22701e-05 1.22261e-05 1.21794e-05 1.2118e-05 1.20502e-05 1.19993e-05 1.19373e-05 1.18892e-05 1.1841e-05 1.17041e-05 1.16391e-05 1.14905e-05 1.13998e-05 1.13473e-05 1.12076e-05 1.11151e-05 1.10237e-05 1.08793e-05 1.07924e-05
