data/IdealizedTopo/Outputs_IdealizedTopo/release1HS_01IdealizedTopo_null_com1DFA_pft.asc
ncols 1001
nrows 301
xllcenter 1000.00
yllcenter -5000.00
cellsize 5.00
nodata_value nan
[rows 135 to 161 of 301, columns 186 to 247 of 1001]
0 0 0 0 0 0 0 0 0 0 0 0 0 0 0 0 0 0 0 0 0 0 0 0 0 0 0 0 0 0 0 0 0 0 0 0 0 0 0 0 0 0 0 0 0 0 0 0 0 0 0 0 0 0 0 0 0 0 0 0 0 0
0 0 0 0 0 0 0 0 0 0 0 0 0 0 0 0 0 0 0 0 0 0 0 0 0 0 0 0 0 0 0 0 0 0 0 0 0 0 0 0 0 0 0 0 0 0 0 0 0 0 0 0 0 0 0 0 0 0 0 0 0 0
0 0 0 0 0 0 0 0 0 0 0 0 0 0 0 0 0 0 0 0 0 0 0 0 0 0 0 0 0 0 0 0 0 0 0 0 0 0 0 0 0 0 0 0 0 0 0 0 0 0 0 0 0 0 0 0 0 0 0 0 0 0
0 0 0 0 0 0 0 0 0 0 0 0 0 0 0 0 0 0 0 0 0 0 0 0 0 0 0 0 0 0 0 0 0 0 0 0 0 0 0 0 0 0 0 0 0 0 0 0 0 0 0 0 0 0 0 0 0 0 0 0 0 0
0 0 0 0 0 0 0 0 0 0 0 0 0 0 0 0 0 0 0 0 0 0 0 0 0 0 0 0 0 0 0 0 0 0 0 0 0 0 0 0 0 0 0 0 0 0 0 0 0 0 0 0 0 0 0 0 0 0 0 0 0 0
0 0 0 0 0 0 0 0 0 0 0 0 0 0 0 0 0 0 0 0 0 0 0 0 0 0 0 0 0 0 0 0 0 0 0 0 0 0 0 0 0 0 0 0 0 0 0 0 0 0 0 0 0 0 0 0 0 0 0 0 0 0
0 0 0 0 0 0 0 0 0 0 0 0 0 0 0 0 0 0 0 0 0 0 0 0 0 0 0 0 0 0 0 0 0 0 0 0 0 0 0 0 0 0 0 0 0 0 0 0 0 0 0 0 0 0 0 0 0 0 0 0 0 0
0 0 0 0 0 0 0 0 0 0 0 0 0 0 0 0 0 0 0 0 0 0 0 0 0 0 0 0 0 0 0 0 0 0 0 0 0 0 0 0 0 0 0 0 0 0 0 0 0 0 0 0 0 0 0 0 0 0 0 0 0 0
0.1886247236134008 0.1818753257669872 0.1800549972993666 0.1645178626968562 0.1524661065057929 0.1505483739401176 0.1478115688726954 0.1424586255159583 0.1281926143951444 0.122929068845308 0.125711673565057 0.1222568935324234 0.1147860503393762 0.1021430541415983 0.1036642408496528 0.100808097017401 0.1016223183266112 0.09095493584321045 0.08495674113296761 0.08505772570419882 0.08283112429592937 0.07938486678652516 0.0707352082685614 0.07280520882693965 0.06784967640918435 0.06345113661676738 0.0613031450086008 0.06717988411951493 0.06332237107897955 0.05968086619801961 0.05934067857184929 0.05939415203955225 0.06146921339000104 0.05590422771797734 0.05319558265772128 0.05593198622411994 0.05628128018204162 0.05296583447729808 0.05085840163629 0.05074838580755174 0.04844587744137027 0.05200793934257207 0.05113735596805907 0.05126571677614225 0.04675369594769482 0.04668682627545846 0.05126212109732829 0.0556932036090426 0.05488817206849866 0.04998070481620617 0.04921180208335221 0.05285272165891472 0.05628038646130994 0.05948746882733639 0.05351968462350166 0.04740398116662006 0.04951684034521536 0.05202946971941257 0.05444528766461305 0.05190808122138606 0.04568773385405279 0.04264833750286769
0.9856410995508846 0.9715173655327869 0.9707356642219954 0.9610225422967976 0.9513994114028989 0.9325272956021188 0.9259676207976717 0.9362982924079111 0.9109972082670321 0.8998243097262254 0.8916492787790263 0.8629113014203114 0.8508322950561897 0.8466989067548361 0.8775121488912939 0.8530999224985789 0.8179719696251021 0.784485087765639 0.7967751473650857 0.8012251229046101 0.7942672754024677 0.7618188869811723 0.7746708071504012 0.7843647379203766 0.7665476644649881 0.7491825771533447 0.7354133404009 0.7264203497309483 0.7299999166577681 0.7365270631835135 0.7208391062015976 0.7241731247921819 0.716989616853691 0.6971013113977779 0.6905845892315493 0.7084643936025596 0.7060605951344013 0.705652035545138 0.7012933150113472 0.7034157196121967 0.6884849241956142 0.7026512001346914 0.7002194780381369 0.7067120180012783 0.716289108154893 0.7253175959749977 0.7125867873549797 0.7016840359282849 0.6951836770203172 0.6994102277168259 0.7044531558082341 0.7099908005486496 0.715490319784341 0.7209482692410587 0.7090342687529256 0.6984247634269043 0.7031962053768386 0.7074395589218935 0.7112196667596109 0.7146182387077511 0.7107514971017488 0.7065051248800257
1.656224342793832 1.652978195811859 1.645355388761506 1.634009374249366 1.629888037991115 1.624051791864721 1.614306868070876 1.604778759089998 1.595896878439252 1.592512665939955 1.592402498015106 1.589682527548374 1.590345601574411 1.58434059327411 1.573169647885091 1.569373882271964 1.566196361754548 1.562602595948054 1.562193427325663 1.564679956415516 1.568073949094867 1.569036259755236 1.567546610733581 1.560646577550183 1.545359400592363 1.537921594732946 1.541899644739467 1.547468596035918 1.542698432642436 1.539616038340734 1.538088428578706 1.535316782184809 1.530521056094601 1.540509985608105 1.548021321462862 1.54774458486466 1.54743053967236 1.547131709906664 1.546812397034222 1.540765530888907 1.530667535335086 1.520249672615373 1.514657904172214 1.513329041274554 1.51191463661549 1.5114512524651 1.50998702800687 1.507296047265729 1.511835980126614 1.505208605641822 1.498008732757969 1.496693625139041 1.492944983324746 1.495549293156089 1.494374104420567 1.495587931605187 1.496335063221385 1.493665892867635 1.489451728031113 1.487123816365089 1.48071874010199 1.478468049913899
2.271722988265763 2.254863562078503 2.249387285433017 2.245935536381422 2.244111538009385 2.237531265291513 2.233128611638486 2.232782570981111 2.230196300313363 2.223060654743544 2.222813552445941 2.217177003795977 2.22471103618795 2.22451345013728 2.22732539514253 2.230633122067897 2.215496449451129 2.20797795213547 2.213913523559454 2.210741154970723 2.20719564646556 2.214147231985829 2.212797071858799 2.204391522673264 2.202587882062348 2.195333233925137 2.196657638331526 2.193172917113908 2.180473073564774 2.176529458959966 2.175826055322545 2.169952126504301 2.170758158198737 2.182969862608051 2.174320775156806 2.169017646462697 2.165973561070946 2.159379964265267 2.158117726291954 2.165116105358257 2.170262633810867 2.155828646712755 2.151229264913498 2.161080976683079 2.16947036664151 2.157343429218507 2.154294729107334 2.158576443326482 2.148433350841664 2.144835277848836 2.132884307194991 2.135954761020045 2.143880328873549 2.147169551286497 2.137030106173282 2.136876971198252 2.155632815386642 2.168280149189802 2.150609897548445 2.141713619512584 2.135485586744111 2.14108343463092
2.732707056604217 2.723792416191673 2.736673331501926 2.728257930983299 2.728344329583599 2.729689210084229 2.739420645098505 2.723258488494109 2.716352188227705 2.733927561039457 2.709076323178874 2.720806285317912 2.716688485128135 2.708458932363025 2.716014241336049 2.699554464616826 2.706734281311265 2.713556972789418 2.706827738142399 2.704284061454965 2.700488399244438 2.692708598667453 2.703989685770537 2.693699683635933 2.696462915932182 2.705303504773803 2.68276454662649 2.698511054144547 2.685239895697003 2.682390933415905 2.687555807716663 2.702724472706193 2.68453384608971 2.688312294961563 2.685689293079867 2.681303413743036 2.682340569362998 2.686604348516317 2.689878962734944 2.686770415058976 2.665680023290856 2.681103088088535 2.684282008835257 2.66854545355636 2.686231903444549 2.676181134219499 2.667197053717874 2.674768295863056 2.658421153013511 2.674737107494013 2.652373830393146 2.664847009768247 2.658531123405389 2.644810600249551 2.671416100039418 2.640709398204781 2.658028971366137 2.662006813491964 2.654958272965689 2.635014249644117 2.638528082651418 2.640746808469831
3.065529436035772 3.062950033076793 3.082249655953747 3.066755377329683 3.068630929346684 3.074313803717331 3.074221517703231 3.081770783449329 3.090004821675743 3.082342309571047 3.081908355647675 3.077284425390869 3.080531329193381 3.087851881489192 3.073410549932892 3.078539485913952 3.070128845400795 3.080524321561742 3.0714017161351 3.078775619515511 3.073524711354782 3.067162028570293 3.08011455799282 3.071652951394198 3.075843888131566 3.058588687385104 3.06943377858952 3.066483235500927 3.05875204125546 3.050880348910543 3.05940264459042 3.045620476605206 3.056461748029365 3.042079628193732 3.052232049190799 3.044159998067392 3.051508846413125 3.037657564884553 3.045573422171954 3.040238223279169 3.040764944210548 3.036580672231165 3.050831574375428 3.036782666293901 3.025936618487501 3.035831668776864 3.031501596480475 3.031798765313085 3.02674069263892 3.035680119125758 3.031091265415414 3.031701679705588 3.022497313570013 3.031435383199756 3.034137189724047 3.014691602510539 3.035914237309126 3.015763365852649 3.023549393018857 3.007231174561996 3.017826784940415 3.016048109555282
3.25004896277702 3.252334048127349 3.257072810584381 3.267529701092955 3.264432932884486 3.266929946592499 3.272590327214282 3.286602925216537 3.27359225317015 3.275756601733809 3.284968118880467 3.292642253579804 3.282290918492208 3.28153663176197 3.296647967570572 3.298092918203456 3.291607490973135 3.291665011749727 3.289851679967454 3.289708515085151 3.299458509997651 3.285724121499512 3.288385479098915 3.287887430015052 3.301144573765882 3.281982612536662 3.295179740482446 3.290142980317882 3.280164195285736 3.281510556781583 3.268972888735691 3.285168425392284 3.268460142048538 3.276914735747103 3.264301578046358 3.281597858209365 3.264182346637722 3.26816450936222 3.267757619371072 3.258233379698366 3.269599691345303 3.245785438904997 3.26443550901048 3.242582850673128 3.253002346816853 3.254546711874741 3.250513317272483 3.263407449513986 3.246813514146757 3.243923882340752 3.23871968531452 3.236281278477309 3.234339371450974 3.238135364697845 3.24434955694747 3.239410601829929 3.223675892268424 3.230325649303202 3.229750897169412 3.228167301711363 3.214788618166951 3.213052891584082
3.322046435274245 3.343891253205173 3.330444230716345 3.348211085866191 3.340275943183465 3.358454107927307 3.3474558636502 3.356091402029627 3.358513350893812 3.364829624948068 3.363982752050515 3.36126255848115 3.360746170889004 3.362748951547061 3.372965137223723 3.360658707413064 3.372552528086121 3.373103048873757 3.375471605494277 3.369637714009549 3.378702748415621 3.372742195640503 3.365812174522875 3.366652941388881 3.368708221778203 3.363092632434217 3.360667741494523 3.368397930630014 3.368258326813171 3.354826532540265 3.358370240356384 3.358132293785779 3.351218336093314 3.351684239659571 3.344929308606178 3.350113061301352 3.342460344157808 3.344874633567845 3.351638125093701 3.338592978909774 3.341594772480236 3.331012622370901 3.338666481737643 3.33130962319949 3.324901034817657 3.341237447411214 3.317450480227982 3.327128380393004 3.327801338865616 3.326259099815238 3.3239088889818 3.311768775796788 3.323075671455014 3.308536494150408 3.306722134760248 3.312478885719278 3.301861775055901 3.311514514856573 3.309335373707371 3.306085473878915 3.30635466844776 3.296075302101936
3.248101570470852 3.275840043112841 3.270040920566395 3.287451261100142 3.263848412113441 3.281967823423948 3.279200209996219 3.293398101251205 3.276096763247722 3.290487388094941 3.287973852045121 3.295087697165926 3.285769474879557 3.294426247249314 3.293336366978911 3.291956209117229 3.294419785527515 3.286661647819844 3.295577360240533 3.289847280633439 3.295609585412137 3.2826808842579 3.291401265151864 3.287118359458415 3.297525593273284 3.281774985705249 3.295396101034006 3.277919332217266 3.284541803575671 3.281023076921241 3.283182508699444 3.27067050571284 3.272872431218571 3.273950841678487 3.271716839444073 3.266300625325074 3.263187543432711 3.261620223328483 3.250329883289796 3.257330285258292 3.251064479227326 3.250174757162448 3.248706334478421 3.243970349643216 3.247487890333316 3.235314966943091 3.240614005712643 3.229457420056791 3.245873430415359 3.225520187457201 3.240679084926631 3.227221794892921 3.222261951713525 3.223923665219256 3.226474931496687 3.229194514156674 3.215959511416321 3.225244413771683 3.216415938816553 3.219665753398766 3.209878998366864 3.207745776600578
3.059382656626433 3.050645234814763 3.069873411245333 3.069094339656688 3.066972130634035 3.074072977909794 3.06909568467519 3.087140473514664 3.066028982081367 3.073427743998746 3.088513622215034 3.074595739849247 3.085038060947105 3.084745323854999 3.082561730295593 3.088395729072734 3.081964794495718 3.090952142872651 3.07401868786753 3.078887055190898 3.084903688859828 3.07277340180426 3.079521626978804 3.083547527891195 3.078814687013464 3.068475224838437 3.067895830493267 3.071191874690504 3.0767324438574 3.06958546180828 3.061996149735415 3.056959639780263 3.071285667991439 3.066251668014364 3.058305336504737 3.05143748835019 3.06189905421744 3.060182740490312 3.053378654744027 3.041146028439437 3.047063118559781 3.038512969957495 3.049477478480415 3.028967264495565 3.036733218260357 3.022227054038372 3.033687341548898 3.015225521875344 3.02279291912228 3.010525980815337 3.02740973324169 3.016110040571177 3.011316113738737 3.010057890645022 3.00930411761803 3.016108499450938 3.005317210704588 3.00508429515784 2.994943165428004 3.016593523103698 2.999196028326766 3.001839515539568
2.734153451300747 2.724955527327141 2.732736507919284 2.734226268368687 2.725672152424373 2.741300722818224 2.731816689888554 2.725837213817854 2.740265189200506 2.732119405181836 2.732353049280343 2.737132183123348 2.739196100066365 2.730835506209451 2.726272919377496 2.726098212987757 2.721622277239781 2.710978459753858 2.734470541133213 2.7288358408119 2.717842243917101 2.719256988907253 2.719627503172444 2.709826977217582 2.718876819272123 2.712057700458758 2.699181983731013 2.717596418290622 2.700538413912306 2.713787584738632 2.706045453900202 2.700193415136576 2.701636223807488 2.693022432903357 2.708970241510205 2.692240154686664 2.695419632608602 2.683678333941749 2.694792602835971 2.678768266742972 2.683080936343427 2.678525224058791 2.681355901330913 2.685028015170215 2.664792270114198 2.66081315086251 2.664616363365924 2.668872765724057 2.676218110734768 2.657373179097765 2.660211166337636 2.655812500244111 2.657460264744063 2.666124669124523 2.657710695170261 2.645425230492284 2.65050283057366 2.642967600752177 2.658424680485193 2.633047403922056 2.637682910150543 2.627802503938927
2.260611212962912 2.257012057686357 2.249837917573359 2.244382458708565 2.236120602102003 2.223549134563283 2.219582838309474 2.2199916565765 2.21850151723193 2.22262599802021 2.229549008425666 2.217207482433567 2.201449596895087 2.210558949012336 2.211274025385258 2.201495415435698 2.209893559511644 2.20109360743092 2.201635328680849 2.202498336554584 2.197199602210517 2.196072389261882 2.197055778733558 2.191088242003011 2.194265098912837 2.205985043624062 2.203870376550733 2.187755635644479 2.193007370812021 2.201699816506933 2.187824625611162 2.173960684370624 2.191069442364388 2.200816223536938 2.178313893928159 2.177535033171287 2.173426772213719 2.165838158409728 2.159764286104013 2.183317538188108 2.182363561128654 2.155731849079386 2.149113255793163 2.156900957172261 2.160546419380004 2.166074987957562 2.165004300792302 2.148350697438497 2.141553510924626 2.142164480237282 2.145413964496949 2.143366875189809 2.155982858015078 2.166574692325196 2.160184793590014 2.143638302194504 2.126049206535974 2.117696255669262 2.130438338409077 2.124863479454823 2.109957350839293 2.113292976846695
1.647442401080229 1.639116175669562 1.631460828654876 1.6262615672995 1.618214444577976 1.611237732745793 1.611001058752958 1.606870553476772 1.606965687772184 1.6074226423192 1.606151012957244 1.597850133350267 1.590025963120672 1.573311022930616 1.577487306653619 1.572595726986629 1.562849419019994 1.548166042339135 1.552598572550486 1.55412096303398 1.550333595325955 1.545163531420906 1.538381252226597 1.53806896858092 1.539505770180053 1.5346919722156 1.53452811626438 1.536199042079745 1.533219066320716 1.530031153384109 1.530898289038482 1.531674283951756 1.535039831646628 1.535699200963669 1.530143078184956 1.524057115348847 1.517687415603176 1.511588869382718 1.510357664791067 1.510017116231019 1.504789003049772 1.498297626748634 1.492204203370081 1.490930113733587 1.493262829974048 1.494241533861086 1.491109778390731 1.485548003141274 1.479195142611178 1.478430296513809 1.473345341676715 1.476348344761339 1.472051622597091 1.471200334849363 1.469747869231067 1.468326445619249 1.469789875480785 1.470994201780003 1.471937411101915 1.468637166920634 1.468428258451783 1.464217247854773
0.9558241898089264 0.9496427879901524 0.9428340828305769 0.9726220359178345 0.9625686911122792 0.9303969217017071 0.8968725792252811 0.8815885173525321 0.9020288594775442 0.890298994681864 0.8635541193835866 0.8479414507909806 0.8384690370570701 0.8485153143282498 0.8354352102246113 0.8163397991012997 0.79529267298623 0.8045475025801396 0.8023889910857527 0.7817096652306299 0.7557146349244311 0.7473767355290316 0.7667902588020918 0.7808721371077301 0.7591334150111414 0.7448277221142553 0.742520720794199 0.7438840934227582 0.7318155246225548 0.7133193829903862 0.7176564607447765 0.7127661664553465 0.7246537266811367 0.7076326213648557 0.6997419970469121 0.6972661099267833 0.7104119771069994 0.7063157772317554 0.6880249633889062 0.6873286950935047 0.6925422821694153 0.679034514701843 0.6736480434686288 0.6826265070018264 0.6913854974259902 0.6849451310259179 0.6975903214037154 0.695622004415548 0.6876370263189068 0.6846860156746452 0.6797057358743631 0.6766727553465632 0.6767260584841746 0.6858501518847041 0.6914343727293848 0.7027089162727236 0.7163403629027097 0.7201520858043184 0.709738471953945 0.6992975140404195 0.6889426217131329 0.7205549489544407
0.1944412982166428 0.1739969205578233 0.1748786437958584 0.1795082557123097 0.1609093448463817 0.1448531164919863 0.148224743835987 0.1508436047055713 0.1343098516588765 0.1259036075735814 0.1292871287038459 0.1318876856437999 0.1140018276240679 0.108410898697629 0.1110591336812043 0.1134119368949432 0.0978230709602597 0.08958626258150799 0.09396291064546523 0.09692218771020823 0.08393195211162048 0.07200638131760163 0.07753813970846701 0.08117367404972022 0.06896225624676861 0.06242808691902395 0.062880054360917 0.06688480324685565 0.06598439554924969 0.05852282520500422 0.0596703119764237 0.0591521719908929 0.06396356141755552 0.05960227533400467 0.05717197816615729 0.05692765516428932 0.05654266444734508 0.05974247314408855 0.05439805863914627 0.05385707115100086 0.05327165012695447 0.05265618323338437 0.05200719486718178 0.0513221382034988 0.05048474964381251 0.04980035869528868 0.04910323975350903 0.04838848971485297 0.04764732755232846 0.04686498962625872 0.04572198482342115 0.04477987839960778 0.04599754428261209 0.0490053943342316 0.04552692622719578 0.04377945876721873 0.04680859350869097 0.04465526955285721 0.04553852571882957 0.04929814104330282 0.04956580757374829 0.05177767904390071
0 0 0 0 0 0 0 0 0 0 0 0 0 0 0 0 0 0 0 0 0 0 0 0 0 0 0 0 0 0 0 0 0 0 0 0 0 0 0 0 0 0 0 0 0 0 0 0 0 0 0 0 0 0 0 0 0 0 0 0 0 0
0 0 0 0 0 0 0 0 0 0 0 0 0 0 0 0 0 0 0 0 0 0 0 0 0 0 0 0 0 0 0 0 0 0 0 0 0 0 0 0 0 0 0 0 0 0 0 0 0 0 0 0 0 0 0 0 0 0 0 0 0 0
0 0 0 0 0 0 0 0 0 0 0 0 0 0 0 0 0 0 0 0 0 0 0 0 0 0 0 0 0 0 0 0 0 0 0 0 0 0 0 0 0 0 0 0 0 0 0 0 0 0 0 0 0 0 0 0 0 0 0 0 0 0
0 0 0 0 0 0 0 0 0 0 0 0 0 0 0 0 0 0 0 0 0 0 0 0 0 0 0 0 0 0 0 0 0 0 0 0 0 0 0 0 0 0 0 0 0 0 0 0 0 0 0 0 0 0 0 0 0 0 0 0 0 0
