data/IdealizedTopo/Outputs_IdealizedTopo/release1HS_01IdealizedTopo_null_TRENT2D_pfv.asc
ncols 1001
nrows  301
cellsize  5.000
xllcenter     1000.00
yllcenter    -5000.00
NODATA_value nan
[rows 144 to 179 of 301, columns 324 to 404 of 1001]
14.839 14.969 15.100 15.233 15.370 15.505 15.641 15.776 15.911 16.048 16.186 16.325 16.463 16.603 16.742 16.881 17.020 17.158 17.296 17.438 17.580 17.722 17.864 18.006 18.146 18.286 18.425 18.563 18.699 18.835 18.968 19.098 19.225 19.351 19.473 19.593 19.708 19.823 19.935 20.046 20.154 20.259 20.363 20.468 20.573 20.676 20.777 20.877 20.974 21.070 21.165 21.258 21.349 21.437 21.523 21.607 21.690 21.770 21.847 21.921 21.995 22.065 22.133 22.198 22.260 22.321 22.378 22.432 22.483 22.533 22.580 22.624 22.666 22.706 22.743 22.778 22.811 22.843 22.873 22.901 22.926
24.651 24.709 24.766 24.824 24.882 24.941 24.999 25.058 25.117 25.176 25.234 25.293 25.352 25.411 25.468 25.527 25.584 25.640 25.697 25.753 25.808 25.861 25.914 25.965 26.015 26.064 26.111 26.156 26.200 26.242 26.283 26.323 26.360 26.396 26.432 26.464 26.496 26.527 26.555 26.583 26.609 26.633 26.657 26.678 26.698 26.717 26.733 26.749 26.763 26.775 26.785 26.795 26.802 26.808 26.813 26.816 26.818 26.818 26.818 26.815 26.811 26.806 26.799 26.792 26.783 26.772 26.761 26.748 26.734 26.718 26.701 26.684 26.664 26.644 26.622 26.600 26.576 26.551 26.525 26.499 26.471
30.793 30.803 30.813 30.823 30.833 30.842 30.852 30.861 30.869 30.878 30.886 30.894 30.901 30.908 30.914 30.921 30.926 30.930 30.935 30.938 30.940 30.942 30.943 30.944 30.943 30.941 30.939 30.935 30.931 30.926 30.919 30.912 30.904 30.894 30.883 30.872 30.858 30.844 30.829 30.812 30.794 30.775 30.754 30.732 30.709 30.684 30.659 30.632 30.603 30.574 30.543 30.511 30.477 30.442 30.407 30.369 30.331 30.292 30.251 30.210 30.167 30.123 30.079 30.033 29.986 29.939 29.891 29.842 29.792 29.740 29.689 29.637 29.583 29.529 29.474 29.418 29.362 29.304 29.246 29.187 29.128
34.727 34.716 34.704 34.692 34.679 34.666 34.652 34.638 34.623 34.607 34.591 34.574 34.557 34.539 34.520 34.501 34.480 34.459 34.437 34.414 34.391 34.367 34.341 34.315 34.288 34.260 34.231 34.200 34.169 34.137 34.103 34.069 34.033 33.997 33.959 33.919 33.880 33.838 33.795 33.751 33.706 33.660 33.612 33.563 33.513 33.462 33.409 33.356 33.301 33.244 33.187 33.129 33.069 33.008 32.947 32.884 32.820 32.755 32.690 32.623 32.556 32.487 32.418 32.348 32.278 32.206 32.134 32.061 31.987 31.913 31.838 31.762 31.686 31.609 31.531 31.453 31.374 31.295 31.215 31.134 31.053
37.291 37.267 37.242 37.217 37.191 37.164 37.137 37.108 37.080 37.049 37.019 36.987 36.955 36.922 36.887 36.852 36.816 36.779 36.742 36.702 36.663 36.622 36.580 36.538 36.493 36.449 36.403 36.356 36.307 36.258 36.208 36.156 36.103 36.049 35.994 35.938 35.881 35.822 35.763 35.701 35.640 35.576 35.511 35.446 35.379 35.311 35.242 35.171 35.100 35.027 34.954 34.879 34.803 34.727 34.648 34.570 34.491 34.410 34.329 34.247 34.164 34.080 33.996 33.911 33.825 33.738 33.651 33.563 33.475 33.386 33.296 33.205 33.114 33.023 32.930 32.838 32.745 32.651 32.556 32.462 32.367
38.756 38.726 38.695 38.663 38.631 38.597 38.563 38.528 38.492 38.455 38.417 38.378 38.338 38.298 38.256 38.213 38.170 38.125 38.079 38.032 37.984 37.935 37.885 37.833 37.781 37.728 37.672 37.617 37.560 37.501 37.442 37.381 37.320 37.256 37.192 37.127 37.060 36.993 36.923 36.853 36.782 36.709 36.636 36.560 36.485 36.407 36.329 36.249 36.168 36.087 36.004 35.920 35.835 35.750 35.663 35.575 35.487 35.398 35.308 35.217 35.125 35.033 34.940 34.846 34.752 34.657 34.561 34.464 34.368 34.270 34.172 34.073 33.974 33.874 33.774 33.673 33.572 33.470 33.368 33.265 33.162
39.252 39.221 39.189 39.156 39.122 39.087 39.051 39.014 38.977 38.939 38.899 38.859 38.817 38.775 38.731 38.687 38.641 38.595 38.547 38.499 38.449 38.397 38.346 38.292 38.238 38.182 38.125 38.067 38.007 37.947 37.885 37.822 37.758 37.693 37.626 37.558 37.489 37.418 37.347 37.274 37.200 37.125 37.048 36.971 36.892 36.812 36.731 36.648 36.565 36.481 36.395 36.308 36.221 36.132 36.042 35.952 35.861 35.768 35.676 35.582 35.487 35.392 35.296 35.200 35.102 35.004 34.906 34.806 34.706 34.606 34.505 34.403 34.301 34.198 34.095 33.991 33.887 33.782 33.677 33.572 33.466
38.756 38.726 38.695 38.663 38.631 38.597 38.563 38.528 38.492 38.455 38.417 38.378 38.338 38.298 38.256 38.213 38.170 38.125 38.079 38.032 37.984 37.935 37.885 37.833 37.781 37.728 37.672 37.617 37.560 37.501 37.442 37.381 37.320 37.256 37.192 37.127 37.060 36.993 36.923 36.853 36.782 36.709 36.636 36.560 36.485 36.407 36.329 36.249 36.168 36.087 36.004 35.920 35.835 35.750 35.663 35.575 35.487 35.398 35.308 35.217 35.125 35.033 34.940 34.846 34.752 34.657 34.561 34.464 34.368 34.270 34.172 34.073 33.974 33.874 33.774 33.673 33.572 33.470 33.368 33.265 33.162
37.291 37.267 37.242 37.217 37.191 37.164 37.137 37.108 37.080 37.049 37.019 36.987 36.955 36.922 36.887 36.852 36.816 36.779 36.742 36.702 36.663 36.622 36.580 36.538 36.493 36.449 36.403 36.356 36.307 36.258 36.208 36.156 36.103 36.049 35.994 35.938 35.881 35.822 35.763 35.701 35.640 35.576 35.511 35.446 35.379 35.311 35.242 35.171 35.100 35.027 34.954 34.879 34.803 34.727 34.648 34.570 34.491 34.410 34.329 34.247 34.164 34.080 33.996 33.911 33.825 33.738 33.651 33.563 33.475 33.386 33.296 33.205 33.114 33.023 32.930 32.838 32.745 32.651 32.556 32.462 32.367
34.727 34.716 34.704 34.692 34.679 34.666 34.652 34.638 34.623 34.607 34.591 34.574 34.557 34.539 34.520 34.501 34.480 34.459 34.437 34.414 34.391 34.367 34.341 34.315 34.288 34.260 34.231 34.200 34.169 34.137 34.103 34.069 34.033 33.997 33.959 33.919 33.880 33.838 33.795 33.751 33.706 33.660 33.612 33.563 33.513 33.462 33.409 33.356 33.301 33.244 33.187 33.129 33.069 33.008 32.947 32.884 32.820 32.755 32.690 32.623 32.556 32.487 32.418 32.348 32.278 32.206 32.134 32.061 31.987 31.913 31.838 31.762 31.686 31.609 31.531 31.453 31.374 31.295 31.215 31.134 31.053
30.793 30.803 30.813 30.823 30.833 30.842 30.852 30.861 30.869 30.878 30.886 30.894 30.901 30.908 30.914 30.921 30.926 30.930 30.935 30.938 30.940 30.942 30.943 30.944 30.943 30.941 30.939 30.935 30.931 30.926 30.919 30.912 30.904 30.894 30.883 30.872 30.858 30.844 30.829 30.812 30.794 30.775 30.754 30.732 30.709 30.684 30.659 30.632 30.603 30.574 30.543 30.511 30.477 30.442 30.407 30.369 30.331 30.292 30.251 30.210 30.167 30.123 30.079 30.033 29.986 29.939 29.891 29.842 29.792 29.740 29.689 29.637 29.583 29.529 29.474 29.418 29.362 29.304 29.246 29.187 29.128
24.651 24.709 24.766 24.824 24.882 24.941 24.999 25.058 25.117 25.176 25.234 25.293 25.352 25.411 25.468 25.526 25.584 25.640 25.697 25.753 25.808 25.861 25.914 25.965 26.015 26.064 26.111 26.156 26.200 26.242 26.283 26.323 26.360 26.396 26.432 26.464 26.496 26.527 26.555 26.583 26.609 26.633 26.657 26.678 26.698 26.717 26.733 26.749 26.763 26.775 26.785 26.795 26.802 26.808 26.813 26.816 26.818 26.818 26.818 26.815 26.811 26.806 26.799 26.792 26.783 26.772 26.761 26.748 26.734 26.718 26.701 26.684 26.664 26.644 26.622 26.600 26.576 26.551 26.525 26.499 26.471
14.839 14.969 15.100 15.233 15.370 15.505 15.641 15.776 15.911 16.048 16.186 16.325 16.463 16.603 16.742 16.881 17.020 17.158 17.296 17.438 17.580 17.722 17.864 18.006 18.146 18.286 18.425 18.563 18.699 18.835 18.968 19.098 19.225 19.351 19.473 19.593 19.708 19.823 19.935 20.046 20.154 20.259 20.363 20.468 20.573 20.676 20.777 20.877 20.974 21.070 21.165 21.258 21.349 21.437 21.523 21.607 21.690 21.770 21.847 21.921 21.995 22.065 22.133 22.198 22.260 22.321 22.378 22.432 22.483 22.533 22.580 22.624 22.666 22.706 22.743 22.778 22.811 22.843 22.873 22.901 22.926
3.088 3.181 3.330 3.494 3.675 3.817 4.000 4.151 4.343 4.566 4.760 4.977 5.166 5.378 5.571 5.789 5.989 6.195 6.418 6.640 6.844 7.059 7.263 7.474 7.681 7.893 8.102 8.316 8.527 8.739 8.946 9.149 9.352 9.556 9.755 9.952 10.148 10.349 10.550 10.746 10.946 11.141 11.346 11.559 11.775 11.991 12.204 12.415 12.625 12.833 13.039 13.241 13.438 13.635 13.829 14.020 14.208 14.392 14.574 14.753 14.930 15.103 15.275 15.446 15.614 15.781 15.946 16.108 16.266 16.420 16.572 16.719 16.863 17.004 17.144 17.282 17.419 17.553 17.684 17.811 17.936
nan nan nan nan nan nan nan nan nan nan nan nan nan nan nan nan nan nan nan nan nan nan nan nan nan nan nan nan nan nan nan nan nan nan nan nan 0.864 1.143 1.353 1.492 1.654 1.797 1.991 2.188 2.394 2.610 2.829 3.050 3.281 3.552 3.788 4.029 4.271 4.524 4.767 5.013 5.253 5.492 5.739 5.983 6.233 6.477 6.723 6.968 7.215 7.466 7.720 7.973 8.227 8.480 8.734 8.987 9.238 9.484 9.731 9.983 10.236 10.489 10.738 10.984 11.226
nan nan nan nan nan nan nan nan nan nan nan nan nan nan nan nan nan nan nan nan nan nan nan nan nan nan nan nan nan nan nan nan nan nan nan nan nan nan nan nan nan nan nan nan nan nan nan nan nan nan nan nan nan nan nan nan nan nan nan nan nan nan nan nan 0.433 0.666 0.835 0.974 1.139 1.317 1.501 1.678 1.866 2.060 2.279 2.502 2.723 2.949 3.183 3.428 3.688
nan nan nan nan nan nan nan nan nan nan nan nan nan nan nan nan nan nan nan nan nan nan nan nan nan nan nan nan nan nan nan nan nan nan nan nan nan nan nan nan nan nan nan nan nan nan nan nan nan nan nan nan nan nan nan nan nan nan nan nan nan nan nan nan nan nan nan nan nan nan nan nan nan nan nan nan nan nan nan nan nan
nan nan nan nan nan nan nan nan nan nan nan nan nan nan nan nan nan nan nan nan nan nan nan nan nan nan nan nan nan nan nan nan nan nan nan nan nan nan nan nan nan nan nan nan nan nan nan nan nan nan nan nan nan nan nan nan nan nan nan nan nan nan nan nan nan nan nan nan nan nan nan nan nan nan nan nan nan nan nan nan nan
nan nan nan nan nan nan nan nan nan nan nan nan nan nan nan nan nan nan nan nan nan nan nan nan nan nan nan nan nan nan nan nan nan nan nan nan nan nan nan nan nan nan nan nan nan nan nan nan nan nan nan nan nan nan nan nan nan nan nan nan nan nan nan nan nan nan nan nan nan nan nan nan nan nan nan nan nan nan nan nan nan
nan nan nan nan nan nan nan nan nan nan nan nan nan nan nan nan nan nan nan nan nan nan nan nan nan nan nan nan nan nan nan nan nan nan nan nan nan nan nan nan nan nan nan nan nan nan nan nan nan nan nan nan nan nan nan nan nan nan nan nan nan nan nan nan nan nan nan nan nan nan nan nan nan nan nan nan nan nan nan nan nan
nan nan nan nan nan nan nan nan nan nan nan nan nan nan nan nan nan nan nan nan nan nan nan nan nan nan nan nan nan nan nan nan nan nan nan nan nan nan nan nan nan nan nan nan nan nan nan nan nan nan nan nan nan nan nan nan nan nan nan nan nan nan nan nan nan nan nan nan nan nan nan nan nan nan nan nan nan nan nan nan nan
nan nan nan nan nan nan nan nan nan nan nan nan nan nan nan nan nan nan nan nan nan nan nan nan nan nan nan nan nan nan nan nan nan nan nan nan nan nan nan nan nan nan nan nan nan nan nan nan nan nan nan nan nan nan nan nan nan nan nan nan nan nan nan nan nan nan nan nan nan nan nan nan nan nan nan nan nan nan nan nan nan
nan nan nan nan nan nan nan nan nan nan nan nan nan nan nan nan nan nan nan nan nan nan nan nan nan nan nan nan nan nan nan nan nan nan nan nan nan nan nan nan nan nan nan nan nan nan nan nan nan nan nan nan nan nan nan nan nan nan nan nan nan nan nan nan nan nan nan nan nan nan nan nan nan nan nan nan nan nan nan nan nan
nan nan nan nan nan nan nan nan nan nan nan nan nan nan nan nan nan nan nan nan nan nan nan nan nan nan nan nan nan nan nan nan nan nan nan nan nan nan nan nan nan nan nan nan nan nan nan nan nan nan nan nan nan nan nan nan nan nan nan nan nan nan nan nan nan nan nan nan nan nan nan nan nan nan nan nan nan nan nan nan nan
nan nan nan nan nan nan nan nan nan nan nan nan nan nan nan nan nan nan nan nan nan nan nan nan nan nan nan nan nan nan nan nan nan nan nan nan nan nan nan nan nan nan nan nan nan nan nan nan nan nan nan nan nan nan nan nan nan nan nan nan nan nan nan nan nan nan nan nan nan nan nan nan nan nan nan nan nan nan nan nan nan
nan nan nan nan nan nan nan nan nan nan nan nan nan nan nan nan nan nan nan nan nan nan nan nan nan nan nan nan nan nan nan nan nan nan nan nan nan nan nan nan nan nan nan nan nan nan nan nan nan nan nan nan nan nan nan nan nan nan nan nan nan nan nan nan nan nan nan nan nan nan nan nan nan nan nan nan nan nan nan nan nan
nan nan nan nan nan nan nan nan nan nan nan nan nan nan nan nan nan nan nan nan nan nan nan nan nan nan nan nan nan nan nan nan nan nan nan nan nan nan nan nan nan nan nan nan nan nan nan nan nan nan nan nan nan nan nan nan nan nan nan nan nan nan nan nan nan nan nan nan nan nan nan nan nan nan nan nan nan nan nan nan nan
nan nan nan nan nan nan nan nan nan nan nan nan nan nan nan nan nan nan nan nan nan nan nan nan nan nan nan nan nan nan nan nan nan nan nan nan nan nan nan nan nan nan nan nan nan nan nan nan nan nan nan nan nan nan nan nan nan nan nan nan nan nan nan nan nan nan nan nan nan nan nan nan nan nan nan nan nan nan nan nan nan
nan nan nan nan nan nan nan nan nan nan nan nan nan nan nan nan nan nan nan nan nan nan nan nan nan nan nan nan nan nan nan nan nan nan nan nan nan nan nan nan nan nan nan nan nan nan nan nan nan nan nan nan nan nan nan nan nan nan nan nan nan nan nan nan nan nan nan nan nan nan nan nan nan nan nan nan nan nan nan nan nan
nan nan nan nan nan nan nan nan nan nan nan nan nan nan nan nan nan nan nan nan nan nan nan nan nan nan nan nan nan nan nan nan nan nan nan nan nan nan nan nan nan nan nan nan nan nan nan nan nan nan nan nan nan nan nan nan nan nan nan nan nan nan nan nan nan nan nan nan nan nan nan nan nan nan nan nan nan nan nan nan nan
nan nan nan nan nan nan nan nan nan nan nan nan nan nan nan nan nan nan nan nan nan nan nan nan nan nan nan nan nan nan nan nan nan nan nan nan nan nan nan nan nan nan nan nan nan nan nan nan nan nan nan nan nan nan nan nan nan nan nan nan nan nan nan nan nan nan nan nan nan nan nan nan nan nan nan nan nan nan nan nan nan
nan nan nan nan nan nan nan nan nan nan nan nan nan nan nan nan nan nan nan nan nan nan nan nan nan nan nan nan nan nan nan nan nan nan nan nan nan nan nan nan nan nan nan nan nan nan nan nan nan nan nan nan nan nan nan nan nan nan nan nan nan nan nan nan nan nan nan nan nan nan nan nan nan nan nan nan nan nan nan nan nan
nan nan nan nan nan nan nan nan nan nan nan nan nan nan nan nan nan nan nan nan nan nan nan nan nan nan nan nan nan nan nan nan nan nan nan nan nan nan nan nan nan nan nan nan nan nan nan nan nan nan nan nan nan nan nan nan nan nan nan nan nan nan nan nan nan nan nan nan nan nan nan nan nan nan nan nan nan nan nan nan nan
nan nan nan nan nan nan nan nan nan nan nan nan nan nan nan nan nan nan nan nan nan nan nan nan nan nan nan nan nan nan nan nan nan nan nan nan nan nan nan nan nan nan nan nan nan nan nan nan nan nan nan nan nan nan nan nan nan nan nan nan nan nan nan nan nan nan nan nan nan nan nan nan nan nan nan nan nan nan nan nan nan
nan nan nan nan nan nan nan nan nan nan nan nan nan nan nan nan nan nan nan nan nan nan nan nan nan nan nan nan nan nan nan nan nan nan nan nan nan nan nan nan nan nan nan nan nan nan nan nan nan nan nan nan nan nan nan nan nan nan nan nan nan nan nan nan nan nan nan nan nan nan nan nan nan nan nan nan nan nan nan nan nan
nan nan nan nan nan nan nan nan nan nan nan nan nan nan nan nan nan nan nan nan nan nan nan nan nan nan nan nan nan nan nan nan nan nan nan nan nan nan nan nan nan nan nan nan nan nan nan nan nan nan nan nan nan nan nan nan nan nan nan nan nan nan nan nan nan nan nan nan nan nan nan nan nan nan nan nan nan nan nan nan nan
