data/CoulombOnly/Outputs_CoulombOnly/1HS_03_curv_MoT-Voellmy_h_max.asc
ncols        1001
nrows        301
xllcorner    997.5
yllcorner    -5002.5
cellsize     5.00
NODATA_value -9999
[rows 136 to 169 of 301, columns 0 to 76 of 1001]
0.000 0.000 0.000 0.000 0.000 0.000 0.000 0.000 0.000 1.500 1.500 1.500 1.500 1.500 1.500 1.500 1.500 1.500 1.500 1.500 1.500 1.500 1.500 1.500 1.500 1.500 1.500 1.500 1.500 1.500 1.500 1.500 1.500 1.500 1.500 1.500 1.500 1.500 1.500 1.500 1.500 1.500 1.500 1.500 1.500 1.500 1.500 1.500 1.500 1.500 1.500 1.500 1.500 1.500 1.500 1.500 1.500 1.500 1.500 1.500 1.500 1.500 1.500 1.500 1.500 1.500 1.500 1.500 1.500 1.500 1.181 1.106 1.024 0.940 0.858 0.779 0.704
0.000 0.000 0.000 0.000 0.000 0.000 0.000 0.000 0.000 1.500 1.500 1.500 1.500 1.500 1.500 1.500 1.500 1.500 1.500 1.500 1.500 1.500 1.500 1.500 1.500 1.500 1.500 1.500 1.500 1.500 1.500 1.500 1.500 1.500 1.500 1.500 1.500 1.500 1.500 1.500 1.500 1.500 1.500 1.500 1.500 1.500 1.500 1.500 1.500 1.500 1.500 1.500 1.500 1.500 1.500 1.500 1.500 1.500 1.500 1.500 1.500 1.500 1.500 1.500 1.500 1.500 1.500 1.500 1.500 1.500 0.938 0.927 0.916 0.904 0.892 0.879 0.866
0.000 0.000 0.000 0.000 0.000 0.000 0.000 0.000 0.000 1.500 1.500 1.500 1.501 1.501 1.501 1.501 1.501 1.501 1.501 1.501 1.501 1.501 1.501 1.501 1.502 1.502 1.502 1.502 1.502 1.502 1.502 1.502 1.503 1.503 1.503 1.503 1.503 1.503 1.503 1.504 1.504 1.504 1.504 1.504 1.505 1.505 1.505 1.505 1.506 1.506 1.506 1.507 1.507 1.508 1.508 1.508 1.509 1.509 1.509 1.510 1.511 1.511 1.512 1.512 1.512 1.513 1.513 1.514 1.507 1.500 1.384 1.344 1.305 1.264 1.223 1.182 1.141
0.000 0.000 0.000 0.000 0.000 0.000 0.000 0.000 0.000 1.500 1.500 1.500 1.501 1.502 1.502 1.502 1.502 1.503 1.503 1.503 1.503 1.503 1.503 1.503 1.503 1.503 1.503 1.504 1.504 1.504 1.504 1.504 1.504 1.504 1.505 1.505 1.505 1.505 1.505 1.505 1.505 1.506 1.506 1.506 1.506 1.506 1.507 1.507 1.507 1.507 1.507 1.508 1.508 1.508 1.508 1.509 1.509 1.509 1.509 1.510 1.510 1.510 1.510 1.511 1.511 1.511 1.512 1.512 1.507 1.500 1.304 1.285 1.265 1.246 1.226 1.207 1.189
0.000 0.000 0.000 0.000 0.000 0.000 0.000 0.000 0.000 1.500 1.500 1.500 1.501 1.502 1.504 1.505 1.507 1.507 1.508 1.508 1.508 1.509 1.509 1.510 1.510 1.511 1.511 1.512 1.513 1.513 1.514 1.515 1.515 1.516 1.517 1.518 1.518 1.519 1.520 1.521 1.522 1.523 1.524 1.526 1.527 1.528 1.529 1.530 1.531 1.533 1.534 1.535 1.536 1.538 1.539 1.540 1.541 1.542 1.543 1.544 1.545 1.546 1.547 1.547 1.548 1.549 1.550 1.548 1.540 1.524 1.505 1.485 1.463 1.442 1.421 1.400 1.380
0.000 0.000 0.000 0.000 0.000 0.000 0.000 0.000 0.000 1.500 1.500 1.500 1.501 1.502 1.504 1.506 1.507 1.510 1.512 1.513 1.515 1.517 1.520 1.522 1.525 1.528 1.531 1.534 1.537 1.541 1.544 1.547 1.550 1.553 1.555 1.558 1.561 1.563 1.566 1.569 1.572 1.574 1.577 1.580 1.583 1.586 1.588 1.591 1.594 1.596 1.599 1.601 1.603 1.605 1.607 1.608 1.609 1.609 1.609 1.608 1.607 1.605 1.603 1.599 1.595 1.591 1.585 1.579 1.572 1.565 1.557 1.548 1.539 1.529 1.520 1.509 1.499
0.000 0.000 0.000 0.000 0.000 0.000 0.000 0.000 0.000 1.500 1.500 1.500 1.501 1.502 1.504 1.505 1.507 1.510 1.512 1.515 1.517 1.520 1.521 1.523 1.525 1.526 1.527 1.529 1.530 1.531 1.533 1.534 1.536 1.538 1.539 1.541 1.543 1.545 1.547 1.549 1.551 1.554 1.556 1.558 1.561 1.564 1.566 1.569 1.572 1.574 1.577 1.580 1.583 1.586 1.589 1.592 1.594 1.597 1.600 1.602 1.605 1.607 1.610 1.612 1.614 1.616 1.618 1.621 1.622 1.624 1.624 1.622 1.618 1.613 1.607 1.600 1.592
0.000 0.000 0.000 0.000 0.000 0.000 0.000 0.000 0.000 1.500 1.500 1.500 1.501 1.502 1.503 1.505 1.507 1.510 1.512 1.515 1.518 1.520 1.524 1.527 1.530 1.533 1.536 1.540 1.543 1.547 1.551 1.555 1.560 1.564 1.569 1.574 1.580 1.586 1.592 1.597 1.604 1.610 1.617 1.623 1.629 1.635 1.641 1.647 1.653 1.658 1.663 1.668 1.673 1.678 1.682 1.686 1.690 1.694 1.697 1.701 1.704 1.706 1.709 1.711 1.712 1.714 1.715 1.716 1.716 1.716 1.716 1.715 1.714 1.713 1.711 1.709 1.707
0.000 0.000 0.000 0.000 0.000 0.000 0.000 0.000 0.000 1.500 1.500 1.500 1.501 1.502 1.503 1.505 1.507 1.510 1.512 1.515 1.517 1.520 1.524 1.527 1.530 1.534 1.537 1.540 1.544 1.547 1.550 1.554 1.557 1.559 1.562 1.565 1.568 1.571 1.574 1.578 1.581 1.585 1.588 1.592 1.596 1.600 1.604 1.609 1.613 1.618 1.622 1.627 1.632 1.637 1.642 1.647 1.653 1.658 1.664 1.669 1.675 1.680 1.686 1.692 1.697 1.703 1.709 1.714 1.720 1.725 1.730 1.736 1.741 1.747 1.752 1.757 1.762
0.000 0.000 0.000 0.000 0.000 0.000 0.000 0.000 0.000 1.500 1.500 1.500 1.501 1.502 1.503 1.505 1.507 1.509 1.512 1.514 1.517 1.520 1.523 1.526 1.530 1.533 1.537 1.541 1.545 1.549 1.553 1.558 1.562 1.567 1.571 1.576 1.581 1.587 1.592 1.598 1.603 1.609 1.616 1.622 1.629 1.636 1.643 1.651 1.659 1.667 1.675 1.684 1.693 1.702 1.711 1.720 1.729 1.738 1.748 1.757 1.766 1.775 1.784 1.793 1.801 1.809 1.818 1.826 1.833 1.841 1.849 1.856 1.863 1.870 1.877 1.883 1.889
0.000 0.000 0.000 0.000 0.000 0.000 0.000 0.000 0.000 1.500 1.500 1.500 1.501 1.502 1.503 1.505 1.507 1.509 1.511 1.514 1.517 1.520 1.523 1.526 1.529 1.533 1.537 1.541 1.544 1.549 1.553 1.558 1.562 1.567 1.572 1.577 1.582 1.587 1.592 1.597 1.603 1.608 1.614 1.619 1.625 1.630 1.636 1.642 1.648 1.655 1.661 1.668 1.675 1.682 1.690 1.698 1.706 1.714 1.722 1.731 1.740 1.749 1.759 1.769 1.779 1.789 1.799 1.810 1.821 1.832 1.843 1.855 1.867 1.879 1.891 1.903 1.916
0.000 0.000 0.000 0.000 0.000 0.000 0.000 0.000 0.000 1.500 1.500 1.500 1.501 1.502 1.503 1.505 1.507 1.509 1.511 1.514 1.517 1.519 1.523 1.526 1.529 1.533 1.537 1.541 1.545 1.549 1.554 1.559 1.564 1.569 1.574 1.580 1.586 1.593 1.599 1.606 1.613 1.620 1.627 1.634 1.642 1.650 1.658 1.667 1.675 1.684 1.693 1.702 1.712 1.721 1.731 1.740 1.751 1.761 1.771 1.782 1.793 1.803 1.815 1.826 1.838 1.849 1.861 1.873 1.886 1.899 1.911 1.924 1.938 1.951 1.965 1.979 1.993
0.000 0.000 0.000 0.000 0.000 0.000 0.000 0.000 0.000 1.500 1.500 1.500 1.501 1.502 1.503 1.505 1.507 1.509 1.511 1.514 1.517 1.520 1.523 1.527 1.531 1.534 1.539 1.543 1.548 1.553 1.558 1.564 1.569 1.575 1.581 1.588 1.594 1.600 1.607 1.614 1.621 1.627 1.634 1.642 1.649 1.656 1.664 1.672 1.679 1.687 1.695 1.704 1.712 1.721 1.730 1.739 1.748 1.758 1.769 1.779 1.790 1.801 1.813 1.825 1.838 1.850 1.864 1.877 1.892 1.906 1.922 1.937 1.953 1.970 1.987 2.005 2.023
0.000 0.000 0.000 0.000 0.000 0.000 0.000 0.000 0.000 1.500 1.500 1.500 1.501 1.502 1.503 1.505 1.507 1.510 1.513 1.516 1.520 1.524 1.528 1.532 1.536 1.540 1.545 1.550 1.555 1.560 1.564 1.569 1.575 1.580 1.585 1.590 1.596 1.602 1.607 1.614 1.620 1.626 1.633 1.640 1.648 1.655 1.663 1.672 1.681 1.690 1.700 1.710 1.721 1.732 1.744 1.756 1.769 1.782 1.796 1.810 1.824 1.839 1.855 1.871 1.887 1.903 1.920 1.938 1.955 1.973 1.991 2.010 2.029 2.048 2.067 2.086 2.106
0.000 0.000 0.000 0.000 0.000 0.000 0.000 0.000 0.000 1.500 1.500 1.501 1.502 1.503 1.506 1.509 1.512 1.516 1.519 1.522 1.525 1.529 1.532 1.536 1.539 1.543 1.547 1.551 1.555 1.560 1.564 1.570 1.575 1.581 1.587 1.594 1.600 1.608 1.615 1.623 1.631 1.640 1.649 1.658 1.667 1.677 1.687 1.697 1.707 1.717 1.728 1.739 1.750 1.761 1.773 1.784 1.796 1.808 1.821 1.834 1.847 1.861 1.875 1.889 1.905 1.920 1.937 1.953 1.971 1.989 2.007 2.026 2.046 2.067 2.088 2.110 2.133
0.000 0.000 0.000 0.000 0.000 0.000 0.000 0.000 0.000 1.500 1.500 1.500 1.501 1.502 1.503 1.505 1.507 1.510 1.513 1.516 1.520 1.524 1.528 1.532 1.536 1.540 1.545 1.550 1.555 1.560 1.564 1.569 1.574 1.580 1.585 1.590 1.596 1.602 1.607 1.614 1.620 1.626 1.633 1.640 1.648 1.655 1.663 1.672 1.681 1.690 1.700 1.710 1.721 1.732 1.744 1.756 1.769 1.782 1.796 1.810 1.824 1.839 1.855 1.870 1.887 1.903 1.920 1.938 1.955 1.973 1.991 2.010 2.029 2.048 2.067 2.086 2.106
0.000 0.000 0.000 0.000 0.000 0.000 0.000 0.000 0.000 1.500 1.500 1.500 1.501 1.502 1.503 1.505 1.507 1.509 1.511 1.514 1.517 1.520 1.523 1.527 1.531 1.534 1.539 1.543 1.548 1.553 1.558 1.564 1.569 1.575 1.581 1.587 1.594 1.600 1.607 1.614 1.620 1.627 1.634 1.642 1.649 1.656 1.664 1.672 1.679 1.687 1.695 1.704 1.712 1.721 1.730 1.739 1.748 1.758 1.768 1.779 1.790 1.801 1.813 1.825 1.837 1.850 1.864 1.877 1.892 1.906 1.921 1.937 1.953 1.970 1.987 2.005 2.023
0.000 0.000 0.000 0.000 0.000 0.000 0.000 0.000 0.000 1.500 1.500 1.500 1.501 1.502 1.503 1.505 1.507 1.509 1.511 1.514 1.517 1.519 1.523 1.526 1.529 1.533 1.537 1.541 1.545 1.549 1.554 1.559 1.564 1.569 1.574 1.580 1.586 1.592 1.599 1.606 1.613 1.620 1.627 1.634 1.642 1.650 1.658 1.667 1.675 1.684 1.693 1.702 1.711 1.721 1.731 1.740 1.751 1.761 1.771 1.782 1.793 1.803 1.815 1.826 1.838 1.849 1.861 1.873 1.886 1.899 1.911 1.924 1.938 1.951 1.965 1.979 1.993
0.000 0.000 0.000 0.000 0.000 0.000 0.000 0.000 0.000 1.500 1.500 1.500 1.501 1.502 1.503 1.505 1.507 1.509 1.511 1.514 1.517 1.520 1.523 1.526 1.529 1.533 1.537 1.541 1.544 1.549 1.553 1.558 1.562 1.567 1.572 1.577 1.582 1.587 1.592 1.597 1.603 1.608 1.614 1.619 1.625 1.630 1.636 1.642 1.648 1.655 1.661 1.668 1.675 1.682 1.690 1.698 1.706 1.714 1.722 1.731 1.740 1.749 1.759 1.768 1.778 1.789 1.799 1.810 1.821 1.832 1.843 1.855 1.866 1.878 1.891 1.903 1.916
0.000 0.000 0.000 0.000 0.000 0.000 0.000 0.000 0.000 1.500 1.500 1.500 1.501 1.502 1.503 1.505 1.507 1.509 1.512 1.514 1.517 1.520 1.523 1.526 1.530 1.533 1.537 1.541 1.545 1.549 1.553 1.558 1.562 1.567 1.571 1.576 1.581 1.586 1.592 1.598 1.603 1.609 1.616 1.622 1.629 1.636 1.643 1.651 1.659 1.667 1.675 1.684 1.693 1.702 1.711 1.720 1.729 1.738 1.748 1.757 1.766 1.775 1.784 1.793 1.801 1.809 1.818 1.826 1.833 1.841 1.849 1.856 1.863 1.870 1.876 1.883 1.889
0.000 0.000 0.000 0.000 0.000 0.000 0.000 0.000 0.000 1.500 1.500 1.500 1.501 1.502 1.503 1.505 1.507 1.510 1.512 1.515 1.517 1.520 1.524 1.527 1.530 1.534 1.537 1.540 1.544 1.547 1.550 1.554 1.557 1.559 1.562 1.565 1.568 1.571 1.574 1.578 1.581 1.585 1.588 1.592 1.596 1.600 1.604 1.608 1.613 1.617 1.622 1.627 1.632 1.637 1.642 1.647 1.653 1.658 1.664 1.669 1.675 1.680 1.686 1.692 1.697 1.703 1.708 1.714 1.719 1.725 1.730 1.736 1.741 1.747 1.752 1.757 1.762
0.000 0.000 0.000 0.000 0.000 0.000 0.000 0.000 0.000 1.500 1.500 1.500 1.501 1.502 1.503 1.505 1.507 1.510 1.512 1.515 1.518 1.520 1.524 1.527 1.530 1.533 1.536 1.540 1.543 1.547 1.551 1.555 1.560 1.564 1.569 1.574 1.580 1.586 1.592 1.598 1.604 1.610 1.617 1.623 1.629 1.635 1.641 1.647 1.653 1.658 1.663 1.668 1.673 1.677 1.682 1.686 1.690 1.694 1.697 1.700 1.703 1.706 1.709 1.711 1.712 1.714 1.715 1.716 1.716 1.716 1.715 1.715 1.714 1.713 1.711 1.709 1.707
0.000 0.000 0.000 0.000 0.000 0.000 0.000 0.000 0.000 1.500 1.500 1.500 1.501 1.502 1.504 1.505 1.507 1.510 1.512 1.515 1.517 1.520 1.521 1.523 1.525 1.526 1.527 1.529 1.530 1.531 1.533 1.534 1.536 1.538 1.539 1.541 1.543 1.545 1.547 1.549 1.551 1.554 1.556 1.558 1.561 1.563 1.566 1.569 1.572 1.574 1.577 1.580 1.583 1.586 1.589 1.591 1.594 1.597 1.600 1.602 1.605 1.607 1.610 1.612 1.614 1.616 1.618 1.620 1.622 1.624 1.624 1.622 1.618 1.613 1.606 1.599 1.592
0.000 0.000 0.000 0.000 0.000 0.000 0.000 0.000 0.000 1.500 1.500 1.500 1.501 1.502 1.504 1.506 1.507 1.510 1.512 1.513 1.515 1.517 1.520 1.522 1.525 1.528 1.531 1.534 1.537 1.541 1.544 1.547 1.550 1.553 1.555 1.558 1.561 1.563 1.566 1.569 1.571 1.574 1.577 1.580 1.583 1.586 1.588 1.591 1.594 1.596 1.599 1.601 1.603 1.605 1.607 1.608 1.609 1.609 1.609 1.608 1.607 1.605 1.603 1.599 1.595 1.591 1.585 1.579 1.572 1.565 1.557 1.548 1.539 1.529 1.520 1.509 1.499
0.000 0.000 0.000 0.000 0.000 0.000 0.000 0.000 0.000 1.500 1.500 1.500 1.501 1.502 1.504 1.505 1.507 1.507 1.508 1.508 1.508 1.509 1.509 1.510 1.510 1.511 1.511 1.512 1.512 1.513 1.514 1.514 1.515 1.516 1.517 1.518 1.518 1.519 1.520 1.521 1.522 1.523 1.524 1.526 1.527 1.528 1.529 1.530 1.531 1.533 1.534 1.535 1.536 1.538 1.539 1.540 1.541 1.542 1.543 1.544 1.545 1.546 1.547 1.547 1.548 1.549 1.549 1.548 1.540 1.524 1.505 1.485 1.463 1.442 1.421 1.400 1.380
0.000 0.000 0.000 0.000 0.000 0.000 0.000 0.000 0.000 1.500 1.500 1.500 1.501 1.502 1.502 1.502 1.502 1.503 1.503 1.503 1.503 1.503 1.503 1.503 1.503 1.503 1.503 1.504 1.504 1.504 1.504 1.504 1.504 1.504 1.505 1.505 1.505 1.505 1.505 1.505 1.505 1.506 1.506 1.506 1.506 1.506 1.507 1.507 1.507 1.507 1.507 1.508 1.508 1.508 1.508 1.509 1.509 1.509 1.509 1.510 1.510 1.510 1.510 1.511 1.511 1.511 1.512 1.512 1.507 1.500 1.304 1.285 1.265 1.246 1.226 1.207 1.189
0.000 0.000 0.000 0.000 0.000 0.000 0.000 0.000 0.000 1.500 1.500 1.500 1.501 1.501 1.501 1.501 1.501 1.501 1.501 1.501 1.501 1.501 1.501 1.501 1.502 1.502 1.502 1.502 1.502 1.502 1.502 1.502 1.503 1.503 1.503 1.503 1.503 1.503 1.503 1.504 1.504 1.504 1.504 1.504 1.505 1.505 1.505 1.505 1.506 1.506 1.506 1.507 1.507 1.507 1.508 1.508 1.509 1.509 1.509 1.510 1.510 1.511 1.511 1.512 1.512 1.513 1.513 1.514 1.507 1.500 1.384 1.344 1.304 1.264 1.223 1.182 1.141
0.000 0.000 0.000 0.000 0.000 0.000 0.000 0.000 0.000 1.500 1.500 1.500 1.500 1.500 1.500 1.500 1.500 1.500 1.500 1.500 1.500 1.500 1.500 1.500 1.500 1.500 1.500 1.500 1.500 1.500 1.500 1.500 1.500 1.500 1.500 1.500 1.500 1.500 1.500 1.500 1.500 1.500 1.500 1.500 1.500 1.500 1.500 1.500 1.500 1.500 1.500 1.500 1.500 1.500 1.500 1.500 1.500 1.500 1.500 1.500 1.500 1.500 1.500 1.500 1.500 1.500 1.500 1.500 1.500 1.500 0.938 0.927 0.916 0.904 0.892 0.879 0.866
0.000 0.000 0.000 0.000 0.000 0.000 0.000 0.000 0.000 1.500 1.500 1.500 1.500 1.500 1.500 1.500 1.500 1.500 1.500 1.500 1.500 1.500 1.500 1.500 1.500 1.500 1.500 1.500 1.500 1.500 1.500 1.500 1.500 1.500 1.500 1.500 1.500 1.500 1.500 1.500 1.500 1.500 1.500 1.500 1.500 1.500 1.500 1.500 1.500 1.500 1.500 1.500 1.500 1.500 1.500 1.500 1.500 1.500 1.500 1.500 1.500 1.500 1.500 1.500 1.500 1.500 1.500 1.500 1.500 1.500 1.181 1.106 1.023 0.939 0.857 0.779 0.704
0.000 0.000 0.000 0.000 0.000 0.000 0.000 0.000 0.000 0.115 0.190 0.287 0.381 0.459 0.518 0.562 0.593 0.616 0.632 0.647 0.658 0.666 0.675 0.682 0.689 0.695 0.700 0.705 0.710 0.713 0.716 0.719 0.721 0.723 0.725 0.727 0.729 0.731 0.734 0.737 0.741 0.745 0.749 0.754 0.760 0.766 0.773 0.779 0.782 0.782 0.779 0.773 0.765 0.753 0.739 0.723 0.706 0.688 0.674 0.666 0.659 0.653 0.647 0.641 0.635 0.629 0.622 0.615 0.607 0.598 0.589 0.580 0.569 0.558 0.547 0.535 0.522
0.000 0.000 0.000 0.000 0.000 0.000 0.000 0.000 0.000 0.010 0.024 0.048 0.081 0.121 0.162 0.202 0.238 0.272 0.302 0.328 0.350 0.370 0.386 0.400 0.413 0.423 0.432 0.440 0.446 0.452 0.456 0.460 0.463 0.466 0.467 0.469 0.470 0.471 0.471 0.472 0.473 0.474 0.476 0.478 0.481 0.484 0.487 0.492 0.496 0.498 0.500 0.500 0.500 0.500 0.499 0.498 0.497 0.495 0.493 0.491 0.488 0.484 0.480 0.474 0.469 0.462 0.455 0.447 0.438 0.428 0.417 0.406 0.394 0.381 0.368 0.354 0.339
0.000 0.000 0.000 0.000 0.000 0.000 0.000 0.000 0.000 0.000 0.002 0.005 0.009 0.016 0.026 0.039 0.054 0.071 0.088 0.106 0.123 0.141 0.157 0.174 0.189 0.204 0.217 0.230 0.242 0.253 0.264 0.273 0.282 0.290 0.298 0.305 0.312 0.318 0.323 0.329 0.333 0.338 0.343 0.347 0.352 0.356 0.360 0.363 0.364 0.364 0.363 0.362 0.360 0.357 0.353 0.349 0.344 0.338 0.332 0.325 0.317 0.309 0.300 0.290 0.281 0.270 0.260 0.249 0.238 0.226 0.214 0.203 0.191 0.179 0.168 0.156 0.145
0.000 0.000 0.000 0.000 0.000 0.000 0.000 0.000 0.000 0.000 0.000 0.000 0.001 0.001 0.003 0.004 0.007 0.009 0.012 0.017 0.022 0.027 0.034 0.040 0.047 0.054 0.061 0.069 0.076 0.083 0.090 0.097 0.103 0.109 0.116 0.121 0.127 0.132 0.137 0.141 0.145 0.148 0.150 0.150 0.150 0.148 0.146 0.143 0.140 0.137 0.133 0.129 0.125 0.120 0.116 0.111 0.106 0.101 0.096 0.091 0.086 0.081 0.076 0.071 0.066 0.062 0.057 0.053 0.049 0.045 0.041 0.037 0.034 0.030 0.027 0.025 0.022
0.000 0.000 0.000 0.000 0.000 0.000 0.000 0.000 0.000 0.000 0.000 0.000 0.000 0.000 0.000 0.000 0.000 0.001 0.001 0.002 0.002 0.003 0.004 0.005 0.006 0.007 0.008 0.009 0.010 0.011 0.012 0.013 0.014 0.015 0.016 0.017 0.017 0.018 0.018 0.018 0.017 0.017 0.016 0.015 0.014 0.014 0.013 0.012 0.011 0.010 0.010 0.008 0.007 0.007 0.007 0.007 0.007 0.006 0.006 0.004 0.001 0.000 0.000 0.000 0.000 0.000 0.000 0.000 0.000 0.000 0.000 0.000 0.000 0.000 0.000 0.000 0.000
