data/CoulombOnly/Outputs_CoulombOnly/1HS_03_curv_MoT-Voellmy_s_max.asc
ncols        1001
nrows        301
xllcorner    997.5
yllcorner    -5002.5
cellsize     5.00
NODATA_value -9999
[rows 128 to 159 of 301, columns 144 to 215 of 1001]
0.000 0.000 0.000 0.000 0.000 0.000 0.000 0.000 0.000 0.000 0.000 0.000 0.000 0.000 0.000 0.000 0.000 0.000 0.000 0.000 0.000 0.000 0.000 0.000 0.000 0.000 0.000 0.000 0.000 0.000 0.000 0.000 0.000 0.000 0.000 0.000 0.000 0.000 0.000 0.000 0.000 0.000 0.000 0.000 0.000 0.000 0.000 0.000 0.000 0.000 0.000 0.000 0.000 0.000 0.000 0.000 0.000 0.000 0.000 0.000 0.000 0.000 0.000 0.000 0.000 0.000 0.000 0.000 0.000 0.000 0.000 0.000
0.000 0.000 0.000 0.000 0.000 0.000 0.000 0.000 0.000 0.000 0.000 0.000 0.000 0.000 0.000 0.000 0.000 0.000 0.000 0.000 0.000 0.000 0.000 0.000 0.000 0.000 0.000 0.000 0.000 0.000 0.000 0.000 0.000 0.000 0.000 0.000 0.000 0.000 0.000 0.000 0.000 0.000 0.000 0.000 0.000 0.000 0.000 0.000 0.000 0.000 0.000 0.000 0.000 0.000 0.000 0.000 0.000 0.000 0.000 0.000 0.000 0.000 0.000 0.000 0.000 0.000 0.000 0.000 0.000 0.000 0.000 0.000
0.000 0.000 0.000 0.000 0.000 0.000 0.000 0.000 0.000 0.000 0.000 0.000 0.000 0.000 0.000 0.000 0.000 0.000 0.000 0.000 0.000 0.000 0.000 0.000 0.000 0.000 0.000 0.000 0.000 0.000 0.000 0.000 0.000 0.000 0.000 0.000 0.000 0.000 0.000 0.000 0.000 0.000 0.000 0.000 0.000 0.000 0.000 0.000 0.000 0.000 0.000 0.000 0.000 0.000 0.000 0.000 0.000 0.000 0.000 0.000 0.000 0.000 0.000 0.000 0.000 0.000 0.000 0.000 0.000 0.000 0.000 0.000
0.000 0.000 0.000 0.000 0.000 0.000 0.000 0.000 0.000 0.000 0.000 0.000 0.000 0.000 0.000 0.000 0.000 0.000 0.000 0.000 0.000 0.000 0.000 0.000 0.000 0.000 0.000 0.000 0.000 0.000 0.000 0.000 0.000 0.000 0.000 0.000 0.000 0.000 0.000 0.000 0.000 0.000 0.000 0.000 0.000 0.000 0.000 0.000 0.000 0.000 0.000 0.000 0.000 0.000 0.000 0.000 0.000 0.000 0.000 0.000 0.000 0.000 0.000 0.000 0.000 0.000 0.000 0.000 0.000 0.000 0.000 0.000
0.000 0.000 0.000 0.000 0.000 0.000 0.000 0.000 0.000 0.000 0.000 0.000 0.000 0.000 0.000 0.000 0.000 0.000 0.000 0.000 0.000 0.000 0.000 0.000 0.000 0.000 0.000 0.000 0.000 0.000 0.000 0.000 0.000 0.000 0.000 0.000 0.000 0.000 0.000 0.000 0.000 0.000 0.000 0.000 0.000 0.000 0.000 0.000 0.000 0.000 0.000 0.000 0.000 0.000 0.000 0.000 0.000 0.000 0.000 0.000 0.000 0.000 0.000 0.000 0.000 0.000 0.000 0.000 0.000 0.000 0.000 0.000
0.000 0.000 0.000 0.000 0.000 0.000 0.000 0.000 0.000 0.000 0.000 0.000 0.000 0.000 0.000 0.000 0.000 0.000 0.000 0.000 0.000 0.000 0.000 0.000 0.000 0.000 0.000 0.000 0.000 0.000 0.000 0.000 0.000 0.000 0.000 0.000 0.000 0.000 0.000 0.000 0.000 0.000 0.000 0.000 0.000 0.000 0.000 0.000 0.000 0.000 0.000 0.000 0.000 0.000 0.000 0.000 0.000 0.000 0.000 0.000 0.000 0.000 0.000 0.000 0.000 0.000 0.000 0.000 0.000 0.000 0.000 0.000
0.000 0.000 0.000 0.000 0.000 0.000 0.000 0.000 0.000 0.000 0.000 0.000 0.000 0.000 0.000 0.000 0.000 0.000 0.000 0.000 0.000 0.000 0.000 0.000 0.000 0.000 0.000 0.000 0.000 0.000 0.000 0.000 0.000 0.000 0.000 0.000 0.000 0.000 0.000 0.000 0.000 0.000 0.000 0.000 0.000 0.000 0.000 0.000 0.000 0.000 0.000 0.000 0.000 0.000 0.000 0.000 0.000 0.000 0.000 0.000 0.000 0.000 0.000 0.000 0.000 0.000 0.000 0.000 0.000 0.000 0.000 0.000
0.000 0.000 0.000 0.000 0.000 0.000 0.000 0.000 0.000 0.000 0.000 0.000 0.000 0.000 0.000 0.000 0.000 0.000 0.000 0.000 0.000 0.000 0.000 0.000 0.000 0.000 0.000 0.000 0.000 0.000 0.000 0.000 0.000 0.000 0.000 0.000 0.000 0.000 0.000 0.000 0.000 0.000 0.000 0.000 0.000 0.000 0.000 0.000 0.000 0.000 0.000 0.000 0.000 0.000 0.000 0.000 0.000 0.000 0.000 0.000 0.000 0.000 0.000 0.000 0.000 0.000 0.000 0.000 0.000 0.000 0.000 0.000
0.000 0.000 0.000 0.000 0.000 0.000 0.000 0.000 0.000 0.000 0.000 0.000 0.000 0.000 0.000 0.000 0.000 0.000 0.000 0.000 0.000 0.000 0.000 0.000 0.000 0.000 0.000 0.000 0.000 0.000 0.000 0.000 0.000 0.000 0.000 0.000 0.000 0.000 0.000 0.000 0.000 0.000 0.000 0.000 0.000 0.000 0.000 0.000 0.000 0.000 0.000 0.000 0.000 0.000 0.000 0.000 0.000 0.000 0.000 0.000 0.000 0.000 0.000 0.000 0.000 0.000 0.000 0.000 0.000 0.000 0.000 0.000
0.000 0.000 0.000 0.000 0.000 0.000 0.000 0.000 0.000 0.000 0.000 0.000 0.000 0.000 0.000 0.000 0.000 0.000 0.000 0.000 0.000 0.000 0.000 0.000 0.000 0.000 0.000 0.000 0.000 0.000 0.000 0.000 0.000 0.000 0.000 0.000 0.000 0.000 0.000 0.000 0.000 0.000 0.000 0.000 0.000 0.000 0.000 0.000 0.000 0.000 0.000 0.000 0.000 0.000 0.000 0.000 0.000 0.000 0.000 0.000 0.000 0.000 0.000 0.000 0.000 0.000 0.000 0.000 0.000 0.000 0.000 0.000
0.512 0.000 0.000 0.000 0.000 0.000 0.000 0.000 0.000 0.000 0.000 0.000 0.000 0.000 0.000 0.000 0.000 0.000 0.000 0.000 0.000 0.000 0.000 0.000 0.000 0.000 0.000 0.000 0.000 0.000 0.000 0.000 0.000 0.000 0.000 0.000 0.000 0.000 0.000 0.000 0.000 0.000 0.000 0.000 0.000 0.000 0.000 0.000 0.000 0.000 0.000 0.000 0.000 0.000 0.000 0.000 0.000 0.000 0.000 0.000 0.000 0.000 0.000 0.000 0.000 0.000 0.000 0.000 0.000 0.000 0.000 0.000
54.507 46.092 34.356 23.464 15.856 8.649 0.840 0.000 0.000 0.000 0.000 0.000 0.000 0.000 0.000 0.000 0.000 0.000 0.000 0.000 0.000 0.000 0.000 0.000 0.000 0.000 0.000 0.000 0.000 0.000 0.000 0.000 0.000 0.000 0.000 0.000 0.000 0.000 0.000 0.000 0.000 0.000 0.000 0.000 0.000 0.000 0.000 0.000 0.000 0.000 0.000 0.000 0.000 0.000 0.000 0.000 0.000 0.000 0.000 0.000 0.000 0.000 0.000 0.000 0.000 0.000 0.000 0.000 0.000 0.000 0.000 0.000
61.048 62.031 62.578 62.762 61.990 60.667 56.005 48.055 36.310 24.798 16.608 9.843 1.444 0.002 0.000 0.000 0.000 0.000 0.000 0.000 0.000 0.000 0.000 0.000 0.000 0.000 0.000 0.000 0.000 0.000 0.000 0.000 0.000 0.000 0.000 0.000 0.000 0.000 0.000 0.000 0.000 0.000 0.000 0.000 0.000 0.000 0.000 0.000 0.000 0.000 0.000 0.000 0.000 0.000 0.000 0.000 0.000 0.000 0.000 0.000 0.000 0.000 0.000 0.000 0.000 0.000 0.000 0.000 0.000 0.000 0.000 0.000
58.145 57.997 57.815 58.348 59.675 60.975 62.184 63.240 64.017 64.135 63.850 62.717 58.721 51.450 40.330 28.085 18.609 12.166 3.531 0.041 0.000 0.000 0.000 0.000 0.000 0.000 0.000 0.000 0.000 0.000 0.000 0.000 0.000 0.000 0.000 0.000 0.000 0.000 0.000 0.000 0.000 0.000 0.000 0.000 0.000 0.000 0.000 0.000 0.000 0.000 0.000 0.000 0.000 0.000 0.000 0.000 0.000 0.000 0.000 0.000 0.000 0.000 0.000 0.000 0.000 0.000 0.000 0.000 0.000 0.000 0.000 0.000
60.033 59.979 59.911 59.829 59.731 59.624 59.506 59.343 59.161 59.214 60.336 61.509 62.799 63.949 64.885 65.365 66.135 65.603 62.841 57.727 48.837 36.428 24.873 16.425 11.201 7.286 4.773 2.516 0.332 0.002 0.000 0.000 0.000 0.000 0.000 0.001 0.002 0.003 0.004 0.005 0.004 0.002 0.001 0.000 0.000 0.000 0.039 0.430 1.412 2.933 5.077 8.000 11.619 15.787 20.179 24.555 28.748 32.660 36.260 39.567 42.629 45.518 48.318 51.137 54.161 56.619 58.537 60.148 61.519 62.686 63.681 64.537
61.407 61.433 61.448 61.454 61.449 61.430 61.395 61.345 61.280 61.200 61.111 60.990 60.863 60.734 60.551 60.348 60.688 61.687 62.727 63.791 64.782 65.943 67.278 67.915 67.531 65.500 61.533 53.974 43.517 33.989 23.883 15.045 10.689 9.602 12.422 20.761 28.940 35.642 40.804 45.620 50.627 52.159 53.476 54.865 56.077 57.003 57.772 58.496 59.162 59.802 60.427 61.038 61.637 62.221 62.790 63.345 63.895 64.456 65.134 65.840 66.464 67.010 67.494 67.926 68.322 68.681 69.020 69.335 69.632 69.915 70.190 70.455
62.433 62.515 62.583 62.641 62.689 62.731 62.767 62.796 62.815 62.830 62.832 62.819 62.792 62.753 62.701 62.638 62.560 62.469 62.380 62.236 62.090 61.933 61.732 61.474 62.214 63.896 64.425 64.619 64.873 65.946 66.792 67.427 67.674 67.329 66.050 62.832 57.217 57.533 58.095 58.651 59.201 59.759 60.314 60.870 61.424 61.969 62.512 63.072 63.655 64.645 65.459 66.081 66.610 67.085 67.509 67.898 68.260 68.606 68.929 69.243 69.539 69.824 70.104 70.373 70.633 70.886 71.132 71.372 71.608 71.839 72.067 72.291
63.236 63.335 63.435 63.541 63.631 63.706 63.791 63.868 63.933 63.989 64.039 64.093 64.143 64.185 64.215 64.234 64.240 64.234 64.219 64.194 64.162 64.125 64.082 64.032 63.951 63.889 63.804 63.696 63.595 63.478 63.342 63.156 62.994 62.906 62.915 63.008 63.115 63.138 63.053 63.168 63.512 64.077 64.488 64.811 65.491 66.126 66.622 67.063 67.462 67.833 68.177 68.514 68.829 69.143 69.438 69.727 70.013 70.287 70.552 70.810 71.062 71.308 71.549 71.786 72.018 72.246 72.470 72.691 72.910 73.124 73.335 73.543
63.841 63.961 64.102 64.222 64.341 64.463 64.560 64.674 64.776 64.860 64.962 65.049 65.119 65.197 65.271 65.332 65.383 65.443 65.495 65.539 65.575 65.606 65.646 65.680 65.705 65.723 65.732 65.736 65.734 65.728 65.718 65.704 65.673 65.563 65.369 65.244 65.276 65.473 65.792 66.136 66.486 66.845 67.200 67.551 67.894 68.223 68.551 68.857 69.160 69.455 69.739 70.014 70.285 70.554 70.817 71.075 71.326 71.572 71.811 72.045 72.275 72.500 72.721 72.938 73.151 73.368 73.583 73.795 74.004 74.211 74.414 74.613
64.286 64.452 64.595 64.748 64.886 65.027 65.159 65.291 65.412 65.540 65.645 65.771 65.865 65.984 66.076 66.178 66.271 66.354 66.447 66.514 66.601 66.667 66.734 66.800 66.842 66.910 66.950 66.980 66.950 66.918 66.818 66.796 66.811 66.877 66.993 67.166 67.376 67.616 67.877 68.134 68.415 68.691 68.962 69.248 69.524 69.793 70.058 70.326 70.589 70.844 71.094 71.340 71.584 71.826 72.065 72.299 72.530 72.755 72.975 73.193 73.413 73.627 73.835 74.038 74.234 74.427 74.629 74.826 75.018 75.205 75.388 75.580
64.637 64.790 64.976 65.137 65.289 65.458 65.599 65.754 65.901 66.030 66.180 66.300 66.438 66.563 66.678 66.806 66.906 67.027 67.129 67.216 67.314 67.383 67.431 67.501 67.560 67.616 67.671 67.767 67.864 67.969 68.093 68.238 68.403 68.586 68.786 68.995 69.211 69.434 69.661 69.893 70.127 70.370 70.614 70.857 71.098 71.337 71.574 71.808 72.039 72.268 72.493 72.717 72.943 73.168 73.390 73.609 73.826 74.040 74.251 74.457 74.659 74.871 75.078 75.280 75.478 75.671 75.865 76.067 76.264 76.457 76.643 76.826
64.899 65.079 65.244 65.433 65.614 65.780 65.933 66.112 66.276 66.427 66.574 66.736 66.886 67.022 67.162 67.313 67.451 67.578 67.706 67.849 67.984 68.111 68.231 68.374 68.519 68.661 68.803 68.944 69.110 69.278 69.447 69.618 69.791 69.967 70.160 70.355 70.550 70.746 70.942 71.137 71.336 71.543 71.748 71.952 72.154 72.352 72.551 72.758 72.963 73.163 73.360 73.554 73.757 73.957 74.151 74.338 74.536 74.731 74.919 75.102 75.296 75.482 75.658 75.846 76.029 76.199 76.381 76.557 76.720 76.896 77.063 77.219
65.136 65.338 65.536 65.726 65.911 66.091 66.271 66.460 66.644 66.824 67.000 67.171 67.344 67.526 67.703 67.877 68.047 68.212 68.386 68.565 68.741 68.916 69.088 69.259 69.438 69.622 69.805 69.988 70.170 70.352 70.536 70.730 70.925 71.120 71.315 71.510 71.707 71.904 72.102 72.305 72.511 72.718 72.925 73.133 73.341 73.549 73.757 73.965 74.171 74.375 74.577 74.788 74.995 75.199 75.400 75.596 75.783 75.984 76.183 76.377 76.562 76.739 76.934 77.127 77.309 77.483 77.661 77.850 78.031 78.202 78.367 78.553
64.899 65.079 65.244 65.433 65.614 65.780 65.933 66.112 66.276 66.427 66.574 66.737 66.887 67.022 67.162 67.313 67.451 67.578 67.706 67.849 67.984 68.111 68.231 68.374 68.519 68.661 68.803 68.944 69.110 69.278 69.447 69.618 69.791 69.967 70.161 70.355 70.551 70.747 70.942 71.137 71.337 71.544 71.749 71.953 72.154 72.353 72.552 72.759 72.963 73.164 73.361 73.554 73.758 73.958 74.152 74.339 74.537 74.732 74.920 75.103 75.297 75.483 75.659 75.847 76.030 76.201 76.382 76.558 76.721 76.897 77.064 77.220
64.638 64.790 64.976 65.138 65.289 65.458 65.599 65.755 65.901 66.030 66.180 66.300 66.439 66.563 66.678 66.806 66.906 67.027 67.129 67.216 67.314 67.382 67.431 67.501 67.560 67.616 67.671 67.767 67.864 67.969 68.093 68.238 68.404 68.587 68.786 68.995 69.211 69.434 69.662 69.893 70.128 70.371 70.615 70.858 71.099 71.338 71.574 71.809 72.040 72.269 72.494 72.717 72.944 73.168 73.390 73.610 73.826 74.040 74.251 74.458 74.660 74.872 75.079 75.281 75.479 75.672 75.866 76.067 76.265 76.457 76.643 76.827
64.286 64.452 64.595 64.748 64.886 65.027 65.159 65.292 65.412 65.540 65.645 65.771 65.865 65.984 66.077 66.179 66.271 66.354 66.447 66.514 66.601 66.667 66.734 66.800 66.842 66.910 66.950 66.980 66.950 66.918 66.818 66.796 66.811 66.877 66.993 67.166 67.376 67.617 67.877 68.134 68.415 68.691 68.962 69.249 69.524 69.793 70.058 70.327 70.589 70.844 71.094 71.341 71.585 71.827 72.065 72.300 72.531 72.756 72.976 73.194 73.413 73.628 73.836 74.039 74.235 74.428 74.630 74.827 75.019 75.206 75.389 75.580
63.841 63.961 64.102 64.222 64.341 64.463 64.560 64.675 64.777 64.860 64.962 65.049 65.120 65.198 65.271 65.332 65.383 65.443 65.495 65.539 65.575 65.606 65.646 65.679 65.705 65.723 65.733 65.736 65.734 65.728 65.718 65.704 65.674 65.564 65.370 65.244 65.275 65.472 65.791 66.136 66.485 66.845 67.200 67.550 67.894 68.223 68.551 68.857 69.160 69.455 69.739 70.015 70.286 70.554 70.818 71.075 71.327 71.572 71.812 72.046 72.275 72.500 72.721 72.938 73.152 73.368 73.583 73.795 74.005 74.211 74.414 74.614
63.236 63.335 63.436 63.542 63.631 63.707 63.792 63.869 63.934 63.990 64.039 64.093 64.143 64.185 64.216 64.235 64.241 64.236 64.220 64.195 64.164 64.126 64.084 64.034 63.952 63.891 63.806 63.699 63.596 63.480 63.344 63.159 62.996 62.906 62.914 63.006 63.113 63.136 63.051 63.166 63.510 64.074 64.487 64.810 65.491 66.125 66.621 67.063 67.462 67.833 68.177 68.514 68.829 69.143 69.438 69.728 70.013 70.287 70.552 70.810 71.062 71.309 71.550 71.786 72.018 72.246 72.470 72.692 72.910 73.124 73.336 73.543
62.434 62.516 62.585 62.642 62.691 62.732 62.768 62.797 62.817 62.832 62.834 62.821 62.794 62.754 62.703 62.641 62.562 62.473 62.381 62.240 62.093 61.937 61.735 61.477 62.261 63.702 64.430 64.607 64.856 65.986 66.813 67.416 67.657 67.323 66.057 62.854 57.257 57.534 58.096 58.651 59.201 59.759 60.313 60.868 61.423 61.967 62.511 63.071 63.654 64.645 65.459 66.080 66.610 67.085 67.509 67.898 68.259 68.606 68.929 69.243 69.539 69.825 70.104 70.373 70.633 70.886 71.132 71.372 71.608 71.839 72.067 72.291
61.412 61.438 61.453 61.457 61.451 61.432 61.397 61.347 61.282 61.202 61.113 60.992 60.864 60.737 60.556 60.352 60.699 61.666 62.699 63.783 64.788 65.987 67.115 67.935 67.551 65.535 61.600 54.075 43.654 34.092 24.010 15.131 10.728 9.624 12.420 20.769 28.949 35.649 40.808 45.646 50.638 52.160 53.481 54.867 56.078 57.004 57.773 58.497 59.163 59.803 60.428 61.038 61.638 62.221 62.790 63.345 63.895 64.455 65.134 65.840 66.464 67.010 67.494 67.926 68.322 68.681 69.020 69.335 69.632 69.915 70.190 70.455
60.035 59.981 59.913 59.831 59.735 59.626 59.508 59.344 59.164 59.185 60.331 61.499 62.784 63.931 64.867 65.426 66.125 65.628 62.887 57.813 48.962 36.586 25.002 16.502 11.258 7.326 4.797 2.549 0.346 0.002 0.000 0.000 0.000 0.000 0.000 0.001 0.002 0.003 0.004 0.005 0.004 0.002 0.001 0.000 0.000 0.000 0.043 0.444 1.435 2.965 5.120 8.052 11.672 15.840 20.230 24.603 28.791 32.697 36.292 39.594 42.652 45.538 48.338 51.161 54.174 56.642 58.552 60.163 61.532 62.695 63.689 64.543
58.150 57.999 57.817 58.322 59.648 60.965 62.172 63.226 64.003 64.145 63.744 62.764 58.785 51.567 40.485 28.230 18.704 12.250 3.624 0.045 0.000 0.000 0.000 0.000 0.000 0.000 0.000 0.000 0.000 0.000 0.000 0.000 0.000 0.000 0.000 0.000 0.000 0.000 0.000 0.000 0.000 0.000 0.000 0.000 0.000 0.000 0.000 0.000 0.000 0.000 0.000 0.000 0.000 0.000 0.000 0.000 0.000 0.000 0.000 0.000 0.000 0.000 0.000 0.000 0.000 0.000 0.000 0.000 0.000 0.000 0.000 0.000
