data/CoulombOnly/Outputs_CoulombOnly/1HS_03_curv_MoT-Voellmy_s_max.asc
ncols        1001
nrows        301
xllcorner    997.5
yllcorner    -5002.5
cellsize     5.00
NODATA_value -9999
[rows 128 to 159 of 301, columns 0 to 71 of 1001]
0.000 0.000 0.000 0.000 0.000 0.000 0.000 0.000 0.000 0.000 0.000 0.000 0.000 0.000 0.000 0.000 0.000 0.000 0.000 0.000 0.000 0.000 0.000 0.000 0.000 0.000 0.000 0.000 0.000 0.000 0.000 0.000 0.000 0.000 0.000 0.000 0.000 0.000 0.000 0.000 0.000 0.000 0.000 0.000 0.000 0.000 0.000 0.000 0.000 0.000 0.000 0.000 0.000 0.000 0.000 0.000 0.000 0.000 0.000 0.000 0.000 0.000 0.000 0.000 0.000 0.000 0.000 0.000 0.000 0.000 0.000 0.000
0.000 0.000 0.000 0.000 0.000 0.000 0.000 0.000 0.000 0.000 0.000 0.000 0.000 0.000 0.000 0.000 0.000 0.000 0.000 0.000 0.000 0.000 0.000 0.000 0.000 0.000 0.000 0.000 0.000 0.000 0.000 0.000 0.000 0.000 0.000 0.000 0.000 0.000 0.000 0.000 0.000 0.000 0.000 0.000 0.000 0.000 0.000 0.000 0.000 0.000 0.000 0.000 0.000 0.000 0.000 0.000 0.000 0.000 0.000 0.000 0.000 0.000 0.000 0.000 0.000 0.000 0.000 0.000 0.000 0.000 0.000 0.000
0.000 0.000 0.000 0.000 0.000 0.000 0.000 0.000 0.000 0.000 0.000 0.000 0.000 0.000 0.000 0.000 0.000 0.000 0.001 0.003 0.009 0.020 0.039 0.064 0.093 0.121 0.143 0.148 0.132 0.091 0.035 0.004 0.000 0.000 0.000 0.000 0.000 0.000 0.000 0.000 0.000 0.000 0.000 0.000 0.000 0.000 0.000 0.000 0.000 0.000 0.000 0.000 0.000 0.000 0.000 0.000 0.000 0.000 0.000 0.000 0.000 0.000 0.000 0.000 0.000 0.000 0.000 0.000 0.000 0.000 0.000 0.000
0.000 0.000 0.000 0.000 0.000 0.000 0.000 0.000 0.000 0.000 0.000 0.000 0.000 0.007 0.047 0.182 0.485 1.012 1.795 2.803 3.912 5.145 6.630 8.206 9.812 11.415 13.077 14.736 16.330 17.443 18.341 19.133 19.880 20.555 21.145 21.723 22.239 22.671 23.141 23.478 23.849 24.112 24.415 24.555 24.822 24.966 25.136 25.369 25.534 25.708 25.911 20.101 16.198 13.627 11.734 10.252 9.034 7.784 5.755 1.955 0.082 0.000 0.000 0.000 0.000 0.000 0.000 0.000 0.000 0.000 0.000 0.000
0.000 0.000 0.000 0.000 0.000 0.000 0.000 0.000 0.000 0.000 0.009 0.163 0.793 2.099 3.816 6.025 8.404 10.708 12.589 13.960 15.229 16.406 17.434 18.361 19.232 20.062 20.847 21.580 22.254 22.881 23.518 24.121 24.689 25.229 25.742 26.234 26.751 27.247 27.725 28.177 28.572 29.012 29.424 29.814 30.185 30.566 30.935 31.269 31.593 31.942 32.271 32.553 32.866 33.149 33.374 33.613 33.869 34.222 34.609 34.977 35.337 35.676 36.034 36.318 36.654 36.911 37.219 37.444 37.743 37.944 38.216 38.425
0.000 0.000 0.000 0.000 0.000 0.000 0.000 0.000 0.000 0.476 2.263 4.802 7.509 10.166 11.912 13.521 14.792 16.101 17.209 18.190 19.092 19.942 20.749 21.513 22.233 22.962 23.659 24.323 24.955 25.558 26.135 26.687 27.245 27.810 28.324 28.791 29.238 29.734 30.207 30.662 31.071 31.487 31.913 32.312 32.688 33.065 33.458 33.814 34.136 34.501 34.858 35.167 35.475 35.805 36.116 36.381 36.688 36.971 37.224 37.530 37.786 38.046 38.317 38.537 38.807 39.023 39.268 39.479 39.691 39.900 40.091 40.286
0.000 0.000 0.000 0.000 0.000 0.000 0.000 0.000 0.000 5.256 8.842 10.909 12.516 14.109 15.381 16.513 17.577 18.648 19.583 20.497 21.335 22.099 22.796 23.435 24.110 24.781 25.418 26.028 26.615 27.149 27.745 28.272 28.761 29.228 29.758 30.272 30.719 31.118 31.594 32.048 32.486 32.854 33.279 33.687 34.074 34.446 34.828 35.199 35.543 35.868 36.242 36.585 36.891 37.209 37.547 37.861 38.127 38.448 38.747 39.022 39.297 39.583 39.844 40.096 40.371 40.615 40.855 41.118 41.340 41.575 41.816 42.012
0.000 0.000 0.000 0.000 0.000 0.000 0.000 0.000 0.000 10.364 12.344 13.716 14.954 16.385 17.526 18.535 19.466 20.342 21.169 21.948 22.679 23.432 24.178 24.894 25.585 26.158 26.711 27.316 27.884 28.428 28.957 29.486 29.985 30.440 30.878 31.394 31.882 32.274 32.689 33.146 33.585 33.943 34.347 34.756 35.145 35.490 35.883 36.251 36.595 36.925 37.311 37.642 37.945 38.281 38.630 38.927 39.210 39.540 39.852 40.115 40.411 40.707 40.983 41.236 41.523 41.786 42.026 42.300 42.552 42.774 43.030 43.274
0.000 0.000 0.000 0.000 0.000 0.000 0.000 0.000 0.000 11.417 13.339 14.614 15.978 17.093 18.081 18.995 19.858 20.676 21.451 22.181 22.872 23.525 24.223 24.909 25.573 26.217 26.843 27.457 27.931 28.513 29.057 29.575 30.072 30.557 31.080 31.613 32.066 32.477 32.933 33.406 33.864 34.260 34.661 35.093 35.502 35.896 36.271 36.669 37.036 37.384 37.769 38.132 38.460 38.798 39.168 39.493 39.785 40.140 40.473 40.755 41.069 41.388 41.685 41.956 42.262 42.545 42.801 43.095 43.365 43.610 43.878 44.140
0.000 0.000 0.000 0.000 0.000 0.000 0.000 0.000 0.000 11.755 13.238 14.833 15.940 17.342 18.387 19.304 20.165 20.997 21.803 22.574 23.301 23.979 24.613 25.268 25.933 26.576 27.200 27.813 28.268 28.837 29.357 29.850 30.330 30.839 31.372 31.810 32.210 32.700 33.173 33.620 33.998 34.449 34.874 35.289 35.674 36.089 36.471 36.839 37.249 37.625 37.965 38.346 38.733 39.063 39.411 39.780 40.120 40.441 40.794 41.122 41.430 41.770 42.078 42.378 42.710 43.001 43.294 43.613 43.888 44.172 44.471 44.730
0.000 0.000 0.000 0.000 0.000 0.000 0.000 0.000 0.000 11.861 13.287 14.732 15.897 17.120 18.361 19.357 20.246 21.071 21.850 22.591 23.299 23.978 24.683 25.380 26.060 26.725 27.237 27.717 28.295 28.845 29.375 29.893 30.405 30.899 31.423 31.889 32.322 32.739 33.218 33.698 34.156 34.533 34.943 35.380 35.804 36.221 36.574 36.990 37.379 37.754 38.107 38.514 38.877 39.217 39.576 39.965 40.301 40.610 40.984 41.340 41.642 41.976 42.319 42.643 42.941 43.277 43.586 43.869 44.198 44.492 44.765 45.089
0.000 0.000 0.000 0.000 0.000 0.000 0.000 0.000 0.000 11.776 13.274 14.929 16.028 17.379 18.394 19.302 20.181 21.191 22.145 22.965 23.649 24.340 25.024 25.652 26.234 26.773 27.327 27.923 28.497 29.055 29.604 30.149 30.608 31.133 31.603 32.045 32.476 32.967 33.463 33.886 34.260 34.704 35.145 35.580 35.951 36.347 36.757 37.151 37.541 37.905 38.294 38.655 39.008 39.375 39.752 40.091 40.411 40.786 41.158 41.475 41.791 42.149 42.497 42.790 43.120 43.454 43.774 44.060 44.391 44.702 44.993 45.304
0.000 0.000 0.000 0.000 0.000 0.000 0.000 0.000 0.000 11.817 13.298 14.921 16.030 17.406 18.432 19.340 20.210 21.083 22.022 22.843 23.578 24.320 25.007 25.642 26.232 26.784 27.335 27.935 28.515 29.078 29.631 30.178 30.720 31.172 31.689 32.158 32.603 33.043 33.491 33.980 34.466 34.867 35.236 35.665 36.096 36.524 36.923 37.271 37.683 38.072 38.450 38.821 39.194 39.565 39.913 40.253 40.619 40.990 41.318 41.627 41.992 42.353 42.664 42.969 43.315 43.652 43.945 44.260 44.586 44.900 45.176 45.504
0.000 0.000 0.000 0.000 0.000 0.000 0.000 0.000 0.000 11.857 13.324 14.925 16.046 17.432 18.462 19.371 20.241 21.190 22.183 23.062 23.815 24.453 25.135 25.792 26.400 26.966 27.496 28.013 28.595 29.156 29.702 30.236 30.764 31.285 31.804 32.276 32.750 33.186 33.610 34.035 34.511 34.984 35.414 35.783 36.179 36.608 37.030 37.450 37.787 38.181 38.569 38.949 39.327 39.670 40.050 40.402 40.740 41.081 41.462 41.804 42.121 42.445 42.804 43.154 43.457 43.767 44.107 44.438 44.731 45.037 45.361 45.672
0.000 0.000 0.000 0.000 0.000 0.000 0.000 0.000 0.000 11.896 13.350 14.921 16.054 17.463 18.504 19.417 20.283 21.141 22.059 22.921 23.667 24.405 25.111 25.766 26.375 26.943 27.478 28.038 28.621 29.185 29.734 30.272 30.803 31.331 31.831 32.320 32.793 33.233 33.660 34.087 34.556 35.032 35.492 35.877 36.237 36.669 37.093 37.515 37.923 38.250 38.655 39.040 39.420 39.799 40.134 40.515 40.868 41.212 41.555 41.915 42.269 42.592 42.901 43.249 43.604 43.926 44.219 44.546 44.880 45.205 45.493 45.800
0.000 0.000 0.000 0.000 0.000 0.000 0.000 0.000 0.000 11.932 13.374 14.919 16.063 17.492 18.544 19.462 20.324 21.172 22.016 22.845 23.642 24.395 25.100 25.757 26.370 26.945 27.487 28.062 28.649 29.217 29.770 30.311 30.845 31.376 31.906 32.369 32.853 33.297 33.727 34.153 34.603 35.078 35.552 35.966 36.332 36.728 37.154 37.574 37.994 38.367 38.721 39.116 39.496 39.874 40.254 40.595 40.968 41.317 41.659 42.002 42.363 42.713 43.032 43.343 43.686 44.041 44.365 44.658 44.974 45.308 45.637 45.935
0.000 0.000 0.000 0.000 0.000 0.000 0.000 0.000 0.000 11.963 13.395 14.918 16.072 17.506 18.575 19.499 20.361 21.202 22.034 22.850 23.635 24.380 25.078 25.732 26.344 26.919 27.474 28.084 28.673 29.244 29.802 30.349 30.890 31.430 31.882 32.401 32.871 33.316 33.750 34.184 34.655 35.135 35.601 35.995 36.359 36.781 37.206 37.629 38.054 38.410 38.779 39.172 39.554 39.934 40.319 40.659 41.034 41.386 41.729 42.077 42.428 42.791 43.119 43.433 43.756 44.114 44.467 44.775 45.061 45.393 45.726 46.057
0.000 0.000 0.000 0.000 0.000 0.000 0.000 0.000 0.000 11.989 13.414 14.918 16.081 17.482 18.582 19.519 20.386 21.224 22.050 22.856 23.633 24.370 25.064 25.715 26.326 26.903 27.495 28.106 28.697 29.272 29.834 30.388 30.937 31.485 31.938 32.437 32.900 33.345 33.784 34.225 34.704 35.188 35.637 36.029 36.396 36.826 37.254 37.680 38.109 38.465 38.832 39.228 39.611 39.993 40.381 40.714 41.095 41.451 41.797 42.145 42.486 42.864 43.201 43.519 43.834 44.181 44.539 44.863 45.159 45.464 45.800 46.134
0.000 0.000 0.000 0.000 0.000 0.000 0.000 0.000 0.000 12.010 13.429 14.919 16.089 17.464 18.589 19.536 20.406 21.244 22.064 22.864 23.634 24.365 25.055 25.703 26.314 26.890 27.515 28.127 28.721 29.300 29.867 30.427 30.983 31.448 31.963 32.451 32.911 33.359 33.804 34.261 34.751 35.241 35.658 36.038 36.432 36.869 37.299 37.731 38.134 38.470 38.876 39.268 39.654 40.041 40.406 40.767 41.139 41.492 41.841 42.194 42.547 42.911 43.243 43.563 43.881 44.239 44.599 44.920 45.216 45.526 45.863 46.197
0.000 0.000 0.000 0.000 0.000 0.000 0.000 0.000 0.000 12.026 13.441 14.920 16.096 17.451 18.595 19.550 20.423 21.260 22.076 22.871 23.636 24.364 25.050 25.697 26.306 26.897 27.532 28.146 28.742 29.324 29.895 30.461 31.023 31.468 31.987 32.467 32.925 33.376 33.827 34.296 34.790 35.266 35.673 36.050 36.464 36.901 37.335 37.771 38.154 38.501 38.909 39.302 39.691 40.083 40.432 40.806 41.176 41.531 41.883 42.240 42.593 42.956 43.289 43.610 43.932 44.288 44.650 44.974 45.272 45.577 45.916 46.252
0.000 0.000 0.000 0.000 0.000 0.000 0.000 0.000 0.000 12.038 13.450 14.921 16.101 17.443 18.599 19.560 20.436 21.272 22.086 22.878 23.640 24.364 25.050 25.695 26.305 26.910 27.545 28.161 28.758 29.342 29.917 30.485 31.035 31.491 32.003 32.480 32.938 33.391 33.846 34.323 34.819 35.279 35.681 36.058 36.487 36.926 37.362 37.802 38.169 38.532 38.937 39.330 39.721 40.117 40.445 40.839 41.204 41.559 41.914 42.276 42.637 42.992 43.320 43.642 43.970 44.333 44.690 45.008 45.304 45.622 45.961 46.299
0.000 0.000 0.000 0.000 0.000 0.000 0.000 0.000 0.000 12.044 13.454 14.923 16.104 17.443 18.603 19.565 20.441 21.278 22.092 22.884 23.646 24.372 25.057 25.704 26.315 26.917 27.553 28.169 28.767 29.351 29.926 30.494 31.054 31.503 32.016 32.495 32.952 33.406 33.861 34.336 34.833 35.296 35.700 36.078 36.503 36.942 37.379 37.819 38.191 38.549 38.956 39.350 39.741 40.137 40.474 40.859 41.228 41.585 41.940 42.301 42.655 43.017 43.351 43.674 43.999 44.354 44.718 45.046 45.348 45.646 45.987 46.325
0.000 0.000 0.000 0.000 0.000 0.000 0.000 0.000 0.000 12.032 13.448 14.935 16.109 17.483 18.612 19.562 20.434 21.274 22.096 22.898 23.670 24.405 25.097 25.747 26.359 26.938 27.560 28.175 28.771 29.351 29.920 30.481 31.039 31.522 32.027 32.519 32.982 33.431 33.878 34.331 34.823 35.314 35.745 36.132 36.514 36.954 37.386 37.819 38.254 38.603 38.981 39.378 39.766 40.153 40.544 40.877 41.265 41.627 41.978 42.328 42.685 43.048 43.404 43.733 44.053 44.374 44.733 45.092 45.421 45.723 46.020 46.358
0.000 0.000 0.000 0.000 0.000 0.000 0.000 0.000 0.000 12.044 13.454 14.923 16.104 17.443 18.603 19.565 20.441 21.278 22.092 22.884 23.646 24.372 25.057 25.704 26.315 26.917 27.553 28.169 28.767 29.351 29.926 30.494 31.053 31.503 32.016 32.495 32.952 33.406 33.861 34.336 34.833 35.296 35.700 36.078 36.503 36.942 37.379 37.819 38.191 38.549 38.956 39.350 39.741 40.137 40.474 40.859 41.228 41.585 41.940 42.301 42.655 43.017 43.351 43.674 43.999 44.354 44.718 45.046 45.348 45.646 45.987 46.325
0.000 0.000 0.000 0.000 0.000 0.000 0.000 0.000 0.000 12.038 13.450 14.921 16.101 17.443 18.599 19.560 20.436 21.272 22.086 22.878 23.640 24.364 25.050 25.695 26.305 26.910 27.545 28.161 28.758 29.342 29.917 30.485 31.035 31.491 32.003 32.480 32.938 33.391 33.846 34.323 34.819 35.279 35.681 36.058 36.487 36.926 37.362 37.802 38.169 38.532 38.937 39.330 39.721 40.117 40.445 40.839 41.204 41.559 41.914 42.276 42.638 42.992 43.320 43.642 43.970 44.333 44.690 45.008 45.304 45.622 45.961 46.299
0.000 0.000 0.000 0.000 0.000 0.000 0.000 0.000 0.000 12.026 13.441 14.920 16.096 17.451 18.595 19.550 20.423 21.260 22.076 22.871 23.636 24.364 25.050 25.697 26.306 26.897 27.532 28.146 28.742 29.324 29.895 30.461 31.023 31.468 31.987 32.467 32.925 33.376 33.827 34.296 34.790 35.266 35.673 36.050 36.464 36.901 37.335 37.771 38.154 38.501 38.909 39.302 39.691 40.083 40.432 40.806 41.176 41.531 41.883 42.240 42.593 42.956 43.289 43.610 43.932 44.288 44.650 44.974 45.272 45.577 45.916 46.252
0.000 0.000 0.000 0.000 0.000 0.000 0.000 0.000 0.000 12.010 13.429 14.919 16.089 17.464 18.589 19.536 20.406 21.244 22.064 22.864 23.634 24.365 25.055 25.703 26.314 26.890 27.515 28.127 28.721 29.300 29.867 30.427 30.983 31.448 31.963 32.451 32.911 33.359 33.804 34.261 34.751 35.241 35.658 36.038 36.432 36.869 37.300 37.731 38.134 38.470 38.876 39.268 39.654 40.041 40.406 40.767 41.139 41.492 41.841 42.194 42.547 42.911 43.243 43.562 43.881 44.239 44.600 44.920 45.216 45.526 45.863 46.197
0.000 0.000 0.000 0.000 0.000 0.000 0.000 0.000 0.000 11.989 13.414 14.918 16.081 17.482 18.582 19.519 20.386 21.224 22.050 22.856 23.633 24.370 25.064 25.715 26.326 26.903 27.495 28.106 28.697 29.272 29.834 30.388 30.937 31.485 31.938 32.437 32.900 33.345 33.784 34.225 34.704 35.188 35.637 36.029 36.396 36.826 37.255 37.680 38.109 38.465 38.832 39.228 39.611 39.993 40.381 40.714 41.095 41.451 41.797 42.145 42.486 42.864 43.201 43.519 43.834 44.181 44.539 44.863 45.159 45.464 45.800 46.134
0.000 0.000 0.000 0.000 0.000 0.000 0.000 0.000 0.000 11.963 13.395 14.918 16.072 17.506 18.575 19.499 20.361 21.202 22.034 22.850 23.635 24.380 25.078 25.732 26.344 26.919 27.474 28.084 28.673 29.244 29.802 30.349 30.890 31.430 31.882 32.401 32.871 33.316 33.750 34.184 34.656 35.135 35.601 35.995 36.359 36.781 37.206 37.629 38.054 38.410 38.779 39.172 39.554 39.934 40.319 40.659 41.034 41.386 41.729 42.077 42.428 42.791 43.119 43.433 43.756 44.114 44.467 44.775 45.061 45.393 45.726 46.057
0.000 0.000 0.000 0.000 0.000 0.000 0.000 0.000 0.000 11.932 13.374 14.919 16.063 17.492 18.544 19.462 20.324 21.172 22.016 22.845 23.642 24.395 25.100 25.757 26.370 26.945 27.487 28.062 28.649 29.217 29.770 30.311 30.845 31.376 31.906 32.369 32.853 33.297 33.727 34.153 34.603 35.078 35.552 35.966 36.332 36.728 37.154 37.574 37.994 38.367 38.721 39.116 39.496 39.875 40.254 40.595 40.968 41.317 41.659 42.002 42.363 42.713 43.032 43.343 43.686 44.041 44.365 44.658 44.974 45.308 45.637 45.935
0.000 0.000 0.000 0.000 0.000 0.000 0.000 0.000 0.000 11.896 13.350 14.921 16.054 17.463 18.504 19.417 20.283 21.141 22.059 22.921 23.667 24.405 25.111 25.766 26.375 26.943 27.478 28.038 28.621 29.185 29.734 30.272 30.803 31.331 31.831 32.320 32.793 33.233 33.660 34.087 34.556 35.032 35.491 35.876 36.237 36.669 37.093 37.515 37.923 38.250 38.655 39.040 39.420 39.799 40.134 40.515 40.868 41.212 41.555 41.915 42.269 42.592 42.901 43.249 43.604 43.926 44.219 44.546 44.880 45.205 45.493 45.800
0.000 0.000 0.000 0.000 0.000 0.000 0.000 0.000 0.000 11.857 13.324 14.925 16.046 17.432 18.462 19.371 20.241 21.190 22.183 23.061 23.815 24.453 25.135 25.792 26.400 26.966 27.496 28.013 28.595 29.156 29.702 30.236 30.764 31.285 31.804 32.277 32.750 33.186 33.610 34.035 34.511 34.984 35.414 35.783 36.179 36.608 37.030 37.450 37.786 38.181 38.569 38.949 39.327 39.670 40.050 40.402 40.740 41.081 41.462 41.804 42.121 42.445 42.805 43.154 43.456 43.767 44.107 44.438 44.731 45.037 45.361 45.672
