data/CoulombOnly/Outputs_CoulombOnly/1HS_03_curv_MoT-Voellmy_s_max.asc
ncols        1001
nrows        301
xllcorner    997.5
yllcorner    -5002.5
cellsize     5.00
NODATA_value -9999
[rows 128 to 159 of 301, columns 72 to 143 of 1001]
0.000 0.000 0.000 0.000 0.000 0.000 0.000 0.000 0.000 0.000 0.000 0.000 0.000 0.000 0.000 0.000 0.000 0.000 0.000 0.000 0.000 0.000 0.000 0.000 0.000 0.000 0.000 0.000 0.000 0.000 0.000 0.000 0.000 0.000 0.000 0.000 0.000 0.000 0.000 0.000 0.000 0.000 0.000 0.000 0.000 0.000 0.000 0.000 0.000 0.000 0.000 0.000 0.000 0.000 0.000 0.000 0.000 0.000 0.000 0.000 0.000 0.000 0.000 0.000 0.000 0.000 0.000 0.000 0.000 0.000 0.000 0.000
0.000 0.000 0.000 0.000 0.000 0.000 0.000 0.000 0.000 0.000 0.000 0.000 0.000 0.000 0.000 0.000 0.000 0.000 0.000 0.000 0.000 0.000 0.000 0.000 0.000 0.000 0.000 0.000 0.000 0.000 0.000 0.000 0.000 0.000 0.000 0.000 0.000 0.000 0.000 0.000 0.000 0.000 0.000 0.000 0.000 0.000 0.000 0.000 0.000 0.000 0.000 0.000 0.000 0.000 0.000 0.000 0.000 0.000 0.000 0.000 0.000 0.000 0.000 0.000 0.000 0.000 0.000 0.000 0.000 0.000 0.000 0.000
0.000 0.000 0.000 0.000 0.000 0.000 0.000 0.000 0.000 0.000 0.000 0.000 0.000 0.000 0.000 0.000 0.000 0.000 0.000 0.000 0.000 0.000 0.000 0.000 0.000 0.000 0.000 0.000 0.000 0.000 0.000 0.000 0.000 0.000 0.000 0.000 0.000 0.000 0.000 0.000 0.000 0.000 0.000 0.000 0.000 0.000 0.000 0.000 0.000 0.000 0.000 0.000 0.000 0.000 0.000 0.000 0.000 0.000 0.000 0.000 0.000 0.000 0.000 0.000 0.000 0.000 0.000 0.000 0.000 0.000 0.000 0.000
0.000 0.000 0.000 0.000 0.000 0.000 0.000 0.000 0.000 0.000 0.000 0.000 0.000 0.000 0.000 0.000 0.000 0.000 0.000 0.000 0.000 0.000 0.000 0.000 0.000 0.000 0.000 0.000 0.000 0.000 0.000 0.000 0.000 0.000 0.000 0.000 0.000 0.000 0.000 0.000 0.000 0.000 0.000 0.000 0.000 0.000 0.000 0.000 0.000 0.000 0.000 0.000 0.000 0.000 0.000 0.000 0.000 0.000 0.000 0.000 0.000 0.000 0.000 0.000 0.000 0.000 0.000 0.000 0.000 0.000 0.000 0.000
38.594 38.851 39.019 39.139 39.376 39.545 39.663 40.257 41.134 41.731 41.762 40.992 38.867 35.883 32.147 28.213 24.500 20.153 14.964 10.965 6.935 1.003 0.002 0.000 0.000 0.000 0.000 0.000 0.000 0.000 0.000 0.000 0.000 0.000 0.000 0.000 0.000 0.000 0.000 0.000 0.000 0.000 0.000 0.000 0.000 0.000 0.000 0.000 0.000 0.000 0.000 0.000 0.000 0.000 0.000 0.000 0.000 0.000 0.000 0.000 0.000 0.000 0.000 0.000 0.000 0.000 0.000 0.000 0.000 0.000 0.000 0.000
40.461 40.641 40.803 40.965 41.108 41.246 41.375 41.486 41.604 41.698 41.805 41.925 42.052 42.180 42.269 42.318 42.611 44.176 44.906 45.477 47.123 47.481 48.745 49.050 49.412 49.147 48.111 45.019 40.492 34.624 28.359 22.850 18.154 13.570 8.145 0.877 0.000 0.000 0.000 0.000 0.000 0.000 0.000 0.000 0.000 0.000 0.000 0.000 0.000 0.000 0.000 0.000 0.000 0.000 0.000 0.000 0.000 0.000 0.000 0.000 0.000 0.000 0.000 0.000 0.000 0.000 0.000 0.000 0.000 0.000 0.000 0.000
42.252 42.458 42.661 42.866 43.046 43.251 43.413 43.610 43.761 43.942 44.085 44.251 44.388 44.534 44.684 44.795 44.881 45.000 45.102 45.160 45.194 45.231 45.261 45.258 45.997 46.929 47.725 48.935 50.121 51.269 52.219 53.310 54.174 54.701 54.555 54.447 53.739 50.881 46.089 39.175 31.000 23.452 17.620 12.623 4.271 0.065 0.000 0.000 0.000 0.000 0.000 0.000 0.000 0.000 0.000 0.000 0.000 0.000 0.000 0.000 0.000 0.000 0.000 0.000 0.000 0.000 0.000 0.000 0.000 0.000 0.000 0.000
43.480 43.724 43.956 44.146 44.383 44.589 44.784 44.998 45.172 45.380 45.553 45.736 45.909 46.074 46.239 46.393 46.546 46.692 46.822 46.964 47.070 47.199 47.307 47.392 47.498 47.596 47.680 47.775 47.864 47.947 48.023 48.062 48.022 47.941 48.509 50.324 51.994 53.591 54.314 55.509 56.456 57.061 56.991 56.766 55.580 54.077 49.504 42.658 32.772 23.877 17.263 11.107 1.901 0.004 0.000 0.000 0.000 0.000 0.000 0.000 0.000 0.000 0.000 0.000 0.000 0.000 0.000 0.000 0.000 0.000 0.000 0.000
44.373 44.619 44.876 45.098 45.327 45.568 45.779 45.997 46.222 46.422 46.635 46.840 47.016 47.231 47.409 47.597 47.780 47.945 48.124 48.273 48.445 48.585 48.741 48.875 49.011 49.143 49.247 49.380 49.485 49.574 49.684 49.774 49.849 49.917 49.996 50.055 50.100 50.143 50.190 50.208 50.191 50.120 49.982 50.842 52.937 54.525 55.737 56.771 57.540 58.459 58.154 57.215 55.899 51.887 44.717 34.061 24.217 17.090 10.511 1.536 0.002 0.000 0.000 0.000 0.000 0.000 0.000 0.000 0.000 0.000 0.000 0.000
45.008 45.288 45.526 45.799 46.060 46.280 46.547 46.791 47.003 47.256 47.480 47.689 47.923 48.126 48.337 48.549 48.724 48.943 49.125 49.314 49.500 49.666 49.851 50.002 50.185 50.324 50.499 50.630 50.789 50.918 51.045 51.176 51.282 51.405 51.514 51.604 51.697 51.788 51.864 51.928 51.984 52.047 52.089 52.110 52.114 52.103 52.057 52.051 51.986 51.847 52.309 54.023 55.867 57.246 58.140 59.435 59.472 58.963 57.879 55.666 50.041 40.777 29.448 20.374 13.996 5.689 0.175 0.000 0.000 0.000 0.000 0.000
45.371 45.635 45.942 46.212 46.470 46.761 47.021 47.273 47.547 47.793 48.041 48.297 48.522 48.769 49.005 49.210 49.457 49.669 49.879 50.101 50.285 50.505 50.699 50.889 51.085 51.254 51.453 51.605 51.798 51.939 52.121 52.257 52.424 52.557 52.704 52.838 52.945 53.083 53.196 53.290 53.405 53.502 53.582 53.650 53.724 53.789 53.841 53.879 53.901 53.907 53.897 53.871 53.839 53.757 53.681 53.596 53.496 54.942 56.472 57.826 58.896 59.768 60.282 60.365 59.169 57.712 52.836 44.230 32.606 22.367 15.265 7.650
45.609 45.888 46.180 46.485 46.757 47.032 47.331 47.599 47.861 48.149 48.412 48.664 48.939 49.189 49.436 49.696 49.927 50.174 50.416 50.626 50.877 51.098 51.310 51.541 51.736 51.959 52.159 52.355 52.560 52.734 52.938 53.096 53.294 53.443 53.630 53.774 53.945 54.087 54.237 54.378 54.499 54.644 54.760 54.859 54.980 55.083 55.172 55.259 55.354 55.433 55.496 55.541 55.569 55.591 55.596 55.585 55.558 55.505 55.444 55.378 55.295 55.153 54.999 55.921 57.304 58.675 59.923 60.857 61.318 61.470 60.563 59.167
45.811 46.100 46.391 46.700 46.984 47.251 47.562 47.846 48.104 48.398 48.686 48.941 49.215 49.494 49.748 50.008 50.277 50.522 50.776 51.034 51.263 51.516 51.760 51.972 52.227 52.451 52.669 52.904 53.101 53.332 53.535 53.738 53.944 54.127 54.332 54.500 54.698 54.857 55.046 55.199 55.373 55.523 55.674 55.824 55.946 56.097 56.220 56.332 56.464 56.574 56.667 56.759 56.851 56.926 56.989 57.041 57.085 57.119 57.141 57.153 57.149 57.127 57.087 57.028 56.946 56.865 56.763 56.608 56.439 57.092 58.449 59.798
45.965 46.267 46.577 46.870 47.153 47.457 47.753 48.028 48.301 48.608 48.889 49.146 49.432 49.721 49.981 50.240 50.525 50.790 51.029 51.310 51.567 51.803 52.074 52.324 52.548 52.813 53.051 53.274 53.526 53.745 53.974 54.206 54.404 54.640 54.842 55.055 55.260 55.452 55.656 55.833 56.030 56.197 56.387 56.547 56.722 56.879 57.033 57.190 57.317 57.474 57.603 57.724 57.857 57.966 58.058 58.163 58.263 58.350 58.426 58.493 58.562 58.617 58.651 58.667 58.667 58.652 58.623 58.580 58.522 58.449 58.358 58.265
46.121 46.429 46.732 47.018 47.330 47.624 47.908 48.192 48.496 48.778 49.045 49.331 49.631 49.903 50.155 50.445 50.730 50.990 51.244 51.526 51.795 52.036 52.308 52.573 52.818 53.071 53.331 53.567 53.812 54.069 54.295 54.536 54.779 54.987 55.233 55.457 55.668 55.897 56.092 56.318 56.517 56.720 56.920 57.106 57.301 57.476 57.663 57.830 58.007 58.169 58.325 58.487 58.617 58.778 58.910 59.036 59.170 59.282 59.385 59.507 59.610 59.699 59.775 59.851 59.922 59.980 60.028 60.066 60.092 60.102 60.096 60.073
46.222 46.545 46.857 47.161 47.435 47.747 48.049 48.339 48.621 48.910 49.209 49.491 49.759 50.039 50.338 50.615 50.872 51.144 51.430 51.707 51.957 52.225 52.501 52.766 53.003 53.279 53.540 53.788 54.038 54.300 54.543 54.778 55.039 55.276 55.502 55.754 55.981 56.205 56.444 56.658 56.886 57.106 57.304 57.531 57.723 57.937 58.131 58.325 58.517 58.698 58.884 59.055 59.232 59.397 59.556 59.719 59.852 60.015 60.147 60.281 60.416 60.531 60.652 60.770 60.868 60.951 61.045 61.131 61.206 61.272 61.326 61.370
46.348 46.637 46.956 47.266 47.574 47.852 48.152 48.455 48.748 49.033 49.309 49.616 49.904 50.181 50.447 50.733 51.029 51.302 51.561 51.828 52.114 52.393 52.649 52.902 53.180 53.448 53.701 53.951 54.222 54.478 54.724 54.979 55.237 55.478 55.713 55.974 56.213 56.432 56.690 56.927 57.137 57.386 57.613 57.821 58.058 58.266 58.479 58.695 58.882 59.104 59.291 59.494 59.682 59.867 60.053 60.225 60.404 60.567 60.735 60.893 61.041 61.198 61.325 61.477 61.606 61.724 61.854 61.963 62.062 62.179 62.277 62.360
46.454 46.735 47.039 47.354 47.665 47.975 48.247 48.550 48.850 49.140 49.427 49.707 50.006 50.295 50.572 50.843 51.116 51.413 51.694 51.959 52.214 52.495 52.778 53.049 53.301 53.559 53.835 54.102 54.357 54.601 54.874 55.133 55.382 55.621 55.888 56.138 56.374 56.618 56.876 57.113 57.333 57.589 57.828 58.043 58.283 58.516 58.724 58.956 59.178 59.375 59.605 59.811 60.008 60.224 60.407 60.615 60.802 60.988 61.177 61.345 61.531 61.688 61.864 62.013 62.176 62.323 62.467 62.613 62.733 62.878 62.996 63.115
46.520 46.805 47.105 47.422 47.734 48.048 48.333 48.620 48.926 49.220 49.508 49.800 50.077 50.378 50.662 50.937 51.207 51.485 51.781 52.061 52.326 52.583 52.858 53.142 53.421 53.680 53.924 54.199 54.471 54.737 54.984 55.234 55.502 55.760 56.009 56.244 56.510 56.764 57.005 57.237 57.496 57.744 57.975 58.203 58.454 58.690 58.906 59.143 59.379 59.596 59.814 60.045 60.256 60.463 60.687 60.885 61.090 61.302 61.484 61.691 61.880 62.061 62.253 62.413 62.606 62.760 62.940 63.090 63.258 63.399 63.559 63.686
46.583 46.875 47.161 47.482 47.796 48.110 48.411 48.680 48.991 49.289 49.580 49.872 50.157 50.446 50.739 51.019 51.292 51.562 51.845 52.142 52.420 52.683 52.939 53.213 53.496 53.776 54.037 54.282 54.549 54.821 55.089 55.348 55.586 55.850 56.112 56.367 56.617 56.852 57.115 57.367 57.609 57.843 58.091 58.343 58.581 58.806 59.044 59.291 59.524 59.739 59.973 60.209 60.432 60.636 60.872 61.093 61.298 61.514 61.731 61.928 62.131 62.341 62.525 62.723 62.919 63.086 63.286 63.460 63.632 63.811 63.960 64.141
46.621 46.909 47.207 47.527 47.842 48.158 48.456 48.729 49.041 49.340 49.632 49.926 50.218 50.501 50.798 51.080 51.355 51.626 51.903 52.198 52.484 52.754 53.014 53.270 53.554 53.836 54.113 54.372 54.618 54.884 55.156 55.424 55.690 55.935 56.184 56.448 56.706 56.959 57.206 57.446 57.704 57.954 58.195 58.431 58.670 58.923 59.164 59.395 59.616 59.861 60.105 60.335 60.552 60.778 61.013 61.242 61.454 61.667 61.896 62.112 62.314 62.525 62.741 62.941 63.127 63.342 63.538 63.713 63.915 64.104 64.270 64.461
46.664 46.966 47.243 47.561 47.878 48.193 48.510 48.796 49.077 49.383 49.679 49.973 50.268 50.556 50.838 51.133 51.415 51.690 51.964 52.242 52.528 52.817 53.090 53.352 53.608 53.878 54.162 54.444 54.711 54.963 55.207 55.480 55.749 56.015 56.277 56.521 56.769 57.032 57.289 57.541 57.790 58.026 58.280 58.533 58.777 59.015 59.249 59.488 59.739 59.979 60.210 60.433 60.661 60.903 61.141 61.368 61.582 61.799 62.031 62.257 62.476 62.681 62.892 63.113 63.324 63.526 63.716 63.930 64.134 64.325 64.505 64.704
46.691 47.024 47.338 47.620 47.927 48.242 48.553 48.863 49.174 49.453 49.751 50.051 50.343 50.632 50.921 51.211 51.495 51.792 52.074 52.348 52.618 52.886 53.169 53.459 53.747 54.019 54.279 54.532 54.803 55.078 55.350 55.621 55.887 56.138 56.389 56.655 56.914 57.170 57.424 57.678 57.927 58.180 58.436 58.684 58.925 59.163 59.399 59.643 59.893 60.139 60.379 60.612 60.839 61.063 61.301 61.533 61.762 61.987 62.210 62.429 62.649 62.875 63.096 63.310 63.519 63.721 63.927 64.140 64.349 64.553 64.752 64.946
46.664 46.966 47.243 47.561 47.878 48.193 48.510 48.796 49.077 49.383 49.679 49.973 50.268 50.556 50.838 51.133 51.415 51.690 51.964 52.242 52.528 52.817 53.090 53.352 53.608 53.878 54.162 54.444 54.711 54.963 55.207 55.480 55.749 56.015 56.277 56.521 56.769 57.032 57.289 57.541 57.790 58.026 58.280 58.533 58.777 59.015 59.249 59.488 59.739 59.979 60.210 60.433 60.661 60.903 61.141 61.368 61.582 61.799 62.031 62.257 62.476 62.681 62.892 63.113 63.324 63.526 63.716 63.930 64.134 64.325 64.505 64.705
46.621 46.908 47.207 47.527 47.842 48.158 48.456 48.729 49.041 49.340 49.632 49.926 50.218 50.501 50.798 51.080 51.355 51.626 51.903 52.198 52.484 52.754 53.014 53.270 53.554 53.836 54.113 54.372 54.617 54.884 55.156 55.424 55.690 55.935 56.184 56.448 56.706 56.959 57.206 57.446 57.705 57.954 58.195 58.430 58.671 58.923 59.164 59.395 59.616 59.861 60.105 60.335 60.552 60.778 61.014 61.242 61.454 61.668 61.896 62.112 62.314 62.525 62.741 62.941 63.128 63.342 63.538 63.713 63.915 64.104 64.270 64.461
46.583 46.875 47.161 47.482 47.796 48.110 48.411 48.680 48.991 49.289 49.580 49.872 50.157 50.446 50.739 51.019 51.292 51.562 51.845 52.142 52.420 52.683 52.939 53.213 53.496 53.776 54.037 54.283 54.549 54.822 55.089 55.348 55.586 55.850 56.112 56.367 56.617 56.852 57.115 57.367 57.609 57.843 58.091 58.343 58.581 58.806 59.044 59.291 59.524 59.739 59.973 60.210 60.432 60.636 60.872 61.093 61.298 61.514 61.731 61.927 62.131 62.341 62.525 62.723 62.919 63.086 63.286 63.460 63.632 63.811 63.960 64.141
46.520 46.805 47.105 47.422 47.734 48.048 48.333 48.620 48.926 49.220 49.508 49.800 50.077 50.378 50.662 50.937 51.207 51.485 51.781 52.061 52.326 52.583 52.858 53.142 53.421 53.680 53.924 54.199 54.471 54.737 54.984 55.234 55.502 55.760 56.009 56.244 56.510 56.764 57.005 57.237 57.496 57.744 57.975 58.203 58.454 58.690 58.906 59.143 59.379 59.596 59.814 60.045 60.256 60.463 60.687 60.885 61.090 61.302 61.483 61.691 61.880 62.061 62.253 62.413 62.606 62.760 62.940 63.090 63.258 63.399 63.559 63.686
46.454 46.735 47.039 47.354 47.665 47.975 48.247 48.550 48.850 49.140 49.427 49.706 50.006 50.295 50.572 50.843 51.116 51.413 51.694 51.959 52.214 52.495 52.778 53.049 53.300 53.559 53.835 54.102 54.357 54.601 54.874 55.133 55.382 55.621 55.888 56.138 56.374 56.618 56.876 57.113 57.333 57.589 57.828 58.043 58.283 58.516 58.724 58.956 59.177 59.375 59.605 59.811 60.008 60.224 60.407 60.615 60.802 60.988 61.177 61.346 61.531 61.688 61.864 62.013 62.176 62.323 62.467 62.613 62.734 62.878 62.996 63.115
46.348 46.637 46.956 47.266 47.574 47.852 48.152 48.455 48.748 49.033 49.309 49.616 49.904 50.181 50.447 50.733 51.029 51.302 51.561 51.829 52.114 52.393 52.649 52.902 53.180 53.448 53.701 53.951 54.222 54.478 54.724 54.979 55.237 55.478 55.713 55.974 56.213 56.432 56.690 56.927 57.137 57.386 57.613 57.821 58.058 58.266 58.479 58.695 58.882 59.104 59.291 59.494 59.683 59.867 60.053 60.225 60.404 60.567 60.735 60.893 61.041 61.198 61.324 61.476 61.605 61.724 61.854 61.963 62.063 62.179 62.277 62.361
46.222 46.545 46.857 47.161 47.435 47.747 48.049 48.339 48.621 48.910 49.209 49.491 49.759 50.039 50.338 50.615 50.872 51.144 51.430 51.707 51.957 52.225 52.501 52.766 53.002 53.279 53.540 53.788 54.038 54.300 54.543 54.778 55.039 55.276 55.502 55.754 55.981 56.205 56.444 56.658 56.886 57.106 57.304 57.531 57.723 57.937 58.131 58.326 58.517 58.698 58.884 59.055 59.232 59.397 59.556 59.719 59.852 60.015 60.147 60.281 60.416 60.530 60.653 60.769 60.867 60.951 61.045 61.131 61.207 61.273 61.329 61.373
46.121 46.429 46.732 47.018 47.330 47.624 47.908 48.192 48.496 48.778 49.045 49.331 49.631 49.903 50.155 50.445 50.730 50.990 51.244 51.526 51.795 52.036 52.308 52.573 52.818 53.071 53.331 53.567 53.812 54.069 54.295 54.536 54.779 54.987 55.233 55.457 55.668 55.897 56.092 56.318 56.517 56.720 56.920 57.106 57.301 57.476 57.663 57.830 58.007 58.169 58.326 58.487 58.617 58.777 58.910 59.036 59.170 59.282 59.385 59.507 59.610 59.698 59.773 59.850 59.921 59.979 60.027 60.065 60.091 60.102 60.097 60.074
45.965 46.267 46.577 46.869 47.153 47.457 47.753 48.028 48.301 48.608 48.889 49.146 49.432 49.721 49.981 50.240 50.525 50.790 51.029 51.310 51.567 51.803 52.074 52.324 52.548 52.813 53.051 53.274 53.526 53.745 53.974 54.206 54.404 54.640 54.842 55.055 55.260 55.452 55.656 55.833 56.030 56.197 56.387 56.547 56.722 56.879 57.033 57.191 57.317 57.474 57.603 57.724 57.857 57.966 58.058 58.164 58.263 58.350 58.426 58.492 58.561 58.617 58.652 58.668 58.669 58.654 58.625 58.582 58.524 58.451 58.360 58.267
