data/CoulombOnly/Outputs_CoulombOnly/1HS_03_curv_MoT-Voellmy_s_max.asc
ncols        1001
nrows        301
xllcorner    997.5
yllcorner    -5002.5
cellsize     5.00
NODATA_value -9999
[rows 128 to 159 of 301, columns 648 to 719 of 1001]
57.800 56.216 57.340 56.918 55.464 56.864 55.716 54.833 56.014 54.214 55.908 53.769 55.362 53.481 54.366 53.149 53.498 52.510 53.463 51.703 53.067 51.097 52.669 50.770 51.915 50.354 50.685 50.549 49.079 50.733 48.548 50.094 48.242 49.080 48.035 47.870 48.051 46.539 47.935 45.755 47.445 45.320 46.712 44.802 45.900 44.226 45.073 43.652 44.260 43.136 43.476 42.546 42.724 41.882 42.004 41.143 41.311 40.326 40.637 39.430 39.971 38.462 39.182 37.951 38.120 38.088 36.634 36.222 36.597 36.361 34.524 35.498
59.043 56.944 57.805 57.571 56.039 57.781 55.945 56.087 56.714 54.798 56.352 54.335 55.892 53.805 55.487 53.278 55.019 52.795 54.326 52.424 53.341 53.167 51.707 52.858 50.972 52.047 50.430 51.756 49.922 50.862 49.453 49.957 49.226 49.009 49.009 48.057 48.723 47.128 48.362 46.245 47.927 45.621 47.359 45.052 46.716 44.429 46.049 43.765 45.376 43.072 44.699 42.462 43.972 42.044 43.103 41.621 42.081 41.198 40.901 40.738 39.602 40.202 38.470 39.511 38.020 38.131 38.228 36.953 36.464 36.390 36.319 35.803
58.647 57.270 59.259 56.990 58.293 56.978 56.596 57.605 55.581 57.415 55.305 56.367 54.967 55.797 54.206 55.607 53.536 55.134 52.946 54.579 52.833 53.492 53.393 51.739 52.878 52.244 51.599 51.239 50.747 51.333 49.924 50.560 49.316 49.931 48.723 49.326 48.097 48.743 47.438 48.178 46.768 47.623 46.072 47.071 45.350 46.510 44.604 45.931 43.841 45.324 43.069 44.679 42.901 43.714 42.656 42.454 42.320 41.006 41.841 39.972 41.210 39.321 40.336 39.285 38.878 38.827 37.883 37.464 37.784 36.825 36.524 35.651
58.071 59.914 57.580 59.385 57.335 58.445 57.052 57.292 57.228 55.993 57.360 55.228 57.159 54.751 56.409 54.323 55.721 55.099 53.894 54.867 53.015 54.309 52.295 53.552 53.311 51.857 52.484 52.402 50.912 51.655 50.062 51.519 49.289 50.945 48.632 50.399 48.221 49.718 48.015 48.802 47.770 47.678 47.483 46.393 47.112 45.442 46.631 44.574 46.044 44.098 45.209 44.125 43.839 43.891 42.350 43.421 41.357 42.751 41.410 41.420 41.244 39.691 40.729 38.927 39.812 39.031 37.977 38.422 37.920 36.943 36.537 36.397
58.970 59.259 58.988 58.226 59.003 57.272 58.938 56.663 58.641 56.182 58.131 55.728 57.554 55.262 56.964 54.737 56.203 54.447 55.239 55.232 53.472 54.794 53.006 53.849 53.407 52.027 52.936 52.862 51.301 52.064 51.373 50.594 51.378 49.487 50.885 48.683 50.344 48.540 49.423 48.548 48.052 48.360 46.799 47.962 45.878 47.382 45.735 46.314 45.794 44.637 45.494 43.545 44.901 43.435 43.666 43.445 41.916 42.994 41.229 42.042 41.428 40.136 41.014 39.344 39.996 39.488 37.969 38.893 38.011 37.158 36.983 36.869
60.415 58.739 60.144 58.137 59.814 57.580 59.425 57.047 58.976 56.542 58.464 56.088 57.875 55.768 57.189 55.502 56.379 55.197 55.115 55.504 53.873 54.755 54.668 52.891 54.238 52.915 52.598 53.024 52.643 51.150 52.043 51.918 50.321 51.274 49.685 50.609 49.768 49.127 49.678 47.949 49.260 47.181 48.539 47.590 46.900 47.455 45.597 46.933 45.414 45.724 45.555 43.985 45.131 43.494 44.043 43.717 42.163 43.258 41.852 41.949 41.916 40.130 41.281 40.348 39.421 40.021 38.612 38.754 38.574 37.526 36.754 37.089
60.206 59.912 59.452 59.609 58.605 59.308 57.986 58.987 57.340 58.631 56.674 58.235 56.046 57.796 55.454 57.314 55.173 56.545 55.288 55.224 55.386 54.053 54.487 54.592 52.843 54.032 53.414 52.057 52.997 52.767 51.979 50.944 51.946 50.672 50.474 51.048 48.973 50.445 49.246 48.944 49.307 47.511 48.845 47.377 47.566 47.588 45.893 47.138 45.752 45.773 45.903 44.086 45.339 44.318 43.567 44.183 42.475 43.224 42.851 41.195 42.295 41.366 40.369 41.070 39.835 39.558 39.766 38.379 38.513 38.374 37.463 36.776
59.482 61.222 58.911 60.779 58.457 60.130 58.668 58.961 58.717 57.563 58.590 56.747 58.267 56.025 57.787 55.833 56.852 56.162 55.223 56.119 54.220 55.533 54.702 53.467 54.632 54.185 52.500 53.747 53.011 51.624 52.376 52.488 51.959 50.439 51.464 50.565 49.440 50.701 49.333 49.187 49.530 47.645 48.997 47.999 47.178 47.958 46.087 47.116 46.678 45.102 46.253 45.129 44.535 45.107 43.523 44.006 43.876 42.025 43.202 42.615 41.008 42.056 41.287 39.867 40.823 39.998 38.653 39.538 38.754 37.318 38.145 37.571
61.557 59.452 61.178 58.853 60.643 59.265 59.205 59.438 57.872 59.251 57.057 58.776 57.043 57.619 57.444 56.020 57.306 55.121 56.791 55.408 55.314 55.668 53.814 54.976 54.882 53.514 53.366 53.988 52.628 52.318 52.904 52.228 51.671 50.683 51.462 51.393 49.481 50.491 50.274 48.600 49.779 48.647 48.073 48.757 47.013 47.800 47.602 45.822 47.057 46.325 44.945 46.013 44.988 44.096 44.888 43.705 43.216 43.727 42.496 42.148 42.539 41.360 40.903 41.320 40.275 39.482 40.055 39.210 37.884 38.722 38.121 36.844
59.810 61.558 60.236 59.982 60.512 58.692 60.252 58.028 59.570 58.765 57.644 58.814 56.685 58.335 56.986 56.752 57.312 55.360 56.920 55.425 55.485 55.854 53.944 55.349 54.549 53.496 53.772 54.041 53.254 52.115 53.021 52.440 51.477 50.903 51.437 51.546 50.860 49.557 50.326 49.847 48.470 49.529 48.439 47.715 48.538 47.179 47.071 47.483 45.977 46.244 46.400 44.857 45.248 45.301 43.817 44.091 44.180 42.841 42.766 43.023 41.905 41.260 41.807 40.967 39.639 40.510 39.980 38.601 38.934 38.811 37.808 36.909
60.246 61.649 59.425 61.076 60.204 59.077 60.309 58.138 59.761 58.812 57.755 58.952 56.774 58.365 57.607 56.320 57.590 55.563 56.653 56.446 54.721 56.146 54.839 54.419 55.081 53.812 53.090 53.986 53.816 52.874 51.978 52.804 52.249 51.416 50.948 50.759 51.136 50.929 48.985 49.891 50.038 48.270 48.858 48.911 47.265 47.855 47.889 46.335 46.719 46.844 45.461 45.424 45.759 44.621 43.952 44.614 43.777 42.469 43.395 42.888 41.422 41.943 41.841 40.766 40.010 40.545 39.945 38.649 38.886 38.821 37.982 36.695
60.285 61.751 59.862 60.571 60.721 58.813 60.395 59.135 58.534 59.533 57.391 58.922 58.400 56.814 58.223 56.833 56.482 57.300 55.209 56.516 56.262 54.427 55.861 55.008 53.749 54.883 54.101 53.384 52.740 53.419 53.245 51.827 51.717 52.170 51.730 51.464 50.816 49.686 50.287 49.964 49.318 48.350 49.208 48.285 47.208 48.189 47.510 46.054 47.081 46.687 45.114 45.763 45.738 44.551 44.007 44.576 43.864 42.376 43.273 43.015 41.881 41.285 41.759 41.184 39.942 40.024 40.080 39.363 38.155 38.377 38.287 37.577
60.921 60.399 61.452 59.344 60.670 60.468 58.587 60.123 59.190 58.026 59.328 57.818 57.663 58.446 56.459 57.437 57.521 55.475 56.908 56.538 54.702 56.097 55.503 53.905 55.213 54.504 52.986 53.847 54.001 53.558 52.537 51.624 52.464 52.151 51.266 51.012 50.406 49.815 50.398 50.144 48.974 48.373 49.180 48.489 47.029 48.012 47.761 46.401 46.401 46.753 45.917 44.614 45.501 45.207 44.018 43.619 44.067 43.477 42.194 42.426 42.492 41.767 40.522 40.880 40.816 40.098 38.962 39.032 39.029 38.431 37.450 36.853
61.093 61.641 59.560 60.872 60.781 58.774 60.238 59.816 58.020 59.462 58.842 57.272 58.632 57.907 56.468 57.770 57.022 55.614 56.881 56.187 54.714 55.968 55.391 53.767 55.020 54.616 52.753 53.741 53.738 53.439 52.704 51.718 51.830 52.058 51.632 51.059 50.808 50.142 49.130 49.885 49.481 49.085 47.654 48.493 48.269 47.071 46.692 47.249 46.668 45.315 45.737 45.832 45.054 43.697 44.427 44.317 43.486 42.211 42.839 42.713 41.958 40.809 40.982 40.997 40.418 39.446 38.800 39.133 38.786 38.043 37.076 36.788
61.584 61.522 59.441 60.792 60.732 58.673 59.895 59.936 57.976 58.864 59.114 57.411 57.685 58.252 56.879 56.342 57.338 56.352 55.224 56.369 55.785 54.139 55.342 55.149 53.511 53.981 54.326 53.255 52.693 51.998 52.616 52.602 52.184 51.169 50.302 50.489 50.423 50.317 50.183 50.007 48.608 48.133 48.431 48.427 47.615 46.292 47.160 47.051 46.197 44.871 45.693 45.584 44.808 43.603 43.946 43.996 43.404 42.378 41.884 42.268 41.926 41.137 40.096 40.171 40.197 39.726 38.932 37.970 37.920 37.903 37.468 36.766
60.214 60.181 61.004 59.841 58.915 60.097 59.413 57.866 59.122 58.899 57.101 57.906 58.215 56.959 56.149 57.254 56.631 54.972 56.163 56.113 54.768 54.308 55.172 54.536 52.839 53.990 54.007 52.956 52.498 51.747 51.967 52.114 51.943 51.253 50.573 50.171 50.034 49.450 48.608 49.259 48.879 48.681 47.417 47.047 47.573 47.232 46.303 45.224 46.006 45.869 45.160 44.080 44.018 44.246 43.856 43.040 41.994 42.273 42.265 41.794 41.001 40.037 40.100 40.094 39.678 38.989 38.135 37.393 37.679 37.414 36.880 36.178
59.611 59.910 60.564 59.644 58.280 59.518 59.347 57.865 57.797 58.572 57.883 56.226 57.394 57.475 56.395 55.268 56.366 56.159 54.920 54.318 55.214 54.839 53.559 53.327 53.986 53.545 52.277 51.723 52.083 52.157 51.996 51.794 51.175 50.461 49.841 49.849 49.509 48.918 48.059 48.635 48.344 48.063 47.046 46.077 46.799 46.698 46.102 45.172 44.525 45.017 44.823 44.210 43.324 42.589 43.044 42.861 42.306 41.507 40.591 40.762 40.720 40.308 39.645 38.828 37.967 38.308 38.106 37.628 36.963 36.186 35.372 35.334
60.006 60.155 59.291 57.821 58.915 59.019 58.193 56.714 57.706 57.865 57.160 55.832 56.231 56.609 56.119 55.000 54.500 55.251 55.034 54.171 52.920 53.782 53.859 53.281 52.242 51.735 52.091 51.927 51.709 51.399 51.152 50.554 49.959 49.439 49.436 49.130 48.646 47.906 47.286 47.431 47.559 47.067 46.333 45.387 45.608 45.720 45.368 44.685 43.785 43.546 43.801 43.548 42.953 42.120 41.317 41.778 41.631 41.131 40.383 39.478 39.476 39.519 39.159 38.522 37.692 36.971 37.277 37.053 36.525 35.789 34.999 34.819
58.868 58.136 57.234 57.208 57.583 57.431 56.917 56.167 55.318 55.587 55.783 55.551 55.015 54.274 53.449 53.784 53.924 53.667 53.124 52.379 51.545 51.986 52.076 51.778 51.162 50.973 50.613 50.179 49.841 49.138 48.633 48.301 48.440 48.222 47.724 46.992 47.430 47.197 47.062 46.318 45.387 45.490 45.757 45.469 44.742 43.666 44.251 44.314 43.821 42.862 42.387 42.914 42.659 41.825 40.869 41.542 41.401 40.602 39.524 40.220 40.067 39.193 38.214 38.916 38.626 37.551 37.155 37.587 37.005 35.721 35.874 35.910
56.605 56.166 55.734 55.306 54.882 54.532 54.230 53.928 53.988 57.060 58.268 58.623 60.991 62.870 63.243 62.028 60.587 60.425 59.253 57.511 55.941 54.544 53.346 52.265 51.292 50.399 49.625 49.015 48.474 47.968 47.487 47.018 46.554 46.090 45.619 45.138 44.648 44.175 43.689 43.191 42.864 42.549 42.236 42.232 43.089 43.828 44.922 46.346 47.242 46.796 45.675 44.112 41.543 39.799 38.976 38.332 37.790 37.296 36.801 36.343 35.931 35.956 35.224 35.384 35.271 34.509 34.502 34.372 34.587 34.903 35.321 35.845
60.561 61.842 61.205 59.768 61.042 60.645 58.991 60.234 60.045 58.206 59.420 59.411 57.506 58.434 58.691 57.012 57.250 57.888 56.532 55.971 57.036 56.012 54.999 56.145 55.448 54.035 55.228 54.832 53.105 54.292 54.165 52.393 53.055 53.156 52.971 52.291 51.155 51.190 51.653 51.186 50.302 50.068 49.493 49.064 49.592 49.422 48.336 47.513 48.406 47.953 46.347 47.197 47.216 46.067 45.343 46.136 45.536 43.987 44.928 44.795 43.638 43.009 43.659 43.070 41.599 42.289 42.221 41.241 40.168 40.946 40.534 39.341
62.003 64.874 66.478 67.560 67.311 66.198 69.963 73.460 77.020 80.159 81.643 81.303 80.144 78.720 77.080 74.985 72.519 72.418 69.680 67.105 62.584 58.668 56.246 53.653 51.829 50.680 49.901 49.297 48.774 48.338 47.919 47.502 47.128 47.068 46.520 46.002 45.632 45.300 46.762 47.818 47.564 46.718 45.871 48.023 49.875 50.984 51.664 52.736 54.814 56.913 54.843 50.882 55.274 57.369 57.055 54.890 51.468 47.296 42.734 41.056 38.513 36.654 35.318 34.402 33.664 33.059 32.495 31.974 31.716 31.895 32.262 32.733
62.990 66.344 62.772 65.521 64.784 62.135 64.900 63.255 61.389 64.310 61.712 60.612 63.733 60.318 59.810 63.157 59.602 62.512 61.140 58.885 61.807 59.247 58.052 61.155 57.733 60.383 59.499 56.980 59.735 57.706 56.124 59.070 55.856 55.231 58.403 54.948 57.742 56.391 54.139 56.984 54.335 53.212 56.037 55.129 52.630 52.056 55.248 53.434 51.396 53.896 53.377 52.521 50.776 49.877 52.790 50.860 49.061 51.832 49.699 48.109 50.966 47.783 47.175 50.121 46.833 49.469 47.937 45.809 48.511 45.810 44.777 47.574
65.592 67.350 67.714 67.580 65.009 65.903 69.278 72.717 76.163 79.788 82.013 81.770 80.352 78.927 77.463 75.585 72.766 69.157 67.288 66.432 62.647 58.957 55.847 53.276 51.605 50.553 49.826 49.253 48.749 48.313 47.901 47.484 47.112 46.720 46.354 46.639 47.199 47.270 46.886 46.757 47.237 47.869 48.285 49.018 50.086 51.469 53.279 55.561 57.123 56.092 53.241 56.266 59.132 59.857 57.767 53.950 48.932 46.489 43.613 40.423 38.223 36.412 35.226 34.361 33.645 33.047 32.490 31.968 31.778 31.008 31.201 31.937
60.572 61.848 61.191 59.771 61.048 60.632 58.995 60.240 60.034 58.209 59.425 59.402 57.496 58.461 58.691 56.990 57.284 57.891 56.512 56.007 57.040 55.996 55.009 56.151 55.434 54.045 55.234 54.821 53.107 54.297 54.157 52.369 53.080 53.162 52.970 52.282 51.139 51.217 51.660 51.182 50.292 50.060 49.483 49.092 49.603 49.418 48.324 47.520 48.412 47.946 46.329 47.218 47.217 46.054 45.369 46.141 45.528 43.994 44.932 44.791 43.626 43.027 43.661 43.063 41.586 42.302 42.222 41.233 40.172 40.949 40.530 39.332
56.569 56.136 55.708 55.285 54.865 54.553 54.249 53.947 53.950 56.826 57.985 58.283 60.853 62.937 63.682 62.821 61.504 61.193 59.757 57.947 56.308 54.867 53.577 52.430 51.415 50.492 49.698 49.065 48.514 48.001 47.512 47.038 46.569 46.100 45.625 45.140 44.646 44.167 43.680 43.221 42.902 42.582 42.271 42.917 43.604 44.222 45.295 46.629 47.349 46.694 45.580 43.882 41.252 39.742 38.954 38.330 37.801 37.315 36.827 36.364 35.941 36.065 35.654 34.915 35.595 34.175 34.947 34.614 34.862 35.213 35.731 36.368
58.873 58.143 57.239 57.198 57.580 57.431 56.919 56.169 55.318 55.587 55.784 55.552 55.015 54.273 53.447 53.788 53.926 53.667 53.123 52.376 51.541 51.992 52.079 51.778 51.162 50.973 50.613 50.178 49.840 49.137 48.633 48.301 48.440 48.222 47.723 46.982 47.424 47.192 47.059 46.319 45.391 45.473 45.748 45.467 44.744 43.672 44.233 44.306 43.821 42.868 42.363 42.904 42.658 41.831 40.860 41.533 41.400 40.609 39.514 40.211 40.067 39.201 38.206 38.909 38.627 37.562 37.131 37.581 37.009 35.732 35.848 35.897
60.002 60.156 59.296 57.818 58.912 59.020 58.198 56.721 57.698 57.864 57.163 55.838 56.221 56.606 56.121 55.005 54.490 55.248 55.035 54.175 52.926 53.775 53.857 53.283 52.246 51.726 52.088 51.925 51.708 51.399 51.153 50.556 49.962 49.441 49.438 49.131 48.647 47.910 47.277 47.427 47.558 47.069 46.337 45.393 45.599 45.717 45.369 44.689 43.790 43.534 43.797 43.547 42.956 42.126 41.301 41.772 41.630 41.133 40.389 39.486 39.460 39.512 39.159 38.526 37.700 36.943 37.268 37.050 36.527 35.796 35.006 34.824
59.613 59.908 60.563 59.645 58.279 59.517 59.348 57.867 57.794 58.571 57.885 56.226 57.393 57.476 56.397 55.267 56.365 56.160 54.923 54.314 55.213 54.841 53.562 53.323 53.985 53.546 52.280 51.725 52.079 52.155 51.995 51.795 51.176 50.463 49.843 49.850 49.510 48.919 48.053 48.633 48.344 48.064 47.049 46.075 46.797 46.698 46.104 45.176 44.518 45.015 44.823 44.212 43.328 42.582 43.042 42.861 42.309 41.511 40.595 40.755 40.717 40.308 39.648 38.832 37.972 38.300 38.103 37.628 36.966 36.191 35.377 35.324
60.213 60.184 61.004 59.840 58.916 60.098 59.412 57.866 59.123 58.899 57.100 57.908 58.215 56.958 56.150 57.255 56.631 54.972 56.163 56.113 54.767 54.309 55.173 54.536 52.839 53.990 54.007 52.956 52.498 51.747 51.967 52.114 51.943 51.254 50.574 50.171 50.034 49.451 48.609 49.258 48.879 48.681 47.418 47.045 47.573 47.232 46.304 45.223 46.005 45.870 45.161 44.082 44.016 44.245 43.857 43.042 41.995 42.270 42.265 41.795 41.003 40.040 40.096 40.093 39.678 38.991 38.137 37.381 37.676 37.412 36.880 36.180
61.587 61.520 59.443 60.794 60.730 58.671 59.901 59.935 57.971 58.871 59.115 57.407 57.692 58.252 56.875 56.349 57.339 56.349 55.226 56.371 55.783 54.141 55.343 55.148 53.508 53.986 54.326 53.253 52.692 52.003 52.618 52.602 52.183 51.167 50.300 50.492 50.425 50.318 50.183 50.006 48.606 48.132 48.433 48.428 47.614 46.293 47.160 47.051 46.197 44.870 45.694 45.584 44.807 43.603 43.947 43.996 43.404 42.378 41.885 42.268 41.926 41.137 40.096 40.171 40.196 39.726 38.932 37.971 37.919 37.903 37.468 36.766
61.104 61.640 59.557 60.882 60.780 58.776 60.242 59.812 58.024 59.464 58.838 57.275 58.633 57.902 56.471 57.771 57.017 55.617 56.883 56.183 54.716 55.969 55.388 53.770 55.022 54.613 52.755 53.743 53.738 53.438 52.702 51.714 51.835 52.059 51.631 51.058 50.807 50.140 49.132 49.888 49.480 49.083 47.656 48.494 48.268 47.068 46.697 47.249 46.667 45.312 45.741 45.833 45.053 43.695 44.430 44.318 43.485 42.209 42.842 42.714 41.957 40.808 40.985 40.998 40.417 39.445 38.803 39.134 38.786 38.042 37.075 36.790
