data/CoulombOnly/Outputs_CoulombOnly/EllipticCylinder_03CoulombOnlyInternalFrict30_null_TITAN2D_pfv.asc
ncols 1001
nrows 301
xllcenter  1000.00
yllcenter -5000.00
cellsize 5.00
nodata_value -9999
[rows 132 to 153 of 301, columns 294 to 342 of 1001]
-9999 -9999 -9999 -9999 -9999 -9999 -9999 -9999 -9999 -9999 -9999 -9999 -9999 -9999 -9999 -9999 -9999 -9999 -9999 -9999 -9999 -9999 -9999 -9999 -9999 -9999 -9999 -9999 -9999 -9999 -9999 -9999 -9999 -9999 -9999 -9999 -9999 -9999 -9999 -9999 -9999 -9999 -9999 -9999 -9999 -9999 -9999 -9999 -9999
-9999 -9999 -9999 -9999 -9999 -9999 -9999 -9999 -9999 -9999 -9999 -9999 -9999 -9999 -9999 -9999 -9999 -9999 -9999 -9999 -9999 -9999 -9999 -9999 -9999 -9999 -9999 -9999 -9999 -9999 -9999 -9999 -9999 -9999 -9999 -9999 -9999 -9999 -9999 -9999 -9999 -9999 -9999 -9999 -9999 -9999 -9999 -9999 -9999
-9999 -9999 -9999 -9999 -9999 -9999 -9999 -9999 -9999 -9999 -9999 -9999 -9999 -9999 -9999 -9999 -9999 -9999 -9999 -9999 -9999 -9999 -9999 -9999 -9999 -9999 -9999 -9999 -9999 -9999 -9999 -9999 -9999 -9999 -9999 -9999 -9999 -9999 -9999 -9999 -9999 -9999 -9999 -9999 -9999 -9999 -9999 -9999 -9999
-9999 -9999 -9999 -9999 -9999 -9999 -9999 -9999 -9999 -9999 -9999 -9999 -9999 -9999 -9999 -9999 -9999 -9999 -9999 -9999 -9999 -9999 -9999 -9999 -9999 -9999 -9999 -9999 -9999 -9999 -9999 -9999 -9999 -9999 -9999 -9999 -9999 -9999 -9999 -9999 -9999 -9999 -9999 -9999 -9999 -9999 -9999 -9999 -9999
-9999 -9999 -9999 -9999 -9999 -9999 -9999 -9999 -9999 -9999 -9999 -9999 -9999 -9999 -9999 -9999 -9999 -9999 -9999 -9999 -9999 -9999 -9999 -9999 -9999 -9999 -9999 -9999 -9999 -9999 -9999 -9999 -9999 -9999 -9999 -9999 -9999 -9999 -9999 -9999 -9999 -9999 -9999 -9999 -9999 -9999 -9999 -9999 -9999
-9999 -9999 -9999 -9999 -9999 -9999 -9999 -9999 -9999 -9999 -9999 -9999 -9999 -9999 -9999 -9999 -9999 -9999 -9999 -9999 -9999 -9999 -9999 -9999 -9999 -9999 -9999 -9999 -9999 -9999 -9999 -9999 -9999 -9999 -9999 -9999 -9999 -9999 -9999 -9999 -9999 -9999 -9999 -9999 -9999 -9999 -9999 -9999 -9999
-9999 -9999 -9999 -9999 -9999 -9999 -9999 -9999 -9999 -9999 -9999 -9999 -9999 -9999 -9999 -9999 -9999 -9999 -9999 -9999 -9999 -9999 -9999 -9999 -9999 -9999 -9999 -9999 -9999 -9999 -9999 -9999 -9999 -9999 -9999 -9999 -9999 -9999 -9999 -9999 -9999 -9999 -9999 -9999 -9999 -9999 -9999 -9999 -9999
-9999 -9999 -9999 -9999 -9999 -9999 -9999 -9999 -9999 -9999 -9999 -9999 -9999 -9999 -9999 -9999 -9999 -9999 -9999 -9999 -9999 -9999 -9999 -9999 -9999 -9999 -9999 -9999 -9999 -9999 -9999 -9999 -9999 -9999 -9999 -9999 -9999 -9999 -9999 -9999 -9999 -9999 -9999 -9999 -9999 -9999 -9999 -9999 -9999
70.9044127506035835 70.8470902969627332 -9999 70.7539145748011151 71.2477112321148667 71.0078910186971086 -9999 71.1393551539193254 71.6091483708865866 71.2859373691117213 -9999 72.2189645333829731 73.3248234816465185 73.1921076760866356 -9999 -9999 -9999 -9999 74.7262439776384468 74.6073249782102295 73.4268736619618636 -9999 73.5150059019838125 74.452806622238981 73.7195165203376348 -9999 74.068396181237631 75.4365266967170243 75.6018226364617192 -9999 -9999 -9999 -9999 -9999 -9999 -9999 -9999 76.7794650140629642 76.7310558730530516 75.5441215320988988 76.3837053683930378 77.0124525069201837 76.5015337108898024 75.6022263400376175 -9999 76.2322356395986702 77.1711968164649562 -9999 -9999
71.9225299855047666 71.8102023325858454 72.1923206826000836 71.9602076741149688 72.4377313989379132 72.102782744787504 72.674146116966071 72.2353227752162468 72.7117726766018535 72.403156642281246 73.1327339578454598 72.7555479759966346 73.8060733253494021 73.4533040435039908 74.4046379878251685 74.378586133409101 74.4430434513735264 74.6113011483218287 74.6622672835705998 74.8267519082417607 73.7745186549580438 74.7464266537190127 73.945296239960129 74.9096803147885595 74.2213169828050923 75.1995230150447043 74.4490974203992977 75.7435718419531696 75.8717977064229672 75.4297220287611339 75.1562152222926301 76.2414635587730061 76.3496188101926379 76.442593874084352 76.6613013744564711 75.7279755720522871 76.5467631481345023 77.0401786875966081 77.1299156202130831 76.1297199407568144 77.2831419439553855 77.4836700809206889 77.3149362918867666 76.7596605611895484 77.4285638700009144 77.2023867779375763 78.0722572619329185 78.1343786128785354 77.9436748698630737
75.4668776332151197 75.0065178626323359 74.4876163801938276 74.4891662076715448 75.3675296514551007 74.8008614321051226 74.8872954073287929 75.1032166091399205 76.8667722810684495 75.1941242276704429 75.4511178616424019 75.3345101032618913 75.6090683560471462 75.5593347426742667 75.6725949384568537 76.8068950372800003 76.7905727852365629 75.9387296891423773 76.0077490462377909 76.8559302275369163 76.4286620585584586 76.2667985190593214 76.5406025388103188 78.5457759444906003 76.9166128743199806 77.1011380820022936 76.9721072309570786 77.294969715818155 77.1758394421281935 77.3632554230783427 78.4564908144554067 78.8604795946782957 77.7850485492952686 77.9262244835119589 78.695365152282946 78.46514942180265 78.2075339894112886 78.4200590421946373 80.4979402769689614 79.0613869770755571 78.8053977886513479 79.1362566242888619 79.8799415052874053 79.4773036742119672 79.7577510786323103 80.5101824736691043 81.3406872484323884 80.1010783864778375 80.3287949474057683
76.7854330265689384 76.5220823049452434 76.0960697805116553 76.1576881224218312 76.7949755591215677 76.454196547872499 76.5362986090463266 76.7588620357047091 78.0116055340590293 76.8565073583009593 77.0575803683503722 77.0430202527578416 76.9803395027567063 76.8512724161697633 77.3930367259975185 78.3522622571043996 78.3806431492437383 77.7339610092413693 77.844262614975122 78.474424650326327 78.1987961064282757 78.0497702454700999 78.3400080795060489 79.7552949704246146 78.5948944701982839 78.7866718072860124 78.7370174473476112 78.7911709203758903 78.5571456438938753 79.1196179640817547 80.0201626687658916 80.3533818630352528 79.5200730780090908 79.6528360769111714 80.250502891983615 80.1185556575569819 79.9136926065725959 80.134507326906629 81.6306152971368704 80.6230752130241655 80.4098731241877402 80.7088848523303994 81.2308942887434 80.9549476217423774 81.1460537815166276 81.8026598212596809 82.4363181870380686 81.4866628168349791 81.6775100673500845
76.9469317531617207 77.0083724435898205 77.0728686994188479 77.1770368659307167 77.2952602322712181 77.4212831592184614 77.5353247122688458 77.6739815497886781 78.0919275568167564 77.952836631681123 78.3880505444039954 78.2939677667667979 78.4080109678592692 78.2417922565956303 78.6804012752981947 78.5698436475290976 78.7066295064289818 78.8821727594243214 78.9980285275290441 79.1289639358627284 79.2514379261050408 79.4021895213506212 79.4981067471951093 79.9313614901407163 79.7631402561513738 80.2344304596336713 80.1114978753494569 80.3524046241281553 80.1297215677217594 80.6013724012235713 80.4844297606697552 80.6131315554284811 80.803722890116731 80.9365317154790205 81.0478803460893431 81.1878798854510109 81.3565187062808093 81.4381235754460846 81.5630144556933629 81.7085704335126053 81.8913573245977062 82.066714723572062 82.4465067515672843 82.3756630087510331 82.7056410875289458 82.5725851451722832 82.749708491146805 82.8448733158022179 82.9910592250402033
77.7337689637462717 78.1423623730652253 78.19321264734171 78.3172976844267907 78.4517187765897717 78.5530796813397814 78.6784310866772216 78.8384641240028401 79.0886583784323278 79.1307232405996928 79.2966526073942504 79.2274191235328971 79.274611026405978 79.3798066701664027 79.7614508466589314 79.8284707424653703 79.9707425995684247 80.0785517393474322 80.1896136239381576 80.3321457796596405 80.4767919706422106 80.6222081746148405 80.7339703427792443 80.9902167869613692 81.0305271890542258 81.2170631247723094 81.1564881844570749 81.2285004545128402 81.2618883606154014 81.6762443726448737 81.7449761498647831 81.8824391801362879 81.9903658441335637 82.1265148705129064 82.2823209369840072 82.4148051632287064 82.5614284963530736 82.6896047638901166 82.8198582011983007 82.9473208887073241 83.0488974403487958 83.1188679170028877 83.2044683826931788 83.1057150913075304 83.1385034826597291 83.3086055960802696 83.9554605780217997 84.0113287590432947 84.1563373466147908
79.5377711090652184 79.5231612515367488 79.2369575760421867 79.3913155229433016 80.1475536207715891 79.7036309485798 80.1225358203629554 79.6914518989279941 80.3222884985577252 79.6448199414740543 80.4285873592904181 80.3102080566187624 80.3683154479002155 80.5367709204416542 80.7474754018379457 81.4613605373003651 81.5329907171547745 81.1486026528185533 81.2855430401195207 82.2606853990501747 81.7196612380466405 81.4990685103110053 81.5325429884823478 82.5556693680196361 81.5457616824601814 82.3627621013135354 82.2644614766068401 82.335919449286223 82.4724200921220927 82.6902607032818793 83.272916740399765 83.5550974254308016 83.0770268993434655 83.2108831146839663 84.0750857357699317 83.7426005623655527 83.4301455452734757 83.4578510025849312 84.4759969609110755 83.565200188407232 84.4564414648854154 83.4703004822323038 84.5215296291097218 84.39697501274091 84.4372899370046923 84.9701118734301843 85.5945200115155131 85.0558401309276917 85.1887533187923083
80.1880578050623996 80.1744569310212256 80.0056167054597864 79.9546681801495822 80.0632385986144754 79.8727957578941385 79.8414967053838041 79.7093779889135874 79.6947937709760055 79.7257231401150364 81.3182400224202553 81.4022713005838057 81.5403401481999737 81.6644045608755675 81.7575460200872186 82.0583231569071927 82.0914045574012761 81.9020026432916097 81.8719531936645524 82.0393659837641849 81.850071343816694 81.6639315078284795 81.5947200430277633 81.687956718405772 81.5740682561976342 83.2344537863638863 83.3302218191773107 83.4688722155115812 83.5958721001770186 83.692515612025872 83.9666719682424372 84.0422179948741785 83.8491434187077402 83.8254253606806685 83.9969171624341584 83.849321230189048 83.6349170641006481 83.5403342641177744 83.6942373106616202 83.4562162026107899 83.4720264830315557 83.4258944747934521 85.4156896928239036 85.5315001702668383 85.6531868872861679 85.9005118257811802 86.0303803277935657 85.8438683409686973 85.8238316524500675
80.5450134760914125 80.472347036677661 80.383949367300545 80.247556861583476 81.3762342817471875 80.1779480069307624 81.666767064477682 79.89782209331959 81.7499401849637621 81.9141520382684263 82.2243487885232014 82.3462514449678338 82.4524387504459497 82.4937073933277532 82.48493829707553 82.4161732863518921 82.3384193092686871 82.2546333585328568 82.1408742612526481 82.0052954763920354 81.8899582392012491 81.7894708785094764 81.6976705294327132 83.7762847104597483 81.7235031297473427 84.1244687309454093 84.235411322156736 84.3332224467197875 84.4069725391729264 84.402998700204833 84.3405173677993787 84.2658126100421185 84.1911440214967968 84.0853867168824536 83.9554759483443149 83.8444668592834148 83.7495516415656454 83.6222107130104177 85.529956153613611 83.6356344029581891 85.6663703824746818 85.88556131216734 86.2100178661783758 86.3226376394889598 86.3329298381002559 86.3068577425421211 86.2477136930254318 86.1817277435696099 86.085908926558588
80.7586760409960505 80.654095132716364 80.5375045950761717 80.3818431228792605 80.4315577839152667 80.1727284215774034 80.0929231179307237 79.9126560569750808 82.4261962548608267 82.5466847976722562 82.654638353742854 82.7675781191651367 82.8082386170798515 82.7878645056737099 82.7141917310223675 82.6224843230710633 82.5209843063770876 82.4064417421728734 82.2698804606553153 82.1984100979364882 82.026486817382974 81.914788241577881 81.7260886566802611 81.7351438955200535 81.6773821612004696 84.5834541916458988 84.6702003003607331 84.7176549907373868 84.7067213274533373 84.6366160174859772 84.5513971702281708 84.4535836316494795 84.3441253453744082 84.2152970314063793 84.1452062265680354 84.00121579204081 83.8341629584843275 83.654756868957918 83.7798530992701984 83.5405198261038464 86.3880873967663518 86.5728453817596488 86.6255628706008167 86.6287537265345406 86.5859084368681948 86.5625597407514817 86.4895509849060176 86.3218207958661878 86.2133117768652397
80.7637130338886777 80.6598458270008933 80.5419557846163201 80.3898515608378261 81.4741703857839212 80.2531062897620586 81.9055335186465783 79.8648681378459742 82.4248625139570095 82.5251188970856902 82.6702470172070463 82.7821867093847601 82.822007952340357 82.7953510279316447 82.7198054323825431 82.6364005441263743 82.5330971120231141 82.414152562988761 82.2690299730103902 82.9447605574483902 82.1893378306589284 83.2304966859080082 81.8190145549820471 84.127397931047355 81.641025049681744 84.6050363600903097 84.6868965414375054 84.7338868462351797 84.7144091897289258 84.6445300877583122 84.5652994697504283 84.4698233925035282 84.3534226698700849 84.217443554035853 84.6553050241985119 84.2051066217835569 83.8355440724544678 83.6589296326859682 85.6819001720357107 83.5822075578717829 86.422727247649803 86.5139980936724982 86.6572269762165348 86.6394960230947362 86.593288409271608 86.8365386219428075 87.1096143688142917 86.3234154463666101 86.2221281402239583
80.6036761251551042 80.507614075217333 80.395425345661252 80.2471589691037366 80.290075766496912 80.052876013121093 79.980092449570833 79.8281771798259001 81.8580801178043629 81.9164934733431807 82.3952421740029592 82.4998257675424327 82.6095971366735142 82.6144766777227062 82.5580785830928079 82.4810265657975918 82.3877369459637379 82.2770792401001074 82.1306240293935303 82.2096481156993946 81.9769862975136618 81.9459719010922782 81.7057496120777103 81.6540719911718185 81.5740895092846614 84.3304199322067376 84.409213289869669 84.511927828889057 84.5148319590206398 84.4884421812035669 84.4194844100207575 84.3299706642118991 84.2243794185186374 84.1013088671643061 84.0393279338159118 83.9114054110520584 83.7624877486671267 83.6280908721609819 83.7237205520745391 83.4653113942794818 83.4433835865442148 83.5006081616383966 86.4350378445659118 86.4708980570124055 86.4398915869340385 86.4314193134474493 86.3713937522586832 86.2134873127394741 86.1123868599357252
80.0957570217262003 80.0817040823243786 80.0490189370847958 79.9549078209500692 80.9671166412470598 79.9153277734172178 81.2459085770397564 79.7024718725106993 81.6092357491989873 81.6316871993867181 81.6977021527461744 81.6756566373722848 81.6432097131663994 81.713074751414311 82.0283549285827149 82.0131383077011549 82.0023390338447626 81.9715801994590549 81.8713514261323922 82.7931828829892993 81.9284607137203125 83.082401242812054 81.6813825879955573 83.35157743991617 81.5499691893037806 83.6185110038163231 83.5889904122700216 83.6982606536540743 83.8293206828135311 83.9413043922578623 83.9673026294317424 83.9575034344862985 83.9351512508702058 83.8725461566360053 83.7723674146090787 83.7031182935865843 83.6497444338279763 83.5757812619571467 85.2196831565423167 83.6625173132164548 85.4831945598291014 83.573825859740154 85.5730547140988875 85.5769499956899296 85.8871534647644381 85.9393172602625413 85.9523443380624599 85.9630960505122772 85.9237838599091219
79.4127770674674593 79.4898248364860933 79.4413943924139261 79.5011249673555085 79.7178894461829941 79.5731161393497501 79.5455122375104366 79.4830697768616972 79.9757605530875679 80.0580918323857418 80.5833675184269111 80.7323738707552678 80.2437774788586182 79.8249756417503846 81.1424438836936446 81.4100478032799941 81.5350202932968102 81.47021058902682 81.523027385274645 81.7345525613833956 81.6001903294153692 81.584359294140981 81.4821385543649512 81.4876929905563827 81.4976260679891737 82.6211371704726076 82.6902180258885551 82.8251596429732189 82.9671130147034717 83.0884176640719687 83.3911891033503281 83.5468690217853975 83.4842471848928369 83.5786307697314186 83.8269450262208693 83.7501108729109944 83.5937783098316487 83.5538180808194682 83.6788470512370424 83.5614554499181992 83.5890614937808749 83.4648800401453315 83.5146196774291951 83.6584606481995507 85.1708413870047139 85.3948327464970589 85.604420324035317 85.545246567400909 85.6625904544977743
