data/CoulombOnly/Outputs_CoulombOnly/EllipticCylinder_03CoulombOnlyInternalFrict30_null_TITAN2Dv420_pfv.asc
ncols 1001
nrows 301
xllcorner 997.50
yllcorner -5002.50
cellsize 5.00
nodata_value -9999
[rows 132 to 153 of 301, columns 300 to 349 of 1001]
-9999 -9999 -9999 -9999 -9999 -9999 -9999 -9999 -9999 -9999 -9999 -9999 -9999 -9999 -9999 -9999 -9999 -9999 -9999 -9999 -9999 -9999 -9999 -9999 -9999 -9999 -9999 -9999 -9999 -9999 -9999 -9999 -9999 -9999 -9999 -9999 -9999 -9999 -9999 -9999 -9999 -9999 -9999 -9999 -9999 -9999 -9999 -9999 -9999 -9999
-9999 -9999 -9999 -9999 -9999 -9999 -9999 -9999 -9999 -9999 -9999 -9999 -9999 -9999 -9999 -9999 -9999 -9999 -9999 -9999 -9999 -9999 -9999 -9999 -9999 -9999 -9999 -9999 -9999 -9999 -9999 -9999 -9999 -9999 -9999 -9999 -9999 -9999 -9999 -9999 -9999 -9999 -9999 -9999 -9999 -9999 -9999 -9999 -9999 -9999
-9999 -9999 -9999 -9999 -9999 -9999 -9999 -9999 -9999 -9999 -9999 -9999 -9999 -9999 -9999 -9999 -9999 -9999 -9999 -9999 -9999 -9999 -9999 -9999 -9999 -9999 -9999 -9999 -9999 -9999 -9999 -9999 -9999 -9999 -9999 -9999 -9999 -9999 -9999 -9999 -9999 -9999 -9999 -9999 -9999 -9999 -9999 -9999 -9999 -9999
-9999 -9999 -9999 -9999 -9999 -9999 -9999 -9999 -9999 -9999 -9999 -9999 -9999 -9999 -9999 -9999 -9999 -9999 -9999 -9999 -9999 -9999 -9999 -9999 -9999 -9999 -9999 -9999 -9999 -9999 -9999 -9999 -9999 -9999 -9999 -9999 -9999 -9999 -9999 -9999 -9999 -9999 -9999 -9999 -9999 -9999 -9999 -9999 -9999 -9999
-9999 -9999 -9999 -9999 -9999 -9999 -9999 -9999 -9999 -9999 -9999 -9999 -9999 -9999 -9999 -9999 -9999 -9999 -9999 -9999 -9999 -9999 -9999 -9999 -9999 -9999 -9999 -9999 -9999 -9999 -9999 -9999 -9999 -9999 -9999 -9999 -9999 -9999 -9999 -9999 -9999 -9999 -9999 -9999 -9999 -9999 -9999 -9999 -9999 -9999
-9999 -9999 -9999 -9999 -9999 -9999 -9999 -9999 -9999 -9999 -9999 -9999 -9999 -9999 -9999 -9999 -9999 -9999 -9999 -9999 -9999 -9999 -9999 -9999 -9999 -9999 -9999 -9999 -9999 -9999 -9999 -9999 -9999 -9999 -9999 -9999 -9999 -9999 -9999 -9999 -9999 -9999 -9999 -9999 -9999 -9999 -9999 -9999 -9999 -9999
-9999 -9999 -9999 -9999 -9999 -9999 -9999 -9999 -9999 -9999 -9999 -9999 -9999 -9999 -9999 -9999 -9999 -9999 -9999 -9999 -9999 -9999 -9999 -9999 -9999 -9999 -9999 -9999 -9999 -9999 -9999 -9999 -9999 -9999 -9999 -9999 -9999 -9999 -9999 -9999 -9999 -9999 -9999 -9999 -9999 -9999 -9999 -9999 -9999 -9999
-9999 -9999 -9999 -9999 -9999 -9999 -9999 -9999 -9999 -9999 -9999 -9999 -9999 -9999 -9999 -9999 -9999 -9999 -9999 -9999 -9999 -9999 -9999 -9999 -9999 -9999 -9999 -9999 -9999 -9999 -9999 -9999 -9999 -9999 -9999 -9999 -9999 -9999 -9999 -9999 -9999 -9999 -9999 -9999 -9999 -9999 -9999 -9999 -9999 -9999
-9999 71.685393382298173 -9999 -9999 -9999 -9999 -9999 -9999 -9999 -9999 -9999 -9999 -9999 -9999 -9999 -9999 -9999 74.1217062174501251 -9999 -9999 -9999 -9999 -9999 -9999 -9999 -9999 -9999 -9999 -9999 -9999 -9999 -9999 -9999 -9999 76.7280099676385134 -9999 -9999 -9999 -9999 -9999 -9999 -9999 -9999 -9999 -9999 -9999 -9999 -9999 -9999 -9999
73.1213882755085507 73.2495104396345909 73.3675062377921563 73.5116117670263662 73.6562105237115361 73.8059651160911159 73.9502020447409762 74.08360790813866 74.2362407340975494 74.3921756645986534 74.5276964900240131 74.6689473085609166 74.8039530610940631 74.9699728513157311 75.1219300870819637 75.254959718318986 75.4005994630941814 75.545497709977198 75.6974201539113523 75.8200187442865712 75.967213010621478 76.1146969362104358 76.2638477764555063 76.4243809008325172 76.5701986249590476 76.7278087540510967 76.8795870348061783 77.0335391123264372 77.1848426838854067 77.3368601499786479 77.464789522636579 77.6193795150816328 77.7427206967238362 77.9166423304396147 78.047590605181739 78.2203750726250888 78.3480988189966325 78.511107902956411 78.6995463527682944 78.8619393589131761 79.0435859035326018 79.2233214812846001 79.3860252471978924 79.5590940540217417 79.7241134853321256 79.9279101548787736 80.1057845656397802 80.2842181689960483 80.4548502962918235 80.6282082243825045
75.0330039632580537 75.1595954765577972 75.3034596385215451 75.4424397902780726 75.5618840941276773 75.7067675000722318 75.84629323236895 75.9626424137208147 76.1041092079654788 76.2255966039947879 76.3685134854112988 76.512602939226511 76.6562697154513728 76.8080838633600962 76.95550392615975 77.0700547192574135 77.210663312113212 77.3526646436737764 77.487868830364917 77.6340262165433188 77.769968208378117 77.8959878155852294 78.0424005860525085 78.1819668899126867 78.3128026452851032 78.4475321460715804 78.5864818955695057 78.7370391886221341 78.8771085881659815 79.0225220941617295 79.1708314454382247 79.3131802983076 79.4616375106757431 79.5991458994668051 79.7477089349968082 79.8992571368186049 80.039085520292474 80.1900217916718532 80.3429807625441015 80.4737965616746322 80.6315953429711527 80.7793126815961386 80.9014338280802008 81.0597337125110045 81.2096165046910556 81.387167230770757 81.5393669025510519 81.6967571886610529 81.8443531172594589 82.0042225426312541
76.1027650265834836 76.2353308372189105 76.3807250621980245 76.507104196902759 76.6433711973536163 76.7869965234480532 76.9133729372906743 77.053980438694424 77.1840578785965334 77.3097981682324047 77.4520110961823605 77.5945659210893837 77.7348501777627376 77.8843210180119456 78.0109512952996482 78.1394448218840552 78.2835750349725714 78.4323167921276365 78.5725205013307715 78.7130301683495759 78.8278615933540436 78.9681344477455127 79.1108849626033646 79.2452608502134126 79.3749500395766887 79.5083585836811011 79.6325436687183696 79.7619111412106889 79.9022224059538075 80.0427271345961344 80.1783980173037065 80.3210219861184811 80.4412519551486014 80.5714545206602963 80.7065669354791453 80.8459410134307177 80.9812445919575197 81.121416938003577 81.2599704111579229 81.3942527294326936 81.5433588255763908 81.6828611881236952 81.823025192955896 81.9735559733499599 82.1250851256620251 82.2728056819949956 82.4137710480143539 82.562109432307679 82.7024844104932555 82.8455220339496776
76.9352802022282845 77.0674670349170015 77.179087660602292 77.3046823114727033 77.438495483487813 77.5531390659288888 77.6827950846930406 77.8171922961388702 77.9397697226081334 78.0572957102067164 78.1999887906486038 78.31421021840751 78.4433073433490762 78.5837405573241341 78.7122799424318771 78.8264515749844463 78.9601857192839134 79.0990354225226184 79.2357179475134359 79.3670225163522645 79.4705764381503599 79.6062509537608491 79.742636506926047 79.8737750512880922 80.003817634689895 80.1313252276944894 80.2502411896626029 80.375980779503962 80.5136507031985218 80.6499178246256747 80.782417102403258 80.9170264574507172 81.0379391290563831 81.1713139012069007 81.3039186102214444 81.4408605395416174 81.5688477624730695 81.7096337377724069 81.8412163071097467 81.9803536238702435 82.1139712799913184 82.2583457433787544 82.392570270419597 82.5357174791790129 82.6729222488528848 82.8132700705693594 82.9507285979002944 83.0861153608587131 83.2198921339032154 83.3538177973776584
77.8309936507530011 77.9599210083751473 78.0783420727722159 78.1840585220861755 78.3108103078143927 78.4303948089431486 78.5524512706456477 78.6588533267795071 78.7819888667386579 78.9038854318441736 79.0167052039180788 79.1227956379042894 79.2436078141559364 79.3726426909827438 79.4997202691781837 79.5925243925886576 79.7074569165700098 79.8322447715998322 79.9577641466264595 80.0816926391567705 80.1961181835212926 80.3094869439296986 80.4353915053243611 80.5578559492398512 80.6840147847726286 80.8079159935101785 80.9272230995553912 81.0380317838887834 81.1574695110696922 81.2885443128318457 81.4155467159683468 81.5424398824577281 81.6691544645947118 81.7996140451282088 81.9286741551710804 82.0598293607593376 82.1912170936790716 82.3265446992512864 82.4569151101049584 82.5932623397122114 82.72116196477063 82.8560118225071562 82.9880546514110904 83.1210577306719216 83.252752910214582 83.3830072878857465 83.5177885348100659 83.6480637713519286 83.7775193972493639 83.907173320091573
78.76808352446659 78.8990952095861786 79.0298705625842217 79.1533478427071628 79.2789362700561497 79.399195316105974 79.5094076842008235 79.6336970902012666 79.7635927450756128 79.8928046852769 80.011107101304205 80.1189903701754957 80.2418039528299403 80.3729811179548648 80.4989230178220083 80.6210567450120976 80.7275069070755222 80.8559774818188828 80.9804645101159792 81.1092602152075983 81.2241335948088192 81.3285987235380503 81.4555402892372769 81.5824883814377841 81.7074821602109722 81.8325749306254266 81.9584735437651801 82.0708850197063953 82.1823646493547528 82.3092491665497192 82.4407069616554651 82.5670938363641937 82.6974267122002829 82.8215457943308877 82.9472326069869439 83.0767528114783715 83.2025506608348309 83.3319394989805602 83.4495649906255323 83.570052919977158 83.7039525199563457 83.8329276380838593 83.9611794573596484 84.0914296456431885 84.2126389294274702 84.3293473117361998 84.4607749086276982 84.5826746109392502 84.7102923084349442 84.8366602202700193
79.64001255729967 79.7800777304935878 79.8933565201654972 80.027814300849812 80.1472229092573656 80.2753113591889758 80.4057301104547975 80.5389581306002782 80.6701522241895645 80.8011198285602887 80.9345171325757491 81.0477503491374733 81.1812120093409249 81.3135132709023338 81.4554812422193208 81.5758636162653659 81.6964555620292003 81.8262066129648673 81.9643136180553427 82.094476197834851 82.2237947148699249 82.3414674252432803 82.4600015281750984 82.5958587273474762 82.7302709126119424 82.8632817251644838 82.9944865705813584 83.1111670579024917 83.2383958507834336 83.3783482402191822 83.5122882508655806 83.6493634324949227 83.7681639245214882 83.8931629563860355 84.0330677303153237 84.1678793656005126 84.2957358201682894 84.4266364248847339 84.5409869254623203 84.6706552143335927 84.8044372610989683 84.9239010994598118 85.0445667997203998 85.1793424409202515 85.3114991870394022 85.4387009982348928 85.5720231162972169 85.6942575512210425 85.8157300059634736 85.9514804322242441
80.0726709366904572 80.2143605723410218 80.3571270192104521 80.499544688129518 80.6395699834379656 80.7819784489725379 80.92469405357906 81.0620596270876206 81.1960411106824296 81.3386810859836231 81.4835106005131991 81.6251024761939448 81.7703982387536428 81.9167935338597744 82.0638851722479785 82.2099222534334473 82.3402410054200402 82.463101714125898 82.6106903931525096 82.753973259129026 82.8966483722737735 83.0351706109094749 83.1609778834753541 83.2859680720381732 83.4311535622890403 83.5756278963813202 83.7133511184647574 83.8360419584877121 83.9735401680234474 84.1234918598191257 84.2467475841011151 84.3865338367005364 84.5310125634197931 84.6768379795602328 84.8112402971112687 84.9314968839975677 85.0735091501342566 85.2120566319873092 85.3415338482279253 85.4672847180867734 85.5897595789377448 85.7177319240605868 85.8400022061993724 85.9861923628013898 86.1113409036678235 86.243437306023381 86.3900597978281581 86.5084339120096644 86.6458445767432295 86.7919505922722294
80.1740469585214584 80.3195545238207416 80.4655720189482935 80.611057367283621 80.7577870181640378 80.904574442836946 81.0456462034391336 81.1790516321183588 81.3249931768171876 81.470603224359138 81.6180813756798216 81.7653344206377142 81.9122699927776097 82.0591290570579588 82.2061493063850008 82.3513390922373532 82.4971822052000192 82.6431905258577189 82.756698983489315 82.9033616515039427 83.0523307517065774 83.2008691621126957 83.338782969959496 83.4587632961950021 83.6072976423929219 83.7548148694867223 83.9024208408367542 84.0262964390510518 84.1579810527337031 84.3063882748775058 84.4514790446202426 84.5677987466588519 84.7067216157248879 84.8539283802734161 84.9995110319269997 85.1112147939196007 85.2576564143953846 85.4044264329619125 85.5342022575885892 85.6529393901306406 85.7989288267642394 85.9292125871637467 86.0525585883018493 86.2020690460941097 86.3241262921642232 86.4543096279808907 86.6025159151546262 86.717989017902056 86.8531633542798858 86.9992068079714613
80.1744648125963124 80.3211905237414641 80.4653848456959508 80.6097796042880503 80.7546328444073396 80.9007680586319111 81.0411600687297238 81.176003508849405 81.3249989188185367 81.4715707537271072 81.6187328990254457 81.7658781682435745 81.9129297074017302 82.0587013262209979 82.2064616747830854 82.353349437996954 82.4999339695945366 82.6469521807328533 82.7585566172062954 82.9061636962530173 83.0533026989655099 83.2010889505216227 83.3383823928444087 83.4616331795239859 83.6099578894679354 83.7580872244994055 83.9048941345002106 84.0293761254818321 84.1622499398831252 84.3086801097404361 84.4547384512407717 84.5704140152520694 84.710142082011572 84.8568021665947896 85.0026387829466472 85.1146756832123117 85.2627437101694028 85.4074577608239167 85.5348009982128161 85.656532322451298 85.8063444658725842 85.9361818815956724 86.0601277283302721 86.2090906604301637 86.3310237238586637 86.4614204804789495 86.6074178548722813 86.7223512574600051 86.8592504706252839 87.0044554383955813
80.0377091766116706 80.1890989232564948 80.340881871752245 80.4896520938284539 80.6422894905736172 80.7925579772958571 80.9419774100552303 81.0945959765797966 81.2559797581256902 81.4052943940971403 81.55276129534316 81.7017721656680465 81.8508525794036217 82.0004074177732321 82.1489447936100987 82.2952663119917531 82.4414066942553205 82.5601761023410887 82.7088363542427771 82.8568010204835588 83.0059393628479398 83.1475780666501407 83.269234718776687 83.4132573153235768 83.5626480438016301 83.7077936536305316 83.8358068590097645 83.9660744006900188 84.1115773391981207 84.2609559880050369 84.3844181545278218 84.5236973789308195 84.6689242220792124 84.8160448734713412 84.9301281448931178 85.0743763762785932 85.2168629838349716 85.3552860232016997 85.4700970924940151 85.6051165507559517 85.74800843424579 85.877211913115417 86.0023565315689069 86.1506412956391898 86.2743773779333054 86.4049903010059381 86.5523760347418545 86.6725080059303679 86.8090508500288109 86.9549508583586714
79.8312007692205725 79.9875630950402012 80.1462173369126276 80.2719908373545508 80.4314791022590043 80.5693812910051577 80.7188108485103726 80.8521720779250757 81.0066274456103486 81.152821123443843 81.2865860667637179 81.4324112242688898 81.5741569333096805 81.7282589624624052 81.8624102736980177 81.9950564294626645 82.1379620997613813 82.2848937059373213 82.4307666959330589 82.5701235200153718 82.7096452064423033 82.8419610722572628 82.9776143428678949 83.1034967229664545 83.2471131381990261 83.3734862396548095 83.4957047651330413 83.6255287100274387 83.7620878994728031 83.9029950702890517 84.0406963900541228 84.176191243953042 84.313542196968271 84.4344050920945079 84.5628248551649335 84.7027918588810564 84.8252519932407409 84.9433095669760263 85.0798830669202886 85.2117852945377336 85.3302543048556288 85.458790533393838 85.5895349025341545 85.7282256187779268 85.8593299397249154 85.9801332531720419 86.1178656341232625 86.2568950455728896 86.3785272568548663 86.5030938953214559
79.2494269406296183 79.3872946757530826 79.5220644422955445 79.6548884398686567 79.7911872260103223 79.9234697998028878 80.0570617451886761 80.1904409066657138 80.3256754953242478 80.4606791488736945 80.5935610257162836 80.7293724065609695 80.8646580184787211 81.0021967920742441 81.1514578084867679 81.2740639328656727 81.4002321638692479 81.557988806367149 81.6781750971459104 81.81704462926254 81.9559259261112345 82.0757089141042115 82.1998515083114256 82.3368804434370674 82.47042900601393 82.6013717324886585 82.7343919750742742 82.8643519007596154 83.0028236292780122 83.1292799879285695 83.2642336101688585 83.3984048058475196 83.532478845036465 83.6697554791520588 83.7873713080460334 83.9043554534723768 84.0492862787338311 84.1654278874697468 84.291364599093086 84.4252625930797933 84.5564304942790841 84.6847250839722534 84.8032707313398078 84.9296199346380405 85.0654682537840756 85.188754343033537 85.3220331885842285 85.4495868847210147 85.5894198157144217 85.7048252632674803
