data/CoulombOnly/Outputs_CoulombOnly/EllipticCylinder_03CoulombOnlyInternalFrict30_null_TITAN2D_pfv.asc
ncols 1001
nrows 301
xllcenter  1000.00
yllcenter -5000.00
cellsize 5.00
nodata_value -9999
[rows 132 to 153 of 301, columns 196 to 244 of 1001]
-9999 -9999 -9999 -9999 -9999 -9999 -9999 -9999 -9999 -9999 -9999 -9999 -9999 -9999 -9999 -9999 -9999 -9999 -9999 -9999 -9999 -9999 -9999 -9999 -9999 -9999 -9999 -9999 -9999 -9999 -9999 -9999 -9999 -9999 -9999 -9999 -9999 -9999 -9999 -9999 -9999 -9999 -9999 -9999 -9999 -9999 -9999 -9999 -9999
-9999 -9999 -9999 -9999 -9999 -9999 -9999 -9999 -9999 -9999 -9999 -9999 -9999 -9999 -9999 -9999 -9999 -9999 -9999 -9999 -9999 -9999 -9999 -9999 -9999 -9999 -9999 -9999 -9999 -9999 -9999 -9999 -9999 -9999 -9999 -9999 -9999 -9999 -9999 -9999 -9999 -9999 -9999 -9999 -9999 -9999 -9999 -9999 -9999
-9999 -9999 -9999 -9999 -9999 -9999 -9999 -9999 -9999 -9999 -9999 -9999 -9999 -9999 -9999 -9999 -9999 -9999 -9999 -9999 -9999 -9999 -9999 -9999 -9999 -9999 -9999 -9999 -9999 -9999 -9999 -9999 -9999 -9999 -9999 -9999 -9999 -9999 -9999 -9999 -9999 -9999 -9999 -9999 -9999 -9999 -9999 -9999 -9999
-9999 -9999 -9999 -9999 -9999 -9999 -9999 -9999 -9999 -9999 -9999 -9999 -9999 -9999 -9999 -9999 -9999 -9999 -9999 -9999 -9999 -9999 -9999 -9999 -9999 -9999 -9999 -9999 -9999 -9999 -9999 -9999 -9999 -9999 -9999 -9999 -9999 -9999 -9999 -9999 -9999 -9999 -9999 -9999 -9999 -9999 -9999 -9999 -9999
-9999 -9999 -9999 -9999 -9999 -9999 -9999 -9999 -9999 -9999 -9999 -9999 -9999 -9999 -9999 -9999 -9999 -9999 -9999 -9999 -9999 -9999 -9999 -9999 -9999 -9999 -9999 -9999 -9999 -9999 -9999 -9999 -9999 -9999 -9999 -9999 -9999 -9999 -9999 -9999 -9999 -9999 -9999 -9999 -9999 -9999 -9999 -9999 -9999
-9999 -9999 -9999 -9999 -9999 -9999 -9999 -9999 -9999 -9999 -9999 -9999 -9999 -9999 -9999 -9999 -9999 -9999 -9999 -9999 -9999 -9999 -9999 -9999 -9999 -9999 -9999 -9999 -9999 -9999 -9999 -9999 -9999 -9999 -9999 -9999 -9999 -9999 -9999 -9999 -9999 -9999 -9999 -9999 -9999 -9999 -9999 -9999 -9999
-9999 -9999 -9999 -9999 -9999 -9999 -9999 -9999 -9999 -9999 -9999 -9999 -9999 -9999 -9999 -9999 -9999 -9999 -9999 -9999 -9999 -9999 -9999 -9999 -9999 -9999 -9999 -9999 -9999 -9999 -9999 -9999 -9999 -9999 -9999 -9999 -9999 -9999 -9999 -9999 -9999 -9999 -9999 -9999 -9999 -9999 -9999 -9999 -9999
-9999 -9999 -9999 -9999 -9999 -9999 -9999 -9999 -9999 -9999 -9999 -9999 -9999 -9999 -9999 -9999 -9999 -9999 -9999 -9999 -9999 -9999 -9999 -9999 -9999 -9999 -9999 -9999 -9999 -9999 -9999 -9999 -9999 -9999 -9999 -9999 -9999 -9999 -9999 -9999 -9999 -9999 -9999 -9999 -9999 -9999 -9999 -9999 -9999
57.2309022796626437 56.7627346895564457 -9999 57.191274381696573 57.9808462162127256 57.8033769678211797 58.4717051097616434 59.2396715443707578 59.2120076447009538 58.7544190909169188 -9999 59.5398867587406926 60.4153594547315365 -9999 -9999 -9999 60.6624631119663604 -9999 60.8982208840715273 61.5283768441749572 61.4189641707650011 -9999 61.7525187908758824 62.3009436927866886 62.0462558132519533 -9999 62.5483391738509056 62.8892581497419343 62.6656931882796755 -9999 -9999 -9999 -9999 64.1539710494663495 64.366416025049503 64.021334564422034 -9999 64.0866994397849368 64.5776610634289199 64.451335648163365 -9999 -9999 -9999 -9999 -9999 65.552804526927801 65.7873268686336417 65.8246860077500742 66.2832773070691275
58.1017505281749749 57.7609140125870937 58.5215202214675614 58.3114575839516149 59.0782133095819546 58.8299627521189024 59.7208411414493767 59.9009022291471069 60.0587138376642358 59.8223466944262299 60.5098485985893788 60.4108794938567044 61.2066040937247635 61.3627144776196118 61.5888221792632748 61.7583904445514449 61.444695409938717 61.8991858419933152 61.7336110995830296 62.3541424663604786 62.1635166113454076 62.6708218914098438 62.186955036745978 62.9965939070154732 62.8165411184955289 63.4056594233258721 63.2187765850084773 63.6524667053583002 63.5363050799250146 63.8305040795732026 63.9561736703545094 64.0291741341291214 64.3202536398764551 64.7291116421097712 64.8318955745817078 64.2686274604126169 64.9286842563228248 64.8244190675509628 65.2925262755964297 65.1762002365916402 65.6506221494066295 65.4399724495853263 65.841157355873861 65.7506258637595096 66.0673817106248578 66.0575692174402178 66.3127037704535383 66.344786744114856 66.5289868829937205
61.8314191661647783 61.1161434389145342 60.752356292912566 60.822088072061284 61.9956021344430823 61.3837473958089959 61.6746758283752428 62.0213455910436267 63.8540256027612259 62.2175322857274509 62.54790064225012 62.6053714104239631 62.8986919711967545 63.0322200044659056 63.1942045625779372 64.6414738701446652 64.3961941654779935 63.8045634189076267 63.878752336603128 64.7644080007768821 64.4033141170676515 64.4942307550841178 64.7050749388852324 66.4844237456005658 65.0305477145573576 65.2354498047016023 65.4390662005007329 65.9823759336475035 65.5925548056722647 65.7653545311195273 66.8085753450877888 66.8883480054032589 66.1682778563624083 66.483663913904536 66.8271811064444563 66.3724107302006558 66.8153986802497286 66.9257890805007065 68.6392856574567958 67.3298226987439108 67.3416411037062517 67.5337538333856884 68.2727663905248932 67.924642609511821 67.9138207195071431 68.722402556208749 69.1966409066546078 68.2421540446250248 68.377242048212338
62.9446808120568591 61.9535209204938724 62.0008268244694634 62.3265727417889366 63.1589258960566156 62.7827268482102667 62.9812377769878182 63.3262560345373586 64.5357859984231652 63.3391788725467961 63.7540470810419464 63.8541676459500565 64.1037467116332351 64.2401930086881805 64.3784762070126249 65.5415333625985568 65.4341340517044898 64.9913812704367757 65.1376755724362511 65.729679189208241 65.4224364081019729 65.531394332920101 65.8274381466300866 67.2260995582344663 66.2277126633983926 66.4002781610000881 66.6400747768877011 67.091008639698245 66.8572266295170436 67.0004018802934809 67.9034482241548432 68.0518523500230401 67.4450337311807004 67.5595513459693109 68.0296778329799707 68.0217572203345782 68.0982904295098024 67.6826365747339338 69.4681019630949947 68.724953317036622 68.738523355908157 68.9566181851083257 69.5162491096137387 69.323228579057826 69.3172042504536137 69.9389097823831349 70.1785534558139545 69.4051500269555675 69.6335989779450699
63.469734856833 63.2245558229322668 63.8432263068098322 63.8407457507441478 64.105562005248089 64.1159651927429479 64.2727156542516838 64.4341433163585435 64.7705076697739486 64.7099790358337827 65.2227686375268689 65.2055427453750838 65.4431185128422612 65.5720682015640506 65.7146658118235791 65.7307380039144959 65.888434588964401 66.3222393105762649 65.7945309997745937 66.3099486218093404 66.4425084747007872 66.4895159932943471 66.6243967193859845 67.1894183845575128 67.1468502036314732 67.6014777448778545 67.4833818831685903 67.7388063861872638 67.7595765743739804 67.9093735993425724 68.0105479705994185 68.1687766572892997 68.3410368448312511 68.3821745164216992 68.8644602760710285 68.9126647877831289 69.2066447134321123 68.8178310433983143 69.2968103806119871 69.4042405983936987 69.5792646320864634 69.7029316082063417 69.8362484198622724 69.9738498369606816 70.1154531530891774 70.1566343331842148 70.2137434116944803 70.3568786606159762 70.4482947202700558
64.6290834297241048 64.5878561171762584 64.5889405488252919 64.3958523849102136 65.1832473498832456 65.4103303872977477 65.5387674070059347 65.7318679964316317 65.9577386648481507 66.0456426765205009 66.2585026626150437 66.2924484473352038 66.329744586638256 66.2619842783427941 66.1981933309330799 66.5951421274900355 67.0648380244609115 67.2365244497251382 66.0306944059786929 67.1301913029287647 67.6493831985575014 67.7401340385577271 67.9106430807569836 68.0504423055369045 67.9948901820289962 68.0619720034214026 68.0944375247949978 68.6798567573933951 68.7570922461727037 68.9069586628469892 69.0740422429056764 69.2184354479852857 69.3418218834996196 69.4881199593148722 69.7705939165326612 69.8592306558664831 70.0228321100727555 69.928806911644628 70.279229015707628 70.3980926289665518 70.5433566978607729 70.6710291514486784 70.8048380446477807 70.9289798399916123 71.0770996775855934 71.2331424616914717 71.3610784386886365 71.504737494477169 71.6395038022333353
66.277308191081147 66.2545805540606381 65.9783848751108337 66.1007263329384784 67.4095611461805362 66.7361351014840807 66.7464263088490668 66.973527343156519 67.5953537502112169 67.060521275438191 67.4652814893206454 67.1205502286515383 67.3314785096123387 67.027288079891207 67.7889426441112732 68.5397658692970708 68.5877750139313207 68.257610934311387 68.0632450173181098 69.0414675662367046 68.7325754792600065 69.2038087118389313 68.6326211907320811 70.1412580323940062 69.5821621082768615 69.4529524870403208 69.6309469862631261 70.4659492825560392 69.757623889865144 69.8839282925896867 70.5951094534577663 70.7137157732205708 70.2349657082059196 70.2769692908090633 71.0982600603033603 70.493388360875926 71.1755894065462797 70.2541635589335272 72.1149933666207517 71.3745549638220922 71.4131907106009578 71.7626748252414899 72.6332421559803549 71.8438698086642091 71.979229652411604 72.4167338298000658 72.5938577225220882 72.5598660246420337 72.4372906431751034
66.5857487040993021 67.3635248239306037 67.3479134589752562 67.5046061127909098 67.7776450356714548 67.64711726024386 67.5454149256322296 67.4860126796132249 67.4533867733467645 67.2207294300454521 67.1404910285316561 66.9372065935842642 66.874455837596912 67.6348604814128436 69.12958160975694 69.3773025965199253 69.4147484936925565 69.2910858485666239 69.2771966069397678 69.3605957875474388 69.1082057071324698 69.0094702217468807 68.8351960665021636 70.0304543184278998 70.0418324523224953 70.5590439955805664 70.7712041323257637 70.9916174408473779 70.8919121168585349 70.9710348327557199 71.1788723391074569 71.1423856497749227 70.8611551530129731 70.7125100751621858 70.8534929465702987 70.5375187985555954 70.4933237496060059 70.2347893797903851 72.2718953180273331 72.4243696460296462 72.4904663302373962 72.7120441746044577 72.9523858163739618 72.7449768103363255 72.6919914460533363 72.7891409802748797 72.674360643491255 72.5653063416866644 72.3701183648745143
67.761759876501543 68.0741303440841961 68.1636925974851948 68.1946647964655739 68.1167210971688064 68.0126353609393419 67.8504855742709623 67.8233216146702063 68.7794016706879177 67.7150058087127178 68.4858306497190341 67.4678505855187751 69.3279140781878453 69.536715697126823 69.8932307541252555 69.8959249140398668 69.8637132213426497 69.7855515553176389 69.6402864988457111 70.4895952429225048 69.4519753709546421 70.6151821171239078 70.8940414610059548 71.0858078091968935 71.2325132566769241 71.4232953919532321 71.5509958195877829 71.6676635210761788 71.6797804444964441 71.6115770219557817 71.4909698000745379 71.3606709403684363 71.2276872192676649 71.0048576116911647 72.3378362106999475 70.7292596989122586 72.2629961141120276 72.8261359629432121 73.1354543927244549 73.3162577585386686 73.4199435330975803 73.4153067745365888 73.3384119452178709 73.2478710285262338 73.0930253983594298 73.452748651277787 73.500182630158946 73.5106498697162607 73.1194687948292739
68.1503298533316695 68.2930897710499067 68.3372030140209006 68.3212896938694598 68.2261031665996143 68.0908171269536382 67.9311404338231313 67.7913821672612045 67.6900221035461698 67.4971988177918831 66.6550793834901754 65.9003348086272638 70.0778951629097406 70.042431336093486 70.0865775674457723 70.0729411597105951 70.0013922944070117 69.8816023377392241 69.7141790767041272 69.7163368753629413 69.4159248854873141 71.0425109445587282 71.2953784242778568 71.4196693632627984 71.5941567606822673 71.7126094379461563 71.8311233903640982 71.8750688653410066 71.8424854763458285 71.7392877350208522 71.6322423458894377 71.4844775026287209 71.3499971300779663 71.0970347002853345 71.341176490547042 64.1375499407607919 71.6739123881814777 73.5287961550825742 73.5032483935163441 73.6341435709809105 73.6267200260404024 73.6024810402571603 73.5038785230255769 73.3794635211080362 73.2001075939551953 73.2397180941809296 73.0471654986068586 72.9393231710799768 72.6522468185343513
68.0700051153403507 68.2697990777842705 68.3136910269291064 68.3079281598829766 68.2201067898579936 68.0896939012671112 67.9262667836829337 67.8610193007406934 68.8663292392884614 67.7597014557176465 69.1275163121214291 69.0486837070755399 69.9383799598233935 69.9882637483758856 70.0619982923777513 70.0524795321984044 69.9864206265074102 69.8720788983262509 69.7069036948852272 70.5592586748343678 69.4985928791466421 70.9981933897837081 71.2777203351959798 71.4994768330798109 71.5095337696747464 71.7180340205307658 71.8160313761040072 71.8513231614359853 71.8274617619758828 71.7271307027827731 71.6973190401338343 71.5426404920742698 71.6037667280411796 71.2304438573650316 72.3408450878889653 70.4789361139431207 72.522476344421051 73.3100466271140192 73.4660591986999094 73.5570012184483488 73.6582465961864017 73.5990618047073326 73.4995549166158355 73.3744336950439902 73.2071574506494329 73.5276412693888801 73.556950446170319 73.5612243180199101 73.1318189517463679
67.3854381228183854 67.6654970254030843 67.7734761967927142 67.8628540669888736 67.8827441223129426 67.8055431397334729 67.6840111893636163 67.5673469615246916 67.4526997206359908 67.5520133812177335 69.0527887567893686 69.1647129118679658 69.2888802355836191 69.4235526044674742 69.5404238887518886 69.6206593280953143 69.6387634244604499 69.5901793946770937 69.4619507858081136 69.4546913317952033 69.2080515350411076 69.0921873597046527 68.8502791714890634 68.7606326438911708 68.8266887013524951 71.2189597297440855 71.3118946337418578 71.4120661796983569 71.4562557201426927 71.4260804155032929 71.4198103329173364 71.2759670665843146 71.2013455709837331 70.976843238883788 70.9726314438014896 70.7509709994219094 70.6112103244260823 70.3566127212722563 70.1736758969268806 63.142080276409736 73.3537631651463613 73.3174445602417961 73.2445568898808972 73.1484933255982526 72.997015958548829 73.0327301552114392 72.8611543686718051 72.7695619662388822 72.5384824257222078
66.5614095318008339 66.5173560194536151 66.5844744350305433 66.7616168822390108 66.8776268247832348 67.0143318649839586 67.0333653706508699 67.1447678532694994 67.8573736690587879 67.0844048669303419 68.016841993440849 67.8883001029350908 67.9796723427693479 68.190063031512679 68.4333583029456634 68.5597754067977974 68.7057120354159707 68.8437029657251145 68.8782332501435519 69.5604840659629104 68.8772655606677517 69.9115225447241642 68.6388541894522604 70.1032228348761492 68.488908850696447 70.3689387331195775 70.2186840857739014 70.352552098836739 70.5171781208218817 70.648585732762001 71.0093604972001344 70.9645786485587706 71.2322482705655347 70.8452864170590999 71.5085108621837549 70.5806165777711385 71.8075176422926802 70.2396035616885683 72.2413974337744946 69.8333967244185061 72.3421433267772755 72.2171837761176789 72.5184311560965966 72.5622258571380883 72.5371398404262777 72.887816434284133 72.9625832658742866 73.0174504568685734 72.718151830590827
65.1441125013938773 65.2909372311233653 65.2434381885252463 65.4389299597298049 65.8735110762206943 65.813241886001876 65.8929294464358009 66.119546952471012 66.4060151787124369 66.3563673393735911 66.429487982891942 66.3367969979467915 66.2802310375364669 66.5947723874844399 67.1767868000582098 67.558860492443614 67.6558928805559958 67.5985830373198127 67.7508877049652369 68.1351056232204684 68.1290739668944383 68.1908663719629544 68.1917111185657348 68.3335492684776966 68.1280263589821686 68.9036673986778538 69.1569055635785332 69.4403778133124376 69.2953731363190855 69.4446608946550583 69.7811380196803981 69.8999464922525249 69.9834510328434192 70.0152689541041298 70.0854020068533288 69.9958196487135211 69.9905923077787122 69.8300141394459501 69.9718914940435468 69.6400738404252735 69.5776787531422087 69.7036537461667507 71.6497226929218414 71.528008835739854 71.6328559053601168 71.9533348138922264 72.0307436721452632 71.9490571288642968 71.8973969986647603
