data/CoulombOnly/Outputs_CoulombOnly/EllipticCylinder_03CoulombOnlyInternalFrict30_null_TITAN2D_pft.asc
ncols 1001
nrows 301
xllcenter  1000.00
yllcenter -5000.00
cellsize 5.00
nodata_value -9999
[rows 168 to 188 of 301, columns 690 to 735 of 1001]
0 8.39761358416176249E-33 1.02931809259661338E-32 0 0 4.91506361457186601E-35 3.47172978126297515E-34 0 0 8.78531036437202912E-35 0 0 1.31212312099504117E-35 4.70504481703340543E-36 0 1.40142669993487479E-36 1.37568655882463452E-36 0 0 1.13200029415517362E-37 9.1451319501337366E-38 0 0 1.06692340965851992E-38 0 0 1.68087306320251525E-39 5.61771323901148821E-41 0 0 2.63487709349328549E-40 0 0 5.33764207439219318E-41 4.00561531837993217E-42 0 0 2.01243559835397918E-42 3.91368480758968508E-44 0 2.83017481214507842E-43 1.47159864573492389E-43 0 2.90184974159480285E-44 4.70801314155057691E-44 0
9.47636950328027151E-32 1.30964588660358617E-32 0 0 1.79726657592552067E-33 1.1789145035354673E-33 0 2.79681570316961302E-34 4.21063972099019587E-34 0 0 1.25222394614751923E-34 0 0 9.96255659464140725E-36 8.60600431038153263E-36 0 2.1220905427154247E-37 2.18475572206502678E-36 5.02477194715856843E-37 0 0 9.30849856877627742E-38 0 0 1.55252458629311029E-38 0 0 4.82760491907759594E-39 1.86799459065147119E-39 0 0 6.68061611700305841E-40 0 0 0 1.84869167950611986E-41 4.25668811141979374E-42 0 3.06919424159613969E-42 1.76570517991916818E-42 0 1.53812588691574692E-43 5.13707879376422604E-43 0 0
1.22050162289602371E-31 0 0 4.52819245890129776E-33 3.93487659673684981E-33 0 0 1.05676915253859172E-33 0 0 1.57487294224297002E-34 2.57541414948806144E-35 0 2.90407503363547024E-35 2.06991184158946479E-35 0 0 4.71243397657223123E-36 3.24765130589737586E-37 0 0 1.0186929912157726E-37 2.75902763480967515E-38 0 1.59067526138457122E-38 1.20851348671787406E-38 0 6.46760407581900936E-40 5.44021938684626622E-39 0 0 6.0696835049220257E-40 3.2825043735910292E-40 0 4.43304063220259527E-41 4.20466377803106978E-41 6.19175840279752518E-42 0 2.42621577768609386E-43 4.2906165135809718E-42 0 0 6.43521936657762875E-43 0 0 2.21093378492690695E-43
8.90418963392724798E-33 0 0 0 3.47489738575790939E-34 4.07774675139575884E-35 0 2.39135085292776735E-35 1.31976128850236196E-35 0 1.02283176524543384E-36 5.10086316828937887E-36 0 0 8.34858151918268481E-37 2.11010176549357344E-37 0 2.38483971493200239E-38 4.8086078388217211E-38 1.1744321605172458E-38 0 0 4.36829326796682262E-39 0 0 5.54671768807529055E-40 0 0 1.9857882970238036E-40 1.49363787648426491E-41 0 0 2.82338689705035717E-41 0 0 0 7.51494780880335122E-43 9.13468265318164489E-44 0 8.09584484903234546E-44 4.17651487029794863E-44 0 5.01386462522347614E-45 1.30913272395786291E-44 0 0
0 5.74893263088097373E-35 6.68414879189702353E-35 2.11462292318988731E-36 0 5.10753300296053633E-37 3.31376739390623574E-36 0 0 4.69562178421160089E-37 0 0 1.40747750296539488E-37 1.50497735966120572E-38 0 0 2.03772926357496488E-38 0 0 0 9.16410521707659645E-40 1.56340362126231068E-40 0 3.17402824518351795E-41 3.61862224007033163E-41 0 1.01506211760967086E-42 9.82972052154454179E-42 0 0 3.49135327657836039E-42 5.28174779824185369E-43 0 0 1.67558466960956741E-43 3.45137719759789548E-44 0 0 9.37382177931800793E-45 3.96940596986530036E-47 0 1.20920807239657904E-45 2.77107290771670788E-46 0 9.46528516882379221E-47 2.58415197003204112E-46
0 4.21848739314028576E-35 3.29152987877243866E-34 4.10329700732324867E-36 0 0 2.14196085865563788E-35 0 0 3.02962539923139393E-36 1.03666513581143854E-37 0 5.19146149994537718E-37 4.22231766778340563E-37 0 0 1.17502027602139302E-37 1.65766952840605254E-38 0 0 5.77387706848986078E-39 2.63454694872452526E-39 0 0 4.04726687008678453E-40 0 0 7.22122663290219204E-41 7.73061277993630619E-42 0 1.24266445854702592E-41 1.3315274799851099E-41 0 0 9.36306972119157012E-43 6.69813731192812333E-43 0 0 1.50738674190674192E-44 4.1472065964282816E-44 0 0 6.84256406586628952E-45 0 0 2.28933617220384988E-45
0 4.44638028173824142E-35 1.04186596663782933E-35 0 0 2.72430737905967746E-36 4.32283277562042538E-37 0 2.32326010558517243E-37 1.64178187200769381E-37 0 0 7.37657358299621957E-38 0 0 1.2112258203897553E-38 7.39698555813134087E-39 0 0 5.11245972375140768E-40 3.39748409090125974E-40 0 0 3.71434385912531072E-41 9.35953915704115735E-42 0 2.22980583407123845E-42 4.77222595449002262E-42 0 0 1.5716846730909866E-42 1.00163422177795041E-43 0 0 9.58844522955863924E-44 1.54529231897409077E-44 0 0 5.98111843935293406E-45 1.19149814202075536E-45 0 4.83539135773395095E-46 3.67725691698347221E-46 0 0 1.4419274126871688E-46
0 4.88685613363813762E-37 7.69538521678120329E-37 0 0 9.30349564641175189E-39 3.99299644616729917E-38 0 0 7.76845105603762918E-39 0 0 1.33473893865614606E-39 6.2464928563821735E-40 0 0 2.72154476526683951E-40 3.07378547840820845E-41 0 0 1.49127273942940865E-41 5.66248781880597398E-42 0 0 1.04430680647004324E-42 0 0 1.16583968797640886E-43 6.0329588833258584E-44 0 1.68261909052516503E-44 2.99152889460359898E-44 0 0 2.1915289184714307E-45 1.74875964456806852E-45 0 0 5.53547986560524416E-47 1.02535599605431662E-46 0 0 2.10623477269541239E-47 0 0 5.10285815529784773E-48
2.15788964770386015E-35 7.31589256104992892E-35 2.06606547890673603E-36 0 0 5.22331421704849735E-36 1.92312855388143483E-37 0 5.39628143854740533E-37 1.15287901881880626E-37 0 1.07088120370979265E-38 1.00737635119710328E-37 0 0 2.22756192366827205E-38 5.76214259192690566E-39 0 0 9.88404561987903568E-40 1.69614278436427178E-40 0 0 6.17485808151792798E-41 0 0 7.84581665191423086E-42 3.384465184813442E-42 0 9.85420347595580097E-43 1.90808079371887795E-42 0 0 1.0308455904232693E-43 6.90479502107296853E-44 0 0 1.7361857882847531E-45 7.004196705954872E-45 0 0 9.31966528490277458E-46 0 0 1.60681190271217846E-46 9.6751084520601431E-47
6.16020939305939646E-36 0 0 0 2.46729472243294935E-37 2.82354168215536778E-38 0 1.74134154292052645E-38 8.79958608467610839E-39 0 1.16002878023011017E-40 3.76154107105523615E-39 0 0 1.00138243351755406E-39 2.05502223178685998E-40 0 1.43092753735405091E-41 5.4610940923641873E-41 9.85906502744290621E-42 0 0 3.56559619970572877E-42 0 0 5.13388126805013092E-43 5.28005180963067592E-44 0 5.27118315750171562E-44 9.36007727363784923E-44 0 0 1.89441299817641374E-44 4.87272048719437921E-45 0 0 6.88519111932335486E-46 4.22301998503451023E-46 0 0 6.08735061134469371E-47 0 0 1.18209585023336406E-47 0 0
0 2.16556074957262931E-35 1.05764245635827228E-36 0 0 6.09549114816205628E-37 5.70425945949681921E-38 0 5.50121516313305648E-38 3.43977435133245172E-38 0 7.83953470216030661E-39 1.44850145064181494E-38 0 0 3.32458671455267296E-39 6.97191585192796515E-40 0 0 1.46865565195918527E-40 8.66971363233846528E-41 0 0 1.14543504463023254E-41 0 0 1.96013487863589127E-42 0 0 3.24398689668586241E-43 2.95783792881532347E-43 0 0 4.45997655458692908E-44 8.04045940227334316E-45 0 0 1.39034515807165346E-45 2.8883386505751678E-46 0 6.97781157414074397E-47 1.19276052179083716E-46 0 0 4.36234285322355307E-47 0
0 0 2.64686570506200278E-36 1.37398419506924991E-36 0 0 1.87497822177908295E-37 2.34121462738281349E-38 0 1.11156898098298635E-38 1.30495807094683496E-38 0 2.35344293275984998E-39 4.3823723085581604E-39 0 0 7.02480853479013489E-40 2.3683979236715352E-40 0 0 6.94141476595981799E-42 1.0977304858000177E-41 0 0 3.223469808856463E-42 0 0 9.07519676193229262E-43 0 0 3.30865595281724594E-44 9.97143490503642649E-44 0 0 1.80168839172625365E-44 6.41905537058201796E-45 0 0 8.41748575923973087E-46 4.11710729086367579E-46 0 2.04952679807152598E-47 9.19246934725741273E-47 0 0 3.06121098869230329E-47
0 7.61900918114512041E-36 2.99666077193330152E-36 0 0 2.60101489959640617E-37 9.836385405308777E-38 0 0 4.7416218846318E-38 0 0 1.60051486025456493E-38 5.13176842619129508E-40 0 2.81064939997702212E-40 1.12182393581003792E-39 0 0 4.56166131072963311E-41 4.11854687751749666E-41 0 0 9.47958230623810718E-42 0 0 9.95620727213410795E-43 3.87102929205984702E-43 0 2.29325540653711258E-43 1.75018134316066227E-43 0 0 3.8617795025423573E-44 4.14056827293331234E-45 0 0 6.03737228056968451E-46 1.63397785010928135E-46 0 4.14452755165283684E-47 1.18550503356365328E-46 0 0 4.2997764216679168E-47 0
2.22246097530681427E-37 8.33839342414839918E-39 0 0 5.93561989507316208E-39 1.92685829312390291E-39 0 1.08767945801771647E-39 8.08057520080878504E-40 0 2.74532240977127471E-41 2.47258474144822604E-40 0 0 2.17833161021505162E-41 7.70438195187211693E-42 0 2.62546090880267576E-42 4.13027559353286503E-42 3.79146932182638613E-43 0 0 1.66346468269402662E-43 0 0 3.73121127921423993E-44 0 0 1.03035176955915776E-44 3.09442727059663069E-45 0 3.34147315209545095E-46 8.32334471538199027E-46 0 0 3.11002489081558102E-47 5.0216802663164949E-47 0 0 5.88222231690262445E-48 0 0 7.09704065041092297E-49 1.80727026395054075E-49 0 0
0 3.83776596463067371E-39 4.38162682686417485E-39 0 0 2.90976862694811233E-41 1.47818423345588855E-40 0 2.42943314896129759E-41 3.995746761329944E-41 0 0 5.09783316416592856E-42 1.78890603545716636E-42 0 7.06920338018777467E-43 6.26158194932397439E-43 0 0 6.11434357056246611E-44 4.40381336479787416E-44 0 0 4.96548903043471328E-45 0 0 9.49774993518317009E-46 9.21982115505963837E-47 0 0 1.0903489014688404E-46 0 0 2.93384370975920407E-47 2.10702542370212452E-48 0 0 8.14890084449166543E-49 2.50524099002760743E-49 0 1.4217871202616071E-49 6.96530577171390915E-50 0 0 2.17429929431814308E-50 1.08209034610370738E-51
0 1.02503725874632017E-38 1.61325306188414418E-38 4.34385405282415972E-39 0 0 4.67984823715712514E-40 0 3.31061408700557778E-41 1.02945875696984982E-40 0 0 1.01404637657428386E-41 5.29523002181654276E-42 0 1.36123038775379198E-42 2.59454861455678923E-42 0 0 6.11668987128116758E-43 2.301756414380437E-43 0 0 2.61555798882126654E-44 0 0 4.67574086148212855E-45 3.14713379669323701E-45 0 3.79940741022778376E-47 4.52603157475062202E-46 0 0 1.6139932972287114E-46 8.67332850036786527E-48 0 0 4.6809786160774135E-48 1.26858015596627508E-48 0 7.98044848287615634E-49 5.59489098418450914E-50 0 0 1.12062869278033514E-49 0
0 1.31027506156021532E-39 7.97600569819361271E-39 1.39364507392254662E-39 0 0 3.14030861439777861E-40 0 0 6.53928376223131569E-41 0 0 3.22629983282429816E-42 4.32218614546967602E-42 0 8.17891453780832677E-45 1.76155871425703683E-42 0 0 1.84886916325315665E-43 1.09611136163831923E-43 0 0 1.29523196508930516E-44 0 0 1.73448357226092353E-45 1.90234596216965406E-45 0 0 2.67775549055252414E-46 0 0 7.86723900953321522E-47 1.67438103215594917E-47 0 0 2.0750558130078351E-48 1.13971607416157907E-48 0 4.19078479796732316E-49 9.37081280925633411E-50 0 0 6.69800079575228718E-50 2.99522075732643721E-51
4.68174337600090019E-39 0 0 2.54933878779696869E-40 2.55549156984589222E-40 0 0 3.21719486239074018E-41 0 0 4.31617534271516758E-42 5.66725581961845664E-43 0 0 7.42962808285289417E-43 0 0 1.51443403802220934E-43 2.02498004606531443E-44 0 0 5.07648963085747726E-45 3.85187718304497915E-46 0 8.21278844726628126E-46 4.61578569835894457E-46 0 7.14977286978307709E-47 1.21315554709892148E-46 0 0 2.28271745480841653E-47 0 0 1.24410607699919339E-48 1.32350473346333874E-48 2.72917047336145053E-49 0 6.59318836661259828E-50 2.36498269188359814E-50 0 2.39549501790789277E-51 1.41051258171605038E-50 0 0 1.84667586878273112E-51
0 1.12502803387172632E-39 7.8891798538893249E-40 0 0 2.04475787315592014E-41 2.55515305900593173E-41 0 0 7.40731804591351849E-42 0 0 2.53715889874053658E-42 5.35465154928657839E-43 0 1.18669166443759481E-43 1.75043094487980479E-43 0 0 1.02149952029624457E-44 1.06222513890604573E-44 0 0 1.2790694974058371E-45 0 0 2.01508844931825344E-46 1.57975745676819949E-47 0 0 3.41273513637488836E-47 0 0 7.03526599977377641E-48 2.51145278376528749E-49 0 0 2.12051889164845702E-49 0 0 4.09243670621245272E-50 1.67260126569823439E-50 0 4.01027749657099886E-51 6.91461988497378058E-51 0
7.16076441745718645E-41 0 0 5.78328788456732219E-42 4.40092614458993829E-42 0 0 8.12992917051466791E-43 0 0 1.1424467306327552E-43 1.43537216976251448E-44 0 4.66280686614290549E-45 1.84037060325478405E-44 0 0 3.04721599613083321E-45 2.15539901248743017E-46 0 0 6.70139561988422402E-47 7.44870844993644696E-50 0 8.7524543664326326E-48 7.82283105960684702E-48 0 2.71739885283200104E-49 3.50561769239157532E-48 0 0 3.62648803879700993E-49 2.12568841546732103E-49 0 2.29407543714942712E-50 2.55408858818337471E-50 3.79081571184454303E-51 0 7.40303695199658935E-52 2.56838211341836715E-51 0 0 3.6644909257940789E-52 0 0 1.34253672093067574E-52
5.63854493725547775E-69 0 0 3.6726825514777128E-70 1.81732174903022963E-70 0 0 5.15070024911519847E-71 0 0 8.56107029097988245E-72 1.69675608794530972E-73 0 1.47476045315198055E-72 1.0233389241778867E-72 0 0 2.02184757350967007E-73 4.67208786963728107E-75 0 0 9.10615924378935585E-75 1.0057849477469724E-75 0 5.5681951670932903E-76 5.52766017542161199E-76 0 4.37156180342402537E-77 2.60855427161209929E-76 0 0 4.39188715700354249E-77 1.70250194275630621E-77 0 1.19054526764099321E-78 2.16262035455634831E-78 3.17760151419690295E-79 0 4.39536292084036267E-82 2.62622467631726299E-79 0 0 4.16206188824865711E-80 0 0 9.62136182524128799E-81
