data/CoulombOnly/Outputs_CoulombOnly/EllipticCylinder_03CoulombOnlyInternalFrict30_null_TITAN2D_pft.asc
ncols 1001
nrows 301
xllcenter  1000.00
yllcenter -5000.00
cellsize 5.00
nodata_value -9999
[rows 105 to 125 of 301, columns 276 to 321 of 1001]
0.000440426812340589274 0.000440425195070509156 0.000441915891005166268 0.000421009086852706092 0.0004057449886343508 0.000407082510955939631 0.000407083000127116991 0.000407082999992295638 0.000407083025895476984 0.000407083106132296018 0.000407083172368421164 0.000407083063094482091 0.000407083630020931562 0.000407083125832274429 0.000407082700312499143 0.000407082897245604871 0.000407082843058379905 0.000407082809523971636 0.000407081316295621694 0.000407081276699828632 0.000407082543996498797 0.000407082519036569112 0.000407082489360169699 0.000407083000191010977 0.000407084635285065324 0.000407083018413203015 0.000407083101583369624 0.000407083073531701051 0.000407084628384510165 0.000407083128704702473 0.000407083362083641802 0.000407082715353841989 0.000407082858984588499 0.000407082811005328557 0.000407081322587416904 0.000407081288229287769 0.000407081232279003324 0.00040708252376156956 0.000407082495710014232 0.000407083000182645706 0.000407082999994752548 0.000407083019479219485 0.000407083103166618835 0.000407083155968811141 0.000407083041876910555 0.000407082999981434317
0.000440426629035402923 0.000440426726511870792 0.000442011334096256811 0.000421021798548719059 0.00040575438867840102 0.000407082464884556648 0.000407082440996158173 0.000407082410262908027 0.000407084415150084334 0.000407083107977101251 0.000407083089812806205 0.000407083061682589461 0.000407082444940813648 0.000407082668620857048 0.00040708293189355057 0.000407082892206681816 0.000407082840985876224 0.00040708272520919626 0.000407082817073368454 0.000407082910669741781 0.000407082490983099138 0.000407082467023895051 0.000407082447644283637 0.000407082418392596952 0.00040708662089503707 0.000407083018059195773 0.000407083257556660927 0.000407083074172456566 0.000407083789704834056 0.000407082659195349202 0.000407082948125723023 0.000407082905554767853 0.00040708285831823947 0.000407082703449967835 0.000407082794718234596 0.000407082887953022325 0.000407082982423671348 0.000407082474487422839 0.000407082457249454408 0.000407082428763913008 0.000407086563502181574 0.000407083020782698132 0.000407083261444357461 0.000407083081612502271 0.00040708483687027045 0.000407082983897106166
0.000440426499322220074 0.000440426595170592878 0.000441966166347104131 0.000421050798368574391 0.000405728539305635308 0.000407083007255948967 0.00040708309764908064 0.000407083520735899962 0.000407085933128294262 0.000407083992575834979 0.000407084662641165999 0.000407082896632231695 0.000407082642860686196 0.000407082688733825847 0.00040708290705068897 0.000407082433455539924 0.000407082516428640428 0.000407082604052968523 0.000407082695222223232 0.000407082788894187351 0.000407082884150759025 0.000407082980141226986 0.000407083074946479556 0.000407083503307978443 0.00040708357369078046 0.000407085917286947093 0.000407083996239476797 0.000407084572258481156 0.000407082835486830669 0.00040708267664318513 0.00040708290843236868 0.000407082414300594174 0.000407082496004067913 0.000407082582610057058 0.000407082672954551638 0.000407082766114724411 0.000407082861132818823 0.000407082956789022647 0.000407083052280400527 0.000407083486645314465 0.000407083556665505011 0.000407085925782369612 0.000407083997973730976 0.000407084605538522476 0.00040708286580357154 0.000407082664975436657
0.000440426370979109737 0.000440426464234317384 0.000441913279428803984 0.000421088341302346808 0.000405741498668271542 0.000407082883639336794 0.000407083415015559332 0.000407083479609794674 0.000407085741926861971 0.000407081517152266161 0.000407080578936771717 0.000407083126783600036 0.000407082678431650285 0.00040708271537377369 0.000407082923233617936 0.000407082319710279047 0.000407082398530095714 0.000407082483521735688 0.000407082573197807378 0.000407082666064519474 0.000407082760926461235 0.000407082856436253855 0.000407082950683625535 0.00040708346429782407 0.000407083525182707902 0.000407083621717106432 0.000407080611883508365 0.000407083102680487301 0.000407082669835816008 0.000407082706179076929 0.000407082749356999212 0.000407082917133223603 0.000407082378852330925 0.000407082462546608454 0.00040708255121631729 0.000407082643466991729 0.000407082737910545727 0.000407082833347677557 0.000407082928144800996 0.000407083447967626242 0.000407083511588068598 0.000407083605325080837 0.000407080651912200965 0.000407083116607500923 0.000407083533011580272 0.000407082696874620092
0.00044042624318707226 0.00044042633374485982 0.000441857555308444933 0.000421128964711484143 0.000405753631010435164 0.000407082758355189209 0.000407083372888079333 0.000407082771468234364 0.000407083000425074884 0.000407081422205391634 0.000407080604520981219 0.000407083083582924468 0.000407083000327923485 0.000407082745618196542 0.000407082786514499813 0.000407082934393237551 0.000407082281286909797 0.000407082363487725125 0.000407082451281131513 0.000407082543037313701 0.000407082636929855933 0.000407082731587774264 0.00040708335861452087 0.000407082727649364065 0.000407083000450991924 0.000407081452137011805 0.000407080634693491651 0.000407083063529875566 0.000407083000321445431 0.000407082999997404886 0.000407082776349835997 0.000407082936348856866 0.000407082262558163921 0.00040708234301656287 0.000407082429666900275 0.000407082520652504904 0.000407082614264298948 0.000407082708764575096 0.000407083343244402768 0.00040708340412181352 0.000407082863913090279 0.000407081484921800252 0.000407083344137315628 0.000407083085545132154 0.000407083009351974902 0.000407082999939466911
0.00044042611570639309 0.000440426203774662022 0.000441804019350847111 0.00042116744832760032 0.00040576539104006463 0.000407083273615849845 0.0004070825982279037 0.000407083000412158567 0.000407082999998663157 0.000407081589436243739 0.000407083044968465399 0.000407082937436844693 0.000407082999897647065 0.000407083000000213403 0.000407082998461483702 0.000407082855363090487 0.000407082946833573259 0.000407082243827518956 0.000407082329855524693 0.000407082420377706837 0.000407082513544174975 0.000407083255193702682 0.000407082552621153987 0.000407083000431252505 0.000407082999998519392 0.000407081613414818182 0.000407083305301204868 0.000407082932092413469 0.000407082999872137793 0.000407083000000206519 0.000407082998456853942 0.000407082844679772812 0.000407082949266086706 0.000407082223970343373 0.000407082308592822807 0.00040708239822915285 0.000407082490865770302 0.000407083240454182097 0.000407082506731412544 0.000407083000450314731 0.000407082999998647978 0.000407081643368672032 0.000407083274600071772 0.000407083035656747715 0.000407083000241800644 0.000407082999997920099
0.000440426966073760649 0.000440426074534574585 0.000441757213400671461 0.000421199487634716708 0.00040594264008067066 0.000407082415748871273 0.000407083000348273201 0.00040708299999904794 0.000407083000735833573 0.000407081736124469812 0.000407083223798307826 0.000407082877022742207 0.000407082999928713523 0.00040708300000007636 0.00040708299891372042 0.000407082999999793058 0.000407082970974514025 0.000407082124653538864 0.000407082209449847782 0.000407082299041645467 0.000407083154755482929 0.000407082374722388281 0.000407083000360726509 0.000407082999999128984 0.000407083000736287366 0.000407081759768073055 0.000407083245425719819 0.000407082871233573691 0.00040708299991058035 0.000407083000000141629 0.000407082998912065874 0.000407082999999812737 0.000407082910850984931 0.000407082963387660841 0.000407082188485925018 0.000407082277109558461 0.000407082368996877016 0.00040708232739623747 0.000407083000373831153 0.000407082999999182273 0.000407083000738095219 0.000407081786291057872 0.000407083252710569951 0.000407082865431343522 0.000407082999893204167 0.00040708300000007945
0.00044042689909395814 0.000440426983409898816 0.000441720769832969391 0.000421198040851755587 0.000405940808660706952 0.000407083000251823172 0.000407082999999491867 0.000407083000458351922 0.000407083305912926208 0.000407081868196659097 0.00040708315532111619 0.000407082813090180596 0.000407082999958905789 0.000407083000000002092 0.000407082999372074478 0.000407082999999831873 0.000407082999131978178 0.000407082987016259431 0.000407082090787688798 0.00040708218000425761 0.000407082196115030265 0.000407083000240992697 0.000407082999999584458 0.000407083000425471323 0.000407083283633560139 0.000407081890102447804 0.000407083168043478579 0.000407082807073362693 0.000407082999948874642 0.00040708300000009799 0.000407082999370869442 0.000407082999999894106 0.000407082999128581915 0.000407082974448957089 0.000407082979405488639 0.000407082158141678805 0.000407082147913341043 0.000407083000248497219 0.000407082999999588198 0.000407083000424085441 0.000407083282973664661 0.000407082999990055242 0.000407082999997224312 0.000407082964170365363 0.000407083000003708221 0.000407082951215163782
0.000440426984123124302 0.000440426999993635208 0.000441698228464548683 0.000421184179682495565 0.000405943287148392438 0.000407082999999912808 0.000407083000122482948 0.000407083080321139529 0.000407082999994168868 0.000407082999996980096 0.000407082989606670227 0.000407083000001612837 0.000407082985697985599 0.000407082999999847973 0.000407082980199184965 0.000407082999996249886 0.000407082972684785272 0.000407082999989639668 0.000407083004706247631 0.000407082018848305908 0.000407083000073593399 0.000407082999999889335 0.000407083000114755623 0.000407083074435697059 0.000407082999993247025 0.000407082004620582525 0.000407083102397164185 0.000407082999947848227 0.00040708300000067755 0.000407083000736708795 0.000407083000000077445 0.000407083001021598149 0.000407083000000233841 0.000407083001409798959 0.000407083006980966185 0.000407081970298510485 0.000407083000075604269 0.00040708299999991373 0.000407083000114516502 0.000407083074229149498 0.000407082999991895947 0.000407082999999894973 0.000407082997143749477 0.000407082999986625965 0.000407082971678723502 0.000407083000000560023
0.000440426953646599786 0.000440426999981480326 0.000441702986063013557 0.000421182592373304198 0.000405943026238226408 0.0004070829999997981 0.000407083000209615777 0.000407083138251605292 0.000407082999989991491 0.000407082999967176137 0.000407082982322912428 0.00040708276372163429 0.000407082999981365037 0.000407083000000074084 0.000407082999711091595 0.000407082999999953141 0.000407082999599274031 0.000407082999999774031 0.00040708299746107545 0.000407082012592415679 0.000407083000125227498 0.000407082999999812845 0.000407083000194772941 0.00040708312825181133 0.000407082999988571512 0.000407081975378184688 0.000407083119451614648 0.000407082758292533599 0.000407082999976512256 0.000407082999999923163 0.000407082999710912865 0.000407082999999966964 0.00040708299960156766 0.000407082999999841902 0.00040708299980281022 0.000407081964115231282 0.000407083000128621593 0.000407082999999857731 0.000407083000194296543 0.000407083127817166985 0.000407082999986310625 0.000407082999999966964 0.000407082995157674165 0.000407083000002391457 0.000407082952083915033 0.00040708300000117894
0.000440426999973605061 0.000440426975842204299 0.00044172906335755599 0.000421217174910326934 0.000405940065348137525 0.000407083000299023425 0.000407082999999465196 0.000407083000545414657 0.00040708336386891821 0.000407081835518535761 0.000407083169141877403 0.000407082829918765346 0.000407082999951199334 0.000407083000000184022 0.000407082999253521741 0.00040708299999988012 0.000407082998966227356 0.000407082980186854551 0.000407082121344860446 0.000407082210569937046 0.000407082190817189377 0.000407083000286265347 0.000407082999999542987 0.000407083000504177028 0.000407083337023868264 0.000407081856501902985 0.000407083193367381926 0.000407082824193806157 0.000407082999938809234 0.000407083000000052562 0.000407082999251712316 0.000407082999999872313 0.000407082998968344586 0.000407082982528402242 0.000407082100457849792 0.000407082188745708587 0.000407082142630750868 0.000407083000295183615 0.000407082999999528838 0.000407083000504634073 0.000407083336956129264 0.000407081881160118071 0.00040708320367335431 0.000407082818968013268 0.000407082999926840943 0.000407083000000107531
0.000440426959026505996 0.000440426107929350517 0.000441768480811687329 0.000421191995607283478 0.000405941448169291929 0.000407082411481006782 0.000407083000385754774 0.000407082999999026039 0.000407083000814229467 0.000407081700083406232 0.000407083244040583781 0.000407082892785425195 0.000407082999920728157 0.000407083000000073162 0.000407082998796482387 0.000407082999999759231 0.000407082964602181459 0.000407082155537046367 0.000407082240525203233 0.000407082330396237892 0.000407082422870819378 0.000407082370423289769 0.000407083000399518016 0.000407082999999018125 0.000407083000822480896 0.000407081723382749048 0.000407083262628132056 0.000407082887011036957 0.000407082999900731295 0.000407083000000054568 0.000407082998793076908 0.00040708299999979295 0.000407082905021366134 0.000407082956870615041 0.00040708221952208797 0.000407082308387918788 0.000407082400466280325 0.000407083210111559802 0.000407082517534064882 0.000407083000353239118 0.000407082999998965162 0.000407081751266502188 0.000407083272805691427 0.00040708288066095184 0.000407082999881276913 0.000407083000000131221
0.000440426148906804694 0.000440426237355505965 0.000441817422554643946 0.000421157936103509181 0.00040576236987339276 0.000407083284629640202 0.000407082595060620262 0.000407083000442820726 0.000407082999998597563 0.000407081547414563658 0.00040708304760110072 0.000407082953689031301 0.000407082999889357092 0.000407083000000069042 0.000407082807279663165 0.000407082848935812073 0.000407082940844961689 0.000407082274814425844 0.000407082361258955926 0.000407082452073389319 0.000407082545402522261 0.000407083265667477958 0.000407082549439362026 0.000407083000463390372 0.000407082999998504213 0.000407081573863110515 0.000407083295735328945 0.000407083051843284147 0.000407083000266952779 0.000407082999997870226 0.000407082999443413897 0.000407082838320285765 0.000407082943300727802 0.000407082254746518114 0.000407082339910434451 0.000407082429884484201 0.00040708252282661855 0.000407082616714970341 0.000407083312083440882 0.000407082691552336355 0.000407083000398160812 0.000407081605806921501 0.000407083295207145382 0.000407083049021326093 0.000407083000259995562 0.000407082999997901668
0.000440426276303862712 0.000440426367564839948 0.000441871990509840908 0.000421118440315615351 0.000405750531653202551 0.000407082790741666986 0.000407083384051662683 0.000407083444934159319 0.000407082945312757126 0.00040708137547113628 0.000407080601109427573 0.000407083104905477675 0.000407083000346757215 0.000407082738870445096 0.00040708278002053955 0.000407082929102092696 0.000407082311573690313 0.000407082394534692151 0.000407082482857591059 0.000407082574841663599 0.000407082669148171189 0.000407082763978159506 0.000407083368628503894 0.000407083430576463947 0.000407082903550224674 0.000407081408022681506 0.000407080632079848516 0.000407083081410711104 0.00040708300033977788 0.000407082729463023368 0.000407082769084603582 0.000407082931151831167 0.000407082292692725921 0.000407082373953155947 0.000407082461147584328 0.000407082552459217387 0.000407082646322377579 0.000407082741212994211 0.000407083353696097129 0.000407083416548624944 0.000407082861105417403 0.000407081442536646109 0.00040708066913924774 0.000407083072784249634 0.000407083024155507379 0.000407082999935820793
0.000440441476602039484 0.000441411848345481218 0.000443090584273094249 0.000421623904461509145 0.000404892873265656414 0.00040413351240138135 0.000403181371262273651 0.000399788694938484404 0.000397374467959664326 0.000394876243259171492 0.000394288220170920087 0.000395467182574098187 0.000397451587621845551 0.000400859975200138245 0.000402332116514570164 0.000404856109370196101 0.000406748303323629468 0.000407905312182872996 0.000408277411944513082 0.00040785037078091245 0.000406640589455920269 0.000404700711616471612 0.000402138129960291407 0.000400622225912964335 0.000397226988604557302 0.000395323317245979374 0.000394270688187741986 0.000394994155730725536 0.00039667830510922372 0.000400027098882104338 0.00040164681640304312 0.000404299189783619158 0.000407140138242370142 0.000407584319489870384 0.00040715835684204736 0.000407897402618112516 0.000407013214810089923 0.000405484207752557083 0.000403389434199959227 0.000402220417549937613 0.000399260266148442175 0.000397502744557867065 0.000396111839510040141 0.000396417942099532483 0.000398278855967246909 0.000400272314746846119
0.000807492973310881259 0.000806311250264217321 0.000807643104101118492 0.000787505590629101158 0.000773928988296026187 0.000777908420796746955 0.000781365932500562238 0.00078527912411911207 0.000789051684120094157 0.000791716650634107714 0.000793001280959696256 0.000791675469477245747 0.00078832074263704996 0.000783935588009885935 0.00078021006259160891 0.000776998644343033021 0.000774653455035490988 0.000773241070295543832 0.00077279006751665956 0.000773308148184400192 0.000774786409136877011 0.000777194403656382665 0.000780462500031524754 0.000784232164883804468 0.000788624029425504382 0.000790944059092209121 0.000793032757240041009 0.00079151365963460083 0.000788759589304299899 0.000784976619809083127 0.000781101741640167113 0.000777698304228620005 0.000776885741560354734 0.000752562560586274472 0.000720802594851047314 0.000723091631119512804 0.00072416943076658493 0.000726058552888724298 0.000728709349758700211 0.000732012704469869901 0.000735583431508523731 0.000738623001231843721 0.00074014416354780592 0.000739563649718849082 0.000737480426057330577 0.000734264746749301164
0.000886159965930625928 0.000886418010575961584 0.000887943085957139389 0.000867055324118000165 0.000851347579101275308 0.000852084115287708222 0.000851279222257048519 0.000850268798516574963 0.000848043471883271646 0.000847405823100131099 0.000846995652711315244 0.000847698602580443145 0.000848389969476019169 0.000850603868340626306 0.000851552811600857261 0.000852291289285408808 0.000852814654468998443 0.000853124075280237691 0.000853109703628218956 0.000853108833146006928 0.000852784624056023531 0.000852246311163435376 0.000851492942569912555 0.000850530260273006655 0.00084832614396676922 0.000847630656322089491 0.000846984151809328733 0.00084746720739248293 0.000848106438447168275 0.000850345443132551667 0.00085134262263617433 0.000852132699530976133 0.000855106670327076624 0.000827066709391925193 0.000789321009045864915 0.000792214959092757322 0.000791979367152269255 0.000791559369648168901 0.00079095362319394312 0.000790164946586511315 0.000788235895678732548 0.000787655454280918607 0.000786945563931426562 0.000787128020245010641 0.000787664533378681811 0.000789538636857016994
0.000877263604926350853 0.000877260398505506412 0.000878748125742164887 0.000857896084973849382 0.00084273835551722763 0.000844010019359815039 0.000844011000245531657 0.000844010999940224987 0.00084401105861861309 0.000844011220812742745 0.000844011197833965227 0.000844011130257424727 0.000844012311071376553 0.000844011261673136481 0.00084401165007551716 0.000844010433862001953 0.000844010638723673525 0.000844007539666677691 0.00084400750328336618 0.00084400742060048719 0.000844007293561553997 0.000844010027738840919 0.000844011000227166464 0.000844011000007676023 0.000844014404895481753 0.00084401103830057504 0.000844011212452261384 0.000844011150400613493 0.000844011064530897749 0.000844010999999791271 0.00084401180143392322 0.000844010424192153373 0.000846305192689858097 0.000818811683601674634 0.000781650203376796034 0.000784316705493180656 0.000784316588001562225 0.000784319103850174889 0.00078432000016942136 0.000784320000029433621 0.000784319999990397247 0.000784320044531802859 0.00078432022183771489 0.000784320155600148352 0.000784320049124145424 0.000784319999960672977
0.000877263633838909289 0.000877263501753936447 0.000878745151434256739 0.00085801643732854769 0.000842680794801461898 0.000844009938712493861 0.000844009877389797483 0.000844011000691051688 0.000844011946973695728 0.000844011219985565443 0.000844011091292456105 0.000844011132062998971 0.000844012291176195022 0.000844010383799440218 0.00084401086779485135 0.000844010781533429842 0.000844010674657931807 0.000844010550218315427 0.00084401058108580498 0.000844010029220851397 0.000844009995096506337 0.000844009959386193267 0.000844009896923160908 0.000844009824411386003 0.000844014340811522152 0.000844011037772272161 0.000844011209745361576 0.000844011157001920234 0.000844011563665605165 0.000844011265704733369 0.000844010351012887449 0.000844010798162389878 0.000846413935382985113 0.000818603042870864623 0.000781663715186105691 0.000784319099809093509 0.000784319076931633166 0.00078431903627589972 0.000784318986783664215 0.000784318920314569013 0.000784323012848762383 0.000784320040326438829 0.000784320201712408955 0.000784320161083978213 0.00078432008758780097 0.000784319999992116141
0.000877263136180460117 0.000877263329062891498 0.000878823328755999676 0.000857924159417184458 0.00084265291294590176 0.000844011140940115353 0.000844011333288638204 0.00084401075020991618 0.000844013869257217975 0.000844011229383263015 0.000844011187637406244 0.00084401146070494466 0.000844010420011266941 0.000844010803966166066 0.000844009783717400062 0.000844009949030356419 0.000844010125274917032 0.000844010309158480789 0.000844010499214286518 0.000844010693527994437 0.000844010890721532629 0.000844011089234835538 0.000844011285799526386 0.000844012080609087543 0.000844010779035947369 0.000844012014166873833 0.000844011216209849808 0.000844011465415854924 0.000844015040789747708 0.0008440103007512933 0.0008440107961504487 0.000844009908404836436 0.000846464321246883917 0.00081877255233166787 0.000781521781503512702 0.000784319682293489512 0.000784319854113041262 0.000784320038455837173 0.000784320222211201288 0.000784320403117668395 0.000784319812560988665 0.000784322620161097012 0.000784320202959004555 0.000784320150289868684 0.000784321355332231779 0.000784319493328081195
0.000877262879122133561 0.000877263067913711526 0.00087877387714814677 0.00085795770596164213 0.000842666443842317553 0.000844010887450331719 0.000844011078481827571 0.000844012041836070736 0.000844011945821627812 0.000844010838553524109 0.000844010894574181731 0.00084401075661978491 0.000844010290184086685 0.000844010381408929469 0.000844010821748258379 0.000844009711536707649 0.000844009879380552049 0.000844010058680076821 0.000844010246315884103 0.00084401044001857742 0.000844010637367421501 0.000844010835426610559 0.000844011031929678499 0.000844012007450138809 0.000844012141910979274 0.000844011888177678736 0.000844011446609661776 0.000844010861503797735 0.000844010274726175584 0.000844010359136388778 0.00084401082566425091 0.000844009673026895882 0.000846437713168452475 0.000818715121510596965 0.000781607832410779763 0.000784319446741631545 0.000784319618395948282 0.00078431980254855128 0.000784319985915445431 0.000784320904867700976 0.000784321031899358305 0.000784320810383931318 0.00078432041551776703 0.000784319900977396649 0.000784319951089454924 0.000784319383739678281
