data/CoulombOnly/Outputs_CoulombOnly/EllipticCylinder_03CoulombOnlyInternalFrict30_null_TITAN2D_pft.asc
ncols 1001
nrows 301
xllcenter  1000.00
yllcenter -5000.00
cellsize 5.00
nodata_value -9999
[rows 168 to 188 of 301, columns 414 to 459 of 1001]
0.00097375699999945563 0.000973756842529810884 0.000973757116057630528 0.00097375666532800915 0.000973756999861993648 0.00097375700000030803 0.000973756997729761649 0.000973756999999614683 0.000973756833914319968 0.000973756922885007231 0.000973755038835806834 0.000973755253506189324 0.000973757351444713942 0.000973755549554933871 0.000973757000748425093 0.000973424107059661344 0.00113396462910322253 0.00116874056557290896 0.00116489013381627579 0.00116488958170351295 0.00116488999978924326 0.0011648900000001581 0.00116488999727623003 0.00116488999999955528 0.00116488977260185175 0.001164889915006851 0.0011648900492310329 0.00116489006275436076 0.00116489037981958618 0.00116489000135963682 0.00116488994102162532 0.00116489000001017548 0.00116488991687943534 0.00116488980689650112 0.00116489013104230355 0.0011648895658624989 0.00116488999974501736 0.00116489000000019756 0.00116488999727597069 0.00116488999999958564 0.00116488999623375359 0.00116488992183735331 0.00116489004599267388 0.00116489005987368589 0.0011648900751491172 0.00115373243705926072
0.000973757002291612437 0.000973756776650169732 0.000973757032757980798 0.000973756812818109469 0.000973756999793187034 0.000973757000000510776 0.000973756996640707238 0.000973756677377461514 0.000973756887695304842 0.000973755120214064808 0.000973755325903802836 0.000973755542231276132 0.000973755764787997773 0.000973757590737472077 0.000973755971086331658 0.000972682014023400817 0.00113489446601981129 0.00116853364246798292 0.00116489006854798654 0.00116488975795596156 0.00116488999968551829 0.00116489000000036605 0.00116488999597126153 0.00116488958510888399 0.00116488987240774837 0.00116489005352955516 0.00116489006753752421 0.00116489008354846591 0.00116489010396943573 0.0011648906656711532 0.00116489000220501809 0.00116488999998292167 0.0011648900065285427 0.00116488974677296845 0.00116489078843184132 0.00116489011716882848 0.00116489000063431814 0.00116488999999465642 0.00116488999849471649 0.00116488999999975304 0.00116488987923981757 0.00116489004799003363 0.00116489006418535844 0.0011648900794600384 0.00116489009721267673 0.0011545755667244674
0.00097375700093281373 0.000973756789700876407 0.0009737571505668151 0.000973756956474661293 0.000973756999723619961 0.000973757000000619521 0.000973756516630700994 0.000973756856539756215 0.000973755210746293873 0.000973755406573117922 0.000973755616016518046 0.000973755835237981402 0.000973756059420680933 0.000973756284673563577 0.000973757837022641852 0.00097169801304384856 0.00113615675991026312 0.00116824500566266743 0.00116488991811879161 0.00116489020134549022 0.00116489000086268278 0.00116488999999340092 0.0011648893898843736 0.00116488983476443326 0.00116489005546201565 0.00116489007061640142 0.00116489008487880344 0.00116489010115690839 0.00116489011753963625 0.00116489013656628565 0.0011648909592799077 0.00116488999746508048 0.00116488936566260274 0.00116488974094332114 0.00116489098998219152 0.00116489024923171125 0.00116489000083909748 0.00116488999999289004 0.00116488936445712605 0.00116488948302142571 0.00116488981428716472 0.00116489006728166941 0.00116489008126471959 0.00116489009648291955 0.00116489011460132541 0.0011535060675854818
0.000973758235262060616 0.000973757927130050258 0.000973756901413012151 0.00097375729302967898 0.00097375625776990177 0.000973756350609487941 0.000973756827897834807 0.000973755304600381895 0.000973755491188640302 0.000973755693836179351 0.000973755907633691272 0.000973756129577647866 0.000973756356154208439 0.000973756583813117525 0.000973757935904916074 0.000971237722209106549 0.00113770609349569062 0.00116787545230659243 0.00116488987830620219 0.00116489026222749083 0.00116489000107121649 0.00116488919490806615 0.00116488931619244235 0.00116488977725206035 0.00116489006847643158 0.00116489008400264666 0.00116489010007725532 0.00116489011660448347 0.00116489013495270008 0.00116489015287087484 0.00116489017484517525 0.00116489125973837614 0.00116489143176163787 0.00116489168612288392 0.00116488988347040632 0.00116489027324142408 0.00116489014505761633 0.00116488916545474334 0.00116488928678707966 0.00116488978277805755 0.00116489006689299941 0.00116489008184206331 0.00116489009563308416 0.00116489011253171791 0.00116489012861891307 0.00115232692492734951
0.000973758224614965431 0.000973759268101029806 0.000973757516337746222 0.000973756564573934687 0.000973756177019841161 0.000973756280492250621 0.00097375678712522003 0.000973755576823467331 0.000973755773324329137 0.000973755981984994815 0.000973756199768033271 0.000973756423868787284 0.00097375665174610803 0.000973756880764724709 0.00097375710801662007 0.000969861769068638231 0.0011393720304003754 0.00116742306279759124 0.00116489061033339561 0.00116488968192110932 0.00116488898848370092 0.00116488910592841958 0.00116488975000699282 0.00116489006706405637 0.0011648900812259548 0.00116489009756089168 0.00116489011211401753 0.00116489013000581451 0.00116489014751948125 0.00116489016772008307 0.00116489019223834094 0.00116489137697237664 0.00116489156771867777 0.00116489122126128223 0.00116489062268467359 0.00116488996746243341 0.00116488992465604065 0.00116488907818445035 0.00116488975340281941 0.001164890072948192 0.0011648900826610898 0.00116489009385010328 0.00116489010843516972 0.00116489012482112178 0.00116489014542997061 0.00115116803238699298
0.000973760242124624008 0.000973757260579579298 0.000973757212016415933 0.000973757144051810744 0.000973755651864669858 0.000973756221212134323 0.000973756841449159799 0.000973755853044726088 0.000973756058314175529 0.00097375627157749757 0.000973756491469011205 0.000973756715786412447 0.000973756943086368865 0.000973757171441321108 0.000973755665947408197 0.000968965432811799005 0.00114084028320265941 0.00116666075564248123 0.00116489031558704849 0.001164890218021933 0.00116488833170392842 0.001164889280792211 0.00116488918400423145 0.00116489007753036995 0.00116489009325380054 0.001164890105259555 0.00116489012179080121 0.00116489014010705727 0.00116489015838370374 0.00116489017946417184 0.0011648884003584378 0.0011648883455821601 0.00116488960950912514 0.00116489140238516635 0.00116489030127983921 0.00116489027314463389 0.00116489220003929183 0.00116488924531035223 0.00116488914293269401 0.00116489007279670835 0.00116489008818476507 0.00116489010202205619 0.00116489011717652545 0.00116489013518806541 0.00116489015376184182 0.00115017169742971507
0.000973758111202800247 0.000973757253169246209 0.000973757127201976065 0.000973757145230428494 0.000973758470078559435 0.000973757298129066906 0.000973756269330924092 0.000973756730210725103 0.000973756621361493392 0.000973756551299927576 0.000973757000190878788 0.000973755895366775165 0.00097375585858884171 0.000973755800206219839 0.000973755729179638305 0.000968216788870976397 0.00114173008564351884 0.00116626276861699963 0.00116489028223113085 0.00116489028958576186 0.00116489078435776778 0.0011648903655751921 0.00116488911572755222 0.00116488971835403935 0.00116488957409083705 0.00116488940509456695 0.00116488942359283323 0.00116489000168690671 0.00116488864380580683 0.00116488860087481257 0.00116488851733673724 0.00116489000064085415 0.00116488990491519931 0.00116489005807351499 0.00116489014866179449 0.00116489022316244558 0.00116489000020064877 0.00116488999995901393 0.00116488909162555578 0.0011648897273893843 0.0011648896155719156 0.00116488945238869433 0.00116488944541310408 0.00116488999982148679 0.00116488867262217301 0.00115069823299214545
0.00097375706147449705 0.000973757253685101471 0.000973757217528406537 0.000973757143549821343 0.000973758481058842633 0.00097375729960987728 0.000973757715968197172 0.000973756330018399861 0.000973756582823502126 0.000973757002167172266 0.000973757000196294703 0.000973757001547463879 0.000973757007073114563 0.000973755847107138752 0.000973757000332615779 0.000968077491719757815 0.00114198437052114238 0.00116617227156331788 0.00116489028749932277 0.00116489024842108971 0.00116489079995296956 0.00116489036566288931 0.00116489099668509451 0.00116488920396783297 0.00116488951544124319 0.00116489000072157256 0.001164889999967732 0.0011648900002956123 0.00116488999975107848 0.00116488863626438123 0.00116488856979816004 0.0011648900004998916 0.00116488990356055505 0.00116489005837743832 0.00116489024089836074 0.00116489022365403108 0.00116489006309666333 0.00116488999994842041 0.00116489112477250194 0.00116488919796327891 0.00116488961784293361 0.00116488947144108789 0.00116489000009944825 0.00116488999988953782 0.0011648900015063671 0.00115062056266966779
0.00097375806908324143 0.000973757254212127919 0.000973757057007012508 0.000973757150115555845 0.000973755689391522794 0.000973756205321133568 0.000973756837944784732 0.000973756731502044477 0.000973756619941900541 0.000973756379224206608 0.000973756599339795125 0.000973756823288158884 0.000973755782500912459 0.000973755737276765549 0.000973755682684497451 0.000968605073876658467 0.00114139276253468207 0.00116650087823469981 0.00116489030513225304 0.0011648902102936484 0.00116488837717433451 0.00116488902625247123 0.001164889836633809 0.00116488972506830933 0.00116488957198381243 0.00116489010816297469 0.00116489012512147679 0.00116489014262941264 0.00116488856330284034 0.0011648885063180001 0.00116488846135930513 0.00116488835357048993 0.00116488974922827697 0.00116489005746084361 0.00116489025319061737 0.00116489022261412919 0.00116489077015199233 0.00116488991770445117 0.00116488910938370794 0.00116488973863224034 0.00116488961322548309 0.00116489010607114993 0.00116489012116399141 0.00116489013854660585 0.00116488856799502731 0.0011509666613279965
0.000973758049222105148 0.000973759404383757964 0.00097376099696456055 0.000973756794554512346 0.000973756144126903872 0.000973756257915882437 0.000973756773814727023 0.000973755678685047916 0.000973755878483737987 0.00097375608909773927 0.000973756307888472305 0.000973756532381736019 0.000973756760150566508 0.000973756989565326592 0.000973757216879906403 0.000969368039210972109 0.00114003820690844254 0.00116677496980046366 0.00116488998444744967 0.00116489450869092779 0.00116489102137173222 0.00116488907932798006 0.00116488973503646367 0.00116489007858607777 0.00116489008836222121 0.00116489010014410093 0.00116489011636802982 0.00116489013461826209 0.00116489015664244383 0.00116489017204458737 0.00116489019321349687 0.0011648914134805182 0.00116489161487828624 0.00116489110980615715 0.0011648928886449745 0.00116489460762572456 0.00116488976300933855 0.00116488904916597371 0.00116488973831372733 0.00116489006910012235 0.00116489008473428341 0.00116489009865256531 0.0011648901125543116 0.00116489013079110778 0.00116489014870394631 0.00115077233940989818
0.000973757934030483824 0.000973756784829672055 0.000973756890517406336 0.00097375728347889694 0.000973756227060325178 0.000973756320521070614 0.00097375681165370214 0.000973755405684476657 0.000973755595608240981 0.000973755800416923039 0.000973756015831201902 0.000973756238654618412 0.000973756465651925539 0.000973756694483189048 0.000973756919131594611 0.000970728662041009816 0.00113824669989263287 0.00116772083615799193 0.00116488986427085725 0.00116489031529564443 0.0011648890508067361 0.00116488915801078903 0.0011648897789738712 0.00116489006412585005 0.00116489007427277675 0.00116489009013914595 0.00116489010502486339 0.00116489012320053985 0.00116489014058751257 0.0011648901616097536 0.00116489018054698797 0.00116489130469555214 0.0011648914847699806 0.00116489174511587388 0.00116488987105975916 0.00116489032100313946 0.00116489175002432383 0.00116488912894936801 0.00116488925595455129 0.00116488976323635574 0.0011648900704962716 0.00116489008824304354 0.00116489010081450759 0.00116489011742122403 0.00116489013452299563 0.00115188797995901659
0.000987698131101395109 0.000987179745842585313 0.000987923454237317391 0.000987219169697605261 0.000987775667280411029 0.000986169692984669279 0.000986474152898466012 0.000986787365132000844 0.000986982406686008184 0.000987098657421947448 0.000987131883192632993 0.000987081553583689202 0.00098694853187846019 0.000986736879455718313 0.000986414947415144728 0.000987377857942167399 0.00115493271964019228 0.00118740620652188185 0.00118521360183601924 0.00118417531210790981 0.00118494655459249463 0.00118526159257255109 0.00118304165329192502 0.00118350847203973109 0.00118381508006388018 0.00118401020980784806 0.00118408675331294435 0.00118404337584165128 0.00118388076026298278 0.00118360315864344764 0.0011831581197502205 0.00118272266930105315 0.00118502031065342308 0.00118421743882823091 0.00118522612797041329 0.00118415515139220508 0.00118433778356402826 0.00118517603080244872 0.00118293707266796996 0.001183418985567115 0.00118375071371935241 0.00118397385321312824 0.00118407924569444091 0.00118406482245764547 0.00118393079980470286 0.00117186573640311797
0.000843094604901078516 0.000842709484609364327 0.000842797369946140726 0.000842469905654586577 0.000842502243874664351 0.000840972943166123921 0.000839377830944782149 0.0008382268895613448 0.000837418417260058466 0.000836752187016226033 0.000836558678999676955 0.0008368524430644133 0.000837611760062957709 0.000838504307487555932 0.000839700371711648522 0.000839883955353253682 0.000958025716829436131 0.000978591887593778433 0.000978879111005817809 0.000976666271505119768 0.000976973667166725849 0.000974859259109680555 0.000972559306917718898 0.000970830120853708551 0.000969530177098058788 0.000968418965170198074 0.000967973730006302597 0.000968227665178485858 0.000969162198217693319 0.000970301832489540864 0.000971939801809584337 0.000974227502459134123 0.000976432009972575559 0.000976419110107960039 0.000976927626415113187 0.000976817153015482713 0.000977411550435891389 0.000975401423743273198 0.000973111384342527125 0.000971319770865505328 0.000969889533806375225 0.000968628635212013438 0.00096801756402950447 0.000968102495042181058 0.000968877255062372631 0.000966111515470139304
0.000515039260389806193 0.000515701012662389828 0.000515400304131331181 0.000515943965454672632 0.000515585549632976438 0.000516972241340014145 0.000518430754643473858 0.000519780451132587627 0.000518680656855519725 0.000519219280010165571 0.000519376492992783311 0.000519138015948130012 0.00052066745107295009 0.000519517730333601477 0.000518132275855035136 0.000513520574693864277 0.000508898496509049619 0.000507615508019163518 0.0005069943519214607 0.000507589599958833829 0.000506848019575203501 0.000508771140519512352 0.000510864945159146566 0.000512861011867543496 0.000514525353186703676 0.000512358928039087502 0.000512720049008282388 0.000512513945041370928 0.000511759078012908935 0.000513363471377710923 0.000511435579346362413 0.000509343504911473951 0.000507344955221325608 0.000507827619821873272 0.000507022271411991391 0.000507427791376485466 0.000506441075492095483 0.000508280535648562783 0.000510358936110560414 0.000512400969334353331 0.000514158843299432691 0.000512189194377050397 0.000512684351585750544 0.000512615529083130074 0.000511988556970705564 0.000517995585289810802
0.000534663393189146498 0.000534661492611386655 0.000534663196021295658 0.000534662762798174978 0.000534662999947465309 0.000534663000000121539 0.000534662999130089411 0.000534662999999873908 0.000534662998797622393 0.00053466297954707549 0.000534661825196838889 0.000534661942758290999 0.000534661960210703019 0.000534663000330525212 0.000534662999999387534 0.000534663000588944692 0.000534663392803921118 0.000534661519400778324 0.000534663226388462772 0.00053466275607376879 0.000534662999933010943 0.000534663000000175641 0.000534662999130614707 0.000534662999999857644 0.000534662998795050774 0.000534662982608072367 0.000534661797671879581 0.000534661913919475006 0.000534661896894969612 0.000534663000340957081 0.000534662999999450743 0.000534663000589540244 0.000534662999999668776 0.000534661550914815905 0.000534663263108465896 0.000534662748424272086 0.000534662999918628134 0.000534663000000203613 0.000534662999128299285 0.000534662999999862632 0.000534662998796330891 0.000534662955037596734 0.000534662972632076426 0.000534661885347779433 0.000534661833633537603 0.000551836653047073225
0.000534662999992062665 0.000534663000027492657 0.000534662984767355644 0.000534663000001892584 0.000534662979129755015 0.000534662999999400545 0.00053466297111006973 0.00053466299999428246 0.000534662960134092984 0.000534662999984665153 0.000534663002592655149 0.00053466172704267614 0.000534663000115278013 0.000534662999999845827 0.000534663000181424537 0.000534663117851065278 0.000534662999989939038 0.000534661674029413632 0.000534663133566676491 0.00053466266824873617 0.000534662999979563331 0.000534662999999923781 0.000534662999732678787 0.000534662999999922588 0.000534662999626744104 0.000534662999999857536 0.000534663005613164664 0.000534661663538668099 0.000534663000118374928 0.00053466299999989841 0.000534663000179601343 0.00053466311774676839 0.000534662999987820724 0.000534662999999846586 0.000534662995502664011 0.000534663000002725684 0.000534662955404568269 0.00053466300000084145 0.000534662938203360363 0.000534662999990609834 0.000534662914802529286 0.00053466299997124826 0.000534663036022412484 0.000534663000021018018 0.000534662945856408263 0.000551394109439503764
0.000534662999990036074 0.00053466299999626037 0.000534662980963616203 0.000534663000002566524 0.000534662973939189264 0.000534662999999344166 0.000534662963910529179 0.000534662999992895332 0.000534662950186319693 0.000534662999980971168 0.000534662998523667923 0.00053466172354764798 0.000534663000143939331 0.000534662999999822299 0.000534663000226130096 0.000534663148319434968 0.000534662999987069697 0.000534661657867900207 0.000534663144306616461 0.000534662677631468717 0.000534662999974173871 0.000534663000000072425 0.000534662999663760067 0.000534662999999948826 0.000534662999538679999 0.000534662999999949476 0.000534663001554343026 0.000534661659892216143 0.00053466300014789179 0.000534662999999886376 0.000534663000224295409 0.000534663148001794631 0.000534662999984966344 0.000534663000000164474 0.000534662994347556643 0.000534663000004639518 0.000534662944346661834 0.000534663000001061868 0.000534662922867107262 0.000534662999988257007 0.000534662893602594357 0.000534662999964170805 0.000534663004583770321 0.000534661596349816069 0.000534663000151788088 0.000551420428236404836
0.000534663423823673639 0.000534661474089830947 0.000534663214373991324 0.000534662772373134618 0.000534662999943316935 0.000534663000000087604 0.000534662999064145633 0.000534662999999796929 0.000534662998706101527 0.000534662975626361585 0.000534661842393160947 0.000534661959934629259 0.00053466195717613834 0.000534663000355822902 0.00053466299999940087 0.000534663000638138848 0.0005346634222896439 0.00053466150236803798 0.000534663235779373239 0.000534662764400686721 0.000534662999927592751 0.000534663000000242103 0.000534662999063358828 0.000534662999999856994 0.00053466299870532784 0.000534662978717087285 0.000534661814858756177 0.000534661931133121639 0.000534661894068039949 0.000534663000367056646 0.00053466299999937203 0.000534663000631232588 0.000534663421906976695 0.000534661533914891542 0.000534663258192127726 0.000534662757908892531 0.00053466299991240568 0.000534663000000283194 0.000534662999062016802 0.000534662999999858729 0.000534662998701758538 0.000534662951834676816 0.000534662968673704276 0.000534661902622171202 0.000534661830727530354 0.000551913666791286912
0.000534663001044958499 0.000534661295207822782 0.000534663307348624958 0.000534662855159436195 0.00053466299990622768 0.000534663000000194506 0.000534662998465315403 0.000534662999999744562 0.000534662954859105614 0.000534661886635904747 0.000534661998790865955 0.000534662117058315824 0.000534662238671472219 0.000534662192346537445 0.000534663000504848334 0.000534662999998649193 0.000534663001046016789 0.000534661328090807421 0.000534663327616374351 0.000534662846910115481 0.00053466299988055529 0.000534663000000242645 0.000534662998461318275 0.000534662999999693171 0.000534662881395278145 0.000534662944730879774 0.00053466197108381706 0.000534662088062269375 0.000534662209041022974 0.000534662130348571439 0.00053466300052345346 0.000534662999998894006 0.000534663001041291402 0.000534661363302008454 0.000534663344985590008 0.000534662839743089285 0.000534662999855607473 0.000534663000000102891 0.000534662998459731653 0.00053466299999975432 0.000534662868008779313 0.000534662948129395943 0.000534661943748735162 0.000534662059343163831 0.000534662179754957431 0.000550241315519755863
0.000534662999998373155 0.000534661098190760613 0.000534663063601970153 0.000534662934773985957 0.000534662999868150608 0.000534663000000102999 0.000534662752251545653 0.000534662807348113911 0.000534662923611932688 0.000534662043446368341 0.000534662157347857384 0.000534662276851009008 0.000534662399311957941 0.00053466335076437306 0.000534662426513102381 0.000534663000589185168 0.00053466299999800973 0.000534661132953774478 0.000534663418462532638 0.000534662926766174096 0.000534662999832677573 0.000534663000000202963 0.000534662997865011308 0.000534662793597785561 0.000534662926777884889 0.000534662017053959791 0.000534662129238009493 0.000534662247609108765 0.000534662369674176888 0.000534662493004013683 0.000534663410865009116 0.000534662612908609592 0.000534663000504264707 0.000534661170503777732 0.000534663389661959166 0.000534663059272044196 0.000534663000337071517 0.000534662999997300012 0.000534662999207013989 0.000534662780475730578 0.000534662929874394266 0.000534661991197933379 0.000534662101494087533 0.000534662218565425617 0.000534662340090569731 0.000551785995831784387
0.000534661069274392506 0.000534663447241041727 0.00053466295473314062 0.000534663105235732563 0.000534663000451831498 0.000534662663763137212 0.000534662717288478273 0.000534662907884170171 0.000534662091729935264 0.000534662200892086804 0.000534662317129713316 0.000534662438182863784 0.000534662561971859006 0.000534662686455031908 0.000534663486505635582 0.000534663567100032624 0.000534662890299980316 0.000534660913388560703 0.000534662955011127997 0.000534663139974787295 0.000534663000440762553 0.000534662650396620443 0.000534662702957422725 0.000534662910764399646 0.000534662066532324773 0.000534662173805204154 0.000534662288544534604 0.000534662408695956402 0.000534662531881163988 0.000534662656510358756 0.000534663466328837308 0.000534663547022363496 0.000534662834357941879 0.000534660958382054442 0.000534662955353419622 0.000534663097617717946 0.00053466302877559302 0.000534662999930511965 0.000534662690470059042 0.000534662913513404771 0.00053466204210591672 0.000534662147166137551 0.000534662260275224643 0.000534662379238790529 0.000534662502083560909 0.000553590895153931086
