data/CoulombOnly/Outputs_CoulombOnly/EllipticCylinder_03CoulombOnlyInternalFrict30_null_TITAN2D_pft.asc
ncols 1001
nrows 301
xllcenter  1000.00
yllcenter -5000.00
cellsize 5.00
nodata_value -9999
[rows 168 to 188 of 301, columns 46 to 91 of 1001]
0.0323463102408104997 0.0364382005131533709 0.0407458835860989577 0.0458667864392598157 0.0503998044964651115 0.0547553626359024159 0.0589694217410591387 0.0606143342844949751 0.0645203328389653552 0.070131547404321648 0.074943596243145838 0.0810432221570351885 0.087003156989129693 0.0896953588060354912 0.0918168673347996567 0.0946353796867712427 0.0969363325081857297 0.100010293848213583 0.101387881135568042 0.103218674181860787 0.104362015466316627 0.104647634162356978 0.103026908509635667 0.0984971389997697788 0.0960111986037812115 0.0937243378656104631 0.0904966024793336654 0.0868387342017935826 0.0834816431376909918 0.0793486726504325501 0.0746224606509147681 0.0693518829470791409 0.0643361296783198089 0.0593548731060359047 0.053877408836380869 0.0498984920432655465 0.0442094486515257623 0.0384114251419624131 0.032960498820059414 0.0280013405822666095 0.0226381755972370757 0.0186411510883047332 0.0154463015708821844 0.0128461237226896452 0.0109145713888660068 0.00932690640496715295
0.00370952751152083676 0.00453565704938238556 0.00568539693554181991 0.00646600803696296966 0.00708775397456647138 0.00789926371163322816 0.00873869608493232919 0.00950934552490130536 0.00959096381070335957 0.0103585696403657168 0.0111271581159776561 0.0121461077548701835 0.0130146632487495306 0.0138646429237847812 0.0146782370877420743 0.015103877409218161 0.0155737903440948261 0.0159027879867314759 0.0166905374695315439 0.0166393497193336737 0.0164680627953358305 0.0161223992493509244 0.0155707979670616226 0.0146244927354751419 0.0129785291882835718 0.0118529173482235517 0.0100945423085438968 0.00797314586148752114 0.00676461620468855884 0.00551419619119056237 0.00434199906195363583 0.00312236116521852347 0.0023079700053079133 0.00164057730304278948 0.00181704751453962143 0.00134167975819622642 0.00103455025304809156 0.000827606622846428774 0.00068345916695738973 0.000590657631557939267 0.000550878245601640892 0.000351695188905456341 0.000542666979679216899 0.000811054261034987317 0.00108922504860541405 0.00135524549361009869
0.00163309175400733371 0.0017187755088522317 0.00180737021878841359 0.0017969650492862671 0.00170224808768949104 0.00167467707272457925 0.00163490634734228535 0.0015560007974334128 0.0014662920754243032 0.00121677052472725367 0.0011375983046389912 0.00107309150367220635 0.000984292815144068023 0.000942813887215405988 0.000901698821540286577 0.000787496088306520459 0.000895575539819351563 0.000793858754154774804 0.00073389316170384411 0.000727463392972610423 0.00073096377154656389 0.000748078984175955253 0.000766652980081168611 0.000762940920793125921 0.000871609571365117297 0.000983683681493905532 0.000755130570034581727 0.000601200331182983466 0.000668302586347500893 0.00078829280518614292 0.000912462405884804234 0.000997131010842072091 0.00109984902794582097 0.0012942351435903561 0.00136198089396601975 0.00142647552904660423 0.0014854397009770922 0.00153850173208081942 0.00158545323722701333 0.00162631987253055669 0.00166134329787760065 0.00169103907759748321 0.0016963341447241956 0.00169934042554698364 0.00170195230466531344 0.00169847924302522876
0.00182435883063816512 0.00181099816052637417 0.00179717341951109101 0.00179157140809411367 0.00179211428726107694 0.00178807054408189315 0.00178501105212427449 0.00178514207517474163 0.00178726648003254369 0.00178827902518559779 0.00178812187107598537 0.00178299261243119664 0.00177941244304724404 0.00178032750020639058 0.00177707373635149855 0.00178232776993103082 0.00178365865013186721 0.00178548514373312378 0.00178586726560385641 0.00178484968569584432 0.00178456806074674297 0.00178846101433089268 0.00174105069284370825 0.00171197872256407808 0.00171623393196037709 0.00171667271033573601 0.00173118164491352757 0.00175703135274611513 0.00176635042040346169 0.00176634982092731155 0.00176635044029063845 0.00176634866239102316 0.00176634883227869892 0.00176634968502648038 0.0017663500985964386 0.00176635011122682427 0.00176635013360808453 0.00176635015936864683 0.0017663501854541686 0.00176635020987140094 0.00176635024139846727 0.00176635171648748066 0.00176635199343643423 0.00176635000161674501 0.00176634958737986194 0.00176634982207879323
0.00184043961069552966 0.00184044010571848176 0.00184044012345934414 0.00184044015161526162 0.00184044017219074998 0.00184044020001951597 0.00184044023048163903 0.00184044026113705018 0.00184044028921750979 0.00184044210755672033 0.00184044241687270093 0.00184044225622377166 0.00184044098371023875 0.00184043975961292543 0.0018404392957947443 0.00184043849946521768 0.00184043870204326121 0.00184043958685198468 0.00184044011355862544 0.00184044014331601817 0.0018404401665468818 0.00184382727543298147 0.00179676633443478563 0.00176338888055445082 0.0017663502726088466 0.00176635030948828881 0.00176635225513253565 0.00176635169273925852 0.00176634972973550635 0.00176635093350920101 0.00176634933513705652 0.00176634852344673609 0.00176634870914718243 0.00176634961060049677 0.00176635011482299581 0.00176635013396014579 0.00176635015361512222 0.00176635017851565503 0.00176635020542315101 0.00176635023520377841 0.00176635026389130711 0.00176635030877323579 0.0017663521770461669 0.00176635246520078968 0.00176635222702101516 0.00176635094117569302
0.00184043865241802955 0.00184044011697949341 0.00184044014176353607 0.00184044016298783833 0.00184044018802655813 0.00184044021462168332 0.0018404402451306348 0.00184044027647027445 0.00184043965022207988 0.00184043957029867778 0.00184043941335946333 0.00184044006403531811 0.00184044048243809885 0.00184044020387083367 0.0018404397996952314 0.00184043875710942009 0.00184043861901022157 0.0018404401160204214 0.00184044013612968092 0.00184044015617755249 0.00184044018162725928 0.00184393833762531924 0.00179668648439886198 0.00176336131797870908 0.00176635029602976675 0.00176634962653587978 0.00176634959677215183 0.00176635005841293386 0.00176635047348845209 0.00176635020210187958 0.00176635095796909974 0.00176634885977586015 0.00176634862765706374 0.00176634968057908697 0.00176635011979362627 0.00176635014343021115 0.00176635016622662586 0.00176635019299561697 0.00176635022032003248 0.00176635025011343829 0.0017663502849150311 0.00176634991636806949 0.001766349500413432 0.0017663507531410212 0.00176635051389997864 0.00176635043972847919
0.00184043857980923948 0.00184043959577076576 0.00184043938351710666 0.00184043912279954107 0.00184043980173241128 0.00184043994966052462 0.00184043982664423194 0.00184043971405608068 0.00184043959850599837 0.00184043983110808961 0.00184044000006499796 0.00184044023323202337 0.00184044047166929329 0.00184044038658244297 0.00184044021519665373 0.00184043999995068012 0.00184043855459533061 0.00184043966397950216 0.00184043943380061579 0.00184043919367004455 0.00184043988043498656 0.00184375398471990984 0.00179690029815356275 0.00176342846337764403 0.00176634974227307456 0.00176634974525022347 0.00176634999997166467 0.00176635026353425808 0.0017663504600914958 0.00176635046127133826 0.00176635025500880148 0.00176634952026342084 0.00176635053702628008 0.00176634868347931638 0.00176634952407270967 0.00176634928848023987 0.00176634988314181419 0.00176634996464464125 0.0017663498091593803 0.00176634978791400592 0.00176634972022258075 0.00176634977970867649 0.00176634999997078777 0.00176635198586627446 0.00176635046195816841 0.00176635048494261935
0.00184044000003522816 0.00184043868166581062 0.00184043937946095542 0.00184043992365860221 0.00184043996975669262 0.00184043999693128462 0.00184043999656542559 0.00184043971916202889 0.00184043944178960439 0.00184043999997755446 0.00184043999997496408 0.00184044011275482744 0.00184044049507553573 0.0018404403853803646 0.00184044024745031788 0.00184044000005539063 0.00184044000004779601 0.00184043869172546273 0.00184043943541857633 0.00184043994775677641 0.00184043996556000123 0.00184376136102610481 0.00179663923702307483 0.00176342054984337604 0.00176634980279805759 0.00176635000000377788 0.00176634999995927333 0.00176635012116164915 0.00176635048120705996 0.00176635040163046269 0.00176635028166080609 0.0017663499999888187 0.00176635000008680001 0.00176634876302813725 0.00176634951348807212 0.00176634994994150974 0.00176634996768368423 0.00176634999970685068 0.00176635000349382467 0.00176634975931629838 0.00176634996456852093 0.00176634999996875164 0.00176635000006573266 0.00176635200809385751 0.00176635046258757987 0.00176635044980853338
0.00184043862499204229 0.00184043958756102319 0.00184043937822439573 0.00184044017045813203 0.00184044019182191864 0.0018404402182268186 0.00184043980947582223 0.00184043963601326216 0.00184043967563741096 0.00184043998230133633 0.00184043943419331642 0.00184044010133756143 0.00184044041413864898 0.00184044037845932881 0.00184044124343801232 0.00184043986888109763 0.00184043858012332201 0.00184043963941062029 0.00184043942719450625 0.00184043919631694006 0.0018404401853570763 0.00184397344945468554 0.00179666386941025407 0.00176344015836504158 0.00176634980886075307 0.00176634955991194554 0.00176634955235419337 0.00176635196430429743 0.00176635045925660266 0.00176635054625543615 0.00176635026416323781 0.00176634952151065645 0.00176634857213844193 0.00176634969484051993 0.00176634952000446761 0.00176634928823196451 0.001766350174794622 0.00176635019771418799 0.00176635022578229615 0.00176634981150658346 0.00176634980168361745 0.00176634998151990047 0.00176634920010450649 0.0017663519151744243 0.00176635046556292315 0.00176635056043180153
0.00184043958539170161 0.00184044011406659714 0.00184044013727832786 0.00184044015141963621 0.00184044017829559383 0.00184044020571407017 0.00184044023479416766 0.00184044027272857631 0.00184044029554765627 0.00184044033470791486 0.00184044248556908068 0.00184044201563475485 0.00184043970075920102 0.00184044005423188725 0.00184043915311973209 0.00184043845150265624 0.00184043959180052626 0.00184044010820919599 0.00184044012986232992 0.0018404401495538277 0.00184044017196455614 0.00184387078350664525 0.00179673403715853029 0.00176337926267158395 0.00176635028396960356 0.00176635031582108421 0.00176635231267320428 0.00176635202605153431 0.00176634973743525496 0.00176635001502941963 0.00176634985135895313 0.001766348461401673 0.00176634866721783745 0.00176634958741055744 0.00176635012058979778 0.00176635013997145963 0.00176635016120627606 0.00176635018449728971 0.00176635021169398577 0.00176635024275127424 0.00176635027895994377 0.0017663503218324334 0.00176635224009892805 0.00176635254234500192 0.0017663501180886095 0.00176635000418524728
0.00184043882813955131 0.00184043962488654347 0.0018404401140144932 0.00184044013700465636 0.00184044016045138074 0.00184044018709594078 0.00184044021567081415 0.0018404402497437483 0.00184044027831070894 0.00184044200115177255 0.00184044229180224065 0.00184044009277936345 0.00184043979690537559 0.0018404397914406768 0.00184044058455225647 0.0018404385922554849 0.00184043877990639924 0.00184043963382328523 0.00184044010902133367 0.00184044013340679152 0.0018404401540663255 0.00184374881798128327 0.00179682628643296357 0.00176340408151305791 0.00176635025970945086 0.00176635185104237892 0.00176635213382130072 0.00176635174724333035 0.00176634969512004004 0.00176634980151032877 0.00176635044778952234 0.00176634861379640828 0.00176634878615139273 0.00176634965587093217 0.00176635010485625028 0.00176635012083705182 0.00176635014274234233 0.00176635016697294987 0.00176635019039634482 0.00176635021800014579 0.0017663502481421059 0.00176635177906794122 0.00176635206391752416 0.001766352327543582 0.00176634994017632369 0.00176634980255694122
0.00186734409319136733 0.0018680590148386321 0.00186854945384260472 0.00186887584847744812 0.0018690266366030077 0.00186899891148026753 0.00186879309067060264 0.00186841391261983276 0.00186777500117921397 0.0018671411475452847 0.00187051893315990422 0.00186929606401112984 0.00186913219295211947 0.00186913135256443989 0.00186932211688279758 0.00187055282579496229 0.00186718512511243771 0.00186781347370483151 0.00186844525887572862 0.00186881291701683299 0.0018690065482088894 0.00187220094991577134 0.00182414539723596537 0.00178929084091075403 0.00179175320469988474 0.00179109106592134355 0.00179416485393825149 0.00179301746287676648 0.00179277784353986942 0.00179279592670399395 0.00179287636926042009 0.00179398275201066333 0.00179083556686106715 0.00179143114768339135 0.00179204043667956225 0.00179241624883781192 0.00179263386492853837 0.00179268779807785147 0.00179257720594824311 0.00179230404251729349 0.00179187703034508006 0.00179123504813076713 0.00179428149600424809 0.00179385472213378777 0.00179280164026133994 0.00179423392234847787
0.00155466165528501997 0.00155200501424728734 0.00154990148780161335 0.00154805492561598977 0.00154717944597326383 0.00154734161567304058 0.00154852962628877723 0.00155065190749868829 0.00155298574108034379 0.00155572808845453529 0.00155908471359071741 0.00155936092168699808 0.00156044225089417977 0.00156041822718815766 0.00155923479187334408 0.0015588644111784308 0.00155549137855692885 0.00155276229121826398 0.00155047781648730786 0.00154841611277763656 0.00154729691979953112 0.00154931734695431134 0.00151799636784511675 0.0014969965097025471 0.00150087763351287049 0.00150334330287233168 0.00150648275205442434 0.00150921732583709145 0.00150834186579546208 0.0015084723704367458 0.0015077257979056952 0.0015076941872906376 0.0015046570437641806 0.00150152500287730698 0.00149929234492010219 0.00149775701036826002 0.00149650692967536608 0.00149619196280955215 0.00149683585584922934 0.00149839082331131956 0.00150020126930112724 0.00150258433174884818 0.00150574163690797851 0.00150862394102307192 0.00150814630826105788 0.00151114500370050689
0.000865604384436592764 0.00086863749344682085 0.000871236891942762763 0.000868261224299571917 0.00086897077275641132 0.000868838989495838488 0.000867877541863567334 0.000870505698514396214 0.000867725610990518993 0.000864630762900177405 0.000861590821206693436 0.000862045471591655135 0.000860938885317117037 0.000860978413167120941 0.000859176424648487938 0.000861790441037595741 0.000864847362033181722 0.000867931507983959322 0.000870657388517554766 0.000867969416776432495 0.00086887527972153366 0.000870017618604358224 0.000869702592301857167 0.000873491940673994864 0.000871062979082188943 0.000868253742629355183 0.000865407071077860073 0.000862901607093558378 0.000864304211214371606 0.000863786820648893092 0.000864928232894720162 0.000864306950255476535 0.000867059738248212772 0.000869927764609404702 0.000872559398677141178 0.000870321983966857501 0.000871332816823057921 0.000871588750568452839 0.000871066180821353751 0.000874000071833354905 0.00087169752849630992 0.000868948735684496967 0.000866077775410298615 0.000863454336972902968 0.000864517339257363606 0.000863738937862327583
0.000901697998531859543 0.000901697999999760648 0.000901697997969791248 0.000901697927449285255 0.000901697953073344553 0.000901696127011444013 0.000901696048189044668 0.000901698000590137787 0.00090169799999903987 0.000901698000987843527 0.000901697999999943878 0.000901698001387577484 0.000901697999967868949 0.000901698391791041273 0.000901697999956940516 0.000901698000000383955 0.000901697999497040495 0.000901697665712213351 0.000901697999924916437 0.00090169799999987785 0.000901697958485510385 0.000901696079313943984 0.000901698180674020489 0.000901696383485960117 0.000901698000534798482 0.000901697999999035099 0.00090169800099097145 0.000901697999999952335 0.000901697859126474196 0.000901698328836010653 0.000901697604026392404 0.000901697999918446894 0.000901698000000180884 0.000901697998534318622 0.000901697999999676947 0.000901697997974721874 0.00090169796385272357 0.000901696032069688059 0.000901696230903459121 0.00090169627697790774 0.000901698000552438018 0.000901697999999012548 0.000901698000984340036 0.000901698000000045359 0.000901697804049756812 0.000901698135885061055
0.000901697980707107886 0.000901697999997006774 0.000901697973342693903 0.000901697999990902174 0.000901698013796143954 0.000901695654251248005 0.000901698000204061525 0.000901697999999624905 0.000901698000303644627 0.00090169799999986549 0.00090169800042669431 0.000901698000000141528 0.000901698016609968974 0.000901697999977733888 0.000901698000000071271 0.000901697999933026269 0.000901697951294622743 0.000901697999993467504 0.000901697932738481202 0.000901697999978287915 0.00090169790731754729 0.000901698034483335172 0.000901695991928052492 0.000901698000187066331 0.000901697999999717605 0.000901698000305683361 0.000901697999999947889 0.000901698000428953245 0.00090169799998316303 0.000901698122851867824 0.000901697999984870107 0.00090169799999985042 0.000901697999844457468 0.000901697896271811566 0.000901697999979098139 0.000901697999999912436 0.000901698000136667084 0.000901698002924311874 0.000901695884279096879 0.000901698000192633384 0.000901697999999748288 0.000901698000303709679 0.000901698000000045901 0.000901698000422804084 0.000901697874301511096 0.000901698215837095415
0.000901697975853068948 0.000901697999996238075 0.00090169796663678377 0.000901697999988698966 0.000901698006972288888 0.000901695648205657328 0.0009016980002556715 0.000901697999999664154 0.000901698000378581212 0.000901697999999911677 0.000901698000536008126 0.000901697999999867333 0.000901698020895232307 0.000901698000006757438 0.000901697999999756961 0.000901697999907435628 0.000901697939051689839 0.000901697999991842828 0.000901697915821660502 0.000901697999973272721 0.000901698036274725017 0.000901697990868895313 0.000901695985657312272 0.000901698000234148027 0.000901697999999672177 0.000901698000378691475 0.000901698000000121145 0.000901698000536788427 0.000901698000016093828 0.000901698152449559526 0.000901697999981090252 0.000901698000000299604 0.00090169799980497668 0.000901697870449785733 0.000901697999973871526 0.000901698000000147491 0.000901698000173195915 0.000901697996009191596 0.000901695877878164577 0.000901698000240848938 0.000901697999999718147 0.00090169800037710995 0.000901698000000018796 0.000901698000537887265 0.000901697833423561416 0.000901698234161212812
0.000901697998419735474 0.000901697999999753383 0.000901697997810702468 0.000901697922396972411 0.000901697946424601039 0.000901696156110548975 0.000901696043271753159 0.000901698000635090869 0.00090169799999898631 0.00090169800106869541 0.000901697999999477888 0.000901698001497717896 0.000901697999981834015 0.000901698422171535725 0.000901697999953686284 0.000901698000000203761 0.000901697999460577475 0.000901697639423074951 0.000901697999918888706 0.000901697900118018339 0.000901697951848187966 0.000901696108299871032 0.00090169819054841541 0.000901696378163261347 0.000901698000575706406 0.000901697999998880275 0.000901698001065918985 0.000901698000000494327 0.000901697839530039695 0.000901698367216499435 0.000901697620460680362 0.000901697999911835646 0.000901698000000285944 0.000901697998421322638 0.000901697999999795667 0.000901697997825844978 0.000901697957310569707 0.000901696061103218413 0.000901696259841171049 0.000901696271727911555 0.000901698000594728408 0.00090169799999898772 0.000901698001069475711 0.000901697999999873079 0.000901697852227717131 0.000901698389452980538
0.000901697997403861674 0.000901697999999610594 0.000901697780317408911 0.000901697911742445346 0.000901696225228370792 0.000901696420440704503 0.000901696623676565912 0.000901698440844821408 0.000901696875427376973 0.00090169800077918459 0.000901697999997591376 0.000901697800652376128 0.000901698508005796648 0.000901698048830486135 0.000901698000398030823 0.000901697999996611257 0.00090169799902421288 0.000901697349951564712 0.000901697758109915471 0.000901697917150863092 0.000901696179804009797 0.000901696372463485192 0.000901696574226541541 0.000901698408998926997 0.000901696772044173608 0.000901698000810832235 0.000901697999997861451 0.000901698001762092248 0.000901697801190496024 0.000901698083315931559 0.000901697759527415703 0.000901697999854401771 0.000901698000000382004 0.000901697997411211047 0.000901697999999369034 0.000901697922396296303 0.000901696135074880759 0.000901696324972723977 0.000901696524883971039 0.000901698377376951776 0.000901696667896315193 0.000901698000842495275 0.000901697999997946344 0.000901698001752115853 0.0009016978047921134 0.000901698545328507
0.000901697998664783163 0.000901697634162051563 0.000901697880852182125 0.000901696304817431612 0.000901696491332977567 0.000901696689160736624 0.000901696894128544107 0.000901697101951134082 0.000901698665457272334 0.000901697262093612462 0.000901698000890386003 0.000901697783790053717 0.000901698642154693392 0.000901698092091078943 0.000901697908293573516 0.000901697999856052577 0.000901698000000301339 0.00090169761149144908 0.000901697886017740428 0.000901696261983016886 0.00090169644507468187 0.000901696640670304034 0.000901696844134083604 0.000901697051806645152 0.000901698633505084259 0.000901697162274096744 0.000901698000936300122 0.000901697999996930121 0.000901697892283850346 0.000901698133037127795 0.000901697895659692487 0.000901697999795215174 0.000901698000000266428 0.000901697588833974876 0.000901697891017429459 0.000901696220284108237 0.000901696399639161507 0.000901696592537151189 0.000901696794524773238 0.000901697001354187511 0.000901698600667967553 0.000901697061822176308 0.000901698000980765313 0.000901697999996537423 0.00090169775236856244 0.000901698122061490403
0.000901697480153187416 0.000901697853333060162 0.000901696390596254675 0.000901696568070924401 0.000901696759243904408 0.000901696960250828513 0.000901697167252122223 0.000901697377059689051 0.000901698757248943386 0.000901698896624471649 0.000901697640042229635 0.000901697741524949649 0.00090169880147596723 0.000901698195374240805 0.000901698036936367958 0.000901697999814347439 0.00090169745881536127 0.000901697553580498631 0.00090169783857764127 0.000901696523804437007 0.000901696712061911287 0.00090169691098529773 0.000901697117163578451 0.000901697326584725649 0.000901697536203861067 0.000901698863639747647 0.000901697544895527377 0.000901697724286581147 0.000901698770146886082 0.000901697923074163028 0.000901698186712142423 0.000901698000766347095 0.000901697438267189599 0.000901697529682447558 0.000901697843600576571 0.000901696480443343537 0.000901696665499223662 0.00090169686221172119 0.000901697066853656966 0.000901697275901568109 0.000901697485615820258 0.000901698830495571983 0.000901698964470739424 0.000901697841127337509 0.000901697826579342973 0.000901697923830610776
