data/CoulombOnly/Outputs_CoulombOnly/EllipticCylinder_03CoulombOnlyInternalFrict30_null_TITAN2Dv420_pfv.asc
ncols 1001
nrows 301
xllcorner 997.50
yllcorner -5002.50
cellsize 5.00
nodata_value -9999
[rows 132 to 153 of 301, columns 0 to 49 of 1001]
-9999 -9999 -9999 -9999 -9999 -9999 -9999 -9999 -9999 -9999 -9999 -9999 -9999 -9999 -9999 -9999 -9999 -9999 -9999 -9999 -9999 -9999 -9999 -9999 -9999 -9999 8.94021126011731049 9.8082295439951821 11.1396798893758771 12.6951965993919984 13.9518876720339051 15.0549490873888949 16.1759394509244103 17.1537665396633194 18.0297496382819595 18.913225283749636 19.6758431362736523 20.3741745294387009 20.9651655475942391 21.6005981973038246 22.187760428232373 22.7826012141070393 23.3325485193040869 23.860322488003014 24.371019238692508 24.8357894811504352 25.295261028725669 25.7197433473990316 26.1546849498063452 26.5490132685913665
-9999 -9999 -9999 -9999 -9999 -9999 -9999 -9999 -9999 -9999 -9999 -9999 -9999 -9999 -9999 -9999 -9999 -9999 -9999 -9999 -9999 -9999 -9999 8.77596669135437502 9.65542053696245617 11.433068220844941 12.8584481183335857 14.314927678447896 15.5017995863427984 16.5374277490153361 17.5293790801452403 18.4256971943860819 19.1982990025713995 19.9390074053060999 20.58400765307249 21.2629345090324904 21.8630195663363054 22.4144703602343576 23.0173147301093302 23.5329748646744328 24.0396750714932317 24.5607960963116057 25.0450496351599696 25.4785117919250084 25.9205386242376896 26.3764460701522481 26.773732861807428 27.1832577133945748 27.5804759440289615 27.9587244276718536
-9999 -9999 -9999 -9999 -9999 -9999 -9999 -9999 -9999 -9999 -9999 -9999 -9999 -9999 -9999 -9999 -9999 -9999 -9999 -9999 -9999 -9999 10.3791263749812543 12.3878194761506784 13.9095733349020705 15.1672090198924305 16.2637784403059946 17.2313787582999609 18.0880003385284205 18.8648543870600491 19.6632197837292537 20.3473835390554214 21.0420829944065204 21.635447135544684 22.1931528579986548 22.787437211814872 23.4031836668493014 23.9098303461703061 24.4570109120286965 24.9338826773966922 25.4133065870996724 25.8392216955293144 26.2929581306693265 26.7171491322687906 27.1565649273953618 27.5500142443182732 27.9484706793725941 28.3467045394221024 28.7161168822840871 29.0750897825373826
-9999 -9999 -9999 -9999 -9999 -9999 -9999 -9999 -9999 -9999 -9999 -9999 -9999 -9999 -9999 -9999 -9999 -9999 7.70887127406323813 8.3797028240512681 11.1349454304157209 12.8977076242358724 14.2729761917383158 15.4139253603916746 16.4384687897028385 17.3776182573119087 18.2460892205643894 18.9895735598150566 19.7157677975331111 20.4438859271176163 21.091525686185328 21.7435601320722789 22.3536499414059158 22.9410297239077892 23.5388927689053773 24.0717018437682597 24.5961635610172742 25.0416190927638951 25.5781088253931443 25.9886406359022182 26.4821084668199376 26.8743904961073028 27.2952224931964977 27.6978073249278189 28.122488249238085 28.5217307078615647 28.8847890527420361 29.2579338334472681 29.6136713047294577 29.9721253474319766
-9999 -9999 -9999 -9999 -9999 -9999 -9999 -9999 -9999 -9999 -9999 -9999 -9999 -9999 -9999 -9999 -9999 7.68893404217475851 10.7568385618863385 12.6308831739637242 14.0874857819205275 15.2084390868872887 16.3025917374338043 17.2312875880725009 18.0342218733806128 18.8779860312580929 19.6273121948562554 20.2934446684657566 20.9757562243774451 21.6174267602053725 22.2398523740608027 22.8400236188320278 23.421974474377226 23.984097454782848 24.5301685341098938 25.0444335809262348 25.4922682752227701 26.0054744056331799 26.504130962846304 26.933214586817904 27.3363518350447094 27.7857337008391028 28.1761554857823171 28.5567459015860337 28.9577687375790234 29.3563440809162373 29.7212222610077959 30.0916900863090078 30.4480321419756699 30.7878930307785907
-9999 -9999 -9999 -9999 -9999 -9999 -9999 -9999 -9999 -9999 -9999 -9999 -9999 -9999 -9999 7.12332338593505909 9.73955590662335169 11.7510765509292341 13.3564898549177364 14.6628107024344629 15.8560731035083347 16.7917129795348323 17.6716639956663712 18.555880128259588 19.3359601500173923 20.0498384473262448 20.7079820586461274 21.3855709923251034 22.0156946237448672 22.6296212450395089 23.2316815574388933 23.8155046612508308 24.3764819313036902 24.9060738877948715 25.4261861286370916 25.8989740691853996 26.3756152717986367 26.8081180270243564 27.2805174788950424 27.7143992969393373 28.1191493776996069 28.5401810756378147 28.9309990373803352 29.3170237449999043 29.6830159658047101 30.0794511070010131 30.4564030258410163 30.8130821018497514 31.1649269122710386 31.5019156181795665
-9999 -9999 -9999 -9999 -9999 -9999 -9999 -9999 -9999 -9999 -9999 -9999 -9999 -9999 8.4285519661597128 10.3307733423761494 12.3014453268068387 13.7689260326811453 15.0497026367416655 16.1397374916795222 17.1364176424486843 18.000582944126517 18.8491663582614635 19.6469660150569041 20.3566192765230092 20.9942604640298001 21.6715729308608935 22.308206533426322 22.919414506861532 23.5153528894924762 24.104532778537866 24.670731089929042 25.1859494537715527 25.6637555689280816 26.1682814815062592 26.6271516534847699 27.09724046017379 27.5079321669689527 27.9419445828849078 28.3890052803549864 28.7788443437897321 29.1710476439145729 29.5798466533649496 29.9797303557960468 30.3546237720573799 30.7229439074832023 31.0756431420709767 31.4221499256792818 31.759971749958158 32.0983150348200752
-9999 -9999 -9999 -9999 -9999 -9999 -9999 -9999 -9999 -9999 -9999 -9999 -9999 8.36874395905275037 10.7627498114151248 12.6079749704979367 14.0279020726247889 15.2811587109023073 16.3399405345576234 17.3206464204168498 18.1854031564171166 19.0707144826024582 19.8173541396583062 20.5422837553620461 21.2200520157637484 21.8652250007625781 22.5024709418249103 23.1215663636199977 23.7219172882396201 24.3067761426001212 24.8508056247470428 25.3982500651037206 25.8684909209224365 26.3579880010459782 26.8308884803952985 27.3037274602880906 27.7322162512320034 28.1562417289673306 28.6006684038048427 29.0004465134251674 29.4061474196492121 29.799670571303924 30.2013767389436723 30.5670871497343519 30.945615215752678 31.3012651655901166 31.6512946490441429 31.9923171185783382 32.3335744199270252 32.6802979853015714
-9999 -9999 -9999 -9999 -9999 -9999 -9999 -9999 -9999 -9999 -9999 -9999 8.3597931027903094 10.5835814098373397 12.7189499322623689 14.1051887157961087 15.3302666446347651 16.4159311233458283 17.3572281195621088 18.24331273327061 19.0914232175668452 19.8618986735252996 20.6108248386173969 21.272805281866777 21.9494535459149667 22.5835801019469216 23.2037643106437095 23.8095249347862072 24.3798982439422005 24.9344449042583953 25.4557139167686337 25.9735083296489186 26.4757340906802057 26.9319439204256241 27.4323155533120229 27.8663646523233837 28.3262637389478087 28.7448631984999565 29.1458660456902265 29.5701294306625257 29.9875667706002318 30.3633936603196766 30.7416836995859839 31.110427770909677 31.4700328263710674 31.8226123000263179 32.1631517083788054 32.5115933880805841 32.8613101313610727 33.1992864010474875
-9999 -9999 -9999 -9999 -9999 -9999 -9999 -9999 -9999 -9999 -9999 7.81179868485901352 10.5001040322944519 12.4686175251257918 13.9671346487610144 15.1892007475733113 16.2637663362524876 17.2497665183431579 18.1375035248355196 18.9766560645426772 19.7911909274346414 20.5120270285664432 21.2128995583016184 21.861431224234984 22.4893230234526698 23.1039009128300492 23.7044340857246496 24.3010101261500111 24.8606670405734995 25.3653710967631127 25.9069980597419018 26.4042611795777553 26.9228702108406672 27.3959372769022025 27.8994313981225481 28.3247360823966297 28.7610199079459221 29.186242654470842 29.6038309675678093 30.067763736076369 30.4563762030369531 30.8556331731832678 31.2440661167479021 31.6175356319311049 31.9794340540270703 32.3267104328154247 32.680918357413212 33.0358478438472645 33.3803922849031309 33.7170695282367916
-9999 -9999 -9999 -9999 -9999 -9999 -9999 -9999 -9999 -9999 -9999 9.67367056480443033 12.1147310178919998 13.6394592592636403 14.8990104904778384 16.0048829253500848 17.0431961936712923 17.9531962973086152 18.7855804010070173 19.5474670967515536 20.3261257946815981 21.0647009336468187 21.6905658275549484 22.3253746745046016 22.9344547093112219 23.5348905386784502 24.1211183416591304 24.7087070816190462 25.2512898626858302 25.7564291420229239 26.2605356833365668 26.7629686779353477 27.2516475963435525 27.7349369372572632 28.2062040636725477 28.6269128220095226 29.061484733978272 29.5192825871159954 29.9367820676461918 30.3747314035645601 30.7818118575103448 31.1890978744074374 31.5831936117480048 31.9692552411164925 32.3385563800224674 32.713145001353837 33.0880077889053581 33.4521266112543501 33.8083355101190577 34.1586208808569651
-9999 -9999 -9999 -9999 -9999 -9999 -9999 -9999 -9999 -9999 8.58560511531009318 11.6495830301972401 13.2399880347051848 14.5805563122763147 15.7001033743571359 16.6941806786610201 17.680706086658752 18.5663509567129772 19.3717460065540124 20.0747427815647654 20.7985723913848375 21.4621707197390492 22.0801279020438699 22.706736469962749 23.3020355060469484 23.8924198810918931 24.467227882249162 25.0333582930896732 25.5424674066712427 26.0522574382284091 26.544759589623343 27.0441036322550055 27.5131493697915168 28.0102886103156834 28.4623229636880382 28.8795897987149388 29.3035877692014317 29.7871879591429902 30.1978138076293448 30.6029080146384018 31.0124282942657423 31.4075661034932558 31.7981110593236984 32.1825836470728674 32.5693730181724774 32.9603108039128259 33.3391657870122273 33.7119925218529417 34.0815522249255949 34.4451286772984275
-9999 -9999 -9999 -9999 -9999 -9999 -9999 -9999 -9999 7.74862172118312209 10.9513431581957938 12.7262074904647147 14.1204977271480825 15.3157438204370298 16.3515576720361615 17.2934919100380711 18.1615116416360252 18.9994319795250632 19.7942983236439751 20.4876885318078763 21.1847174534869716 21.7946806048326849 22.3995331439093128 23.0133555893448687 23.6017955518448126 24.1883947222269171 24.7534666588798871 25.2893103524295455 25.7898288637457611 26.2919081222592972 26.790171040746209 27.2685025493015125 27.7555863501448457 28.2225265083358181 28.6613002681007387 29.1246906503331644 29.5421310351379383 29.9720119436491572 30.3778709764632175 30.787100450634739 31.1872169387135543 31.5788850993065928 31.9644641706231027 32.3461647184674987 32.7363068414595872 33.1240716264348904 33.4979526420367506 33.8681167090206614 34.2355801620061015 34.6003904367691888
-9999 -9999 -9999 -9999 -9999 -9999 -9999 -9999 -9999 9.51681737666748084 11.9431727438891819 13.4827671084054259 14.7376935200522645 15.8216023283077583 16.8036458988019781 17.7349710556883338 18.5377419275128545 19.33777705038964 20.0538417802808198 20.7983454047993881 21.4370812200596568 22.0411764207470107 22.6380566230371976 23.2415106045034818 23.824447076343116 24.4027833215107748 24.9726018011948625 25.488057355126184 25.9898769726337235 26.4889645659487662 26.988734461399094 27.4600237884715099 27.9547177339096393 28.4104698638216533 28.8329757449092945 29.269019492157021 29.7353780697764307 30.1437640928312582 30.5514091926348392 30.9524866766608149 31.3458933874747139 31.7327872133334772 32.1158484677041898 32.5027431354260301 32.8916216992804564 33.2691252035329157 33.6404216349036389 34.0087208059756279 34.3740543265360259 34.7468379648624222
-9999 -9999 -9999 -9999 -9999 -9999 -9999 -9999 6.93494821529295979 10.8139979478042925 12.5651335150092081 14.0661286262453338 15.2012480751980039 16.1542492898956844 17.1248634135142304 18.0316933338179766 18.8194470229201194 19.6137630693386349 20.2940493975937244 20.9807822918327496 21.6776930220291746 22.2876566721793594 22.884897943570973 23.4798866392032792 24.0660385157367358 24.6134755168229873 25.1282493115274583 25.6422662879489884 26.1441724160489919 26.6414762099030185 27.1387954147489374 27.6106801713735521 28.0496400329875861 28.5427152066248979 28.9759102644213229 29.387739681409375 29.8149272319407501 30.2818074010243024 30.6967085671050626 31.0879974959235881 31.4778709648991679 31.8620049203312519 32.2434349635022954 32.6303794238962226 33.0172132529933009 33.3886384392655913 33.7575776208880214 34.1235076534924175 34.4869028784714544 34.8159058694059098
-9999 -9999 -9999 -9999 -9999 -9999 -9999 3.32562145343130089 9.17322531198197844 11.4745114049684407 12.9842066724411556 14.4009882762738268 15.4416130479458555 16.3776986569595699 17.3382020318372234 18.2177813982425043 19.0052117062904493 19.710753091184646 20.4600215253252493 21.114391822708356 21.7678707170072165 22.3801017035225094 22.9847873934270268 23.5792747185654648 24.1674905270066631 24.7109927400349072 25.2088333233220645 25.7265919937835754 26.2291136449261408 26.7233380196048351 27.2220698249204744 27.6920951577496517 28.1228512662017422 28.6200265572679875 29.0591090681697217 29.4699605551733406 29.8791039700596563 30.3061057907356819 30.7187870360262743 31.1125253277057858 31.5025541007925476 31.8860980623186023 32.2689958471518921 32.6563783450749909 33.0403809402137512 33.411647755165518 33.7797285027051331 34.1442371666649933 34.5064033348964969 34.8595409882123093
-9999 -9999 -9999 -9999 -9999 -9999 -9999 4.92502184786835784 9.94456913260225051 11.8410891573744763 13.211441295577929 14.5254952882625101 15.6056619771592633 16.5484870436105638 17.4197765750259492 18.2672734538153279 19.0642623513616449 19.8364601763098278 20.5131453471000924 21.1570822535715095 21.7867523030475496 22.4018343965991562 23.0057173481899611 23.6010962133534328 24.1898817352718325 24.7624195554627953 25.2884368449956831 25.7921468118603698 26.3012060436872588 26.8010316604517556 27.2893536109790205 27.7338983423226999 28.1711555003805714 28.6699455473879858 29.1092542608926408 29.5235058906462235 29.9342550597781987 30.3548979023804151 30.7595776078193666 31.1573344898213875 31.5497895178387253 31.9386523072727364 32.3295300865452404 32.7231159567914958 33.1015344254944353 33.4749590145531357 33.8447948570210926 34.2105839122758582 34.5857339746393038 34.9525488168954581
-9999 -9999 -9999 -9999 -9999 -9999 -9999 7.02954285117542454 10.4422233084961835 12.0903331350279437 13.3308279955843592 14.6522128472454121 15.6715235207140893 16.6344564148248182 17.5427879909241149 18.3819348402816232 19.1127747372855517 19.879640647743642 20.5495269921951653 21.1797696318835094 21.8068943996446762 22.4198886493531759 23.027405315405538 23.6194357782049558 24.2047009490621932 24.7821542711982836 25.3080620556753964 25.813320524323828 26.3228492037374622 26.8214033247790304 27.3155629905596378 27.7603495354432681 28.2001412896160417 28.6807801229505763 29.1371644256817426 29.5560570844833528 29.9700343106498828 30.3935626782661714 30.7965263474835034 31.1946983798103723 31.5891313151345905 31.9783919610040854 32.3705841247329147 32.7647347276822316 33.1418596177739886 33.5149107052843505 33.8848764121700725 34.250512451290902 34.6279114701832498 34.99426147969114
-9999 -9999 -9999 -9999 -9999 -9999 -9999 7.23688323901603603 10.487247993440743 12.1168454252494477 13.3399132981275326 14.6822449465598126 15.7041226131786384 16.6473828857141299 17.560140128478281 18.3950423029040593 19.1182967241564192 19.8813697010678112 20.5502103045387798 21.2665857869736961 21.9008468917079036 22.5135701191938509 23.1201439691079642 23.6965023356295887 24.2094173374136261 24.7870308223828282 25.3204735003697152 25.8234724322304778 26.3303743130269829 26.8337385759471942 27.3237186353134689 27.7685085828981855 28.2104838405111806 28.712370668186658 29.1529203426613783 29.5701687033169272 29.9839564694051575 30.4085765993693258 30.8128067997207715 31.2098451413224787 31.6029154579498126 31.9904194641785118 32.3803311417354109 32.7728782388995654 33.1492389648574388 33.5224218465957051 33.891745842076773 34.2573038700307819 34.6282385409251319 34.9925500351234646
-9999 -9999 -9999 -9999 -9999 -9999 -9999 7.03553209627212617 10.4381975137247363 12.0840713561975388 13.3047339241892733 14.6292918886122845 15.6960833600750362 16.6364087908982654 17.5348218387920092 18.3623894615168801 19.1275003380249835 19.8601805974840246 20.5807650974438978 21.2674365457737302 21.9001913354489197 22.5146405201043009 23.1223569493206575 23.7077388776783167 24.2457228369532807 24.7818098984470296 25.3392430013006056 25.8529449024787574 26.3244574563958267 26.8290312019199355 27.3185495542781531 27.7869000070921395 28.2412506931511089 28.7168041170789579 29.1487116644703299 29.5666144841893015 29.9812521675744428 30.4052092608906612 30.8081938497134153 31.2050322847360597 31.5975184724207026 31.9846216389761011 32.3748096376998973 32.7672879984852301 33.1438691573244526 33.5165865169457575 33.8862721130134048 34.252570803189947 34.6019847242703804 34.9581325077886405
-9999 -9999 -9999 -9999 -9999 -9999 -9999 4.92392791303569588 9.93831559967754075 11.8338416346971886 13.1925943746307226 14.4812788678132502 15.5525365700382938 16.5336018901755892 17.435379499422428 18.263372983348841 19.0875214222550866 19.7976066864977902 20.5590033529618381 21.2096859080137854 21.8459016384727995 22.4578162745441574 23.0607657960414514 23.6538923442375335 24.2222608965041246 24.7386199435702672 25.3049553327226704 25.8239214366686092 26.2854805822056328 26.7857964868938332 27.2672002439415877 27.7623596897355043 28.2309223322759806 28.6601138368537569 29.0842794012044941 29.5101021142157478 29.9246630140287095 30.3471940793999906 30.7514275113282594 31.1496199949938273 31.5423278278306682 31.9312412662461149 32.3237795409109978 32.7185787758224009 33.0968232244965535 33.4718049963008184 33.8426341312266104 34.2096213922329753 34.5865490316271647 34.9527057603628464
-9999 -9999 -9999 -9999 -9999 -9999 -9999 3.32297601688726996 9.16816198353176581 11.4581323768257199 12.9018249505111697 14.2068193807564089 15.3121734208537461 16.3416314353069723 17.2769863953667375 18.1113723545442475 18.9133269811862235 19.7174719175518831 20.4122757833904807 21.0697209826054035 21.7148813814352799 22.3266998840459472 22.9311810002500351 23.5251921668009913 24.1097839182231084 24.6835372397469897 25.2132467278521055 25.711878409161244 26.212090456023514 26.7061045252819369 27.1790461502405805 27.6688449277532449 28.1331361833553935 28.5554238575817365 28.9876562968155227 29.4674955350012873 29.8813590782921956 30.2971408299237908 30.6983937386995365 31.0925355046458733 31.4825938982540485 31.8659966599404321 32.2518542309768179 32.6416309160993947 33.0188329738083937 33.3909397835454484 33.759749628292326 34.1249272982366847 34.4988774809911618 34.8648455412826834
