data/CoulombOnly/Outputs_CoulombOnly/EllipticCylinder_03CoulombOnlyInternalFrict30_null_TITAN2Dv420_pfv.asc
ncols 1001
nrows 301
xllcorner 997.50
yllcorner -5002.50
cellsize 5.00
nodata_value -9999
[rows 154 to 175 of 301, columns 450 to 499 of 1001]
76.0906736060738638 75.503722090367134 74.9188799292655432 74.3275696869273759 73.7695319756344219 73.2070118208809077 72.5664924326853082 71.9790431960118156 71.3837566874642704 70.7875557668109252 70.6013791222794822 70.5981229037837466 69.304219728411411 68.50243230548989 68.0094202206399103 67.1996951943483083 66.547525699884531 66.2058131087575674 66.0511699757887811 66.1464696222475794 66.3241464281034183 66.473582050818294 65.6792054297634706 64.3052771456945891 64.3856740425646876 64.4918624211043578 64.5876069352018618 64.6725396045049195 63.0229356451121419 62.3146485595163568 62.2721235602041574 62.202234951040964 61.9863292084843138 62.0030310255172736 62.0959582694763412 62.2338319572423941 62.4150998168531714 61.858742212080827 60.4994013254031984 60.5663996926432588 60.6799201242979294 60.8302707447667146 59.5170761855558226 58.4585432043375164 58.450863512471642 58.4061919957481877 58.3930531816301723 58.2250284326771137 58.2620246334928922 58.4228350085212469
75.6648021778870117 75.0683509446815407 74.4752913083753612 73.8751120326071202 73.3423655457849293 72.8317309379115585 72.0942585128810549 71.4996703389963102 70.8957644383037575 70.2851758954287646 69.7217355096699407 69.2682683653692806 68.9123137507625643 68.8173849919001412 68.6728598010186744 67.0142578083930402 66.2554676334139288 65.9026199748270756 65.6628372621564722 65.6247898943622943 65.705691650942029 65.7965518828513467 65.0231779702189101 63.521486203585134 63.2836237973098648 63.1104917319875511 63.0498704294014729 63.0468324051324984 63.0552645919348791 63.1259814050790169 63.1789937095682603 63.110618101095497 61.7130258856853828 61.4770728369311428 61.5046587078075504 61.5671848943496798 61.6725128789865806 61.0752230199126203 59.4548638558711815 59.4275251372761488 59.3749128517369087 59.2292582122321036 59.0499306935691237 59.0691156604515584 59.1945470498962933 59.3255426177574634 59.3410059592398227 57.927913091053945 57.5846018777361977 57.6786526208286574
75.1256849057485567 74.4939360310659282 73.8672618985374214 73.242369225134567 72.6226234416873666 72.0131989106499901 71.4074934745619174 70.8141170336816685 70.2196252815997042 69.6229412297151384 69.0562196716246746 68.639674853636464 68.3581130688037746 68.1702888406643694 67.8382884184194239 66.2796792683715381 65.5731595507298834 65.0772654376672648 64.7247439698914349 64.4853176426205863 64.374048548312075 64.3250147009305664 64.2990340700858809 64.1656160174050143 63.3417850955679285 62.6014119071527091 62.557509354028376 62.4879262738679557 62.441665557492108 62.4349887772650263 62.4381858158300886 62.3701527612124949 60.8153018195968968 60.4650203473131782 60.218618518146279 60.1086490634142194 60.0172038020088152 59.9798788802822003 60.001173490173116 60.0886136696692859 60.1532518194699506 59.272444724885716 58.357195191834883 58.3684213251229309 58.3973197487901814 58.4542793573543946 58.4424310017190436 56.7926565207330967 56.3934654445605332 56.3399703483385679
74.596392161858148 74.0162240092904398 73.4121294954351669 72.7940386504820651 72.1658841891976692 71.5308835778973275 70.8916819822140241 70.2496053923849217 69.606934948615546 68.9861562503579933 68.4384004096981045 67.9049951705445665 67.4437111438466417 67.013883322909038 65.9870510908427832 65.3783677408128625 64.9911070522895074 64.5860190047119005 64.2208742244069697 63.9475860957130067 63.791912017264309 63.692411554438884 63.5988393588396761 63.458154054581108 62.6370910685843896 61.7826036027660805 61.6350097327015689 61.5222829979546333 61.400515704345807 61.2897777247386557 61.2004259307601544 61.1828305888981561 61.2030738548218523 60.8992615815344109 59.668091297895927 59.4564844263954129 59.3551367647648291 59.2733257017464723 59.2264963524917363 59.2111632788019406 59.2349665951608415 58.3708713933996748 57.4861506329622642 57.4300758213641984 57.1470172126633429 56.983867664868086 56.957249391637788 56.9635001609516323 57.0488314082080947 57.0940716566409634
73.9025551100453555 73.3310631769219441 72.7434815215762569 72.1456296024543633 71.5403970409544741 70.9303485338767246 70.3167263161960676 69.7002061947625862 69.0817106523624886 68.4942021861379402 67.977986646470697 67.4895643764839122 66.9876044462682785 66.4598945654814628 65.3948596949762475 64.736250086813655 64.2837400841089845 63.853919667819298 63.449560675882779 63.1332576915749257 62.9216591011461333 62.7619554393207508 62.6092493200260876 62.4575042067237192 62.3601442065426284 61.6411772938539144 60.9549916503832918 60.8549824929876166 60.734903592121583 60.6293516688326548 60.5369163465349232 60.4506065192854791 60.3522998022133663 60.0380249442124523 58.8441717241556717 58.6409290359572566 58.4809235089803963 58.2346938221411037 58.1535731862638698 58.0614674554127674 57.9927517144829423 58.0062449873952275 58.0793133834596347 57.9471054109776489 56.7393347838601088 56.0925904001345188 56.0411607984515783 55.9732317201520218 55.9638513192887146 55.9647153937949966
73.5133650436256829 72.8888979679790054 72.2777365878623499 71.6966402670949776 71.1202137560505747 70.5460686646302548 69.9734889103868625 69.4024057004180435 68.8416983164104437 68.2659570215571421 67.6672916639917759 67.0438474824474469 66.3981886044941376 65.7453409246464275 65.1304216146046286 64.5630770351513519 63.9890746821051266 63.4088498840308858 62.8946945129391111 62.4838311377290481 62.1771934605391507 61.9288939162085015 61.7312732502832517 61.5732573742811908 61.4444740744332023 60.7863973657201626 60.1865263936322634 60.0686539866144855 59.9465516877180491 59.8408699988662534 59.7387492406143537 59.6178406773084433 59.3997811995847655 59.2623469018029141 59.1556467692352754 59.0724895631958944 58.5922456902601851 57.4444628152922689 57.3080017580878831 57.198547153768061 57.1050374319614136 57.0407454110314731 57.0082709583859852 56.9228540203002353 55.9458440332698856 55.3364964201697589 55.2190945247293143 55.1150031796064894 54.8409959012763082 54.7533975095795711
73.46409942554547 72.8397870411068737 72.2085896056681378 71.5983358320992807 71.0274503399943882 70.4902549342194078 69.944949298579985 69.3986488440095428 68.8425253412993783 68.276166030568092 67.6937407443499239 67.0829152929883179 66.4472667215201369 65.7840335047602736 65.0951312915495635 64.3921078134304281 63.6734490485167939 62.9523192868292512 62.3186112483573069 61.8189727515171086 61.4242551068240772 61.0836107959453258 60.7809282940113675 60.5132685711458222 60.2309306629876104 59.9721183917032477 59.735218218967205 59.4887561338945545 59.2708132181975103 59.0905113666759831 58.9221914220653247 58.7510390692465734 58.5499458997046673 58.3630238295161945 58.1935796756407271 58.0511731852862454 57.65862183981789 56.7783026039878962 56.487541816479677 56.3728626564881239 56.2726504129002763 56.1782004300599667 56.1029865102369456 56.0630602541740686 55.9851821022800493 55.7980139511010336 55.6309400876545794 55.4390987919296947 54.014833058420578 53.6649305435271415
73.3023396127530162 72.6852109092804 72.0531324287150312 71.4097691945903961 70.8155537498689114 70.3143945863655233 69.8191903003961443 69.3020533859841947 68.7683086055368307 68.2138858171712741 67.6366314178266208 67.034971892478211 66.40369931076971 65.7466235260630327 65.0675557837077179 64.3755127059624925 63.6683721547458958 62.9564458610838216 62.3106008313100048 61.8163234746755776 61.429003641292276 61.0872287161668339 60.7423638909602914 60.382015504808102 60.0137698315758996 59.6580225883538873 59.3290403056768767 59.0038925540248371 58.7240903899684383 58.4971314128875193 58.2869218914336003 58.0845683831229138 57.8903690704465106 57.7052657696070384 57.5193907481128264 57.3440393445314811 57.2220549887087344 56.7664087310701291 55.8120434351410779 55.6300036596961434 55.4550470648687011 55.3000171276639136 55.1753511190015402 55.0416053584982023 54.852011106337244 54.6388207475484791 54.458785551081192 54.2555425847319199 53.4175325210483081 53.1151572941827936
72.7623054848285022 72.2316171737032704 71.7274080165336443 71.1432916281878533 70.5754990875787627 70.0477614927205963 69.5535699489126529 69.0422675066861018 68.530968823463283 67.9996927593292071 67.4429734875985218 66.8524618258463192 66.2347311191771979 65.5870641067577651 64.9165211202474666 64.2320377455401399 63.5316778301429039 62.8247494141053835 62.1611808219051625 61.6575360181887433 61.2477082577336276 60.894802460755713 60.5848431371988383 60.2679885184309825 59.9479722655822442 59.6352161833165155 59.326388667408402 59.0124834961913294 58.709827745080716 58.4176611159618062 58.1232308083167482 57.8246112862817299 57.5266578557960955 57.2206917959486105 56.9133309474560747 56.6038299025012748 56.3209097953838835 55.9191412308978855 55.362799028100774 55.1562577983332858 54.9463930122810424 54.7573631499215878 54.6074363095919111 54.4342279219174827 54.204412304453065 54.0013852190068846 53.830624579207047 53.6906654678374977 53.57508479840169 53.3256665603203643
72.3030344120779063 71.7964860734863493 71.6266237748091612 71.0752651544442386 70.5178347576554359 69.9340178878524057 69.3227372964999944 68.7430236091528428 68.1184369857653707 67.5272106145850159 67.0299093497342966 66.4459696433652454 65.8310897399941553 65.2159481677676069 64.5804660865030655 63.9195731869746169 63.2453419568327462 62.5560193980736869 61.9190318383163785 61.4839892499253082 61.1065770883502069 60.7921985249542161 60.4986800457954104 60.1992311054302718 59.8931009663925096 59.5792907397344607 59.2603867247955591 58.9424409765059067 58.6225425111835889 58.2948067253153042 57.9597096848867679 57.620345410059862 57.2706983459178431 56.9142406213421523 56.5489118520061638 56.1777269628172391 55.8105419700228822 55.4802860777522753 55.1944162965784031 54.8959210545551031 54.5937700522982396 54.2896720327767639 53.993855533014731 53.7127288908049536 53.4336807127447457 53.169797057916 52.9188288867491394 52.6791566343368984 52.4545096639632789 52.1875756030037223
-9999 -9999 -9999 -9999 -9999 -9999 -9999 -9999 67.6071537082126639 67.196482915303875 66.817792082183999 66.2022205217649855 65.5667322646093282 64.93918874354857 64.3251459724462791 63.6145851146431625 62.9157497978533229 62.2559407642338911 61.6692735946387884 61.4521339934799258 61.09282219139115 60.7915871017441276 60.4954663034363023 60.1934844078975573 59.8825756936163884 59.5644763875654419 59.2425699430557842 58.9148839366658663 58.5820174085625425 58.2466025173855755 57.9035456218763755 57.5560090670484712 57.2020826292967399 56.8447121673993792 56.4852919453491751 56.1277125810924673 55.767641073703814 55.4161080146006526 55.0854820422449478 54.7545651271634171 54.4150899315004892 54.067532721396482 53.7324993554359409 53.4238016522348218 53.1321957201774069 52.8532146653996975 52.5886296419334798 52.3371920896223486 52.0943974548211202 51.8859220014995941
-9999 -9999 -9999 -9999 -9999 -9999 -9999 -9999 -9999 -9999 -9999 -9999 -9999 -9999 -9999 62.9973443209621209 62.8451967493007118 62.2073452222052481 61.582051461874542 61.0740792581048737 60.7729239500375016 60.4674508380076787 60.1782956039600379 59.8791859075822117 59.557843712803276 59.2358028940150518 58.925438756099993 58.5594993344734362 58.1967485241672264 57.9200052605543334 57.6062624846957263 57.3550303538602932 57.0478031559266725 56.7286909680914135 56.40506432339496 56.0788754643117215 55.7481968019707494 55.4158886358077396 55.0812177744169063 54.7419208895391449 54.398890503838544 54.0527369032518195 53.7088526474619314 53.3687871839289443 53.0308117571972346 52.6967795835639592 52.3671359634021272 52.0386720014092958 51.714716235024099 51.3956749017313754
-9999 -9999 -9999 -9999 -9999 -9999 -9999 -9999 -9999 -9999 -9999 -9999 -9999 -9999 -9999 -9999 -9999 -9999 -9999 -9999 60.3473537087610765 60.0017294833923387 59.9125409362115846 59.6397618937191822 59.3004406817793424 58.9599573272598789 58.5895696848643652 58.2193434119442017 57.8365178660986814 57.4666493659004374 57.3307484298028598 57.3132179296878235 57.0352532794020775 56.7214813231364516 56.3976600741785177 56.0722180843629872 55.7434086422952504 55.4055628048904936 55.064450195200628 54.7237111573285091 54.376581314182495 54.0274295957128246 53.6808032218257836 53.3352340362846178 52.9924094445643661 52.6555501631126077 52.3170964592938859 51.9828641696686944 51.6523846899944346 51.3230275924481845
-9999 -9999 -9999 -9999 -9999 -9999 -9999 -9999 -9999 -9999 -9999 -9999 -9999 -9999 -9999 -9999 -9999 -9999 -9999 -9999 -9999 -9999 -9999 -9999 -9999 -9999 58.1915673175916908 57.9852113374377609 57.7344155253219071 57.376028529629977 56.9770242174023309 56.8391745410321363 56.5328775371133645 56.2078512765047833 55.8956615800457257 55.5877747829214002 55.2728697790194374 54.9136657764211691 54.5475362698297843 54.230476242472669 53.9198578442883232 53.5769872790607451 53.2515410993213507 52.9484802498903733 52.7326403292335968 52.4467610588360458 52.1136376971068387 51.7819738510923671 51.4423817360696276 51.0976179863767257
-9999 -9999 -9999 -9999 -9999 -9999 -9999 -9999 -9999 -9999 -9999 -9999 -9999 -9999 -9999 -9999 -9999 -9999 -9999 -9999 -9999 -9999 -9999 -9999 -9999 -9999 -9999 -9999 -9999 -9999 -9999 -9999 56.1114928507189603 55.7536166429432924 55.562418735847956 55.1896202663306212 54.8211239076997501 54.4545603567620873 54.0624185189248436 53.6508386650960745 53.2737009165880195 53.0253583730356723 52.7760741827839155 52.6271043898384221 52.6073630755889781 52.3685529460661385 52.0475657008215791 51.729315270269268 51.4042128665583178 51.0715646764976512
-9999 -9999 -9999 -9999 -9999 -9999 -9999 -9999 -9999 -9999 -9999 -9999 -9999 -9999 -9999 -9999 -9999 -9999 -9999 -9999 -9999 -9999 -9999 -9999 -9999 -9999 -9999 -9999 -9999 -9999 -9999 -9999 -9999 -9999 -9999 -9999 -9999 53.9454521409786878 53.8272270888020117 53.4513710634022416 53.0913939932626704 52.8693211362846895 52.6163867090028532 52.2789287201386514 52.0173094966203919 51.7043959064249847 51.3765581462996224 51.0684137090361148 50.7453538251618568 50.3649795742254724
-9999 -9999 -9999 -9999 -9999 -9999 -9999 -9999 -9999 -9999 -9999 -9999 -9999 -9999 -9999 -9999 -9999 -9999 -9999 -9999 -9999 -9999 -9999 -9999 -9999 -9999 -9999 -9999 -9999 -9999 -9999 -9999 -9999 -9999 -9999 -9999 -9999 -9999 -9999 -9999 -9999 -9999 -9999 -9999 51.4863379565908446 51.1950285020200084 50.7758800795823717 50.3673782298696366 49.9872057431461556 49.5891204377355379
-9999 -9999 -9999 -9999 -9999 -9999 -9999 -9999 -9999 -9999 -9999 -9999 -9999 -9999 -9999 -9999 -9999 -9999 -9999 -9999 -9999 -9999 -9999 -9999 -9999 -9999 -9999 -9999 -9999 -9999 -9999 -9999 -9999 -9999 -9999 -9999 -9999 -9999 -9999 -9999 -9999 -9999 -9999 -9999 -9999 -9999 -9999 -9999 -9999 49.2755387561575517
-9999 -9999 -9999 -9999 -9999 -9999 -9999 -9999 -9999 -9999 -9999 -9999 -9999 -9999 -9999 -9999 -9999 -9999 -9999 -9999 -9999 -9999 -9999 -9999 -9999 -9999 -9999 -9999 -9999 -9999 -9999 -9999 -9999 -9999 -9999 -9999 -9999 -9999 -9999 -9999 -9999 -9999 -9999 -9999 -9999 -9999 -9999 -9999 -9999 -9999
-9999 -9999 -9999 -9999 -9999 -9999 -9999 -9999 -9999 -9999 -9999 -9999 -9999 -9999 -9999 -9999 -9999 -9999 -9999 -9999 -9999 -9999 -9999 -9999 -9999 -9999 -9999 -9999 -9999 -9999 -9999 -9999 -9999 -9999 -9999 -9999 -9999 -9999 -9999 -9999 -9999 -9999 -9999 -9999 -9999 -9999 -9999 -9999 -9999 -9999
-9999 -9999 -9999 -9999 -9999 -9999 -9999 -9999 -9999 -9999 -9999 -9999 -9999 -9999 -9999 -9999 -9999 -9999 -9999 -9999 -9999 -9999 -9999 -9999 -9999 -9999 -9999 -9999 -9999 -9999 -9999 -9999 -9999 -9999 -9999 -9999 -9999 -9999 -9999 -9999 -9999 -9999 -9999 -9999 -9999 -9999 -9999 -9999 -9999 -9999
-9999 -9999 -9999 -9999 -9999 -9999 -9999 -9999 -9999 -9999 -9999 -9999 -9999 -9999 -9999 -9999 -9999 -9999 -9999 -9999 -9999 -9999 -9999 -9999 -9999 -9999 -9999 -9999 -9999 -9999 -9999 -9999 -9999 -9999 -9999 -9999 -9999 -9999 -9999 -9999 -9999 -9999 -9999 -9999 -9999 -9999 -9999 -9999 -9999 -9999
