data/CoulombOnly/Outputs_CoulombOnly/EllipticCylinder_03CoulombOnlyInternalFrict30_null_TITAN2D_pfv.asc
ncols 1001
nrows 301
xllcenter  1000.00
yllcenter -5000.00
cellsize 5.00
nodata_value -9999
[rows 132 to 153 of 301, columns 392 to 440 of 1001]
-9999 -9999 -9999 -9999 -9999 -9999 -9999 -9999 -9999 -9999 -9999 -9999 -9999 -9999 -9999 -9999 -9999 -9999 -9999 -9999 -9999 -9999 -9999 -9999 -9999 -9999 -9999 -9999 -9999 -9999 -9999 -9999 -9999 -9999 -9999 -9999 -9999 -9999 -9999 -9999 -9999 -9999 -9999 -9999 -9999 -9999 -9999 -9999 -9999
-9999 -9999 -9999 -9999 -9999 -9999 -9999 -9999 -9999 -9999 -9999 -9999 -9999 -9999 -9999 -9999 -9999 -9999 -9999 -9999 -9999 -9999 -9999 -9999 -9999 -9999 -9999 -9999 -9999 -9999 -9999 -9999 -9999 -9999 -9999 -9999 -9999 -9999 -9999 -9999 -9999 -9999 -9999 -9999 -9999 -9999 -9999 -9999 -9999
-9999 -9999 -9999 -9999 -9999 -9999 -9999 -9999 -9999 -9999 -9999 -9999 -9999 -9999 -9999 -9999 -9999 -9999 -9999 -9999 -9999 -9999 -9999 -9999 -9999 -9999 -9999 -9999 -9999 -9999 -9999 -9999 -9999 -9999 -9999 -9999 -9999 -9999 -9999 -9999 -9999 -9999 -9999 -9999 -9999 -9999 -9999 -9999 -9999
-9999 -9999 -9999 -9999 -9999 -9999 -9999 -9999 -9999 -9999 -9999 -9999 -9999 -9999 -9999 -9999 -9999 -9999 -9999 -9999 -9999 -9999 -9999 -9999 -9999 -9999 -9999 -9999 -9999 -9999 -9999 -9999 -9999 -9999 -9999 -9999 -9999 -9999 -9999 -9999 -9999 -9999 -9999 -9999 -9999 -9999 -9999 -9999 -9999
-9999 -9999 -9999 -9999 -9999 -9999 -9999 -9999 -9999 -9999 -9999 -9999 -9999 -9999 -9999 -9999 -9999 -9999 -9999 -9999 -9999 -9999 -9999 -9999 -9999 -9999 -9999 -9999 -9999 -9999 -9999 -9999 -9999 -9999 -9999 -9999 -9999 -9999 -9999 -9999 -9999 80.8795755497062316 80.7782804779254917 -9999 -9999 -9999 -9999 -9999 -9999
-9999 -9999 -9999 -9999 -9999 -9999 -9999 -9999 -9999 -9999 -9999 -9999 -9999 -9999 -9999 -9999 -9999 -9999 -9999 -9999 -9999 -9999 -9999 -9999 -9999 -9999 -9999 -9999 -9999 -9999 -9999 -9999 -9999 -9999 -9999 83.9977561740089129 83.8856715738908321 83.0537489113208807 82.7367952022208755 81.949166699877054 81.1600605911388442 80.7589130787878133 80.8056650575106659 79.721554046737154 79.5451790305938005 78.828547368944939 78.2835726246630799 77.7341607471604874 77.2141702136678276
-9999 -9999 -9999 -9999 -9999 -9999 -9999 -9999 85.9973876499151544 -9999 -9999 -9999 -9999 -9999 -9999 -9999 -9999 -9999 -9999 -9999 -9999 -9999 -9999 -9999 -9999 -9999 -9999 -9999 86.8488792321873433 86.7710723028926054 87.123834133796052 87.1362128542231318 86.5173664793883006 86.0681280107828854 85.4307676939914558 84.6848197500799671 84.1140633402586673 83.3852192737292484 83.0443626226303167 82.3736366160505042 81.8600055091873173 81.1935231997218523 81.269163651335262 80.1908156461642108 79.7807948220211784 79.1719104673134808 78.8790612079000226 78.0093248545993276 77.5475354305838778
84.0657615778790159 83.7342722626095082 83.5359558658738877 83.9368940584105445 84.1208084186982319 83.762209283434558 84.4057972945467583 84.6794383639199424 86.047927761742443 84.3880114824077481 84.9731386703289502 84.8358071053052214 86.331905940882848 85.5356919826685242 85.7047887998971305 86.5244127409708312 86.3482205245436347 86.4654270660516886 86.7869286452124413 87.1391909618814537 86.318485375296234 86.4762934776700263 86.2217022974726603 87.92275836692545 86.6959592110785309 87.0715344372864024 87.0965036446534526 88.6731398382121512 87.1608671388439546 87.8228689728856864 88.3893176573557753 88.5652283974649492 87.5450048283508835 87.0894836720439685 86.4911168606616201 85.6914145194708539 85.1902771980433045 84.3240941085214075 84.0540527534284791 83.3184891119011013 82.9102992036406903 82.0265281926500194 82.6621266894007931 80.9540778099291458 80.5093512450851279 79.9498338705605676 79.9729367385174896 78.647893925482748 78.1729863156875382
84.7480375074753027 84.8497775051564247 85.1533305736863184 85.1934783989142517 85.4587558965419305 85.4721037200411615 85.8409313205087443 85.7326991542395831 86.093161147124448 86.1165811445670215 86.4834230985659644 86.431924890620536 86.7698102914025924 86.7660494955581072 87.0293180133260336 87.0385104453940386 87.2395519887195974 87.2708362546298417 87.400054032201794 87.8447182350181066 87.8839750970995084 88.1702633771183457 88.1197208305517705 88.4972764422643934 88.504957907998218 88.7851038083215087 88.8412278719801236 89.1878787252239533 89.2078833359529284 89.6754543677250382 89.7028774732102363 89.5748877709318805 89.4285677278239461 88.8698802242525687 88.1445018591168008 87.3333637500045938 86.6268643741605331 85.8541386783095248 85.3131375450451941 84.4094987519741835 83.9153720529229474 83.1717457202409918 82.6435387317349495 81.6977988719592645 81.264442987833263 80.4915765629885698 80.0218088875882074 79.3350154342502947 78.7703280471698548
87.0611962113787712 87.1685010620019796 87.4642670114132557 87.4797623593918701 87.7852667152746164 87.7420089340771483 88.1202569136911791 87.9734537801968486 88.3172871457817763 88.2135417434891309 88.6135853878364088 88.5323194263528279 88.9679059796948195 88.9236418718486448 88.974457445901848 88.90934556201519 89.355073462901828 89.3629654630086918 89.4838339742711071 89.92567574555801 89.9270747966624953 90.2218677586401441 90.101684537928918 90.4397575711943205 90.3410942040268026 90.7215408153006848 90.7490524570714427 91.0295518054992385 90.8067249862923234 91.1899645464073245 91.2835064718075273 91.3460286065496234 91.133876145633721 90.4886446502901691 89.6556485354205392 88.6670014036617715 87.9650484887772564 87.0026148711666849 86.391731562624102 85.4301133994384116 84.8621136110882759 83.8855153971406224 83.4269942019096931 82.5263848380446632 82.1067295735459481 81.2377793528432619 80.7523661997399103 80.0019890963339435 79.3810958399579363
88.7784383546584763 88.8277619241908951 88.3915923324940422 88.5669354186783551 89.3658444966398662 89.0713180892629453 88.9743960092372106 89.253129474893754 90.6644981439903574 89.5396326791042441 89.7101358931207784 89.6905786371596463 90.155471278076206 90.2490769768984791 90.1041942751408698 90.5650689772714372 91.0299756271315914 90.7178805641779036 90.9888203774106756 91.4648639445190668 91.2141988975737377 91.0908530782656385 91.2796263495964837 92.6414500783556605 91.6878393065593542 91.6770021547342679 91.9245846633834987 92.2798259170652386 91.9708939304275219 92.1062603763283079 92.4780876975910076 92.942317043753107 92.140142893725951 91.3145921790845421 90.9119981861283435 89.6717697564186267 88.2316033006356406 87.5706571263575739 87.3718771414327051 86.2815693041761307 85.3733423438921193 84.6947598607696932 84.167963959756662 83.395410650763182 82.715923612763973 82.3725551460835703 82.1182832855249814 80.5321028331989766 79.6984339040750029
89.5090575036787754 89.7636130617862449 89.4293048752511623 89.6125920997419172 90.2286879804909603 90.0658125850071372 90.0066393507299267 90.2802126146169854 91.3264614793128686 90.5750523393708278 90.7345722435066762 90.729488745106849 91.0000461270874723 91.0753298809627267 91.0482662825710634 91.3645087839581294 91.4345964877487205 91.280236554998865 91.5967120481200254 92.1797874314498813 92.1711461040744524 92.0940724590838613 92.306540253797408 93.3373803172859624 92.7081089322835084 92.6373004522229024 92.8465971593698072 93.1747913659836797 93.0973021100474938 93.2742351377209076 93.4757991295524278 93.5613418208442482 92.7501364637084436 91.9310208636304509 91.3620800294781787 90.2048005130602348 88.8250612628140601 88.1098303584709583 87.798325561683086 86.8414612632809337 86.0482140210312281 85.3895294590913352 84.806801946618549 84.0402536728820593 83.3405563484229788 82.9431126811272748 82.5602387681753811 81.2207885580783397 80.3973474590499819
90.0168324726120801 90.2670954499612179 90.4354985525192205 90.5562184198383022 90.6848208530856823 90.8201780770515512 90.9740562243342481 91.0901777298110744 91.4435010457633126 91.2683018737530745 91.764433419176612 91.8297929677696061 91.9820365237749229 91.9800536567878311 91.967723212399747 91.9442363380124306 91.9869172464210294 92.1793342988275128 92.3456433203436688 92.5725022132811262 92.7970452087572397 92.9587150612163953 93.049528125130081 93.1612052095254484 93.2772029420443829 93.3840079261966167 93.4988714401369947 93.8729629177087901 93.6337521666057171 94.0042467053750954 93.6585178519890746 94.0168039156540374 93.4202463865962471 92.5176516739977757 91.3113789646782692 90.1915867394041726 89.2392341221690799 88.3571125579425569 87.6238621421549198 86.8508952986694283 86.204713251522648 85.4279319213577111 84.7923577643230431 84.0590744473092286 83.4714203565909116 82.8917770651100909 82.2811051801037081 81.6542672193515386 80.9403580404004117
90.9669073189028978 91.0844638433319034 91.2079590012445465 91.3133392608490908 91.4045237215333088 91.4271867759349135 91.4476539123136121 91.448155320209068 91.5387291684506295 91.5119820889173496 92.1649456356276033 92.2212193024554665 92.4113941966094217 92.5220606332185724 92.81070407852215 92.9290374401175541 93.0595203896846215 93.1633069718658646 93.2759796632922473 93.4118239182270287 93.5160482721186384 93.5878409837429786 93.5844527520841751 93.5830814437078402 93.5652575485810445 93.5474736899827803 93.5749743331099921 93.6693425085505709 93.5403024043594087 93.6079614810053044 93.7931726998331925 94.6379139983097559 94.0975576158489844 92.9481557765929125 91.641618794421035 90.3423353776442042 89.2651416774706803 88.2142646532276444 87.4813368726429843 87.0684294151774338 86.6492526986466771 86.0893767831621801 85.5196224301409984 84.88038180443138 84.2812497562670586 83.6951265946023568 83.0918530600876295 82.4441258107199104 81.7573866750340557
92.0912849581527695 92.0281511125953102 91.6469366974911708 91.6356816092788904 92.394684561273408 91.7825177242516332 92.5058352110573168 91.6544007006930599 92.6610513664296889 91.6074963238919793 92.9432004601732871 92.98012083704171 93.1054864791863963 93.2371052024629279 93.4309181823128512 93.8764160315889171 93.9553818534898681 93.6982119188620146 93.8760199711803267 94.4503078875211344 94.0582930045208485 93.7169491592159432 93.7182226808277079 94.6775120082087938 93.7922893499351886 94.7570674715590968 93.7183327133004411 94.8479801891474921 94.8264048512410511 94.8868064958630129 95.0537866131297307 95.2129996493015938 94.6265313360758 93.291457598065648 93.0463532676908045 91.5037815080219588 90.0499898662506837 89.4683408690963233 88.9714032174385494 88.2590213349666897 87.5737778762068899 86.836141059610938 86.0593286311612218 85.2680581896888015 84.5919122891702671 83.9947326196608088 83.415399030253468 82.7876356951733925 82.1467896154623105
92.0269602881839148 91.948012891640829 91.7397494146019596 91.6423096676715829 91.8204060859952023 91.6065122858057066 91.6663778422327766 91.4427508618177995 91.503267373518554 91.4552577455869482 93.5989127247206767 93.6846404107985222 93.8046387369764147 93.907773511225912 93.967937129142868 94.1064646615892286 93.8969235501112678 97.0434592266248472 100.012391819126648 95.8840447728467637 93.7295568932348999 93.7186246210581828 93.6329665469431376 93.7766123780490659 93.5672779277401361 93.6249113903966617 93.6280886584110306 95.6500424581021207 95.7633254680807369 95.8758729933133651 95.9257851628466796 95.7990808716982229 95.1313575692499001 94.0643240268877463 93.4868688513004855 92.5106415345701549 91.4364509908951675 90.7034154937692563 89.9589468270849295 89.13387953125536 88.331636867742148 87.5115701267288273 86.6716596501629795 85.7707172953622887 84.8436015760460975 83.8362280999127307 83.3558985254500868 82.6777881770961613 82.132506985439619
92.0264248016571145 91.9468382866865284 91.8787511706282771 91.7659986347769916 93.1047495074314497 91.8571918677382939 93.427359542544508 91.6053265795712548 93.7245244190710878 91.501814410611388 94.2095478518702691 94.2513038478633973 94.3346212797221284 94.339996529951847 94.3109057043714927 94.248468982669209 93.9753963724088521 97.9009594089713744 101.423431801475431 96.2772465465509981 93.7381291071418588 93.9092905790132164 93.6920318552755305 95.4957557768877621 93.6820838644083125 95.5972896694658232 95.8009390060385186 96.1080933363327432 96.2131067684481707 96.3119982488221922 96.3743886100435532 96.2665992589177364 95.7486149216274214 94.9162767880887941 93.9340726661983751 92.9481650865069184 91.9829559145191951 90.9443866436507165 90.0480003508097155 89.215067336724843 88.4312216049351036 87.6219499331914591 86.9663194754532896 85.9646392265168657 85.4743404157289035 84.509619543173784 84.0110764614381367 83.1949329068607 82.6154421313527081
92.2080671488140666 92.1135196463851571 91.9819652044193248 91.8422012754195549 92.0558598009323106 89.7930701639834581 89.4667203736486556 89.3009194582825074 89.3391522317144364 89.5734497485613304 94.5427798142717108 94.5451153057946811 94.5525664137019817 94.5359590210180869 94.4759991739987584 94.4215333346902099 94.265036169220366 94.6881406663902112 95.1296892215921446 94.4440216516055955 93.9657523397506083 93.9689103185084775 90.5129318575506971 90.0877105463863046 89.9852029422096251 96.1311364469069076 96.3322541260698131 96.3902746856925745 96.4939580771392542 96.5743871161183165 96.5828514690511071 96.474825750023868 96.0251314642063676 95.2214169204317784 94.2246293034960729 93.2015609426868394 92.1886172077840342 91.1099583500814703 90.1482540593510606 88.7848923833707744 88.3211376330943949 87.3216651066838665 86.9822688661395205 85.9708450375463542 85.5740400753944641 84.6396952644498271 84.1410985069961583 83.3114104073516017 82.7208670292396988
92.5462389449173912 92.4069587022600132 92.0709780027765987 91.9609417779144849 93.1863018019828502 91.9598149141851025 93.4491359473308592 91.7095807136937395 94.1527731558082195 89.5762678185854071 94.5775963214191506 94.5685413822256038 94.6040475489275678 94.5935543469198876 94.5498254026347098 94.5711809924357567 94.5246033873766862 94.2931607701134027 94.1477961473919152 94.7163064259702168 94.3374885838466639 94.0717068341883618 93.7957841249539399 95.4916542584870598 93.8045427576293491 96.1498136134026851 96.2598709205431931 96.4253458101948411 96.5159615960673989 96.5999161445335801 96.6219503485128115 96.5149985529468353 96.0543229774959002 95.2562446389537456 94.3271863436278011 93.314656883408631 92.3250662054086462 91.3503847784363643 91.8846207565174922 89.600685579304411 88.438942677087482 87.2904084170247643 86.9820773632533957 85.9569270303548478 85.5600871242918402 84.6235415148269681 84.1331353118651322 83.3293211821597879 82.7582420977428654
92.2727287624833679 92.1976349016293852 92.0843826447619449 91.9767282917936484 92.1125750650851387 91.9242106514360842 91.9180968530168627 91.7282487472822083 91.6714434402670406 89.7499676256023804 94.4508904413758756 94.4934598597556032 94.5585612113452214 94.5569121255786769 94.5249571032237412 94.479308743288712 94.423261601088285 94.3538458174268726 94.2784529233301498 94.2588588099649343 94.1696611228932454 94.0559897441319066 93.9856784159909893 94.0371918231769968 93.8614429071456726 93.8562724833291355 93.9714050736375555 96.3954837095150054 96.4591570368201729 96.5335116564714468 96.5723958126869917 96.4615929459478281 95.9677026144292853 95.1606926753480593 94.2110960919387139 93.2403345830868489 92.2901878910451927 91.3322861459042059 90.4591781611641039 89.4277427248636911 88.4456222269311922 87.1352134263476756 86.7654884363998633 85.8694097094254261 85.4892185483084148 84.6295668928556211 84.1358890207448411 83.3399622965427938 82.7710655655677812
92.1938942098497876 92.1647649053490596 92.12750703894325 92.0621128123971317 93.0267064682826685 92.196714005268646 93.3455628103420878 92.030423848098124 93.6023597237396245 91.9058102357437292 93.6838132468161575 93.7348745819227673 94.0827492408709674 94.1693133716251936 94.249949260583378 94.2463021980785669 94.2659177156764372 94.3040671326191671 94.2784894111568406 94.2253390358578855 94.1870178308848125 94.154597674583016 94.1023658541223114 95.4075015646316871 94.1478744309763869 95.6142219631388741 94.0630318808362915 95.6909312649345907 95.7727494979605325 96.0980252613824177 96.1378376939215258 96.0281995830477229 95.3983820800830244 94.4148085643477231 93.3857449559482546 92.4460564091847914 91.6545780390412546 90.8247094708286511 89.9394681342671447 89.0291199681240641 88.3120182351229346 87.6081608827014691 86.9265188828076134 86.2194586812236849 85.5324652704615573 84.8076565741416601 84.1280206893823674 83.320166817074238 82.6674113943088003
92.2326240589886766 92.2288129654780988 92.0973584100866844 92.0582824823907231 92.1598887172585108 92.0234733853477564 92.0616672104836624 91.9178083145322091 91.9745305317455433 91.8130231887946877 91.8321217898384674 91.9368660509511386 93.7087950644472159 93.7925566527279528 93.9133378469600189 94.1385844118458124 94.2591417510942478 94.2093251224640511 94.2149053242139161 94.3408516220144264 94.2670600587870808 94.152858104626759 94.093320204445817 94.1813195058261812 94.0536963913936006 94.1103589216391185 93.9671001357666427 94.0086179540231655 94.1825912973673525 95.7644116306738056 95.7991063002341292 95.7101957270489123 95.096546279209349 93.7455406125365585 92.5273342689128242 91.4236092305073953 90.6735737011427005 90.1826105076893896 89.6283766172928722 88.8995085648877534 88.1742139222205736 87.4677076474307 86.798272272913394 86.1028029999309723 85.388756118068784 84.6469214235290508 83.8624638387763923 83.0919911942078642 82.2294268122263361
