data/CoulombOnly/Outputs_CoulombOnly/release1HS_03CoulombOnly_null_TRENT2D_pft.asc
ncols     1001
nrows      301
cellsize  5.000
xllcenter         1000.00
yllcenter        -5000.00
NODATA_value       nan
[rows 155 to 185 of 301, columns 70 to 139 of 1001]
1.805501 1.814620 1.824566 1.834510 1.844451 1.854389 1.864324 1.875085 1.885843 1.896596 1.909006 1.919752 1.931323 1.942889 1.953622 1.964348 1.973411 1.983298 1.992350 2.001396 2.010436 2.020299 2.030156 2.040005 2.049847 2.061341 2.071997 2.084303 2.096602 2.110548 2.124487 2.139243 2.155648 2.172871 2.190911 2.208940 2.228614 2.248275 2.267924 2.288388 2.309666 2.330102 2.350523 2.372586 2.392978 2.414183 2.434544 2.456545 2.479356 2.501324 2.521621 2.541075 2.559685 2.574973 2.588593 2.600549 2.610013 2.616159 2.616513 2.613555 2.605635 2.592757 2.576575 2.556265 2.531832 2.502453 2.468131 2.428871 2.383028 2.332254
1.750499 1.757125 1.763746 1.771195 1.778639 1.786908 1.794344 1.802604 1.810859 1.817450 1.824035 1.828954 1.833038 1.837115 1.841186 1.844421 1.847649 1.850870 1.854084 1.857290 1.861317 1.865337 1.870177 1.875837 1.881488 1.887130 1.894419 1.901698 1.909795 1.917880 1.926783 1.935673 1.945379 1.954243 1.963094 1.972760 1.984067 1.994532 2.005809 2.018727 2.031627 2.044511 2.055723 2.066091 2.078096 2.084297 2.087175 2.088386 2.087932 2.084986 2.080377 2.072456 2.062874 2.050809 2.035438 2.016766 1.995620 1.971177 1.943439 1.912411 1.876448 1.834732 1.787269 1.733242 1.672658 1.606347 1.533492 1.454923 1.370646 1.282311
1.689739 1.694698 1.700483 1.705432 1.710376 1.713653 1.716095 1.716870 1.717638 1.716739 1.715834 1.714092 1.712342 1.709755 1.707160 1.705388 1.702777 1.700987 1.699189 1.698211 1.698053 1.698715 1.699366 1.700836 1.702295 1.704571 1.706006 1.709915 1.714640 1.720180 1.724877 1.731216 1.738368 1.746331 1.752622 1.759724 1.765981 1.768084 1.768517 1.767280 1.765202 1.762283 1.756871 1.749794 1.741880 1.733955 1.724368 1.713121 1.699391 1.683180 1.663668 1.641682 1.616402 1.587008 1.555151 1.518369 1.476668 1.428408 1.374421 1.313892 1.246010 1.173248 1.096435 1.016398 0.933144 0.848316 0.762739 0.676414 0.591801 0.508898
1.633170 1.634799 1.634761 1.633054 1.629679 1.625468 1.619588 1.612870 1.606144 1.598581 1.591010 1.583431 1.575014 1.567419 1.559814 1.553031 1.546239 1.540268 1.534286 1.529124 1.524781 1.521257 1.520209 1.522466 1.526367 1.529424 1.532466 1.536321 1.539332 1.543154 1.542819 1.541640 1.539618 1.535925 1.532217 1.526841 1.520623 1.514392 1.507321 1.498584 1.489010 1.477773 1.464876 1.450320 1.432459 1.412946 1.390959 1.365678 1.337932 1.306079 1.270125 1.228432 1.182655 1.131157 1.073949 1.011041 0.944087 0.873913 0.801345 0.728028 0.653965 0.579977 0.506885 0.436324 0.369107 0.306047 0.247953 0.195634 0.148265 0.109095
1.574138 1.566614 1.556590 1.544896 1.531533 1.517331 1.503122 1.488074 1.473849 1.460447 1.446206 1.433618 1.421022 1.409247 1.398293 1.387331 1.376358 1.367036 1.364343 1.364127 1.364726 1.364482 1.365052 1.364778 1.364488 1.362525 1.358889 1.355239 1.349916 1.343752 1.337573 1.330552 1.323517 1.314814 1.305272 1.294065 1.282021 1.268315 1.252125 1.234278 1.214779 1.191980 1.167535 1.140624 1.109605 1.075309 1.036920 0.993623 0.946252 0.893993 0.837678 0.778137 0.716198 0.653507 0.590068 0.525884 0.462597 0.400207 0.341163 0.284644 0.233092 0.185685 0.143228 0.106526 0.078818 0.055210 0.036507 0.022698 0.013770 0.008093
1.502647 1.482633 1.460949 1.437594 1.413400 1.390030 1.365822 1.343268 1.321539 1.302296 1.284706 1.267940 1.251996 1.236874 1.222574 1.219890 1.218024 1.216145 1.213421 1.211513 1.207931 1.203506 1.198236 1.192123 1.184338 1.177369 1.170385 1.161732 1.152237 1.141902 1.129902 1.117063 1.102562 1.086401 1.068583 1.048284 1.027159 1.003561 0.977495 0.948965 0.917155 0.882070 0.842897 0.799645 0.753145 0.703406 0.650437 0.596708 0.542224 0.486170 0.431007 0.376737 0.324178 0.274144 0.227448 0.184084 0.144861 0.109769 0.082050 0.060061 0.041355 0.026733 0.016186 0.009702 0.007270 0.004035 0.001612 nan nan nan
1.407014 1.365343 1.324498 1.285311 1.249445 1.216901 1.188509 1.164270 1.143350 1.123253 1.103981 1.086363 1.082866 1.079356 1.075002 1.071466 1.066255 1.059371 1.052473 1.044733 1.036150 1.027555 1.018117 1.007840 0.996721 0.983936 0.971141 0.956681 0.940560 0.922779 0.904168 0.883903 0.861987 0.837598 0.811567 0.782249 0.749651 0.714606 0.676296 0.633909 0.589921 0.544338 0.497168 0.449236 0.401368 0.353567 0.307473 0.263901 0.222032 0.182680 0.146657 0.113955 0.087007 0.064985 0.047065 0.031613 0.020242 0.012132 0.007271 0.005649 0.002418 nan nan nan nan nan nan nan nan nan
1.250545 1.187193 1.135492 1.092944 1.057883 1.027810 1.001061 0.975138 0.954202 0.949062 0.943911 0.938749 0.933574 0.925893 0.917369 0.908004 0.898627 0.889239 0.878180 0.867111 0.855202 0.841625 0.827212 0.811963 0.795880 0.777309 0.758737 0.737683 0.714979 0.690628 0.663809 0.633704 0.601144 0.566137 0.529514 0.490458 0.449799 0.409189 0.367809 0.326486 0.286862 0.248936 0.211889 0.177358 0.145338 0.115009 0.088814 0.069183 0.051219 0.037355 0.025144 0.016202 0.009709 0.007273 0.004842 0.001612 nan nan nan nan nan nan nan nan nan nan nan nan nan nan
1.030601 0.968036 0.922131 0.884553 0.851136 0.823544 0.817596 0.811637 0.804835 0.796359 0.787872 0.777712 0.766710 0.756531 0.745511 0.733652 0.720954 0.706587 0.692215 0.677008 0.660137 0.642436 0.623077 0.602063 0.579399 0.553433 0.525827 0.496585 0.464888 0.431567 0.397453 0.362552 0.327691 0.292873 0.258925 0.226668 0.195281 0.165585 0.138397 0.113712 0.090709 0.071834 0.056260 0.043163 0.030909 0.021122 0.012981 0.008102 0.006473 0.003232 0.000807 nan nan nan nan nan nan nan nan nan nan nan nan nan nan nan nan nan nan nan
0.774538 0.722773 0.693515 0.686757 0.679990 0.672380 0.663096 0.653803 0.642837 0.631863 0.620049 0.608228 0.595569 0.581240 0.566908 0.550909 0.533248 0.514756 0.494606 0.472802 0.449348 0.423418 0.396675 0.368296 0.339112 0.309128 0.280001 0.251730 0.223494 0.197765 0.172073 0.148063 0.125735 0.105087 0.086115 0.070457 0.056466 0.043322 0.031840 0.022831 0.014658 0.009759 0.008121 0.005677 0.001619 nan nan nan nan nan nan nan nan nan nan nan nan nan nan nan nan nan nan nan nan nan nan nan nan nan
0.555673 0.548095 0.539676 0.530415 0.520314 0.508539 0.497592 0.485806 0.472349 0.458056 0.442927 0.426132 0.407674 0.388387 0.367441 0.344840 0.322250 0.298842 0.275448 0.252072 0.228714 0.206205 0.183718 0.162910 0.142127 0.123021 0.103943 0.087365 0.073284 0.060873 0.048483 0.036938 0.027877 0.019655 0.013087 0.009802 0.008158 0.004888 0.001627 nan nan nan nan nan nan nan nan nan nan nan nan nan nan nan nan nan nan nan nan nan nan nan nan nan nan nan nan nan nan nan
0.394108 0.383194 0.371441 0.359684 0.345422 0.331158 0.316059 0.299293 0.281696 0.263270 0.244017 0.224771 0.206366 0.187139 0.168756 0.150386 0.132861 0.117012 0.102007 0.088676 0.076189 0.064544 0.052915 0.042130 0.033013 0.025560 0.018944 0.013164 0.010684 0.009850 0.006559 0.003275 0.000818 nan nan nan nan nan nan nan nan nan nan nan nan nan nan nan nan nan nan nan nan nan nan nan nan nan nan nan nan nan nan nan nan nan nan nan nan nan
0.214753 0.203016 0.190443 0.177872 0.164467 0.150231 0.135999 0.121772 0.107552 0.094173 0.080803 0.068274 0.057420 0.047407 0.039067 0.031565 0.025733 0.019908 0.015748 0.013250 0.011584 0.010746 0.008258 0.004125 0.001648 nan nan nan nan nan nan nan nan nan nan nan nan nan nan nan nan nan nan nan nan nan nan nan nan nan nan nan nan nan nan nan nan nan nan nan nan nan nan nan nan nan nan nan nan nan
0.051012 0.047656 0.044300 0.040109 0.036755 0.032567 0.029215 0.025866 0.022518 0.019172 0.015830 0.011657 0.007489 0.004158 0.001662 nan nan nan nan nan nan nan nan nan nan nan nan nan nan nan nan nan nan nan nan nan nan nan nan nan nan nan nan nan nan nan nan nan nan nan nan nan nan nan nan nan nan nan nan nan nan nan nan nan nan nan nan nan nan nan
nan nan nan nan nan nan nan nan nan nan nan nan nan nan nan nan nan nan nan nan nan nan nan nan nan nan nan nan nan nan nan nan nan nan nan nan nan nan nan nan nan nan nan nan nan nan nan nan nan nan nan nan nan nan nan nan nan nan nan nan nan nan nan nan nan nan nan nan nan nan
nan nan nan nan nan nan nan nan nan nan nan nan nan nan nan nan nan nan nan nan nan nan nan nan nan nan nan nan nan nan nan nan nan nan nan nan nan nan nan nan nan nan nan nan nan nan nan nan nan nan nan nan nan nan nan nan nan nan nan nan nan nan nan nan nan nan nan nan nan nan
nan nan nan nan nan nan nan nan nan nan nan nan nan nan nan nan nan nan nan nan nan nan nan nan nan nan nan nan nan nan nan nan nan nan nan nan nan nan nan nan nan nan nan nan nan nan nan nan nan nan nan nan nan nan nan nan nan nan nan nan nan nan nan nan nan nan nan nan nan nan
nan nan nan nan nan nan nan nan nan nan nan nan nan nan nan nan nan nan nan nan nan nan nan nan nan nan nan nan nan nan nan nan nan nan nan nan nan nan nan nan nan nan nan nan nan nan nan nan nan nan nan nan nan nan nan nan nan nan nan nan nan nan nan nan nan nan nan nan nan nan
nan nan nan nan nan nan nan nan nan nan nan nan nan nan nan nan nan nan nan nan nan nan nan nan nan nan nan nan nan nan nan nan nan nan nan nan nan nan nan nan nan nan nan nan nan nan nan nan nan nan nan nan nan nan nan nan nan nan nan nan nan nan nan nan nan nan nan nan nan nan
nan nan nan nan nan nan nan nan nan nan nan nan nan nan nan nan nan nan nan nan nan nan nan nan nan nan nan nan nan nan nan nan nan nan nan nan nan nan nan nan nan nan nan nan nan nan nan nan nan nan nan nan nan nan nan nan nan nan nan nan nan nan nan nan nan nan nan nan nan nan
nan nan nan nan nan nan nan nan nan nan nan nan nan nan nan nan nan nan nan nan nan nan nan nan nan nan nan nan nan nan nan nan nan nan nan nan nan nan nan nan nan nan nan nan nan nan nan nan nan nan nan nan nan nan nan nan nan nan nan nan nan nan nan nan nan nan nan nan nan nan
nan nan nan nan nan nan nan nan nan nan nan nan nan nan nan nan nan nan nan nan nan nan nan nan nan nan nan nan nan nan nan nan nan nan nan nan nan nan nan nan nan nan nan nan nan nan nan nan nan nan nan nan nan nan nan nan nan nan nan nan nan nan nan nan nan nan nan nan nan nan
nan nan nan nan nan nan nan nan nan nan nan nan nan nan nan nan nan nan nan nan nan nan nan nan nan nan nan nan nan nan nan nan nan nan nan nan nan nan nan nan nan nan nan nan nan nan nan nan nan nan nan nan nan nan nan nan nan nan nan nan nan nan nan nan nan nan nan nan nan nan
nan nan nan nan nan nan nan nan nan nan nan nan nan nan nan nan nan nan nan nan nan nan nan nan nan nan nan nan nan nan nan nan nan nan nan nan nan nan nan nan nan nan nan nan nan nan nan nan nan nan nan nan nan nan nan nan nan nan nan nan nan nan nan nan nan nan nan nan nan nan
nan nan nan nan nan nan nan nan nan nan nan nan nan nan nan nan nan nan nan nan nan nan nan nan nan nan nan nan nan nan nan nan nan nan nan nan nan nan nan nan nan nan nan nan nan nan nan nan nan nan nan nan nan nan nan nan nan nan nan nan nan nan nan nan nan nan nan nan nan nan
nan nan nan nan nan nan nan nan nan nan nan nan nan nan nan nan nan nan nan nan nan nan nan nan nan nan nan nan nan nan nan nan nan nan nan nan nan nan nan nan nan nan nan nan nan nan nan nan nan nan nan nan nan nan nan nan nan nan nan nan nan nan nan nan nan nan nan nan nan nan
nan nan nan nan nan nan nan nan nan nan nan nan nan nan nan nan nan nan nan nan nan nan nan nan nan nan nan nan nan nan nan nan nan nan nan nan nan nan nan nan nan nan nan nan nan nan nan nan nan nan nan nan nan nan nan nan nan nan nan nan nan nan nan nan nan nan nan nan nan nan
nan nan nan nan nan nan nan nan nan nan nan nan nan nan nan nan nan nan nan nan nan nan nan nan nan nan nan nan nan nan nan nan nan nan nan nan nan nan nan nan nan nan nan nan nan nan nan nan nan nan nan nan nan nan nan nan nan nan nan nan nan nan nan nan nan nan nan nan nan nan
nan nan nan nan nan nan nan nan nan nan nan nan nan nan nan nan nan nan nan nan nan nan nan nan nan nan nan nan nan nan nan nan nan nan nan nan nan nan nan nan nan nan nan nan nan nan nan nan nan nan nan nan nan nan nan nan nan nan nan nan nan nan nan nan nan nan nan nan nan nan
nan nan nan nan nan nan nan nan nan nan nan nan nan nan nan nan nan nan nan nan nan nan nan nan nan nan nan nan nan nan nan nan nan nan nan nan nan nan nan nan nan nan nan nan nan nan nan nan nan nan nan nan nan nan nan nan nan nan nan nan nan nan nan nan nan nan nan nan nan nan
nan nan nan nan nan nan nan nan nan nan nan nan nan nan nan nan nan nan nan nan nan nan nan nan nan nan nan nan nan nan nan nan nan nan nan nan nan nan nan nan nan nan nan nan nan nan nan nan nan nan nan nan nan nan nan nan nan nan nan nan nan nan nan nan nan nan nan nan nan nan
