data/CoulombOnly/Outputs_CoulombOnly/release1HS_03CoulombOnly_null_avaflow_pft.asc
ncols 1002
nrows 302
xllcenter 995.00
yllcenter -5005.00
cellsize 5.00
NODATA_value -9999.000
[rows 136 to 169 of 302, columns 0 to 76 of 1002]
0.000 0.000 0.000 0.000 0.000 0.001 0.006 0.094 0.750 1.500 1.500 1.500 1.500 1.500 1.500 1.500 1.500 1.500 1.500 1.500 1.500 1.500 1.500 1.500 1.500 1.500 1.500 1.500 1.500 1.500 1.500 1.500 1.500 1.500 1.500 1.500 1.500 1.500 1.500 1.500 1.500 1.500 1.500 1.500 1.500 1.500 1.500 1.500 1.500 1.500 1.500 1.500 1.500 1.500 1.500 1.500 1.500 1.500 1.500 1.500 1.500 1.500 1.500 1.500 1.500 1.500 1.500 1.500 1.500 1.500 0.820 0.732 0.654 0.584 0.521 0.469 0.422
0.000 0.000 0.000 0.000 0.000 0.001 0.006 0.103 0.750 1.500 1.500 1.500 1.500 1.500 1.500 1.500 1.500 1.500 1.500 1.500 1.500 1.500 1.500 1.500 1.500 1.500 1.500 1.500 1.500 1.500 1.500 1.500 1.500 1.500 1.500 1.500 1.501 1.501 1.502 1.502 1.502 1.502 1.502 1.502 1.502 1.502 1.502 1.502 1.502 1.502 1.502 1.502 1.502 1.502 1.502 1.502 1.502 1.502 1.502 1.502 1.502 1.502 1.502 1.501 1.501 1.501 1.501 1.501 1.500 1.500 1.093 1.025 0.962 0.899 0.836 0.771 0.708
0.000 0.000 0.000 0.000 0.000 0.001 0.006 0.104 0.750 1.500 1.500 1.500 1.500 1.500 1.501 1.501 1.501 1.501 1.501 1.501 1.501 1.501 1.501 1.501 1.501 1.501 1.501 1.501 1.501 1.501 1.501 1.501 1.501 1.501 1.501 1.501 1.501 1.501 1.501 1.501 1.501 1.501 1.501 1.501 1.501 1.501 1.501 1.502 1.502 1.502 1.502 1.502 1.502 1.502 1.502 1.502 1.502 1.502 1.502 1.503 1.503 1.503 1.503 1.503 1.503 1.503 1.503 1.500 1.500 1.500 1.288 1.243 1.199 1.154 1.109 1.063 1.014
0.000 0.000 0.000 0.000 0.000 0.001 0.006 0.104 0.750 1.500 1.500 1.500 1.501 1.502 1.502 1.502 1.502 1.502 1.502 1.502 1.503 1.503 1.503 1.503 1.503 1.503 1.504 1.504 1.504 1.504 1.504 1.505 1.505 1.505 1.505 1.506 1.506 1.506 1.506 1.507 1.507 1.507 1.508 1.508 1.509 1.509 1.509 1.510 1.510 1.511 1.511 1.512 1.512 1.513 1.513 1.514 1.515 1.515 1.516 1.516 1.517 1.518 1.518 1.519 1.519 1.519 1.514 1.500 1.500 1.500 1.428 1.403 1.376 1.349 1.320 1.290 1.258
0.000 0.000 0.000 0.000 0.000 0.001 0.006 0.104 0.750 1.500 1.500 1.500 1.501 1.502 1.504 1.505 1.506 1.506 1.507 1.507 1.507 1.508 1.508 1.509 1.509 1.510 1.510 1.511 1.511 1.512 1.512 1.513 1.514 1.514 1.515 1.515 1.516 1.517 1.518 1.518 1.519 1.520 1.521 1.522 1.523 1.524 1.526 1.527 1.528 1.529 1.531 1.532 1.533 1.535 1.536 1.537 1.539 1.540 1.542 1.543 1.545 1.546 1.548 1.550 1.552 1.553 1.553 1.551 1.546 1.539 1.530 1.519 1.507 1.494 1.479 1.463 1.445
0.000 0.000 0.000 0.000 0.000 0.001 0.006 0.104 0.750 1.500 1.500 1.500 1.501 1.502 1.504 1.507 1.509 1.510 1.512 1.513 1.514 1.515 1.516 1.517 1.518 1.519 1.519 1.521 1.522 1.523 1.524 1.525 1.526 1.527 1.529 1.530 1.532 1.533 1.535 1.536 1.538 1.540 1.542 1.543 1.545 1.547 1.550 1.552 1.554 1.556 1.559 1.561 1.564 1.566 1.569 1.572 1.575 1.577 1.580 1.583 1.586 1.589 1.592 1.595 1.598 1.601 1.605 1.607 1.609 1.610 1.610 1.609 1.607 1.604 1.600 1.594 1.588
0.000 0.000 0.000 0.000 0.000 0.001 0.006 0.104 0.750 1.500 1.500 1.500 1.501 1.502 1.504 1.507 1.509 1.512 1.515 1.517 1.519 1.522 1.524 1.526 1.528 1.529 1.531 1.533 1.534 1.536 1.538 1.540 1.542 1.544 1.546 1.548 1.550 1.553 1.555 1.558 1.560 1.563 1.566 1.569 1.572 1.575 1.578 1.582 1.585 1.589 1.593 1.597 1.601 1.605 1.609 1.613 1.617 1.622 1.626 1.631 1.636 1.640 1.645 1.650 1.655 1.660 1.665 1.670 1.675 1.681 1.687 1.691 1.695 1.699 1.701 1.703 1.704
0.000 0.000 0.000 0.000 0.000 0.001 0.006 0.104 0.750 1.500 1.500 1.500 1.501 1.502 1.504 1.506 1.509 1.512 1.515 1.518 1.521 1.524 1.528 1.531 1.534 1.537 1.540 1.543 1.546 1.549 1.552 1.555 1.558 1.561 1.564 1.567 1.570 1.573 1.577 1.580 1.584 1.588 1.592 1.596 1.600 1.605 1.609 1.614 1.619 1.624 1.629 1.634 1.640 1.645 1.651 1.657 1.663 1.669 1.676 1.682 1.689 1.696 1.703 1.710 1.717 1.724 1.732 1.739 1.747 1.754 1.762 1.769 1.778 1.787 1.796 1.804 1.811
0.000 0.000 0.000 0.000 0.000 0.001 0.006 0.104 0.750 1.500 1.500 1.500 1.501 1.502 1.504 1.506 1.509 1.511 1.514 1.518 1.521 1.525 1.529 1.533 1.537 1.541 1.545 1.549 1.553 1.557 1.561 1.565 1.569 1.574 1.578 1.582 1.587 1.591 1.596 1.601 1.606 1.611 1.616 1.621 1.626 1.632 1.638 1.644 1.650 1.656 1.663 1.669 1.676 1.684 1.691 1.699 1.707 1.715 1.723 1.732 1.740 1.749 1.759 1.768 1.778 1.788 1.798 1.808 1.818 1.829 1.839 1.850 1.861 1.872 1.883 1.894 1.905
0.000 0.000 0.000 0.000 0.000 0.001 0.006 0.104 0.750 1.500 1.500 1.500 1.501 1.502 1.504 1.506 1.509 1.511 1.514 1.517 1.521 1.524 1.528 1.532 1.537 1.541 1.545 1.550 1.555 1.560 1.565 1.570 1.575 1.581 1.586 1.592 1.597 1.603 1.609 1.615 1.621 1.627 1.634 1.640 1.647 1.654 1.661 1.668 1.676 1.683 1.691 1.700 1.708 1.717 1.726 1.735 1.745 1.755 1.765 1.775 1.786 1.797 1.809 1.820 1.833 1.845 1.858 1.871 1.885 1.899 1.913 1.928 1.943 1.958 1.974 1.989 2.006
0.000 0.000 0.000 0.000 0.000 0.001 0.006 0.104 0.750 1.500 1.500 1.500 1.501 1.502 1.504 1.506 1.509 1.511 1.514 1.517 1.520 1.524 1.527 1.532 1.536 1.540 1.545 1.550 1.555 1.560 1.565 1.571 1.577 1.583 1.589 1.595 1.602 1.608 1.615 1.622 1.629 1.637 1.644 1.652 1.660 1.668 1.677 1.685 1.694 1.703 1.713 1.722 1.732 1.743 1.753 1.764 1.776 1.788 1.800 1.812 1.825 1.839 1.853 1.867 1.882 1.897 1.913 1.930 1.947 1.964 1.982 2.000 2.019 2.039 2.059 2.079 2.101
0.000 0.000 0.000 0.000 0.000 0.001 0.006 0.104 0.750 1.500 1.500 1.500 1.501 1.502 1.504 1.506 1.509 1.511 1.514 1.517 1.520 1.523 1.527 1.531 1.535 1.539 1.544 1.549 1.554 1.559 1.565 1.570 1.576 1.583 1.589 1.596 1.603 1.610 1.617 1.625 1.633 1.641 1.649 1.658 1.667 1.676 1.686 1.695 1.705 1.716 1.726 1.738 1.749 1.761 1.773 1.786 1.799 1.812 1.826 1.840 1.855 1.871 1.886 1.903 1.920 1.937 1.955 1.974 1.993 2.014 2.034 2.056 2.078 2.101 2.125 2.149 2.174
0.000 0.000 0.000 0.000 0.000 0.001 0.006 0.103 0.750 1.500 1.500 1.500 1.501 1.502 1.504 1.506 1.508 1.510 1.513 1.516 1.519 1.523 1.526 1.530 1.534 1.538 1.543 1.547 1.552 1.558 1.563 1.569 1.575 1.581 1.588 1.595 1.602 1.609 1.617 1.625 1.633 1.642 1.651 1.660 1.669 1.679 1.689 1.700 1.711 1.722 1.734 1.746 1.758 1.771 1.785 1.798 1.812 1.827 1.842 1.858 1.874 1.890 1.907 1.925 1.943 1.962 1.981 2.002 2.023 2.044 2.067 2.091 2.115 2.140 2.166 2.193 2.221
0.000 0.000 0.000 0.000 0.000 0.001 0.006 0.102 0.750 1.500 1.500 1.500 1.500 1.501 1.503 1.505 1.507 1.509 1.512 1.515 1.519 1.522 1.526 1.530 1.534 1.538 1.542 1.547 1.552 1.557 1.563 1.568 1.574 1.581 1.587 1.594 1.601 1.609 1.616 1.625 1.633 1.642 1.651 1.660 1.670 1.680 1.691 1.701 1.713 1.725 1.737 1.749 1.762 1.775 1.789 1.803 1.818 1.833 1.848 1.864 1.881 1.898 1.916 1.934 1.953 1.972 1.992 2.013 2.035 2.057 2.081 2.105 2.130 2.157 2.184 2.212 2.240
0.000 0.000 0.000 0.000 0.000 0.001 0.006 0.103 0.750 1.500 1.500 1.500 1.500 1.501 1.502 1.504 1.507 1.509 1.512 1.515 1.518 1.522 1.525 1.529 1.533 1.538 1.542 1.547 1.552 1.557 1.562 1.568 1.574 1.580 1.587 1.594 1.601 1.609 1.616 1.624 1.633 1.642 1.651 1.660 1.670 1.680 1.690 1.701 1.713 1.725 1.737 1.749 1.762 1.775 1.789 1.803 1.818 1.833 1.849 1.865 1.881 1.898 1.916 1.934 1.953 1.972 1.992 2.013 2.035 2.058 2.081 2.106 2.131 2.158 2.185 2.213 2.242
0.000 0.000 0.000 0.000 0.000 0.001 0.006 0.104 0.750 1.500 1.500 1.500 1.500 1.501 1.502 1.504 1.507 1.509 1.512 1.515 1.518 1.522 1.526 1.530 1.534 1.538 1.542 1.547 1.552 1.557 1.563 1.569 1.575 1.581 1.588 1.595 1.602 1.609 1.617 1.625 1.633 1.642 1.650 1.660 1.669 1.679 1.689 1.700 1.711 1.722 1.734 1.746 1.759 1.772 1.785 1.799 1.813 1.828 1.843 1.858 1.875 1.891 1.908 1.926 1.945 1.964 1.983 2.004 2.025 2.047 2.070 2.094 2.119 2.144 2.171 2.198 2.226
0.000 0.000 0.000 0.000 0.000 0.001 0.006 0.104 0.750 1.500 1.500 1.500 1.500 1.501 1.502 1.504 1.507 1.509 1.512 1.515 1.519 1.522 1.526 1.530 1.534 1.539 1.543 1.548 1.553 1.559 1.564 1.570 1.576 1.583 1.589 1.596 1.602 1.610 1.617 1.625 1.633 1.641 1.649 1.658 1.667 1.676 1.686 1.695 1.706 1.716 1.727 1.738 1.750 1.761 1.774 1.787 1.801 1.815 1.829 1.844 1.859 1.875 1.892 1.909 1.927 1.945 1.964 1.983 2.003 2.025 2.046 2.069 2.093 2.117 2.143 2.169 2.195
0.000 0.000 0.000 0.000 0.000 0.001 0.006 0.104 0.750 1.500 1.500 1.500 1.500 1.501 1.503 1.505 1.508 1.510 1.513 1.516 1.520 1.523 1.527 1.531 1.536 1.540 1.545 1.550 1.555 1.560 1.565 1.571 1.577 1.583 1.589 1.595 1.602 1.608 1.615 1.622 1.629 1.637 1.644 1.652 1.660 1.668 1.677 1.687 1.696 1.706 1.716 1.726 1.737 1.748 1.759 1.771 1.783 1.796 1.809 1.823 1.837 1.851 1.866 1.882 1.898 1.915 1.932 1.950 1.968 1.988 2.008 2.028 2.049 2.071 2.094 2.117 2.141
0.000 0.000 0.000 0.000 0.000 0.001 0.006 0.104 0.750 1.500 1.500 1.500 1.502 1.503 1.505 1.507 1.509 1.512 1.515 1.518 1.521 1.525 1.529 1.533 1.537 1.541 1.546 1.550 1.555 1.560 1.565 1.570 1.575 1.581 1.586 1.592 1.597 1.603 1.609 1.616 1.623 1.629 1.636 1.644 1.651 1.658 1.666 1.674 1.682 1.691 1.699 1.708 1.718 1.727 1.737 1.747 1.758 1.769 1.780 1.791 1.804 1.816 1.829 1.842 1.856 1.871 1.886 1.901 1.917 1.933 1.950 1.967 1.985 2.003 2.022 2.041 2.061
0.000 0.000 0.000 0.000 0.000 0.001 0.006 0.104 0.750 1.500 1.500 1.502 1.503 1.505 1.506 1.508 1.510 1.513 1.516 1.519 1.522 1.526 1.529 1.533 1.537 1.541 1.545 1.549 1.553 1.557 1.561 1.566 1.571 1.575 1.580 1.585 1.590 1.595 1.601 1.606 1.612 1.617 1.623 1.629 1.635 1.641 1.648 1.654 1.661 1.668 1.675 1.683 1.691 1.699 1.707 1.715 1.724 1.733 1.743 1.753 1.763 1.773 1.783 1.794 1.805 1.817 1.829 1.841 1.853 1.865 1.878 1.892 1.905 1.919 1.933 1.948 1.962
0.000 0.000 0.000 0.000 0.000 0.001 0.006 0.104 0.750 1.500 1.500 1.500 1.502 1.504 1.506 1.508 1.511 1.513 1.516 1.519 1.522 1.525 1.529 1.532 1.535 1.538 1.542 1.545 1.549 1.552 1.556 1.559 1.563 1.566 1.570 1.574 1.578 1.581 1.585 1.589 1.594 1.598 1.603 1.607 1.612 1.617 1.622 1.627 1.633 1.639 1.645 1.651 1.657 1.664 1.670 1.677 1.685 1.692 1.699 1.707 1.715 1.723 1.731 1.740 1.748 1.757 1.766 1.775 1.785 1.794 1.804 1.814 1.823 1.833 1.843 1.854 1.866
0.000 0.000 0.000 0.000 0.000 0.001 0.006 0.104 0.750 1.500 1.500 1.500 1.501 1.503 1.505 1.508 1.510 1.513 1.516 1.518 1.521 1.523 1.526 1.529 1.531 1.533 1.536 1.538 1.540 1.543 1.545 1.547 1.549 1.552 1.554 1.557 1.560 1.562 1.565 1.568 1.571 1.575 1.578 1.582 1.585 1.589 1.593 1.597 1.601 1.606 1.610 1.615 1.620 1.624 1.629 1.634 1.640 1.645 1.651 1.656 1.662 1.668 1.674 1.680 1.686 1.693 1.699 1.706 1.712 1.719 1.725 1.733 1.742 1.750 1.758 1.765 1.771
0.000 0.000 0.000 0.000 0.000 0.001 0.007 0.105 0.750 1.500 1.500 1.500 1.501 1.502 1.504 1.507 1.509 1.511 1.513 1.516 1.517 1.519 1.521 1.522 1.523 1.524 1.525 1.527 1.528 1.530 1.531 1.533 1.534 1.536 1.538 1.539 1.541 1.543 1.545 1.547 1.550 1.552 1.554 1.557 1.559 1.562 1.564 1.567 1.570 1.573 1.576 1.579 1.582 1.585 1.588 1.591 1.595 1.599 1.602 1.606 1.610 1.614 1.618 1.622 1.626 1.630 1.634 1.640 1.645 1.650 1.654 1.658 1.660 1.662 1.663 1.663 1.663
0.000 0.000 0.000 0.000 0.000 0.001 0.007 0.105 0.750 1.500 1.500 1.500 1.501 1.502 1.504 1.505 1.507 1.508 1.509 1.510 1.510 1.511 1.512 1.512 1.513 1.514 1.514 1.515 1.516 1.517 1.518 1.519 1.520 1.521 1.522 1.523 1.524 1.525 1.526 1.527 1.529 1.530 1.532 1.533 1.534 1.536 1.537 1.538 1.540 1.541 1.543 1.545 1.546 1.548 1.550 1.552 1.554 1.557 1.559 1.561 1.563 1.565 1.567 1.570 1.573 1.577 1.580 1.581 1.582 1.582 1.580 1.577 1.572 1.567 1.560 1.552 1.543
0.000 0.000 0.000 0.000 0.000 0.001 0.007 0.105 0.750 1.500 1.500 1.500 1.501 1.502 1.503 1.503 1.504 1.504 1.504 1.504 1.505 1.505 1.505 1.505 1.506 1.506 1.506 1.507 1.507 1.507 1.508 1.508 1.508 1.509 1.509 1.510 1.510 1.511 1.511 1.512 1.513 1.513 1.513 1.514 1.514 1.514 1.514 1.515 1.515 1.516 1.517 1.517 1.518 1.519 1.519 1.520 1.520 1.521 1.522 1.523 1.524 1.525 1.528 1.531 1.533 1.534 1.533 1.530 1.521 1.509 1.496 1.481 1.465 1.448 1.430 1.410 1.390
0.000 0.000 0.000 0.000 0.000 0.001 0.007 0.105 0.750 1.500 1.500 1.500 1.501 1.501 1.501 1.501 1.501 1.501 1.501 1.501 1.501 1.501 1.501 1.501 1.501 1.501 1.502 1.502 1.502 1.502 1.502 1.502 1.502 1.502 1.503 1.503 1.503 1.503 1.503 1.503 1.503 1.503 1.503 1.502 1.502 1.502 1.502 1.502 1.502 1.502 1.502 1.503 1.503 1.503 1.503 1.503 1.503 1.503 1.503 1.503 1.503 1.505 1.507 1.509 1.510 1.510 1.508 1.500 1.500 1.500 1.386 1.352 1.320 1.288 1.255 1.221 1.187
0.000 0.000 0.000 0.000 0.000 0.001 0.006 0.104 0.750 1.500 1.500 1.500 1.500 1.500 1.500 1.500 1.500 1.500 1.500 1.500 1.500 1.500 1.500 1.500 1.500 1.500 1.500 1.500 1.500 1.500 1.500 1.500 1.500 1.500 1.500 1.500 1.500 1.500 1.500 1.500 1.500 1.500 1.500 1.500 1.500 1.500 1.500 1.500 1.500 1.500 1.500 1.500 1.500 1.500 1.500 1.500 1.500 1.500 1.500 1.500 1.500 1.500 1.500 1.500 1.501 1.501 1.501 1.500 1.500 1.500 1.233 1.177 1.125 1.075 1.025 0.975 0.922
0.000 0.000 0.000 0.000 0.000 0.001 0.006 0.093 0.750 1.500 1.500 1.500 1.500 1.500 1.500 1.500 1.500 1.500 1.500 1.500 1.500 1.500 1.500 1.500 1.500 1.500 1.500 1.500 1.500 1.500 1.500 1.500 1.500 1.500 1.500 1.500 1.500 1.500 1.500 1.500 1.500 1.500 1.500 1.500 1.500 1.500 1.500 1.500 1.500 1.500 1.500 1.500 1.500 1.500 1.500 1.500 1.500 1.500 1.500 1.500 1.500 1.500 1.500 1.500 1.500 1.500 1.500 1.500 1.500 1.500 1.015 0.936 0.865 0.797 0.730 0.667 0.607
0.000 0.000 0.000 0.000 0.000 0.000 0.003 0.048 0.375 1.500 1.500 1.500 1.500 1.500 1.500 1.500 1.500 1.500 1.500 1.500 1.500 1.500 1.500 1.500 1.500 1.500 1.500 1.500 1.500 1.500 1.500 1.500 1.500 1.500 1.500 1.500 1.500 1.500 1.500 1.500 1.500 1.500 1.500 1.500 1.500 1.500 1.500 1.500 1.500 1.500 1.500 1.500 1.500 1.500 1.500 1.500 1.500 1.500 1.500 1.500 1.500 1.500 1.500 1.500 1.500 1.500 1.500 1.500 1.500 1.500 0.694 0.604 0.534 0.475 0.427 0.384 0.348
0.000 0.000 0.000 0.000 0.000 0.000 0.000 0.007 0.061 0.248 0.360 0.428 0.473 0.502 0.525 0.540 0.552 0.562 0.569 0.574 0.578 0.581 0.582 0.583 0.584 0.583 0.582 0.581 0.579 0.577 0.575 0.572 0.569 0.565 0.561 0.557 0.552 0.547 0.541 0.535 0.530 0.523 0.517 0.511 0.504 0.497 0.490 0.482 0.474 0.466 0.459 0.455 0.451 0.447 0.444 0.442 0.440 0.437 0.434 0.431 0.430 0.428 0.421 0.413 0.405 0.399 0.396 0.393 0.382 0.355 0.322 0.289 0.262 0.244 0.234 0.225 0.216
0.000 0.000 0.000 0.000 0.000 0.000 0.000 0.001 0.006 0.037 0.080 0.122 0.156 0.188 0.212 0.234 0.252 0.268 0.281 0.293 0.303 0.312 0.320 0.326 0.332 0.337 0.341 0.344 0.347 0.349 0.350 0.352 0.352 0.353 0.352 0.352 0.351 0.349 0.347 0.345 0.343 0.340 0.337 0.334 0.331 0.327 0.323 0.319 0.314 0.309 0.304 0.299 0.294 0.288 0.283 0.277 0.271 0.264 0.258 0.252 0.245 0.239 0.232 0.226 0.219 0.212 0.206 0.199 0.192 0.185 0.179 0.172 0.166 0.159 0.152 0.146 0.140
0.000 0.000 0.000 0.000 0.000 0.000 0.000 0.000 0.000 0.004 0.013 0.027 0.044 0.058 0.073 0.087 0.100 0.112 0.123 0.134 0.143 0.152 0.160 0.167 0.174 0.179 0.185 0.189 0.194 0.197 0.201 0.203 0.205 0.207 0.208 0.209 0.210 0.211 0.211 0.211 0.210 0.210 0.209 0.208 0.206 0.205 0.203 0.201 0.199 0.196 0.193 0.191 0.188 0.184 0.181 0.177 0.174 0.170 0.166 0.162 0.157 0.153 0.149 0.145 0.140 0.136 0.131 0.127 0.123 0.118 0.114 0.109 0.105 0.101 0.096 0.092 0.088
0.000 0.000 0.000 0.000 0.000 0.000 0.000 0.000 0.000 0.000 0.001 0.004 0.009 0.015 0.022 0.028 0.035 0.042 0.048 0.055 0.062 0.068 0.073 0.079 0.084 0.089 0.093 0.097 0.101 0.104 0.107 0.110 0.112 0.114 0.116 0.118 0.119 0.121 0.121 0.122 0.123 0.123 0.123 0.123 0.123 0.122 0.122 0.121 0.120 0.119 0.118 0.116 0.115 0.113 0.111 0.109 0.107 0.104 0.102 0.100 0.097 0.095 0.092 0.089 0.087 0.084 0.081 0.078 0.076 0.073 0.070 0.067 0.064 0.062 0.059 0.056 0.053
0.000 0.000 0.000 0.000 0.000 0.000 0.000 0.000 0.000 0.000 0.000 0.000 0.001 0.003 0.005 0.008 0.011 0.014 0.017 0.021 0.024 0.028 0.031 0.034 0.037 0.040 0.043 0.046 0.049 0.051 0.054 0.056 0.058 0.060 0.061 0.063 0.064 0.066 0.067 0.067 0.068 0.069 0.069 0.070 0.070 0.070 0.070 0.070 0.069 0.069 0.068 0.068 0.067 0.066 0.065 0.064 0.063 0.062 0.060 0.059 0.058 0.056 0.055 0.053 0.052 0.050 0.048 0.047 0.045 0.043 0.042 0.040 0.038 0.036 0.035 0.033 0.031
