data/CoulombOnly/Outputs_CoulombOnly/release1HS_03_null_samosat_pft.asc
ncols         1000
nrows         300
xllcenter     1000
yllcenter     -5000
cellsize      5
NODATA_value  -9999
[rows 140 to 174 of 300, columns 79 to 157 of 1000]
1.39204 1.38039 1.39585 1.38339 1.37361 1.36565 1.35991 1.35871 1.36687 1.34977 1.37267 1.35201 1.33935 1.33946 1.34392 1.35789 1.35253 1.35256 1.34696 1.35372 1.33454 1.33481 1.32682 1.32818 1.33203 1.33106 1.32177 1.31818 1.30362 1.31204 1.29008 1.27831 1.26857 1.24661 1.23087 1.21551 1.19124 1.16053 1.13812 1.11396 1.10698 1.03411 1.01445 0.962048 0.924313 0.867718 0.813463 0.736461 0.705778 0.63546 0.550435 0.463628 0.404122 0.321792 0.234289 0.160809 0.110375 0.0600486 0.0279217 0.00884182 0.000593622 0 0 0 0 0 0 0 0 0 0 0 0 0 0 0 0 0 0
1.51183 1.50745 1.50511 1.49842 1.50256 1.50799 1.5105 1.51013 1.50997 1.51004 1.50046 1.52905 1.51903 1.52922 1.51406 1.50378 1.5253 1.51617 1.51294 1.50951 1.51335 1.51217 1.51162 1.52306 1.53062 1.53845 1.52292 1.52687 1.52556 1.54403 1.54237 1.52644 1.53292 1.5305 1.49571 1.51157 1.50029 1.47628 1.48934 1.4512 1.45071 1.40843 1.39393 1.36639 1.32839 1.28495 1.24795 1.21076 1.15784 1.10865 1.07296 1.00524 0.93575 0.896232 0.826861 0.763303 0.679015 0.602797 0.495598 0.445637 0.348255 0.252374 0.186086 0.136802 0.0882044 0.0485224 0.026148 0.0100039 0.000793908 0 0 0 0 0 0 0 0 0 0
1.63963 1.64286 1.63431 1.62162 1.62017 1.63061 1.63854 1.64206 1.64046 1.65325 1.65321 1.64803 1.65978 1.66145 1.67238 1.66714 1.68327 1.68392 1.68243 1.67865 1.68133 1.70602 1.70222 1.70145 1.69924 1.71564 1.72049 1.72362 1.72949 1.73192 1.74484 1.74804 1.76417 1.75517 1.7632 1.77188 1.77156 1.76796 1.76844 1.75727 1.79137 1.74108 1.77369 1.72257 1.73218 1.70626 1.71365 1.6764 1.65487 1.61369 1.57973 1.57956 1.49869 1.4682 1.42276 1.36288 1.29329 1.24466 1.17899 1.11518 1.0389 0.974254 0.908813 0.840863 0.736054 0.651054 0.587516 0.507705 0.447216 0.371444 0.294137 0.225811 0.1825 0.149118 0.115586 0.100778 0.0847955 0.0756522 0.057893
1.71208 1.72374 1.73905 1.73478 1.73644 1.74396 1.7461 1.75978 1.76991 1.76923 1.78693 1.78673 1.79832 1.81172 1.80936 1.81149 1.83897 1.83218 1.84736 1.8544 1.86189 1.86952 1.87818 1.89938 1.89628 1.91203 1.92248 1.93323 1.93732 1.94288 1.96632 1.97682 1.98444 1.99798 2.01057 2.01196 2.02468 2.03346 2.05475 2.05587 2.06274 2.05755 2.07153 2.0749 2.09887 2.08631 2.07875 2.08654 2.08214 2.08201 2.05847 2.04308 2.03254 2.02304 1.99986 1.95819 1.95377 1.91206 1.84758 1.83188 1.78462 1.74153 1.68874 1.63592 1.5933 1.51238 1.46108 1.3936 1.34902 1.29477 1.22327 1.16073 1.10886 1.06723 1.02794 0.963745 0.93088 0.886749 0.84185
1.81364 1.8204 1.81643 1.82647 1.83986 1.85404 1.87057 1.86195 1.88146 1.88741 1.90299 1.92184 1.90577 1.93051 1.9324 1.96393 1.96537 1.96533 1.98663 2.00063 2.01515 2.03731 2.03783 2.06359 2.09553 2.09908 2.11541 2.12097 2.14981 2.15525 2.17916 2.19836 2.20298 2.22463 2.24232 2.26206 2.28529 2.29649 2.32812 2.33042 2.35753 2.36629 2.38948 2.40532 2.42731 2.4366 2.44287 2.4786 2.47327 2.47802 2.49902 2.49608 2.49942 2.49567 2.49963 2.48905 2.4912 2.48242 2.47947 2.46405 2.45171 2.41889 2.41103 2.40445 2.36195 2.34108 2.32323 2.28818 2.25652 2.23831 2.1943 2.1693 2.13638 2.11937 2.06749 2.05782 2.01975 1.99269 1.96795
1.87786 1.90412 1.90533 1.92509 1.93404 1.94676 1.95504 1.96806 1.98536 2.01206 2.00595 2.01885 2.04392 2.05571 2.06466 2.07639 2.08993 2.11508 2.11457 2.14632 2.15795 2.16798 2.19421 2.21449 2.23083 2.2571 2.2811 2.28755 2.31868 2.33521 2.35161 2.37473 2.40027 2.42527 2.46673 2.47196 2.49183 2.53312 2.55531 2.57306 2.59242 2.63384 2.66343 2.69596 2.7009 2.71302 2.76632 2.7697 2.79093 2.82629 2.84663 2.8566 2.88922 2.90942 2.93973 2.94479 2.96106 2.97757 2.99058 2.98848 3.00412 3.00462 3.02123 3.01293 3.01984 3.01715 3.01867 3.01643 3.01284 3.005 3.00699 2.9878 2.99255 2.99513 2.97002 2.96241 2.95474 2.9475 2.951
1.9408 1.94517 1.96577 1.98797 1.99531 2.00909 2.0267 2.04682 2.0612 2.07857 2.09066 2.11608 2.13319 2.14165 2.15231 2.19527 2.21232 2.23089 2.24124 2.2715 2.28243 2.29711 2.33441 2.33931 2.3484 2.38976 2.41311 2.42665 2.45383 2.48492 2.5141 2.53176 2.56863 2.58008 2.60724 2.64341 2.65904 2.69123 2.71195 2.74931 2.77663 2.80552 2.84209 2.87333 2.90095 2.95315 2.97375 3.00863 3.04124 3.07553 3.11672 3.13152 3.1691 3.20121 3.24906 3.27048 3.29647 3.33683 3.37878 3.39651 3.42074 3.46209 3.47962 3.51775 3.52972 3.56133 3.58702 3.59699 3.62337 3.65128 3.6624 3.68637 3.69753 3.70323 3.72797 3.74787 3.75723 3.77606 3.78418
1.97347 1.9954 2.01929 2.03043 2.0521 2.07291 2.09095 2.10359 2.12001 2.14694 2.17006 2.18862 2.21275 2.22786 2.24576 2.26275 2.28122 2.29755 2.31858 2.33328 2.34986 2.38077 2.39822 2.42393 2.45806 2.47659 2.49602 2.52143 2.54657 2.5842 2.60133 2.61105 2.64186 2.67669 2.69971 2.73343 2.75797 2.79483 2.81762 2.85552 2.89787 2.9359 2.97 3.00114 3.03354 3.07865 3.11121 3.15527 3.2049 3.22994 3.28792 3.32804 3.36607 3.41344 3.47052 3.51564 3.54795 3.57985 3.63567 3.67848 3.73411 3.7771 3.81348 3.8682 3.90098 3.95018 3.99763 4.04856 4.08881 4.12262 4.15794 4.20309 4.2551 4.2706 4.33528 4.33929 4.38619 4.40306 4.43232
2.00658 2.02087 2.04054 2.06223 2.09219 2.11804 2.13492 2.14723 2.16301 2.18056 2.20585 2.22209 2.2442 2.27152 2.29453 2.31092 2.3425 2.35871 2.39857 2.40561 2.43907 2.4615 2.46609 2.49383 2.50849 2.52969 2.55985 2.58878 2.60472 2.62973 2.65761 2.67776 2.71393 2.73652 2.75835 2.79463 2.82874 2.85045 2.88937 2.92368 2.95439 3.00266 3.04728 3.08432 3.1158 3.17066 3.21301 3.2401 3.29735 3.33423 3.38468 3.4371 3.48459 3.53399 3.5824 3.64269 3.69752 3.7445 3.80412 3.85898 3.91722 3.97992 4.03266 4.07964 4.15527 4.192 4.27141 4.31721 4.37414 4.44219 4.47821 4.54012 4.59836 4.63748 4.6911 4.74348 4.78957 4.8232 4.86075
2.01201 2.03686 2.06116 2.08246 2.10442 2.1262 2.15135 2.1733 2.19038 2.2137 2.2298 2.25111 2.27321 2.29417 2.32412 2.3343 2.35079 2.36973 2.38814 2.40662 2.42744 2.44565 2.48988 2.49337 2.51277 2.54332 2.57381 2.59917 2.61718 2.6407 2.66973 2.69069 2.7205 2.74932 2.77387 2.80953 2.83891 2.87519 2.91022 2.94515 2.98765 3.02059 3.05688 3.10357 3.14456 3.17686 3.2182 3.27216 3.32734 3.37532 3.43667 3.48067 3.53525 3.57808 3.62686 3.68814 3.76292 3.80376 3.85091 3.92698 3.97366 4.02164 4.11144 4.14408 4.22529 4.26952 4.33666 4.40085 4.46137 4.53251 4.59197 4.64963 4.71192 4.76769 4.81587 4.87466 4.91479 4.96361 5.0008
2.0076 2.02566 2.04743 2.06774 2.08867 2.10549 2.13638 2.16223 2.18733 2.20995 2.22303 2.23094 2.2575 2.26874 2.29707 2.30686 2.32847 2.34795 2.36376 2.39464 2.41203 2.43976 2.47432 2.49039 2.50236 2.5286 2.5611 2.58984 2.60229 2.62798 2.64896 2.68354 2.71526 2.74634 2.77002 2.80577 2.81916 2.84773 2.87855 2.91282 2.95065 2.99093 3.02652 3.05784 3.09882 3.14478 3.1869 3.23839 3.27907 3.32963 3.37702 3.42928 3.48804 3.54318 3.58251 3.63625 3.70069 3.74909 3.78972 3.86636 3.92163 3.96395 4.03091 4.06881 4.13147 4.20221 4.25906 4.30985 4.38591 4.42332 4.49784 4.53791 4.58899 4.6577 4.68095 4.73232 4.76775 4.82668 4.85802
1.9723 1.99001 2.01991 2.03431 2.04594 2.06412 2.08032 2.10043 2.1158 2.14141 2.15543 2.19036 2.2007 2.21386 2.23977 2.27029 2.29037 2.32453 2.33022 2.34827 2.36426 2.38044 2.40237 2.41223 2.44358 2.4753 2.50011 2.52082 2.5476 2.58652 2.6055 2.63026 2.6449 2.67112 2.70032 2.73039 2.76161 2.79792 2.8285 2.84692 2.89066 2.92279 2.95253 2.99018 3.02978 3.06902 3.10143 3.14947 3.18591 3.22768 3.27877 3.31961 3.37014 3.40895 3.44571 3.4946 3.55436 3.59684 3.63845 3.68018 3.72998 3.75731 3.81708 3.86419 3.8964 3.94171 4.00678 4.03041 4.08737 4.11094 4.16054 4.20116 4.24389 4.27416 4.32391 4.35966 4.38134 4.40649 4.44139
1.92646 1.9543 1.96433 1.97636 1.98937 2.01285 2.02331 2.03105 2.04961 2.06526 2.08393 2.10777 2.12312 2.13936 2.15905 2.18685 2.20976 2.2176 2.22741 2.25377 2.26985 2.29512 2.31198 2.34784 2.3682 2.38641 2.39966 2.42488 2.44955 2.47055 2.48962 2.51453 2.54352 2.56752 2.6063 2.61779 2.6454 2.67261 2.71136 2.7437 2.76437 2.78601 2.82735 2.85262 2.88955 2.93972 2.96014 2.99438 3.03455 3.0667 3.08958 3.12841 3.16924 3.20725 3.23708 3.26335 3.29702 3.33747 3.36013 3.37885 3.42052 3.44929 3.47346 3.51303 3.51818 3.5525 3.56185 3.60349 3.62845 3.63381 3.66543 3.68111 3.70196 3.70837 3.72069 3.71895 3.7478 3.76131 3.76984
1.87579 1.89438 1.90893 1.90895 1.91536 1.92886 1.947 1.96175 1.9631 1.96833 1.99404 2.00194 2.02931 2.038 2.05029 2.06992 2.08182 2.10386 2.12163 2.15174 2.16401 2.16854 2.1931 2.20977 2.23438 2.25154 2.26624 2.29302 2.31609 2.3354 2.36405 2.38738 2.4102 2.42405 2.44045 2.47506 2.50954 2.5163 2.55234 2.58159 2.59868 2.62833 2.64649 2.66941 2.68648 2.71789 2.74172 2.76665 2.78604 2.82335 2.82486 2.86284 2.87688 2.89036 2.93029 2.93811 2.94362 2.95477 2.97275 2.98472 2.99416 3.00679 3.0149 3.01981 3.00717 3.02468 3.00663 3.02578 3.00903 3.00112 2.98776 2.9876 2.97662 2.99036 2.95796 2.9459 2.94514 2.92916 2.93923
1.80504 1.80746 1.80809 1.82412 1.82761 1.84812 1.86254 1.86057 1.86921 1.88268 1.89714 1.90511 1.90954 1.92245 1.94459 1.96073 1.97236 1.97932 1.98466 1.99416 2.01443 2.03467 2.04212 2.06585 2.08862 2.09731 2.11216 2.12715 2.15526 2.16873 2.18342 2.19513 2.21273 2.23874 2.25687 2.26624 2.28817 2.31113 2.32942 2.34037 2.36825 2.3806 2.38842 2.40236 2.4259 2.42701 2.44204 2.46536 2.46589 2.47489 2.49826 2.50233 2.50448 2.49622 2.52274 2.50912 2.494 2.48947 2.47225 2.48027 2.46382 2.45515 2.4219 2.3999 2.36489 2.35817 2.3144 2.27063 2.26406 2.22884 2.18255 2.13773 2.12167 2.11374 2.05856 2.03119 2.00217 1.96943 1.95564
1.71652 1.71984 1.73676 1.73198 1.72817 1.74014 1.75298 1.74746 1.75717 1.77092 1.77622 1.78166 1.78518 1.80375 1.81503 1.80971 1.83408 1.84449 1.84841 1.85588 1.86736 1.87876 1.89516 1.90531 1.91201 1.92033 1.92815 1.95099 1.95755 1.9702 1.98065 2.00082 1.99983 2.0225 2.02069 2.0375 2.04273 2.06542 2.06598 2.07049 2.0672 2.08585 2.0952 2.08673 2.08834 2.09171 2.09675 2.09311 2.09319 2.10069 2.06184 2.07864 2.03961 2.03514 2.0093 1.96673 1.96156 1.90626 1.88635 1.84641 1.78501 1.73937 1.7121 1.63245 1.58787 1.5387 1.4653 1.39755 1.34693 1.28416 1.22537 1.15246 1.09004 1.06501 1.01034 0.952914 0.919842 0.880999 0.825751
1.62238 1.61927 1.62554 1.6236 1.62731 1.62716 1.63091 1.63107 1.63957 1.65773 1.6472 1.64623 1.6598 1.66056 1.66079 1.6746 1.69148 1.69031 1.68487 1.69757 1.70706 1.72699 1.71807 1.72947 1.7186 1.73561 1.73799 1.74461 1.75278 1.76374 1.75573 1.75907 1.76546 1.76757 1.77088 1.77433 1.79347 1.7838 1.76858 1.79351 1.75856 1.78 1.75093 1.74433 1.73961 1.72509 1.71209 1.67503 1.6594 1.61501 1.58134 1.56486 1.52225 1.47427 1.43076 1.38224 1.29821 1.25243 1.19939 1.11631 1.0562 0.985674 0.897733 0.821145 0.730347 0.65128 0.579005 0.5021 0.422897 0.347056 0.289468 0.232783 0.187299 0.147843 0.114579 0.0993931 0.0858134 0.0708974 0.0592539
1.49229 1.50257 1.52805 1.50431 1.50335 1.51992 1.5288 1.51324 1.50949 1.51523 1.51054 1.52392 1.51518 1.53434 1.51983 1.52187 1.51175 1.51061 1.52598 1.5297 1.525 1.51139 1.52442 1.54367 1.52307 1.53187 1.53087 1.53616 1.51635 1.54434 1.54576 1.52132 1.52569 1.53364 1.51113 1.51057 1.49773 1.4893 1.47168 1.4726 1.42546 1.39766 1.42625 1.34489 1.33477 1.29851 1.26145 1.24414 1.16734 1.14887 1.06982 1.0371 0.962826 0.88946 0.823227 0.772816 0.671039 0.583124 0.506736 0.441976 0.338827 0.253679 0.190701 0.134564 0.0887685 0.0631394 0.035226 0.0120587 0 0 0 0 0 0 0 0 0 0 0
1.37996 1.37697 1.36646 1.36947 1.37139 1.38364 1.37217 1.3726 1.36048 1.35722 1.35731 1.37319 1.38096 1.3603 1.35985 1.35884 1.357 1.35701 1.3565 1.35376 1.35171 1.34781 1.35403 1.35606 1.34538 1.342 1.34267 1.33233 1.32481 1.31374 1.31388 1.28586 1.27053 1.26385 1.23528 1.23253 1.2014 1.17903 1.17142 1.12132 1.11652 1.06155 1.02533 0.97108 0.940702 0.883872 0.812461 0.80036 0.708583 0.643665 0.568772 0.472421 0.422783 0.339761 0.240105 0.163721 0.103769 0.074424 0.0428955 0.014268 1.6144e-05 0 0 0 0 0 0 0 0 0 0 0 0 0 0 0 0 0 0
1.24947 1.24497 1.24879 1.23928 1.22647 1.22707 1.22604 1.22384 1.23496 1.23566 1.21836 1.21824 1.21037 1.21387 1.2072 1.20436 1.20219 1.21345 1.19528 1.19544 1.17671 1.19558 1.16264 1.14884 1.14352 1.13561 1.11779 1.12342 1.09875 1.07566 1.05783 1.04275 1.01882 1.00022 0.962417 0.92396 0.919325 0.871166 0.817904 0.77696 0.735961 0.681603 0.628192 0.594474 0.494226 0.42232 0.388581 0.285161 0.212313 0.134589 0.0832971 0.0504272 0.0162719 0.000515058 0 0 0 0 0 0 0 0 0 0 0 0 0 0 0 0 0 0 0 0 0 0 0 0 0
1.10352 1.10643 1.11185 1.10688 1.09702 1.09705 1.08923 1.09573 1.0802 1.08968 1.07428 1.07529 1.04327 1.05841 1.03119 1.05571 1.03615 1.02459 1.01093 1.00819 0.989109 0.981914 0.968707 0.937385 0.940478 0.927963 0.892769 0.87421 0.856382 0.826598 0.796034 0.767632 0.728389 0.69317 0.64399 0.618114 0.579037 0.528786 0.450264 0.419901 0.350979 0.288028 0.19502 0.122185 0.080092 0.0459842 0.0116543 0.000103967 0 0 0 0 0 0 0 0 0 0 0 0 0 0 0 0 0 0 0 0 0 0 0 0 0 0 0 0 0 0 0
0.978095 0.994089 0.974369 0.958381 0.953025 0.950688 0.934801 0.941169 0.926217 0.93323 0.900107 0.924816 0.903308 0.889823 0.874518 0.872784 0.871923 0.849565 0.805753 0.80349 0.787653 0.766697 0.750231 0.715224 0.712198 0.685239 0.662918 0.622046 0.575605 0.582727 0.527157 0.46771 0.428135 0.384182 0.330669 0.258691 0.1748 0.125748 0.0769361 0.0403082 0.0109354 0.000235491 0 0 0 0 0 0 0 0 0 0 0 0 0 0 0 0 0 0 0 0 0 0 0 0 0 0 0 0 0 0 0 0 0 0 0 0 0
0.842165 0.823218 0.811176 0.817556 0.804754 0.81215 0.800241 0.774557 0.762343 0.751528 0.749185 0.726651 0.716781 0.704239 0.677919 0.683419 0.661774 0.648384 0.629241 0.611142 0.579496 0.553475 0.525493 0.527649 0.461169 0.412188 0.383105 0.339226 0.28676 0.212097 0.156148 0.100301 0.0646825 0.0355544 0.00703106 0 0 0 0 0 0 0 0 0 0 0 0 0 0 0 0 0 0 0 0 0 0 0 0 0 0 0 0 0 0 0 0 0 0 0 0 0 0 0 0 0 0 0 0
0.689202 0.675951 0.656141 0.659812 0.627954 0.648849 0.621896 0.620613 0.612915 0.60691 0.583498 0.561957 0.525817 0.544563 0.515171 0.507457 0.457763 0.411629 0.402855 0.342248 0.342524 0.291213 0.206385 0.164265 0.120132 0.074425 0.0465825 0.0244339 0.00248225 0 0 0 0 0 0 0 0 0 0 0 0 0 0 0 0 0 0 0 0 0 0 0 0 0 0 0 0 0 0 0 0 0 0 0 0 0 0 0 0 0 0 0 0 0 0 0 0 0 0
0.531415 0.519017 0.515823 0.508361 0.492304 0.514296 0.462729 0.463886 0.412118 0.41128 0.364162 0.364116 0.327152 0.309753 0.228475 0.185771 0.140258 0.089756 0.0822173 0.0459486 0.019386 0.00406989 0 0 0 0 0 0 0 0 0 0 0 0 0 0 0 0 0 0 0 0 0 0 0 0 0 0 0 0 0 0 0 0 0 0 0 0 0 0 0 0 0 0 0 0 0 0 0 0 0 0 0 0 0 0 0 0 0
0.346142 0.346789 0.288661 0.317571 0.244348 0.252119 0.169061 0.159453 0.103204 0.101206 0.0545756 0.0496888 0.0245071 0.00711338 6.96671e-05 0 0 0 0 0 0 0 0 0 0 0 0 0 0 0 0 0 0 0 0 0 0 0 0 0 0 0 0 0 0 0 0 0 0 0 0 0 0 0 0 0 0 0 0 0 0 0 0 0 0 0 0 0 0 0 0 0 0 0 0 0 0 0 0
0.0579789 0.060121 0.030127 0.0218189 0.00569698 0 0 0 0 0 0 0 0 0 0 0 0 0 0 0 0 0 0 0 0 0 0 0 0 0 0 0 0 0 0 0 0 0 0 0 0 0 0 0 0 0 0 0 0 0 0 0 0 0 0 0 0 0 0 0 0 0 0 0 0 0 0 0 0 0 0 0 0 0 0 0 0 0 0
0 0 0 0 0 0 0 0 0 0 0 0 0 0 0 0 0 0 0 0 0 0 0 0 0 0 0 0 0 0 0 0 0 0 0 0 0 0 0 0 0 0 0 0 0 0 0 0 0 0 0 0 0 0 0 0 0 0 0 0 0 0 0 0 0 0 0 0 0 0 0 0 0 0 0 0 0 0 0
0 0 0 0 0 0 0 0 0 0 0 0 0 0 0 0 0 0 0 0 0 0 0 0 0 0 0 0 0 0 0 0 0 0 0 0 0 0 0 0 0 0 0 0 0 0 0 0 0 0 0 0 0 0 0 0 0 0 0 0 0 0 0 0 0 0 0 0 0 0 0 0 0 0 0 0 0 0 0
0 0 0 0 0 0 0 0 0 0 0 0 0 0 0 0 0 0 0 0 0 0 0 0 0 0 0 0 0 0 0 0 0 0 0 0 0 0 0 0 0 0 0 0 0 0 0 0 0 0 0 0 0 0 0 0 0 0 0 0 0 0 0 0 0 0 0 0 0 0 0 0 0 0 0 0 0 0 0
0 0 0 0 0 0 0 0 0 0 0 0 0 0 0 0 0 0 0 0 0 0 0 0 0 0 0 0 0 0 0 0 0 0 0 0 0 0 0 0 0 0 0 0 0 0 0 0 0 0 0 0 0 0 0 0 0 0 0 0 0 0 0 0 0 0 0 0 0 0 0 0 0 0 0 0 0 0 0
0 0 0 0 0 0 0 0 0 0 0 0 0 0 0 0 0 0 0 0 0 0 0 0 0 0 0 0 0 0 0 0 0 0 0 0 0 0 0 0 0 0 0 0 0 0 0 0 0 0 0 0 0 0 0 0 0 0 0 0 0 0 0 0 0 0 0 0 0 0 0 0 0 0 0 0 0 0 0
0 0 0 0 0 0 0 0 0 0 0 0 0 0 0 0 0 0 0 0 0 0 0 0 0 0 0 0 0 0 0 0 0 0 0 0 0 0 0 0 0 0 0 0 0 0 0 0 0 0 0 0 0 0 0 0 0 0 0 0 0 0 0 0 0 0 0 0 0 0 0 0 0 0 0 0 0 0 0
0 0 0 0 0 0 0 0 0 0 0 0 0 0 0 0 0 0 0 0 0 0 0 0 0 0 0 0 0 0 0 0 0 0 0 0 0 0 0 0 0 0 0 0 0 0 0 0 0 0 0 0 0 0 0 0 0 0 0 0 0 0 0 0 0 0 0 0 0 0 0 0 0 0 0 0 0 0 0
0 0 0 0 0 0 0 0 0 0 0 0 0 0 0 0 0 0 0 0 0 0 0 0 0 0 0 0 0 0 0 0 0 0 0 0 0 0 0 0 0 0 0 0 0 0 0 0 0 0 0 0 0 0 0 0 0 0 0 0 0 0 0 0 0 0 0 0 0 0 0 0 0 0 0 0 0 0 0
