data/CoulombOnly/Outputs_CoulombOnly/release1HS_03CoulombOnly_null_Gerris_pfv.asc
ncols        1001
nrows        301
xllcorner    997.500000000000
yllcorner    -5002.500000000000
cellsize     5.000000000000
[rows 132 to 153 of 301, columns 600 to 649 of 1001]
40.327800750732421875 39.805698394775390625 38.83209991455078125 37.83769989013671875 36.95330047607421875 36.2079010009765625 34.942401885986328125 34.30500030517578125 33.69409942626953125 33.248600006103515625 32.16139984130859375 31.525299072265625 30.9281005859375 30.082300186157226562 29.152799606323242188 28.67729949951171875 28.192899703979492188 27.699800491333007812 26.687200546264648438 26.160200119018554688 25.6100006103515625 25.031099319458007812 23.797300338745117188 23.13909912109375 22.449300765991210938 21.728200912475585938 20.166200637817382812 19.402399063110351562 18.714599609375 18.01409912109375 16.594499588012695312 15.902899742126464844 15.196900367736816406 14.484999656677246094 13.036499977111816406 12.470800399780273438 11.935899734497070312 11.544899940490722656 10.51399993896484375 9.924030303955078125 9.3948802947998046875 8.7809400558471679688 7.4569401741027832031 6.7302899360656738281 5.8864297866821289062 5.115200042724609375 3.065670013427734375 1.6523400545120239258 0.52418601512908935547 0
39.540599822998046875 38.79309844970703125 37.906101226806640625 37.559398651123046875 36.720600128173828125 36.1204986572265625 35.218601226806640625 34.745700836181640625 34.18399810791015625 33.6949005126953125 32.833698272705078125 32.3860015869140625 31.942600250244140625 31.483400344848632812 30.535400390625 30.054800033569335938 29.557699203491210938 29.04940032958984375 27.948099136352539062 27.386699676513671875 26.8050994873046875 26.204599380493164062 24.958200454711914062 24.300699234008789062 23.618099212646484375 22.905000686645507812 21.38430023193359375 20.662700653076171875 20.012399673461914062 19.34600067138671875 17.969900131225585938 17.269100189208984375 16.565599441528320312 15.852899551391601562 14.425499916076660156 13.703000068664550781 13.051799774169921875 12.468600273132324219 11.547499656677246094 11.033800125122070312 10.475500106811523438 9.917819976806640625 8.60330963134765625 7.8747601509094238281 7.0871100425720214844 6.232089996337890625 4.2478299140930175781 3.086460113525390625 1.8665399551391601562 0.4920260012149810791
39.5467987060546875 38.963901519775390625 37.985198974609375 37.786998748779296875 37.04470062255859375 36.645198822021484375 35.829898834228515625 35.4105987548828125 34.98239898681640625 34.54949951171875 33.669498443603515625 33.21810150146484375 32.761501312255859375 32.296001434326171875 31.337099075317382812 30.837900161743164062 30.324399948120117188 29.776800155639648438 28.80699920654296875 28.282300949096679688 27.725200653076171875 27.14279937744140625 25.900400161743164062 25.245100021362304688 24.566699981689453125 23.8647003173828125 22.396099090576171875 21.778900146484375 21.149000167846679688 20.503599166870117188 19.172100067138671875 18.48329925537109375 17.77790069580078125 17.06150054931640625 15.648900032043457031 14.95240020751953125 14.260399818420410156 13.586199760437011719 12.615200042724609375 12.049200057983398438 11.499500274658203125 10.931300163269042969 9.6555299758911132812 8.988590240478515625 8.1768798828125 7.4182801246643066406 5.603549957275390625 4.4539799690246582031 3.4007101058959960938 1.8826400041580200195
40.198200225830078125 39.864200592041015625 39.150299072265625 38.771900177001953125 38.391998291015625 38.019298553466796875 37.214000701904296875 36.800899505615234375 36.357898712158203125 35.932598114013671875 35.030200958251953125 34.582698822021484375 34.1342010498046875 33.6772003173828125 32.734798431396484375 32.248199462890625 31.75009918212890625 31.239400863647460938 30.179599761962890625 29.637500762939453125 29.0652008056640625 28.484600067138671875 27.285699844360351562 26.661500930786132812 26.020700454711914062 25.357799530029296875 24.168399810791015625 23.582700729370117188 22.984800338745117188 22.371599197387695312 21.102399826049804688 20.441400527954101562 19.76580047607421875 19.073699951171875 17.655500411987304688 16.948400497436523438 16.2593994140625 15.584799766540527344 14.270899772644042969 13.606200218200683594 13.177000045776367188 12.549699783325195312 11.235799789428710938 10.695500373840332031 9.9262104034423828125 9.1664304733276367188 7.4316301345825195312 6.4200601577758789062 5.4151601791381835938 4.1732797622680664062
40.827800750732421875 40.429599761962890625 39.656200408935546875 39.273700714111328125 38.8582000732421875 38.47029876708984375 37.63320159912109375 37.210300445556640625 36.7725982666015625 36.345600128173828125 35.435901641845703125 34.984401702880859375 34.53099822998046875 34.078800201416015625 33.144298553466796875 32.66410064697265625 32.1717987060546875 31.669900894165039062 30.633199691772460938 30.098199844360351562 29.551500320434570312 28.992200851440429688 27.820400238037109375 27.218099594116210938 26.599700927734375 26.03170013427734375 24.910999298095703125 24.318399429321289062 23.723300933837890625 23.115400314331054688 21.854000091552734375 21.19770050048828125 20.525600433349609375 19.835500717163085938 18.407899856567382812 17.682500839233398438 16.976999282836914062 16.309499740600585938 15.004899978637695312 14.350500106811523438 13.687800407409667969 13.097200393676757812 11.869600296020507812 11.188799858093261719 10.49530029296875 9.7270402908325195312 8.0669002532958984375 7.1270799636840820312 6.0482997894287109375 4.9580202102661132812
41.17819976806640625 40.7808990478515625 39.99829864501953125 39.606201171875 39.1938018798828125 38.791698455810546875 37.959400177001953125 37.5308990478515625 37.10630035400390625 36.6761016845703125 35.797199249267578125 35.35559844970703125 34.91590118408203125 34.46939849853515625 33.561199188232421875 33.089199066162109375 32.61280059814453125 32.1269989013671875 31.125600814819335938 30.609600067138671875 30.08300018310546875 29.544599533081054688 28.414400100708007812 27.830600738525390625 27.232000350952148438 26.617200851440429688 25.484800338745117188 24.904399871826171875 24.311399459838867188 23.690900802612304688 22.429899215698242188 21.777200698852539062 21.106800079345703125 20.41880035400390625 18.9962005615234375 18.268899917602539062 17.560699462890625 16.898500442504882812 15.60919952392578125 14.965900421142578125 14.318499565124511719 13.689700126647949219 12.45890045166015625 11.837400436401367188 11.125800132751464844 10.411100387573242188 8.7851696014404296875 7.8047499656677246094 6.8411798477172851562 5.6963400840759277344
41.46089935302734375 41.075199127197265625 40.29309844970703125 39.89849853515625 39.499599456787109375 39.09529876708984375 38.281398773193359375 37.867801666259765625 37.451000213623046875 37.030300140380859375 36.1753997802734375 35.741199493408203125 35.303798675537109375 34.85919952392578125 33.95989990234375 33.50460052490234375 33.0475006103515625 32.575901031494140625 31.611600875854492188 31.114900588989257812 30.607500076293945312 30.089399337768554688 29.007699966430664062 28.4430999755859375 27.8488006591796875 27.250200271606445312 26.00009918212890625 25.344900131225585938 24.73889923095703125 24.1343994140625 22.868999481201171875 22.218599319458007812 21.55229949951171875 20.869600296020507812 19.455600738525390625 18.735200881958007812 18.030000686645507812 17.369800567626953125 16.086700439453125 15.450300216674804688 14.798600196838378906 14.156900405883789062 12.944499969482421875 12.290900230407714844 11.604100227355957031 10.847399711608886719 9.22599029541015625 8.3262395858764648438 7.3066802024841308594 6.2566800117492675781
41.90579986572265625 41.538898468017578125 40.792400360107421875 40.418201446533203125 40.038600921630859375 39.6566009521484375 38.87779998779296875 38.481201171875 38.081501007080078125 37.674098968505859375 36.843898773193359375 36.417499542236328125 35.989200592041015625 35.54850006103515625 34.64369964599609375 34.181301116943359375 33.7108001708984375 33.241001129150390625 32.278301239013671875 31.7826995849609375 31.277299880981445312 30.7649993896484375 29.72209930419921875 29.185100555419921875 28.6371002197265625 28.076799392700195312 26.895000457763671875 26.276800155639648438 25.644300460815429688 24.991899490356445312 23.58679962158203125 22.841199874877929688 22.168100357055664062 21.489200592041015625 20.083400726318359375 19.368999481201171875 18.687099456787109375 18.052499771118164062 16.813899993896484375 16.185499191284179688 15.560099601745605469 14.911499977111816406 13.684399604797363281 13.027799606323242188 12.354800224304199219 11.617099761962890625 10.036499977111816406 9.1812601089477539062 8.254810333251953125 7.2588200569152832031
42.1894989013671875 41.811798095703125 41.044300079345703125 40.6531982421875 40.25859832763671875 39.8583984375 39.055599212646484375 38.647701263427734375 38.235500335693359375 37.828098297119140625 37.01409912109375 36.596500396728515625 36.17279815673828125 35.742801666259765625 34.860599517822265625 34.404998779296875 33.93830108642578125 33.465000152587890625 32.52629852294921875 32.040401458740234375 31.551799774169921875 31.057500839233398438 30.030300140380859375 29.494800567626953125 28.953100204467773438 28.395700454711914062 27.227800369262695312 26.608900070190429688 25.976200103759765625 25.32379913330078125 23.952199935913085938 23.236200332641601562 22.4766998291015625 21.671800613403320312 20.277599334716796875 19.584499359130859375 18.941699981689453125 18.322999954223632812 17.10540008544921875 16.47769927978515625 15.857700347900390625 15.211099624633789062 14.032799720764160156 13.41609954833984375 12.712599754333496094 12.008500099182128906 10.471400260925292969 9.5890398025512695312 8.6956396102905273438 7.648349761962890625
42.420200347900390625 42.055599212646484375 41.314800262451171875 40.932399749755859375 40.555301666259765625 40.16609954833984375 39.373699188232421875 38.962299346923828125 38.5428009033203125 38.11660003662109375 37.264301300048828125 36.8385009765625 36.40489959716796875 35.962200164794921875 35.056499481201171875 34.59510040283203125 34.131801605224609375 33.661899566650390625 32.711101531982421875 32.229801177978515625 31.742700576782226562 31.253499984741210938 30.240800857543945312 29.71739959716796875 29.190099716186523438 28.640899658203125 27.509099960327148438 26.915500640869140625 26.285699844360351562 25.64080047607421875 24.267200469970703125 23.543500900268554688 22.789800643920898438 21.997499465942382812 20.44589996337890625 19.775600433349609375 19.142499923706054688 18.528499603271484375 17.310699462890625 16.703599929809570312 16.079999923706054688 15.452699661254882812 14.177000045776367188 13.545499801635742188 12.871600151062011719 12.180600166320800781 10.67440032958984375 9.8726301193237304688 8.9312295913696289062 7.983699798583984375
42.5791015625 42.2006988525390625 41.42910003662109375 41.04270172119140625 40.681400299072265625 40.31349945068359375 39.56710052490234375 39.187801361083984375 38.802700042724609375 38.410400390625 37.60150146484375 37.185199737548828125 36.75949859619140625 36.320098876953125 35.422199249267578125 34.9524993896484375 34.472698211669921875 33.990200042724609375 32.9954986572265625 32.48600006103515625 31.973300933837890625 31.45240020751953125 30.40110015869140625 29.865900039672851562 29.321399688720703125 28.766599655151367188 27.607000350952148438 26.989500045776367188 26.399700164794921875 25.82550048828125 24.5727996826171875 23.86750030517578125 23.118299484252929688 22.336700439453125 20.630800247192382812 19.951900482177734375 19.326700210571289062 18.712299346923828125 17.515300750732421875 16.910299301147460938 16.294599533081054688 15.677399635314941406 14.399200439453125 13.819299697875976562 13.117699623107910156 12.515199661254882812 11.024000167846679688 10.1427001953125 9.2942800521850585938 8.31587982177734375
42.854198455810546875 42.4998016357421875 41.780300140380859375 41.41500091552734375 41.045299530029296875 40.663898468017578125 39.884601593017578125 39.4860992431640625 39.08409881591796875 38.68090057373046875 37.8686981201171875 37.4626007080078125 37.0531005859375 36.636600494384765625 35.774700164794921875 35.331699371337890625 34.87979888916015625 34.42169952392578125 33.4597015380859375 32.9506988525390625 32.439800262451171875 31.8946990966796875 30.828199386596679688 30.324100494384765625 29.800600051879882812 29.253499984741210938 28.108999252319335938 27.509099960327148438 26.88800048828125 26.250699996948242188 24.929399490356445312 24.245700836181640625 23.538099288940429688 22.837299346923828125 21.265499114990234375 20.36199951171875 19.544599533081054688 18.947200775146484375 17.742200851440429688 17.137500762939453125 16.540599822998046875 15.932000160217285156 14.700200080871582031 14.080800056457519531 13.428500175476074219 12.762900352478027344 11.304200172424316406 10.493300437927246094 9.6556501388549804688 8.7103796005249023438
42.963901519775390625 42.615100860595703125 41.881000518798828125 41.50949859619140625 41.144100189208984375 40.77339935302734375 40.01779937744140625 39.62760162353515625 39.223499298095703125 38.807201385498046875 37.9683990478515625 37.543300628662109375 37.118499755859375 36.6912994384765625 35.83380126953125 35.39749908447265625 34.950901031494140625 34.498699188232421875 33.561000823974609375 33.06549835205078125 32.565898895263671875 32.038600921630859375 31.041900634765625 30.54000091552734375 30.015399932861328125 29.483600616455078125 28.350200653076171875 27.753099441528320312 27.136800765991210938 26.498800277709960938 25.168500900268554688 24.4691009521484375 23.75189971923828125 23.0251007080078125 21.504899978637695312 20.6324005126953125 19.686399459838867188 18.989400863647460938 17.791599273681640625 17.193799972534179688 16.587999343872070312 15.984000205993652344 14.743499755859375 14.120800018310546875 13.482399940490722656 12.813300132751464844 11.3516998291015625 10.558400154113769531 9.6960096359252929688 8.7897796630859375
43.0493011474609375 42.690700531005859375 41.9656982421875 41.602901458740234375 41.246799468994140625 40.870998382568359375 40.10630035400390625 39.723201751708984375 39.334400177001953125 38.940601348876953125 38.10900115966796875 37.677898406982421875 37.242401123046875 36.80609893798828125 35.92800140380859375 35.48600006103515625 35.043399810791015625 34.596599578857421875 33.676998138427734375 33.2014007568359375 32.700801849365234375 32.19480133056640625 31.134799957275390625 30.64279937744140625 30.142999649047851562 29.622699737548828125 28.507900238037109375 27.920400619506835938 27.310199737548828125 26.677900314331054688 25.349300384521484375 24.650699615478515625 23.938800811767578125 23.224100112915039062 21.72389984130859375 20.863199234008789062 19.932100296020507812 19.015199661254882812 17.80680084228515625 17.200300216674804688 16.589899063110351562 15.968500137329101562 14.724300384521484375 14.110400199890136719 13.465800285339355469 12.8115997314453125 11.359800338745117188 10.551799774169921875 9.7345399856567382812 8.8071699142456054688
43.1157989501953125 42.771900177001953125 42.055400848388671875 41.685298919677734375 41.313899993896484375 40.942600250244140625 40.210300445556640625 39.814098358154296875 39.4197998046875 39.027099609375 38.226299285888671875 37.814800262451171875 37.380001068115234375 36.93389892578125 36.041500091552734375 35.590099334716796875 35.1343994140625 34.6885986328125 33.784698486328125 33.31800079345703125 32.83280181884765625 32.336700439453125 31.280599594116210938 30.741300582885742188 30.213199615478515625 29.695199966430664062 28.595500946044921875 28.01409912109375 27.412200927734375 26.783599853515625 25.473100662231445312 24.802499771118164062 24.107099533081054688 23.4402008056640625 21.941900253295898438 21.084400177001953125 20.167400360107421875 19.174800872802734375 17.7621002197265625 17.150299072265625 16.53350067138671875 15.915800094604492188 14.666500091552734375 14.037500381469726562 13.392800331115722656 12.719900131225585938 11.271100044250488281 10.485600471496582031 9.662960052490234375 8.7607297897338867188
43.228900909423828125 42.878200531005859375 42.170398712158203125 41.81600189208984375 41.448299407958984375 41.07289886474609375 40.30889892578125 39.92919921875 39.5597991943359375 39.17639923095703125 38.359798431396484375 37.952701568603515625 37.54000091552734375 37.1239013671875 36.2386016845703125 35.7769012451171875 35.31529998779296875 34.8524017333984375 33.9402008056640625 33.480499267578125 33.01599884033203125 32.560199737548828125 31.575899124145507812 31.051599502563476562 30.508100509643554688 29.954799652099609375 28.823499679565429688 28.252099990844726562 27.673000335693359375 27.079500198364257812 25.807100296020507812 25.099000930786132812 24.396299362182617188 23.76869964599609375 22.322099685668945312 21.475599288940429688 20.561199188232421875 19.578599929809570312 17.810699462890625 17.197399139404296875 16.577899932861328125 15.954000473022460938 14.685799598693847656 14.03260040283203125 13.4095001220703125 12.734900474548339844 11.305199623107910156 10.533699989318847656 9.7264795303344726562 8.8878002166748046875
43.265499114990234375 42.914699554443359375 42.20619964599609375 41.850498199462890625 41.486499786376953125 41.11100006103515625 40.34709930419921875 39.965000152587890625 39.58589935302734375 39.212001800537109375 38.4040985107421875 37.994800567626953125 37.584400177001953125 37.16790008544921875 36.304901123046875 35.8406982421875 35.377399444580078125 34.910400390625 33.971698760986328125 33.512599945068359375 33.05049896240234375 32.58660125732421875 31.645000457763671875 31.138399124145507812 30.606599807739257812 30.056100845336914062 28.928899765014648438 28.35720062255859375 27.778799057006835938 27.191099166870117188 25.9290008544921875 25.228799819946289062 24.51219940185546875 23.867900848388671875 22.452800750732421875 21.617900848388671875 20.710500717163085938 19.72949981689453125 18.214799880981445312 17.607999801635742188 17.00550079345703125 16.396099090576171875 15.159999847412109375 14.569600105285644531 13.945199966430664062 13.300499916076660156 11.912500381469726562 11.115799903869628906 10.330900192260742188 9.4404802322387695312
43.296100616455078125 42.944698333740234375 42.23799896240234375 41.874599456787109375 41.50640106201171875 41.1313018798828125 40.37200164794921875 39.98889923095703125 39.611698150634765625 39.23979949951171875 38.429599761962890625 38.019100189208984375 37.6082000732421875 37.19229888916015625 36.338901519775390625 35.878200531005859375 35.414398193359375 34.9449005126953125 34.004100799560546875 33.5269012451171875 33.045299530029296875 32.571498870849609375 31.616399765014648438 31.107500076293945312 30.575300216674804688 30.032899856567382812 28.911199569702148438 28.343500137329101562 27.769300460815429688 27.18180084228515625 25.928699493408203125 25.246099472045898438 24.535600662231445312 23.837400436401367188 22.4748992919921875 21.652599334716796875 20.755899429321289062 20.116300582885742188 18.988300323486328125 18.4449005126953125 17.857799530029296875 17.314599990844726562 16.076099395751953125 15.402600288391113281 14.778200149536132812 14.069199562072753906 12.599399566650390625 11.818499565124511719 10.981699943542480469 10.118800163269042969
43.284999847412109375 42.934299468994140625 42.229400634765625 41.875301361083984375 41.512798309326171875 41.14279937744140625 40.38790130615234375 40.0066986083984375 39.62599945068359375 39.252498626708984375 38.448101043701171875 38.032199859619140625 37.62039947509765625 37.203899383544921875 36.353298187255859375 35.8925018310546875 35.426300048828125 34.954601287841796875 34.01020050048828125 33.535099029541015625 33.056301116943359375 32.574199676513671875 31.571300506591796875 31.0373992919921875 30.493900299072265625 29.94499969482421875 28.887500762939453125 28.325099945068359375 27.744199752807617188 27.135000228881835938 25.83860015869140625 25.160600662231445312 24.614900588989257812 24.074899673461914062 22.965999603271484375 22.392999649047851562 21.807500839233398438 21.204500198364257812 20.037099838256835938 19.401300430297851562 18.8125 18.13430023193359375 16.812200546264648438 16.145900726318359375 15.444700241088867188 14.751099586486816406 13.228199958801269531 12.399700164794921875 11.578100204467773438 10.606499671936035156
43.243801116943359375 42.897899627685546875 42.191699981689453125 41.828399658203125 41.45890045166015625 41.0850982666015625 40.326198577880859375 39.945598602294921875 39.568500518798828125 39.178699493408203125 38.3524017333984375 37.94049835205078125 37.527301788330078125 37.109798431396484375 36.255199432373046875 35.797000885009765625 35.345699310302734375 34.893100738525390625 33.969699859619140625 33.505199432373046875 33.034999847412109375 32.560199737548828125 31.558599472045898438 31.032499313354492188 30.487100601196289062 29.929399490356445312 28.789899826049804688 28.213899612426757812 27.640699386596679688 27.051799774169921875 25.781999588012695312 25.071699142456054688 24.37039947509765625 23.721300125122070312 22.285100936889648438 21.444499969482421875 20.544399261474609375 19.90940093994140625 18.748600006103515625 18.1613006591796875 17.54199981689453125 16.942699432373046875 15.719799995422363281 15.0839996337890625 14.445599555969238281 13.755700111389160156 12.296899795532226562 11.501199722290039062 10.68000030517578125 9.818470001220703125
43.234401702880859375 42.878299713134765625 42.159099578857421875 41.7949981689453125 41.4264984130859375 41.05390167236328125 40.300800323486328125 39.926300048828125 39.53260040283203125 39.13320159912109375 38.317401885986328125 37.91049957275390625 37.503101348876953125 37.10070037841796875 36.254199981689453125 35.806400299072265625 35.359401702880859375 34.90869903564453125 34.003398895263671875 33.548099517822265625 33.075000762939453125 32.601200103759765625 31.589000701904296875 31.062000274658203125 30.509599685668945312 29.949100494384765625 28.831899642944335938 28.263500213623046875 27.684299468994140625 27.08950042724609375 25.750200271606445312 25.069400787353515625 24.487199783325195312 23.825199127197265625 22.287500381469726562 21.431200027465820312 20.516099929809570312 19.542499542236328125 18.215099334716796875 17.608699798583984375 17.006000518798828125 16.39189910888671875 15.1436004638671875 14.529299736022949219 13.886500358581542969 13.22760009765625 11.823599815368652344 11.012800216674804688 10.220999717712402344 9.3119897842407226562
43.19049835205078125 42.838199615478515625 42.1269989013671875 41.76309967041015625 41.394100189208984375 41.015598297119140625 40.252101898193359375 39.8675994873046875 39.481601715087890625 39.09619903564453125 38.316600799560546875 37.92729949951171875 37.5373992919921875 37.086498260498046875 36.215999603271484375 35.776699066162109375 35.33499908447265625 34.896900177001953125 34.014598846435546875 33.5561981201171875 33.090301513671875 32.60720062255859375 31.5746002197265625 31.03079986572265625 30.481700897216796875 29.923299789428710938 28.817399978637695312 28.252000808715820312 27.664899826049804688 27.034000396728515625 25.730199813842773438 25.168199539184570312 24.506900787353515625 23.789699554443359375 22.207399368286132812 21.339899063110351562 20.412599563598632812 19.420000076293945312 17.7490997314453125 17.14739990234375 16.543600082397460938 15.928700447082519531 14.668600082397460938 14.026200294494628906 13.397800445556640625 12.7173004150390625 11.287400245666503906 10.515199661254882812 9.70446014404296875 8.8645000457763671875
