data/CoulombOnly/Outputs_CoulombOnly/release1HS_03CoulombOnly_null_INRAEaval_pft.asc
ncols  1001
nrows  301
xllcenter  1000.00
yllcenter -5000.00
cellsize  5.00
nodata_value -9999.00
[rows 116 to 144 of 301, columns 603 to 669 of 1001]
0.00100 0.00100 0.00100 0.00100 0.00100 0.00100 0.00100 0.00100 0.00100 0.00100 0.00100 0.00100 0.00100 0.00100 0.00100 0.00100 0.00100 0.00100 0.00100 0.00100 0.00100 0.00100 0.00100 0.00100 0.00100 0.00100 0.00100 0.00100 0.00100 0.00100 0.00100 0.00100 0.00100 0.00100 0.00100 0.00100 0.00100 0.00100 0.00100 0.00100 0.00100 0.00100 0.00100 0.00100 0.00101 0.00101 0.00101 0.00101 0.00102 0.00103 0.00104 0.00105 0.00107 0.00109 0.00112 0.00115 0.00119 0.00122 0.00126 0.00134 0.00145 0.00160 0.00178 0.00200 0.00226 0.00256 0.00292
0.00100 0.00100 0.00100 0.00100 0.00100 0.00100 0.00100 0.00100 0.00100 0.00100 0.00100 0.00100 0.00100 0.00100 0.00100 0.00100 0.00100 0.00100 0.00100 0.00100 0.00100 0.00100 0.00100 0.00100 0.00100 0.00100 0.00100 0.00100 0.00100 0.00100 0.00100 0.00100 0.00100 0.00101 0.00101 0.00101 0.00101 0.00102 0.00102 0.00104 0.00105 0.00107 0.00109 0.00111 0.00114 0.00117 0.00119 0.00122 0.00129 0.00139 0.00152 0.00168 0.00187 0.00209 0.00235 0.00265 0.00299 0.00321 0.00335 0.00355 0.00379 0.00408 0.00442 0.00481 0.00525 0.00576 0.00633
0.00100 0.00100 0.00100 0.00100 0.00100 0.00100 0.00100 0.00100 0.00100 0.00100 0.00100 0.00100 0.00100 0.00100 0.00100 0.00100 0.00100 0.00100 0.00100 0.00100 0.00100 0.00100 0.00101 0.00101 0.00101 0.00101 0.00101 0.00102 0.00103 0.00104 0.00106 0.00108 0.00110 0.00112 0.00115 0.00117 0.00119 0.00123 0.00131 0.00142 0.00155 0.00170 0.00188 0.00211 0.00238 0.00268 0.00279 0.00276 0.00281 0.00290 0.00302 0.00317 0.00334 0.00354 0.00383 0.00419 0.00459 0.00504 0.00555 0.00611 0.00673 0.00743 0.00820 0.00907 0.01003 0.01109 0.01227
0.00100 0.00100 0.00100 0.00100 0.00100 0.00100 0.00100 0.00100 0.00100 0.00100 0.00100 0.00101 0.00101 0.00101 0.00101 0.00101 0.00102 0.00103 0.00104 0.00105 0.00107 0.00109 0.00111 0.00114 0.00116 0.00116 0.00119 0.00125 0.00133 0.00144 0.00156 0.00173 0.00193 0.00216 0.00241 0.00253 0.00240 0.00236 0.00236 0.00239 0.00245 0.00264 0.00284 0.00307 0.00333 0.00361 0.00393 0.00428 0.00468 0.00512 0.00560 0.00614 0.00674 0.00740 0.00812 0.00893 0.00982 0.01079 0.01187 0.01306 0.01436 0.01579 0.01736 0.01909 0.02097 0.02304 0.02529
0.00101 0.00101 0.00101 0.00101 0.00101 0.00102 0.00103 0.00104 0.00105 0.00106 0.00108 0.00110 0.00112 0.00114 0.00114 0.00116 0.00120 0.00127 0.00136 0.00148 0.00163 0.00180 0.00199 0.00220 0.00234 0.00218 0.00208 0.00202 0.00202 0.00214 0.00228 0.00244 0.00261 0.00281 0.00302 0.00327 0.00354 0.00383 0.00417 0.00453 0.00494 0.00538 0.00588 0.00642 0.00702 0.00768 0.00840 0.00919 0.01007 0.01102 0.01207 0.01321 0.01446 0.01583 0.01731 0.01894 0.02070 0.02262 0.02470 0.02696 0.02941 0.03206 0.03493 0.03802 0.04136 0.04497 0.04885
0.00109 0.00111 0.00113 0.00112 0.00113 0.00117 0.00122 0.00131 0.00142 0.00155 0.00170 0.00186 0.00204 0.00219 0.00202 0.00187 0.00178 0.00185 0.00194 0.00205 0.00218 0.00232 0.00247 0.00265 0.00284 0.00306 0.00330 0.00356 0.00385 0.00418 0.00453 0.00492 0.00535 0.00583 0.00635 0.00692 0.00754 0.00823 0.00898 0.00979 0.01069 0.01166 0.01272 0.01387 0.01513 0.01649 0.01797 0.01957 0.02131 0.02318 0.02521 0.02739 0.02975 0.03229 0.03502 0.03795 0.04110 0.04447 0.04808 0.05194 0.05607 0.06048 0.06517 0.07017 0.07549 0.08115 0.08715
0.00177 0.00192 0.00205 0.00186 0.00169 0.00166 0.00173 0.00181 0.00190 0.00200 0.00212 0.00225 0.00240 0.00256 0.00274 0.00294 0.00316 0.00341 0.00368 0.00397 0.00430 0.00466 0.00505 0.00548 0.00595 0.00647 0.00703 0.00765 0.00832 0.00905 0.00985 0.01072 0.01166 0.01269 0.01380 0.01500 0.01631 0.01771 0.01924 0.02088 0.02264 0.02455 0.02659 0.02879 0.03115 0.03368 0.03638 0.03927 0.04236 0.04566 0.04917 0.05291 0.05688 0.06111 0.06559 0.07034 0.07536 0.08068 0.08629 0.09222 0.09846 0.10504 0.11196 0.11924 0.12688 0.13489 0.14329
0.00210 0.00223 0.00237 0.00253 0.00270 0.00290 0.00311 0.00334 0.00360 0.00388 0.00419 0.00453 0.00490 0.00531 0.00575 0.00623 0.00676 0.00734 0.00797 0.00865 0.00939 0.01020 0.01107 0.01202 0.01304 0.01415 0.01534 0.01663 0.01802 0.01951 0.02112 0.02285 0.02470 0.02669 0.02881 0.03109 0.03351 0.03611 0.03887 0.04181 0.04493 0.04826 0.05178 0.05552 0.05947 0.06366 0.06808 0.07274 0.07766 0.08283 0.08828 0.09400 0.10000 0.10630 0.11289 0.11980 0.12701 0.13455 0.14242 0.15062 0.15916 0.16805 0.17730 0.18691 0.19689 0.20724 0.21798
0.00418 0.00451 0.00487 0.00527 0.00570 0.00617 0.00668 0.00724 0.00784 0.00850 0.00921 0.00998 0.01082 0.01172 0.01270 0.01375 0.01488 0.01610 0.01741 0.01882 0.02034 0.02196 0.02369 0.02555 0.02754 0.02966 0.03191 0.03432 0.03688 0.03960 0.04248 0.04554 0.04878 0.05221 0.05583 0.05966 0.06369 0.06794 0.07240 0.07710 0.08203 0.08720 0.09262 0.09829 0.10421 0.11040 0.11686 0.12360 0.13061 0.13790 0.14549 0.15336 0.16153 0.17000 0.17878 0.18786 0.19726 0.20696 0.21699 0.22734 0.23801 0.24901 0.26035 0.27202 0.28403 0.29639 0.30909
0.00927 0.01003 0.01085 0.01174 0.01270 0.01373 0.01483 0.01602 0.01730 0.01867 0.02014 0.02171 0.02338 0.02517 0.02708 0.02912 0.03128 0.03358 0.03602 0.03861 0.04136 0.04426 0.04733 0.05058 0.05400 0.05760 0.06139 0.06538 0.06957 0.07396 0.07856 0.08338 0.08842 0.09368 0.09918 0.10491 0.11087 0.11708 0.12353 0.13023 0.13719 0.14439 0.15186 0.15958 0.16756 0.17581 0.18432 0.19310 0.20214 0.21146 0.22104 0.23090 0.24103 0.25143 0.26211 0.27306 0.28429 0.29580 0.30759 0.31966 0.33201 0.34466 0.35759 0.37082 0.38434 0.39816 0.41229
0.02045 0.02201 0.02368 0.02545 0.02733 0.02934 0.03147 0.03373 0.03612 0.03866 0.04134 0.04417 0.04716 0.05031 0.05362 0.05711 0.06077 0.06461 0.06864 0.07285 0.07727 0.08188 0.08669 0.09171 0.09693 0.10237 0.10803 0.11390 0.12000 0.12631 0.13285 0.13962 0.14662 0.15385 0.16131 0.16899 0.17692 0.18507 0.19345 0.20207 0.21092 0.22001 0.22932 0.23887 0.24864 0.25865 0.26889 0.27936 0.29005 0.30097 0.31213 0.32351 0.33511 0.34695 0.35901 0.37131 0.38383 0.39659 0.40958 0.42281 0.43627 0.44998 0.46394 0.47814 0.49261 0.50734 0.52233
0.04234 0.04517 0.04815 0.05128 0.05457 0.05802 0.06164 0.06543 0.06939 0.07354 0.07787 0.08238 0.08708 0.09197 0.09706 0.10234 0.10783 0.11351 0.11940 0.12548 0.13178 0.13828 0.14499 0.15190 0.15902 0.16635 0.17389 0.18163 0.18958 0.19773 0.20609 0.21465 0.22341 0.23237 0.24153 0.25089 0.26044 0.27019 0.28012 0.29025 0.30057 0.31107 0.32176 0.33263 0.34369 0.35493 0.36634 0.37794 0.38972 0.40168 0.41382 0.42615 0.43865 0.45133 0.46420 0.47726 0.49050 0.50394 0.51757 0.53141 0.54545 0.55969 0.57416 0.58885 0.60376 0.61892 0.63433
0.08030 0.08481 0.08950 0.09437 0.09943 0.10467 0.11009 0.11570 0.12150 0.12749 0.13367 0.14003 0.14659 0.15333 0.16027 0.16739 0.17470 0.18219 0.18987 0.19773 0.20577 0.21399 0.22239 0.23096 0.23971 0.24862 0.25770 0.26695 0.27636 0.28593 0.29566 0.30555 0.31559 0.32578 0.33612 0.34661 0.35724 0.36801 0.37893 0.38998 0.40118 0.41251 0.42398 0.43559 0.44733 0.45921 0.47123 0.48338 0.49568 0.50811 0.52069 0.53340 0.54627 0.55929 0.57246 0.58579 0.59928 0.61293 0.62677 0.64078 0.65497 0.66937 0.68396 0.69877 0.71379 0.72905 0.74456
0.13853 0.14487 0.15140 0.15809 0.16496 0.17200 0.17921 0.18658 0.19413 0.20183 0.20970 0.21772 0.22590 0.23424 0.24272 0.25136 0.26013 0.26905 0.27811 0.28731 0.29663 0.30609 0.31567 0.32538 0.33521 0.34516 0.35522 0.36540 0.37569 0.38609 0.39659 0.40720 0.41791 0.42873 0.43965 0.45066 0.46178 0.47299 0.48431 0.49572 0.50723 0.51884 0.53055 0.54236 0.55428 0.56629 0.57842 0.59066 0.60301 0.61547 0.62806 0.64077 0.65361 0.66658 0.67969 0.69295 0.70635 0.71992 0.73366 0.74756 0.76166 0.77594 0.79043 0.80513 0.82006 0.83523 0.85065
0.21797 0.22592 0.23401 0.24223 0.25058 0.25906 0.26766 0.27638 0.28522 0.29417 0.30324 0.31241 0.32168 0.33106 0.34053 0.35010 0.35976 0.36950 0.37934 0.38925 0.39925 0.40932 0.41947 0.42970 0.44000 0.45037 0.46081 0.47131 0.48189 0.49253 0.50324 0.51401 0.52485 0.53575 0.54673 0.55776 0.56887 0.58005 0.59129 0.60261 0.61401 0.62548 0.63703 0.64866 0.66038 0.67219 0.68409 0.69609 0.70820 0.72041 0.73273 0.74517 0.75774 0.77043 0.78327 0.79625 0.80939 0.82268 0.83615 0.84980 0.86365 0.87769 0.89195 0.90643 0.92115 0.93613 0.95137
0.31564 0.32463 0.33371 0.34287 0.35210 0.36140 0.37078 0.38022 0.38972 0.39929 0.40891 0.41858 0.42831 0.43809 0.44792 0.45780 0.46772 0.47768 0.48769 0.49773 0.50782 0.51795 0.52811 0.53831 0.54855 0.55883 0.56915 0.57950 0.58990 0.60034 0.61081 0.62133 0.63190 0.64251 0.65317 0.66388 0.67464 0.68546 0.69633 0.70727 0.71828 0.72935 0.74050 0.75172 0.76303 0.77442 0.78590 0.79749 0.80917 0.82097 0.83288 0.84492 0.85708 0.86939 0.88184 0.89444 0.90721 0.92015 0.93328 0.94660 0.96012 0.97386 0.98784 1.00205 1.01654 1.03132 1.04643
0.42567 0.43504 0.44445 0.45388 0.46335 0.47284 0.48235 0.49188 0.50144 0.51101 0.52061 0.53021 0.53984 0.54948 0.55914 0.56881 0.57849 0.58820 0.59791 0.60764 0.61739 0.62715 0.63694 0.64674 0.65656 0.66640 0.67627 0.68616 0.69607 0.70602 0.71600 0.72601 0.73606 0.74616 0.75629 0.76647 0.77670 0.78698 0.79733 0.80773 0.81820 0.82874 0.83936 0.85006 0.86084 0.87172 0.88270 0.89378 0.90497 0.91629 0.92772 0.93929 0.95100 0.96286 0.97488 0.98707 0.99943 1.01199 1.02475 1.03773 1.05096 1.06447 1.07828 1.09240 1.10687 1.12168 1.13684
0.54148 0.55065 0.55983 0.56900 0.57817 0.58733 0.59649 0.60564 0.61479 0.62394 0.63308 0.64222 0.65136 0.66049 0.66962 0.67876 0.68789 0.69702 0.70616 0.71531 0.72446 0.73362 0.74279 0.75198 0.76118 0.77040 0.77964 0.78890 0.79819 0.80750 0.81685 0.82623 0.83566 0.84512 0.85463 0.86420 0.87381 0.88349 0.89323 0.90304 0.91292 0.92288 0.93292 0.94305 0.95328 0.96361 0.97405 0.98460 0.99528 1.00608 1.01703 1.02812 1.03937 1.05080 1.06244 1.07428 1.08637 1.09870 1.11131 1.12419 1.13734 1.15078 1.16450 1.17851 1.19282 1.20744 1.22239
0.65746 0.66605 0.67462 0.68317 0.69171 0.70023 0.70873 0.71722 0.72570 0.73416 0.74261 0.75106 0.75949 0.76792 0.77634 0.78477 0.79319 0.80161 0.81003 0.81847 0.82690 0.83535 0.84382 0.85230 0.86079 0.86931 0.87786 0.88643 0.89503 0.90367 0.91234 0.92106 0.92982 0.93864 0.94750 0.95643 0.96541 0.97447 0.98359 0.99280 1.00208 1.01146 1.02092 1.03049 1.04017 1.04997 1.05990 1.06999 1.08024 1.09066 1.10128 1.11210 1.12313 1.13438 1.14584 1.15752 1.16942 1.18154 1.19389 1.20648 1.21933 1.23245 1.24584 1.25953 1.27354 1.28788 1.30256
0.76968 0.77748 0.78526 0.79302 0.80077 0.80849 0.81620 0.82389 0.83158 0.83925 0.84691 0.85457 0.86222 0.86987 0.87752 0.88517 0.89283 0.90049 0.90816 0.91585 0.92355 0.93126 0.93900 0.94676 0.95454 0.96236 0.97020 0.97809 0.98601 0.99397 1.00198 1.01004 1.01816 1.02633 1.03457 1.04287 1.05126 1.05973 1.06831 1.07699 1.08578 1.09471 1.10377 1.11299 1.12236 1.13189 1.14157 1.15142 1.16143 1.17160 1.18194 1.19245 1.20313 1.21400 1.22506 1.23633 1.24781 1.25952 1.27148 1.28369 1.29616 1.30892 1.32197 1.33533 1.34903 1.36307 1.37747
0.87581 0.88275 0.88968 0.89659 0.90349 0.91038 0.91726 0.92413 0.93100 0.93786 0.94472 0.95159 0.95846 0.96533 0.97221 0.97910 0.98600 0.99292 0.99985 1.00681 1.01379 1.02080 1.02783 1.03490 1.04200 1.04914 1.05633 1.06358 1.07089 1.07827 1.08572 1.09326 1.10089 1.10862 1.11645 1.12440 1.13246 1.14063 1.14891 1.15730 1.16581 1.17444 1.18318 1.19204 1.20103 1.21014 1.21938 1.22877 1.23831 1.24800 1.25786 1.26790 1.27812 1.28854 1.29916 1.31000 1.32107 1.33237 1.34393 1.35575 1.36785 1.38024 1.39294 1.40597 1.41934 1.43307 1.44719
0.97461 0.98071 0.98680 0.99288 0.99896 1.00503 1.01111 1.01719 1.02327 1.02936 1.03545 1.04156 1.04768 1.05382 1.05998 1.06618 1.07240 1.07867 1.08497 1.09133 1.09774 1.10420 1.11074 1.11734 1.12402 1.13077 1.13760 1.14451 1.15149 1.15854 1.16568 1.17289 1.18017 1.18754 1.19498 1.20250 1.21010 1.21780 1.22559 1.23348 1.24147 1.24958 1.25780 1.26614 1.27462 1.28323 1.29198 1.30088 1.30994 1.31917 1.32857 1.33815 1.34793 1.35791 1.36810 1.37852 1.38917 1.40008 1.41124 1.42268 1.43440 1.44643 1.45878 1.47147 1.48451 1.49792 1.51173
1.06559 1.07092 1.07625 1.08161 1.08698 1.09237 1.09779 1.10324 1.10873 1.11426 1.11983 1.12544 1.13110 1.13681 1.14257 1.14837 1.15423 1.16012 1.16607 1.17206 1.17810 1.18419 1.19032 1.19650 1.20272 1.20900 1.21533 1.22172 1.22817 1.23468 1.24126 1.24791 1.25463 1.26144 1.26833 1.27530 1.28237 1.28953 1.29680 1.30417 1.31165 1.31925 1.32698 1.33483 1.34282 1.35096 1.35924 1.36768 1.37628 1.38506 1.39402 1.40316 1.41251 1.42207 1.43185 1.44186 1.45211 1.46262 1.47339 1.48445 1.49581 1.50748 1.51947 1.53182 1.54452 1.55762 1.57111
1.15111 1.15599 1.16090 1.16583 1.17078 1.17577 1.18077 1.18580 1.19085 1.19593 1.20103 1.20615 1.21130 1.21647 1.22168 1.22691 1.23219 1.23749 1.24284 1.24823 1.25366 1.25914 1.26467 1.27025 1.27588 1.28158 1.28733 1.29315 1.29903 1.30499 1.31102 1.31713 1.32332 1.32960 1.33597 1.34243 1.34899 1.35565 1.36242 1.36931 1.37631 1.38343 1.39069 1.39808 1.40561 1.41329 1.42113 1.42913 1.43730 1.44565 1.45418 1.46292 1.47185 1.48100 1.49038 1.50000 1.50986 1.51999 1.53039 1.54108 1.55207 1.56339 1.57504 1.58704 1.59941 1.61218 1.62536
1.23317 1.23741 1.24167 1.24594 1.25024 1.25455 1.25889 1.26325 1.26763 1.27204 1.27648 1.28096 1.28546 1.29001 1.29459 1.29920 1.30387 1.30857 1.31332 1.31812 1.32298 1.32788 1.33285 1.33787 1.34295 1.34810 1.35332 1.35860 1.36397 1.36940 1.37492 1.38053 1.38622 1.39200 1.39788 1.40386 1.40995 1.41614 1.42245 1.42887 1.43542 1.44210 1.44892 1.45587 1.46297 1.47023 1.47764 1.48522 1.49298 1.50092 1.50906 1.51739 1.52593 1.53470 1.54370 1.55293 1.56242 1.57218 1.58222 1.59255 1.60319 1.61416 1.62547 1.63713 1.64918 1.66162 1.67449
1.30834 1.31191 1.31549 1.31910 1.32274 1.32641 1.33010 1.33383 1.33759 1.34139 1.34522 1.34909 1.35300 1.35696 1.36096 1.36501 1.36910 1.37325 1.37745 1.38171 1.38602 1.39040 1.39484 1.39934 1.40391 1.40855 1.41327 1.41806 1.42294 1.42789 1.43294 1.43807 1.44330 1.44862 1.45405 1.45958 1.46522 1.47097 1.47684 1.48284 1.48897 1.49522 1.50162 1.50817 1.51486 1.52171 1.52873 1.53592 1.54329 1.55085 1.55860 1.56656 1.57473 1.58312 1.59176 1.60063 1.60977 1.61917 1.62886 1.63884 1.64914 1.65977 1.67074 1.68208 1.69380 1.70593 1.71848
1.37621 1.37914 1.38211 1.38511 1.38815 1.39122 1.39432 1.39747 1.40066 1.40389 1.40716 1.41048 1.41385 1.41726 1.42073 1.42425 1.42783 1.43146 1.43515 1.43891 1.44272 1.44661 1.45056 1.45459 1.45869 1.46286 1.46711 1.47145 1.47587 1.48038 1.48499 1.48968 1.49448 1.49937 1.50438 1.50949 1.51472 1.52006 1.52553 1.53113 1.53686 1.54272 1.54873 1.55489 1.56121 1.56768 1.57433 1.58115 1.58815 1.59535 1.60274 1.61034 1.61816 1.62620 1.63449 1.64302 1.65181 1.66088 1.67023 1.67988 1.68985 1.70015 1.71080 1.72182 1.73322 1.74503 1.75727
1.43690 1.43926 1.44166 1.44410 1.44658 1.44910 1.45167 1.45428 1.45694 1.45965 1.46240 1.46521 1.46808 1.47099 1.47397 1.47700 1.48010 1.48326 1.48648 1.48977 1.49313 1.49656 1.50007 1.50365 1.50731 1.51105 1.51487 1.51879 1.52279 1.52688 1.53108 1.53537 1.53976 1.54426 1.54887 1.55359 1.55843 1.56340 1.56849 1.57371 1.57907 1.58457 1.59021 1.59601 1.60197 1.60809 1.61438 1.62085 1.62751 1.63436 1.64141 1.64867 1.65615 1.66387 1.67182 1.68002 1.68848 1.69722 1.70625 1.71558 1.72523 1.73521 1.74554 1.75625 1.76734 1.77884 1.79077
1.51363 1.51483 1.51609 1.51741 1.51879 1.52022 1.52172 1.52327 1.52489 1.52658 1.52833 1.53015 1.53204 1.53400 1.53603 1.53814 1.54032 1.54258 1.54492 1.54735 1.54985 1.55244 1.55512 1.55789 1.56076 1.56372 1.56677 1.56993 1.57318 1.57655 1.58002 1.58360 1.58730 1.59112 1.59506 1.59912 1.60332 1.60764 1.61211 1.61672 1.62147 1.62637 1.63144 1.63666 1.64205 1.64762 1.65337 1.65930 1.66543 1.67176 1.67830 1.68506 1.69204 1.69927 1.70674 1.71446 1.72246 1.73074 1.73932 1.74820 1.75741 1.76695 1.77686 1.78713 1.79781 1.80890 1.82042
