data/CoulombOnly/Outputs_CoulombOnly/release1HS_03CoulombOnly_null_MPM_pfv
ncols        1002
nrows        302
xllcenter    1000
yllcenter    -5000
cellsize     5.0
NODATA_value -9999
[rows 155 to 185 of 302, columns 568 to 638 of 1002]
45.96 45.54 45.13 44.72 44.30 43.87 43.44 43.00 42.56 42.10 41.63 41.17 40.70 40.23 39.78 39.32 38.85 38.37 37.88 37.39 36.88 36.37 35.86 35.33 34.80 34.31 33.84 33.37 32.87 32.34 31.75 31.14 30.71 30.14 29.65 29.14 28.54 27.94 27.55 26.70 26.21 25.68 25.13 24.74 23.60 23.12 22.63 22.16 21.82 20.41 19.96 19.55 19.22 17.65 17.26 16.89 15.37 14.98 14.63 13.12 12.78 12.49 10.88 10.64 8.67 8.52 6.11 6.02 3.35 -9999.00 -9999.00
45.95 45.52 45.11 44.71 44.28 43.86 43.43 42.99 42.54 42.09 41.63 41.16 40.69 40.22 39.77 39.31 38.85 38.37 37.88 37.38 36.90 36.42 35.89 35.33 34.84 34.37 33.91 33.44 32.93 32.39 31.84 31.35 30.68 30.20 29.71 29.19 28.67 28.18 27.26 26.78 26.29 25.82 25.29 24.86 23.67 23.22 22.76 22.26 20.94 20.49 20.07 19.59 19.26 17.74 17.31 16.92 15.43 15.02 14.65 13.15 12.79 12.51 10.88 10.65 8.67 8.53 6.11 6.03 3.36 -9999.00 -9999.00
45.93 45.49 45.09 44.68 44.26 43.84 43.41 42.97 42.53 42.08 41.62 41.15 40.68 40.20 39.76 39.30 38.84 38.37 37.87 37.43 36.97 36.48 35.96 35.47 35.11 34.43 33.98 33.51 33.02 32.52 32.00 31.59 30.77 30.29 29.83 29.31 28.76 28.40 27.34 26.88 26.39 25.86 25.43 24.23 23.76 23.29 22.82 22.43 21.02 20.55 20.12 19.74 18.22 17.78 17.40 17.05 15.46 15.09 14.74 13.19 12.85 12.55 10.93 10.68 8.70 8.55 6.13 6.04 3.38 -9999.00 -9999.00
45.90 45.48 45.07 44.66 44.24 43.82 43.39 42.95 42.51 42.06 41.61 41.14 40.70 40.24 39.77 39.35 38.82 38.35 37.93 37.50 37.05 36.56 36.05 35.61 34.94 34.50 34.06 33.59 33.09 32.55 32.16 31.30 30.84 30.37 29.88 29.38 28.97 27.90 27.43 26.95 26.48 26.03 25.63 24.32 23.86 23.41 22.93 22.56 21.10 20.66 20.20 19.81 18.31 17.87 17.42 17.12 15.53 15.11 14.76 13.22 12.85 12.58 10.94 10.70 8.73 8.58 6.15 6.08 0.64 -9999.00 -9999.00
45.88 45.46 45.04 44.64 44.21 43.80 43.38 42.94 42.49 42.04 41.60 41.20 40.74 40.29 39.94 39.28 38.82 38.40 38.00 37.56 37.11 36.64 36.26 35.42 34.99 34.56 34.14 33.70 33.20 32.79 31.81 31.36 30.93 30.48 30.02 29.49 29.09 27.97 27.52 27.06 26.56 26.08 25.75 24.40 23.94 23.46 23.02 22.71 21.18 20.73 20.31 19.98 18.37 17.94 17.53 17.23 15.59 15.19 14.85 13.28 12.91 12.63 10.98 10.72 8.75 8.59 6.17 3.46 0.64 -9999.00 -9999.00
45.86 45.43 45.01 44.63 44.20 43.78 43.35 42.91 42.48 42.04 41.62 41.22 40.85 40.50 39.72 39.27 38.87 38.45 38.04 37.65 37.20 36.83 35.91 35.48 35.06 34.64 34.21 33.74 33.31 32.33 31.87 31.43 30.99 30.54 30.08 29.70 28.50 28.03 27.60 27.16 26.70 26.32 24.94 24.49 24.06 23.60 23.18 21.73 21.28 20.83 20.37 20.02 18.45 18.00 17.57 16.08 15.63 15.21 14.93 13.31 12.95 12.70 11.02 10.79 8.79 8.64 6.20 3.48 0.64 -9999.00 -9999.00
45.83 45.41 44.98 44.58 44.17 43.75 43.33 42.90 42.46 42.06 41.69 41.38 40.65 40.18 39.72 39.32 38.92 38.51 38.08 37.68 37.38 36.39 35.96 35.54 35.12 34.68 34.27 33.88 33.53 32.38 31.94 31.50 31.07 30.63 30.21 29.05 28.58 28.12 27.66 27.20 26.77 25.50 25.02 24.56 24.10 23.65 23.33 21.80 21.35 20.91 20.52 18.98 18.54 18.11 17.72 16.16 15.74 15.31 13.76 13.38 13.02 11.33 11.05 10.83 8.82 8.67 6.22 3.49 0.64 -9999.00 -9999.00
45.81 45.39 44.96 44.54 44.14 43.72 43.30 42.88 42.46 42.09 41.55 41.09 40.63 40.17 39.75 39.34 38.93 38.53 38.19 37.36 36.87 36.43 36.00 35.58 35.18 34.77 34.39 34.08 32.89 32.45 32.01 31.57 31.10 30.73 29.59 29.11 28.65 28.19 27.74 27.31 26.97 25.58 25.11 24.65 24.18 23.78 22.38 21.90 21.41 20.94 20.60 19.08 18.59 18.12 17.78 16.23 15.78 15.40 13.84 13.45 13.12 11.41 11.14 9.04 8.88 6.37 6.27 3.52 -9999.00 -9999.00 -9999.00
45.79 45.37 44.95 44.52 44.11 43.69 43.30 42.96 42.42 41.98 41.54 41.09 40.63 40.21 39.80 39.42 39.00 38.69 37.83 37.36 36.91 36.47 36.06 35.63 35.20 34.84 33.89 33.39 32.93 32.49 32.05 31.63 31.26 30.14 29.64 29.18 28.72 28.28 27.82 27.43 26.15 25.67 25.18 24.69 24.27 23.94 22.46 21.97 21.50 21.07 19.65 19.17 18.68 18.21 16.78 16.32 15.81 15.48 13.91 13.49 13.17 11.46 11.18 9.10 8.92 6.40 6.30 3.54 -9999.00 -9999.00 -9999.00
45.75 45.35 44.93 44.50 44.08 43.79 43.25 42.83 42.40 41.97 41.52 41.08 40.66 40.27 39.89 39.53 38.78 38.32 37.86 37.42 36.98 36.56 36.11 35.71 35.41 34.42 33.95 33.47 33.00 32.56 32.12 31.68 30.71 30.20 29.70 29.23 28.75 28.31 27.97 26.72 26.21 25.73 25.26 24.80 24.46 23.04 22.56 22.07 21.54 21.21 19.75 19.24 18.72 18.36 16.86 16.39 15.94 14.40 14.02 13.61 11.84 11.55 11.30 9.16 9.01 6.45 6.34 3.55 -9999.00 -9999.00 -9999.00
45.74 45.33 44.91 44.50 44.08 43.65 43.23 42.80 42.38 41.96 41.53 41.12 40.74 40.42 39.72 39.26 38.81 38.36 37.91 37.48 37.05 36.65 36.30 35.43 34.95 34.47 34.00 33.56 33.11 32.68 32.27 31.28 30.78 30.29 29.80 29.31 28.85 28.41 27.33 26.80 26.30 25.79 25.29 24.89 23.63 23.12 22.61 22.11 21.73 20.33 19.84 19.35 18.87 17.44 16.98 16.48 16.07 14.50 14.10 13.72 11.92 11.65 11.40 9.25 9.09 6.51 3.67 0.73 -9999.00 -9999.00 -9999.00
45.72 45.32 44.91 44.50 44.08 43.67 43.25 42.83 42.44 42.03 41.63 41.26 40.63 40.19 39.74 39.29 38.85 38.41 37.97 37.56 37.20 36.42 35.95 35.48 35.01 34.54 34.09 33.65 33.24 32.91 31.85 31.35 30.86 30.39 29.92 29.48 29.07 27.93 27.42 26.92 26.42 25.91 25.50 24.28 23.75 23.23 22.70 22.23 20.94 20.43 19.91 19.37 18.99 17.53 17.06 16.58 14.98 14.62 14.21 13.87 12.04 11.75 9.49 9.31 6.67 6.56 3.70 0.75 -9999.00 -9999.00 -9999.00
45.71 45.31 44.90 44.50 44.08 43.68 43.29 42.89 42.52 41.94 41.51 41.08 40.65 40.21 39.78 39.35 38.92 38.52 38.07 37.39 36.93 36.46 35.99 35.54 35.07 34.63 34.20 33.82 32.88 32.40 31.90 31.42 30.95 30.50 30.07 29.01 28.51 28.02 27.52 27.03 26.55 26.14 24.89 24.38 23.88 23.37 22.86 21.56 21.08 20.58 20.04 19.56 18.12 17.66 17.15 16.74 15.09 14.72 14.32 12.39 12.14 11.89 9.58 9.41 6.73 6.62 3.74 -9999.00 -9999.00 -9999.00 -9999.00
45.70 45.32 44.91 44.51 44.10 43.72 43.17 42.76 42.36 41.95 41.52 41.09 40.66 40.24 39.83 39.43 39.04 38.30 37.86 37.40 36.95 36.51 36.06 35.61 35.20 34.77 33.89 33.42 32.93 32.44 31.97 31.50 31.06 30.69 29.57 29.09 28.59 28.10 27.63 27.19 26.76 25.47 24.99 24.50 24.00 23.56 23.21 21.68 21.20 20.73 20.28 18.68 18.27 17.81 17.36 15.59 15.25 14.84 14.52 12.51 12.24 11.99 9.66 9.48 6.78 3.84 3.76 -9999.00 -9999.00 -9999.00 -9999.00
45.74 45.33 45.05 44.30 43.92 43.54 43.15 42.76 42.36 41.95 41.55 41.13 40.70 40.30 39.96 39.16 38.75 38.32 37.87 37.43 36.98 36.54 36.13 35.72 34.83 34.38 33.91 33.45 32.99 32.52 32.07 31.65 31.28 30.13 29.64 29.15 28.68 28.20 27.79 27.50 26.04 25.57 25.08 24.61 24.18 23.76 22.25 21.81 21.34 20.86 20.52 18.82 18.40 17.97 17.62 15.73 15.39 15.03 12.88 12.64 12.40 9.92 9.74 6.96 6.84 3.87 0.83 -9999.00 -9999.00 -9999.00 -9999.00
45.40 45.03 44.66 44.28 43.89 43.52 43.15 42.78 42.40 41.99 41.59 41.35 40.37 39.98 39.58 39.18 38.76 38.34 37.91 37.47 37.04 36.61 35.72 35.30 34.87 34.41 33.95 33.50 33.05 32.63 32.25 31.10 30.64 30.17 29.71 29.24 28.78 28.36 27.07 26.61 26.13 25.65 25.19 24.76 24.47 22.80 22.36 21.89 21.46 21.09 19.33 18.94 18.55 18.14 16.18 15.87 15.52 15.24 13.01 12.76 12.55 10.01 9.83 7.03 6.90 3.91 -9999.00 -9999.00 -9999.00 -9999.00 -9999.00
45.36 44.99 44.62 44.25 43.88 43.51 43.14 42.78 41.88 41.50 41.13 40.74 40.35 39.96 39.58 39.19 38.80 38.39 37.97 37.66 36.55 36.15 35.74 35.31 34.88 34.46 34.01 33.58 33.12 32.02 31.60 31.14 30.69 30.22 29.76 29.33 28.95 27.57 27.12 26.67 26.21 25.76 25.34 24.99 23.34 22.90 22.47 22.03 21.65 19.83 19.45 19.05 18.66 18.36 16.29 15.98 15.68 13.34 13.11 12.87 10.27 10.09 9.91 7.08 4.02 3.93 -9999.00 -9999.00 -9999.00 -9999.00 -9999.00
45.34 44.99 44.59 44.36 43.34 42.97 42.60 42.22 41.84 41.48 41.10 40.72 40.35 39.96 39.59 39.23 38.96 37.70 37.33 36.94 36.54 36.15 35.76 35.37 34.95 34.53 34.12 32.87 32.47 32.05 31.62 31.20 30.75 30.30 29.86 29.56 28.07 27.63 27.18 26.74 26.28 25.87 24.26 23.84 23.43 23.01 22.57 22.19 20.32 19.93 19.55 19.17 18.86 16.71 16.41 16.08 15.77 13.45 13.19 12.98 10.34 10.15 7.26 7.12 4.06 0.92 -9999.00 -9999.00 -9999.00 -9999.00 -9999.00
44.69 44.37 44.01 43.67 43.29 42.92 42.56 42.21 41.84 41.47 41.09 40.72 40.42 39.18 38.82 38.43 38.06 37.69 37.31 36.93 36.55 36.16 35.80 35.43 35.15 33.65 33.26 32.86 32.48 32.09 31.69 31.27 30.85 30.47 28.93 28.53 28.10 27.70 27.25 26.82 26.43 24.73 24.33 23.92 23.50 23.06 22.73 20.76 20.40 20.05 19.66 19.32 17.13 16.82 16.50 16.21 13.76 13.53 13.30 10.59 10.40 10.20 7.30 7.17 4.10 -9999.00 -9999.00 -9999.00 -9999.00 -9999.00 -9999.00
-9999.00 -9999.00 -9999.00 -9999.00 -9999.00 -9999.00 41.50 41.24 40.89 40.56 40.22 39.87 39.50 39.14 38.78 38.43 38.06 37.70 37.30 36.95 36.62 35.12 34.74 34.37 34.01 33.64 33.27 32.88 32.48 32.13 31.79 31.48 29.72 29.33 28.96 28.57 28.19 27.76 27.37 27.05 25.17 24.78 24.40 23.99 23.58 23.22 21.20 20.85 20.48 20.09 19.77 17.51 17.21 16.92 16.59 14.09 13.85 13.59 13.38 10.65 10.46 7.48 7.35 4.21 0.99 -9999.00 -9999.00 -9999.00 -9999.00 -9999.00 -9999.00
-9999.00 -9999.00 -9999.00 -9999.00 -9999.00 -9999.00 -9999.00 -9999.00 -9999.00 -9999.00 -9999.00 39.80 39.53 39.15 38.75 38.42 36.80 36.46 36.15 35.79 35.43 35.08 34.74 34.38 34.02 33.64 33.27 32.91 32.61 30.78 30.44 30.08 29.72 29.35 28.97 28.61 28.25 27.99 25.93 25.57 25.22 24.85 24.46 24.08 21.95 21.61 21.26 20.93 20.55 20.22 17.88 17.59 17.29 16.96 14.39 14.16 13.91 13.68 10.89 10.69 10.51 7.51 7.38 4.23 0.99 -9999.00 -9999.00 -9999.00 -9999.00 -9999.00 -9999.00
-9999.00 -9999.00 -9999.00 -9999.00 -9999.00 -9999.00 -9999.00 -9999.00 -9999.00 -9999.00 -9999.00 -9999.00 -9999.00 -9999.00 -9999.00 -9999.00 -9999.00 36.45 36.04 35.75 35.42 35.05 34.74 34.41 34.09 32.15 31.80 31.46 31.13 30.80 30.45 30.10 29.74 29.38 29.04 26.94 26.62 26.29 25.95 25.59 25.25 24.92 24.60 22.30 21.99 21.67 21.33 20.98 20.69 18.23 17.94 17.65 17.35 14.67 14.46 14.21 13.97 11.12 10.92 10.75 7.68 7.55 4.33 1.04 -9999.00 -9999.00 -9999.00 -9999.00 -9999.00 -9999.00 -9999.00
-9999.00 -9999.00 -9999.00 -9999.00 -9999.00 -9999.00 -9999.00 -9999.00 -9999.00 -9999.00 -9999.00 -9999.00 -9999.00 -9999.00 -9999.00 -9999.00 -9999.00 -9999.00 -9999.00 -9999.00 -9999.00 -9999.00 32.86 32.68 32.39 32.07 31.77 31.45 31.12 30.82 30.47 30.17 27.90 27.59 27.28 26.97 26.64 26.31 25.97 25.63 25.35 22.93 22.64 22.33 22.01 21.71 21.40 18.81 18.55 18.28 17.98 17.69 14.96 14.73 14.49 14.25 11.32 11.14 10.97 7.85 7.71 4.44 4.34 -9999.00 -9999.00 -9999.00 -9999.00 -9999.00 -9999.00 -9999.00 -9999.00
-9999.00 -9999.00 -9999.00 -9999.00 -9999.00 -9999.00 -9999.00 -9999.00 -9999.00 -9999.00 -9999.00 -9999.00 -9999.00 -9999.00 -9999.00 -9999.00 -9999.00 -9999.00 -9999.00 -9999.00 -9999.00 -9999.00 -9999.00 -9999.00 -9999.00 -9999.00 -9999.00 -9999.00 28.99 28.72 28.46 28.17 27.87 27.57 27.29 27.00 26.70 26.35 26.14 23.53 23.25 22.96 22.66 22.35 22.06 21.80 19.10 18.85 18.57 18.32 18.06 15.20 15.00 14.76 14.52 11.53 11.34 11.16 7.99 7.85 7.74 4.46 1.11 -9999.00 -9999.00 -9999.00 -9999.00 -9999.00 -9999.00 -9999.00 -9999.00
-9999.00 -9999.00 -9999.00 -9999.00 -9999.00 -9999.00 -9999.00 -9999.00 -9999.00 -9999.00 -9999.00 -9999.00 -9999.00 -9999.00 -9999.00 -9999.00 -9999.00 -9999.00 -9999.00 -9999.00 -9999.00 -9999.00 -9999.00 -9999.00 -9999.00 -9999.00 -9999.00 -9999.00 -9999.00 -9999.00 -9999.00 -9999.00 -9999.00 25.06 24.80 24.56 24.31 24.05 23.79 23.54 23.28 22.99 22.67 19.85 19.62 19.38 19.13 18.86 18.61 15.62 15.43 15.22 15.00 14.83 11.71 11.54 11.36 8.13 7.99 7.87 4.54 1.15 -9999.00 -9999.00 -9999.00 -9999.00 -9999.00 -9999.00 -9999.00 -9999.00 -9999.00
-9999.00 -9999.00 -9999.00 -9999.00 -9999.00 -9999.00 -9999.00 -9999.00 -9999.00 -9999.00 -9999.00 -9999.00 -9999.00 -9999.00 -9999.00 -9999.00 -9999.00 -9999.00 -9999.00 -9999.00 -9999.00 -9999.00 -9999.00 -9999.00 -9999.00 -9999.00 -9999.00 -9999.00 -9999.00 -9999.00 -9999.00 -9999.00 -9999.00 -9999.00 -9999.00 -9999.00 -9999.00 24.03 23.94 20.71 20.50 20.29 20.06 19.85 19.65 19.41 19.14 19.01 15.85 15.66 15.44 15.23 12.02 11.88 11.70 11.55 8.25 8.12 8.00 4.62 1.17 -9999.00 -9999.00 -9999.00 -9999.00 -9999.00 -9999.00 -9999.00 -9999.00 -9999.00 -9999.00
-9999.00 -9999.00 -9999.00 -9999.00 -9999.00 -9999.00 -9999.00 -9999.00 -9999.00 -9999.00 -9999.00 -9999.00 -9999.00 -9999.00 -9999.00 -9999.00 -9999.00 -9999.00 -9999.00 -9999.00 -9999.00 -9999.00 -9999.00 -9999.00 -9999.00 -9999.00 -9999.00 -9999.00 -9999.00 -9999.00 -9999.00 -9999.00 -9999.00 -9999.00 -9999.00 -9999.00 -9999.00 -9999.00 -9999.00 -9999.00 -9999.00 20.26 20.13 16.70 16.55 16.37 16.21 16.04 15.87 15.67 15.51 12.18 12.04 11.86 11.74 8.35 8.23 8.14 4.69 1.21 -9999.00 -9999.00 -9999.00 -9999.00 -9999.00 -9999.00 -9999.00 -9999.00 -9999.00 -9999.00 -9999.00
-9999.00 -9999.00 -9999.00 -9999.00 -9999.00 -9999.00 -9999.00 -9999.00 -9999.00 -9999.00 -9999.00 -9999.00 -9999.00 -9999.00 -9999.00 -9999.00 -9999.00 -9999.00 -9999.00 -9999.00 -9999.00 -9999.00 -9999.00 -9999.00 -9999.00 -9999.00 -9999.00 -9999.00 -9999.00 -9999.00 -9999.00 -9999.00 -9999.00 -9999.00 -9999.00 -9999.00 -9999.00 -9999.00 -9999.00 -9999.00 -9999.00 -9999.00 -9999.00 -9999.00 13.02 16.38 12.78 12.67 12.55 12.44 12.32 12.20 8.64 8.56 8.45 8.38 4.82 4.75 1.22 -9999.00 -9999.00 -9999.00 -9999.00 -9999.00 -9999.00 -9999.00 -9999.00 -9999.00 -9999.00 -9999.00 -9999.00
-9999.00 -9999.00 -9999.00 -9999.00 -9999.00 -9999.00 -9999.00 -9999.00 -9999.00 -9999.00 -9999.00 -9999.00 -9999.00 -9999.00 -9999.00 -9999.00 -9999.00 -9999.00 -9999.00 -9999.00 -9999.00 -9999.00 -9999.00 -9999.00 -9999.00 -9999.00 -9999.00 -9999.00 -9999.00 -9999.00 -9999.00 -9999.00 -9999.00 -9999.00 -9999.00 -9999.00 -9999.00 -9999.00 -9999.00 -9999.00 -9999.00 -9999.00 -9999.00 -9999.00 -9999.00 -9999.00 -9999.00 8.97 8.92 8.85 8.79 8.72 8.64 8.60 4.93 4.88 1.25 -9999.00 -9999.00 -9999.00 -9999.00 -9999.00 -9999.00 -9999.00 -9999.00 -9999.00 -9999.00 -9999.00 -9999.00 -9999.00 -9999.00
-9999.00 -9999.00 -9999.00 -9999.00 -9999.00 -9999.00 -9999.00 -9999.00 -9999.00 -9999.00 -9999.00 -9999.00 -9999.00 -9999.00 -9999.00 -9999.00 -9999.00 -9999.00 -9999.00 -9999.00 -9999.00 -9999.00 -9999.00 -9999.00 -9999.00 -9999.00 -9999.00 -9999.00 -9999.00 -9999.00 -9999.00 -9999.00 -9999.00 -9999.00 -9999.00 -9999.00 -9999.00 -9999.00 -9999.00 -9999.00 -9999.00 -9999.00 -9999.00 -9999.00 -9999.00 -9999.00 -9999.00 -9999.00 -9999.00 -9999.00 1.29 5.03 1.29 1.27 0.00 -9999.00 -9999.00 -9999.00 -9999.00 -9999.00 -9999.00 -9999.00 -9999.00 -9999.00 -9999.00 -9999.00 -9999.00 -9999.00 -9999.00 -9999.00 -9999.00
-9999.00 -9999.00 -9999.00 -9999.00 -9999.00 -9999.00 -9999.00 -9999.00 -9999.00 -9999.00 -9999.00 -9999.00 -9999.00 -9999.00 -9999.00 -9999.00 -9999.00 -9999.00 -9999.00 -9999.00 -9999.00 -9999.00 -9999.00 -9999.00 -9999.00 -9999.00 -9999.00 -9999.00 -9999.00 -9999.00 -9999.00 -9999.00 -9999.00 -9999.00 -9999.00 -9999.00 -9999.00 -9999.00 -9999.00 -9999.00 -9999.00 -9999.00 -9999.00 -9999.00 -9999.00 -9999.00 -9999.00 -9999.00 -9999.00 -9999.00 -9999.00 -9999.00 -9999.00 -9999.00 -9999.00 -9999.00 -9999.00 -9999.00 -9999.00 -9999.00 -9999.00 -9999.00 -9999.00 -9999.00 -9999.00 -9999.00 -9999.00 -9999.00 -9999.00 -9999.00 -9999.00
