data/CoulombOnly/Outputs_CoulombOnly/release1HS_03CoulombOnly_null_INRAEaval_pft.asc
ncols  1001
nrows  301
xllcenter  1000.00
yllcenter -5000.00
cellsize  5.00
nodata_value -9999.00
[rows 145 to 173 of 301, columns 67 to 133 of 1001]
1.72460 1.73311 1.74188 1.75093 1.76025 1.76986 1.77976 1.78996 1.80045 1.81122 1.82227 1.83357 1.84510 1.85685 1.86884 1.88105 1.89353 1.90628 1.91932 1.93269 1.94640 1.96048 1.97494 1.98979 2.00507 2.02077 2.03691 2.05350 2.07054 2.08804 2.10599 2.12440 2.14325 2.16255 2.18228 2.20242 2.22295 2.24386 2.26511 2.28667 2.30852 2.33060 2.35289 2.37535 2.39791 2.42053 2.44315 2.46573 2.48819 2.51048 2.53254 2.55432 2.57575 2.59679 2.61738 2.63747 2.65693 2.67573 2.69378 2.71104 2.72744 2.74293 2.75745 2.77095 2.78340 2.79474 2.80495
1.76644 1.77670 1.78730 1.79825 1.80955 1.82121 1.83326 1.84570 1.85855 1.87180 1.88548 1.89957 1.91408 1.92900 1.94431 1.95998 1.97601 1.99239 2.00912 2.02621 2.04367 2.06151 2.07975 2.09841 2.11751 2.13706 2.15708 2.17760 2.19862 2.22016 2.24223 2.26486 2.28804 2.31178 2.33610 2.36100 2.38647 2.41253 2.43915 2.46634 2.49409 2.52238 2.55119 2.58051 2.61031 2.64057 2.67125 2.70232 2.73374 2.76548 2.79749 2.82974 2.86217 2.89475 2.92742 2.96014 2.99286 3.02552 3.05806 3.09043 3.12258 3.15444 3.18597 3.21711 3.24780 3.27800 3.30766
1.80001 1.81180 1.82397 1.83654 1.84952 1.86292 1.87677 1.89108 1.90586 1.92114 1.93693 1.95325 1.97009 1.98748 2.00539 2.02381 2.04273 2.06211 2.08193 2.10218 2.12284 2.14391 2.16539 2.18729 2.20963 2.23242 2.25567 2.27941 2.30366 2.32843 2.35374 2.37962 2.40608 2.43316 2.46085 2.48919 2.51819 2.54786 2.57823 2.60929 2.64107 2.67357 2.70680 2.74075 2.77543 2.81084 2.84697 2.88380 2.92133 2.95954 2.99840 3.03790 3.07801 3.11870 3.15993 3.20168 3.24389 3.28654 3.32956 3.37291 3.41655 3.46041 3.50444 3.54858 3.59276 3.63693 3.68101
1.82418 1.83718 1.85060 1.86444 1.87872 1.89347 1.90870 1.92443 1.94069 1.95749 1.97487 1.99283 2.01139 2.03057 2.05038 2.07080 2.09181 2.11339 2.13550 2.15810 2.18115 2.20465 2.22856 2.25290 2.27765 2.30283 2.32844 2.35451 2.38105 2.40809 2.43564 2.46374 2.49240 2.52166 2.55154 2.58206 2.61327 2.64518 2.67783 2.71123 2.74542 2.78041 2.81624 2.85292 2.89047 2.92891 2.96825 3.00850 3.04966 3.09175 3.13475 3.17867 3.22349 3.26919 3.31577 3.36319 3.41142 3.46044 3.51019 3.56064 3.61173 3.66342 3.71563 3.76830 3.82136 3.87474 3.92836
1.83852 1.85229 1.86648 1.88111 1.89621 1.91178 1.92786 1.94446 1.96161 1.97934 1.99766 2.01660 2.03618 2.05642 2.07733 2.09891 2.12114 2.14400 2.16743 2.19140 2.21585 2.24076 2.26609 2.29183 2.31796 2.34450 2.37144 2.39881 2.42661 2.45487 2.48362 2.51288 2.54267 2.57303 2.60399 2.63559 2.66786 2.70082 2.73453 2.76900 2.80428 2.84039 2.87738 2.91527 2.95408 2.99386 3.03461 3.07636 3.11913 3.16294 3.20778 3.25367 3.30060 3.34857 3.39757 3.44758 3.49857 3.55052 3.60338 3.65712 3.71168 3.76700 3.82303 3.87968 3.93690 3.99459 4.05267
1.84293 1.85691 1.87131 1.88616 1.90147 1.91726 1.93356 1.95038 1.96776 1.98571 2.00426 2.02343 2.04325 2.06374 2.08490 2.10673 2.12923 2.15236 2.17608 2.20033 2.22507 2.25025 2.27585 2.30185 2.32823 2.35500 2.38216 2.40973 2.43771 2.46614 2.49503 2.52442 2.55433 2.58480 2.61585 2.64752 2.67984 2.71285 2.74659 2.78108 2.81637 2.85248 2.88944 2.92730 2.96607 3.00578 3.04645 3.08810 3.13076 3.17442 3.21910 3.26481 3.31153 3.35926 3.40799 3.45769 3.50835 3.55992 3.61238 3.66567 3.71974 3.77455 3.83001 3.88606 3.94264 3.99965 4.05701
1.83736 1.85097 1.86500 1.87945 1.89435 1.90972 1.92558 1.94195 1.95885 1.97631 1.99435 2.01298 2.03224 2.05213 2.07266 2.09384 2.11563 2.13801 2.16094 2.18436 2.20823 2.23253 2.25723 2.28231 2.30778 2.33362 2.35986 2.38651 2.41359 2.44111 2.46911 2.49760 2.52661 2.55618 2.58633 2.61708 2.64848 2.68054 2.71329 2.74677 2.78099 2.81598 2.85175 2.88834 2.92576 2.96401 3.00311 3.04307 3.08389 3.12556 3.16807 3.21143 3.25561 3.30060 3.34637 3.39289 3.44012 3.48804 3.53658 3.58572 3.63538 3.68552 3.73607 3.78697 3.83815 3.88954 3.94105
1.82185 1.83456 1.84765 1.86115 1.87506 1.88942 1.90423 1.91952 1.93530 1.95160 1.96842 1.98580 2.00373 2.02224 2.04131 2.06094 2.08110 2.10175 2.12286 2.14440 2.16633 2.18865 2.21134 2.23440 2.25784 2.28167 2.30591 2.33056 2.35566 2.38121 2.40725 2.43379 2.46085 2.48846 2.51664 2.54539 2.57475 2.60472 2.63533 2.66657 2.69846 2.73101 2.76422 2.79808 2.83259 2.86775 2.90354 2.93995 2.97695 3.01452 3.05265 3.09129 3.13041 3.16999 3.20997 3.25031 3.29097 3.33191 3.37305 3.41436 3.45578 3.49725 3.53871 3.58010 3.62136 3.66243 3.70326
1.79656 1.80794 1.81968 1.83177 1.84424 1.85711 1.87038 1.88407 1.89819 1.91275 1.92778 1.94326 1.95922 1.97563 1.99249 2.00978 2.02745 2.04550 2.06389 2.08262 2.10168 2.12108 2.14082 2.16092 2.18139 2.20224 2.22350 2.24519 2.26730 2.28988 2.31292 2.33643 2.36044 2.38495 2.40996 2.43548 2.46151 2.48804 2.51508 2.54259 2.57059 2.59904 2.62792 2.65721 2.68688 2.71690 2.74722 2.77782 2.80863 2.83962 2.87075 2.90195 2.93318 2.96440 2.99553 3.02652 3.05730 3.08783 3.11803 3.14785 3.17723 3.20611 3.23443 3.26214 3.28919 3.31553 3.34113
1.76201 1.77179 1.78187 1.79225 1.80294 1.81396 1.82531 1.83699 1.84902 1.86139 1.87411 1.88717 1.90054 1.91421 1.92815 1.94235 1.95678 1.97146 1.98640 2.00159 2.01707 2.03284 2.04893 2.06535 2.08212 2.09924 2.11675 2.13463 2.15290 2.17157 2.19064 2.21009 2.22993 2.25015 2.27073 2.29166 2.31291 2.33445 2.35626 2.37830 2.40052 2.42289 2.44537 2.46789 2.49040 2.51285 2.53516 2.55728 2.57915 2.60069 2.62185 2.64255 2.66274 2.68236 2.70130 2.71949 2.73686 2.75333 2.76884 2.78332 2.79670 2.80893 2.81994 2.82970 2.83816 2.84529 2.85107
1.71953 1.72750 1.73569 1.74411 1.75275 1.76163 1.77073 1.78006 1.78960 1.79932 1.80919 1.81917 1.82924 1.83942 1.84969 1.86010 1.87067 1.88141 1.89237 1.90355 1.91498 1.92669 1.93867 1.95094 1.96351 1.97638 1.98955 2.00300 2.01673 2.03072 2.04495 2.05940 2.07404 2.08884 2.10374 2.11872 2.13372 2.14869 2.16356 2.17829 2.19280 2.20704 2.22092 2.23437 2.24731 2.25965 2.27131 2.28220 2.29226 2.30139 2.30953 2.31659 2.32251 2.32722 2.33014 2.33012 2.32688 2.32012 2.30953 2.29480 2.27563 2.25173 2.22283 2.18866 2.14898 2.10359 2.05232
1.67140 1.67740 1.68354 1.68982 1.69621 1.70268 1.70916 1.71554 1.72177 1.72783 1.73376 1.73962 1.74547 1.75135 1.75734 1.76346 1.76975 1.77624 1.78295 1.78989 1.79707 1.80449 1.81215 1.82003 1.82812 1.83639 1.84483 1.85340 1.86207 1.87079 1.87952 1.88819 1.89677 1.90518 1.91336 1.92123 1.92873 1.93576 1.94224 1.94810 1.95325 1.95760 1.96107 1.96325 1.96330 1.96100 1.95611 1.94839 1.93757 1.92340 1.90558 1.88383 1.85785 1.82729 1.79316 1.75568 1.71482 1.67061 1.62312 1.57242 1.51866 1.46202 1.40274 1.34110 1.27743 1.21209 1.14550
1.62176 1.62586 1.62997 1.63391 1.63734 1.63999 1.64191 1.64328 1.64430 1.64515 1.64596 1.64682 1.64782 1.64900 1.65041 1.65206 1.65397 1.65614 1.65857 1.66123 1.66412 1.66720 1.67045 1.67383 1.67731 1.68083 1.68434 1.68779 1.69110 1.69419 1.69699 1.69941 1.70135 1.70274 1.70349 1.70336 1.70157 1.69795 1.69230 1.68441 1.67410 1.66112 1.64524 1.62673 1.60597 1.58287 1.55735 1.52933 1.49876 1.46560 1.42983 1.39146 1.35054 1.30714 1.26136 1.21335 1.16331 1.11145 1.05804 1.00338 0.94779 0.89163 0.83526 0.77906 0.72342 0.66871 0.61528
1.57655 1.57873 1.57974 1.57812 1.57434 1.56938 1.56393 1.55837 1.55295 1.54782 1.54304 1.53868 1.53474 1.53122 1.52810 1.52537 1.52299 1.52092 1.51912 1.51756 1.51619 1.51497 1.51389 1.51293 1.51204 1.51108 1.50989 1.50831 1.50625 1.50339 1.49911 1.49326 1.48567 1.47615 1.46454 1.45084 1.43551 1.41846 1.39960 1.37885 1.35613 1.33139 1.30456 1.27562 1.24454 1.21133 1.17601 1.13865 1.09931 1.05813 1.01523 0.97080 0.92504 0.87820 0.83053 0.78233 0.73389 0.68553 0.63756 0.59029 0.54404 0.49908 0.45569 0.41408 0.37446 0.33699 0.30179
1.53990 1.53791 1.52997 1.51475 1.49894 1.48375 1.46955 1.45641 1.44432 1.43323 1.42305 1.41371 1.40511 1.39716 1.38977 1.38286 1.37633 1.37012 1.36417 1.35846 1.35316 1.34934 1.34540 1.34108 1.33601 1.32967 1.32191 1.31257 1.30150 1.28876 1.27472 1.25928 1.24236 1.22389 1.20381 1.18206 1.15858 1.13334 1.10632 1.07751 1.04692 1.01460 0.98060 0.94500 0.90792 0.86949 0.82987 0.78926 0.74786 0.70590 0.66365 0.62134 0.57926 0.53768 0.49684 0.45701 0.41842 0.38128 0.34578 0.31207 0.28028 0.25051 0.22280 0.19718 0.17366 0.15220 0.13274
1.51339 1.50225 1.49974 1.43513 1.40407 1.37762 1.35456 1.33420 1.31601 1.29960 1.28467 1.27094 1.25818 1.24621 1.23483 1.22390 1.21330 1.20315 1.19738 1.19117 1.18399 1.17554 1.16570 1.15434 1.14156 1.12764 1.11251 1.09611 1.07837 1.05924 1.03867 1.01663 0.99308 0.96803 0.94146 0.91341 0.88390 0.85301 0.82080 0.78739 0.75291 0.71750 0.68133 0.64459 0.60748 0.57023 0.53305 0.49618 0.45984 0.42426 0.38965 0.35620 0.32409 0.29347 0.26446 0.23717 0.21165 0.18796 0.16610 0.14606 0.12782 0.11131 0.09646 0.08319 0.07140 0.06099 0.05185
1.50017 1.50000 1.49974 1.33084 1.28321 1.24613 1.21547 1.18925 1.16628 1.14573 1.12701 1.10967 1.09332 1.07766 1.06244 1.05312 1.04473 1.03512 1.02418 1.01177 0.99826 0.98370 0.96803 0.95120 0.93318 0.91391 0.89336 0.87154 0.84842 0.82401 0.79835 0.77148 0.74345 0.71434 0.68426 0.65332 0.62166 0.58943 0.55680 0.52394 0.49106 0.45834 0.42599 0.39419 0.36314 0.33302 0.30398 0.27617 0.24971 0.22470 0.20122 0.17931 0.15902 0.14033 0.12323 0.10769 0.09365 0.08105 0.06981 0.05984 0.05105 0.04334 0.03663 0.03081 0.02580 0.02151 0.01786
1.50002 1.50000 1.49974 1.19149 1.12920 1.08458 1.04925 1.01969 0.99396 0.97082 0.94945 0.92922 0.91355 0.90346 0.89208 0.87932 0.86552 0.85076 0.83498 0.81815 0.80024 0.78123 0.76111 0.73988 0.71756 0.69418 0.66978 0.64443 0.61819 0.59118 0.56349 0.53525 0.50660 0.47770 0.44870 0.41977 0.39109 0.36281 0.33511 0.30815 0.28208 0.25701 0.23308 0.21038 0.18899 0.16895 0.15030 0.13307 0.11724 0.10279 0.08969 0.07788 0.06730 0.05788 0.04954 0.04221 0.03579 0.03022 0.02540 0.02125 0.01769 0.01467 0.01213 0.00999 0.00821 0.00675 0.00554
1.50000 1.50000 1.49974 1.00199 0.93379 0.88865 0.85377 0.82448 0.79846 0.77672 0.76542 0.75279 0.73908 0.72447 0.70892 0.69243 0.67498 0.65657 0.63721 0.61692 0.59574 0.57371 0.55091 0.52740 0.50328 0.47866 0.45365 0.42838 0.40298 0.37761 0.35240 0.32750 0.30307 0.27923 0.25613 0.23387 0.21257 0.19231 0.17316 0.15518 0.13840 0.12285 0.10852 0.09541 0.08348 0.07268 0.06298 0.05432 0.04662 0.03984 0.03389 0.02870 0.02420 0.02031 0.01696 0.01411 0.01172 0.00970 0.00800 0.00656 0.00534 0.00438 0.00366 0.00310 0.00261 0.00222 0.00189
1.49969 1.49969 1.49943 0.73871 0.69004 0.65687 0.64099 0.62888 0.61558 0.60145 0.58647 0.57065 0.55399 0.53651 0.51825 0.49925 0.47957 0.45927 0.43844 0.41716 0.39554 0.37370 0.35174 0.32980 0.30799 0.28645 0.26529 0.24464 0.22461 0.20529 0.18680 0.16919 0.15253 0.13687 0.12225 0.10868 0.09616 0.08468 0.07422 0.06475 0.05621 0.04858 0.04179 0.03579 0.03051 0.02589 0.02186 0.01838 0.01539 0.01285 0.01071 0.00890 0.00736 0.00604 0.00493 0.00406 0.00340 0.00290 0.00244 0.00211 0.00201 0.00190 0.00186 0.00198 0.00182 0.00162 0.00162
0.53570 0.52674 0.51662 0.50528 0.49270 0.47935 0.46525 0.45043 0.43492 0.41876 0.40201 0.38473 0.36701 0.34892 0.33057 0.31204 0.29346 0.27491 0.25652 0.23840 0.22063 0.20333 0.18659 0.17047 0.15506 0.14041 0.12657 0.11357 0.10144 0.09019 0.07981 0.07030 0.06164 0.05379 0.04674 0.04042 0.03481 0.02983 0.02546 0.02162 0.01828 0.01539 0.01294 0.01084 0.00905 0.00750 0.00618 0.00507 0.00420 0.00357 0.00308 0.00258 0.00209 0.00189 0.00183 0.00180 0.00188 0.00190 0.00194 0.00178 0.00154 0.00130 0.00113 0.00103 0.00101 0.00102 0.00101
0.36869 0.35650 0.34371 0.33037 0.31655 0.30231 0.28773 0.27288 0.25787 0.24276 0.22767 0.21267 0.19787 0.18335 0.16919 0.15547 0.14226 0.12962 0.11760 0.10625 0.09558 0.08561 0.07636 0.06781 0.05995 0.05277 0.04624 0.04033 0.03501 0.03026 0.02604 0.02231 0.01903 0.01616 0.01366 0.01150 0.00965 0.00808 0.00673 0.00559 0.00468 0.00402 0.00344 0.00288 0.00235 0.00206 0.00200 0.00192 0.00186 0.00195 0.00202 0.00200 0.00176 0.00151 0.00127 0.00116 0.00110 0.00101 0.00101 0.00100 0.00100 0.00100 0.00100 0.00100 0.00100 0.00100 0.00100
0.20124 0.18995 0.17861 0.16730 0.15608 0.14503 0.13421 0.12369 0.11352 0.10375 0.09442 0.08556 0.07721 0.06938 0.06208 0.05532 0.04909 0.04339 0.03820 0.03351 0.02930 0.02554 0.02219 0.01922 0.01657 0.01421 0.01212 0.01029 0.00869 0.00731 0.00617 0.00524 0.00444 0.00371 0.00316 0.00264 0.00216 0.00175 0.00156 0.00159 0.00181 0.00198 0.00205 0.00198 0.00173 0.00147 0.00122 0.00104 0.00106 0.00101 0.00101 0.00100 0.00100 0.00100 0.00100 0.00100 0.00100 0.00100 0.00100 0.00100 0.00100 0.00100 0.00100 0.00100 0.00100 0.00100 0.00100
0.07242 0.06620 0.06026 0.05462 0.04931 0.04432 0.03968 0.03537 0.03140 0.02775 0.02443 0.02142 0.01870 0.01626 0.01409 0.01216 0.01047 0.00902 0.00781 0.00692 0.00612 0.00534 0.00460 0.00390 0.00327 0.00272 0.00222 0.00209 0.00188 0.00165 0.00165 0.00186 0.00204 0.00197 0.00174 0.00156 0.00129 0.00111 0.00103 0.00103 0.00102 0.00101 0.00101 0.00100 0.00100 0.00100 0.00100 0.00100 0.00100 0.00100 0.00100 0.00100 0.00100 0.00100 0.00100 0.00100 0.00100 0.00100 0.00100 0.00100 0.00100 0.00100 0.00100 0.00100 0.00100 0.00100 0.00100
0.01362 0.01197 0.01046 0.00909 0.00787 0.00679 0.00582 0.00498 0.00424 0.00361 0.00305 0.00292 0.00285 0.00274 0.00273 0.00264 0.00262 0.00255 0.00243 0.00232 0.00226 0.00214 0.00195 0.00166 0.00146 0.00120 0.00121 0.00106 0.00102 0.00103 0.00101 0.00100 0.00100 0.00100 0.00100 0.00100 0.00100 0.00100 0.00100 0.00100 0.00100 0.00100 0.00100 0.00100 0.00100 0.00100 0.00100 0.00100 0.00100 0.00100 0.00100 0.00100 0.00100 0.00100 0.00100 0.00100 0.00100 0.00100 0.00100 0.00100 0.00100 0.00100 0.00100 0.00100 0.00100 0.00100 0.00100
0.00268 0.00250 0.00226 0.00195 0.00169 0.00146 0.00138 0.00116 0.00117 0.00109 0.00111 0.00105 0.00101 0.00101 0.00101 0.00101 0.00100 0.00100 0.00100 0.00100 0.00100 0.00100 0.00100 0.00100 0.00100 0.00100 0.00100 0.00100 0.00100 0.00100 0.00100 0.00100 0.00100 0.00100 0.00100 0.00100 0.00100 0.00100 0.00100 0.00100 0.00100 0.00100 0.00100 0.00100 0.00100 0.00100 0.00100 0.00100 0.00100 0.00100 0.00100 0.00100 0.00100 0.00100 0.00100 0.00100 0.00100 0.00100 0.00100 0.00100 0.00100 0.00100 0.00100 0.00100 0.00100 0.00100 0.00100
0.00100 0.00100 0.00100 0.00100 0.00100 0.00100 0.00100 0.00100 0.00100 0.00100 0.00100 0.00100 0.00100 0.00100 0.00100 0.00100 0.00100 0.00100 0.00100 0.00100 0.00100 0.00100 0.00100 0.00100 0.00100 0.00100 0.00100 0.00100 0.00100 0.00100 0.00100 0.00100 0.00100 0.00100 0.00100 0.00100 0.00100 0.00100 0.00100 0.00100 0.00100 0.00100 0.00100 0.00100 0.00100 0.00100 0.00100 0.00100 0.00100 0.00100 0.00100 0.00100 0.00100 0.00100 0.00100 0.00100 0.00100 0.00100 0.00100 0.00100 0.00100 0.00100 0.00100 0.00100 0.00100 0.00100 0.00100
0.00100 0.00100 0.00100 0.00100 0.00100 0.00100 0.00100 0.00100 0.00100 0.00100 0.00100 0.00100 0.00100 0.00100 0.00100 0.00100 0.00100 0.00100 0.00100 0.00100 0.00100 0.00100 0.00100 0.00100 0.00100 0.00100 0.00100 0.00100 0.00100 0.00100 0.00100 0.00100 0.00100 0.00100 0.00100 0.00100 0.00100 0.00100 0.00100 0.00100 0.00100 0.00100 0.00100 0.00100 0.00100 0.00100 0.00100 0.00100 0.00100 0.00100 0.00100 0.00100 0.00100 0.00100 0.00100 0.00100 0.00100 0.00100 0.00100 0.00100 0.00100 0.00100 0.00100 0.00100 0.00100 0.00100 0.00100
0.00100 0.00100 0.00100 0.00100 0.00100 0.00100 0.00100 0.00100 0.00100 0.00100 0.00100 0.00100 0.00100 0.00100 0.00100 0.00100 0.00100 0.00100 0.00100 0.00100 0.00100 0.00100 0.00100 0.00100 0.00100 0.00100 0.00100 0.00100 0.00100 0.00100 0.00100 0.00100 0.00100 0.00100 0.00100 0.00100 0.00100 0.00100 0.00100 0.00100 0.00100 0.00100 0.00100 0.00100 0.00100 0.00100 0.00100 0.00100 0.00100 0.00100 0.00100 0.00100 0.00100 0.00100 0.00100 0.00100 0.00100 0.00100 0.00100 0.00100 0.00100 0.00100 0.00100 0.00100 0.00100 0.00100 0.00100
