data/CoulombOnly/Outputs_CoulombOnly/release1HS_03_null_samosat_pfv.asc
ncols         1000
nrows         300
xllcenter     1000
yllcenter     -5000
cellsize      5
NODATA_value  -9999
[rows 140 to 174 of 300, columns 474 to 552 of 1000]
77.1343 76.8834 76.6338 76.3663 76.1118 75.8541 75.5878 75.3312 75.0714 74.804 74.5397 74.2795 74.0108 73.7479 73.482 73.2113 72.9453 72.675 72.406 72.1321 71.8642 71.5878 71.3125 71.0409 70.7632 70.4836 70.2045 69.9272 69.649 69.3643 69.084 68.8011 68.5188 68.2348 67.9437 67.6628 67.3773 67.0836 66.7967 66.5043 66.2172 65.9203 65.6267 65.3288 65.0331 64.732 64.4299 64.137 63.8282 63.5189 63.2158 62.9207 62.6094 62.2899 61.9767 61.6643 61.3536 61.0384 60.7153 60.3917 60.073 59.7536 59.4281 59.098 58.7655 58.4439 58.1127 57.7835 57.4455 57.0997 56.7566 56.4172 56.0728 55.7314 55.3797 55.0246 54.6689 54.306 53.9443
77.0803 76.8235 76.5671 76.3164 76.0564 75.7975 75.5445 75.2811 75.0191 74.7632 74.499 74.2321 73.9728 73.7067 73.4405 73.1767 72.9101 72.6417 72.3727 72.109 71.8335 71.5612 71.2971 71.0215 70.7386 70.4737 70.1968 69.9132 69.6409 69.361 69.0789 68.7928 68.5149 68.2333 67.9447 67.652 67.3709 67.0816 66.789 66.4927 66.2029 65.906 65.6127 65.3148 65.0162 64.7164 64.419 64.1125 63.8088 63.5069 63.1996 62.8916 62.5789 62.2665 61.9545 61.6396 61.3205 61.0032 60.6853 60.3619 60.036 59.7116 59.3846 59.0581 58.7261 58.3939 58.0565 57.7177 57.3793 57.0378 56.6978 56.3538 56.0075 55.6592 55.3072 54.9539 54.6006 54.243 53.8836
77.0351 76.786 76.5252 76.272 76.0177 75.7582 75.502 75.2442 74.9839 74.7254 74.4619 74.2027 73.9412 73.6724 73.412 73.1469 72.8788 72.6113 72.3422 72.0723 71.8059 71.5321 71.2617 70.9926 70.717 70.4391 70.1714 69.8905 69.6087 69.3343 69.0566 68.7684 68.4857 68.2065 67.921 67.6244 67.3419 67.0561 66.7618 66.4605 66.1742 65.8831 65.5828 65.2777 64.9827 64.6852 64.3816 64.0733 63.7702 63.4661 63.1594 62.847 62.533 62.219 61.9096 61.5962 61.2776 60.9567 60.6359 60.3141 59.9915 59.6656 59.3398 59.0103 58.6818 58.3481 58.0148 57.6801 57.3406 57.0041 56.6632 56.3199 55.9746 55.6265 55.2771 54.9234 54.5687 54.2109 53.8554
76.9966 76.743 76.489 76.2325 75.9817 75.722 75.4617 75.2118 74.9476 74.6865 74.4334 74.1668 73.9033 73.6458 73.3775 73.1095 72.8471 72.5781 72.3064 72.0417 71.7706 71.4956 71.2224 70.9526 70.677 70.4018 70.1217 69.8471 69.5701 69.2833 69.0052 68.7272 68.4426 68.1519 67.8703 67.5851 67.2916 67.0021 66.7146 66.4202 66.1208 65.8304 65.5358 65.2351 64.9331 64.6361 64.3381 64.0321 63.7225 63.4209 63.1146 62.8043 62.4898 62.1814 61.8718 61.5586 61.2419 60.9215 60.598 60.2801 59.9595 59.636 59.3081 58.9781 58.6494 58.3191 57.9864 57.6522 57.3129 56.9737 56.6328 56.2916 55.9481 55.6033 55.2546 54.9031 54.5507 54.1922 53.8327
76.9668 76.7108 76.4583 76.2035 75.9445 75.6919 75.4327 75.1725 74.9171 74.6551 74.3926 74.135 73.868 73.6054 73.3433 73.0734 72.809 72.544 72.2711 72.0023 71.7358 71.4598 71.1847 70.9158 70.6396 70.3569 70.0833 69.8094 69.5253 69.2423 68.9665 68.6829 68.3911 68.1109 67.8283 67.5366 67.2466 66.9609 66.6693 66.3751 66.0835 65.7915 65.4936 65.194 64.8967 64.5973 64.2972 63.993 63.6939 63.3898 63.0829 62.7725 62.4667 62.1575 61.845 61.5277 61.2159 60.9015 60.5841 60.2611 59.9353 59.6125 59.2894 58.9635 58.6353 58.302 57.9657 57.6299 57.2942 56.9567 56.6139 56.2706 55.9231 55.5768 55.224 54.8715 54.5164 54.1582 53.7989
76.9091 76.6547 76.3999 76.1447 75.8897 75.631 75.3744 75.1168 74.8541 74.5969 74.3366 74.0718 73.8114 73.549 73.2809 73.0175 72.7527 72.4812 72.2149 71.9463 71.6712 71.4023 71.1318 70.8551 70.5837 70.3088 70.0307 69.7549 69.478 69.1982 68.9177 68.6368 68.3551 68.0704 67.786 67.501 67.2131 66.923 66.6364 66.3473 66.0528 65.7568 65.4673 65.1706 64.87 64.5718 64.2774 63.9767 63.6675 63.3597 63.0613 62.7563 62.4427 62.1245 61.8158 61.5065 61.1922 60.8701 60.5468 60.2249 59.9082 59.5848 59.2581 58.9257 58.5947 58.2612 57.9327 57.5994 57.2621 56.9225 56.578 56.2313 55.8886 55.5437 55.1951 54.8431 54.4883 54.1299 53.768
76.8612 76.6111 76.3577 76.1031 75.8471 75.5883 75.3348 75.0745 74.8149 74.5585 74.2947 74.0366 73.7742 73.5121 73.248 72.9852 72.7192 72.4509 72.1848 71.9182 71.6476 71.3746 71.1071 70.8327 70.5554 70.2838 70.0096 69.728 69.4494 69.1746 68.8916 68.6056 68.3241 68.0427 67.7552 67.4637 67.1788 66.8913 66.5984 66.3031 66.0144 65.7213 65.4217 65.1213 64.8277 64.5321 64.2276 63.9206 63.6199 63.3193 63.0116 62.6998 62.3868 62.0814 61.7718 61.4557 61.1353 60.8155 60.5016 60.1833 59.8603 59.5322 59.2082 58.8805 58.5544 58.2225 57.8901 57.5581 57.2223 56.8844 56.5434 56.1995 55.8555 55.5098 55.1616 54.8115 54.4575 54.1054 53.7469
76.8462 76.5903 76.3371 76.0878 75.8253 75.5732 75.3203 75.0533 74.8014 74.5442 74.2749 74.0201 73.7595 73.4903 73.2319 72.9663 72.6977 72.4342 72.165 71.8936 71.6283 71.3547 71.0807 70.8116 70.5362 70.258 69.984 69.707 69.4264 69.147 68.8676 68.5847 68.3008 68.0162 67.7312 67.4426 67.1572 66.8664 66.575 66.2831 65.9926 65.696 65.3989 65.1049 64.8073 64.5059 64.2042 63.9008 63.5995 63.2941 62.9849 62.6744 62.3665 62.058 61.7449 61.4274 61.1102 60.7952 60.479 60.158 59.8328 59.5089 59.1856 58.8589 58.5316 58.2021 57.869 57.5337 57.1985 56.8603 56.5202 56.1789 55.8356 55.4908 55.1423 54.7915 54.4393 54.0835 53.7262
76.8245 76.5691 76.3211 76.0639 75.8057 75.555 75.2955 75.0348 74.7813 74.5196 74.2557 73.9989 73.736 73.4698 73.2092 72.9445 72.6745 72.4109 72.1434 71.8707 71.6043 71.3349 71.059 70.7889 70.517 70.241 69.9603 69.6901 69.412 69.1274 68.8501 68.5704 68.2866 67.9977 67.7175 67.4316 67.142 66.8512 66.5644 66.2732 65.9776 65.6821 65.3913 65.0932 64.7924 64.493 64.1941 63.8933 63.5858 63.2786 62.975 62.6671 62.3554 62.0401 61.731 61.4183 61.1032 60.7845 60.4647 60.1459 59.8282 59.5046 59.1782 58.8483 58.5185 58.1883 57.8604 57.5268 57.19 56.8504 56.5081 56.164 55.8231 55.4784 55.1306 54.7831 54.4282 54.0742 53.7147
76.8166 76.5679 76.3111 76.056 75.8047 75.5466 75.2879 75.0342 74.7736 74.5123 74.256 73.9924 73.7289 73.4703 73.2039 72.9378 72.676 72.4097 72.1391 71.8721 71.6038 71.3296 71.0585 70.7898 70.5141 70.2343 69.9632 69.6889 69.405 69.1266 68.8511 68.5684 68.2803 67.9997 67.7185 67.4294 67.1344 66.8523 66.566 66.271 65.9721 65.6841 65.3914 65.0934 64.7877 64.4926 64.1954 63.8913 63.5838 63.2774 62.9718 62.6656 62.3546 62.041 61.7307 61.4157 61.0972 60.7834 60.4648 60.1438 59.8199 59.4963 59.1735 58.8479 58.518 58.1848 57.8482 57.5138 57.1794 56.8429 56.5023 56.1582 55.8112 55.4626 55.1094 54.7617 54.4104 54.0576 53.6998
76.8252 76.5733 76.3221 76.0635 75.8099 75.5554 75.2949 75.0397 74.7806 74.5189 74.2623 73.9979 73.736 73.4761 73.2094 72.945 72.6816 72.4133 72.1449 71.88 71.6087 71.3354 71.0689 70.7953 70.5183 70.2461 69.9722 69.6938 69.4143 69.1396 68.858 68.5735 68.2937 68.0109 67.7256 67.4379 67.1539 66.8655 66.5753 66.2827 65.9935 65.7003 65.4064 65.108 64.8117 64.5148 64.2141 63.9111 63.6059 63.3062 62.9992 62.691 62.3803 62.0686 61.76 61.4453 61.1283 60.8071 60.4899 60.1705 59.8487 59.5216 59.1937 58.8662 58.5378 58.2061 57.8721 57.533 57.1959 56.8585 56.5179 56.1731 55.8251 55.4741 55.121 54.771 54.4177 54.0626 53.7028
76.8427 76.5917 76.3387 76.0818 75.831 75.5735 75.3133 75.0614 74.8005 74.5387 74.2836 74.0201 73.7555 73.4974 73.2326 72.9634 72.703 72.4345 72.1632 71.8981 71.6285 71.3534 71.0862 70.8131 70.5358 70.2628 69.9895 69.7094 69.4307 69.1557 68.8743 68.5902 68.3099 68.028 67.7421 67.4536 67.1685 66.8819 66.5902 66.2974 66.007 65.7158 65.4193 65.12 64.8252 64.5284 64.2276 63.9233 63.6198 63.318 63.0122 62.7021 62.3894 62.0814 61.7711 61.4565 61.139 60.819 60.4992 60.1796 59.8583 59.5315 59.2038 58.8736 58.5443 58.2138 57.88 57.5418 57.2019 56.8604 56.521 56.1768 55.8298 55.4804 55.1291 54.7743 54.4192 54.0621 53.7034
76.8763 76.6291 76.3732 76.1152 75.8647 75.606 75.3459 75.092 74.8308 74.5683 74.3112 74.0492 73.7833 73.5225 73.2597 72.9919 72.7257 72.4604 72.1903 71.9193 71.6534 71.3819 71.1074 70.8359 70.5621 70.2868 70.0108 69.7361 69.4559 69.1763 68.8963 68.6148 68.334 68.0469 67.7623 67.481 67.1925 66.8995 66.612 66.3239 66.0296 65.7313 65.439 65.144 64.8452 64.5419 64.2456 63.9441 63.6393 63.3309 63.0258 62.7202 62.4084 62.0955 61.7836 61.4732 61.1582 60.8367 60.5151 60.1995 59.8791 59.5562 59.2273 58.8947 58.5675 58.2382 57.9073 57.5718 57.2353 56.8932 56.5489 56.2088 55.8651 55.5199 55.1702 54.8185 54.4631 54.1059 53.7455
76.9288 76.6758 76.421 76.1707 75.911 75.6568 75.4034 75.1388 74.8844 74.6276 74.3595 74.1024 73.8428 73.5734 73.3112 73.0504 72.7797 72.5117 72.2485 71.9759 71.6989 71.4361 71.1625 70.8818 70.6118 70.3372 70.0564 69.7774 69.5014 69.2194 68.9332 68.6555 68.3701 68.0824 67.7961 67.5115 67.2201 66.9313 66.6424 66.347 66.0572 65.765 65.4699 65.1708 64.8763 64.5806 64.2795 63.9748 63.6755 63.3705 63.0623 62.7517 62.4468 62.1376 61.8239 61.5069 61.1903 60.877 60.5591 60.2359 59.9113 59.5874 59.2636 58.9386 58.6093 58.274 57.9401 57.609 57.2745 56.9353 56.5929 56.2501 55.9022 55.5572 55.2088 54.859 54.5056 54.1516 53.793
76.9637 76.7064 76.4512 76.2015 75.9398 75.6848 75.4299 75.1656 74.9092 74.6493 74.3841 74.1244 73.8636 73.5961 73.3309 73.0703 72.7992 72.5283 72.2659 71.9935 71.7194 71.4521 71.1803 70.9002 70.6302 70.3557 70.0781 69.8024 69.5245 69.2439 68.9616 68.6839 68.3993 68.1108 67.8298 67.548 67.2548 66.9631 66.6781 66.3881 66.0892 65.7936 65.5022 65.2068 64.9052 64.6017 64.3023 64.0019 63.6979 63.3901 63.0826 62.7745 62.4659 62.1566 61.8466 61.5297 61.2132 60.8988 60.581 60.2594 59.9366 59.6141 59.2896 58.9619 58.631 58.2993 57.9686 57.6359 57.2978 56.958 56.617 56.2723 55.9278 55.5809 55.2328 54.8799 54.5244 54.1675 53.8077
77.0032 76.7444 76.4896 76.2412 75.9812 75.7208 75.472 75.2089 74.9443 74.6956 74.4287 74.1595 73.9083 73.6406 73.3647 73.1107 72.8447 72.5647 72.306 72.0394 71.7576 71.4896 71.2238 70.9422 70.662 70.3952 70.1166 69.8262 69.5555 69.2769 68.9897 68.7052 68.4265 68.1406 67.8469 67.5667 67.2835 66.9878 66.6947 66.4107 66.1212 65.821 65.5263 65.2335 64.9384 64.6377 64.3319 64.0346 63.7325 63.4274 63.1181 62.8133 62.5059 62.1937 61.8809 61.563 61.2508 60.9362 60.616 60.2937 59.9676 59.6386 59.3145 58.9894 58.6582 58.3231 57.9839 57.6441 57.3106 56.9723 56.6305 56.2832 55.9337 55.5881 55.2399 54.888 54.5328 54.175 53.8131
77.0423 76.7872 76.5269 76.2789 76.0211 75.757 75.5066 75.2479 74.985 74.7264 74.4677 74.2046 73.9409 73.6788 73.416 73.1489 72.8803 72.6184 72.3489 72.0724 71.8081 71.5366 71.2585 70.9874 70.7132 70.435 70.1491 69.8778 69.5994 69.3149 69.035 68.7514 68.466 68.176 67.8936 67.6018 67.3168 67.0241 66.732 66.4409 66.1494 65.8533 65.5539 65.2598 64.9619 64.6613 64.3587 64.0572 63.7544 63.4479 63.142 62.8359 62.5282 62.2161 61.901 61.5899 61.2752 60.9583 60.637 60.311 59.9925 59.6697 59.3416 59.0128 58.6834 58.3503 58.0169 57.6779 57.3411 57.0011 56.6612 56.3187 55.973 55.6234 55.2742 54.9211 54.5663 54.2075 53.8471
77.0586 76.7956 76.5565 76.2978 76.0352 75.7931 75.532 75.2652 75.0222 74.7595 74.484 74.241 73.979 73.6986 73.4516 73.1896 72.9095 72.65 72.387 72.1115 71.8394 71.5804 71.3029 71.0206 70.7545 70.4822 70.2016 69.9195 69.6476 69.3685 69.083 68.7975 68.5167 68.2344 67.9454 67.653 67.3649 67.0795 66.7899 66.495 66.2021 65.9084 65.614 65.317 65.018 64.7166 64.4168 64.1149 63.8094 63.5014 63.1943 62.8875 62.5785 62.2637 61.9483 61.633 61.3169 61.0011 60.6817 60.3613 60.0361 59.7103 59.3823 59.0546 58.7239 58.3916 58.057 57.7232 57.386 57.0454 56.7046 56.364 56.019 55.6725 55.3256 54.9748 54.6204 54.262 53.8999
77.1132 76.8482 76.6003 76.3447 76.0812 75.8335 75.5681 75.3089 75.0587 74.7891 74.527 74.2761 74.004 73.7387 73.4843 73.2141 72.9457 72.6835 72.41 72.1371 71.8731 71.5996 71.3157 71.0536 70.7784 70.4955 70.2271 69.9468 69.6608 69.3879 69.1077 68.8217 68.5393 68.2569 67.9655 67.6811 67.3984 67.1081 66.8161 66.529 66.2348 65.9346 65.6456 65.3541 65.0509 64.7514 64.4562 64.157 63.8475 63.5403 63.2388 62.9313 62.6213 62.3139 61.9968 61.6824 61.3671 61.0532 60.7351 60.4135 60.0903 59.7645 59.4405 59.1143 58.7864 58.4556 58.1197 57.7795 57.4402 57.0998 56.757 56.4128 56.066 55.7183 55.3645 55.0108 54.6581 54.2998 53.9387
77.1432 76.8877 76.6379 76.3884 76.1315 75.8755 75.6253 75.3653 75.1048 74.8521 74.5923 74.3214 74.0695 73.805 73.5318 73.271 73.0002 72.7328 72.4656 72.1865 71.9282 71.652 71.3729 71.102 70.8327 70.5571 70.2738 70.0047 69.7261 69.4338 69.1571 68.8791 68.5891 68.3039 68.0256 67.7389 67.4419 67.1517 66.8723 66.5791 66.2783 65.9858 65.6979 65.4006 65.0925 64.7933 64.4964 64.1952 63.8894 63.5904 63.2819 62.9721 62.6616 62.3563 62.0437 61.7241 61.3988 61.0886 60.7702 60.4462 60.1206 59.7948 59.4683 59.1403 58.81 58.4758 58.1466 57.8132 57.4726 57.1314 56.7906 56.4471 56.0992 55.7461 55.3949 55.0445 54.689 54.3306 53.9724
77.178 76.9172 76.6611 76.4076 76.1424 75.8823 75.6266 75.3605 75.1024 74.842 74.5785 74.315 74.0579 73.7949 73.5217 73.2786 73.0104 72.7246 72.4755 72.2115 71.9278 71.6673 71.3971 71.1185 70.8524 70.5807 70.3002 70.0225 69.7441 69.4674 69.194 68.906 68.6275 68.3456 68.0607 67.7687 67.4811 67.1971 66.9043 66.6091 66.3141 66.0227 65.7237 65.4237 65.1283 64.8306 64.5252 64.2265 63.9269 63.6197 63.3128 62.9971 62.6916 62.3857 62.0726 61.7557 61.4384 61.1259 60.8108 60.4904 60.1684 59.8433 59.5214 59.1932 58.8629 58.5279 58.1922 57.8598 57.5241 57.184 56.8439 56.4964 56.1481 55.7964 55.447 55.0911 54.7352 54.3773 54.0163
77.4451 77.0488 76.7385 76.4507 76.3502 75.9523 75.6782 75.4509 75.1674 74.9021 74.6529 74.3773 74.1323 73.8522 73.7268 73.3063 73.0606 72.7773 72.4973 72.2564 71.9661 71.6803 71.4299 71.1523 70.8488 70.5962 70.3398 70.0303 69.7586 69.4939 69.1935 68.9107 68.6337 68.3519 68.0512 67.7676 67.494 67.1998 66.8986 66.614 66.3271 66.0271 65.7376 65.4504 65.1465 64.8459 64.5588 64.2564 63.9597 63.6527 63.341 63.0398 62.7354 62.4222 62.0994 61.7913 61.4813 61.1649 60.8455 60.5113 60.1921 59.8664 59.5365 59.2091 58.8826 58.5559 58.2234 57.8861 57.549 57.2133 56.8813 56.536 56.188 55.8384 55.4873 55.1355 54.7796 54.4205 54.0643
0 0 0 0 0 0 0 0 0 0 0 0 73.6447 73.6288 73.5655 73.1898 73.1036 72.7157 72.4385 72.235 72.235 71.7335 71.6097 71.2177 70.9163 70.6246 70.4535 70.104 69.7941 69.5627 69.2679 68.9553 68.827 68.439 68.3311 67.8685 67.6203 67.2722 66.9521 66.6523 66.3617 66.0968 65.788 65.479 65.1866 64.8858 64.5678 64.2941 63.9876 63.6789 63.3431 63.0795 62.7785 62.4556 62.1331 61.7927 61.5001 61.1905 60.8619 60.5476 60.2279 59.8999 59.5706 59.2511 58.935 58.609 58.2777 57.938 57.5914 57.237 56.905 56.5657 56.2217 55.8754 55.5146 55.1531 54.7999 54.4402 54.0839
0 0 0 0 0 0 0 0 0 0 0 0 0 0 0 0 0 0 0 0 0 0 0 0 0 0 0 0 0 0 0 68.5741 68.4597 68.4597 68.0691 67.6529 67.4082 67.1706 67.1706 66.698 66.5993 66.1621 65.8602 65.5176 65.1763 64.948 64.6611 64.3336 64.0022 63.7164 63.43 63.3279 62.9011 62.7569 62.3877 61.9333 61.6384 61.3177 60.9651 60.6127 60.2979 59.9973 59.6939 59.3738 59.0211 58.6686 58.3149 57.9905 57.6728 57.3493 57.0061 56.6518 56.2891 55.9249 55.571 55.2157 54.8616 54.5012 54.1373
0 0 0 0 0 0 0 0 0 0 0 0 0 0 0 0 0 0 0 0 0 0 0 0 0 0 0 0 0 0 0 0 0 0 0 0 0 0 0 0 0 0 0 0 0 0 0 63.9116 63.9116 63.3554 63.3554 62.9088 62.6024 62.4639 62.104 62.0018 61.6263 61.2718 60.9028 60.5771 60.2757 60.1049 59.6833 59.3249 58.963 58.7241 58.3459 58.3108 57.8741 57.4774 57.1146 56.7522 56.3823 56.0085 55.6754 55.336 54.9975 54.6517 54.2952
0 0 0 0 0 0 0 0 0 0 0 0 0 0 0 0 0 0 0 0 0 0 0 0 0 0 0 0 0 0 0 0 0 0 0 0 0 0 0 0 0 0 0 0 0 0 0 0 0 0 0 0 0 0 0 0 0 0 0 0 59.3237 59.3237 59.2132 59.0387 58.6487 58.2524 58.1214 57.8459 57.8269 57.3923 57.3638 56.6299 56.269 56.0833 55.6107 55.5182 54.9803 54.6975 54.1824
0 0 0 0 0 0 0 0 0 0 0 0 0 0 0 0 0 0 0 0 0 0 0 0 0 0 0 0 0 0 0 0 0 0 0 0 0 0 0 0 0 0 0 0 0 0 0 0 0 0 0 0 0 0 0 0 0 0 0 0 0 0 0 0 0 0 0 0 0 0 0 0 0 55.0033 54.9376 54.9376 54.7328 54.3412 53.9007
0 0 0 0 0 0 0 0 0 0 0 0 0 0 0 0 0 0 0 0 0 0 0 0 0 0 0 0 0 0 0 0 0 0 0 0 0 0 0 0 0 0 0 0 0 0 0 0 0 0 0 0 0 0 0 0 0 0 0 0 0 0 0 0 0 0 0 0 0 0 0 0 0 0 0 0 0 0 0
0 0 0 0 0 0 0 0 0 0 0 0 0 0 0 0 0 0 0 0 0 0 0 0 0 0 0 0 0 0 0 0 0 0 0 0 0 0 0 0 0 0 0 0 0 0 0 0 0 0 0 0 0 0 0 0 0 0 0 0 0 0 0 0 0 0 0 0 0 0 0 0 0 0 0 0 0 0 0
0 0 0 0 0 0 0 0 0 0 0 0 0 0 0 0 0 0 0 0 0 0 0 0 0 0 0 0 0 0 0 0 0 0 0 0 0 0 0 0 0 0 0 0 0 0 0 0 0 0 0 0 0 0 0 0 0 0 0 0 0 0 0 0 0 0 0 0 0 0 0 0 0 0 0 0 0 0 0
0 0 0 0 0 0 0 0 0 0 0 0 0 0 0 0 0 0 0 0 0 0 0 0 0 0 0 0 0 0 0 0 0 0 0 0 0 0 0 0 0 0 0 0 0 0 0 0 0 0 0 0 0 0 0 0 0 0 0 0 0 0 0 0 0 0 0 0 0 0 0 0 0 0 0 0 0 0 0
0 0 0 0 0 0 0 0 0 0 0 0 0 0 0 0 0 0 0 0 0 0 0 0 0 0 0 0 0 0 0 0 0 0 0 0 0 0 0 0 0 0 0 0 0 0 0 0 0 0 0 0 0 0 0 0 0 0 0 0 0 0 0 0 0 0 0 0 0 0 0 0 0 0 0 0 0 0 0
0 0 0 0 0 0 0 0 0 0 0 0 0 0 0 0 0 0 0 0 0 0 0 0 0 0 0 0 0 0 0 0 0 0 0 0 0 0 0 0 0 0 0 0 0 0 0 0 0 0 0 0 0 0 0 0 0 0 0 0 0 0 0 0 0 0 0 0 0 0 0 0 0 0 0 0 0 0 0
0 0 0 0 0 0 0 0 0 0 0 0 0 0 0 0 0 0 0 0 0 0 0 0 0 0 0 0 0 0 0 0 0 0 0 0 0 0 0 0 0 0 0 0 0 0 0 0 0 0 0 0 0 0 0 0 0 0 0 0 0 0 0 0 0 0 0 0 0 0 0 0 0 0 0 0 0 0 0
0 0 0 0 0 0 0 0 0 0 0 0 0 0 0 0 0 0 0 0 0 0 0 0 0 0 0 0 0 0 0 0 0 0 0 0 0 0 0 0 0 0 0 0 0 0 0 0 0 0 0 0 0 0 0 0 0 0 0 0 0 0 0 0 0 0 0 0 0 0 0 0 0 0 0 0 0 0 0
