data/CoulombOnly/Outputs_CoulombOnly/release1HS_null_03CoulombOnly_faSavageHutterFoam_pfv.asc
xllcenter 1000
yllcenter -5000
nrows 301
ncols 1001
NODATA_value -9999
cellsize 5
[rows 116 to 144 of 301, columns 260 to 324 of 1001]
0.0052264 0.00523465 0.00521345 0.00522296 0.00522321 0.00521712 0.0052276 0.00522203 0.00519751 0.00520824 0.00520416 0.00521217 0.00520703 0.00520085 0.00520539 0.0052009 0.00519572 0.00519186 0.00519571 0.00517978 0.00519989 0.00518516 0.00519716 0.00516886 0.00516826 0.00517001 0.00517138 0.00517365 0.00516491 0.00516334 0.005154 0.00515067 0.00515969 0.00514831 0.00515459 0.00515037 0.00513705 0.00513922 0.0051486 0.00512826 0.00514744 0.00512107 0.00514075 0.00513063 0.00512894 0.00513814 0.00511698 0.00511934 0.00512142 0.00513372 0.00512662 0.00513173 0.0051238 0.00512835 0.0051328 0.00512542 0.0051319 0.00513805 0.00513842 0.00513922 0.00515503 0.0051488 0.00515547 0.00516183 0.00516117
0.0052264 0.00523465 0.00521345 0.00522296 0.00522321 0.00521712 0.0052276 0.00522203 0.00519751 0.00520824 0.00520416 0.00521217 0.00520712 0.00520007 0.00520613 0.00520099 0.00519434 0.00519717 0.00519571 0.00517978 0.00519989 0.00518516 0.00518983 0.00518536 0.00516826 0.00517108 0.00516876 0.00517378 0.0051642 0.00516278 0.005154 0.00515067 0.00515969 0.00514831 0.00515459 0.00515037 0.00513708 0.0051391 0.00514878 0.00512826 0.00514744 0.00512107 0.00514075 0.00513063 0.00512894 0.00513814 0.00511698 0.00511934 0.00512142 0.00513397 0.00512571 0.00513173 0.0051238 0.00512821 0.00513354 0.00512531 0.0051319 0.00513807 0.00514004 0.0051384 0.00515531 0.00514918 0.00515547 0.00516183 0.00516117
0.0052264 0.00523465 0.00521345 0.00522296 0.00522354 0.00521712 0.0052276 0.00522203 0.00519751 0.00520824 0.00520416 0.00521217 0.00520712 0.00519949 0.00520613 0.00520099 0.00519434 0.00519717 0.00519571 0.00517978 0.00519989 0.00518516 0.00518983 0.00518536 0.00516826 0.00517108 0.00516876 0.00517378 0.00516508 0.00516278 0.005154 0.00515065 0.00515969 0.00514831 0.00515447 0.00515055 0.00513736 0.00513751 0.00514895 0.00512826 0.00514744 0.00512107 0.00514075 0.00513063 0.00512894 0.00513814 0.00511711 0.00511926 0.00512033 0.00513404 0.00512557 0.00513173 0.00512392 0.00512814 0.00513354 0.00512531 0.00513146 0.00513703 0.00514076 0.00513925 0.00515048 0.00514998 0.00515541 0.00515991 0.00515886
0.0052264 0.00523441 0.00521345 0.00522296 0.00522321 0.00521731 0.00522752 0.00522203 0.00519751 0.00520824 0.00520403 0.00521217 0.00520703 0.00520087 0.00520594 0.00520099 0.0051955 0.00519186 0.00519571 0.00517978 0.00519989 0.00518516 0.0051975 0.00516886 0.00516842 0.00516976 0.00517138 0.00517365 0.00516491 0.00516334 0.005153 0.00515072 0.00515969 0.00514831 0.00515436 0.00515131 0.00513666 0.00513776 0.00514895 0.00512826 0.00514744 0.00512107 0.00514075 0.00513063 0.00512894 0.00513809 0.00511585 0.00511903 0.00512025 0.00513424 0.00512625 0.00513168 0.00512264 0.00512821 0.00513278 0.00512553 0.00514116 0.00513717 0.00514228 0.0051344 0.00514343 0.0051527 0.0051561 0.00515819 0.00515606
0.00522662 0.00523638 0.00521391 0.0052229 0.00522388 0.00521675 0.00522608 0.0052205 0.00519688 0.00520853 0.00520556 0.00521207 0.00520703 0.00520221 0.00520585 0.00520098 0.0051959 0.00519177 0.00519571 0.00517954 0.00519989 0.00518516 0.00519633 0.00516886 0.00516857 0.00516752 0.00517129 0.00517366 0.00516557 0.00516334 0.00515388 0.00515214 0.00515969 0.00514827 0.00515609 0.00515197 0.0051367 0.00513789 0.00514837 0.00512846 0.00514707 0.00512166 0.00514091 0.0051314 0.00512894 0.00513796 0.0051163 0.00511848 0.00512188 0.00512993 0.00512707 0.0051305 0.0051235 0.00512905 0.00512992 0.00512473 0.00514025 0.00513486 0.00514454 0.00512919 0.00514244 0.0051455 0.00515761 0.00515869 0.00515905
0.00523475 0.00523465 0.00521481 0.00522285 0.00522525 0.00521371 0.00522568 0.00522156 0.00520561 0.00520891 0.00520528 0.0052105 0.00520679 0.00519792 0.00520658 0.00520085 0.00519642 0.00519167 0.00519565 0.00518093 0.00519979 0.00518512 0.00519111 0.00518015 0.00516829 0.0051717 0.00516941 0.00517351 0.00516534 0.00516203 0.00515446 0.00514613 0.00515963 0.00514831 0.00514817 0.00515105 0.00513759 0.00513845 0.00514721 0.00513897 0.00514706 0.00512208 0.00514181 0.00513362 0.00512611 0.00513254 0.00511868 0.00511885 0.00512302 0.00513056 0.00512217 0.00512889 0.0051342 0.00513969 0.00513052 0.00512189 0.00512888 0.00513235 0.00513852 0.00512995 0.00513868 0.0051433 0.00515924 0.00515493 0.00515862
0.00523555 0.00523167 0.00521436 0.0052227 0.00522572 0.00521074 0.00522509 0.00521464 0.00520664 0.00520766 0.00520345 0.00520975 0.00520581 0.00519312 0.00520898 0.00519838 0.00519587 0.00519122 0.00519446 0.0051819 0.00519875 0.00518369 0.00518725 0.00518099 0.00516679 0.00517352 0.00516932 0.00517344 0.00516506 0.00516334 0.00515444 0.00515182 0.00515795 0.00514877 0.00514033 0.00515339 0.0051465 0.00513491 0.00514929 0.00513925 0.00515097 0.00512269 0.00514112 0.00512886 0.00512302 0.00512805 0.00511875 0.0051194 0.00513085 0.00512006 0.00511835 0.00513027 0.0051295 0.0051357 0.00513208 0.00513133 0.00512867 0.00513272 0.0051316 0.00514862 0.00513818 0.00515538 0.00515749 0.00516113 0.00515843
0.0052357 0.00521961 0.00521579 0.0052215 0.00522114 0.00521204 0.00522534 0.00521054 0.00522003 0.00520721 0.00519913 0.00521246 0.00520566 0.00519294 0.00520688 0.00519651 0.00519858 0.00519281 0.00519188 0.0051947 0.00519088 0.00518159 0.0051848 0.00518309 0.00516521 0.00517387 0.0051695 0.00517185 0.00516721 0.00516381 0.00515231 0.00515122 0.00515139 0.00514636 0.00515038 0.00514928 0.00515356 0.00514395 0.0051449 0.00513689 0.00513511 0.00512736 0.00513556 0.00512522 0.00513372 0.00512747 0.00512206 0.00513208 0.00512232 0.00512494 0.00512691 0.00512056 0.00513031 0.00513417 0.00512992 0.00513007 0.00513475 0.00513806 0.00513276 0.00514187 0.00515291 0.00514249 0.00514568 0.00515647 0.00516089
0.00522971 0.00521858 0.0052281 0.00522626 0.00520917 0.00522589 0.00522394 0.00520548 0.00522185 0.00520502 0.00521263 0.00520359 0.00521077 0.00520394 0.00519911 0.00519458 0.00519452 0.00519258 0.00519109 0.00519325 0.00518148 0.00517997 0.00518338 0.00518119 0.00516972 0.00517942 0.00516476 0.00517151 0.00516545 0.00516222 0.00514648 0.00515191 0.00515994 0.00514965 0.00515126 0.00514609 0.00515355 0.00514032 0.00514047 0.00513727 0.00513574 0.00513668 0.00512892 0.00512772 0.00513179 0.00512792 0.0051164 0.00512945 0.00513023 0.00512466 0.00513345 0.00511912 0.00512845 0.00512933 0.00512773 0.00512899 0.00512676 0.00513513 0.005143 0.00514263 0.00514628 0.00517087 0.00514609 0.00515951 0.00517367
0.00522401 0.00522597 0.0052255 0.00522014 0.00521851 0.00522324 0.00521732 0.00521424 0.00521995 0.00520543 0.00521699 0.00519267 0.0052075 0.00520145 0.00519399 0.00519385 0.00519883 0.00519691 0.00518593 0.00519609 0.00517756 0.00518994 0.00517799 0.00517442 0.0051851 0.0051713 0.00517299 0.00517202 0.00516428 0.0051683 0.00515173 0.00516726 0.00515252 0.00514861 0.00515141 0.00514151 0.00513951 0.00513819 0.0051384 0.00513635 0.00513309 0.00513742 0.00513165 0.00513356 0.00513338 0.00512292 0.00512441 0.00512805 0.00512832 0.00513837 0.00512867 0.00512527 0.00513668 0.00512546 0.005139 0.00514505 0.00514106 0.00513236 0.00497233 0.00515277 0.00520715 0.00492283 0.00517821 0.00523432 0.00494755
0.00522414 0.00522428 0.00522611 0.00521654 0.00522435 0.00521139 0.00520878 0.00520752 0.00521353 0.00520695 0.00521406 0.00520235 0.00519871 0.00521034 0.00519602 0.00519495 0.00518433 0.00519275 0.00519033 0.00518229 0.00518132 0.0051847 0.00517612 0.00517735 0.00517971 0.00517006 0.0051778 0.00516767 0.00516593 0.00515895 0.00516183 0.00516399 0.00514988 0.00515088 0.00516005 0.00514384 0.00513915 0.00515023 0.00513661 0.00513839 0.00513523 0.00514698 0.0051336 0.00514778 0.00512606 0.00512209 0.00512263 0.00511468 0.00517306 0.00493136 0.0051381 0.00519635 0.00494527 0.00513786 0.00520504 0.00494984 0.00515126 0.00525089 0.00590868 0.00756908 0.00623127 0.00849686 0.0104821 0.00641165 0.00888188
0.00522612 0.00523375 0.00522794 0.00522687 0.0052256 0.00521681 0.00521519 0.00521868 0.00521742 0.00520503 0.00521099 0.0052103 0.00520333 0.00519985 0.00522218 0.00519686 0.00519857 0.00521272 0.00519096 0.00519872 0.00520559 0.00518439 0.00518988 0.00519915 0.00517837 0.00516568 0.00517436 0.00516063 0.0051755 0.00515853 0.00515983 0.00507585 0.00493954 0.00521234 0.00501142 0.00492346 0.00521032 0.00503319 0.00491337 0.00520714 0.00503339 0.00491754 0.00519514 0.00503033 0.00489726 0.00519099 0.00497892 0.00578099 0.00614113 0.0079223 0.00897801 0.00625379 0.00845536 0.0100919 0.00623616 0.00865641 0.0107909 0.00939423 0.010729 0.0100732 0.0101875 0.010202 0.0102648 0.0103319 0.0103367
0.00528573 0.00513663 0.00502549 0.0052812 0.00512553 0.00502002 0.00526817 0.00513562 0.00501929 0.00526855 0.0051586 0.0050088 0.0052599 0.00515629 0.0050217 0.00524979 0.0051506 0.00500071 0.00525107 0.00515374 0.00500662 0.00524175 0.00513891 0.00499464 0.00522644 0.00513926 0.00498601 0.00522781 0.00512526 0.00484735 0.00540768 0.00607501 0.00736101 0.00622108 0.00772124 0.00847826 0.00609356 0.00787094 0.00887626 0.00606881 0.00792372 0.00911458 0.00606078 0.00799756 0.00928805 0.00607994 0.00827864 0.0102331 0.0100545 0.010026 0.0101171 0.0101846 0.0102517 0.0102933 0.0103314 0.0103636 0.0103949 0.010412 0.0103811 0.0102615 0.0101104 0.0100094 0.0100278 0.00993561 0.00984779
0.0061161 0.00764879 0.00857243 0.006085 0.00760989 0.00862089 0.00608263 0.00756376 0.00869441 0.00925245 0.00748029 0.00876357 0.00937442 0.00747125 0.00880023 0.00953281 0.00744176 0.00885354 0.00966121 0.00742647 0.0089004 0.00976829 0.00744358 0.00893678 0.00989298 0.00745441 0.00899848 0.00998392 0.00750176 0.00921858 0.00982953 0.00977406 0.00974096 0.00999317 0.0100244 0.010089 0.0101558 0.0102047 0.0102449 0.0102806 0.0103096 0.010333 0.0103759 0.0103924 0.0104064 0.0104133 0.0104057 0.010341 0.0103418 0.0102375 0.0101465 0.0100579 0.0100058 0.00994501 0.00984659 0.00975841 0.00979781 0.00972335 0.00966359 0.00960557 0.00953737 0.00943813 0.00952601 0.00953353 0.00952656
0.0101162 0.0101341 0.0101545 0.0101357 0.0101708 0.0101785 0.0101942 0.0102057 0.0102174 0.0102238 0.0102371 0.0102342 0.0102655 0.0102731 0.0102822 0.0102823 0.010328 0.010332 0.010339 0.0103323 0.0102959 0.0103805 0.010372 0.0103818 0.010369 0.0104316 0.0104296 0.0104316 0.0104306 0.0103732 0.0104524 0.0103965 0.010319 0.0102422 0.0101226 0.0101765 0.0101153 0.0100731 0.010019 0.00990108 0.00996952 0.00990109 0.00986449 0.00981003 0.00971274 0.00976942 0.00971215 0.00966756 0.00959765 0.00949303 0.00961122 0.00953005 0.00944995 0.00947159 0.00957704 0.00954456 0.00959234 0.00967649 0.00978599 0.00994756 0.0100633 0.00993217 0.0100573 0.0101313 0.0101048
0.01015 0.0101224 0.0100398 0.0101397 0.0101125 0.0100419 0.0101102 0.0100634 0.0100391 0.0100817 0.0100429 0.0100167 0.00995168 0.0100193 0.0099618 0.00994231 0.00985045 0.00993639 0.00991173 0.00985082 0.00990551 0.00985868 0.009825 0.00975679 0.00981983 0.00977931 0.0097426 0.00964614 0.00973926 0.00968338 0.00963874 0.00954407 0.00966472 0.00959267 0.00955265 0.00946156 0.00958887 0.00951359 0.00946104 0.00949754 0.00956551 0.0094948 0.00953365 0.00962782 0.00959342 0.00963556 0.00971638 0.00981873 0.00998212 0.00982459 0.00997209 0.01007 0.010134 0.00998945 0.0100784 0.0101142 0.0100462 0.00985409 0.00992603 0.00983189 0.00962704 0.00924925 0.00938302 0.00914814 0.00881026
0.00961777 0.00953016 0.00946023 0.00961855 0.00954725 0.00950054 0.00949641 0.00955401 0.00950132 0.00948657 0.00955636 0.00945451 0.00947049 0.00960532 0.00947163 0.00947819 0.00960041 0.00950969 0.00950493 0.00956952 0.00956849 0.00956545 0.00959499 0.00973505 0.00959579 0.00969557 0.00975142 0.00964672 0.00969934 0.00979226 0.00992964 0.00975448 0.0098467 0.00995366 0.0100716 0.0099113 0.0100247 0.0101043 0.01012 0.0100206 0.010106 0.0101398 0.0100177 0.0100569 0.0100599 0.00997461 0.00991799 0.00988634 0.00980405 0.00948325 0.00960842 0.00947518 0.0092461 0.00877642 0.00862036 0.00883191 0.00845884 0.00844126 0.00840791 0.00831575 0.00832999 0.00827271 0.00821763 0.00824324 0.00818364
0.00999623 0.0101012 0.00988545 0.00999401 0.0100938 0.0101187 0.00999758 0.0100896 0.0101296 0.0100013 0.0100966 0.0101389 0.00997922 0.0100853 0.0101424 0.00996679 0.0100602 0.0101285 0.0100525 0.0100349 0.0101001 0.0100394 0.00998816 0.01004 0.0100188 0.00982735 0.0099625 0.00994795 0.00976948 0.00985877 0.00981866 0.00969985 0.00938155 0.00966053 0.00953603 0.00917309 0.00947241 0.0093362 0.00907323 0.00860541 0.00913082 0.00884384 0.0084945 0.0085357 0.00851566 0.00840925 0.00840825 0.00829027 0.00834176 0.00832528 0.00826463 0.00829763 0.0082556 0.00820663 0.00815044 0.00818135 0.00813528 0.00808147 0.00803085 0.00805414 0.00801078 0.0079464 0.00791474 0.00792301 0.007884
0.00941566 0.00934076 0.00909348 0.00871111 0.00927624 0.00911853 0.00868496 0.0092311 0.00902371 0.008599 0.00920599 0.0089827 0.00853015 0.00909819 0.0089319 0.00848878 0.00856542 0.00883241 0.00849512 0.00851801 0.00867979 0.00842137 0.00845493 0.00861877 0.00838846 0.00841303 0.00841134 0.00834914 0.00837395 0.00834161 0.00833397 0.00833885 0.0082887 0.00830276 0.00829865 0.00826045 0.00821794 0.00824898 0.00822387 0.00816586 0.00820507 0.0081718 0.00812909 0.00808387 0.00812156 0.00809271 0.00803606 0.0080554 0.00801819 0.00798385 0.00794081 0.00795829 0.00792295 0.00786763 0.00775181 0.00785481 0.00781858 0.00769851 0.00777037 0.00774413 0.00767806 0.007175 0.00765668 0.00766892 0.00740333
0.00714242 0.00825296 0.00836555 0.00717464 0.00826937 0.00850677 0.00759451 0.00827601 0.00858682 0.00795352 0.00829075 0.00867965 0.00852968 -0.0191321 0.00874574 0.00937618 -0.0115731 0.00881858 0.00987398 -0.00652114 0.00890115 0.0104868 0.00135471 0.0089269 0.0110111 0.00968675 -0.107267 0.0115553 0.0161214 -0.0758288 0.0122928 0.0227071 -0.0375363 0.0129424 0.0303903 0.00452671 -0.404709 0.0383096 0.0490992 -0.244544 0.0452872 0.092128 -0.0881005 -1.11919 0.130297 0.0580529 -0.751349 0.173288 0.212157 -0.345467 -2.2843 0.363605 0.0576512 -1.53147 0.536951 0.480752 -0.704793 -3.41695 0.980501 0.23475 -1.93871 1.52893 1.24067 -0.345259 -2.14015
2.84135 4.38418 3.65329 4.2884 5.03611 4.52939 5.3637 5.64942 5.3092 6.30326 6.17035 5.98682 7.00453 9.46136 6.69553 7.73621 10.191 7.29894 8.51178 10.9538 7.98755 9.25064 11.8519 8.76124 10.1436 12.9427 9.62558 11.1978 14.1928 17.557 12.3129 15.4508 19.1988 13.6037 16.9352 20.7929 14.996 18.5264 22.4589 25.6643 19.9947 24.0344 27.3347 21.3859 25.7239 29.289 23.1446 27.6326 31.4733 34.0077 29.8532 33.948 36.6082 32.3867 36.7021 39.4917 41.5055 39.9085 42.7961 44.4926 43.199 46.083 47.6431 49.189 49.6258
56.9399 58.1367 57.5099 57.6779 59.08 58.3342 58.3525 59.9195 59.076 58.9775 60.689 59.7499 59.4841 61.3459 60.4005 60.0113 62.115 61.0722 60.6341 63.0068 61.9397 61.4323 61.6889 62.9134 62.2347 62.2732 63.8407 63.0498 62.9981 64.8042 63.9752 63.6813 65.7075 64.7718 64.4175 64.7705 65.7548 65.2544 65.3298 66.6907 66.0633 65.9631 67.6088 66.8846 66.6587 68.6078 67.8523 67.5321 67.829 69.0009 68.5427 68.635 70.0809 69.6071 69.4973 69.9226 70.6851 70.4302 70.7288 71.8051 71.4709 71.5107 72.8213 72.5318 72.4291
70.3372 70.1687 70.1074 70.6957 70.547 70.4779 71.0932 70.9112 70.7585 71.3479 71.2214 71.0951 71.7288 71.647 71.4067 72.09 71.9555 71.7681 71.9038 72.3041 72.1114 72.184 72.6318 72.4959 72.4553 72.9677 72.8834 72.7939 73.3585 73.2004 73.0824 73.61 73.5596 73.3826 73.5383 73.8917 73.7372 73.8038 74.2235 74.1139 74.0762 74.5628 74.4583 74.4188 74.9358 74.8896 74.7839 74.9804 75.3189 75.2141 75.349 75.7295 75.6135 75.661 76.1204 76.0649 75.9987 76.1743 76.4944 76.4396 76.6106 76.9742 76.9367 77.0272 77.3339
72.5888 72.6698 72.958 72.9212 72.9045 73.218 73.2029 73.1684 73.4955 73.5337 73.51 73.8074 73.8462 73.7278 74.0514 74.1412 74.034 74.2359 74.3937 74.293 74.3599 74.6229 74.4894 74.639 74.8894 74.8201 74.8456 75.1054 75.0497 75.0583 75.3405 75.3045 75.259 75.547 75.6161 75.5811 75.7993 75.9037 75.7722 75.94 76.1993 76.1295 76.2649 76.5073 76.4291 76.4942 76.7491 76.7236 76.7296 76.9334 77.0212 76.9576 77.0425 77.3043 77.2628 77.4057 77.6619 77.6186 77.7021 77.9776 77.9919 78.0062 77.9974 78.277 78.277
73.5273 73.7958 73.6988 73.8158 74.0691 73.9771 74.0917 74.3359 74.3045 74.4062 74.6353 74.5568 74.6341 74.8611 74.8278 74.8535 75.0837 75.0495 75.0017 75.2431 75.276 75.2239 75.4233 75.475 75.4093 75.5591 75.6752 75.5725 75.6687 75.9367 75.8936 76.008 76.2356 76.1768 76.2667 76.4902 76.4218 76.4801 76.6856 76.7187 76.6931 76.8971 76.9518 76.9184 76.8681 77.1578 77.1377 77.1865 77.4272 77.3793 77.4792 77.7186 77.6998 77.7721 78.0018 77.9969 78.0661 78.2426 78.3076 78.3245 78.2859 78.5519 78.5225 78.6183 78.8759
74.3188 74.3972 74.6152 74.6079 74.6165 74.8438 74.847 74.8333 75.0538 75.0515 75.0416 75.2165 75.3404 75.2713 75.2812 75.5333 75.421 75.4423 75.6928 75.6343 75.606 75.8616 75.8008 75.8693 76.0983 76.0362 76.1295 76.3482 76.3166 76.3818 76.6059 76.5879 76.646 76.8403 76.8346 76.8237 76.9612 77.0392 76.9744 76.9516 77.2172 77.1781 77.1961 77.4535 77.4412 77.4787 77.7065 77.6597 77.7172 77.9482 77.9362 78.0273 78.2365 78.2568 78.2818 78.2806 78.551 78.5437 78.538 78.7927 78.7845 78.7822 79.0258 79.0447 79.0684
75.0331 75.0335 75.0136 75.0029 75.2729 75.2345 75.1784 75.4542 75.459 75.4726 75.7139 75.6771 75.6555 75.892 75.8317 75.8432 76.0727 76.0321 76.0742 76.2896 76.2038 76.2508 76.4672 76.4281 76.4666 76.6957 76.6876 76.708 76.9203 76.9249 76.9586 77.1498 77.1812 77.1461 77.0955 77.3333 77.3075 77.3008 77.5251 77.4667 77.4743 77.7215 77.7065 77.7333 77.9639 77.9408 77.9503 78.1729 78.1569 78.2088 78.4344 78.4377 78.4897 78.4362 78.7173 78.7385 78.7049 78.9603 78.9486 78.9314 79.1867 79.1787 79.2256 79.4613 79.4538
75.2823 75.2549 75.5242 75.5152 75.4917 75.7508 75.718 75.6878 75.9466 75.9336 75.8753 76.1267 76.1011 76.1168 76.343 76.293 76.2772 76.5061 76.4538 76.4185 76.6618 76.6461 76.6349 76.8744 76.8657 76.8835 77.1035 77.0692 77.0974 77.0319 77.3121 77.2986 77.2044 77.4878 77.4627 77.4449 77.6946 77.6551 77.6131 77.8701 77.8793 77.8574 78.098 78.0664 78.0889 78.3105 78.2731 78.2901 78.5258 78.5206 78.5345 78.7727 78.7896 78.7684 79.0144 79.0377 79.0648 78.9787 79.2623 79.2695 79.226 79.496 79.498 79.4768 79.7582
75.6331 75.6158 75.5648 75.8524 75.8417 75.773 76.0385 76.0149 75.9515 76.2158 76.1578 76.1135 76.3975 76.3914 76.3452 76.5912 76.5391 76.5325 76.772 76.7344 76.75 76.9628 76.9135 76.931 77.1455 77.1003 77.1035 77.3351 77.3147 77.277 77.5242 77.4759 77.462 77.7388 77.7227 77.7438 77.665 77.937 77.9232 77.8786 78.1453 78.1249 78.0855 78.3301 78.3111 78.262 78.5212 78.5189 78.5185 78.7545 78.7447 78.7492 78.9997 79.0532 79.0132 79.2424 79.2418 79.2243 79.4868 79.4602 79.4536 79.4306 79.6871 79.7129 79.7381
