data/CoulombOnly/Outputs_CoulombOnly/release1HS_03CoulombOnly_null_openFOAMmu_pft.asc
ncols        1001
nrows        301
xllcorner    1000.00
yllcorner    -5000.00
cellsize     5.0000
NODATA_value -9999.0000
[rows 160 to 179 of 301, columns 0 to 44 of 1001]
0.0000 0 0 0 0 0 0 0 7.5674069797094682353e-23 8.4764843677476164885e-07 1.7854351997375488281 1.712796330451965332 1.7236400842666625977 1.7337696552276611328 1.6408860683441162109 1.6205263137817382812 1.5929931402206420898 1.6136494874954223633 1.5397362709045410156 1.5310369729995727539 1.5844434499740600586 1.5432794094085693359 1.8319720029830932617 1.8051874637603759766 1.8219848871231079102 1.7461208105087280273 1.7585546970367431641 1.6871824264526367188 1.6849290132522583008 1.592091679573059082 1.6320414543151855469 1.5888931751251220703 1.6183239221572875977 1.5666096210479736328 1.609068751335144043 1.5659335851669311523 1.8567203283309936523 1.7904466390609741211 1.7240129709243774414 1.7351682186126708984 1.6318136453628540039 1.618152618408203125 1.5658857822418212891 1.613000035285949707 1.5716571807861328125
0.0000 0 0 0 0 0 0 0 1.264203243158226447e-22 1.108064111576823052e-06 1.7248569726943969727 1.7358354330062866211 1.6606317758560180664 1.6240851879119873047 1.5595411062240600586 1.5752646923065185547 1.4682925939559936523 1.4566823244094848633 1.4982711076736450195 1.4489241838455200195 1.7878375053405761719 1.8126851320266723633 1.8323104381561279297 1.7577199935913085938 1.7710547447204589844 1.6998199224472045898 1.7058892250061035156 1.6054857969284057617 1.548685908317565918 1.5713789463043212891 1.4994907379150390625 1.5342574119567871094 1.4861645698547363281 1.8640006780624389648 1.7979831695556640625 1.7336546182632446289 1.7477718591690063477 1.6593277454376220703 1.6279147863388061523 1.5633748769760131836 1.5113151073455810547 1.5586987733840942383 1.5200897455215454102 1.4787985086441040039 1.8564550876617431641
0.0000 0 0 0 0 0 0 0 1.1021991073474392371e-22 9.88336978480219841e-07 1.6655192375183105469 1.6553544998168945312 1.5839819908142089844 1.4726206064224243164 1.4380499124526977539 1.3491109609603881836 1.3458530902862548828 1.3260333538055419922 1.5694266557693481445 1.820798039436340332 1.835618138313293457 1.7670962810516357422 1.6994469165802001953 1.7129459381103515625 1.6129270792007446289 1.5744534730911254883 1.4967889785766601562 1.4907990694046020508 1.4143114089965820312 1.3543770313262939453 1.4902985095977783203 1.8022826910018920898 1.8220142126083374023 1.7559741735458374023 1.6835683584213256836 1.6498609781265258789 1.5412598848342895508 1.4605734348297119141 1.4816979169845581055 1.4319056272506713867 1.3910746574401855469 1.7900872230529785156 1.8125832080841064453 1.7486310005187988281 1.6495649814605712891
0.0000 0 0 0 0 0 0 0 1.3993316089476752321e-30 8.675035445548928692e-08 1.5872577428817749023 1.332455754280090332 1.3063952922821044922 1.2481315135955810547 1.2738919258117675781 1.23467254638671875 1.3064546585083007812 1.8273245096206665039 1.8433142900466918945 1.7759670019149780273 1.7094691991806030273 1.7237138748168945312 1.5932841300964355469 1.4520459175109863281 1.3151389360427856445 1.2280054092407226562 1.268320918083190918 1.2393949031829833984 1.7075504064559936523 1.8223311901092529297 1.7592066526412963867 1.7777076959609985352 1.6812988519668579102 1.4570404291152954102 1.3244789838790893555 1.3128366470336914062 1.2652640342712402344 1.2577712535858154297 1.7005077600479125977 1.8262767791748046875 1.7621713876724243164 1.658339381217956543 1.4605510234832763672 1.3391753435134887695 1.346846461296081543
0.0000 0 0 0 0 0 0 0 5.5872780756580865964e-26 3.4039340790492644828e-10 0.63413053750991821289 0.63592427968978881836 0.67730122804641723633 0.64864456653594970703 0.69248080253601074219 0.74747526645660400391 0.92508333921432495117 0.91177922487258911133 0.86297172307968139648 0.90003311634063720703 0.94623595476150512695 0.93198424577713012695 0.85446470975875854492 0.82668530941009521484 0.97800099849700927734 0.84892314672470092773 0.87519997358322143555 0.91092956066131591797 0.90558785200119018555 0.87543559074401855469 0.93105268478393554688 0.88145172595977783203 0.84988945722579956055 0.82328152656555175781 1.0201792716979980469 1.015814661979675293 0.84725475311279296875 0.93517929315567016602 0.90895628929138183594 0.91178357601165771484 0.852245330810546875 0.91991937160491943359 0.87295973300933837891 0.96169108152389526367 0.93288207054138183594
0.0000 0 0 0 0 0 0 0 3.7207169635509370962e-34 2.1068717026921692241e-17 4.6049153752392157912e-05 0.029100079089403152466 0.28828826546669006348 0.27583032846450805664 0.40701565146446228027 0.35402727127075195312 0.37146434187889099121 0.43239009380340576172 0.45953035354614257812 0.50847893953323364258 0.54672348499298095703 0.5241972804069519043 0.50950616598129272461 0.57621151208877563477 0.53757238388061523438 0.52078294754028320312 0.58513569831848144531 0.57228857278823852539 0.8188877105712890625 0.59485954046249389648 0.71322864294052124023 0.75329893827438354492 0.80443251132965087891 0.59332883358001708984 0.65065211057662963867 0.57216101884841918945 0.67129337787628173828 0.61647200584411621094 0.6751613616943359375 0.65422165393829345703 0.59290641546249389648 0.68286603689193725586 0.58732390403747558594 0.608112335205078125 0.72362661361694335938
0.0000 0 0 0 0 0 0 0 0 1.055142711174979134e-39 1.2374516342172903194e-11 3.0949788197176530957e-05 0.00015334037016145884991 0.058155924081802368164 0.085374169051647186279 0.17449821531772613525 0.2083965986967086792 0.31777620315551757812 0.25875547528266906738 0.18723663687705993652 0.31201839447021484375 0.45322775840759277344 0.43008661270141601562 0.28836593031883239746 0.43688169121742248535 0.4622789919376373291 0.48499572277069091797 0.46194630861282348633 0.40808767080307006836 0.49734166264533996582 0.45541074872016906738 0.44737955927848815918 0.52768421173095703125 0.44525560736656188965 0.57314145565032958984 0.45656239986419677734 0.5686867833137512207 0.44575601816177368164 0.56248837709426879883 0.56877100467681884766 0.52907377481460571289 0.60460573434829711914 0.68099462985992431641 0.48039203882217407227 0.56256532669067382812
0.0000 0 0 0 0 0 0 0 0 0 1.5142059655765568831e-15 4.567777822650498365e-10 1.3052382200839929283e-05 1.2033590124360671325e-08 0.00012885220348834991455 0.0015843812143430113792 0.04604540020227432251 0.052036944776773452759 0.029662787914276123047 0.11139214783906936646 0.12189564108848571777 0.080677501857280731201 0.13399383425712585449 0.14082023501396179199 0.18319433927536010742 0.23585835099220275879 0.28919431567192077637 0.18969607353210449219 0.38573524355888366699 0.2582594454288482666 0.40496397018432617188 0.33256828784942626953 0.46075001358985900879 0.35967350006103515625 0.27603051066398620605 0.33538556098937988281 0.37747877836227416992 0.41753524541854858398 0.38431990146636962891 0.47985982894897460938 0.33053740859031677246 0.21524100005626678467 0.43637642264366149902 0.46084421873092651367 0.45375475287437438965
0.0000 0 0 0 0 0 0 0 0 0 0 1.4025168830131273801e-12 5.3020077217524885782e-08 1.8875784007832407951e-05 1.1530586618846427882e-07 9.5804534794297069311e-05 3.0906347092241048813e-05 3.7776451790705323219e-05 0.010009966790676116943 0.0104350261390209198 0.066913247108459472656 0.025175115093588829041 0.04818507656455039978 0.022001910954713821411 0.063681267201900482178 0.038595974445343017578 0.05999450385570526123 0.08893604576587677002 0.093779943883419036865 0.17282231152057647705 0.10506970435380935669 0.10683023184537887573 0.13878786563873291016 0.12298595905303955078 0.20301581919193267822 0.13572198152542114258 0.22248345613479614258 0.14725677669048309326 0.21923685073852539062 0.25240203738212585449 0.12309178709983825684 0.28938969969749450684 0.17335376143455505371 0.20910432934761047363 0.23249115049839019775
0.0000 0 0 0 0 0 0 0 0 0 0 2.8025969286496341418e-45 1.4147603921710327768e-10 6.5200396193176857196e-08 5.1932212954852730036e-05 2.1293958525347989053e-06 5.0732460294966585934e-06 0.00010079910134663805366 6.3434679759666323662e-05 2.5267248929594643414e-05 0.00012417521793395280838 0.0013092827284708619118 0.0043544289655983448029 0.0038177035748958587646 0.002476183231920003891 0.031162057071924209595 0.032419960945844650269 0.0076684439554810523987 0.050527084618806838989 0.031529478728771209717 0.028750600293278694153 0.05452866479754447937 0.032712485641241073608 0.041031055152416229248 0.082752451300621032715 0.080693773925304412842 0.046867202967405319214 0.060801435261964797974 0.05772252008318901062 0.095173664391040802002 0.084558688104152679443 0.07158199697732925415 0.10525979101657867432 0.10747122019529342651 0.1382471621036529541
0.0000 0 0 0 0 0 0 0 0 0 0 0 8.5355865667727549021e-32 4.865188520065608091e-14 3.2478550959780250196e-09 1.6602622054051607847e-05 3.089735764660872519e-05 1.5822622572159161791e-06 3.4676618270168546587e-06 5.0159444072050973773e-05 0.00013430678518489003181 2.9585013180621899664e-05 1.6027473975555039942e-05 3.1386964110424742103e-05 0.00014350911078508943319 0.0005588817293755710125 0.0010371982352808117867 0.012032689526677131653 0.014636151492595672607 0.003451863536611199379 0.020642843097448348999 0.02446902543306350708 0.014205226674675941467 0.026118708774447441101 0.030024718493223190308 0.020844249054789543152 0.029639119282364845276 0.025204401463270187378 0.059096615761518478394 0.035189360380172729492 0.047205444425344467163 0.033755093812942504883 0.047168716788291931152 0.039421055465936660767 0.058244448155164718628
0.0000 0 0 0 0 0 0 0 0 0 0 0 0 2.4574571168864316973e-41 1.8744224150415490564e-30 4.6546005938452594819e-10 7.8862467489670962095e-06 1.8260048818774521351e-05 5.7092193195273921447e-09 2.8621587738753007102e-11 1.847927322273790196e-08 3.2392170396633446217e-05 4.7461624490097165108e-05 0.00010891113925026729703 9.8102784249931573868e-05 0.00011802258813986554742 0.0001036809553625062108 0.00011192609235877171159 0.00019780802540481090546 0.00047005113447085022926 0.00059230573242530226707 0.0023365900851786136627 0.0036379089578986167908 0.007524111773818731308 0.0088422279804944992065 0.013778369873762130737 0.013852405361831188202 0.013298065401613712311 0.017476055771112442017 0.012223296798765659332 0.027437428012490272522 0.01530718337744474411 0.018894923850893974304 0.032403305172920227051 0.018137840554118156433
0.0000 0 0 0 0 0 0 0 0 0 0 0 0 0 2.6512156644835184675e-37 2.5115890626638614232e-26 1.8119389663612846112e-17 2.1914331910542625187e-23 1.1713377184239178042e-36 2.73920053236718376e-34 2.2885466227663098759e-25 8.2208883797618703682e-12 1.140397571930407139e-07 2.1265023519845271949e-08 1.501792439739801921e-06 2.4626805839034204837e-07 3.2271866956534722704e-08 1.3745769820161513053e-06 1.3896650443712132983e-06 2.5383893444086425006e-05 7.6287236879579722881e-05 0.00018541874305810779333 0.00022241368424147367477 0.00010927031689789146185 0.00024181703338399529457 0.00050173758063465356827 0.0011442700633779168129 0.00081279064761474728584 0.0026440124493092298508 0.0041955662891268730164 0.0063838595524430274963 0.0021643794607371091843 0.0057141729630529880524 0.0091143567115068435669 0.0080909263342618942261
0.0000 0 0 0 0 0 0 0 0 0 0 0 0 0 0 2.8025969286496341418e-45 8.649738978799225341e-40 1.5939069382462631773e-40 1.8861477329812037775e-42 0 5.960983537391339338e-41 3.1240656480210549093e-34 8.1256139911664112982e-28 8.8444999934400355202e-30 2.1251154245340014659e-35 1.7592447427534840187e-39 1.9900271122697774147e-30 1.8186560968652791293e-20 5.7412240109591672343e-13 2.5643693765675656948e-11 3.7765999216787804471e-09 1.8378134427621262148e-06 8.1327370935468934476e-06 3.3438249374739825726e-05 6.0010010201949626207e-05 0.00011471537436591461301 0.00017598587146494537592 0.00013480405323207378387 0.00010488133557373657823 0.00015668249398004263639 0.00032188853947445750237 0.00033568794606253504753 0.00067525322083383798599 0.0010717271361500024796 0.0017205978510901331902
0.0000 0 0 0 0 0 0 0 0 0 0 0 0 0 0 0 0 0 0 0 0 0 0 0 0 0 0 0 0 4.7644147787043780411e-44 5.7223858491692170602e-39 2.1470084056684188502e-27 3.5418903235030902768e-27 3.9740495508082396281e-14 6.6928207420602348066e-10 3.7729385837792506209e-08 3.5112432072992305621e-08 5.0272541329832165502e-07 3.1266138194041559473e-06 9.440295798412989825e-06 5.2554463763954117894e-05 4.4153326598461717367e-05 7.0585221692454069853e-05 2.1145175196579657495e-05 8.1980404502246528864e-05
0.0000 0 0 0 0 0 0 0 0 0 0 0 0 0 0 0 0 0 0 0 0 0 0 0 0 0 0 0 0 0 0 0 0 0 0 0 0 0 0 0 0 0 0 0 0
0.0000 0 0 0 0 0 0 0 0 0 0 0 0 0 0 0 0 0 0 0 0 0 0 0 0 0 0 0 0 0 0 0 0 0 0 0 0 0 0 0 0 0 0 0 0
0.0000 0 0 0 0 0 0 0 0 0 0 0 0 0 0 0 0 0 0 0 0 0 0 0 0 0 0 0 0 0 0 0 0 0 0 0 0 0 0 0 0 0 0 0 0
0.0000 0 0 0 0 0 0 0 0 0 0 0 0 0 0 0 0 0 0 0 0 0 0 0 0 0 0 0 0 0 0 0 0 0 0 0 0 0 0 0 0 0 0 0 0
0.0000 0 0 0 0 0 0 0 0 0 0 0 0 0 0 0 0 0 0 0 0 0 0 0 0 0 0 0 0 0 0 0 0 0 0 0 0 0 0 0 0 0 0 0 0
