data/CoulombOnly/Outputs_CoulombOnly/release1HS_03CoulombOnly_null_RAMMSUSER_pft.asc
ncols        998
nrows        298
xllcorner    1007.500000004988
yllcorner    -4992.499999998512
cellsize     5.000000000000
[rows 126 to 146 of 298, columns 432 to 479 of 998]
nan nan nan nan nan nan nan nan nan nan nan nan nan nan nan nan nan nan nan nan nan nan nan nan nan nan nan nan nan nan nan nan nan nan nan nan nan nan nan nan nan nan nan nan nan nan nan nan
nan nan nan nan nan nan nan nan nan nan nan nan nan nan nan nan nan nan nan nan nan nan nan nan nan nan nan nan nan nan nan nan nan nan nan nan nan nan nan nan nan nan nan nan nan nan nan nan
nan nan nan nan nan nan nan nan nan nan nan nan nan nan nan nan nan nan nan nan nan nan nan nan nan nan nan nan nan nan nan nan nan nan nan nan nan nan nan nan nan nan nan nan nan nan nan nan
nan nan nan nan nan nan nan nan nan nan nan nan nan nan nan nan nan nan nan nan nan nan nan nan nan nan nan nan nan nan nan nan nan nan nan nan nan nan nan nan nan nan nan nan nan nan nan nan
nan nan nan nan nan nan nan nan nan nan nan nan nan nan nan nan nan nan nan nan nan nan nan nan nan nan nan nan nan nan nan nan nan nan nan nan nan nan nan nan nan nan nan nan nan nan nan nan
nan nan nan nan nan nan nan nan nan nan nan nan nan nan nan nan nan nan nan nan nan nan nan nan nan nan nan nan nan nan nan nan nan nan nan nan nan nan nan nan nan nan nan nan nan nan nan nan
nan nan nan nan nan nan nan nan nan nan nan nan nan nan nan nan nan nan nan nan nan nan nan nan nan nan nan nan nan nan nan nan nan nan nan nan nan nan nan nan nan nan nan nan nan nan nan nan
nan nan nan nan nan nan nan nan nan nan nan nan nan nan nan nan nan nan nan nan nan nan nan nan nan nan nan nan nan nan nan nan nan nan nan nan nan nan nan nan nan nan nan nan nan nan nan nan
nan nan nan nan nan nan nan nan nan nan nan nan nan nan nan nan nan nan nan nan nan nan nan nan nan nan nan nan nan nan nan nan nan nan nan nan nan 5.0669736992858815938e-06 9.2698181106243282557e-05 0.00021688238484784960747 0.0004712069930974394083 0.00061961601022630929947 0.00078256399137899279594 0.00097394763724878430367 0.0011990173952654004097 0.001460005645640194416 0.0017624422907829284668 0.0021165322978049516678
nan nan nan nan nan nan nan nan nan nan nan nan nan nan nan nan nan nan nan nan nan nan nan nan nan 0.00030431826598942279816 0.00044389604590833187103 0.00056248490000143647194 0.00070111948298290371895 0.00086541427299380302429 0.001057053334079682827 0.0012791813351213932037 0.0015394354704767465591 0.0018524967599660158157 0.002211699262261390686 0.0025759711861610412598 0.0029659916181117296219 0.0034134234301745891571 0.0039452374912798404694 0.004584006965160369873 0.005331114400178194046 0.0061167497187852859497 0.0069517549127340316772 0.007842821069061756134 0.0087915305048227310181 0.009797508828341960907 0.01086117234081029892 0.011982134543359279633
nan nan nan nan nan nan 7.3593808338046073914e-05 0.00015363350394181907177 0.00019876717124134302139 0.00024786175345070660114 0.00030718353809788823128 0.00037850692751817405224 0.00046261199167929589748 0.00056040624622255563736 0.00067307252902537584305 0.00080275832442566752434 0.00095189327839761972427 0.0011233774712309241295 0.0013238174142315983772 0.0015583622734993696213 0.0018271369626745581627 0.0021293673198670148849 0.0024654732551425695419 0.0028392139356583356857 0.0032616744283586740494 0.0037823931779712438583 0.0043446067720651626587 0.0049463445320725440979 0.0055990391410887241364 0.0064139543101191520691 0.0073293168097734451294 0.0083314031362533569336 0.0094346087425947189331 0.010654052719473838806 0.012000581249594688416 0.01346804201602935791 0.015039247460663318634 0.016727840527892112732 0.018550654873251914978 0.020524058490991592407 0.0226709023118019104 0.025015139952301979065 0.027570931240916252136 0.030343284830451011658 0.033325787633657455444 0.036517389118671417236 0.039926212280988693237 0.043575070798397064209
0.0014552752254530787468 0.0016974050085991621017 0.0019885131623595952988 0.0023343227803707122803 0.0027303562965244054794 0.0031755727250128984451 0.0036729690618813037872 0.004225938115268945694 0.0048393770121037960052 0.0055174264125525951385 0.0062635871581733226776 0.0070818150416016578674 0.0079745715484023094177 0.0089455591514706611633 0.010000428184866905212 0.011143779382109642029 0.012380499392747879028 0.013714743778109550476 0.015152628533542156219 0.016701400279998779297 0.018371170386672019958 0.020174905657768249512 0.022130547091364860535 0.024247720837593078613 0.026535600423812866211 0.028995359316468238831 0.031626034528017044067 0.034425068646669387817 0.037392545491456985474 0.040533255785703659058 0.043861526995897293091 0.047397147864103317261 0.051182243973016738892 0.055249877274036407471 0.059600818902254104614 0.064224630594253540039 0.069116540253162384033 0.074282348155975341797 0.079721108078956604004 0.085417509078979492188 0.091345898807048797607 0.097514845430850982666 0.10394354164600372314 0.11064932495355606079 0.11770862340927124023 0.1251325458288192749 0.1329173743724822998 0.14105698466300964355
0.024502860382199287415 0.026766981929540634155 0.029167201370000839233 0.031721245497465133667 0.034440331161022186279 0.037314057350158691406 0.040335118770599365234 0.043510634452104568481 0.046850617974996566772 0.050316650420427322388 0.053884394466876983643 0.057559147477149963379 0.061348609626293182373 0.065303340554237365723 0.069427788257598876953 0.073737755417823791504 0.078271634876728057861 0.083039686083793640137 0.088079653680324554443 0.093406282365322113037 0.099014319479465484619 0.10484193265438079834 0.1108454093337059021 0.11703599244356155396 0.12344427406787872314 0.13005423545837402344 0.13697011768817901611 0.14424398541450500488 0.15184111893177032471 0.15974012017250061035 0.16795848309993743896 0.17645701766014099121 0.18520162999629974365 0.19417233765125274658 0.20339936017990112305 0.2129834294319152832 0.22284875810146331787 0.23294541239738464355 0.24324037134647369385 0.2537803351879119873 0.26462388038635253906 0.27578172087669372559 0.28726994991302490234 0.2990926206111907959 0.31128472089767456055 0.32373329997062683105 0.33642083406448364258 0.34924030303955078125
0.13562780618667602539 0.14333006739616394043 0.15115870535373687744 0.15913122892379760742 0.16724634170532226562 0.1755244135856628418 0.18394146859645843506 0.19233444333076477051 0.2008241117000579834 0.20967347919940948486 0.21885176002979278564 0.22827744483947753906 0.23790402710437774658 0.24763248860836029053 0.2575079798698425293 0.26742419600486755371 0.27744299173355102539 0.28751474618911743164 0.29763010144233703613 0.30789041519165039062 0.31821489334106445312 0.32869869470596313477 0.33923873305320739746 0.34985464811325073242 0.36058756709098815918 0.37140926718711853027 0.38231948018074035645 0.39331680536270141602 0.40441390872001647949 0.41558960080146789551 0.42685660719871520996 0.43830332159996032715 0.44996377825736999512 0.46188724040985107422 0.47397598624229431152 0.48611220717430114746 0.49815440177917480469 0.51015251874923706055 0.52203202247619628906 0.53377485275268554688 0.54539930820465087891 0.55690056085586547852 0.56824827194213867188 0.57941794395446777344 0.59043323993682861328 0.60130167007446289062 0.61200159788131713867 0.62255549430847167969
0.40759006142616271973 0.42085096240043640137 0.43407306075096130371 0.44710060954093933105 0.45997700095176696777 0.47267875075340270996 0.48512569069862365723 0.49731588363647460938 0.50924420356750488281 0.52075099945068359375 0.53201711177825927734 0.5429579615592956543 0.55367016792297363281 0.56421267986297607422 0.57463538646697998047 0.58498746156692504883 0.59529650211334228516 0.60561829805374145508 0.61589080095291137695 0.62615495920181274414 0.63637131452560424805 0.64651608467102050781 0.65656423568725585938 0.66653966903686523438 0.67636311054229736328 0.68605327606201171875 0.69562137126922607422 0.7050583958625793457 0.71437495946884155273 0.72359603643417358398 0.73273146152496337891 0.74177718162536621094 0.75076782703399658203 0.75972133874893188477 0.76862192153930664062 0.77754426002502441406 0.78638768196105957031 0.79513210058212280273 0.80377656221389770508 0.81235009431838989258 0.82086807489395141602 0.82933485507965087891 0.83776593208312988281 0.84614366292953491211 0.8545519709587097168 0.86295652389526367188 0.87130534648895263672 0.8796570897102355957
0.78331732749938964844 0.79254889488220214844 0.80137801170349121094 0.80990773439407348633 0.81809419393539428711 0.82599902153015136719 0.83367288112640380859 0.84114181995391845703 0.84843719005584716797 0.85558623075485229492 0.86259943246841430664 0.86949127912521362305 0.87628406286239624023 0.88298147916793823242 0.88959318399429321289 0.89613568782806396484 0.90262305736541748047 0.90905725955963134766 0.91544818878173828125 0.92181187868118286133 0.92815303802490234375 0.93452203273773193359 0.9409955143928527832 0.94754701852798461914 0.95418405532836914062 0.96091061830520629883 0.96772950887680053711 0.97464883327484130859 0.98167967796325683594 0.98881691694259643555 0.99605262279510498047 1.0034344196319580078 1.0109452009201049805 1.018550872802734375 1.0262537002563476562 1.0341352224349975586 1.0420335531234741211 1.0499920845031738281 1.0579524040222167969 1.0659071207046508789 1.0738142728805541992 1.0817943811416625977 1.0897349119186401367 1.0976415872573852539 1.105560302734375 1.1134884357452392578 1.1213365793228149414 1.129230499267578125
1.1016303300857543945 1.105536341667175293 1.1094802618026733398 1.1133978366851806641 1.1173067092895507812 1.1212686300277709961 1.1252691745758056641 1.1292948722839355469 1.1333520412445068359 1.1374635696411132812 1.1416505575180053711 1.1458863019943237305 1.1501753330230712891 1.1545243263244628906 1.1589500904083251953 1.1634758710861206055 1.1680736541748046875 1.1727464199066162109 1.1774973869323730469 1.1823307275772094727 1.1872668266296386719 1.1923180818557739258 1.1974539756774902344 1.2026731967926025391 1.2079771757125854492 1.2133691310882568359 1.2188510894775390625 1.2244391441345214844 1.2301535606384277344 1.2359716892242431641 1.2418993711471557617 1.2479447126388549805 1.2541166543960571289 1.2603943347930908203 1.2667886018753051758 1.2734310626983642578 1.2801092863082885742 1.2867944240570068359 1.2934882640838623047 1.3001666069030761719 1.3068759441375732422 1.3136175870895385742 1.3203320503234863281 1.3270310163497924805 1.3337712287902832031 1.3405246734619140625 1.3472683429718017578 1.3539849519729614258
1.3836305141448974609 1.3853386640548706055 1.3870795965194702148 1.3888652324676513672 1.3907386064529418945 1.3926792144775390625 1.3946714401245117188 1.3967193365097045898 1.3988739252090454102 1.4011021852493286133 1.4033956527709960938 1.405758976936340332 1.4082174301147460938 1.4107801914215087891 1.4134209156036376953 1.4161419868469238281 1.4189466238021850586 1.4218606948852539062 1.4248929023742675781 1.4280202388763427734 1.4312465190887451172 1.434575200080871582 1.4380098581314086914 1.4415812492370605469 1.4452824592590332031 1.4491012096405029297 1.4530415534973144531 1.4571076631546020508 1.4613043069839477539 1.4656352996826171875 1.4701454639434814453 1.4748008251190185547 1.4796071052551269531 1.4845474958419799805 1.4896478652954101562 1.4949971437454223633 1.5003833770751953125 1.5058175325393676758 1.5112698078155517578 1.5167334079742431641 1.5221971273422241211 1.5276666879653930664 1.5332100391387939453 1.5387653112411499023 1.5443241596221923828 1.5498865842819213867 1.5555384159088134766 1.5612213611602783203
1.6369917392730712891 1.6360086202621459961 1.6351493597030639648 1.6344469785690307617 1.6338644027709960938 1.6334464550018310547 1.6331751346588134766 1.6330438852310180664 1.6330820322036743164 1.6332682371139526367 1.6335967779159545898 1.6340776681900024414 1.6347025632858276367 1.6354455947875976562 1.6363457441329956055 1.6373951435089111328 1.6385686397552490234 1.6398683786392211914 1.6413339376449584961 1.642947077751159668 1.6446923017501831055 1.6465733051300048828 1.6485931873321533203 1.6507854461669921875 1.65313720703125 1.655635833740234375 1.6582851409912109375 1.6610878705978393555 1.664048314094543457 1.6671842336654663086 1.6705089807510375977 1.6740041971206665039 1.6776711940765380859 1.6814966201782226562 1.6855224370956420898 1.6898163557052612305 1.6941393613815307617 1.6985177993774414062 1.7029035091400146484 1.7073025703430175781 1.7117115259170532227 1.7161617279052734375 1.7206701040267944336 1.72519683837890625 1.7297506332397460938 1.7343293428421020508 1.7389836311340332031 1.7436881065368652344
1.8440213203430175781 1.8410636186599731445 1.8383004665374755859 1.8358044624328613281 1.8334594964981079102 1.8313324451446533203 1.8294281959533691406 1.8276815414428710938 1.8261411190032958984 1.8248132467269897461 1.823642730712890625 1.8226639032363891602 1.8218933343887329102 1.8212809562683105469 1.8209029436111450195 1.8207027912139892578 1.8207167387008666992 1.8209515810012817383 1.8213573694229125977 1.82196044921875 1.8227527141571044922 1.8237080574035644531 1.8248285055160522461 1.8261507749557495117 1.8276600837707519531 1.8293377161026000977 1.831188201904296875 1.8332077264785766602 1.8354172706604003906 1.8378385305404663086 1.8404442071914672852 1.8432379961013793945 1.8462251424789428711 1.8493937253952026367 1.8527914285659790039 1.8564739227294921875 1.8602067232131958008 1.8639402389526367188 1.8676767349243164062 1.8714205026626586914 1.8752309083938598633 1.8790805339813232422 1.8829478025436401367 1.8868358135223388672 1.8907476663589477539 1.8947542905807495117 1.8987982273101806641 1.9028725624084472656
2.0037579536437988281 1.9994795322418212891 1.995502471923828125 1.9917387962341308594 1.9882439374923706055 1.9850324392318725586 1.9820233583450317383 1.9792160987854003906 1.9767253398895263672 1.9744279384613037109 1.9723227024078369141 1.9704308509826660156 1.9688011407852172852 1.9673556089401245117 1.9660947322845458984 1.9650645256042480469 1.9642522335052490234 1.9636195898056030273 1.9632476568222045898 1.9630763530731201172 1.9631435871124267578 1.9634417295455932617 1.9639415740966796875 1.9646230936050415039 1.9655479192733764648 1.9666527509689331055 1.9679372310638427734 1.969403386116027832 1.9711011648178100586 1.9729889631271362305 1.975063323974609375 1.9773283004760742188 1.9797878265380859375 1.9824683666229248047 1.9854063987731933594 1.9885977506637573242 1.9917784929275512695 1.9949432611465454102 1.998180389404296875 2.001407623291015625 2.0046267509460449219 2.0078501701354980469 2.0111610889434814453 2.0144991874694824219 2.0178580284118652344 2.0212359428405761719 2.0246627330780029297 2.0281670093536376953
