data/CoulombOnly/Outputs_CoulombOnly/release1HS_03CoulombOnly_null_RAMMSUSER_pfv.asc
ncols        998
nrows        298
xllcorner    1007.500000004988
yllcorner    -4992.499999998512
cellsize     5.000000000000
[rows 154 to 175 of 298, columns 392 to 440 of 998]
85.37464141845703125 85.48470306396484375 85.59401702880859375 85.70232391357421875 85.80963134765625 85.91644287109375 86.02201080322265625 86.127197265625 86.23104095458984375 86.33451080322265625 86.43682861328125 86.53857421875 86.6395263671875 86.7396240234375 86.83899688720703125 86.9376373291015625 87.03536224365234375 87.132568359375 87.22885894775390625 87.32448577880859375 87.41941070556640625 87.51335906982421875 87.60678863525390625 87.69928741455078125 87.79120635986328125 87.88232421875 87.9724273681640625 88.06295013427734375 88.1521759033203125 88.2345428466796875 88.32454681396484375 88.41172027587890625 88.484832763671875 88.54195404052734375 88.584625244140625 88.6118011474609375 88.62587738037109375 88.62823486328125 88.623138427734375 88.610504150390625 88.5895233154296875 88.5598907470703125 88.52159881591796875 88.47446441650390625 88.41860198974609375 88.35434722900390625 88.28139495849609375 88.20013427734375 88.11074066162109375
82.83978271484375 82.98274993896484375 83.12363433837890625 83.26337432861328125 83.40143585205078125 83.537872314453125 83.672760009765625 83.80661773681640625 83.93851470947265625 84.06927490234375 84.198486328125 84.3266754150390625 84.4531402587890625 84.5787353515625 84.702911376953125 84.82562255859375 84.9474639892578125 85.0680084228515625 85.18719482421875 85.305511474609375 85.42246246337890625 85.53829193115234375 85.65314483642578125 85.76662445068359375 85.8791656494140625 85.9906158447265625 86.100494384765625 86.21083831787109375 86.32088470458984375 86.42046356201171875 86.52667999267578125 86.6312408447265625 86.7233123779296875 86.7999725341796875 86.86004638671875 86.9044342041015625 86.934295654296875 86.94977569580078125 86.9534454345703125 86.94928741455078125 86.9375457763671875 86.9173583984375 86.8885498046875 86.85080718994140625 86.80411529541015625 86.74847412109375 86.68436431884765625 86.61138916015625 86.5297393798828125
78.39263916015625 78.6104888916015625 78.82476043701171875 79.03607177734375 79.2443084716796875 79.44890594482421875 79.65065765380859375 79.8496246337890625 80.0453643798828125 80.2382049560546875 80.42815399169921875 80.615966796875 80.80036163330078125 80.98236083984375 81.1620025634765625 81.3388519287109375 81.51313018798828125 81.68494415283203125 81.8543853759765625 82.02085113525390625 82.18570709228515625 82.3478546142578125 82.5078125 82.66580963134765625 82.821319580078125 82.97503662109375 83.12592315673828125 83.27552032470703125 83.42916107177734375 83.56781768798828125 83.70717620849609375 83.83928680419921875 83.96591949462890625 84.07907867431640625 84.1757965087890625 84.25482177734375 84.31667327880859375 84.3632049560546875 84.3940582275390625 84.41042327880859375 84.41469573974609375 84.41074371337890625 84.39919281005859375 84.379180908203125 84.35013580322265625 84.31171417236328125 84.26419830322265625 84.207977294921875 84.14261627197265625
70.15311431884765625 70.54915618896484375 70.936737060546875 71.31656646728515625 71.68834686279296875 72.0523681640625 72.40850830078125 72.7572784423828125 73.09806060791015625 73.43343353271484375 73.7624969482421875 74.08565521240234375 74.4021453857421875 74.71292877197265625 75.01755523681640625 75.31665802001953125 75.60971832275390625 75.896514892578125 76.178131103515625 76.45333099365234375 76.72309112548828125 76.98732757568359375 77.24655914306640625 77.5005035400390625 77.74985504150390625 77.99560546875 78.2361297607421875 78.46749114990234375 78.70885467529296875 78.93767547607421875 79.1636962890625 79.3677825927734375 79.5501708984375 79.72013092041015625 79.884246826171875 80.0343475341796875 80.1660614013671875 80.27887725830078125 80.37293243408203125 80.44867706298828125 80.50701141357421875 80.548980712890625 80.575531005859375 80.58800506591796875 80.58917236328125 80.582977294921875 80.56845855712890625 80.54471588134765625 80.5115966796875
54.8467254638671875 55.64239501953125 56.411403656005859375 57.15358734130859375 57.868022918701171875 58.562290191650390625 59.234806060791015625 59.8910369873046875 60.523895263671875 61.150127410888671875 61.76744842529296875 62.373592376708984375 62.968776702880859375 63.550899505615234375 64.11885833740234375 64.67364501953125 65.214874267578125 65.74265289306640625 66.25728607177734375 66.7594451904296875 67.24842071533203125 67.72501373291015625 68.188995361328125 68.6411285400390625 69.08261871337890625 69.51442718505859375 69.94062042236328125 70.34098052978515625 70.74631500244140625 71.14061737060546875 71.53546142578125 71.9027252197265625 72.23681640625 72.54007720947265625 72.81589508056640625 73.07064056396484375 73.31346893310546875 73.545928955078125 73.76108551025390625 73.95639801025390625 74.13059234619140625 74.2839508056640625 74.4168701171875 74.53005218505859375 74.6243743896484375 74.70098114013671875 74.76042938232421875 74.80361175537109375 74.8325042724609375
nan nan nan nan nan nan nan nan nan nan nan nan nan nan nan nan nan 48.8277740478515625 49.75745391845703125 50.665348052978515625 51.54973602294921875 52.41103363037109375 53.249755859375 54.06691741943359375 54.856449127197265625 55.61894989013671875 56.370819091796875 57.07794189453125 57.78096771240234375 58.45905303955078125 59.134326934814453125 59.770000457763671875 60.363384246826171875 60.91400146484375 61.42467498779296875 61.898830413818359375 62.34024810791015625 62.7550811767578125 63.1472625732421875 63.517223358154296875 63.864063262939453125 64.18695831298828125 64.48520660400390625 64.75788116455078125 65.00858306884765625 65.23766326904296875 65.4461669921875 65.63442230224609375 65.8037109375
nan nan nan nan nan nan nan nan nan nan nan nan nan nan nan nan nan nan nan nan nan nan nan nan nan nan nan nan nan nan nan nan nan nan nan nan nan nan 46.692386627197265625 47.33014678955078125 47.925933837890625 48.49261474609375 49.032825469970703125 49.54729461669921875 50.039180755615234375 50.5019683837890625 50.937221527099609375 51.345733642578125 51.732105255126953125
nan nan nan nan nan nan nan nan nan nan nan nan nan nan nan nan nan nan nan nan nan nan nan nan nan nan nan nan nan nan nan nan nan nan nan nan nan nan nan nan nan nan nan nan nan nan nan nan nan
nan nan nan nan nan nan nan nan nan nan nan nan nan nan nan nan nan nan nan nan nan nan nan nan nan nan nan nan nan nan nan nan nan nan nan nan nan nan nan nan nan nan nan nan nan nan nan nan nan
nan nan nan nan nan nan nan nan nan nan nan nan nan nan nan nan nan nan nan nan nan nan nan nan nan nan nan nan nan nan nan nan nan nan nan nan nan nan nan nan nan nan nan nan nan nan nan nan nan
nan nan nan nan nan nan nan nan nan nan nan nan nan nan nan nan nan nan nan nan nan nan nan nan nan nan nan nan nan nan nan nan nan nan nan nan nan nan nan nan nan nan nan nan nan nan nan nan nan
nan nan nan nan nan nan nan nan nan nan nan nan nan nan nan nan nan nan nan nan nan nan nan nan nan nan nan nan nan nan nan nan nan nan nan nan nan nan nan nan nan nan nan nan nan nan nan nan nan
nan nan nan nan nan nan nan nan nan nan nan nan nan nan nan nan nan nan nan nan nan nan nan nan nan nan nan nan nan nan nan nan nan nan nan nan nan nan nan nan nan nan nan nan nan nan nan nan nan
nan nan nan nan nan nan nan nan nan nan nan nan nan nan nan nan nan nan nan nan nan nan nan nan nan nan nan nan nan nan nan nan nan nan nan nan nan nan nan nan nan nan nan nan nan nan nan nan nan
nan nan nan nan nan nan nan nan nan nan nan nan nan nan nan nan nan nan nan nan nan nan nan nan nan nan nan nan nan nan nan nan nan nan nan nan nan nan nan nan nan nan nan nan nan nan nan nan nan
nan nan nan nan nan nan nan nan nan nan nan nan nan nan nan nan nan nan nan nan nan nan nan nan nan nan nan nan nan nan nan nan nan nan nan nan nan nan nan nan nan nan nan nan nan nan nan nan nan
nan nan nan nan nan nan nan nan nan nan nan nan nan nan nan nan nan nan nan nan nan nan nan nan nan nan nan nan nan nan nan nan nan nan nan nan nan nan nan nan nan nan nan nan nan nan nan nan nan
nan nan nan nan nan nan nan nan nan nan nan nan nan nan nan nan nan nan nan nan nan nan nan nan nan nan nan nan nan nan nan nan nan nan nan nan nan nan nan nan nan nan nan nan nan nan nan nan nan
nan nan nan nan nan nan nan nan nan nan nan nan nan nan nan nan nan nan nan nan nan nan nan nan nan nan nan nan nan nan nan nan nan nan nan nan nan nan nan nan nan nan nan nan nan nan nan nan nan
nan nan nan nan nan nan nan nan nan nan nan nan nan nan nan nan nan nan nan nan nan nan nan nan nan nan nan nan nan nan nan nan nan nan nan nan nan nan nan nan nan nan nan nan nan nan nan nan nan
nan nan nan nan nan nan nan nan nan nan nan nan nan nan nan nan nan nan nan nan nan nan nan nan nan nan nan nan nan nan nan nan nan nan nan nan nan nan nan nan nan nan nan nan nan nan nan nan nan
nan nan nan nan nan nan nan nan nan nan nan nan nan nan nan nan nan nan nan nan nan nan nan nan nan nan nan nan nan nan nan nan nan nan nan nan nan nan nan nan nan nan nan nan nan nan nan nan nan
