data/CoulombOnly/Outputs_CoulombOnly/release1HS_03CoulombOnly_null_INRAEaval_pfv.asc
ncols  1001
nrows  301
xllcenter  1000.00
yllcenter -5000.00
cellsize  5.00
nodata_value -9999.00
[rows 140 to 167 of 301, columns 504 to 566 of 1001]
92.74964 92.52584 92.30158 92.07684 91.85163 91.62594 91.39977 91.17312 90.94598 90.71834 90.49021 90.26158 90.03245 89.80281 89.57267 89.34201 89.11083 88.87913 88.64690 88.41414 88.18085 87.94702 87.71265 87.47773 87.24225 87.00622 86.76963 86.53247 86.29474 86.05643 85.81754 85.57806 85.33799 85.09732 84.85604 84.61415 84.37165 84.12852 83.88476 83.64037 83.39533 83.14964 82.90330 82.65630 82.40862 82.16027 81.91123 81.66150 81.41108 81.15994 80.90809 80.65551 80.40221 80.14816 79.89336 79.63781 79.38150 79.12441 78.86653 78.60786 78.34840 78.08812 77.82701
93.31214 93.08569 92.85882 92.63154 92.40384 92.17572 91.94718 91.71819 91.48878 91.25891 91.02861 90.79784 90.56662 90.33494 90.10278 89.87015 89.63705 89.40346 89.16937 88.93480 88.69972 88.46414 88.22804 87.99143 87.75429 87.51662 87.27842 87.03968 86.80039 86.56055 86.32015 86.07918 85.83764 85.59552 85.35281 85.10951 84.86562 84.62111 84.37600 84.13026 83.88390 83.63690 83.38926 83.14097 82.89202 82.64241 82.39212 82.14115 81.88950 81.63714 81.38408 81.13031 80.87581 80.62058 80.36461 80.10789 79.85042 79.59217 79.33315 79.07334 78.81273 78.55132 78.28909
93.87481 93.64626 93.41735 93.18806 92.95840 92.72836 92.49793 92.26710 92.03587 91.80424 91.57219 91.33972 91.10682 90.87349 90.63972 90.40551 90.17085 89.93573 89.70014 89.46409 89.22756 88.99055 88.75304 88.51505 88.27655 88.03754 87.79801 87.55796 87.31739 87.07627 86.83462 86.59241 86.34965 86.10632 85.86242 85.61795 85.37288 85.12722 84.88096 84.63410 84.38661 84.13850 83.88976 83.64038 83.39035 83.13966 82.88831 82.63628 82.38357 82.13017 81.87607 81.62127 81.36574 81.10949 80.85251 80.59478 80.33629 80.07704 79.81702 79.55622 79.29462 79.03222 78.76900
94.44340 94.21329 93.98285 93.75208 93.52095 93.28948 93.05764 92.82543 92.59285 92.35989 92.12654 91.89279 91.65864 91.42408 91.18910 90.95370 90.71786 90.48159 90.24487 90.00770 89.77006 89.53196 89.29339 89.05434 88.81479 88.57475 88.33421 88.09316 87.85159 87.60949 87.36686 87.12369 86.87997 86.63570 86.39086 86.14545 85.89946 85.65289 85.40572 85.15795 84.90956 84.66056 84.41093 84.16066 83.90975 83.65818 83.40595 83.15306 82.89948 82.64522 82.39025 82.13459 81.87820 81.62110 81.36326 81.10467 80.84534 80.58524 80.32436 80.06271 79.80026 79.53701 79.27295
95.03924 94.80802 94.57648 94.34462 94.11243 93.87989 93.64702 93.41378 93.18019 92.94622 92.71188 92.47714 92.24202 92.00650 91.77056 91.53421 91.29744 91.06024 90.82260 90.58451 90.34597 90.10697 89.86750 89.62755 89.38713 89.14621 88.90479 88.66287 88.42043 88.17748 87.93399 87.68997 87.44540 87.20029 86.95461 86.70836 86.46154 86.21414 85.96614 85.71754 85.46834 85.21851 84.96807 84.71699 84.46526 84.21289 83.95985 83.70615 83.45177 83.19670 82.94094 82.68447 82.42729 82.16938 81.91074 81.65135 81.39121 81.13031 80.86864 80.60618 80.34293 80.07887 79.81400
95.69349 95.46138 95.22896 94.99622 94.76315 94.52976 94.29602 94.06194 93.82750 93.59269 93.35750 93.12193 92.88598 92.64962 92.41286 92.17568 91.93807 91.70004 91.46157 91.22264 90.98327 90.74343 90.50312 90.26232 90.02105 89.77927 89.53700 89.29421 89.05090 88.80707 88.56270 88.31778 88.07232 87.82630 87.57971 87.33254 87.08479 86.83645 86.58751 86.33796 86.08779 85.83700 85.58558 85.33351 85.08080 84.82743 84.57339 84.31868 84.06328 83.80720 83.55041 83.29291 83.03470 82.77576 82.51609 82.25568 81.99451 81.73258 81.46989 81.20641 80.94215 80.67709 80.41123
96.40884 96.17611 95.94309 95.70977 95.47614 95.24219 95.00791 94.77330 94.53834 94.30303 94.06736 93.83132 93.59489 93.35808 93.12088 92.88327 92.64525 92.40682 92.16795 91.92865 91.68891 91.44872 91.20807 90.96696 90.72537 90.48330 90.24075 89.99770 89.75415 89.51009 89.26551 89.02040 88.77477 88.52859 88.28187 88.03459 87.78675 87.53834 87.28936 87.03979 86.78963 86.53886 86.28749 86.03551 85.78290 85.52966 85.27578 85.02126 84.76607 84.51023 84.25371 83.99651 83.73862 83.48004 83.22074 82.96073 82.69999 82.43852 82.17630 81.91332 81.64958 81.38506 81.11975
97.37810 97.14497 96.91156 96.67786 96.44386 96.20954 95.97491 95.73994 95.50464 95.26899 95.03298 94.79660 94.55985 94.32271 94.08519 93.84726 93.60892 93.37017 93.13098 92.89137 92.65130 92.41079 92.16982 91.92838 91.68646 91.44405 91.20116 90.95776 90.71384 90.46942 90.22446 89.97897 89.73293 89.48634 89.23919 88.99148 88.74318 88.49430 88.24482 87.99474 87.74404 87.49273 87.24078 86.98820 86.73496 86.48107 86.22652 85.97128 85.71537 85.45875 85.20144 84.94341 84.68466 84.42517 84.16494 83.90396 83.64222 83.37971 83.11641 82.85232 82.58742 82.32171 82.05518
98.60920 98.37490 98.14027 97.90531 97.67001 97.43437 97.19836 96.96199 96.72525 96.48812 96.25060 96.01268 95.77435 95.53560 95.29642 95.05682 94.81677 94.57627 94.33531 94.09388 93.85199 93.60960 93.36673 93.12336 92.87949 92.63509 92.39018 92.14474 91.89875 91.65223 91.40514 91.15749 90.90928 90.66048 90.41110 90.16112 89.91054 89.65934 89.40753 89.15508 88.90200 88.64828 88.39390 88.13886 87.88315 87.62675 87.36967 87.11189 86.85341 86.59421 86.33428 86.07363 85.81222 85.55007 85.28716 85.02347 84.75901 84.49375 84.22769 83.96082 83.69314 83.42462 83.15526
99.97077 99.73441 99.49768 99.26058 99.02308 98.78520 98.54691 98.30821 98.06910 97.82956 97.58958 97.34917 97.10831 96.86700 96.62522 96.38298 96.14026 95.89705 95.65335 95.40916 95.16446 94.91924 94.67351 94.42724 94.18045 93.93311 93.68522 93.43678 93.18777 92.93819 92.68803 92.43728 92.18595 91.93401 91.68146 91.42829 91.17451 90.92009 90.66503 90.40932 90.15296 89.89594 89.63824 89.37987 89.12081 88.86105 88.60059 88.33942 88.07753 87.81490 87.55154 87.28744 87.02258 86.75695 86.49055 86.22337 85.95540 85.68663 85.41704 85.14664 84.87541 84.60333 84.33041
100.21807 99.98183 99.74521 99.50821 99.27083 99.03304 98.79485 98.55625 98.31722 98.07777 97.83788 97.59754 97.35676 97.11552 96.87381 96.63162 96.38896 96.14581 95.90216 95.65802 95.41336 95.16818 94.92248 94.67625 94.42949 94.18217 93.93431 93.68588 93.43689 93.18732 92.93717 92.68643 92.43509 92.18315 91.93060 91.67742 91.42362 91.16919 90.91411 90.65839 90.40200 90.14496 89.88723 89.62883 89.36973 89.10994 88.84944 88.58823 88.32629 88.06363 87.80022 87.53606 87.27115 87.00547 86.73902 86.47178 86.20375 85.93491 85.66527 85.39480 85.12350 84.85136 84.57837
98.80160 98.56667 98.33140 98.09580 97.85985 97.62354 97.38687 97.14983 96.91240 96.67459 96.43637 96.19775 95.95872 95.71926 95.47937 95.23905 94.99827 94.75704 94.51535 94.27319 94.03055 93.78742 93.54380 93.29968 93.05505 92.80990 92.56422 92.31801 92.07126 91.82396 91.57611 91.32769 91.07869 90.82912 90.57895 90.32819 90.07683 89.82485 89.57225 89.31902 89.06515 88.81064 88.55547 88.29964 88.04314 87.78596 87.52809 87.26952 87.01025 86.75026 86.48954 86.22810 85.96591 85.70297 85.43927 85.17480 84.90955 84.64350 84.37666 84.10902 83.84055 83.57125 83.30111
97.57254 97.33863 97.10443 96.86995 96.63516 96.40005 96.16462 95.92886 95.69276 95.45631 95.21949 94.98231 94.74475 94.50680 94.26846 94.02971 93.79055 93.55097 93.31096 93.07050 92.82960 92.58825 92.34643 92.10413 91.86136 91.61809 91.37433 91.13006 90.88528 90.63997 90.39413 90.14775 89.90082 89.65333 89.40527 89.15665 88.90743 88.65763 88.40723 88.15621 87.90458 87.65232 87.39943 87.14589 86.89169 86.63684 86.38131 86.12510 85.86820 85.61060 85.35229 85.09326 84.83351 84.57302 84.31178 84.04978 83.78701 83.52347 83.25915 82.99402 82.72809 82.46134 82.19376
96.54015 96.30669 96.07296 95.83895 95.60467 95.37010 95.13523 94.90004 94.66454 94.42871 94.19255 93.95604 93.71917 93.48194 93.24434 93.00637 92.76800 92.52923 92.29007 92.05048 91.81048 91.57004 91.32917 91.08785 90.84607 90.60384 90.36112 90.11793 89.87425 89.63008 89.38540 89.14020 88.89448 88.64824 88.40145 88.15412 87.90623 87.65777 87.40875 87.15914 86.90894 86.65814 86.40674 86.15471 85.90206 85.64878 85.39485 85.14026 84.88502 84.62910 84.37250 84.11520 83.85721 83.59851 83.33908 83.07892 82.81802 82.55637 82.29396 82.03077 81.76680 81.50204 81.23647
95.77797 95.54503 95.31179 95.07825 94.84439 94.61021 94.37569 94.14083 93.90563 93.67006 93.43412 93.19781 92.96112 92.72403 92.48654 92.24865 92.01034 91.77160 91.53243 91.29282 91.05277 90.81225 90.57128 90.32983 90.08790 89.84549 89.60258 89.35917 89.11525 88.87081 88.62585 88.38036 88.13432 87.88774 87.64060 87.39289 87.14462 86.89577 86.64633 86.39630 86.14567 85.89442 85.64257 85.39008 85.13697 84.88322 84.62881 84.37376 84.11804 83.86165 83.60459 83.34684 83.08839 82.82924 82.56939 82.30882 82.04752 81.78549 81.52272 81.25920 80.99492 80.72988 80.46406
95.13257 94.90042 94.66797 94.43522 94.20215 93.96876 93.73504 93.50098 93.26657 93.03181 92.79668 92.56119 92.32531 92.08905 91.85239 91.61533 91.37785 91.13996 90.90164 90.66289 90.42369 90.18405 89.94394 89.70337 89.46232 89.22079 88.97877 88.73626 88.49323 88.24969 88.00563 87.76104 87.51590 87.27022 87.02399 86.77718 86.52981 86.28185 86.03331 85.78416 85.53441 85.28404 85.03305 84.78142 84.52915 84.27622 84.02264 83.76838 83.51345 83.25783 83.00151 82.74448 82.48674 82.22827 81.96906 81.70911 81.44840 81.18693 80.92469 80.66166 80.39784 80.13321 79.86777
94.54403 94.31300 94.08164 93.84995 93.61793 93.38556 93.15284 92.91976 92.68632 92.45250 92.21830 91.98372 91.74874 91.51335 91.27756 91.04135 90.80471 90.56765 90.33014 90.09219 89.85379 89.61492 89.37558 89.13578 88.89548 88.65470 88.41342 88.17163 87.92933 87.68651 87.44316 87.19928 86.95485 86.70987 86.46433 86.21822 85.97154 85.72428 85.47642 85.22797 84.97890 84.72922 84.47892 84.22798 83.97640 83.72418 83.47129 83.21774 82.96351 82.70859 82.45298 82.19667 81.93965 81.68190 81.42342 81.16421 80.90424 80.64351 80.38201 80.11973 79.85666 79.59279 79.32810
93.97173 93.74227 93.51246 93.28229 93.05176 92.82086 92.58958 92.35792 92.12587 91.89342 91.66057 91.42731 91.19364 90.95954 90.72501 90.49005 90.25464 90.01879 89.78248 89.54571 89.30847 89.07075 88.83255 88.59387 88.35469 88.11500 87.87480 87.63409 87.39286 87.15109 86.90879 86.66594 86.42254 86.17858 85.93405 85.68895 85.44327 85.19699 84.95012 84.70264 84.45455 84.20584 83.95650 83.70652 83.45590 83.20462 82.95268 82.70007 82.44677 82.19279 81.93812 81.68273 81.42664 81.16981 80.91226 80.65396 80.39491 80.13509 79.87451 79.61314 79.35098 79.08802 78.82425
93.41242 93.18492 92.95704 92.72876 92.50008 92.27100 92.04151 91.81161 91.58128 91.35053 91.11934 90.88772 90.65566 90.42315 90.19018 89.95675 89.72286 89.48849 89.25365 89.01833 88.78252 88.54621 88.30940 88.07208 87.83425 87.59590 87.35703 87.11762 86.87768 86.63719 86.39615 86.15455 85.91238 85.66964 85.42633 85.18243 84.93793 84.69284 84.44714 84.20082 83.95389 83.70632 83.45811 83.20926 82.95976 82.70960 82.45877 82.20726 81.95506 81.70217 81.44858 81.19428 80.93926 80.68351 80.42702 80.16978 79.91179 79.65304 79.39351 79.13319 78.87209 78.61018 78.34745
92.85875 92.63386 92.40851 92.18271 91.95646 91.72974 91.50256 91.27491 91.04679 90.81820 90.58913 90.35957 90.12953 89.89900 89.66797 89.43645 89.20442 88.97188 88.73883 88.50527 88.27118 88.03657 87.80143 87.56576 87.32954 87.09278 86.85546 86.61759 86.37916 86.14017 85.90060 85.66045 85.41972 85.17839 84.93647 84.69395 84.45082 84.20708 83.96271 83.71771 83.47208 83.22581 82.97888 82.73130 82.48306 82.23414 81.98455 81.73427 81.48329 81.23162 80.97923 80.72612 80.47229 80.21772 79.96241 79.70635 79.44952 79.19193 78.93355 78.67439 78.41442 78.15365 77.89207
92.29062 92.06960 91.84801 91.62585 91.40313 91.17985 90.95601 90.73160 90.50664 90.28111 90.05501 89.82836 89.60113 89.37335 89.14500 88.91608 88.68659 88.45653 88.22590 87.99469 87.76290 87.53054 87.29759 87.06406 86.82994 86.59523 86.35993 86.12402 85.88752 85.65041 85.41269 85.17436 84.93541 84.69584 84.45564 84.21481 83.97334 83.73123 83.48847 83.24506 83.00099 82.75626 82.51085 82.26477 82.01801 81.77055 81.52240 81.27354 81.02398 80.77369 80.52269 80.27095 80.01847 79.76524 79.51125 79.25651 79.00099 78.74469 78.48760 78.22971 77.97102 77.71151 77.45117
91.67167 91.45731 91.24216 91.02620 90.80946 90.59194 90.37365 90.15460 89.93479 89.71423 89.49294 89.27091 89.04816 88.82469 88.60051 88.37562 88.15002 87.92373 87.69674 87.46907 87.24070 87.01165 86.78191 86.55150 86.32040 86.08863 85.85618 85.62305 85.38924 85.15475 84.91959 84.68375 84.44722 84.21001 83.97212 83.73354 83.49428 83.25432 83.01366 82.77231 82.53025 82.28749 82.04402 81.79983 81.55492 81.30930 81.06294 80.81584 80.56801 80.31943 80.07010 79.82001 79.56916 79.31754 79.06514 78.81195 78.55797 78.30320 78.04761 77.79121 77.53399 77.27593 77.01704
90.96391 90.75944 90.55380 90.34701 90.13913 89.93017 89.72018 89.50917 89.29717 89.08420 88.87028 88.65541 88.43962 88.22290 88.00527 87.78673 87.56729 87.34696 87.12575 86.90365 86.68069 86.45686 86.23217 86.00663 85.78025 85.55303 85.32497 85.09610 84.86640 84.63589 84.40457 84.17244 83.93952 83.70580 83.47128 83.23597 82.99988 82.76300 82.52533 82.28688 82.04764 81.80762 81.56681 81.32522 81.08285 80.83968 80.59572 80.35098 80.10543 79.85909 79.61195 79.36400 79.11524 78.86566 78.61527 78.36405 78.11201 77.85912 77.60540 77.35083 77.09541 76.83912 76.58197
90.05663 89.87341 89.68789 89.50018 89.31040 89.11862 88.92496 88.72949 88.53229 88.33343 88.13297 87.93098 87.72750 87.52256 87.31622 87.10850 86.89942 86.68903 86.47734 86.26439 86.05019 85.83477 85.61816 85.40039 85.18146 84.96141 84.74026 84.51803 84.29473 84.07038 83.84500 83.61860 83.39120 83.16281 82.93344 82.70311 82.47181 82.23956 82.00637 81.77225 81.53720 81.30122 81.06433 80.82653 80.58782 80.34821 80.10770 79.86629 79.62399 79.38079 79.13670 78.89171 78.64584 78.39907 78.15140 77.90284 77.65339 77.40303 77.15177 76.89960 76.64652 76.39253 76.13762
88.54969 88.43130 88.30582 88.17376 88.03560 87.89177 87.74266 87.58864 87.43003 87.26715 87.10025 86.92959 86.75541 86.57790 86.39727 86.21370 86.02733 85.83833 85.64682 85.45294 85.25679 85.05849 84.85812 84.65577 84.45153 84.24545 84.03760 83.82805 83.61684 83.40403 83.18965 82.97376 82.75639 82.53757 82.31735 82.09575 81.87281 81.64856 81.42302 81.19623 80.96819 80.73895 80.50852 80.27691 80.04415 79.81026 79.57524 79.33912 79.10191 78.86361 78.62424 78.38382 78.14233 77.89981 77.65624 77.41164 77.16602 76.91937 76.67170 76.42301 76.17330 75.92258 75.67085
84.59879 84.72129 84.81886 84.89343 84.94677 84.98053 84.99619 84.99514 84.97864 84.94785 84.90380 84.84745 84.77965 84.70115 84.61267 84.51481 84.40817 84.29328 84.17066 84.04080 83.90415 83.76116 83.61224 83.45775 83.29807 83.13350 82.96437 82.79094 82.61348 82.43222 82.24737 82.05914 81.86771 81.67325 81.47591 81.27584 81.07317 80.86802 80.66050 80.45071 80.23875 80.02471 79.80866 79.59068 79.37083 79.14919 78.92580 78.70073 78.47402 78.24571 78.01586 77.78449 77.55165 77.31736 77.08167 76.84458 76.60615 76.36637 76.12528 75.88290 75.63925 75.39433 75.14817
0.00000 0.00000 0.00000 0.00000 72.02474 74.65170 75.78533 76.62897 77.33731 77.96940 78.52879 79.01320 79.42865 79.77206 80.04569 80.25706 80.41103 80.52728 80.61969 80.68999 80.73975 80.77044 80.78344 80.77998 80.76120 80.72814 80.68173 80.62283 80.55222 80.47065 80.37878 80.27727 80.16671 80.04769 79.92074 79.78638 79.64507 79.49724 79.34332 79.18366 79.01861 78.84850 78.67362 78.49424 78.31061 78.12297 77.93152 77.73647 77.53800 77.33628 77.13147 76.92370 76.71312 76.49984 76.28398 76.06565 75.84494 75.62194 75.39674 75.16942 74.94004 74.70867 74.47537
0.00000 0.00000 0.00000 0.00000 0.00000 0.00000 0.00000 0.00000 0.00000 0.00000 0.00000 0.00000 0.00000 0.00000 0.00000 0.00000 0.00000 0.00000 69.56623 70.88068 71.75302 72.43367 73.01197 73.52815 74.00176 74.43997 74.83763 75.19076 75.49353 75.74825 75.95347 76.11415 76.23314 76.32550 76.39637 76.44715 76.47915 76.49361 76.49167 76.47438 76.44272 76.39762 76.33990 76.27033 76.18965 76.09853 75.99758 75.88740 75.76853 75.64148 75.50673 75.36471 75.21585 75.06053 74.89911 74.73193 74.55929 74.38150 74.19882 74.01151 73.81980 73.62391 73.42405
