data/CoulombOnly/Outputs_CoulombOnly/release1HS_03CoulombOnly_null_openFOAMmu_pft.asc
ncols        1001
nrows        301
xllcorner    1000.00
yllcorner    -5000.00
cellsize     5.0000
NODATA_value -9999.0000
[rows 140 to 159 of 301, columns 450 to 494 of 1001]
0.38233792781829833984 0.82415056228637695312 0.70366817712783813477 0.53585463762283325195 0.99474298954010009766 0.32823905348777770996 0.82096266746520996094 0.61718708276748657227 1.1336276531219482422 1.1996496915817260742 0.44386050105094909668 0.60954254865646362305 0.70849066972732543945 0.51477611064910888672 0.19523553550243377686 1.2311251163482666016 1.1266983747482299805 1.0549070835113525391 1.5821593999862670898 1.3571695089340209961 1.101469874382019043 1.3747296333312988281 0.82186007499694824219 0.9910869598388671875 0.76869833469390869141 0.98747283220291137695 1.2784404754638671875 0.93210279941558837891 1.3730500936508178711 1.1624337434768676758 1.0659438371658325195 1.2455848455429077148 0.93000429868698120117 0.78551089763641357422 1.2484076023101806641 0.90449661016464233398 1.042460322380065918 1.121302485466003418 1.3209861516952514648 0.81922954320907592773 1.4270446300506591797 1.4965047836303710938 1.2424966096878051758 0.77512925863265991211 1.2886222600936889648
1.5820976495742797852 1.1669825315475463867 1.5456967353820800781 1.2931331396102905273 1.5000600814819335938 1.2014262676239013672 1.0662264823913574219 0.74006348848342895508 1.7093386650085449219 1.4294286966323852539 1.322890162467956543 1.6659272909164428711 1.7821363210678100586 1.5230008363723754883 1.1351743936538696289 1.5269637107849121094 1.3029909133911132812 1.2949576377868652344 1.4743530750274658203 1.4022959470748901367 1.5277055501937866211 1.358801722526550293 1.4039483070373535156 1.486863255500793457 1.2282043695449829102 0.97575622797012329102 1.4771264791488647461 1.099530339241027832 1.1455476284027099609 1.1743297576904296875 1.3012419939041137695 1.5455853939056396484 1.2540498971939086914 0.93452227115631103516 1.4332259893417358398 0.85905098915100097656 1.4535157680511474609 1.5364856719970703125 1.3339132070541381836 1.6564258337020874023 1.3102121353149414062 1.0605118274688720703 1.1967943906784057617 1.2135845422744750977 1.5734194517135620117
1.4694769382476806641 1.6082960367202758789 1.8533750772476196289 1.5585696697235107422 1.9121512174606323242 1.2886915206909179688 1.6261897087097167969 1.7454735040664672852 1.8085426092147827148 1.8398358821868896484 1.5052431821823120117 1.8745150566101074219 2.0782043933868408203 1.8837195634841918945 1.3163640499114990234 1.4324754476547241211 1.7470840215682983398 1.719376683235168457 1.3941836357116699219 1.7757089138031005859 1.305683135986328125 1.6153235435485839844 1.5045018196105957031 1.2014513015747070312 1.1700881719589233398 1.2889325618743896484 1.564960479736328125 1.3960578441619873047 1.5980476140975952148 2.0513586997985839844 1.5907684564590454102 1.5632178783416748047 1.3435878753662109375 1.6437381505966186523 1.5045541524887084961 1.6077387332916259766 1.5199414491653442383 1.7782615423202514648 1.6177935600280761719 1.6275817155838012695 1.3664811849594116211 1.6358964443206787109 1.6441984176635742188 1.649471282958984375 1.2703740596771240234
1.8068888187408447266 1.7438832521438598633 2.0339395999908447266 1.6315637826919555664 1.6096789836883544922 1.624176025390625 2.1503212451934814453 1.8035053014755249023 2.1164922714233398438 1.9843723773956298828 1.3015161752700805664 1.6703155040740966797 1.8836139440536499023 1.8729815483093261719 1.6089770793914794922 1.6043397188186645508 1.7837206125259399414 2.1412482261657714844 1.720401763916015625 1.9205902814865112305 1.7032409906387329102 1.8619807958602905273 1.3313577175140380859 2.1032438278198242188 1.7043036222457885742 1.6735972166061401367 1.4061932563781738281 1.6523015499114990234 1.9832419157028198242 1.7296422719955444336 1.5153805017471313477 1.6962324380874633789 1.6942056417465209961 1.5904691219329833984 1.3195216655731201172 1.783290863037109375 1.6096386909484863281 1.6342411041259765625 1.6463563442230224609 1.6393404006958007812 1.5289614200592041016 1.636937260627746582 1.5585342645645141602 1.6192142963409423828 1.6786988973617553711
2.257350921630859375 2.2436723709106445312 2.0630018711090087891 2.2968325614929199219 2.1706523895263671875 1.6895753145217895508 1.9494724273681640625 1.78308868408203125 2.3324191570281982422 2.2221243381500244141 2.4531733989715576172 1.8857588768005371094 2.4685659408569335938 2.1424896717071533203 1.9068353176116943359 2.1346879005432128906 2.0159776210784912109 1.6912568807601928711 1.9722915887832641602 1.7429817914962768555 1.8262469768524169922 2.3096117973327636719 1.9301129579544067383 1.7556504011154174805 1.9176545143127441406 1.5367177724838256836 2.0362200736999511719 1.7891947031021118164 1.7892249822616577148 2.0674664974212646484 1.7832436561584472656 1.5764520168304443359 1.6990463733673095703 1.5363057851791381836 1.783509373664855957 1.6358674764633178711 1.7026287317276000977 1.9050362110137939453 1.6496127843856811523 1.5021364688873291016 1.6467927694320678711 1.7178480625152587891 1.7947585582733154297 1.8978523015975952148 1.7209198474884033203
1.8356624841690063477 2.0999202728271484375 2.4947741031646728516 2.4171626567840576172 2.356884002685546875 1.8781467676162719727 2.2004172801971435547 2.2683470249176025391 2.1775066852569580078 2.3065845966339111328 2.2563235759735107422 2.5558979511260986328 2.4867949485778808594 2.4814336299896240234 2.5132477283477783203 2.0111513137817382812 1.9861055612564086914 2.2202293872833251953 2.3086354732513427734 2.1986529827117919922 1.9908388853073120117 2.4148688316345214844 2.229976654052734375 1.6378502845764160156 1.829945683479309082 2.0712478160858154297 1.9733070135116577148 1.874764561653137207 1.7964020967483520508 1.9938391447067260742 1.9766781330108642578 2.0322518348693847656 2.1304385662078857422 1.7704131603240966797 1.9580541849136352539 1.7788656949996948242 1.8723216056823730469 2.0471227169036865234 1.5751613378524780273 1.7789560556411743164 1.7638623714447021484 2.0146825313568115234 1.7755172252655029297 1.6335735321044921875 2.0099759101867675781
2.4872834682464599609 2.4586622714996337891 2.5877823829650878906 2.7919228076934814453 2.4757552146911621094 2.4692339897155761719 2.4770801067352294922 2.0595114231109619141 2.4763517379760742188 2.3764753341674804688 2.0761430263519287109 2.6201372146606445312 2.2626504898071289062 2.4250385761260986328 2.4620835781097412109 2.6478066444396972656 2.3814873695373535156 2.1858303546905517578 1.9005198478698730469 2.3756966590881347656 2.4311916828155517578 2.3830444812774658203 2.1971597671508789062 2.01728057861328125 2.2774958610534667969 1.9796273708343505859 2.0187592506408691406 2.1773345470428466797 1.87652587890625 2.2650563716888427734 2.0244660377502441406 2.0081346035003662109 2.0989944934844970703 1.8530519008636474609 1.8564939498901367188 2.1230897903442382812 1.8507338762283325195 1.9676684141159057617 2.09577178955078125 1.9615716934204101562 1.7515825033187866211 1.6425831317901611328 1.4921269416809082031 2.0383934974670410156 1.7337869405746459961
2.9393467903137207031 2.3324606418609619141 2.4015896320343017578 2.7943856716156005859 2.3254036903381347656 2.6995077133178710938 2.521068572998046875 2.2638726234436035156 2.272830963134765625 2.3716111183166503906 2.3335881233215332031 2.6543393135070800781 2.6683170795440673828 2.5089643001556396484 2.3348577022552490234 2.4948108196258544922 2.4603426456451416016 2.5038888454437255859 2.4966642856597900391 2.5899765491485595703 2.6491055488586425781 2.0905072689056396484 2.3439354896545410156 2.4273431301116943359 2.2450678348541259766 2.001224517822265625 2.0750975608825683594 2.0796527862548828125 2.2004907131195068359 2.0920088291168212891 2.1794638633728027344 1.8519691228866577148 2.0841922760009765625 1.6686574220657348633 1.6800036430358886719 2.1546580791473388672 2.0344099998474121094 1.9908339977264404297 1.9583356380462646484 1.9394832849502563477 2.057163238525390625 2.0165219306945800781 2.1025075912475585938 2.0977168083190917969 2.0843939781188964844
2.8090760707855224609 2.7879097461700439453 2.6959168910980224609 2.6128427982330322266 2.4168486595153808594 2.8397850990295410156 2.5235128402709960938 2.6563391685485839844 2.2987308502197265625 2.552852630615234375 2.5184717178344726562 2.6328248977661132812 2.6878409385681152344 2.5301713943481445312 2.5202398300170898438 2.3956396579742431641 2.4850156307220458984 2.5372798442840576172 2.5101561546325683594 2.4704339504241943359 2.6812531948089599609 1.8744182586669921875 2.4004638195037841797 2.1903793811798095703 2.3057227134704589844 2.26671600341796875 2.1588122844696044922 2.1181490421295166016 2.4120547771453857422 2.0523152351379394531 2.0937871932983398438 2.0891849994659423828 2.0815908908843994141 2.0590867996215820312 1.9102697372436523438 1.9720367193222045898 2.1434581279754638672 1.6310106515884399414 1.7176698446273803711 1.7888214588165283203 1.9062552452087402344 1.9732652902603149414 1.9086817502975463867 1.9184814691543579102 1.9997998476028442383
2.4399166107177734375 2.2974982261657714844 2.5901086330413818359 2.6973557472229003906 2.6229214668273925781 2.7476816177368164062 2.5158858299255371094 2.4211905002593994141 2.9201779365539550781 2.2342345714569091797 2.4272511005401611328 2.2103216648101806641 2.7797880172729492188 2.5661058425903320312 2.4416387081146240234 2.5082101821899414062 2.5432591438293457031 2.2645163536071777344 2.3533842563629150391 2.5188267230987548828 2.5584087371826171875 2.1580410003662109375 2.4055111408233642578 1.9804421663284301758 2.1682877540588378906 2.3262104988098144531 2.1548600196838378906 2.0814523696899414062 2.2777047157287597656 2.0236859321594238281 2.1171994209289550781 2.1208913326263427734 2.2287189960479736328 1.9948434829711914062 2.0329318046569824219 2.0295450687408447266 2.1090843677520751953 1.9403781890869140625 2.0042393207550048828 2.1530096530914306641 2.0589358806610107422 2.1173679828643798828 2.1244935989379882812 2.0047104358673095703 1.9912110567092895508
2.2600309848785400391 2.5056149959564208984 2.8974082469940185547 2.76432037353515625 2.4734342098236083984 2.6085045337677001953 2.6487753391265869141 2.5728921890258789062 2.8088750839233398438 2.333591461181640625 2.7547309398651123047 2.7153995037078857422 2.3703989982604980469 2.5188798904418945312 2.4978842735290527344 2.6987478733062744141 2.3722147941589355469 2.4287748336791992188 2.4765834808349609375 2.4252836704254150391 2.1011683940887451172 2.5656025409698486328 2.1269936561584472656 2.3472223281860351562 2.3414380550384521484 2.0036609172821044922 2.2784380912780761719 1.9813047647476196289 2.1036379337310791016 2.1905481815338134766 1.8911460638046264648 2.1548583507537841797 2.0465838909149169922 2.0391280651092529297 2.1308834552764892578 1.8289052248001098633 1.9845573902130126953 1.9410440921783447266 2.0039393901824951172 1.9773372411727905273 1.84027862548828125 2.1408247947692871094 1.8537503480911254883 2.0530064105987548828 2.0926301479339599609
2.3254961967468261719 2.5413370132446289062 2.8144414424896240234 2.7260637283325195312 2.4303593635559082031 2.5593926906585693359 2.5492627620697021484 2.6034994125366210938 2.5552594661712646484 2.2336592674255371094 2.3108060359954833984 2.5292704105377197266 2.6812300682067871094 2.3907649517059326172 2.2107512950897216797 2.6787149906158447266 2.5266058444976806641 2.3537271022796630859 2.4484336376190185547 2.4591054916381835938 2.1198434829711914062 2.1675562858581542969 2.1468961238861083984 2.3140263557434082031 2.1545267105102539062 2.3943638801574707031 2.0206012725830078125 2.1907048225402832031 1.9745125770568847656 2.1868212223052978516 2.0416331291198730469 2.2727942466735839844 1.8132328987121582031 1.9063801765441894531 1.8177677392959594727 1.9754406213760375977 2.0022077560424804688 2.0434222221374511719 2.0931310653686523438 2.0192291736602783203 1.758916020393371582 2.0203852653503417969 1.6335326433181762695 2.0570199489593505859 2.0120398998260498047
2.5498328208923339844 2.7189047336578369141 2.3030705451965332031 2.3611185550689697266 2.5542976856231689453 2.4594972133636474609 2.6934535503387451172 2.5778491497039794922 2.5568368434906005859 2.1865460872650146484 2.2424073219299316406 2.8030514717102050781 2.7389879226684570312 2.5409662723541259766 2.3849108219146728516 2.653499603271484375 2.0719790458679199219 2.4920985698699951172 2.2228984832763671875 2.1644463539123535156 2.5065457820892333984 2.1266427040100097656 2.2489635944366455078 2.4494762420654296875 1.8955749273300170898 2.3375110626220703125 2.2119343280792236328 2.2207446098327636719 2.2080655097961425781 2.1838965415954589844 1.9343533515930175781 2.2326695919036865234 2.1386623382568359375 2.0671136379241943359 1.647950291633605957 1.5029596090316772461 2.0916063785552978516 1.9395184516906738281 2.1165742874145507812 2.2801868915557861328 2.1405091285705566406 2.1216142177581787109 1.9873096942901611328 1.6448744535446166992 2.0148763656616210938
2.4402368068695068359 2.2921421527862548828 2.4415781497955322266 2.5332872867584228516 2.5690598487854003906 2.4613981246948242188 2.5336787700653076172 2.4384770393371582031 2.5747520923614501953 2.1726500988006591797 2.5353558063507080078 2.4421839714050292969 2.6217234134674072266 2.4765603542327880859 2.6265234947204589844 2.6038606166839599609 2.5729842185974121094 2.5026717185974121094 1.8864051103591918945 2.3042721748352050781 2.3077092170715332031 2.3357000350952148438 2.408992767333984375 1.9378294944763183594 2.1824848651885986328 2.3364140987396240234 1.9460183382034301758 2.0183773040771484375 1.956156611442565918 2.1818664073944091797 2.1121964454650878906 2.1250393390655517578 1.9989321231842041016 1.9855953454971313477 1.8611385822296142578 2.0763530731201171875 1.7813210487365722656 2.0361111164093017578 2.0216240882873535156 2.0571687221527099609 2.0985748767852783203 2.1131739616394042969 1.8231103420257568359 1.4468419551849365234 1.8768945932388305664
2.0786366462707519531 2.4442861080169677734 2.3790614604949951172 2.3406789302825927734 2.4363226890563964844 2.3841989040374755859 2.2855241298675537109 2.2145700454711914062 2.3840684890747070312 2.3628313541412353516 2.2829070091247558594 2.5212066173553466797 2.5287756919860839844 2.2259502410888671875 2.4963300228118896484 2.6604590415954589844 2.3973326683044433594 2.4417481422424316406 2.3070199489593505859 2.2197768688201904297 2.0365459918975830078 2.0228598117828369141 2.3371791839599609375 1.9519901275634765625 2.0373620986938476562 2.1652700901031494141 1.9491217136383056641 2.0912201404571533203 2.0935108661651611328 2.1252217292785644531 2.0906720161437988281 2.1186017990112304688 2.1255311965942382812 2.0787451267242431641 1.8517153263092041016 2.0497267246246337891 2.0800316333770751953 1.8133836984634399414 2.1445348262786865234 1.7361985445022583008 2.0377411842346191406 2.0279309749603271484 1.7074573040008544922 1.8660298585891723633 1.9890302419662475586
2.1411957740783691406 2.1771366596221923828 2.3225278854370117188 2.2504289150238037109 1.5980771780014038086 2.4736261367797851562 1.9516366720199584961 2.5267620086669921875 2.5139093399047851562 2.3309037685394287109 2.2218561172485351562 2.5114934444427490234 2.4415304660797119141 2.2775030136108398438 2.4000105857849121094 2.4500753879547119141 2.2168500423431396484 1.717039942741394043 2.1804475784301757812 1.7744667530059814453 1.8156640529632568359 1.5762445926666259766 2.2945854663848876953 2.1411294937133789062 2.0621027946472167969 1.9028769731521606445 2.0210537910461425781 2.067989349365234375 1.9180129766464233398 1.8945726156234741211 1.7223157882690429688 1.8979279994964599609 1.9529278278350830078 1.7934571504592895508 1.7986419200897216797 1.9856283664703369141 1.820250391960144043 1.760477900505065918 1.7821091413497924805 1.8495497703552246094 1.7623915672302246094 1.6116987466812133789 1.961742401123046875 1.6249777078628540039 1.9729485511779785156
2.1527371406555175781 2.3055264949798583984 1.9370615482330322266 2.1649155616760253906 2.1782481670379638672 2.4425275325775146484 1.619480133056640625 1.2268656492233276367 2.4407210350036621094 2.0533509254455566406 2.296161651611328125 2.0424280166625976562 2.3310601711273193359 1.9484496116638183594 2.1580903530120849609 1.9688247442245483398 2.0955841541290283203 1.8710073232650756836 2.2264587879180908203 2.3333830833435058594 1.7757086753845214844 2.0330090522766113281 2.4445862770080566406 1.8306113481521606445 1.900954127311706543 1.7110271453857421875 2.0791766643524169922 1.9016549587249755859 1.6421711444854736328 1.7135802507400512695 2.1449153423309326172 1.6617194414138793945 1.7177052497863769531 1.85186767578125 2.0041806697845458984 1.9123369455337524414 1.7814124822616577148 1.6651810407638549805 1.8970335721969604492 1.7867195606231689453 1.6603437662124633789 1.6848729848861694336 1.8520261049270629883 1.8158898353576660156 1.8810442686080932617
1.6298303604125976562 1.634878993034362793 1.9821528196334838867 1.9170517921447753906 2.2989447116851806641 2.3469285964965820312 1.5777578353881835938 1.9539711475372314453 1.8706418275833129883 1.7845299243927001953 2.0927937030792236328 1.9715026617050170898 1.9507173299789428711 1.7356665134429931641 2.2394547462463378906 1.7370778322219848633 1.7385872602462768555 1.7601598501205444336 1.5191724300384521484 1.80872344970703125 1.7392867803573608398 1.5944836139678955078 2.2947773933410644531 1.4009453058242797852 1.5233099460601806641 1.693571925163269043 1.7178608179092407227 1.6785347461700439453 1.5592377185821533203 1.564190983772277832 1.965048670768737793 1.4316864013671875 1.5335102081298828125 1.6356967687606811523 1.8217792510986328125 1.6183267831802368164 1.652126312255859375 1.6459832191467285156 1.9905569553375244141 1.5627839565277099609 1.4432327747344970703 1.7614144086837768555 1.6469140052795410156 1.4101136922836303711 1.5662840604782104492
1.6747028827667236328 1.1477792263031005859 1.6971929073333740234 1.7244964838027954102 1.3975684642791748047 1.843207240104675293 1.8203012943267822266 1.7575106620788574219 1.4936789274215698242 1.0258703231811523438 1.5079206228256225586 2.0746428966522216797 1.7570996284484863281 2.026042938232421875 1.4519058465957641602 1.510684967041015625 1.2473883628845214844 1.5933383703231811523 1.551726222038269043 1.8432108163833618164 1.6273090839385986328 1.7729803323745727539 1.8648248910903930664 1.1991077661514282227 1.1624231338500976562 1.1770168542861938477 1.3394147157669067383 1.4275566339492797852 1.409562230110168457 1.7552541494369506836 1.5388740301132202148 1.4743759632110595703 1.5785526037216186523 1.4373402595520019531 1.5618202686309814453 1.6484041213989257812 1.4250974655151367188 1.6460529565811157227 1.484170079231262207 1.4827994108200073242 1.3383659124374389648 1.6220363378524780273 1.6153919696807861328 1.60945892333984375 1.5150903463363647461
0.59251183271408081055 0.70511990785598754883 1.6724687814712524414 0.96821814775466918945 1.6502877473831176758 1.5409430265426635742 1.1676700115203857422 1.7444913387298583984 1.2100893259048461914 1.5549913644790649414 1.4906530380249023438 1.4395871162414550781 1.5732164382934570312 1.4345110654830932617 1.2240489721298217773 1.6020910739898681641 1.5437335968017578125 1.406955718994140625 1.0550971031188964844 1.1608525514602661133 1.5052845478057861328 1.2251081466674804688 1.5247694253921508789 1.4964072704315185547 1.4977165460586547852 1.054658055305480957 0.76577538251876831055 1.0320088863372802734 1.4541008472442626953 1.4204033613204956055 1.4839460849761962891 1.146442413330078125 1.4075593948364257812 1.1667000055313110352 1.1569215059280395508 0.87641811370849609375 1.5471103191375732422 1.2987534999847412109 1.6639742851257324219 1.6291235685348510742 1.3293166160583496094 1.2562469244003295898 1.2887761592864990234 1.5188379287719726562 1.4829810857772827148
