data/CoulombOnly/Outputs_CoulombOnly/release1HS_null_03CoulombOnly_faSavageHutterFoamGamma_pfv.asc
ncols 1001
nrows 301
xllcenter 1000
yllcenter -5000
cellsize 5
NODATA_value -9999
[rows 87 to 115 of 301, columns 650 to 714 of 1001]
-9999 -9999 -9999 -9999 -9999 -9999 -9999 -9999 -9999 -9999 -9999 -9999 -9999 -9999 -9999 -9999 -9999 -9999 -9999 -9999 -9999 -9999 -9999 -9999 -9999 -9999 -9999 -9999 -9999 -9999 -9999 -9999 -9999 -9999 -9999 -9999 -9999 -9999 -9999 -9999 -9999 -9999 -9999 -9999 -9999 -9999 -9999 -9999 -9999 -9999 -9999 -9999 -9999 -9999 -9999 -9999 -9999 -9999 -9999 -9999 -9999 -9999 -9999 -9999 -9999
-9999 -9999 -9999 -9999 -9999 -9999 -9999 -9999 -9999 -9999 -9999 -9999 -9999 -9999 -9999 -9999 -9999 -9999 -9999 -9999 -9999 -9999 -9999 -9999 -9999 -9999 -9999 -9999 -9999 -9999 -9999 -9999 -9999 -9999 -9999 -9999 -9999 -9999 -9999 -9999 -9999 -9999 -9999 -9999 -9999 -9999 -9999 -9999 -9999 -9999 -9999 -9999 -9999 -9999 -9999 -9999 -9999 -9999 -9999 -9999 -9999 -9999 -9999 -9999 -9999
-9999 -9999 -9999 -9999 -9999 -9999 -9999 -9999 -9999 -9999 -9999 -9999 -9999 -9999 -9999 -9999 -9999 -9999 -9999 -9999 -9999 -9999 -9999 -9999 -9999 -9999 -9999 -9999 -9999 -9999 -9999 -9999 -9999 -9999 -9999 -9999 -9999 -9999 -9999 -9999 -9999 -9999 -9999 -9999 -9999 -9999 -9999 -9999 -9999 -9999 -9999 -9999 -9999 -9999 -9999 -9999 -9999 -9999 -9999 -9999 -9999 -9999 -9999 -9999 -9999
-9999 -9999 -9999 -9999 -9999 -9999 -9999 -9999 -9999 -9999 -9999 -9999 -9999 -9999 -9999 -9999 -9999 -9999 -9999 -9999 -9999 -9999 -9999 -9999 -9999 -9999 -9999 -9999 -9999 -9999 -9999 -9999 -9999 -9999 -9999 -9999 -9999 -9999 -9999 -9999 -9999 -9999 -9999 -9999 -9999 -9999 -9999 -9999 -9999 -9999 -9999 -9999 -9999 -9999 -9999 -9999 -9999 -9999 -9999 -9999 -9999 -9999 -9999 -9999 -9999
-9999 -9999 -9999 -9999 -9999 -9999 -9999 -9999 -9999 -9999 -9999 -9999 -9999 -9999 -9999 -9999 -9999 -9999 -9999 -9999 -9999 -9999 -9999 -9999 -9999 -9999 -9999 -9999 -9999 -9999 -9999 -9999 -9999 -9999 -9999 -9999 -9999 -9999 -9999 -9999 -9999 -9999 -9999 -9999 -9999 -9999 -9999 -9999 -9999 -9999 -9999 -9999 -9999 -9999 -9999 -9999 -9999 -9999 -9999 -9999 -9999 -9999 -9999 -9999 -9999
-9999 -9999 -9999 -9999 -9999 -9999 -9999 -9999 -9999 -9999 -9999 -9999 -9999 -9999 -9999 -9999 -9999 -9999 -9999 -9999 -9999 -9999 -9999 -9999 -9999 -9999 -9999 -9999 -9999 -9999 -9999 -9999 -9999 -9999 -9999 -9999 -9999 -9999 -9999 -9999 -9999 -9999 -9999 -9999 -9999 -9999 -9999 -9999 -9999 -9999 -9999 -9999 -9999 -9999 -9999 -9999 -9999 -9999 -9999 -9999 -9999 -9999 -9999 -9999 -9999
-9999 -9999 -9999 -9999 -9999 -9999 -9999 -9999 -9999 -9999 -9999 -9999 -9999 -9999 -9999 -9999 -9999 -9999 -9999 -9999 -9999 -9999 -9999 -9999 -9999 -9999 -9999 -9999 -9999 -9999 -9999 -9999 -9999 -9999 -9999 -9999 -9999 -9999 -9999 -9999 -9999 -9999 -9999 -9999 -9999 -9999 -9999 -9999 -9999 -9999 -9999 -9999 -9999 -9999 -9999 -9999 -9999 -9999 -9999 -9999 -9999 -9999 -9999 -9999 -9999
-9999 -9999 -9999 -9999 -9999 -9999 -9999 -9999 -9999 -9999 -9999 -9999 -9999 -9999 -9999 -9999 -9999 -9999 -9999 -9999 -9999 -9999 -9999 -9999 -9999 -9999 -9999 -9999 -9999 -9999 -9999 -9999 -9999 -9999 -9999 -9999 -9999 -9999 -9999 -9999 -9999 -9999 -9999 -9999 -9999 -9999 -9999 -9999 -9999 -9999 -9999 -9999 -9999 -9999 -9999 -9999 -9999 -9999 -9999 -9999 -9999 -9999 -9999 -9999 -9999
-9999 -9999 -9999 -9999 -9999 -9999 -9999 -9999 -9999 -9999 -9999 -9999 -9999 -9999 -9999 -9999 -9999 -9999 -9999 -9999 -9999 -9999 -9999 -9999 -9999 -9999 -9999 -9999 -9999 -9999 -9999 -9999 -9999 -9999 -9999 -9999 -9999 -9999 -9999 -9999 -9999 -9999 -9999 -9999 -9999 -9999 -9999 -9999 -9999 -9999 -9999 -9999 -9999 -9999 -9999 -9999 -9999 -9999 -9999 -9999 -9999 -9999 -9999 -9999 -9999
-9999 -9999 -9999 -9999 -9999 -9999 -9999 -9999 -9999 -9999 -9999 -9999 -9999 -9999 -9999 -9999 -9999 -9999 -9999 -9999 -9999 -9999 -9999 -9999 -9999 -9999 -9999 -9999 -9999 -9999 -9999 -9999 -9999 -9999 -9999 -9999 -9999 -9999 -9999 -9999 -9999 -9999 -9999 -9999 -9999 -9999 -9999 -9999 -9999 -9999 -9999 -9999 -9999 -9999 -9999 -9999 -9999 -9999 -9999 -9999 -9999 -9999 -9999 -9999 -9999
-9999 -9999 -9999 -9999 -9999 -9999 -9999 -9999 -9999 -9999 -9999 -9999 -9999 -9999 -9999 -9999 -9999 -9999 -9999 -9999 -9999 -9999 -9999 -9999 -9999 -9999 -9999 -9999 -9999 -9999 -9999 -9999 -9999 -9999 -9999 -9999 -9999 -9999 -9999 -9999 -9999 -9999 -9999 -9999 -9999 -9999 -9999 -9999 -9999 -9999 -9999 -9999 -9999 -9999 -9999 -9999 -9999 -9999 -9999 -9999 -9999 -9999 -9999 -9999 -9999
-9999 -9999 -9999 -9999 -9999 -9999 -9999 -9999 -9999 -9999 -9999 -9999 -9999 -9999 -9999 -9999 -9999 -9999 -9999 -9999 -9999 -9999 -9999 -9999 -9999 -9999 -9999 -9999 -9999 -9999 -9999 -9999 -9999 -9999 -9999 -9999 -9999 -9999 -9999 -9999 -9999 -9999 -9999 -9999 -9999 -9999 -9999 -9999 -9999 -9999 -9999 -9999 -9999 -9999 -9999 -9999 -9999 -9999 -9999 -9999 -9999 -9999 -9999 -9999 -9999
-9999 -9999 -9999 -9999 -9999 -9999 -9999 -9999 -9999 -9999 -9999 -9999 -9999 -9999 -9999 -9999 -9999 -9999 -9999 -9999 -9999 -9999 -9999 -9999 -9999 -9999 -9999 -9999 -9999 -9999 -9999 -9999 -9999 -9999 -9999 -9999 -9999 -9999 -9999 -9999 -9999 -9999 -9999 -9999 -9999 -9999 -9999 -9999 -9999 -9999 -9999 -9999 -9999 -9999 -9999 -9999 -9999 -9999 -9999 -9999 -9999 -9999 -9999 -9999 -9999
1.37739e-11 1.18369e-11 1.13359e-11 1.08437e-11 9.57742e-12 9.76593e-12 3.09648e-12 6.12776e-12 7.43364e-12 5.4301e-12 1.54051e-12 5.09611e-12 4.1806e-12 1.72324e-12 5.308e-12 2.67338e-12 2.14857e-12 1.27014e-12 5.29003e-12 2.41184e-12 5.4848e-13 7.87962e-14 9.22958e-15 -3.74785e-14 5.46792e-13 2.19807e-12 1.18179e-12 4.74848e-12 2.59668e-12 6.75216e-13 9.74913e-14 7.55597e-15 2.25639e-16 4.77822e-20 6.33245e-22 7.77179e-24 2.79302e-26 5.27537e-26 5.4294e-26 5.42961e-26 5.4296e-26 5.42995e-26 5.2667e-26 5.42995e-26 5.42995e-26 5.42947e-26 5.26671e-26 5.42947e-26 5.4296e-26 5.42948e-26 5.42913e-26 5.26669e-26 5.26462e-26 5.4296e-26 5.42945e-26 5.4301e-26 5.42914e-26 5.42975e-26 5.26497e-26 5.4296e-26 5.42975e-26 5.42948e-26 5.4296e-26 5.4296e-26 5.42914e-26
9.09061e-12 9.26674e-12 8.79665e-12 6.67056e-12 5.30116e-12 4.14823e-12 5.29739e-12 4.2414e-12 2.96283e-12 3.12461e-12 3.38082e-12 3.20514e-12 3.1548e-12 2.7004e-12 7.8009e-13 2.59584e-12 3.35314e-12 2.73775e-12 2.24085e-13 -2.68829e-13 -6.7658e-14 -8.83369e-15 5.28044e-16 5.98597e-13 2.68823e-12 3.48231e-12 2.93117e-12 3.58531e-13 -2.62497e-13 -7.78152e-14 -1.26362e-14 -1.03088e-15 -3.19298e-17 -1.61586e-20 2.80336e-21 5.46225e-23 7.08202e-25 3.9601e-26 3.55674e-26 3.55613e-26 3.55619e-26 3.56123e-26 3.54779e-26 3.56211e-26 3.56211e-26 3.55399e-26 3.54982e-26 3.55394e-26 3.5562e-26 3.553e-26 3.54712e-26 3.54784e-26 3.56791e-26 3.55759e-26 3.55557e-26 3.56375e-26 3.54705e-26 3.55862e-26 3.57384e-26 3.55532e-26 3.55774e-26 3.553e-26 3.56154e-26 3.56154e-26 3.54793e-26
6.93037e-12 6.37954e-12 4.19141e-12 3.31595e-12 3.51529e-12 3.40744e-12 3.63095e-12 3.37567e-12 2.95166e-12 1.33551e-12 2.69052e-12 2.98436e-12 7.56266e-13 5.11183e-13 2.75664e-12 3.01498e-12 7.28728e-13 -9.62008e-14 -2.66901e-14 -3.23151e-16 -5.48174e-16 1.0901e-15 1.74897e-14 2.2801e-12 2.90984e-12 7.27715e-13 -9.20257e-14 -2.86186e-14 -1.45671e-15 -8.51356e-16 -1.70861e-16 -2.2284e-17 -1.69992e-18 -6.43981e-20 -5.89725e-22 -7.16107e-24 -1.15018e-25 2.1194e-26 2.102e-26 2.11518e-26 2.11582e-26 2.10139e-26 2.10264e-26 2.11582e-26 2.11349e-26 2.11419e-26 2.13085e-26 2.11248e-26 2.1139e-26 2.09975e-26 2.10136e-26 2.10198e-26 2.13491e-26 2.09876e-26 2.09819e-26 2.09976e-26 2.10136e-26 2.11581e-26 2.132e-26 2.09973e-26 2.10137e-26 2.1014e-26 2.1305e-26 2.12652e-26 2.11248e-26
5.49104e-12 4.33591e-12 3.46414e-12 3.55417e-12 3.5041e-12 3.60806e-12 3.46119e-12 2.89171e-12 1.44475e-12 2.75609e-12 3.01627e-12 5.95702e-13 1.19873e-13 1.97773e-12 3.07916e-12 5.9423e-13 1.43826e-14 9.84885e-16 6.4527e-16 2.0767e-17 2.17337e-15 1.61711e-14 6.0008e-13 3.01788e-12 2.0803e-12 -1.73525e-15 1.0828e-15 5.66922e-16 -1.28162e-16 -7.95607e-18 -8.45245e-19 -1.81757e-19 -1.96042e-20 -1.10047e-21 -3.18156e-23 -2.7993e-25 1.91773e-26 2.00552e-26 1.99976e-26 1.98218e-26 2.00075e-26 1.99975e-26 2.01789e-26 2.00124e-26 1.98446e-26 2.00244e-26 2.00314e-26 2.00437e-26 1.99505e-26 2.00075e-26 1.99979e-26 2.00083e-26 1.99212e-26 2.01888e-26 2.00063e-26 2.00198e-26 2.00084e-26 2.00143e-26 2.00116e-26 2.0008e-26 2.00174e-26 2.00085e-26 2.00215e-26 1.98711e-26 2.00455e-26
3.57698e-12 4.35272e-12 3.58196e-12 3.55504e-12 2.92144e-12 2.59029e-12 2.98978e-12 6.26767e-13 2.11225e-12 3.01516e-12 6.02779e-13 1.84537e-14 7.13211e-13 2.75485e-12 2.16131e-12 6.48153e-15 6.36245e-16 3.29239e-17 9.32143e-18 7.75089e-16 2.37749e-14 6.344e-13 2.92756e-12 2.83375e-12 7.02498e-13 7.50193e-15 1.1883e-15 2.14485e-17 3.59528e-19 -2.44452e-19 -2.25007e-20 -1.07732e-21 -8.8e-23 -5.5183e-24 -2.34682e-25 2.00897e-26 2.69046e-26 2.69131e-26 2.68987e-26 2.67274e-26 2.70181e-26 2.69194e-26 2.69149e-26 2.68266e-26 2.69118e-26 2.69178e-26 2.69044e-26 2.68077e-26 2.70944e-26 2.69098e-26 2.69122e-26 2.6904e-26 2.69121e-26 2.69213e-26 2.6804e-26 2.68931e-26 2.69127e-26 2.69121e-26 2.69166e-26 2.69176e-26 2.68137e-26 2.69118e-26 2.68968e-26 2.68062e-26 2.69115e-26
3.59572e-12 3.41694e-12 4.34662e-12 2.79175e-12 1.41539e-12 2.78228e-12 2.17125e-12 6.71601e-13 2.77829e-12 2.35085e-12 1.07845e-14 6.63796e-13 2.81043e-12 2.95109e-12 5.78919e-13 6.06246e-15 7.68902e-16 1.83108e-17 8.71416e-17 2.41845e-15 1.04e-13 2.0077e-12 2.97158e-12 6.16315e-13 2.63135e-14 2.38578e-15 1.24159e-17 1.47781e-18 4.40967e-20 1.58755e-22 4.60557e-22 2.75128e-24 -1.90581e-25 4.89763e-26 1.54148e-26 1.65829e-26 1.64917e-26 1.65869e-26 1.49583e-26 1.47783e-26 1.63948e-26 1.66757e-26 1.64911e-26 1.65861e-26 1.64079e-26 1.65946e-26 1.49555e-26 1.47777e-26 1.64936e-26 1.64073e-26 1.65975e-26 1.64044e-26 1.64972e-26 1.65936e-26 1.46875e-26 1.49772e-26 1.65827e-26 1.66067e-26 1.65024e-26 1.65841e-26 1.64923e-26 1.65836e-26 1.4786e-26 1.49528e-26 1.64912e-26
3.5587e-12 3.57559e-12 3.55251e-12 2.58279e-12 2.89308e-12 2.96264e-12 1.16182e-12 2.96834e-12 2.80663e-12 6.53081e-13 1.19102e-14 2.35031e-12 2.773e-12 6.56307e-13 7.25912e-15 1.75067e-15 2.70537e-17 2.75533e-17 1.19604e-15 6.04337e-15 7.03894e-13 2.77403e-12 2.17182e-12 7.81511e-15 1.05355e-15 1.01573e-16 2.30561e-18 3.91472e-20 3.5925e-21 4.43553e-23 1.88021e-24 7.29706e-25 1.31626e-26 1.47485e-26 1.44426e-26 1.43355e-26 1.43393e-26 1.44326e-26 1.60022e-26 1.60024e-26 1.43386e-26 1.44313e-26 1.43384e-26 1.4337e-26 1.44298e-26 1.4337e-26 1.6002e-26 1.60025e-26 1.4432e-26 1.44293e-26 1.4336e-26 1.44307e-26 1.44295e-26 1.4427e-26 1.5908e-26 1.59027e-26 1.43402e-26 1.44281e-26 1.43352e-26 1.44339e-26 1.44317e-26 1.43382e-26 1.59007e-26 1.59005e-26 1.43384e-26
2.96439e-12 2.58322e-12 2.989e-12 2.84112e-12 2.80148e-12 6.63712e-13 2.17621e-12 2.77839e-12 7.03121e-13 1.35236e-14 5.85322e-13 3.02241e-12 2.10369e-12 1.1449e-14 1.04628e-15 4.25731e-17 1.34764e-18 4.78391e-17 1.86222e-15 1.11765e-14 2.10145e-12 3.01952e-12 5.81048e-13 4.97066e-15 7.78042e-16 1.58081e-17 5.24011e-19 1.44304e-20 1.8779e-22 8.06827e-24 1.94057e-25 2.0599e-26 1.70354e-26 1.66802e-26 1.677e-26 1.66755e-26 1.65812e-26 1.66744e-26 1.67686e-26 1.6674e-26 1.66751e-26 1.66762e-26 1.66759e-26 1.66772e-26 1.67692e-26 1.66753e-26 1.66736e-26 1.66749e-26 1.67709e-26 1.66759e-26 1.677e-26 1.66748e-26 1.66748e-26 1.66748e-26 1.67687e-26 1.66734e-26 1.65804e-26 1.66762e-26 1.6769e-26 1.66737e-26 1.66733e-26 1.66763e-26 1.65802e-26 1.66734e-26 1.66751e-26
2.73991e-12 2.79113e-12 2.67884e-12 3.02748e-12 2.12676e-12 6.24282e-13 2.97708e-12 2.00601e-12 1.02487e-13 8.32587e-15 2.17433e-12 2.77473e-12 7.00845e-13 6.48203e-15 1.14681e-15 2.96409e-17 2.38161e-17 9.58717e-16 4.5602e-15 6.56235e-13 2.77601e-12 2.35343e-12 7.18123e-15 1.67963e-15 3.13513e-17 1.37699e-18 2.96587e-20 7.31139e-22 1.98886e-23 2.50729e-25 3.54268e-26 2.70009e-26 2.69758e-26 2.71641e-26 2.71648e-26 2.71633e-26 2.71633e-26 2.69778e-26 2.69761e-26 2.69761e-26 2.71637e-26 2.69757e-26 2.71632e-26 2.71635e-26 2.51021e-26 2.69765e-26 2.69781e-26 2.69778e-26 2.7165e-26 2.69776e-26 2.69779e-26 2.6978e-26 2.69782e-26 2.69782e-26 2.6978e-26 2.71652e-26 2.69763e-26 2.69764e-26 2.5291e-26 2.51049e-26 2.51039e-26 2.69765e-26 2.69761e-26 2.71653e-26 2.71635e-26
3.5122e-12 2.97731e-12 2.67687e-12 2.78141e-12 7.80462e-13 2.01301e-12 2.97628e-12 6.14671e-13 4.98102e-14 6.16174e-13 2.97759e-12 2.00421e-12 1.01886e-13 2.38191e-15 4.40543e-17 3.05657e-18 1.29057e-17 9.97524e-16 7.09711e-15 2.35499e-12 2.77646e-12 6.54918e-13 4.67957e-15 9.49326e-16 2.00142e-17 5.28595e-19 1.51832e-20 1.90445e-22 6.40419e-24 7.384e-26 2.83773e-26 2.62644e-26 2.63686e-26 2.46798e-26 2.79642e-26 2.20525e-26 2.1865e-26 2.78697e-26 2.19583e-26 2.17707e-26 2.20521e-26 2.17708e-26 2.17709e-26 2.25347e-26 2.03715e-26 2.23535e-26 2.79635e-26 2.78707e-26 2.78692e-26 2.8057e-26 2.79631e-26 2.8057e-26 2.80568e-26 2.80569e-26 2.80567e-26 2.75882e-26 2.20519e-26 2.25346e-26 2.15923e-26 2.12965e-26 2.07785e-26 2.23538e-26 2.13012e-26 2.75886e-26 2.18645e-26
2.82889e-12 1.27339e-12 2.98558e-12 2.01298e-12 7.83023e-13 2.77741e-12 2.17272e-12 1.25822e-14 6.9849e-13 2.83072e-12 2.94908e-12 6.12741e-13 2.33526e-14 6.37627e-16 4.11912e-17 9.0742e-17 1.57888e-15 6.46545e-15 5.85169e-13 3.02355e-12 2.1011e-12 1.09159e-14 1.86871e-15 3.78364e-17 1.38974e-18 3.32247e-20 6.89102e-22 2.08695e-23 2.15734e-25 1.56001e-26 1.37919e-26 8.81615e-27 1.31952e-26 1.16619e-26 1.22346e-26 1.71379e-26 1.32682e-26 9.22892e-27 1.54324e-26 1.52067e-26 1.52068e-26 1.50193e-26 1.52066e-26 1.10876e-26 8.76825e-27 1.26673e-26 6.76295e-27 9.2948e-28 8.39658e-28 8.02309e-28 5.71125e-28 7.5107e-28 7.5107e-28 7.57046e-28 5.71154e-28 1.17532e-26 1.54323e-26 1.10877e-26 7.85872e-27 4.32112e-27 8.72921e-27 1.53003e-26 1.10875e-26 1.17308e-26 1.65836e-26
2.70638e-12 2.84108e-12 2.95301e-12 1.26524e-12 2.83548e-12 2.96528e-12 5.83191e-13 1.50147e-14 2.10017e-12 3.0211e-12 5.84188e-13 6.44867e-15 1.56318e-15 1.04283e-16 3.0931e-17 6.33037e-16 2.33155e-14 6.12006e-13 2.94686e-12 2.82958e-12 6.9743e-13 5.85888e-15 1.19544e-15 2.49899e-17 6.53698e-19 1.89056e-20 2.32094e-22 8.00892e-24 6.80724e-26 1.07401e-26 1.59734e-26 1.71134e-26 9.02332e-27 7.83253e-27 1.17332e-26 1.18346e-26 1.2925e-26 1.19037e-26 1.28502e-26 1.10383e-26 7.88029e-27 7.51419e-27 1.13577e-26 1.10393e-26 1.25692e-26 1.2266e-26 1.26736e-26 1.27614e-26 1.29508e-26 1.61406e-26 1.61416e-26 1.61414e-26 1.61416e-26 1.61451e-26 1.41691e-26 1.33583e-26 7.82096e-27 7.50573e-27 1.1843e-26 1.19307e-26 1.25689e-26 7.41658e-27 1.66786e-26 1.67788e-26 7.5986e-27
2.70317e-12 3.02867e-12 5.91494e-13 2.35483e-12 2.77846e-12 6.56573e-13 1.06028e-14 6.57108e-13 2.77538e-12 2.35332e-12 7.07496e-15 1.003e-15 8.95815e-18 1.41498e-18 4.90094e-17 2.36937e-15 1.01841e-13 2.0033e-12 2.97645e-12 6.15537e-13 2.60784e-14 2.29581e-15 4.65035e-17 2.07963e-18 4.26465e-20 1.03548e-21 2.69585e-23 3.23198e-25 2.35731e-26 1.21682e-26 1.72432e-26 1.70571e-26 1.37521e-26 1.15994e-26 9.75396e-27 6.30619e-27 5.44563e-27 7.6969e-27 1.95781e-26 1.62233e-26 1.20695e-26 1.25427e-26 1.74449e-26 1.69762e-26 1.19378e-26 1.01111e-26 1.54329e-26 1.4512e-26 9.03037e-27 9.03996e-27 6.85198e-27 6.75577e-27 6.944e-27 1.01522e-26 1.97583e-26 1.85703e-26 1.20722e-26 1.18711e-26 1.73079e-26 1.68519e-26 1.23395e-26 1.17373e-26 1.72574e-26 1.69763e-26 1.20723e-26
2.80087e-12 2.35959e-12 5.8895e-13 3.02278e-12 2.10383e-12 1.27308e-14 8.17675e-15 2.35181e-12 2.77513e-12 6.55331e-13 4.62505e-15 9.57348e-16 2.83834e-17 2.36028e-17 1.17666e-15 6.48771e-15 7.01561e-13 2.77509e-12 2.17325e-12 6.62199e-15 1.04113e-15 1.12632e-16 2.03962e-18 4.82029e-20 3.48256e-21 4.05599e-23 1.69412e-24 3.61579e-26 1.44821e-26 1.30799e-26 1.12916e-26 1.15668e-26 1.18132e-26 1.44824e-26 8.23365e-27 9.94821e-27 9.75666e-27 9.56918e-27 1.58846e-26 1.87561e-26 1.24013e-26 1.24686e-26 1.24033e-26 1.22693e-26 1.16728e-26 1.44031e-26 1.8236e-26 1.7388e-26 8.95303e-27 1.01947e-26 9.85423e-27 9.66305e-27 9.85416e-27 8.97688e-27 1.62759e-26 1.73498e-26 1.2273e-26 1.20069e-26 1.42779e-26 1.63252e-26 1.31348e-26 1.25412e-26 1.70694e-26 1.73503e-26 1.22731e-26
2.77704e-12 6.62225e-13 2.17664e-12 2.77433e-12 7.01644e-13 1.10991e-14 5.8108e-13 3.02007e-12 2.10151e-12 1.09635e-14 1.8675e-15 4.03368e-17 1.40891e-18 4.94173e-17 1.0642e-15 1.12476e-14 2.10146e-12 3.01993e-12 5.81814e-13 4.6664e-15 7.78724e-16 1.61362e-17 5.23929e-19 1.40202e-20 2.02892e-22 8.26926e-24 4.2192e-26 1.2537e-26 1.20603e-26 1.25231e-26 7.88918e-27 7.50801e-28 9.01196e-27 1.21989e-26 1.22679e-26 1.15891e-26 1.16855e-26 1.13655e-26 1.71953e-26 1.72567e-26 1.22022e-26 1.22704e-26 1.22687e-26 1.2136e-26 9.47549e-27 1.04169e-26 2.0445e-26 1.72568e-26 1.58716e-26 1.261e-26 1.14339e-26 1.14346e-26 1.16855e-26 1.32668e-26 1.68628e-26 1.65999e-26 1.21369e-26 1.56063e-26 1.42737e-26 1.04026e-26 1.0067e-26 1.413e-26 1.75244e-26 1.72549e-26 1.21365e-26
2.12405e-12 6.25807e-13 2.97767e-12 2.00399e-12 1.02376e-13 8.99976e-15 2.1725e-12 2.77484e-12 7.01367e-13 6.40142e-15 1.16195e-15 2.79584e-17 3.82594e-17 1.72998e-15 6.01995e-15 6.56294e-13 2.77575e-12 2.35121e-12 6.9733e-15 1.67825e-15 3.24341e-17 1.38336e-18 2.9235e-20 7.29479e-22 1.94803e-23 2.43122e-25 2.10864e-26 1.53191e-26 1.93484e-26 1.20712e-26 1.22082e-26 9.10256e-27 1.23459e-26 1.28172e-26 1.74436e-26 1.74439e-26 1.24682e-26 1.23354e-26 1.7351e-26 1.74444e-26 1.24029e-26 1.24689e-26 1.74447e-26 1.74439e-26 6.75371e-27 7.68679e-27 1.63188e-26 1.50084e-26 1.43897e-26 1.90881e-26 1.46778e-26 1.72581e-26 1.3141e-26 1.58927e-26 1.006e-26 1.25678e-26 1.79035e-26 1.09029e-26 1.21479e-26 2.00895e-26 8.63421e-27 6.56908e-27 1.16776e-26 1.44827e-26 1.24661e-26
