data/CoulombOnly/Outputs_CoulombOnly/release1HS_null_03CoulombOnly_faSavageHutterFoam_pft.asc
xllcenter 1000
yllcenter -5000
nrows 301
ncols 1001
NODATA_value -9999
cellsize 5
[rows 155 to 185 of 301, columns 0 to 69 of 1001]
1.00044e-06 1.00063e-06 9.99991e-07 1.00029e-06 1.00032e-06 1.00003e-06 9.99994e-07 1.002e-06 0.0010399 0.034038 1.75587 1.5 1.49998 1.50203 1.50022 1.501 1.50107 1.50718 1.50491 1.50667 1.50909 1.51171 1.51422 1.51733 1.51888 1.52346 1.52385 1.52656 1.5297 1.53196 1.53349 1.53934 1.53962 1.54214 1.54506 1.54559 1.54792 1.55113 1.55234 1.55441 1.55595 1.55879 1.56193 1.56395 1.56702 1.56965 1.57174 1.57552 1.57829 1.58284 1.58633 1.58902 1.5966 1.5999 1.60269 1.60898 1.61142 1.61535 1.62257 1.62899 1.63232 1.63865 1.64412 1.64777 1.65575 1.66173 1.66693 1.67226 1.68111 1.6871
9.99862e-07 1.00045e-06 1.00018e-06 1.00041e-06 9.99941e-07 1.00084e-06 1.00039e-06 1.00252e-06 0.00102979 0.758149 1.76141 1.50004 1.49987 1.50339 1.50078 1.50478 1.50325 1.50385 1.50564 1.50741 1.51046 1.51139 1.5126 1.5163 1.51639 1.52077 1.52135 1.52334 1.52721 1.52814 1.52792 1.53246 1.53233 1.53308 1.53402 1.53461 1.53685 1.53864 1.53943 1.54145 1.54424 1.54652 1.54849 1.54947 1.55198 1.5536 1.55654 1.5595 1.5615 1.56489 1.56738 1.56834 1.57124 1.57447 1.57685 1.58185 1.58547 1.58935 1.5951 1.59937 1.60331 1.60856 1.61243 1.61545 1.62332 1.62689 1.62993 1.63573 1.64091 1.64322
9.99744e-07 1.00049e-06 9.99982e-07 1.00059e-06 1.00009e-06 9.99976e-07 1.00036e-06 1.00209e-06 0.00102158 0.0356808 1.76693 1.50006 1.49956 1.50078 1.50154 1.50185 1.50163 1.50347 1.50499 1.50628 1.5068 1.50936 1.51179 1.51435 1.51447 1.51792 1.51725 1.51695 1.52016 1.51994 1.51989 1.52201 1.52233 1.52353 1.52695 1.52516 1.52577 1.52797 1.52817 1.52959 1.53257 1.53234 1.53437 1.53576 1.53743 1.53818 1.54197 1.54261 1.5437 1.54452 1.54673 1.54824 1.54869 1.55208 1.55435 1.55775 1.56299 1.56612 1.56826 1.57126 1.575 1.57742 1.58127 1.58364 1.58837 1.59095 1.5928 1.59513 1.595 1.59285
1.00093e-06 1.00017e-06 1.00074e-06 1.00015e-06 1.00043e-06 1.00028e-06 1.00029e-06 1.00235e-06 0.00101004 0.0350637 1.76873 1.50001 1.49993 1.50008 1.50118 1.49962 1.50383 1.50411 1.5034 1.5036 1.50935 1.5094 1.50807 1.50823 1.50861 1.51037 1.51111 1.50946 1.50993 1.51004 1.51168 1.51198 1.51252 1.51391 1.51435 1.51607 1.51735 1.51955 1.51809 1.51851 1.52024 1.52026 1.52108 1.52231 1.52456 1.52448 1.52618 1.52561 1.52649 1.52607 1.5289 1.53157 1.53248 1.53448 1.53656 1.53881 1.54256 1.54454 1.54484 1.54663 1.54869 1.55092 1.55296 1.55515 1.55688 1.5577 1.55704 1.55303 1.54296 1.532
1e-06 1.00038e-06 1.00109e-06 1.00008e-06 1.00024e-06 1.00004e-06 1.00037e-06 1.00246e-06 0.000984561 0.0316342 1.76581 1.5 1.50025 1.5001 1.50418 1.49986 1.5045 1.50349 1.50272 1.50191 1.50431 1.50348 1.50345 1.50519 1.50257 1.50312 1.50755 1.50251 1.50242 1.50754 1.50595 1.50665 1.50575 1.50739 1.507 1.50911 1.50969 1.51088 1.50863 1.50824 1.51132 1.51151 1.50952 1.51374 1.5131 1.51171 1.51122 1.51255 1.51149 1.51284 1.51469 1.51748 1.51832 1.51943 1.52039 1.5217 1.52421 1.52469 1.52449 1.52674 1.52809 1.528 1.52855 1.52912 1.52954 1.52874 1.52291 1.50748 1.49134 1.4526
1.00043e-06 1.00118e-06 1.00072e-06 9.99972e-07 1.00022e-06 1.00022e-06 1.00003e-06 1.00219e-06 0.000956202 0.024547 1.76032 1.5 1.50017 1.50025 1.50054 1.50041 1.501 1.50021 1.50117 1.50296 1.50124 1.50105 1.50315 1.49979 1.50185 1.50056 1.50316 1.50048 1.50053 1.50463 1.49922 1.50152 1.50345 1.50165 1.50026 1.50359 1.5031 1.50219 1.50157 1.5006 1.5021 1.50339 1.50094 1.50804 1.50295 1.50762 1.50148 1.50499 1.50565 1.50775 1.50356 1.50387 1.509 1.50694 1.51107 1.50988 1.5059 1.51088 1.5101 1.51228 1.51316 1.50884 1.51219 1.51036 1.50938 1.50824 1.50472 1.49794 1.48511 1.35088
1.00028e-06 1.00054e-06 1.00005e-06 1.00005e-06 1.0001e-06 1.00111e-06 1.00013e-06 1.00184e-06 0.000921614 0.0180236 1.75407 1.5 1.50009 1.50022 1.49991 1.50021 1.49996 1.50009 1.50026 1.49999 1.50032 1.49945 1.50002 1.50002 1.50201 1.49983 1.5001 1.50097 1.49986 1.50003 1.5 1.50084 1.49982 1.50078 1.50017 1.49982 1.5039 1.49923 1.50163 1.49959 1.50054 1.49972 1.49988 1.50026 1.50041 1.50003 1.50017 1.49999 1.4997 1.50069 1.50011 1.50065 1.50042 1.50153 1.50306 1.50295 1.49996 1.50322 1.50253 1.49989 1.49922 1.50298 1.50037 1.50273 1.50011 1.50003 1.50387 1.49942 1.49325 1.23282
1.0011e-06 1.00051e-06 1.00001e-06 1.00106e-06 1.00005e-06 1.0001e-06 1.00018e-06 1.00159e-06 0.000840321 0.00827968 1.74934 1.50008 1.49998 1.50012 1.50016 1.49992 1.50027 1.50028 1.49984 1.50043 1.50046 1.50002 1.50055 1.50061 1.49973 1.50083 1.50069 1.49986 1.50087 1.50066 1.49998 1.50075 1.50001 1.4999 1.50086 1.50002 1.49959 1.5008 1.50001 1.49999 1.50083 1.50002 1.5 1.50079 1.50006 1.49988 1.50084 1.49998 1.4999 1.50128 1.50003 1.49982 1.50085 1.50004 1.49902 1.50012 1.50004 1.49904 1.50024 1.50007 1.49978 1.50002 1.50001 1.49955 1.50001 1.5 1.49949 1.5001 1.49547 1.09318
1.00074e-06 1.0004e-06 1.00011e-06 1.00042e-06 1.00036e-06 1.00002e-06 1.00016e-06 1.00132e-06 0.000472992 -0.0291705 1.6955 1.45692 1.47331 1.45453 1.456 1.47356 1.45577 1.45749 1.47381 1.45721 1.45971 1.47436 1.45982 1.46333 1.47532 1.46347 1.46436 1.47547 1.46394 1.46429 1.47539 1.46187 1.46662 1.47715 1.46682 1.46765 1.47713 1.46586 1.46685 1.47713 1.46599 1.46691 1.47687 1.46361 1.46479 1.47681 1.46441 1.4649 1.47662 1.46553 1.49733 1.47833 1.46003 1.49763 1.48554 1.49871 1.49487 1.48528 1.49878 1.49521 1.4851 1.49887 1.49548 1.46362 1.43722 1.48974 1.46109 1.43804 1.48367 1.15715
9.99819e-07 1.00018e-06 1.00073e-06 1.00086e-06 1.00058e-06 9.99966e-07 1.00051e-06 1.00091e-06 0.000237791 -0.14366 0.353419 0.378442 1.02627 0.537212 0.55956 1.0744 0.621959 0.626496 1.09719 0.661537 0.657329 1.11097 0.683878 0.676649 1.12182 0.696184 0.686385 1.12676 0.703205 0.691618 1.12794 0.70467 0.697292 1.13794 0.711914 0.701089 1.1378 0.709031 0.698344 1.13746 0.707395 0.69608 1.13448 0.697583 0.685896 1.13252 0.692905 0.6803 1.12936 0.681634 1.31919 1.13373 0.665957 1.32257 0.604653 1.34369 1.26947 0.621539 1.34263 1.27007 0.617504 1.34317 1.26744 0.598294 0.628184 1.17977 0.65423 0.62046 1.16587 0.546012
1.00056e-06 1.00076e-06 1e-06 1.00028e-06 1.0002e-06 9.99987e-07 1.00094e-06 1.00051e-06 1.65894e-06 -0.037821 0.0388104 0.100985 0.0222846 0.218934 0.26337 0.186615 0.332687 0.360677 0.281379 0.404515 0.422248 0.338175 0.450963 0.462205 0.374649 0.482008 0.489866 0.39852 0.502838 0.508641 0.414861 0.518573 0.522588 0.427953 0.529352 0.532222 0.435651 0.536695 0.537654 0.439348 0.539167 0.539514 0.540635 0.539914 0.537776 0.53745 0.537976 0.536497 0.536341 0.536976 0.49465 0.532851 0.535383 0.491223 0.530473 0.529774 0.46157 0.533277 0.524606 0.455594 0.527422 0.518013 0.447192 0.519348 0.515133 0.42016 0.509194 0.504988 0.407462 0.498833
1.00015e-06 1.0003e-06 1.00019e-06 1.00058e-06 9.99963e-07 1.0001e-06 1.00066e-06 9.9988e-07 1.00109e-06 -0.00463826 0.00316942 0.0147774 0.0115746 0.0632711 0.0921244 0.103006 0.144671 0.170242 0.183134 0.213847 0.233256 0.24463 0.266567 0.281623 0.290861 0.306681 0.318126 0.325402 0.337276 0.345482 0.352828 0.359357 0.365605 0.370514 0.375385 0.379193 0.384045 0.38748 0.388658 0.391343 0.394571 0.395664 0.397558 0.400981 0.400363 0.401675 0.406488 0.405253 0.406068 0.411394 0.414859 0.415527 0.414429 0.416007 0.414994 0.414043 0.414818 0.412153 0.409424 0.409607 0.406737 0.403941 0.404284 0.400814 0.39698 0.39391 0.392756 0.388779 0.384708 0.380397
1.00215e-06 1e-06 1.00039e-06 1.0002e-06 1.00029e-06 1.00006e-06 1.00065e-06 1.00052e-06 1.00103e-06 -0.000156797 0.000145736 0.00106889 -0.00788015 0.0115675 0.0219037 0.0206747 0.047863 0.0628971 0.0763184 0.0927401 0.108079 0.120533 0.135431 0.148633 0.15972 0.172261 0.183068 0.192374 0.20235 0.211421 0.219018 0.226618 0.231246 0.237189 0.244382 0.248477 0.2533 0.259959 0.262255 0.265939 0.273771 0.274453 0.277578 0.285092 0.290424 0.293583 0.29574 0.298958 0.30034 0.301352 0.303045 0.303677 0.302533 0.304732 0.303917 0.302162 0.30164 0.301758 0.299966 0.298887 0.299626 0.297431 0.295704 0.295029 0.293898 0.292344 0.287962 0.286125 0.284209 0.28272
1.00001e-06 1e-06 1.0003e-06 1.00046e-06 1.00001e-06 9.99992e-07 1.00028e-06 1.00093e-06 9.9996e-07 1.0002e-06 4.34307e-06 2.82573e-05 0.000369297 0.00132168 0.00321984 0.00643659 0.0113991 0.0172795 0.0234159 0.0316784 0.0398266 0.0473152 0.0569549 0.0658577 0.0735569 0.0829466 0.0899722 0.0969687 0.106235 0.112838 0.119049 0.12801 0.132497 0.138137 0.146922 0.150269 0.155288 0.164553 0.170312 0.175836 0.180399 0.184814 0.18842 0.191166 0.194343 0.197603 0.200107 0.203038 0.204655 0.204355 0.204864 0.207133 0.207297 0.207975 0.210292 0.208986 0.208992 0.210327 0.210694 0.211034 0.208657 0.208239 0.208125 0.207143 0.205177 0.204335 0.202584 0.201058 0.1972 0.194554
1.00064e-06 1e-06 1.00101e-06 9.99882e-07 1.00068e-06 1.00042e-06 1.00088e-06 1.00046e-06 9.99999e-07 1.0007e-06 1.00055e-06 9.90701e-07 6.83371e-06 5.34641e-05 0.000264274 0.000870169 0.00185087 0.00330829 0.00533562 0.00837538 0.0111875 0.0146425 0.0195037 0.0234355 0.0278001 0.0340906 0.0376531 0.0430559 0.0496927 0.0531693 0.0585495 0.0663106 0.0708507 0.0773884 0.0827599 0.0866507 0.0918822 0.0958343 0.098859 0.104191 0.107828 0.110993 0.114904 0.116459 0.116779 0.121581 0.123417 0.125192 0.128167 0.12893 0.130202 0.133022 0.134425 0.136422 0.137217 0.137929 0.13911 0.139142 0.138384 0.139101 0.138832 0.137357 0.138005 0.136411 0.135429 0.133819 0.132015 0.131859 0.131559 0.127973
1.00008e-06 9.99997e-07 1.00144e-06 9.99817e-07 1.00048e-06 1e-06 1.0003e-06 1.00083e-06 1.00001e-06 1.00141e-06 1.00076e-06 1.00117e-06 1.0004e-06 1.0437e-06 -2.46324e-07 4.21371e-05 0.000151918 0.000412284 0.000950783 0.00170679 0.00230784 0.00387513 0.00557826 0.00678093 0.00921526 0.0123292 0.0140121 0.018019 0.0212313 0.0232043 0.0273578 0.0304753 0.0321468 0.0372992 0.0406617 0.0426556 0.0472756 0.0499508 0.0498659 0.0552228 0.0574693 0.0597146 0.0630904 0.0645998 0.0667278 0.0698115 0.0705995 0.0725936 0.0753327 0.0767077 0.0791145 0.0802539 0.0804684 0.0824831 0.0831598 0.0841262 0.0848939 0.0848158 0.0849897 0.084976 0.0845697 0.0854511 0.0848288 0.0837372 0.0843663 0.0844025 0.0835983 0.0811935 0.0791137 0.0789966
1.00228e-06 1.00015e-06 1.00008e-06 1.00008e-06 1.00011e-06 1.00053e-06 1.00051e-06 1.00073e-06 9.9997e-07 1.00029e-06 1.00086e-06 1.00054e-06 1.00095e-06 1.00019e-06 1.00083e-06 1.04535e-06 4.57831e-07 -2.70534e-05 0.000100337 0.000317191 0.000278325 0.000942109 0.00142501 0.00161605 0.00285552 0.00372648 0.00382902 0.00615903 0.00756102 0.00800845 0.0106886 0.0122048 0.0118188 0.0155235 0.0173958 0.0189902 0.0211004 0.0227536 0.0242488 0.0264081 0.0276386 0.029598 0.0320498 0.0332855 0.0357894 0.0373277 0.0381239 0.0401715 0.0412825 0.0413962 0.0437503 0.0442316 0.0452828 0.0464503 0.0467814 0.0474404 0.0479508 0.0479475 0.0491958 0.0498453 0.0485872 0.0496432 0.0494699 0.0495491 0.0485846 0.0472068 0.0477945 0.0480282 0.0458223 0.0456063
9.99963e-07 1.00016e-06 1.00083e-06 1.00068e-06 1.0007e-06 1e-06 1.00034e-06 1.00043e-06 1.0003e-06 1.00076e-06 1.00075e-06 9.99967e-07 1.0008e-06 1.00017e-06 1.00084e-06 1.00013e-06 1.01047e-06 -3.43411e-06 2.54592e-06 1.46113e-05 -9.56822e-05 9.14827e-05 0.000241102 0.000202269 0.000710645 0.000919614 0.000651021 0.0017127 0.00221151 0.00190705 0.00347033 0.00418581 0.00483455 0.0056956 0.00649303 0.00733188 0.00843612 0.00911756 0.0103471 0.011725 0.0122576 0.0139133 0.0150406 0.0151299 0.0170183 0.0179304 0.018081 0.019978 0.0204465 0.0213824 0.0224069 0.0225978 0.0238216 0.0241023 0.0240722 0.0253022 0.0259191 0.0250966 0.0263494 0.0258385 0.0265818 0.0265357 0.0257954 0.0264529 0.026743 0.0265272 0.0255397 0.0243686 0.0248081 0.024242
1.00033e-06 9.99995e-07 1.00046e-06 1.00051e-06 1.00108e-06 1.00005e-06 1.00087e-06 1.00025e-06 1.00003e-06 1.00054e-06 1.00078e-06 1.00005e-06 1.00136e-06 9.99963e-07 1.0008e-06 1.00016e-06 1.00042e-06 9.47672e-07 1.01153e-06 1.0074e-06 -1.93875e-05 2.38391e-06 6.82681e-06 -9.7632e-05 5.6166e-05 0.000127337 2.5543e-05 0.000401673 0.000504726 0.000753549 0.000958635 0.00118214 0.00147998 0.00185044 0.00209271 0.00261301 0.00312974 0.00329371 0.00412483 0.00468476 0.0046733 0.00572606 0.00619861 0.00667543 0.00729759 0.00770969 0.00839555 0.0090416 0.00920676 0.0100783 0.0105921 0.010321 0.0113705 0.0117064 0.0121688 0.0122769 0.0120413 0.0127337 0.0131669 0.0125013 0.0132238 0.0133099 0.0135109 0.0131058 0.0124122 0.0129006 0.0131381 0.0129419 0.012212 0.0114725
1.00011e-06 9.99999e-07 1.00001e-06 1.00053e-06 1.0008e-06 1.00038e-06 1.00076e-06 1.00046e-06 1.00096e-06 9.99972e-07 1.0006e-06 1.0001e-06 1.00069e-06 1.00044e-06 1.00079e-06 1.00054e-06 1.00075e-06 1.00087e-06 1.00076e-06 1.00069e-06 6.68348e-07 1.00081e-06 1.0074e-06 1.06801e-06 1.51956e-06 1.18219e-06 9.53729e-06 1.9704e-05 6.04298e-06 0.000113166 0.00017957 0.000226028 0.000404514 0.000539029 0.000571742 0.00083484 0.000990732 0.000960847 0.00141395 0.00160142 0.00182894 0.0020981 0.00225945 0.00260758 0.0029056 0.00292001 0.00343645 0.00374012 0.00360033 0.00424168 0.0044097 0.00473793 0.00493935 0.00486154 0.00536493 0.00561266 0.00535724 0.00581699 0.00581211 0.00604333 0.00603153 0.00568599 0.00605642 0.00622416 0.00621765 0.00589792 0.0053721 0.00561408 0.00579186 0.00568563
1.00052e-06 1.0007e-06 1.00013e-06 1.0008e-06 9.9996e-07 1.00083e-06 1.0007e-06 1.00011e-06 1.00123e-06 1.00028e-06 1.00123e-06 1.00077e-06 1.00015e-06 1.00075e-06 1.00053e-06 1.00112e-06 1.00087e-06 1.00111e-06 1.00025e-06 1.00076e-06 1.00091e-06 1.00131e-06 1.00157e-06 1.00052e-06 1.00106e-06 9.1074e-07 1.08844e-06 1.19551e-06 -8.33222e-06 4.14001e-06 6.78272e-06 -4.06116e-05 3.4136e-05 4.64169e-05 7.05557e-05 0.000131521 0.000222718 0.000293597 0.000404691 0.000419004 0.00059981 0.000677053 0.000705889 0.000908105 0.00100623 0.000939947 0.00125064 0.00132042 0.00150767 0.00160712 0.00158548 0.00186848 0.00199789 0.00186676 0.00217569 0.00206525 0.00230158 0.00238641 0.00222192 0.00245624 0.0025853 0.00265491 0.00252514 0.00223156 0.00241791 0.00253781 0.00254242 0.00235468 0.00206805 0.00216176
9.99993e-07 1.00089e-06 1.00005e-06 1.0006e-06 1.00094e-06 1.00091e-06 1.00045e-06 1.00002e-06 1.00106e-06 1e-06 1.00074e-06 1.00118e-06 1.00063e-06 1.00041e-06 1.00059e-06 1.00073e-06 1.00087e-06 1.00157e-06 1.00057e-06 1.00068e-06 1.00093e-06 1.0009e-06 1.00128e-06 1.00086e-06 1.00143e-06 1.00095e-06 1.00125e-06 1.00239e-06 7.02775e-07 1.0055e-06 1.10478e-06 -5.70421e-06 1.42462e-06 1.13291e-06 4.74439e-06 5.85475e-06 -2.82534e-06 1.82551e-05 2.94809e-05 -9.02895e-06 6.80062e-05 9.79738e-05 0.000139766 0.000208606 0.000225784 0.000323706 0.000407683 0.000347673 0.000476629 0.000478225 0.00047423 0.000651968 0.000617503 0.000702866 0.000743873 0.000808135 0.000828672 0.000827645 0.000903298 0.000884609 0.000790154 0.000888251 0.000915244 0.000932114 0.000883709 0.000757847 0.000852374 0.000808324 0.000798719 0.000746754
1.00051e-06 1.00106e-06 1.00026e-06 1.0004e-06 1.00067e-06 1.00054e-06 1.00052e-06 1.0009e-06 1.00084e-06 1.00005e-06 1.00098e-06 1.00063e-06 1.00116e-06 1.00004e-06 1.00114e-06 1.00099e-06 9.99974e-07 1.0005e-06 1.00078e-06 1.00092e-06 1.0016e-06 1.00088e-06 1.00093e-06 1.00145e-06 1.00115e-06 1.00091e-06 1.00146e-06 1.00086e-06 1.00228e-06 1.00125e-06 1.00215e-06 1.00157e-06 1.00186e-06 9.86696e-07 1.02226e-06 9.81005e-07 -1.10488e-06 1.1991e-06 1.30721e-06 -1.50736e-05 1.48294e-06 -1.26045e-06 1.01106e-05 1.09498e-05 -3.37448e-05 1.77646e-05 1.21947e-05 -3.06464e-05 4.701e-05 -1.18148e-05 6.41657e-05 0.000108464 0.000119624 0.000111581 0.000106817 0.000169928 0.000211407 0.000165164 0.00020636 0.000205929 0.000204398 0.000204777 0.000132061 0.000170942 0.00019675 0.000207843 0.000190487 0.000221017 0.000140837 0.000110362
9.99573e-07 1.00003e-06 1.00027e-06 1.00043e-06 1.00033e-06 1.0007e-06 1.00019e-06 1.00071e-06 1.00062e-06 1.00017e-06 1.00117e-06 9.99895e-07 1.00105e-06 1.00084e-06 1.00122e-06 1.00061e-06 1.00121e-06 1.00074e-06 1.00133e-06 1.00122e-06 1.00105e-06 1.00081e-06 1.00129e-06 1.00107e-06 1.00109e-06 1.0013e-06 1.00123e-06 1.00072e-06 1.00203e-06 1.0008e-06 1.0024e-06 1.00113e-06 1.00167e-06 1.00189e-06 1.00182e-06 1.00209e-06 1.00222e-06 1.00198e-06 1.00214e-06 1.04662e-06 1.0022e-06 4.74886e-07 1.01486e-06 1.09329e-06 9.70655e-07 1.12666e-06 -4.87957e-06 2.53834e-06 2.46907e-06 -8.6199e-06 1.30398e-06 -3.87999e-06 6.63672e-06 5.02776e-06 -2.41233e-05 4.27986e-06 -2.25511e-05 6.95638e-06 2.76858e-06 5.70472e-06 5.72235e-06 -2.24093e-05 4.813e-06 4.74433e-07 3.24192e-06 -3.43741e-06 -3.44576e-05 5.47064e-06 -8.31451e-06 2.97627e-06
1.00034e-06 1.0008e-06 1.00057e-06 1.0007e-06 9.99983e-07 1.00079e-06 1.00032e-06 1.00079e-06 1.00027e-06 1.00096e-06 1.00098e-06 1.00029e-06 1.00061e-06 1.00102e-06 1.00087e-06 1.00094e-06 1.00031e-06 1.00112e-06 1.00112e-06 1.00109e-06 1.00103e-06 1.00074e-06 1.00081e-06 1.00123e-06 1.00046e-06 1.00208e-06 1.00086e-06 1.00127e-06 1.002e-06 1.00121e-06 1.00166e-06 1.00136e-06 1.00196e-06 1.00172e-06 1.00197e-06 1.00191e-06 1.00214e-06 1.00214e-06 1.00168e-06 1.00214e-06 1.0018e-06 1.00262e-06 1.00231e-06 1.0021e-06 1.00655e-06 1.00228e-06 1.00287e-06 1.00302e-06 9.59739e-07 1.04262e-06 1.00189e-06 7.78962e-07 9.91857e-07 7.08729e-07 9.91569e-07 9.60564e-07 9.96412e-07 1.0146e-06 2.13164e-07 1.04816e-06 9.19287e-07 9.98686e-07 9.70781e-07 4.68127e-07 1.0258e-06 9.14004e-07 1.00564e-06 9.94466e-07 1.00631e-06 9.59127e-07
9.9998e-07 1.00091e-06 1.00113e-06 1.00066e-06 1.001e-06 1.00073e-06 1.0003e-06 1.00117e-06 1.00126e-06 1.00083e-06 1.00065e-06 1.00098e-06 1.00078e-06 1.00141e-06 1.00016e-06 1.00149e-06 1.00057e-06 1.00189e-06 1.00101e-06 1.00138e-06 1.00167e-06 1.00129e-06 1.00158e-06 1.00129e-06 1.00181e-06 1.00173e-06 1.00135e-06 1.00138e-06 1.00212e-06 1.00176e-06 1.00173e-06 1.00137e-06 1.00241e-06 1.00193e-06 1.00168e-06 1.00187e-06 1.0023e-06 1.00233e-06 1.00204e-06 1.00231e-06 1.0019e-06 1.00247e-06 1.00296e-06 1.00282e-06 1.00323e-06 1.0036e-06 1.00283e-06 1.00251e-06 1.00459e-06 1.00298e-06 1.00229e-06 1.00427e-06 1.00361e-06 1.00233e-06 1.00436e-06 1.00436e-06 1.00433e-06 1.0044e-06 1.0055e-06 1.00508e-06 1.00546e-06 1.00582e-06 1.00621e-06 1.00588e-06 1.00726e-06 1.00672e-06 1.00778e-06 1.00713e-06 1.00769e-06 1.00886e-06
1.00021e-06 1.00001e-06 1.00079e-06 1.00062e-06 1.00104e-06 1.00013e-06 1.00057e-06 1.00048e-06 1.00091e-06 1.00085e-06 1.00067e-06 1.00103e-06 1.00129e-06 1.00086e-06 1.0007e-06 1.00179e-06 1.00082e-06 1.00167e-06 1.00039e-06 1.00098e-06 1.00146e-06 1.0008e-06 1.00173e-06 1.00133e-06 1.00169e-06 1.00107e-06 1.00191e-06 1.00094e-06 1.00207e-06 1.00139e-06 1.00235e-06 1.00169e-06 1.00205e-06 1.00233e-06 1.00184e-06 1.00275e-06 1.0022e-06 1.002e-06 1.00224e-06 1.00249e-06 1.0032e-06 1.00249e-06 1.00323e-06 1.00279e-06 1.00287e-06 1.00366e-06 1.00311e-06 1.00273e-06 1.00418e-06 1.00382e-06 1.00375e-06 1.00395e-06 1.00447e-06 1.00457e-06 1.00491e-06 1.00489e-06 1.00525e-06 1.00554e-06 1.00575e-06 1.0056e-06 1.00541e-06 1.00658e-06 1.00616e-06 1.00667e-06 1.00671e-06 1.00798e-06 1.00819e-06 1.00799e-06 1.00928e-06 1.00962e-06
1.00274e-06 1.00074e-06 1.00139e-06 1.00088e-06 1.0006e-06 1.00121e-06 1.00055e-06 1.00047e-06 1.00142e-06 1.00058e-06 1.00114e-06 1.00087e-06 1.00152e-06 1.00077e-06 1.00124e-06 1.00131e-06 1.00088e-06 1.00161e-06 1.00071e-06 1.00167e-06 1.00122e-06 1.00107e-06 1.00118e-06 1.00173e-06 1.00146e-06 1.00137e-06 1.00125e-06 1.00185e-06 1.00214e-06 1.00099e-06 1.00309e-06 1.00107e-06 1.00228e-06 1.00233e-06 1.00237e-06 1.00264e-06 1.00218e-06 1.00289e-06 1.00282e-06 1.00239e-06 1.00298e-06 1.00273e-06 1.00263e-06 1.0034e-06 1.00289e-06 1.00319e-06 1.00345e-06 1.00432e-06 1.00462e-06 1.00457e-06 1.00442e-06 1.00489e-06 1.00469e-06 1.00452e-06 1.00558e-06 1.00557e-06 1.00561e-06 1.00573e-06 1.0059e-06 1.00677e-06 1.00684e-06 1.00787e-06 1.00715e-06 1.00855e-06 1.00825e-06 1.00923e-06 1.00943e-06 1.0097e-06 1.00994e-06 1.01106e-06
9.99892e-07 1.00063e-06 1.0008e-06 1.001e-06 1.00011e-06 1.00092e-06 1.00082e-06 1.0004e-06 1.00113e-06 1.00085e-06 1.00152e-06 1.00129e-06 1.00101e-06 1.00085e-06 1.00162e-06 1.00076e-06 1.001e-06 1.00186e-06 1.00039e-06 1.00179e-06 1.00169e-06 1.00154e-06 1.0016e-06 1.00185e-06 1.00135e-06 1.00243e-06 1.00197e-06 1.00195e-06 1.00295e-06 1.00186e-06 1.00251e-06 1.00174e-06 1.00306e-06 1.00304e-06 1.00244e-06 1.00278e-06 1.0031e-06 1.00225e-06 1.00299e-06 1.00363e-06 1.00334e-06 1.00346e-06 1.00419e-06 1.00348e-06 1.00453e-06 1.00411e-06 1.00397e-06 1.0045e-06 1.00484e-06 1.00486e-06 1.004e-06 1.00483e-06 1.00564e-06 1.00498e-06 1.006e-06 1.00547e-06 1.00654e-06 1.00682e-06 1.00705e-06 1.00733e-06 1.00798e-06 1.00819e-06 1.00888e-06 1.00949e-06 1.01033e-06 1.01062e-06 1.01115e-06 1.01217e-06 1.01238e-06 1.01279e-06
1.00191e-06 1.00032e-06 1.00034e-06 1.00117e-06 1.00106e-06 1.00066e-06 1.00108e-06 1.00062e-06 1.00105e-06 1.0019e-06 1.00088e-06 1.00094e-06 1.00131e-06 1.00091e-06 1.00165e-06 1.00127e-06 1.00125e-06 1.00198e-06 1.00149e-06 1.00168e-06 1.00173e-06 1.00169e-06 1.00177e-06 1.00204e-06 1.00167e-06 1.00229e-06 1.00211e-06 1.0027e-06 1.00266e-06 1.00196e-06 1.00189e-06 1.0024e-06 1.00274e-06 1.00322e-06 1.00244e-06 1.00334e-06 1.00261e-06 1.00392e-06 1.00257e-06 1.00357e-06 1.00336e-06 1.00353e-06 1.00463e-06 1.00306e-06 1.00442e-06 1.0044e-06 1.00498e-06 1.00449e-06 1.00502e-06 1.00561e-06 1.0052e-06 1.00658e-06 1.00602e-06 1.00685e-06 1.00626e-06 1.00757e-06 1.00773e-06 1.00771e-06 1.00839e-06 1.00953e-06 1.00952e-06 1.01011e-06 1.01012e-06 1.01116e-06 1.012e-06 1.01241e-06 1.01318e-06 1.01406e-06 1.01495e-06 1.01588e-06
9.99726e-07 1.00138e-06 1.0007e-06 1.00099e-06 1.00063e-06 1.00125e-06 1.00104e-06 1.00095e-06 1.00105e-06 1.00137e-06 1.00041e-06 1.00143e-06 1.00168e-06 1.00084e-06 1.00207e-06 1.00119e-06 1.00183e-06 1.00173e-06 1.00208e-06 1.0018e-06 1.00201e-06 1.00165e-06 1.00162e-06 1.00196e-06 1.00165e-06 1.00286e-06 1.00185e-06 1.0028e-06 1.00184e-06 1.00323e-06 1.00342e-06 1.00265e-06 1.00351e-06 1.00237e-06 1.00372e-06 1.00337e-06 1.00283e-06 1.00422e-06 1.00392e-06 1.0043e-06 1.00358e-06 1.00421e-06 1.00427e-06 1.00463e-06 1.00471e-06 1.00454e-06 1.00477e-06 1.00563e-06 1.00639e-06 1.00606e-06 1.00665e-06 1.00647e-06 1.00775e-06 1.00731e-06 1.00796e-06 1.00856e-06 1.00929e-06 1.00957e-06 1.01009e-06 1.01081e-06 1.01153e-06 1.01227e-06 1.01355e-06 1.01374e-06 1.01496e-06 1.01577e-06 1.01664e-06 1.01688e-06 1.01933e-06 1.01921e-06
