data/CoulombOnly/Outputs_CoulombOnly/release1HS_null_03CoulombOnly_faSavageHutterFoamGamma_pfv.asc
ncols 1001
nrows 301
xllcenter 1000
yllcenter -5000
cellsize 5
NODATA_value -9999
[rows 145 to 173 of 301, columns 260 to 324 of 1001]
71.1682 71.2824 71.3808 71.4585 71.4908 71.5791 71.8571 71.7348 71.6211 71.5931 72.053 71.9263 71.844 72.2373 72.4319 71.9777 72.143 72.6429 72.1134 72.372 72.8556 72.3463 72.6646 73.0945 72.557 73 73.2875 72.8993 73.3428 73.628 73.0323 73.5213 73.8348 73.3307 73.6286 73.7744 73.7845 74.1802 74.1579 73.9453 74.3518 74.3441 74.1779 74.075 74.4479 74.3162 74.29 74.7601 74.8711 74.4736 74.8558 75.0594 74.7646 75.2429 75.3699 75.1233 75.5514 75.6975 75.4209 75.88 76.2142 75.7026 76.1464 76.3907 76.0652
70.8192 71.0741 71.4675 71.0239 71.2976 71.6613 71.227 71.5201 71.9656 71.5834 71.8307 72.2169 71.8202 72.0771 72.1762 72.3083 72.3741 72.4382 72.7995 72.5664 72.6549 72.8705 72.6217 72.8774 72.9616 72.8598 73.0581 73.1927 73.1098 73.2416 73.5536 73.3113 73.5726 73.9435 73.3257 73.5764 74.0483 73.6287 73.8221 74.2733 73.823 74.1384 74.5935 74.004 74.2173 74.6581 74.3293 74.4918 74.7839 74.8103 75.0271 75.0706 75.1598 75.4195 75.4133 75.3875 75.1652 75.8095 75.7232 75.7069 75.9254 75.916 76.0335 76.2248 76.2931
71.4458 70.7085 71.1808 71.3747 70.9083 71.4013 71.6063 71.2308 71.6066 71.7821 71.6668 71.9086 72.1824 71.847 72.1269 72.2792 72.0943 72.4253 72.8399 72.2895 72.4185 72.9894 72.4593 72.7079 73.2466 72.6633 72.8846 73.3838 72.9268 73.1306 73.6558 73.1416 73.3957 73.5825 73.9887 73.604 73.7349 73.8466 73.8347 74.0605 74.1584 73.7468 74.2543 74.4969 73.9371 74.4431 74.576 74.2212 74.5993 74.759 74.5866 75.1382 75.122 74.926 75.2854 75.4076 75.1399 75.7763 75.9658 75.4904 75.8456 76.3389 75.8455 76.1504 76.5137
71.2154 70.7188 71.1114 71.2548 70.9331 71.2971 71.379 71.0029 71.8907 71.8762 71.5544 71.8637 72.0809 71.7752 71.9665 72.3856 72.0447 72.1901 72.3788 72.4579 72.3999 72.6111 72.7699 72.6227 72.8698 73.3298 72.9968 73.1127 73.3343 72.78 73.3347 73.5451 73.0561 73.3776 73.7507 73.2649 73.6486 73.7997 73.5621 73.8647 74.2021 73.7463 74.0856 74.4127 74.0058 74.3167 74.5469 74.3108 74.6179 74.7489 74.5774 75.2045 75.2051 74.9326 75.1665 75.4942 75.2075 75.5766 75.7591 75.9456 75.7695 76.1246 76.2047 76.1194 76.4877
71.0542 70.6783 71.0275 71.2422 70.8409 71.3066 71.4661 71.1744 71.5235 71.722 71.7355 71.6606 71.8592 72.3357 72.0596 72.2525 72.2987 71.9232 72.2587 72.4309 72.1343 72.5734 72.8544 72.2905 72.7107 73.0731 72.6236 72.9611 73.24 72.8256 73.1712 73.5064 73.0226 73.4256 73.6441 73.2058 73.5981 73.7925 73.4016 73.878 74.0137 73.6644 74.1864 74.2587 73.9468 74.4095 74.5273 74.2057 74.6984 74.7558 74.5892 74.908 75.0436 75.1863 75.0901 75.3307 75.532 75.1565 75.6883 75.8482 75.7624 76.0372 76.2391 75.8758 76.3697
71.0068 70.6644 71.061 71.2232 70.8615 71.2391 71.1945 71.9043 71.1439 71.5607 71.7312 71.6618 71.7048 72.1282 71.661 72.196 72.3671 71.9394 72.2881 72.4336 72.0893 72.6299 72.9409 72.2071 72.7347 72.8019 72.5161 73.0681 73.1978 72.7908 73.2671 73.5372 73.0214 73.3691 73.6918 73.2091 73.5715 73.9085 73.3769 73.8656 74.0049 73.6926 74.0845 74.3687 73.8763 74.4445 74.5277 74.1651 74.6529 74.7411 75.2028 74.6302 74.999 75.1963 75.1109 75.3398 75.5929 75.281 75.7001 75.8204 75.7481 75.905 76.0584 75.8025 76.3706
71.0663 70.6842 71.0624 71.2347 70.8447 71.3088 71.4373 71.1671 71.5442 71.6654 71.7792 71.6696 71.8358 72.032 71.9299 72.1287 72.2177 71.9114 72.2638 72.4454 72.1488 72.5964 72.8615 72.2825 72.71 72.9322 72.5811 72.9198 73.2104 72.7935 73.1509 73.4248 73.0201 73.4424 73.5367 73.2191 73.6396 73.8465 73.4086 73.9198 74.0109 73.6646 74.1211 74.3253 73.9426 74.4676 74.5064 74.2212 74.6514 74.8181 74.5497 74.9116 74.9971 75.2085 75.0918 75.3618 75.4679 75.2055 75.7167 75.8367 75.7694 75.995 76.2678 75.8779 76.3732
71.1038 70.7232 71.2157 71.2758 70.9815 71.2924 71.5055 71.0012 71.8343 71.9615 71.4765 71.8244 72.0165 71.7832 71.9958 72.3709 72.0322 72.252 72.3899 72.4487 72.3954 72.6218 72.8534 72.6901 72.8432 73.0531 72.8965 73.1012 73.2959 72.7653 73.2838 73.5462 73.0452 73.4269 73.8075 73.2824 73.6417 73.7848 73.5316 73.8756 74.0942 73.7456 74.0729 74.3908 73.9855 74.3128 74.6904 74.3081 74.5986 74.7107 74.6819 75.0395 75.1963 74.9382 75.1973 75.5123 75.2493 75.6173 75.755 75.9951 75.7619 76.1527 76.3379 76.1139 76.4978
71.301 70.7035 71.1887 71.4147 70.9305 71.4138 71.75 71.2453 71.5714 72.017 71.6831 71.8081 72.1458 71.8792 72.0249 72.28 72.0861 72.4014 72.8399 72.3019 72.4536 72.9375 72.4811 72.7103 73.208 72.7391 72.9071 73.4125 72.9557 73.1369 73.6011 73.1488 73.3776 73.5965 73.9974 73.6211 73.7516 73.8335 73.8187 73.9774 74.1 73.7428 74.2464 74.5003 73.9529 74.4899 74.8192 74.281 74.6141 74.8691 74.5731 75.0877 75.2578 75.0144 75.1999 75.4562 75.2202 75.7715 75.9173 75.5385 75.8185 76.3016 75.8652 76.1338 76.4704
70.8768 71.0697 71.6413 71.0703 71.282 71.7392 71.2096 71.5725 71.8644 71.5589 71.7938 72.1852 71.8149 72.0798 72.2216 72.2983 72.5744 72.4866 72.7513 72.6162 72.6391 73.0607 72.4857 72.8855 72.9086 72.7588 73.1512 73.2101 73.0907 73.2885 73.5433 73.2896 73.5415 73.893 73.3778 73.5725 74.0596 73.6539 73.8307 74.2568 73.8722 74.0461 74.5669 73.9754 74.2973 74.6928 74.2825 74.605 74.718 74.6743 75.1223 75.1516 74.9748 75.3726 75.4382 75.3576 75.1953 75.7909 75.7247 75.7483 76.042 76.0336 76.0626 76.1839 76.3247
71.1579 71.2782 71.5355 71.4881 71.4456 71.3702 71.9651 71.4536 71.6803 71.573 71.9105 72.193 71.8484 72.0711 72.436 71.9587 72.2158 72.6825 72.1574 72.3616 72.861 72.3106 72.5985 73.083 72.576 72.9685 73.1876 72.8846 73.3499 73.6013 73.0729 73.4512 73.7228 73.3524 73.6595 73.7631 73.7859 74.2194 74.2476 73.9104 74.3513 74.3391 74.2099 73.9988 74.549 74.3541 74.3089 74.7585 74.9481 74.4897 74.9758 75.1267 74.8911 75.2413 75.3729 75.1819 75.6135 75.7295 75.475 75.909 76.228 75.7543 76.1756 76.3405 76.0625
71.2773 71.2994 70.8196 71.224 71.5811 70.9923 71.6058 71.9387 71.2833 71.6814 72.0772 71.4382 71.9106 72.3251 71.6773 72.1194 72.4952 71.8314 72.375 72.728 72.1299 72.5815 72.9347 72.2757 72.6808 72.9698 72.7098 73.0503 73.1276 73.128 73.3436 73.3549 73.3443 73.6143 73.5828 73.8668 73.0779 73.8139 74.033 73.399 74.0406 74.2031 73.5693 74.191 74.538 73.983 74.5051 74.8754 74.1853 74.7202 74.8584 74.5252 75.2557 75.2604 74.9005 75.4437 75.4132 75.401 75.7894 75.6986 75.8298 75.3726 75.9906 76.0211 75.7088
69.3277 69.2007 70.2448 69.5659 69.193 70.3492 69.472 69.2014 70.3363 69.6188 69.0949 70.3349 69.8323 69.1488 70.5769 69.9035 68.9312 70.5071 69.932 68.9296 70.7469 69.9168 68.8464 70.6377 70.0737 68.9643 70.7901 70.091 69.0361 68.9001 69.9374 68.9611 68.8486 69.9936 68.9925 68.5183 69.8668 69.0069 68.3561 69.8589 69.2483 68.5083 70.2902 69.4861 68.6628 70.5287 69.8036 68.8874 70.7601 70.2885 69.5209 72.1079 70.4385 68.8168 71.5126 71.1188 70.3901 70.2841 71.7142 70.8417 70.7462 72.3195 71.4157 71.321 73.0006
53.2355 51.6697 51.722 52.503 51.3787 51.1277 51.8389 50.4552 50.0334 50.3285 48.0945 48.1813 48.0196 46.1553 45.7487 45.311 44.3368 43.8002 43.1327 41.7384 42.2261 41.9747 39.809 41.615 40.4381 37.0383 40.023 38.3913 30.903 36.8832 37.695 26.9985 33.5595 36.7706 35.6133 30.6067 35.5685 34.3507 28.1252 34.756 34.0012 27.0997 34.1743 34.2576 25.9971 33.9783 34.5863 25.4185 33.6739 34.7413 23.3542 32.4743 35.7634 36.8268 35.9416 37.0334 37.4137 34.5841 38.8968 39.116 36.7817 40.5547 40.5885 37.7116 41.9314
0.00875573 -5.41751 2.16846 0.701798 -5.03123 2.15255 0.972337 -4.46871 1.98596 0.862178 -3.59109 1.61477 1.05754 -2.63916 -8.41703 0.697881 -1.71634 -7.27242 0.521729 -1.16451 -6.33427 0.469236 -0.849397 -5.60322 0.480295 -0.719847 -4.13989 0.433244 -0.390161 -2.76055 0.320146 -0.21382 -1.94296 0.177336 -0.0457084 -1.48263 0.132447 0.0734737 -1.12434 -4.7663 0.12941 -0.939108 -3.93085 0.148211 -0.771117 -3.53098 0.180038 -0.591052 -2.99712 0.202192 -0.295524 -2.03756 0.121881 -0.00938095 -1.61446 -7.28525 0.138912 -1.3109 -6.30771 0.31266 -1.01175 -5.75231 0.468201 -0.790844 -5.34587
-0.0754524 0.00143329 -0.0138618 -0.0669095 0.00111061 -0.00838895 -0.0662613 0.00114167 -0.00560582 -0.0375019 0.000665181 -0.00178053 -0.043891 0.000719147 -0.000342595 -0.0183881 0.000552076 -0.000132199 -0.00895458 0.000296145 4.06054e-06 -0.00397819 0.000125792 9.38016e-05 -0.00185767 5.22778e-05 0.000159114 -0.00107339 -0.00937257 7.31427e-05 -0.000377254 -0.00506235 5.64681e-05 -0.000348686 -0.00288133 3.62251e-05 -0.000126581 -0.00194011 3.26394e-05 3.56136e-06 -0.00125419 2.75856e-05 3.37984e-05 -0.00120317 -0.0100708 5.82894e-05 -0.000912124 -0.00737688 7.72641e-05 -0.000650565 -0.00510984 7.41419e-05 -0.0003457 -0.00364737 6.66709e-05 -0.000262682 -0.00259155 5.72558e-05 0.000104437 -0.00237758 -0.0444264 0.000227693 -0.00313548 -0.0360183 0.000374697
2.4015e-05 2.39786e-05 2.40819e-05 2.40177e-05 2.39718e-05 2.40467e-05 2.40139e-05 2.39442e-05 2.40515e-05 2.40072e-05 2.39179e-05 2.40202e-05 2.39884e-05 2.38914e-05 2.40085e-05 2.39937e-05 2.38691e-05 2.3966e-05 2.39498e-05 2.38261e-05 2.3825e-05 2.38977e-05 2.38216e-05 2.37978e-05 2.38864e-05 2.37976e-05 2.37274e-05 2.38511e-05 2.37734e-05 2.3704e-05 2.3795e-05 2.37406e-05 2.36374e-05 2.37263e-05 2.36923e-05 2.3587e-05 2.36856e-05 2.36292e-05 2.35417e-05 2.35017e-05 2.3583e-05 2.34864e-05 2.34315e-05 2.35004e-05 2.34182e-05 2.33806e-05 2.34182e-05 2.33789e-05 2.32711e-05 2.335e-05 2.33112e-05 2.31958e-05 2.31681e-05 2.32034e-05 2.31195e-05 2.30882e-05 2.31076e-05 2.30657e-05 2.29873e-05 2.30142e-05 2.29707e-05 2.2887e-05 2.28628e-05 2.28959e-05 2.2779e-05
2.48258e-05 2.47176e-05 2.46622e-05 2.47965e-05 2.47305e-05 2.46482e-05 2.4787e-05 2.4733e-05 2.46219e-05 2.47419e-05 2.47126e-05 2.46177e-05 2.47213e-05 2.47097e-05 2.45618e-05 2.46955e-05 2.46575e-05 2.45432e-05 2.45089e-05 2.4613e-05 2.45202e-05 2.44713e-05 2.45925e-05 2.44982e-05 2.44278e-05 2.45314e-05 2.44602e-05 2.43755e-05 2.44832e-05 2.44509e-05 2.43199e-05 2.44225e-05 2.43833e-05 2.42818e-05 2.42168e-05 2.43421e-05 2.42254e-05 2.41655e-05 2.42409e-05 2.4176e-05 2.40841e-05 2.41711e-05 2.41148e-05 2.40215e-05 2.40592e-05 2.4037e-05 2.39061e-05 2.38636e-05 2.39534e-05 2.38537e-05 2.37834e-05 2.38604e-05 2.37386e-05 2.36658e-05 2.37431e-05 2.36848e-05 2.36003e-05 2.35393e-05 2.35717e-05 2.34744e-05 2.34184e-05 2.34677e-05 2.33596e-05 2.33182e-05 2.33246e-05
2.54203e-05 2.55661e-05 2.54772e-05 2.5401e-05 2.55415e-05 2.54812e-05 2.53844e-05 2.55276e-05 2.54556e-05 2.53772e-05 2.55037e-05 2.54166e-05 2.53462e-05 2.54733e-05 2.54108e-05 2.53079e-05 2.54301e-05 2.53931e-05 2.52741e-05 2.53818e-05 2.53618e-05 2.52236e-05 2.51831e-05 2.5298e-05 2.52116e-05 2.5128e-05 2.52404e-05 2.51737e-05 2.50729e-05 2.51773e-05 2.51168e-05 2.50105e-05 2.5129e-05 2.50742e-05 2.4935e-05 2.48865e-05 2.49997e-05 2.48707e-05 2.48264e-05 2.48953e-05 2.48306e-05 2.47252e-05 2.48206e-05 2.47778e-05 2.46503e-05 2.47053e-05 2.46551e-05 2.45486e-05 2.44655e-05 2.45574e-05 2.4462e-05 2.43648e-05 2.4412e-05 2.43561e-05 2.42363e-05 2.41773e-05 2.42501e-05 2.41385e-05 2.40595e-05 2.41132e-05 2.40277e-05 2.39217e-05 2.39883e-05 2.39156e-05 2.37867e-05
2.62859e-05 2.64393e-05 2.63827e-05 2.62711e-05 2.64018e-05 2.6349e-05 2.62356e-05 2.63917e-05 2.63463e-05 2.62075e-05 2.63714e-05 2.6291e-05 2.6187e-05 2.6131e-05 2.62776e-05 2.6166e-05 2.60941e-05 2.62237e-05 2.61344e-05 2.60355e-05 2.61687e-05 2.61259e-05 2.59931e-05 2.61138e-05 2.6055e-05 2.59459e-05 2.60556e-05 2.60068e-05 2.58843e-05 2.58008e-05 2.59241e-05 2.58434e-05 2.5736e-05 2.58333e-05 2.57831e-05 2.56576e-05 2.57437e-05 2.56998e-05 2.5574e-05 2.5489e-05 2.56035e-05 2.55083e-05 2.53975e-05 2.54879e-05 2.54286e-05 2.52889e-05 2.53818e-05 2.52949e-05 2.51886e-05 2.51083e-05 2.51852e-05 2.50959e-05 2.49685e-05 2.5039e-05 2.49563e-05 2.48367e-05 2.47713e-05 2.48389e-05 2.47184e-05 2.46198e-05 2.4688e-05 2.46017e-05 2.44827e-05 2.44251e-05 2.44332e-05
2.71741e-05 2.73554e-05 2.72944e-05 2.71705e-05 2.73414e-05 2.72995e-05 2.71435e-05 2.72873e-05 2.72438e-05 2.71194e-05 2.72644e-05 2.72208e-05 2.71033e-05 2.70153e-05 2.71736e-05 2.70953e-05 2.6967e-05 2.7121e-05 2.70346e-05 2.69121e-05 2.70635e-05 2.70065e-05 2.68654e-05 2.69855e-05 2.69243e-05 2.68312e-05 2.67149e-05 2.68512e-05 2.67851e-05 2.66343e-05 2.67755e-05 2.67044e-05 2.65813e-05 2.66944e-05 2.6602e-05 2.65084e-05 2.64115e-05 2.65196e-05 2.64208e-05 2.62964e-05 2.64036e-05 2.63276e-05 2.62117e-05 2.61041e-05 2.61938e-05 2.61054e-05 2.59876e-05 2.60671e-05 2.59895e-05 2.58559e-05 2.57691e-05 2.58515e-05 2.57509e-05 2.5614e-05 2.5681e-05 2.56105e-05 2.54747e-05 2.53976e-05 2.54389e-05 2.53377e-05 2.52167e-05 2.52786e-05 2.51739e-05 2.50755e-05 2.49599e-05
2.84024e-05 2.83463e-05 2.82541e-05 2.81356e-05 2.83079e-05 2.82472e-05 2.81115e-05 2.82781e-05 2.82052e-05 2.80806e-05 2.82523e-05 2.81758e-05 2.80336e-05 2.81904e-05 2.81394e-05 2.8007e-05 2.78986e-05 2.8078e-05 2.80011e-05 2.78501e-05 2.80119e-05 2.79387e-05 2.77992e-05 2.7931e-05 2.78745e-05 2.77589e-05 2.76347e-05 2.77882e-05 2.77e-05 2.7573e-05 2.77098e-05 2.76231e-05 2.74611e-05 2.75886e-05 2.75131e-05 2.7403e-05 2.72684e-05 2.73873e-05 2.73004e-05 2.71544e-05 2.72601e-05 2.71891e-05 2.70663e-05 2.69307e-05 2.70664e-05 2.69827e-05 2.68163e-05 2.68885e-05 2.68065e-05 2.66807e-05 2.65789e-05 2.66591e-05 2.65531e-05 2.63983e-05 2.63286e-05 2.63851e-05 2.62858e-05 2.61418e-05 2.61774e-05 2.6106e-05 2.59797e-05 2.5843e-05 2.58912e-05 2.57895e-05 2.56657e-05
2.9466e-05 2.93594e-05 2.95224e-05 2.94223e-05 2.93675e-05 2.92079e-05 2.9394e-05 2.93289e-05 2.91629e-05 2.93609e-05 2.92741e-05 2.91429e-05 2.93262e-05 2.92284e-05 2.91323e-05 2.92641e-05 2.91653e-05 2.91055e-05 2.8933e-05 2.91116e-05 2.90196e-05 2.886e-05 2.90594e-05 2.89335e-05 2.88204e-05 2.8693e-05 2.88436e-05 2.87745e-05 2.86273e-05 2.87682e-05 2.86744e-05 2.85692e-05 2.84227e-05 2.85538e-05 2.84555e-05 2.83244e-05 2.84363e-05 2.83476e-05 2.82452e-05 2.80847e-05 2.82111e-05 2.81004e-05 2.79698e-05 2.78359e-05 2.79495e-05 2.7853e-05 2.76873e-05 2.77941e-05 2.76845e-05 2.75778e-05 2.74048e-05 2.75202e-05 2.74098e-05 2.72787e-05 2.71222e-05 2.72163e-05 2.71074e-05 2.69575e-05 2.68238e-05 2.68888e-05 2.67764e-05 2.6625e-05 2.65249e-05 2.65525e-05 2.64527e-05
3.07714e-05 3.06713e-05 3.05881e-05 3.07404e-05 3.06606e-05 3.06108e-05 3.0413e-05 3.06149e-05 3.0552e-05 3.03802e-05 3.0562e-05 3.0464e-05 3.0379e-05 3.05335e-05 3.03933e-05 3.0349e-05 3.01649e-05 3.03672e-05 3.02969e-05 3.01621e-05 3.03074e-05 3.01405e-05 3.01054e-05 2.9922e-05 3.01289e-05 2.99661e-05 2.98853e-05 3.00253e-05 2.99172e-05 2.98064e-05 2.96641e-05 2.97994e-05 2.97096e-05 2.96001e-05 2.94238e-05 2.95711e-05 2.9446e-05 2.9332e-05 2.91664e-05 2.93384e-05 2.92056e-05 2.90685e-05 2.89177e-05 2.90574e-05 2.8935e-05 2.87878e-05 2.88673e-05 2.87665e-05 2.86305e-05 2.84582e-05 2.85412e-05 2.84341e-05 2.83017e-05 2.81426e-05 2.80064e-05 2.81008e-05 2.79698e-05 2.77955e-05 2.76868e-05 2.77255e-05 2.76116e-05 2.74512e-05 2.73002e-05 2.73853e-05 2.72328e-05
3.23472e-05 3.22701e-05 3.20368e-05 3.23087e-05 3.22531e-05 3.20525e-05 3.22336e-05 3.20959e-05 3.20447e-05 3.21565e-05 3.20663e-05 3.20076e-05 3.18208e-05 3.1987e-05 3.18409e-05 3.18053e-05 3.15554e-05 3.17909e-05 3.17449e-05 3.15876e-05 3.17105e-05 3.15881e-05 3.15137e-05 3.13345e-05 3.14953e-05 3.13799e-05 3.1282e-05 3.10799e-05 3.12544e-05 3.11142e-05 3.10437e-05 3.08397e-05 3.10068e-05 3.08565e-05 3.08005e-05 3.05638e-05 3.07407e-05 3.06058e-05 3.0511e-05 3.03588e-05 3.04763e-05 3.03186e-05 3.02273e-05 3.00661e-05 3.01652e-05 3.00394e-05 2.9905e-05 2.97901e-05 2.95676e-05 2.97105e-05 2.95286e-05 2.94068e-05 2.92273e-05 2.93343e-05 2.91937e-05 2.90441e-05 2.88711e-05 2.8709e-05 2.88125e-05 2.86829e-05 2.85211e-05 2.83537e-05 2.83852e-05 2.8249e-05 2.81106e-05
3.24801e-05 3.25165e-05 3.25977e-05 3.2531e-05 3.26108e-05 3.26358e-05 3.26932e-05 3.27121e-05 3.27359e-05 3.27542e-05 3.2779e-05 3.27619e-05 3.28195e-05 3.28325e-05 3.28473e-05 3.28336e-05 3.29419e-05 3.29199e-05 3.29448e-05 3.29127e-05 3.27835e-05 3.30051e-05 3.29609e-05 3.29823e-05 3.29454e-05 3.30709e-05 3.30807e-05 3.30793e-05 3.30632e-05 3.28694e-05 3.30856e-05 3.29529e-05 3.27589e-05 3.25817e-05 3.22367e-05 3.24192e-05 3.22275e-05 3.21426e-05 3.20059e-05 3.17094e-05 3.18804e-05 3.17108e-05 3.16171e-05 3.14758e-05 3.12173e-05 3.13719e-05 3.1198e-05 3.10949e-05 3.09519e-05 3.07115e-05 3.08443e-05 3.06389e-05 3.04758e-05 3.03787e-05 3.01775e-05 3.02819e-05 3.01175e-05 2.99613e-05 2.98089e-05 2.96325e-05 2.94404e-05 2.95391e-05 2.9352e-05 2.92086e-05 2.89975e-05
2.1867e-05 2.57985e-05 2.83927e-05 2.18208e-05 2.57542e-05 2.85093e-05 2.17457e-05 2.56192e-05 2.86874e-05 3.00561e-05 2.53557e-05 2.88729e-05 3.04559e-05 2.53282e-05 2.89699e-05 3.08983e-05 2.52367e-05 2.90935e-05 3.12197e-05 2.51734e-05 2.91778e-05 3.1526e-05 2.52127e-05 2.92858e-05 3.19052e-05 2.51791e-05 2.94664e-05 3.21531e-05 2.53243e-05 3.00868e-05 3.18515e-05 3.17948e-05 3.19202e-05 3.21557e-05 3.22518e-05 3.24292e-05 3.26084e-05 3.27284e-05 3.28017e-05 3.28494e-05 3.28979e-05 3.2923e-05 3.29984e-05 3.30083e-05 3.30413e-05 3.30251e-05 3.29931e-05 3.27737e-05 3.28282e-05 3.25645e-05 3.23223e-05 3.21012e-05 3.19833e-05 3.18213e-05 3.15649e-05 3.13374e-05 3.14293e-05 3.12598e-05 3.10706e-05 3.09287e-05 3.07614e-05 3.05691e-05 3.03372e-05 3.04433e-05 3.0221e-05
2.02778e-05 1.99344e-05 1.96955e-05 2.02667e-05 1.9918e-05 1.96811e-05 2.02401e-05 1.99418e-05 1.968e-05 2.02394e-05 1.99842e-05 1.96548e-05 2.02123e-05 1.99896e-05 1.9681e-05 2.01963e-05 1.99774e-05 1.96349e-05 2.02024e-05 1.99885e-05 1.96481e-05 2.01795e-05 1.99541e-05 1.96217e-05 2.01497e-05 1.99573e-05 1.96017e-05 2.01553e-05 1.99123e-05 1.92449e-05 2.05336e-05 2.21911e-05 2.51583e-05 2.1878e-05 2.60534e-05 2.81695e-05 2.19002e-05 2.64405e-05 2.9192e-05 2.17591e-05 2.6522e-05 2.97821e-05 2.16491e-05 2.66904e-05 3.02389e-05 2.1677e-05 2.74763e-05 3.11499e-05 3.23368e-05 3.2295e-05 3.256e-05 3.26977e-05 3.28069e-05 3.28627e-05 3.2912e-05 3.29375e-05 3.29898e-05 3.30071e-05 3.29238e-05 3.2582e-05 3.22382e-05 3.19739e-05 3.20276e-05 3.18059e-05 3.15931e-05
2.01453e-05 2.01547e-05 2.01286e-05 2.01495e-05 2.01355e-05 2.01251e-05 2.01235e-05 2.01244e-05 2.01063e-05 2.01023e-05 2.01037e-05 2.01127e-05 2.0086e-05 2.00776e-05 2.01198e-05 2.0083e-05 2.00794e-05 2.01016e-05 2.00609e-05 2.0072e-05 2.008e-05 2.00723e-05 2.00717e-05 2.0061e-05 2.00424e-05 2.00138e-05 2.00395e-05 2.00052e-05 2.00195e-05 2.00167e-05 1.99947e-05 1.98003e-05 1.95213e-05 2.01169e-05 1.96747e-05 1.94746e-05 2.01181e-05 1.97009e-05 1.94463e-05 2.00948e-05 1.97215e-05 1.94671e-05 2.00756e-05 1.97108e-05 1.94341e-05 2.00605e-05 1.95565e-05 2.15834e-05 2.18768e-05 2.64158e-05 2.85507e-05 2.23848e-05 2.7934e-05 3.01194e-05 2.21098e-05 2.85065e-05 3.12036e-05 3.10049e-05 3.05097e-05 3.23411e-05 3.26883e-05 3.27437e-05 3.28243e-05 3.29245e-05 3.28571e-05
