data/CoulombOnly/Outputs_CoulombOnly/release1HS_null_03CoulombOnly_faSavageHutterFoam_pft.asc
xllcenter 1000
yllcenter -5000
nrows 301
ncols 1001
NODATA_value -9999
cellsize 5
[rows 93 to 123 of 301, columns 350 to 419 of 1001]
-9999 -9999 -9999 -9999 -9999 -9999 -9999 -9999 -9999 -9999 -9999 -9999 -9999 -9999 -9999 -9999 -9999 -9999 -9999 -9999 -9999 -9999 -9999 -9999 -9999 -9999 -9999 -9999 -9999 -9999 -9999 -9999 -9999 -9999 -9999 -9999 -9999 -9999 -9999 -9999 -9999 -9999 -9999 -9999 -9999 -9999 -9999 -9999 -9999 -9999 -9999 -9999 -9999 -9999 -9999 -9999 -9999 -9999 -9999 -9999 -9999 -9999 -9999 -9999 -9999 -9999 -9999 -9999 -9999 -9999
-9999 -9999 -9999 -9999 -9999 -9999 -9999 -9999 -9999 -9999 -9999 -9999 -9999 -9999 -9999 -9999 -9999 -9999 -9999 -9999 -9999 -9999 -9999 -9999 -9999 -9999 -9999 -9999 -9999 -9999 -9999 -9999 -9999 -9999 -9999 -9999 -9999 -9999 -9999 -9999 -9999 -9999 -9999 -9999 -9999 -9999 -9999 -9999 -9999 -9999 -9999 -9999 -9999 -9999 -9999 -9999 -9999 -9999 -9999 -9999 -9999 -9999 -9999 -9999 -9999 -9999 -9999 -9999 -9999 -9999
-9999 -9999 -9999 -9999 -9999 -9999 -9999 -9999 -9999 -9999 -9999 -9999 -9999 -9999 -9999 -9999 -9999 -9999 -9999 -9999 -9999 -9999 -9999 -9999 -9999 -9999 -9999 -9999 -9999 -9999 -9999 -9999 -9999 -9999 -9999 -9999 -9999 -9999 -9999 -9999 -9999 -9999 -9999 -9999 -9999 -9999 -9999 -9999 -9999 -9999 -9999 -9999 -9999 -9999 -9999 -9999 -9999 -9999 -9999 -9999 -9999 -9999 -9999 -9999 -9999 -9999 -9999 -9999 -9999 -9999
-9999 -9999 -9999 -9999 -9999 -9999 -9999 -9999 -9999 -9999 -9999 -9999 -9999 -9999 -9999 -9999 -9999 -9999 -9999 -9999 -9999 -9999 -9999 -9999 -9999 -9999 -9999 -9999 -9999 -9999 -9999 -9999 -9999 -9999 -9999 -9999 -9999 -9999 -9999 -9999 -9999 -9999 -9999 -9999 -9999 -9999 -9999 -9999 -9999 -9999 -9999 -9999 -9999 -9999 -9999 -9999 -9999 -9999 -9999 -9999 -9999 -9999 -9999 -9999 -9999 -9999 -9999 -9999 -9999 -9999
-9999 -9999 -9999 -9999 -9999 -9999 -9999 -9999 -9999 -9999 -9999 -9999 -9999 -9999 -9999 -9999 -9999 -9999 -9999 -9999 -9999 -9999 -9999 -9999 -9999 -9999 -9999 -9999 -9999 -9999 -9999 -9999 -9999 -9999 -9999 -9999 -9999 -9999 -9999 -9999 -9999 -9999 -9999 -9999 -9999 -9999 -9999 -9999 -9999 -9999 -9999 -9999 -9999 -9999 -9999 -9999 -9999 -9999 -9999 -9999 -9999 -9999 -9999 -9999 -9999 -9999 -9999 -9999 -9999 -9999
-9999 -9999 -9999 -9999 -9999 -9999 -9999 -9999 -9999 -9999 -9999 -9999 -9999 -9999 -9999 -9999 -9999 -9999 -9999 -9999 -9999 -9999 -9999 -9999 -9999 -9999 -9999 -9999 -9999 -9999 -9999 -9999 -9999 -9999 -9999 -9999 -9999 -9999 -9999 -9999 -9999 -9999 -9999 -9999 -9999 -9999 -9999 -9999 -9999 -9999 -9999 -9999 -9999 -9999 -9999 -9999 -9999 -9999 -9999 -9999 -9999 -9999 -9999 -9999 -9999 -9999 -9999 -9999 -9999 -9999
-9999 -9999 -9999 -9999 -9999 -9999 -9999 -9999 -9999 -9999 -9999 -9999 -9999 -9999 -9999 -9999 -9999 -9999 -9999 -9999 -9999 -9999 -9999 -9999 -9999 -9999 -9999 -9999 -9999 -9999 -9999 -9999 -9999 -9999 -9999 -9999 -9999 -9999 -9999 -9999 -9999 -9999 -9999 -9999 -9999 -9999 -9999 -9999 -9999 -9999 -9999 -9999 -9999 -9999 -9999 -9999 -9999 -9999 -9999 -9999 -9999 -9999 -9999 -9999 -9999 -9999 -9999 -9999 -9999 -9999
1e-06 1e-06 9.99915e-07 9.99994e-07 9.99965e-07 1.0001e-06 1e-06 9.99984e-07 1.0003e-06 1e-06 9.99999e-07 1.00039e-06 1.00006e-06 9.99999e-07 1e-06 9.99961e-07 1e-06 1.00053e-06 9.99951e-07 9.99995e-07 1e-06 1.00021e-06 9.99766e-07 1e-06 1.00008e-06 1.00081e-06 1.0001e-06 1.00014e-06 1.00078e-06 1e-06 1e-06 1e-06 1.0003e-06 9.9999e-07 1e-06 9.99995e-07 1.00012e-06 1e-06 9.99996e-07 1e-06 1e-06 1e-06 1.00055e-06 9.99963e-07 1.00005e-06 1.00039e-06 1.00066e-06 1e-06 9.99971e-07 9.99927e-07 9.99984e-07 9.99972e-07 1e-06 1.00003e-06 9.99978e-07 1.00178e-06 1.00003e-06 1.00158e-06 1e-06 1.00071e-06 1.00002e-06 9.99959e-07 1.00055e-06 1.00033e-06 1.001e-06 1.00009e-06 1.00129e-06 1.00037e-06 1.00056e-06 1.00076e-06
1e-06 1e-06 9.99997e-07 9.99999e-07 1e-06 9.99993e-07 9.99999e-07 1e-06 9.99996e-07 9.99999e-07 9.99999e-07 1e-06 9.99986e-07 1e-06 9.99998e-07 9.99999e-07 1e-06 9.99939e-07 9.99999e-07 1e-06 1e-06 9.99966e-07 1e-06 1e-06 1e-06 1e-06 9.99982e-07 9.99873e-07 1e-06 1e-06 1e-06 1e-06 9.99988e-07 1e-06 1e-06 1e-06 1e-06 1e-06 1e-06 9.99999e-07 9.99948e-07 9.99999e-07 9.99999e-07 1e-06 9.99999e-07 9.99954e-07 1.00018e-06 1e-06 1.00009e-06 9.99971e-07 1e-06 1e-06 1e-06 9.99999e-07 1.00001e-06 1.0002e-06 9.99983e-07 1.00015e-06 9.99936e-07 1.00004e-06 9.99965e-07 1.0001e-06 9.99986e-07 1.00023e-06 1.00015e-06 1e-06 1.00051e-06 9.99971e-07 1.0001e-06 1.00031e-06
1e-06 1e-06 1e-06 1e-06 1e-06 1e-06 1e-06 1e-06 1e-06 9.99999e-07 1e-06 1e-06 1e-06 1e-06 1e-06 1e-06 1e-06 1e-06 9.99999e-07 9.99999e-07 1e-06 1e-06 9.99999e-07 1e-06 1e-06 1e-06 1e-06 1e-06 1e-06 1e-06 1e-06 1e-06 1e-06 1e-06 9.99999e-07 1e-06 1e-06 1e-06 1e-06 1e-06 1e-06 1e-06 1e-06 1e-06 1e-06 1e-06 1.00001e-06 1e-06 9.9997e-07 1e-06 1e-06 1e-06 1e-06 1e-06 1.00001e-06 1e-06 1e-06 9.99939e-07 1.00001e-06 1.00001e-06 9.99993e-07 1e-06 1e-06 1.00002e-06 1.0001e-06 1.00006e-06 1.00022e-06 9.99965e-07 1.00037e-06 1.00007e-06
1e-06 1e-06 1e-06 9.99999e-07 1e-06 1e-06 1e-06 1e-06 1e-06 1e-06 1e-06 1e-06 1e-06 1e-06 1e-06 1e-06 1e-06 1e-06 1e-06 1e-06 1e-06 1e-06 1e-06 9.99999e-07 1e-06 1e-06 1e-06 1e-06 1e-06 1e-06 1e-06 1e-06 1e-06 1e-06 1e-06 1e-06 1e-06 1e-06 1e-06 1e-06 1e-06 1e-06 1e-06 1e-06 1e-06 1e-06 1e-06 1e-06 1e-06 1e-06 1e-06 1e-06 1.00002e-06 1e-06 1.00019e-06 9.99998e-07 1.00011e-06 9.99981e-07 1e-06 1.00001e-06 9.99998e-07 9.99997e-07 1.00001e-06 1.00017e-06 9.99995e-07 1.00001e-06 1.00023e-06 1.00001e-06 1.00034e-06 1.0001e-06
1e-06 1e-06 1e-06 1e-06 1e-06 1e-06 1e-06 1e-06 1e-06 1e-06 1e-06 1e-06 1e-06 1e-06 1e-06 1e-06 1e-06 1e-06 1e-06 9.99999e-07 1e-06 1e-06 1e-06 1e-06 1e-06 1e-06 1e-06 1e-06 1e-06 1e-06 1e-06 1e-06 1e-06 1e-06 1e-06 1e-06 1e-06 1e-06 1e-06 1e-06 1e-06 1e-06 1e-06 1e-06 1e-06 1e-06 1e-06 1e-06 1e-06 1e-06 1e-06 9.99999e-07 1e-06 1e-06 9.99998e-07 1e-06 1.0001e-06 1e-06 1.00012e-06 1.00002e-06 9.99987e-07 1.00004e-06 1.00005e-06 1.0002e-06 1.00004e-06 9.99733e-07 9.99934e-07 9.99674e-07 1.00052e-06 1.00042e-06
1e-06 1e-06 1e-06 1e-06 1e-06 1e-06 9.99999e-07 1e-06 1e-06 1e-06 9.99999e-07 1e-06 1e-06 1e-06 1e-06 1e-06 1e-06 1e-06 1e-06 1e-06 1e-06 1e-06 1e-06 1e-06 1e-06 1e-06 1e-06 1e-06 1e-06 1e-06 1e-06 1e-06 1e-06 1e-06 1e-06 1e-06 1e-06 1e-06 1e-06 1e-06 1e-06 1e-06 1e-06 1e-06 1e-06 1e-06 1e-06 1e-06 1e-06 9.99999e-07 1e-06 1e-06 1.00001e-06 9.99991e-07 1e-06 1e-06 1.00001e-06 1e-06 9.99981e-07 1.00002e-06 1e-06 1.00003e-06 1.00004e-06 1.00002e-06 1.00018e-06 1.00176e-06 1.00196e-06 1.00194e-06 1.00022e-06 1.00002e-06
1e-06 1e-06 1e-06 1e-06 1e-06 1e-06 1e-06 1e-06 1e-06 1e-06 1e-06 1e-06 1e-06 1e-06 1e-06 1e-06 1e-06 1e-06 9.99999e-07 1e-06 1e-06 1e-06 1e-06 1e-06 1e-06 9.99999e-07 1e-06 1e-06 1e-06 1e-06 1e-06 1e-06 1e-06 1e-06 1e-06 1e-06 9.99999e-07 1e-06 1e-06 1e-06 1e-06 1e-06 1e-06 1e-06 1e-06 1e-06 1e-06 1e-06 1e-06 1e-06 1e-06 1e-06 1.00001e-06 9.99989e-07 1.00024e-06 9.99872e-07 9.99747e-07 9.99596e-07 1.00016e-06 1.00026e-06 1.00068e-06 1.00088e-06 1.0009e-06 1.00001e-06 9.99978e-07 1.00088e-06 1.0013e-06 1.00234e-06 1.00349e-06 9.99329e-07
1e-06 1e-06 1e-06 9.99999e-07 1e-06 1e-06 1e-06 1e-06 1e-06 1e-06 1e-06 1e-06 1e-06 1e-06 1e-06 1e-06 1e-06 1e-06 9.99999e-07 1e-06 1e-06 1e-06 1e-06 1e-06 1e-06 9.99999e-07 1e-06 9.99999e-07 1e-06 1e-06 1e-06 1e-06 1e-06 9.99999e-07 1e-06 1e-06 1e-06 1e-06 1e-06 9.99999e-07 9.99999e-07 1e-06 1e-06 1e-06 1e-06 1e-06 1e-06 1e-06 1e-06 1e-06 1e-06 1.00001e-06 1.00002e-06 1.00001e-06 1.00026e-06 1.00094e-06 1.0017e-06 1.00223e-06 1.0003e-06 1.00221e-06 9.99858e-07 9.99723e-07 9.99638e-07 9.99298e-07 9.99792e-07 1.0013e-06 1.00138e-06 1.00091e-06 1.00046e-06 9.99692e-07
1e-06 1e-06 1e-06 9.99999e-07 1e-06 1e-06 1e-06 1e-06 1e-06 1e-06 1e-06 9.99999e-07 1e-06 9.99999e-07 1e-06 1e-06 1e-06 1e-06 9.99999e-07 9.99999e-07 1e-06 1e-06 1e-06 1e-06 1e-06 1e-06 1e-06 1e-06 9.99999e-07 1e-06 1e-06 1e-06 1e-06 1e-06 1e-06 1e-06 1e-06 1e-06 1e-06 1e-06 1e-06 1e-06 9.99999e-07 1e-06 1e-06 1e-06 9.9987e-07 9.99782e-07 9.99837e-07 1.00058e-06 1.00026e-06 1.00057e-06 1.0008e-06 1.00042e-06 9.99989e-07 1.00064e-06 1.00114e-06 1.00205e-06 1.00482e-06 9.94284e-07 9.91071e-07 9.90822e-07 9.87059e-07 9.71761e-07 1.00135e-06 9.99596e-07 1.01795e-06 1.0289e-06 1.0377e-06 1.03509e-06
1e-06 1e-06 1e-06 9.99999e-07 1e-06 1e-06 1e-06 1e-06 1e-06 1e-06 1e-06 9.99999e-07 1e-06 1e-06 1e-06 1e-06 1e-06 1e-06 9.99999e-07 9.99999e-07 1e-06 9.99999e-07 1e-06 9.99999e-07 1e-06 1e-06 1e-06 1e-06 9.99999e-07 1e-06 1e-06 1e-06 1e-06 1e-06 1e-06 1e-06 1e-06 1e-06 1e-06 1e-06 9.99999e-07 1e-06 1.00001e-06 1.00001e-06 1.00002e-06 1.00024e-06 1.00095e-06 1.00173e-06 1.00132e-06 1.00044e-06 1.00358e-06 9.99792e-07 9.99737e-07 9.99638e-07 9.98815e-07 1.00231e-06 1.00332e-06 1.00316e-06 1.00199e-06 9.893e-07 1.0001e-06 1.01709e-06 1.02997e-06 1.02814e-06 1.02591e-06 1.02851e-06 1.02751e-06 1.02724e-06 1.0266e-06 1.02612e-06
1e-06 1e-06 1e-06 9.99999e-07 1e-06 1e-06 1e-06 1e-06 1e-06 1e-06 1e-06 9.99999e-07 1e-06 1e-06 1e-06 1e-06 1e-06 1e-06 9.99999e-07 1e-06 1e-06 1e-06 1e-06 1e-06 1e-06 1e-06 1e-06 9.99999e-07 1e-06 1e-06 1e-06 1e-06 1e-06 1e-06 9.99999e-07 1e-06 1e-06 9.99999e-07 1.00002e-06 9.99736e-07 1e-06 1.00157e-06 1.00038e-06 1.00047e-06 1.00069e-06 9.99985e-07 1.00058e-06 1.00097e-06 1.0012e-06 1.00222e-06 9.91425e-07 9.91434e-07 9.89011e-07 9.68437e-07 9.73112e-07 9.96583e-07 1.01281e-06 1.03002e-06 1.02988e-06 1.02521e-06 1.023e-06 1.02355e-06 1.02551e-06 1.02526e-06 1.02317e-06 1.02082e-06 1.01973e-06 1.01836e-06 1.0174e-06 1.01668e-06
1e-06 1e-06 1e-06 9.99999e-07 1e-06 1e-06 1e-06 1e-06 1e-06 1e-06 1e-06 1e-06 1e-06 1e-06 1e-06 1e-06 1e-06 1e-06 1e-06 9.99999e-07 1e-06 1e-06 1e-06 1e-06 1e-06 1e-06 1e-06 1e-06 1e-06 9.99999e-07 1e-06 1e-06 1e-06 9.99797e-07 9.99689e-07 1.00001e-06 1.00007e-06 1.00018e-06 1.00073e-06 1.002e-06 1.00012e-06 1.00194e-06 1.0057e-06 9.99774e-07 9.99583e-07 9.98931e-07 1.00544e-06 1.00497e-06 1.00543e-06 1.00015e-06 1.00141e-06 1.00572e-06 1.01838e-06 1.035e-06 1.02982e-06 1.02328e-06 1.02152e-06 1.02216e-06 1.02339e-06 1.02183e-06 1.02012e-06 1.01858e-06 1.01801e-06 1.01669e-06 1.01607e-06 1.01512e-06 1.01441e-06 1.01303e-06 1.01161e-06 1.01077e-06
1e-06 1e-06 1e-06 9.99999e-07 1e-06 1e-06 1e-06 1e-06 1e-06 1e-06 1e-06 1e-06 1e-06 1e-06 1e-06 1e-06 1e-06 1e-06 1e-06 1e-06 1e-06 1e-06 9.99999e-07 1e-06 1e-06 1e-06 1e-06 1e-06 9.99973e-07 1e-06 1e-06 1.00002e-06 1.00001e-06 1.00145e-06 1.00196e-06 1.00026e-06 9.99988e-07 9.99977e-07 9.99933e-07 1.00118e-06 1.00114e-06 9.96651e-07 9.9195e-07 9.92918e-07 9.89879e-07 9.98727e-07 9.90432e-07 1.01511e-06 1.02774e-06 1.02572e-06 1.02547e-06 1.02132e-06 1.02028e-06 1.021e-06 1.02157e-06 1.01914e-06 1.01796e-06 1.01705e-06 1.01645e-06 1.01569e-06 1.01496e-06 1.01395e-06 1.01308e-06 1.01214e-06 1.01104e-06 1.01053e-06 1.01044e-06 1.00998e-06 1.00971e-06 1.00926e-06
1e-06 1e-06 1e-06 9.99999e-07 1e-06 1e-06 1e-06 1e-06 1e-06 1e-06 1e-06 1e-06 1e-06 1e-06 1e-06 1e-06 1e-06 1e-06 9.99999e-07 9.99999e-07 1e-06 1e-06 1e-06 1e-06 1e-06 1e-06 1.00001e-06 9.99891e-07 1.0002e-06 1.00033e-06 1.00024e-06 1.00084e-06 9.99992e-07 1.00132e-06 1.00309e-06 1.00642e-06 9.98998e-07 9.97808e-07 9.92039e-07 1.00299e-06 9.98023e-07 9.99459e-07 1.00279e-06 1.01788e-06 1.03075e-06 1.01472e-06 1.02344e-06 1.02179e-06 1.01967e-06 1.01863e-06 1.01848e-06 1.01735e-06 1.01681e-06 1.01574e-06 1.01579e-06 1.01489e-06 1.01397e-06 1.01311e-06 1.01248e-06 1.01135e-06 1.01059e-06 1.01035e-06 1.00998e-06 1.00978e-06 1.00952e-06 1.0093e-06 1.00868e-06 1.00813e-06 1.00749e-06 1.00749e-06
1e-06 1e-06 1e-06 9.99999e-07 1e-06 1e-06 1e-06 1e-06 1e-06 9.99999e-07 1e-06 1e-06 1e-06 1e-06 9.99999e-07 1e-06 1e-06 1e-06 1e-06 9.99999e-07 1e-06 1.00002e-06 9.99703e-07 1e-06 1.00014e-06 1.00032e-06 1.00048e-06 1.00091e-06 1.00083e-06 1.00573e-06 9.99776e-07 9.99617e-07 9.98782e-07 9.99622e-07 1.00396e-06 1.00654e-06 1.00247e-06 9.85434e-07 1.0073e-06 1.01832e-06 1.02894e-06 1.01466e-06 1.02008e-06 1.01972e-06 1.01951e-06 1.01804e-06 1.01688e-06 1.01579e-06 1.01561e-06 1.0148e-06 1.01482e-06 1.01403e-06 1.01298e-06 1.01219e-06 1.01184e-06 1.0111e-06 1.01031e-06 1.00992e-06 1.00962e-06 1.00982e-06 1.00928e-06 1.00914e-06 1.00866e-06 1.00789e-06 1.00744e-06 1.00723e-06 1.00702e-06 1.00707e-06 1.00677e-06 1.0063e-06
1e-06 1e-06 1e-06 9.99999e-07 1e-06 1e-06 1e-06 1e-06 1e-06 1e-06 1e-06 1e-06 1e-06 1e-06 1e-06 1e-06 1.00001e-06 9.99678e-07 9.99743e-07 1.00005e-06 1.00026e-06 1.0007e-06 1.00227e-06 1.00004e-06 1.00008e-06 9.9995e-07 9.99927e-07 1.00181e-06 9.98924e-07 9.87552e-07 9.91355e-07 9.89613e-07 9.98041e-07 9.9001e-07 1.01186e-06 1.01806e-06 1.02088e-06 1.01581e-06 1.01826e-06 1.01768e-06 1.01738e-06 1.01706e-06 1.01614e-06 1.01494e-06 1.01436e-06 1.01405e-06 1.0139e-06 1.01291e-06 1.01239e-06 1.01172e-06 1.01137e-06 1.01073e-06 1.0102e-06 1.0098e-06 1.00976e-06 1.00939e-06 1.00928e-06 1.00933e-06 1.00869e-06 1.00791e-06 1.00772e-06 1.00697e-06 1.00725e-06 1.0073e-06 1.00688e-06 1.00632e-06 1.00638e-06 1.00583e-06 1.00579e-06 1.00573e-06
1e-06 1e-06 1e-06 1e-06 1e-06 1e-06 1e-06 1e-06 1e-06 9.99999e-07 9.99998e-07 1e-06 1.00001e-06 9.9966e-07 9.99828e-07 1.00015e-06 1.00029e-06 1.00227e-06 1.00175e-06 1.00015e-06 1.00005e-06 1.00002e-06 1.00134e-06 1.00276e-06 9.94666e-07 9.75212e-07 9.80454e-07 1.00482e-06 9.76447e-07 9.93185e-07 1.01463e-06 1.01748e-06 1.01986e-06 1.0154e-06 1.01451e-06 1.01671e-06 1.01639e-06 1.01582e-06 1.01547e-06 1.01457e-06 1.01363e-06 1.01315e-06 1.01347e-06 1.01221e-06 1.01191e-06 1.01122e-06 1.01121e-06 1.01081e-06 1.01003e-06 1.0095e-06 1.00957e-06 1.00938e-06 1.00896e-06 1.00901e-06 1.0086e-06 1.00787e-06 1.00733e-06 1.00739e-06 1.00715e-06 1.00687e-06 1.007e-06 1.00658e-06 1.00643e-06 1.00581e-06 1.00588e-06 1.00573e-06 1.00596e-06 1.00505e-06 1.00495e-06 1.00494e-06
1e-06 1e-06 9.99999e-07 1e-06 1e-06 1e-06 9.99999e-07 1e-06 1.00002e-06 9.99635e-07 1e-06 1.00026e-06 1.00032e-06 1.00245e-06 1.00117e-06 1.0002e-06 1.00034e-06 1.00098e-06 1.00175e-06 1.00267e-06 9.94507e-07 9.88663e-07 1.0034e-06 1.01025e-06 9.78359e-07 9.98845e-07 1.01822e-06 1.01859e-06 1.01863e-06 1.01469e-06 1.01358e-06 1.01565e-06 1.01574e-06 1.01512e-06 1.01451e-06 1.01337e-06 1.01299e-06 1.01259e-06 1.01242e-06 1.01207e-06 1.01133e-06 1.01106e-06 1.01086e-06 1.01045e-06 1.00992e-06 1.00948e-06 1.00918e-06 1.00915e-06 1.00879e-06 1.00887e-06 1.00863e-06 1.00806e-06 1.00761e-06 1.00717e-06 1.00751e-06 1.00729e-06 1.00683e-06 1.00677e-06 1.00632e-06 1.00615e-06 1.00573e-06 1.00581e-06 1.00571e-06 1.00531e-06 1.00517e-06 1.00485e-06 1.00506e-06 1.00459e-06 1.0047e-06 1.00405e-06
1e-06 1e-06 9.997e-07 1e-06 1.00001e-06 1.00003e-06 1.00005e-06 1.00043e-06 1.00061e-06 1.00282e-06 1.00008e-06 1.00011e-06 1.00017e-06 1.00106e-06 1.00261e-06 9.94208e-07 9.96799e-07 1.00691e-06 1.00862e-06 9.99381e-07 1.0013e-06 1.00718e-06 1.01944e-06 1.02135e-06 1.01621e-06 1.01377e-06 1.01508e-06 1.01545e-06 1.01517e-06 1.01458e-06 1.01368e-06 1.01254e-06 1.01202e-06 1.01176e-06 1.01193e-06 1.01156e-06 1.01121e-06 1.0107e-06 1.01063e-06 1.0104e-06 1.00952e-06 1.00953e-06 1.00927e-06 1.00881e-06 1.00888e-06 1.00873e-06 1.00866e-06 1.00806e-06 1.00792e-06 1.00723e-06 1.00728e-06 1.00687e-06 1.00706e-06 1.00701e-06 1.00644e-06 1.00631e-06 1.00575e-06 1.00579e-06 1.00614e-06 1.00577e-06 1.00549e-06 1.00504e-06 1.0052e-06 1.00497e-06 1.00468e-06 1.00429e-06 1.00433e-06 1.00433e-06 1.00429e-06 1.00398e-06
1.00003e-06 1e-06 1.00221e-06 1.00028e-06 1.00051e-06 1.00111e-06 1.00117e-06 1.00016e-06 1.00012e-06 1.00108e-06 1.00475e-06 9.8266e-07 9.9111e-07 1.0018e-06 1.0109e-06 9.85987e-07 9.97993e-07 1.01038e-06 1.01787e-06 1.01962e-06 1.01863e-06 1.01227e-06 1.01514e-06 1.01534e-06 1.0141e-06 1.01305e-06 1.01253e-06 1.0117e-06 1.0111e-06 1.01143e-06 1.01127e-06 1.0108e-06 1.01092e-06 1.01048e-06 1.01067e-06 1.00987e-06 1.00966e-06 1.00939e-06 1.0091e-06 1.0091e-06 1.00846e-06 1.0085e-06 1.00868e-06 1.00806e-06 1.00816e-06 1.00727e-06 1.00752e-06 1.00698e-06 1.007e-06 1.0072e-06 1.00712e-06 1.00629e-06 1.00598e-06 1.00603e-06 1.00565e-06 1.00581e-06 1.00533e-06 1.00521e-06 1.00521e-06 1.00481e-06 1.00513e-06 1.00469e-06 1.00477e-06 1.00429e-06 1.00433e-06 1.00413e-06 1.00425e-06 1.00409e-06 1.0035e-06 1.00386e-06
1.00059e-06 1.00006e-06 1.00149e-06 1.00543e-06 9.99673e-07 9.99625e-07 1.00211e-06 9.86997e-07 9.671e-07 9.95419e-07 1.00497e-06 9.64538e-07 9.97534e-07 1.01557e-06 1.01842e-06 1.01995e-06 1.01385e-06 1.01578e-06 1.01417e-06 1.01367e-06 1.01248e-06 1.01163e-06 1.01107e-06 1.01103e-06 1.01097e-06 1.01048e-06 1.01096e-06 1.01061e-06 1.01043e-06 1.01005e-06 1.01016e-06 1.01017e-06 1.00966e-06 1.00937e-06 1.00939e-06 1.00887e-06 1.00871e-06 1.00823e-06 1.00835e-06 1.00807e-06 1.00828e-06 1.00762e-06 1.00765e-06 1.00686e-06 1.00697e-06 1.00678e-06 1.00732e-06 1.00675e-06 1.00615e-06 1.00573e-06 1.00591e-06 1.00595e-06 1.00602e-06 1.00588e-06 1.0052e-06 1.00554e-06 1.00513e-06 1.00506e-06 1.00499e-06 1.00436e-06 1.00441e-06 1.00448e-06 1.00443e-06 1.00394e-06 1.00396e-06 1.00383e-06 1.00384e-06 1.00374e-06 1.00341e-06 1.00334e-06
9.99494e-07 9.97991e-07 1.00754e-06 1.00908e-06 1.00616e-06 9.54597e-07 9.85446e-07 9.96241e-07 1.01057e-06 1.01684e-06 1.01969e-06 1.01867e-06 1.01513e-06 1.01253e-06 1.0126e-06 1.01128e-06 1.01052e-06 1.01007e-06 1.01069e-06 1.01023e-06 1.01062e-06 1.01037e-06 1.0103e-06 1.01019e-06 1.01013e-06 1.00987e-06 1.01003e-06 1.00958e-06 1.0096e-06 1.00924e-06 1.00943e-06 1.00899e-06 1.00865e-06 1.00808e-06 1.00841e-06 1.00772e-06 1.00809e-06 1.00778e-06 1.00824e-06 1.00729e-06 1.00707e-06 1.00677e-06 1.00684e-06 1.0069e-06 1.00691e-06 1.00606e-06 1.00593e-06 1.00568e-06 1.00579e-06 1.00597e-06 1.00558e-06 1.00527e-06 1.00501e-06 1.00515e-06 1.00515e-06 1.00475e-06 1.00455e-06 1.00467e-06 1.00456e-06 1.00429e-06 1.00415e-06 1.00398e-06 1.0038e-06 1.0038e-06 1.00365e-06 1.00372e-06 1.00327e-06 1.00349e-06 1.00338e-06 1.00282e-06
1.01676e-06 1.00064e-06 1.00168e-06 1.00735e-06 1.01581e-06 1.01769e-06 1.01814e-06 1.01603e-06 1.01375e-06 1.01055e-06 1.01325e-06 1.01299e-06 1.01254e-06 1.01237e-06 1.01207e-06 1.01145e-06 1.01119e-06 1.01076e-06 1.01055e-06 1.01049e-06 1.01005e-06 1.00983e-06 1.01007e-06 1.00923e-06 1.00919e-06 1.00922e-06 1.00925e-06 1.00925e-06 1.00905e-06 1.0084e-06 1.00803e-06 1.00818e-06 1.00761e-06 1.00779e-06 1.00799e-06 1.0077e-06 1.00753e-06 1.00668e-06 1.00684e-06 1.00677e-06 1.00681e-06 1.00652e-06 1.0064e-06 1.00605e-06 1.00559e-06 1.00588e-06 1.00605e-06 1.00567e-06 1.00542e-06 1.00533e-06 1.00518e-06 1.00523e-06 1.00494e-06 1.00447e-06 1.00483e-06 1.0046e-06 1.00448e-06 1.00399e-06 1.00407e-06 1.00394e-06 1.00389e-06 1.00393e-06 1.00365e-06 1.00339e-06 1.00347e-06 1.00345e-06 1.00298e-06 1.00354e-06 1.00311e-06 1.00258e-06
1.01952e-06 1.01505e-06 1.01695e-06 1.01404e-06 1.01227e-06 1.01164e-06 1.01206e-06 1.0116e-06 1.01076e-06 1.01051e-06 1.01037e-06 1.00996e-06 1.00987e-06 1.01006e-06 1.01019e-06 1.01e-06 1.00984e-06 1.00988e-06 1.0098e-06 1.00986e-06 1.00957e-06 1.00896e-06 1.0089e-06 1.00872e-06 1.00889e-06 1.00869e-06 1.00845e-06 1.00794e-06 1.00776e-06 1.00794e-06 1.00756e-06 1.00783e-06 1.00758e-06 1.00717e-06 1.0071e-06 1.00678e-06 1.00683e-06 1.00663e-06 1.00664e-06 1.00624e-06 1.00594e-06 1.00587e-06 1.00591e-06 1.00617e-06 1.00549e-06 1.00513e-06 1.00553e-06 1.00517e-06 1.00503e-06 1.00502e-06 1.00485e-06 1.00461e-06 1.00503e-06 1.00436e-06 1.00392e-06 1.00407e-06 1.00384e-06 1.00419e-06 1.00362e-06 1.00366e-06 1.00356e-06 1.00358e-06 1.0035e-06 1.00338e-06 1.00313e-06 1.00328e-06 1.00293e-06 1.00302e-06 1.00264e-06 1.00282e-06
