data/CoulombOnly/Outputs_CoulombOnly/release1HS_03CoulombOnly_null_TRENT2D_pft.asc
ncols     1001
nrows      301
cellsize  5.000
xllcenter         1000.00
yllcenter        -5000.00
NODATA_value       nan
[rows 155 to 185 of 301, columns 420 to 489 of 1001]
1.787885 1.782148 1.776408 1.770667 1.767236 1.776924 1.788113 1.797792 1.807678 1.817813 1.826487 1.834577 1.842986 1.849960 1.857295 1.864117 1.870437 1.876266 1.881617 1.886500 1.890925 1.895838 1.899379 1.903436 1.907079 1.910316 1.913154 1.915599 1.918624 1.920308 1.922590 1.924510 1.926073 1.927284 1.928148 1.929654 1.929839 1.930677 1.931188 1.931375 1.931240 1.930787 1.930017 1.928935 1.928539 1.927836 1.926827 1.924513 1.923896 1.921985 1.919987 1.917988 1.916989 1.914990 1.912991 1.910991 1.908992 1.907993 1.905994 1.903994 1.901995 1.899995 1.897996 1.895996 1.893996 1.891997 1.889997 1.887997 1.885998 1.884998
1.494803 1.494048 1.493291 1.492533 1.493726 1.505218 1.518885 1.532073 1.543934 1.556193 1.568008 1.579392 1.589467 1.600010 1.610150 1.619894 1.629252 1.637313 1.645913 1.654148 1.662024 1.669546 1.676720 1.683552 1.690046 1.696208 1.702042 1.707552 1.712742 1.718585 1.723149 1.727405 1.732332 1.735981 1.740313 1.743367 1.747112 1.750568 1.753737 1.756620 1.759219 1.761535 1.763568 1.765321 1.766793 1.768985 1.769900 1.771536 1.772893 1.772979 1.773981 1.774983 1.774984 1.775986 1.775987 1.776988 1.776989 1.776990 1.777991 1.777992 1.777992 1.777993 1.777994 1.777994 1.777995 1.777995 1.777996 1.776996 1.776997 1.776997
1.196938 1.202810 1.208679 1.213720 1.219528 1.233644 1.249781 1.264765 1.279438 1.292940 1.307002 1.319892 1.332480 1.344772 1.356773 1.368489 1.379921 1.391076 1.401033 1.411637 1.421039 1.431104 1.440907 1.449503 1.458783 1.467807 1.475619 1.484132 1.492395 1.500408 1.507201 1.514715 1.521982 1.529004 1.534797 1.541326 1.547610 1.553650 1.559446 1.564997 1.570304 1.574370 1.579186 1.583756 1.588079 1.592155 1.596983 1.600562 1.603892 1.606973 1.609976 1.613978 1.616980 1.618982 1.621983 1.624985 1.627986 1.629987 1.631988 1.634989 1.636990 1.638991 1.640992 1.642993 1.644993 1.646994 1.648994 1.649995 1.651995 1.652996
0.800152 0.816756 0.833362 0.849142 0.865228 0.887090 0.909176 0.931238 0.952414 0.972677 0.992002 1.011242 1.030397 1.047676 1.065737 1.081879 1.097888 1.112845 1.127654 1.142314 1.156823 1.169306 1.182558 1.194700 1.206668 1.218460 1.230078 1.240556 1.250849 1.260956 1.270876 1.280608 1.289174 1.298525 1.307684 1.316650 1.324436 1.333010 1.341388 1.348574 1.356550 1.364324 1.370897 1.378259 1.385412 1.391356 1.398084 1.404597 1.409892 1.415968 1.421971 1.427974 1.432976 1.437978 1.443980 1.448981 1.453983 1.458984 1.463986 1.467987 1.472988 1.476989 1.481990 1.485991 1.489992 1.493993 1.497993 1.501994 1.504994 1.508995
0.335330 0.354367 0.373407 0.393276 0.413690 0.437399 0.461032 0.486592 0.511538 0.535831 0.561182 0.585840 0.611544 0.636516 0.661622 0.686852 0.711283 0.734886 0.758557 0.781358 0.803264 0.824253 0.845243 0.865280 0.884344 0.903369 0.922349 0.939355 0.957252 0.973142 0.989912 1.004644 1.019270 1.033785 1.047201 1.060493 1.072668 1.084706 1.096602 1.107361 1.117967 1.128417 1.138709 1.148836 1.157799 1.167589 1.176205 1.184642 1.192897 1.200965 1.209968 1.217971 1.225973 1.233975 1.240977 1.248979 1.256981 1.263982 1.270984 1.278985 1.285986 1.292988 1.298989 1.305990 1.311991 1.318991 1.324992 1.330993 1.336993 1.342994
0.075917 0.083355 0.091621 0.100714 0.109953 0.120108 0.131385 0.143664 0.156101 0.169554 0.184036 0.197801 0.213476 0.229307 0.246183 0.264114 0.283106 0.302251 0.322459 0.343735 0.365153 0.386701 0.409308 0.432978 0.455812 0.479694 0.503668 0.527721 0.551842 0.576989 0.601216 0.625479 0.648789 0.672106 0.695421 0.716754 0.738056 0.759317 0.779538 0.798705 0.817798 0.835814 0.853738 0.870564 0.886283 0.901883 0.917358 0.930703 0.944907 0.957965 0.969968 0.981970 0.993972 1.004974 1.015976 1.026978 1.036980 1.046981 1.056983 1.066984 1.075986 1.084987 1.093988 1.102989 1.111990 1.119991 1.128991 1.136992 1.144993 1.152994
0.006595 0.008245 0.010720 0.012371 0.014868 0.019167 0.024404 0.030579 0.036853 0.043222 0.050553 0.053590 0.057540 0.062419 0.067347 0.072320 0.078246 0.085138 0.091167 0.099093 0.107079 0.116058 0.125098 0.135140 0.146192 0.158260 0.170394 0.183548 0.197727 0.211966 0.227229 0.242545 0.258883 0.276243 0.294626 0.314029 0.334452 0.354902 0.376360 0.397829 0.420294 0.443747 0.466191 0.489605 0.512985 0.536318 0.559594 0.582802 0.606932 0.628971 0.650973 0.672975 0.693976 0.713977 0.732979 0.751980 0.769981 0.786983 0.803984 0.819985 0.834986 0.849987 0.864988 0.877989 0.891990 0.903991 0.915991 0.927992 0.939993 0.950993
nan nan nan nan nan nan nan nan 0.000856 0.000864 0.002613 0.003512 0.005308 0.008020 0.009871 0.011745 0.013640 0.016469 0.018408 0.020364 0.022337 0.025260 0.029146 0.033064 0.037958 0.043840 0.047848 0.051878 0.055927 0.060961 0.066017 0.072066 0.078138 0.084229 0.091319 0.099411 0.107523 0.115650 0.124779 0.134911 0.146047 0.158185 0.171324 0.185461 0.200594 0.216716 0.232824 0.248910 0.266966 0.284984 0.303985 0.323985 0.343985 0.364986 0.386986 0.408987 0.430987 0.453988 0.475988 0.498989 0.521989 0.544990 0.567990 0.589991 0.610991 0.631992 0.651992 0.670993 0.689993 0.707994
nan nan nan nan nan nan nan nan nan nan nan nan nan nan nan nan nan nan nan nan nan nan 0.000940 0.001889 0.002846 0.004764 0.006696 0.009604 0.012532 0.016445 0.020382 0.024341 0.027342 0.030356 0.033379 0.036412 0.040438 0.048428 0.045549 0.039676 0.043711 0.047750 0.048804 0.052843 0.057880 0.062915 0.068946 0.075971 0.082988 0.090994 0.099994 0.108994 0.118994 0.128994 0.140994 0.152994 0.166994 0.180994 0.195994 0.211994 0.228994 0.244994 0.262995 0.280995 0.299995 0.319995 0.339995 0.361995 0.382996 0.404996
nan nan nan nan nan nan nan nan nan nan nan nan nan nan nan nan nan nan nan nan nan nan nan nan nan nan nan nan nan nan nan 0.000973 0.000976 0.001958 0.003926 0.004920 0.006903 0.009882 0.008911 0.012893 0.016886 0.021883 0.028882 0.022930 0.020955 0.018973 0.021982 0.023990 0.025996 0.027998 0.026998 0.027998 0.029998 0.031998 0.034998 0.038998 0.042998 0.048998 0.054998 0.061998 0.068998 0.076998 0.085998 0.094998 0.103998 0.113998 0.124998 0.136998 0.148998 0.160998
nan nan nan nan nan nan nan nan nan nan nan nan nan nan nan nan nan nan nan nan nan nan nan nan nan nan nan nan nan nan nan nan nan nan nan nan nan nan nan nan nan 0.000000 0.000996 0.000000 0.000000 nan 0.000999 0.002999 0.004999 0.007999 0.011999 0.013999 0.015999 0.015999 0.014999 0.013999 0.012999 0.011999 0.011999 0.012000 0.014000 0.016999 0.019999 0.022999 0.025999 0.029999 0.032999 0.036999 0.041999 0.046999
nan nan nan nan nan nan nan nan nan nan nan nan nan nan nan nan nan nan nan nan nan nan nan nan nan nan nan nan nan nan nan nan nan nan nan nan nan nan nan nan nan nan nan nan nan nan nan nan nan nan nan nan 0.000000 0.000000 0.000000 0.000000 0.000000 0.001000 0.000000 0.000000 nan nan nan 0.000000 0.001000 0.002000 0.003000 0.005000 0.006000 0.008000
nan nan nan nan nan nan nan nan nan nan nan nan nan nan nan nan nan nan nan nan nan nan nan nan nan nan nan nan nan nan nan nan nan nan nan nan nan nan nan nan nan nan nan nan nan nan nan nan nan nan nan nan nan nan nan nan nan nan nan nan nan nan nan nan nan nan nan nan nan nan
nan nan nan nan nan nan nan nan nan nan nan nan nan nan nan nan nan nan nan nan nan nan nan nan nan nan nan nan nan nan nan nan nan nan nan nan nan nan nan nan nan nan nan nan nan nan nan nan nan nan nan nan nan nan nan nan nan nan nan nan nan nan nan nan nan nan nan nan nan nan
nan nan nan nan nan nan nan nan nan nan nan nan nan nan nan nan nan nan nan nan nan nan nan nan nan nan nan nan nan nan nan nan nan nan nan nan nan nan nan nan nan nan nan nan nan nan nan nan nan nan nan nan nan nan nan nan nan nan nan nan nan nan nan nan nan nan nan nan nan nan
nan nan nan nan nan nan nan nan nan nan nan nan nan nan nan nan nan nan nan nan nan nan nan nan nan nan nan nan nan nan nan nan nan nan nan nan nan nan nan nan nan nan nan nan nan nan nan nan nan nan nan nan nan nan nan nan nan nan nan nan nan nan nan nan nan nan nan nan nan nan
nan nan nan nan nan nan nan nan nan nan nan nan nan nan nan nan nan nan nan nan nan nan nan nan nan nan nan nan nan nan nan nan nan nan nan nan nan nan nan nan nan nan nan nan nan nan nan nan nan nan nan nan nan nan nan nan nan nan nan nan nan nan nan nan nan nan nan nan nan nan
nan nan nan nan nan nan nan nan nan nan nan nan nan nan nan nan nan nan nan nan nan nan nan nan nan nan nan nan nan nan nan nan nan nan nan nan nan nan nan nan nan nan nan nan nan nan nan nan nan nan nan nan nan nan nan nan nan nan nan nan nan nan nan nan nan nan nan nan nan nan
nan nan nan nan nan nan nan nan nan nan nan nan nan nan nan nan nan nan nan nan nan nan nan nan nan nan nan nan nan nan nan nan nan nan nan nan nan nan nan nan nan nan nan nan nan nan nan nan nan nan nan nan nan nan nan nan nan nan nan nan nan nan nan nan nan nan nan nan nan nan
nan nan nan nan nan nan nan nan nan nan nan nan nan nan nan nan nan nan nan nan nan nan nan nan nan nan nan nan nan nan nan nan nan nan nan nan nan nan nan nan nan nan nan nan nan nan nan nan nan nan nan nan nan nan nan nan nan nan nan nan nan nan nan nan nan nan nan nan nan nan
nan nan nan nan nan nan nan nan nan nan nan nan nan nan nan nan nan nan nan nan nan nan nan nan nan nan nan nan nan nan nan nan nan nan nan nan nan nan nan nan nan nan nan nan nan nan nan nan nan nan nan nan nan nan nan nan nan nan nan nan nan nan nan nan nan nan nan nan nan nan
nan nan nan nan nan nan nan nan nan nan nan nan nan nan nan nan nan nan nan nan nan nan nan nan nan nan nan nan nan nan nan nan nan nan nan nan nan nan nan nan nan nan nan nan nan nan nan nan nan nan nan nan nan nan nan nan nan nan nan nan nan nan nan nan nan nan nan nan nan nan
nan nan nan nan nan nan nan nan nan nan nan nan nan nan nan nan nan nan nan nan nan nan nan nan nan nan nan nan nan nan nan nan nan nan nan nan nan nan nan nan nan nan nan nan nan nan nan nan nan nan nan nan nan nan nan nan nan nan nan nan nan nan nan nan nan nan nan nan nan nan
nan nan nan nan nan nan nan nan nan nan nan nan nan nan nan nan nan nan nan nan nan nan nan nan nan nan nan nan nan nan nan nan nan nan nan nan nan nan nan nan nan nan nan nan nan nan nan nan nan nan nan nan nan nan nan nan nan nan nan nan nan nan nan nan nan nan nan nan nan nan
nan nan nan nan nan nan nan nan nan nan nan nan nan nan nan nan nan nan nan nan nan nan nan nan nan nan nan nan nan nan nan nan nan nan nan nan nan nan nan nan nan nan nan nan nan nan nan nan nan nan nan nan nan nan nan nan nan nan nan nan nan nan nan nan nan nan nan nan nan nan
nan nan nan nan nan nan nan nan nan nan nan nan nan nan nan nan nan nan nan nan nan nan nan nan nan nan nan nan nan nan nan nan nan nan nan nan nan nan nan nan nan nan nan nan nan nan nan nan nan nan nan nan nan nan nan nan nan nan nan nan nan nan nan nan nan nan nan nan nan nan
nan nan nan nan nan nan nan nan nan nan nan nan nan nan nan nan nan nan nan nan nan nan nan nan nan nan nan nan nan nan nan nan nan nan nan nan nan nan nan nan nan nan nan nan nan nan nan nan nan nan nan nan nan nan nan nan nan nan nan nan nan nan nan nan nan nan nan nan nan nan
nan nan nan nan nan nan nan nan nan nan nan nan nan nan nan nan nan nan nan nan nan nan nan nan nan nan nan nan nan nan nan nan nan nan nan nan nan nan nan nan nan nan nan nan nan nan nan nan nan nan nan nan nan nan nan nan nan nan nan nan nan nan nan nan nan nan nan nan nan nan
nan nan nan nan nan nan nan nan nan nan nan nan nan nan nan nan nan nan nan nan nan nan nan nan nan nan nan nan nan nan nan nan nan nan nan nan nan nan nan nan nan nan nan nan nan nan nan nan nan nan nan nan nan nan nan nan nan nan nan nan nan nan nan nan nan nan nan nan nan nan
nan nan nan nan nan nan nan nan nan nan nan nan nan nan nan nan nan nan nan nan nan nan nan nan nan nan nan nan nan nan nan nan nan nan nan nan nan nan nan nan nan nan nan nan nan nan nan nan nan nan nan nan nan nan nan nan nan nan nan nan nan nan nan nan nan nan nan nan nan nan
nan nan nan nan nan nan nan nan nan nan nan nan nan nan nan nan nan nan nan nan nan nan nan nan nan nan nan nan nan nan nan nan nan nan nan nan nan nan nan nan nan nan nan nan nan nan nan nan nan nan nan nan nan nan nan nan nan nan nan nan nan nan nan nan nan nan nan nan nan nan
