data/CoulombOnly/Outputs_CoulombOnly/release1HS_03CoulombOnly_null_minVoellmyv2_pfv.asc
ncols 1001
nrows 301
xllcenter 1000.00
yllcenter -5000.00
cellsize 5.00
nodata_value nan
[rows 108 to 134 of 301, columns 540 to 599 of 1001]
0.000000 0.000000 0.000000 0.000000 0.000000 0.000000 0.000000 0.000000 0.000000 0.000000 0.000000 0.000000 0.000000 0.000000 0.000000 0.000000 0.000000 0.000000 0.000000 0.000000 0.000000 0.000000 0.000000 0.000000 0.000000 0.000000 0.000000 0.000000 0.000000 0.000000 0.000000 0.000000 0.000000 0.000000 0.000000 0.000000 0.000000 0.000000 0.000000 0.000000 0.000000 0.000000 0.000000 0.000000 0.000000 0.000000 0.000000 0.000000 0.000000 0.000000 0.000000 0.000000 0.000000 0.000000 0.000000 0.000000 0.000000 0.000000 0.000000 0.000000
0.000000 0.000000 0.000000 0.000000 0.000000 0.000000 0.000000 0.000000 0.000000 0.000000 0.000000 0.000000 0.000000 0.000000 0.000000 0.000000 0.000000 0.000000 0.000000 0.000000 0.000000 0.000000 0.000000 0.000000 0.000000 0.000000 0.000000 0.000000 0.000000 0.000000 0.000000 0.000000 0.000000 0.000000 0.000000 0.000000 0.000000 0.000000 0.000000 0.000000 0.000000 0.000000 0.000000 0.000000 0.000000 0.000000 0.000000 0.000000 0.000000 0.000000 0.000000 0.000000 0.000000 0.000000 0.000000 0.000000 0.000000 0.000000 0.000000 0.000000
0.000000 0.000000 0.000000 0.000000 0.000000 0.000000 0.000000 0.000000 0.000000 0.000000 0.000000 0.000000 0.000000 0.000000 0.000000 0.000000 0.000000 0.000000 0.000000 0.000000 0.000000 0.000000 0.000000 0.000000 0.000000 0.000000 0.000000 0.000000 0.000000 0.000000 0.000000 0.000000 0.000000 0.000000 0.000000 0.000000 0.000000 0.000000 0.000000 0.000000 0.000000 0.000000 0.000000 0.000000 0.000000 0.000000 0.000000 0.000000 0.000000 0.000000 0.000000 0.000000 0.000000 0.000000 0.000000 0.000000 0.000000 0.000000 0.000000 0.000000
0.000000 0.000000 0.000000 0.000000 0.000000 0.000000 0.000000 0.000000 0.000000 0.000000 0.000000 0.000000 0.000000 0.000000 0.000000 0.000000 0.000000 0.000000 0.000000 0.000000 0.000000 0.000000 0.000000 0.000000 0.000000 0.000000 0.000000 0.000000 0.000000 0.000000 0.000000 0.000000 0.000000 0.000000 0.000000 0.000000 0.000000 0.000000 0.000000 0.000000 0.000000 0.000000 0.000000 0.000000 0.000000 0.000000 0.000000 0.000000 0.000000 0.000000 0.000000 0.000000 0.000000 0.000000 0.000000 0.000000 0.000000 0.000000 0.000000 0.000000
0.000000 0.000000 0.000000 0.000000 0.000000 0.000000 0.000000 0.000000 0.000000 0.000000 0.000000 0.000000 0.000000 0.000000 0.000000 0.000000 0.000000 0.000000 0.000000 0.000000 0.000000 0.000000 0.000000 0.000000 0.000000 0.000000 0.000000 0.000000 0.000000 0.000000 0.000000 0.000000 0.000000 0.000000 0.000000 0.000000 0.000000 0.000000 0.000000 0.000000 0.000000 0.000000 0.000000 0.000000 0.000000 0.000000 0.000000 0.000000 0.000000 0.000000 0.000000 0.000000 0.000000 0.000000 0.000000 0.000000 0.000000 0.000000 0.000000 0.000000
0.000000 0.000000 0.000000 0.000000 0.000000 0.000000 0.000000 0.000000 0.000000 0.000000 0.000000 0.000000 0.000000 0.000000 0.000000 0.000000 0.000000 0.000000 0.000000 0.000000 0.000000 0.000000 0.000000 0.000000 0.000000 0.000000 0.000000 0.000000 0.000000 0.000000 0.000000 0.000000 0.000000 0.000000 0.000000 0.000000 0.000000 0.000000 0.000000 0.000000 0.000000 0.000000 0.000000 0.000000 0.000000 0.000000 0.000000 0.000000 0.000000 0.000000 0.000000 0.000000 0.000000 0.000000 0.000000 0.000000 0.000000 0.000193 0.000992 0.003150
0.000000 0.000000 0.000000 0.000000 0.000000 0.000000 0.000000 0.000000 0.000000 0.000000 0.000000 0.000000 0.000000 0.000000 0.000000 0.000000 0.000000 0.000000 0.000000 0.000000 0.000000 0.000000 0.000000 0.000000 0.000000 0.000000 0.000000 0.000000 0.000000 0.000000 0.000000 0.000000 0.000000 0.000000 0.000000 0.000000 0.000000 0.000000 0.000000 0.000000 0.000000 0.000000 0.000000 0.000000 0.000000 0.000000 0.000000 0.000000 0.000214 0.001180 0.004335 0.013830 0.051361 1.053772 1.423947 1.832180 2.287041 2.773800 3.276185 3.777123
0.000000 0.000000 0.000000 0.000000 0.000000 0.000000 0.000000 0.000000 0.000000 0.000000 0.000000 0.000000 0.000000 0.000000 0.000000 0.000000 0.000000 0.000000 0.000000 0.000000 0.000000 0.000000 0.000000 0.000000 0.000000 0.000000 0.000000 0.000000 0.000000 0.000000 0.000000 0.000000 0.000000 0.000000 0.000000 0.000000 0.000000 0.000000 0.000000 0.000051 0.000458 0.002005 0.006953 0.022708 0.778083 1.346255 1.818049 2.376439 3.018635 3.732690 4.502278 5.307555 6.126079 6.935850 7.716571 8.450558 9.123924 9.726725 10.253537 10.701962
0.000000 0.000000 0.000000 0.000000 0.000000 0.000000 0.000000 0.000000 0.000000 0.000000 0.000000 0.000000 0.000000 0.000000 0.000000 0.000000 0.000000 0.000000 0.000000 0.000000 0.000000 0.000000 0.000000 0.000000 0.000000 0.000000 0.000000 0.000000 0.000000 0.000000 0.000003 0.000153 0.000822 0.003125 0.010245 0.033567 1.076345 1.563943 2.104815 2.755079 3.512692 4.369993 5.313770 6.325419 7.382057 8.459041 9.530820 10.573009 11.564118 12.487473 13.330476 14.085789 14.749400 15.321280 15.803698 16.200869 16.517949 16.760911 16.935382 17.047064
0.000000 0.000000 0.000000 0.000000 0.000000 0.000000 0.000000 0.000000 0.000000 0.000000 0.000000 0.000000 0.000000 0.000000 0.000000 0.000000 0.000000 0.000000 0.000000 0.000000 0.000000 0.000000 0.000066 0.000418 0.001701 0.005722 0.017799 0.062699 1.343499 1.847743 2.461229 3.196746 4.054539 5.029304 6.110250 7.280258 8.517353 9.796336 11.090081 12.370785 13.613467 14.796157 15.901500 16.916573 17.833455 18.648282 19.360673 19.973250 20.490777 20.919122 21.264753 21.535007 21.736368 21.875438 21.958419 21.990444 21.976275 21.920300 21.826194 21.696970
0.000000 0.000000 0.000000 0.000000 0.000000 0.000000 0.000000 0.000000 0.000000 0.000000 0.000000 0.000000 0.000000 0.000052 0.000323 0.001308 0.004379 0.013339 0.041306 1.193405 1.715381 2.300619 3.011758 3.854897 4.830460 5.934067 7.154632 8.475339 9.874136 11.325529 12.801646 14.273096 15.713471 17.098339 18.407810 19.626386 20.743266 21.752134 22.650474 23.438956 24.121353 24.702557 25.189488 25.589512 25.910081 26.158579 26.342458 26.468095 26.541442 26.568061 26.552634 26.499101 26.411248 26.292113 26.144348 25.970110 25.771730 25.550626 25.308246 25.045798
0.000000 0.000000 0.000000 0.000007 0.000084 0.000403 0.001470 0.004644 0.013597 0.040414 1.175203 1.745052 2.332754 3.046252 3.896158 4.886782 6.016921 7.279830 8.662691 10.146880 11.709172 13.323170 14.959371 16.588788 18.184439 19.721823 21.180498 22.544653 23.802902 24.948037 25.976673 26.889344 27.688544 28.379119 28.967766 29.461376 29.868064 30.195800 30.452208 30.644436 30.779660 30.863626 30.902115 30.899901 30.861056 30.789476 30.688252 30.560025 30.407310 30.232064 30.035923 29.820458 29.587003 29.336667 29.070358 28.788794 28.492802 28.183019 27.859908 27.523798
0.066909 1.469516 1.992262 2.620655 3.380860 4.281085 5.326319 6.517035 7.847927 9.308046 10.880696 12.544279 14.273315 16.039288 17.813039 19.566647 21.273357 22.911313 24.461104 25.908598 27.243987 28.461015 29.557483 30.533707 31.392836 32.139910 32.781516 33.324906 33.777715 34.148346 34.444502 34.673779 34.843471 34.959754 35.028837 35.055604 35.045072 35.000921 34.926665 34.825553 34.699753 34.551989 34.383720 34.196713 33.992580 33.772315 33.536982 33.287482 33.024594 32.749235 32.461643 32.162498 31.852202 31.531290 31.199884 30.858364 30.507038 30.146146 29.775850 29.396254
10.647739 12.333856 14.110536 15.952613 17.832187 19.720726 21.590435 23.415529 25.173635 26.845556 28.416046 29.874825 31.214247 32.431579 33.525828 34.499164 35.355604 36.101237 36.742219 37.286281 37.741248 38.114807 38.415132 38.649374 38.824600 38.947232 39.023411 39.057940 39.055872 39.020864 38.956823 38.866494 38.752656 38.617512 38.463049 38.290735 38.102362 37.898878 37.681365 37.450764 37.207860 36.953308 36.687645 36.411702 36.125560 35.829795 35.524639 35.210656 34.887849 34.556537 34.216988 33.869419 33.513998 33.150857 32.780080 32.401710 32.016316 31.623402 31.223485 30.816180
30.002281 31.619279 33.123121 34.507236 35.768821 36.907797 37.926238 38.827853 39.618017 40.302974 40.889830 41.385869 41.798855 42.136183 42.405301 42.612938 42.765774 42.869901 42.930748 42.953137 42.941321 42.899253 42.830200 42.736910 42.622110 42.487620 42.335501 42.167239 41.984096 41.787262 41.577754 41.356434 41.124033 40.881169 40.628342 40.365971 40.094684 39.814673 39.526279 39.229805 38.925600 38.613713 38.294421 37.968058 37.634690 37.294441 36.947453 36.594048 36.234189 35.867940 35.495370 35.116980 34.732325 34.341975 33.945523 33.543577 33.135798 32.722261 32.303090 31.878456
44.140475 44.712442 45.198045 45.603743 45.936745 46.203879 46.411542 46.565774 46.672436 46.736721 46.763288 46.756364 46.719870 46.656931 46.570374 46.462824 46.336416 46.192876 46.033827 45.860809 45.674809 45.476850 45.267795 45.048378 44.819209 44.580901 44.333967 44.078615 43.815394 43.544464 43.266255 42.980794 42.688430 42.389423 42.083807 41.771760 41.453434 41.128957 40.798443 40.462015 40.119958 39.772178 39.418734 39.059919 38.695779 38.326197 37.951734 37.571949 37.187497 36.797976 36.403862 36.005040 35.601508 35.193474 34.781063 34.364164 33.942831 33.517108 33.087011 32.652536
50.519815 50.529674 50.509011 50.461243 50.389418 50.296023 50.183314 50.053436 49.908026 49.748475 49.576072 49.392064 49.197250 48.992427 48.778284 48.555403 48.324269 48.085456 47.839203 47.585728 47.325586 47.058671 46.785557 46.506124 46.220587 45.929154 45.631986 45.329110 45.020633 44.706740 44.387490 44.062918 43.733068 43.398210 43.058343 42.713462 42.363905 42.009497 41.650563 41.287077 40.919065 40.546930 40.170475 39.789819 39.405294 39.016828 38.624471 38.228320 37.828606 37.425339 37.018513 36.608188 36.194427 35.777344 35.357091 34.933558 34.506757 34.076681 33.643305 33.206586
53.336450 53.157030 52.967596 52.769026 52.561864 52.346709 52.124064 51.894360 51.657947 51.415108 51.166138 50.911364 50.650746 50.384629 50.113004 49.836169 49.554018 49.266699 48.974406 48.677121 48.374888 48.067762 47.755893 47.439309 47.117996 46.791971 46.461587 46.126604 45.787306 45.443606 45.095819 44.743785 44.387790 44.027909 43.664149 43.296634 42.925659 42.551186 42.173320 41.792186 41.407901 41.020668 40.630560 40.237636 39.841996 39.443740 39.042954 38.639771 38.234282 37.826469 37.416374 37.004028 36.589449 36.172642 35.753622 35.332382 34.908809 34.482836 34.054430 33.623507
54.828839 54.580302 54.326957 54.068809 53.805899 53.538430 53.266445 52.989953 52.708989 52.423730 52.134035 51.839965 51.541574 51.238903 50.931971 50.620800 50.305401 49.985786 49.662029 49.334324 49.002478 48.666790 48.327133 47.983793 47.636630 47.285963 46.931771 46.574117 46.213199 45.849176 45.482064 45.111997 44.739118 44.363686 43.985698 43.605288 43.222589 42.837882 42.451173 42.062560 41.672273 41.280420 40.887001 40.492288 40.096250 39.698944 39.300576 38.900983 38.500351 38.098603 37.695640 37.291579 36.886260 36.479557 36.071383 35.661625 35.250155 34.836826 34.421462 34.003875
55.697437 55.412792 55.124511 54.832410 54.536513 54.236838 53.933399 53.626192 53.315224 53.000499 52.682015 52.359770 52.034038 51.704598 51.371624 51.035169 50.695305 50.352063 50.005669 49.656033 49.303391 48.947838 48.589396 48.228280 47.864651 47.498531 47.130118 46.759623 46.387054 46.012715 45.636661 45.259141 44.880222 44.500255 44.119272 43.737477 43.355062 42.972202 42.589058 42.205733 41.822335 41.438947 41.055595 40.672289 40.289005 39.905661 39.522138 39.138262 38.754019 38.369086 37.983443 37.596755 37.208871 36.819623 36.428816 36.036240 35.641659 35.244805 34.845722 34.443930
56.160707 55.850024 55.536097 55.218818 54.898176 54.574311 54.247246 53.916942 53.583607 53.247170 52.907767 52.565505 52.220353 51.872569 51.522163 51.169199 50.813920 50.456348 50.096559 49.734861 49.371192 49.005867 48.638912 48.270609 47.901129 47.530660 47.159439 46.787771 46.415906 46.044142 45.672770 45.302112 44.932433 44.563941 44.196774 43.830996 43.466590 43.103449 42.741379 42.380091 42.019502 41.659214 41.298998 40.938591 40.577767 40.216338 39.854004 39.490549 39.125828 38.759671 38.391887 38.022264 37.650568 37.276823 36.900668 36.522164 36.140945 35.756917 35.370065 34.980136
56.316866 55.987189 55.654794 55.319795 54.982332 54.642367 54.299987 53.955402 53.608565 53.259559 52.908547 52.555612 52.200788 51.844333 51.486229 51.126719 50.765958 50.404128 50.041513 49.678367 49.315075 48.952079 48.589915 48.229260 47.870872 47.515487 47.163497 46.814988 46.469673 46.126980 45.786422 45.447404 45.109523 44.772355 44.435485 44.098650 43.761603 43.424081 43.085904 42.746750 42.406618 42.065190 41.722416 41.378209 41.032348 40.684779 40.335394 39.983985 39.630446 39.274839 38.916855 38.556454 38.193674 37.828241 37.460085 37.089113 36.715218 36.338275 35.958137 35.574809
56.266612 55.926756 55.584999 55.241447 54.896146 54.549127 54.200519 53.850398 53.498869 53.146048 52.792117 52.437265 52.081782 51.726035 51.370682 51.016734 50.666441 50.324300 49.991791 49.665573 49.343243 49.023493 48.705400 48.388383 48.071958 47.755816 47.439601 47.123128 46.806139 46.488492 46.170039 45.850611 45.530103 45.208501 44.885515 44.561256 44.235566 43.908310 43.579445 43.248917 42.916652 42.582554 42.246516 41.908474 41.568545 41.226324 40.882082 40.535403 40.186604 39.835364 39.481617 39.125327 38.766432 38.404857 38.040501 37.673239 37.302932 36.929711 36.553286 36.173526
56.118746 55.775951 55.431832 55.086400 54.739804 54.392190 54.043798 53.695011 53.346622 53.039039 52.735372 52.433738 52.133387 51.833692 51.534333 51.234979 50.935390 50.635557 50.335077 50.034116 49.732366 49.429786 49.126310 48.821872 48.516384 48.209738 47.901963 47.593017 47.282658 46.971128 46.658115 46.343596 46.027757 45.710325 45.391282 45.070596 44.748219 44.424089 44.098135 43.770285 43.440731 43.109148 42.775488 42.439969 42.102181 41.762348 41.420296 41.075881 40.729089 40.379962 40.028365 39.674183 39.317366 38.957992 38.595836 38.230757 37.862729 37.491832 37.117661 36.740445
55.995991 55.709452 55.423320 55.137201 54.850997 54.564529 54.277726 53.990445 53.702538 53.414027 53.124809 52.834877 52.544055 52.252464 51.960020 51.666626 51.372264 51.076905 50.780506 50.483018 50.184382 49.884766 49.583930 49.281765 48.978534 48.673892 48.368064 48.060741 47.752284 47.442341 47.130911 46.817989 46.503566 46.187611 45.870081 45.550918 45.230054 44.907400 44.582856 44.256710 43.928533 43.598435 43.266345 42.932240 42.595857 42.257584 41.917025 41.574173 41.229003 40.881471 40.531517 40.179062 39.824006 39.466232 39.105715 38.742551 38.376303 38.007302 37.635006 37.259883
56.359058 56.078313 55.796796 55.514799 55.231974 54.948580 54.664423 54.379455 54.093755 53.807323 53.520044 53.231905 52.942882 52.652953 52.362082 52.070227 51.777339 51.483592 51.188740 50.892703 50.595617 50.297419 49.997922 49.697379 49.395464 49.092307 48.787900 48.482034 48.174732 47.866190 47.556137 47.244571 46.931486 46.616841 46.300575 45.982628 45.663211 45.341990 45.018838 44.694106 44.367316 44.038766 43.708026 43.375509 43.040827 42.703933 42.364818 42.023479 41.679882 41.333872 40.985455 40.634643 40.281260 39.925174 39.566317 39.204916 38.840374 38.473213 38.102791 37.729337
56.678224 56.399387 56.119864 55.839714 55.559054 55.277683 54.995594 54.712775 54.429204 54.144857 53.859707 53.573714 53.286832 52.999009 52.710184 52.420533 52.129853 51.837992 51.545225 51.251257 50.956176 50.659883 50.362463 50.063613 49.763723 49.462436 49.159727 48.855604 48.550208 48.243356 47.934993 47.625085 47.313596 47.000470 46.685804 46.369502 46.051433 45.731495 45.410037 45.086587 44.761373 44.434081 44.105062 43.773877 43.440550 43.105189 42.767700 42.427934 42.085841 41.741348 41.394408 41.045134 40.693241 40.338618 39.981356 39.621447 39.258563 38.892901 38.524244 38.152393
