data/CoulombOnly/Outputs_CoulombOnly/release1HS_03CoulombOnly_null_INRAEaval_pft.asc
ncols  1001
nrows  301
xllcenter  1000.00
yllcenter -5000.00
cellsize  5.00
nodata_value -9999.00
[rows 145 to 173 of 301, columns 402 to 468 of 1001]
1.79347 1.79327 1.79293 1.79243 1.79179 1.79100 1.79008 1.78901 1.78780 1.78645 1.78497 1.78336 1.78162 1.77974 1.77775 1.77563 1.77339 1.77103 1.76856 1.76597 1.76328 1.76048 1.75760 1.75479 1.75207 1.74944 1.74689 1.74442 1.74202 1.73970 1.73746 1.73528 1.73318 1.73114 1.72917 1.72727 1.72543 1.72366 1.72195 1.72030 1.71872 1.71719 1.71573 1.71432 1.71298 1.71169 1.71046 1.70929 1.70818 1.70712 1.70612 1.70518 1.70430 1.70348 1.70271 1.70200 1.70135 1.70076 1.70023 1.69975 1.69934 1.69898 1.69869 1.69846 1.69829 1.69819 1.69814
2.23783 2.23068 2.22347 2.21620 2.20888 2.20150 2.19407 2.18659 2.17906 2.17149 2.16386 2.15620 2.14850 2.14076 2.13298 2.12516 2.11731 2.10944 2.10153 2.09359 2.08563 2.07765 2.06969 2.06194 2.05443 2.04714 2.04006 2.03319 2.02651 2.02002 2.01371 2.00758 2.00162 1.99582 1.99018 1.98470 1.97936 1.97417 1.96912 1.96421 1.95943 1.95479 1.95027 1.94587 1.94160 1.93744 1.93340 1.92948 1.92567 1.92197 1.91838 1.91490 1.91152 1.90825 1.90508 1.90201 1.89905 1.89618 1.89342 1.89075 1.88818 1.88571 1.88334 1.88106 1.87888 1.87680 1.87482
2.57630 2.56383 2.55136 2.53891 2.52647 2.51404 2.50164 2.48925 2.47689 2.46455 2.45223 2.43995 2.42769 2.41546 2.40326 2.39110 2.37897 2.36687 2.35482 2.34280 2.33082 2.31888 2.30704 2.29553 2.28436 2.27351 2.26298 2.25275 2.24280 2.23313 2.22373 2.21457 2.20567 2.19700 2.18855 2.18033 2.17232 2.16452 2.15692 2.14951 2.14229 2.13525 2.12839 2.12170 2.11518 2.10883 2.10264 2.09660 2.09072 2.08499 2.07941 2.07397 2.06867 2.06351 2.05849 2.05361 2.04885 2.04423 2.03974 2.03538 2.03114 2.02703 2.02305 2.01918 2.01544 2.01182 2.00833
2.80769 2.79158 2.77552 2.75952 2.74359 2.72772 2.71192 2.69618 2.68052 2.66492 2.64940 2.63396 2.61859 2.60330 2.58808 2.57295 2.55790 2.54292 2.52803 2.51323 2.49851 2.48387 2.46938 2.45529 2.44162 2.42835 2.41546 2.40293 2.39075 2.37890 2.36738 2.35616 2.34524 2.33460 2.32424 2.31414 2.30430 2.29471 2.28536 2.27624 2.26734 2.25867 2.25020 2.24194 2.23389 2.22602 2.21835 2.21087 2.20357 2.19644 2.18949 2.18270 2.17609 2.16963 2.16334 2.15721 2.15123 2.14540 2.13972 2.13419 2.12880 2.12356 2.11847 2.11351 2.10870 2.10402 2.09948
2.93149 2.91344 2.89548 2.87760 2.85981 2.84211 2.82450 2.80699 2.78957 2.77224 2.75502 2.73789 2.72087 2.70395 2.68713 2.67041 2.65380 2.63730 2.62090 2.60461 2.58843 2.57235 2.55645 2.54099 2.52599 2.51142 2.49727 2.48351 2.47014 2.45713 2.44447 2.43214 2.42014 2.40845 2.39707 2.38596 2.37514 2.36459 2.35430 2.34426 2.33447 2.32492 2.31559 2.30649 2.29761 2.28893 2.28047 2.27221 2.26414 2.25626 2.24857 2.24107 2.23374 2.22659 2.21962 2.21281 2.20617 2.19969 2.19337 2.18722 2.18121 2.17537 2.16967 2.16413 2.15873 2.15348 2.14838
2.94617 2.92791 2.90974 2.89165 2.87366 2.85576 2.83795 2.82024 2.80263 2.78511 2.76770 2.75039 2.73318 2.71607 2.69907 2.68218 2.66540 2.64872 2.63215 2.61569 2.59934 2.58310 2.56704 2.55142 2.53627 2.52155 2.50726 2.49336 2.47985 2.46671 2.45391 2.44146 2.42934 2.41753 2.40602 2.39480 2.38387 2.37321 2.36281 2.35266 2.34277 2.33311 2.32368 2.31448 2.30550 2.29674 2.28818 2.27983 2.27167 2.26371 2.25593 2.24834 2.24094 2.23370 2.22665 2.21976 2.21304 2.20649 2.20010 2.19386 2.18779 2.18187 2.17610 2.17049 2.16503 2.15971 2.15454
2.85137 2.83463 2.81796 2.80135 2.78481 2.76834 2.75194 2.73562 2.71938 2.70321 2.68712 2.67112 2.65520 2.63936 2.62361 2.60794 2.59236 2.57687 2.56147 2.54616 2.53095 2.51582 2.50085 2.48629 2.47217 2.45845 2.44513 2.43218 2.41959 2.40734 2.39543 2.38383 2.37254 2.36154 2.35082 2.34038 2.33020 2.32028 2.31060 2.30117 2.29196 2.28298 2.27422 2.26567 2.25732 2.24918 2.24123 2.23348 2.22591 2.21852 2.21131 2.20428 2.19742 2.19072 2.18419 2.17782 2.17160 2.16555 2.15965 2.15390 2.14829 2.14284 2.13753 2.13237 2.12735 2.12247 2.11773
2.64863 2.63513 2.62164 2.60818 2.59474 2.58133 2.56794 2.55459 2.54127 2.52798 2.51473 2.50152 2.48834 2.47521 2.46212 2.44908 2.43608 2.42313 2.41023 2.39738 2.38457 2.37183 2.35919 2.34690 2.33497 2.32339 2.31215 2.30122 2.29059 2.28026 2.27021 2.26043 2.25090 2.24163 2.23260 2.22381 2.21524 2.20688 2.19874 2.19081 2.18307 2.17553 2.16817 2.16100 2.15400 2.14718 2.14053 2.13404 2.12772 2.12155 2.11554 2.10968 2.10397 2.09841 2.09299 2.08771 2.08257 2.07757 2.07270 2.06797 2.06337 2.05890 2.05456 2.05035 2.04626 2.04230 2.03847
2.33846 2.32990 2.32129 2.31263 2.30393 2.29519 2.28641 2.27759 2.26874 2.25985 2.25094 2.24199 2.23302 2.22403 2.21501 2.20598 2.19693 2.18786 2.17878 2.16968 2.16058 2.15146 2.14239 2.13356 2.12500 2.11668 2.10861 2.10076 2.09314 2.08572 2.07851 2.07150 2.06468 2.05804 2.05158 2.04528 2.03916 2.03320 2.02739 2.02174 2.01623 2.01087 2.00565 2.00057 1.99562 1.99080 1.98611 1.98155 1.97711 1.97279 1.96859 1.96451 1.96054 1.95669 1.95295 1.94932 1.94580 1.94238 1.93908 1.93588 1.93278 1.92979 1.92691 1.92413 1.92145 1.91887 1.91640
1.92127 1.91932 1.91724 1.91501 1.91266 1.91017 1.90755 1.90481 1.90194 1.89895 1.89584 1.89261 1.88927 1.88582 1.88227 1.87860 1.87483 1.87097 1.86700 1.86294 1.85878 1.85454 1.85025 1.84606 1.84199 1.83804 1.83421 1.83049 1.82687 1.82335 1.81993 1.81661 1.81339 1.81025 1.80721 1.80425 1.80138 1.79859 1.79588 1.79325 1.79070 1.78823 1.78583 1.78351 1.78126 1.77909 1.77698 1.77495 1.77299 1.77110 1.76928 1.76753 1.76584 1.76423 1.76268 1.76120 1.75979 1.75845 1.75717 1.75596 1.75483 1.75376 1.75276 1.75183 1.75097 1.75018 1.74946
1.40278 1.40871 1.41440 1.41986 1.42509 1.43008 1.43484 1.43938 1.44370 1.44779 1.45166 1.45531 1.45875 1.46198 1.46500 1.46782 1.47043 1.47285 1.47507 1.47709 1.47893 1.48059 1.48208 1.48350 1.48486 1.48617 1.48743 1.48865 1.48982 1.49095 1.49205 1.49312 1.49416 1.49517 1.49615 1.49712 1.49807 1.49900 1.49992 1.50082 1.50172 1.50261 1.50349 1.50437 1.50524 1.50612 1.50700 1.50788 1.50877 1.50967 1.51057 1.51149 1.51241 1.51335 1.51431 1.51528 1.51627 1.51728 1.51831 1.51937 1.52045 1.52157 1.52271 1.52388 1.52508 1.52632 1.52760
0.65491 0.66626 0.67745 0.68848 0.69934 0.71004 0.72056 0.73091 0.74107 0.75106 0.76085 0.77046 0.77987 0.78910 0.79813 0.80696 0.81560 0.82404 0.83228 0.84032 0.84817 0.85582 0.86329 0.87063 0.87785 0.88497 0.89198 0.89889 0.90569 0.91241 0.91903 0.92556 0.93201 0.93837 0.94466 0.95087 0.95702 0.96309 0.96910 0.97505 0.98094 0.98677 0.99255 0.99828 1.00397 1.00961 1.01521 1.02076 1.02628 1.03177 1.03722 1.04265 1.04805 1.05342 1.05877 1.06409 1.06940 1.07469 1.07997 1.08523 1.09049 1.09573 1.10097 1.10620 1.11144 1.11667 1.12190
0.34668 0.35762 0.36859 0.37957 0.39057 0.40156 0.41254 0.42350 0.43443 0.44532 0.45616 0.46694 0.47765 0.48830 0.49886 0.50934 0.51972 0.53000 0.54017 0.55023 0.56018 0.56999 0.57968 0.58921 0.59859 0.60783 0.61692 0.62589 0.63473 0.64345 0.65206 0.66056 0.66895 0.67725 0.68544 0.69355 0.70157 0.70950 0.71735 0.72512 0.73281 0.74043 0.74799 0.75547 0.76289 0.77024 0.77754 0.78478 0.79197 0.79910 0.80618 0.81322 0.82021 0.82717 0.83408 0.84095 0.84779 0.85459 0.86137 0.86812 0.87484 0.88153 0.88821 0.89487 0.90151 0.90813 0.91475
0.12870 0.13582 0.14313 0.15062 0.15830 0.16614 0.17415 0.18231 0.19062 0.19907 0.20765 0.21636 0.22518 0.23411 0.24313 0.25224 0.26142 0.27068 0.28000 0.28936 0.29877 0.30821 0.31766 0.32708 0.33646 0.34579 0.35508 0.36432 0.37351 0.38266 0.39176 0.40082 0.40984 0.41881 0.42774 0.43663 0.44548 0.45428 0.46305 0.47178 0.48047 0.48912 0.49774 0.50633 0.51488 0.52340 0.53188 0.54034 0.54876 0.55716 0.56553 0.57387 0.58219 0.59048 0.59875 0.60700 0.61523 0.62343 0.63162 0.63980 0.64796 0.65610 0.66424 0.67236 0.68047 0.68858 0.69667
0.02978 0.03249 0.03537 0.03842 0.04166 0.04507 0.04866 0.05244 0.05640 0.06055 0.06489 0.06941 0.07412 0.07902 0.08410 0.08936 0.09480 0.10041 0.10620 0.11216 0.11828 0.12456 0.13100 0.13753 0.14416 0.15089 0.15770 0.16459 0.17156 0.17861 0.18574 0.19294 0.20020 0.20753 0.21493 0.22239 0.22990 0.23748 0.24510 0.25279 0.26052 0.26830 0.27613 0.28401 0.29193 0.29990 0.30791 0.31597 0.32406 0.33219 0.34036 0.34857 0.35682 0.36511 0.37343 0.38178 0.39017 0.39859 0.40705 0.41555 0.42407 0.43263 0.44123 0.44985 0.45851 0.46721 0.47594
0.00436 0.00485 0.00541 0.00604 0.00675 0.00754 0.00840 0.00936 0.01042 0.01157 0.01283 0.01420 0.01568 0.01728 0.01900 0.02085 0.02282 0.02493 0.02717 0.02955 0.03208 0.03475 0.03756 0.04051 0.04357 0.04676 0.05007 0.05351 0.05707 0.06076 0.06457 0.06850 0.07255 0.07673 0.08103 0.08545 0.08999 0.09465 0.09943 0.10433 0.10935 0.11449 0.11974 0.12511 0.13060 0.13620 0.14191 0.14774 0.15368 0.15974 0.16590 0.17218 0.17856 0.18506 0.19166 0.19837 0.20519 0.21211 0.21914 0.22628 0.23351 0.24085 0.24830 0.25585 0.26350 0.27125 0.27910
0.00126 0.00133 0.00142 0.00152 0.00164 0.00176 0.00191 0.00210 0.00233 0.00260 0.00267 0.00274 0.00285 0.00301 0.00323 0.00349 0.00384 0.00429 0.00479 0.00535 0.00596 0.00664 0.00739 0.00820 0.00907 0.01001 0.01103 0.01211 0.01327 0.01450 0.01582 0.01721 0.01869 0.02025 0.02190 0.02365 0.02548 0.02741 0.02944 0.03156 0.03379 0.03612 0.03856 0.04110 0.04376 0.04652 0.04941 0.05240 0.05552 0.05876 0.06212 0.06560 0.06921 0.07294 0.07681 0.08080 0.08493 0.08919 0.09359 0.09813 0.10280 0.10762 0.11258 0.11768 0.12292 0.12831 0.13385
0.00100 0.00100 0.00100 0.00100 0.00100 0.00100 0.00101 0.00102 0.00104 0.00106 0.00109 0.00107 0.00112 0.00118 0.00131 0.00137 0.00145 0.00155 0.00167 0.00181 0.00195 0.00211 0.00228 0.00233 0.00228 0.00227 0.00231 0.00241 0.00257 0.00278 0.00308 0.00342 0.00379 0.00419 0.00462 0.00509 0.00559 0.00614 0.00672 0.00735 0.00802 0.00875 0.00952 0.01035 0.01123 0.01217 0.01317 0.01424 0.01537 0.01657 0.01785 0.01920 0.02064 0.02215 0.02375 0.02544 0.02723 0.02911 0.03108 0.03317 0.03535 0.03765 0.04006 0.04259 0.04524 0.04802 0.05092
0.00100 0.00100 0.00100 0.00100 0.00100 0.00100 0.00100 0.00100 0.00100 0.00100 0.00100 0.00100 0.00100 0.00100 0.00100 0.00100 0.00100 0.00100 0.00100 0.00101 0.00102 0.00104 0.00103 0.00107 0.00106 0.00113 0.00114 0.00117 0.00124 0.00131 0.00138 0.00147 0.00155 0.00165 0.00175 0.00186 0.00198 0.00211 0.00226 0.00242 0.00260 0.00281 0.00281 0.00280 0.00291 0.00313 0.00337 0.00364 0.00393 0.00424 0.00459 0.00497 0.00538 0.00582 0.00630 0.00682 0.00737 0.00797 0.00862 0.00931 0.01005 0.01085 0.01170 0.01262 0.01360 0.01464 0.01576
0.00100 0.00100 0.00100 0.00100 0.00100 0.00100 0.00100 0.00100 0.00100 0.00100 0.00100 0.00100 0.00100 0.00100 0.00100 0.00100 0.00100 0.00100 0.00100 0.00100 0.00100 0.00100 0.00100 0.00100 0.00100 0.00100 0.00100 0.00100 0.00100 0.00100 0.00100 0.00100 0.00101 0.00101 0.00103 0.00106 0.00108 0.00109 0.00113 0.00108 0.00108 0.00110 0.00112 0.00116 0.00119 0.00124 0.00128 0.00134 0.00140 0.00147 0.00155 0.00163 0.00172 0.00183 0.00194 0.00206 0.00220 0.00235 0.00251 0.00269 0.00288 0.00310 0.00333 0.00359 0.00386 0.00417 0.00449
0.00100 0.00100 0.00100 0.00100 0.00100 0.00100 0.00100 0.00100 0.00100 0.00100 0.00100 0.00100 0.00100 0.00100 0.00100 0.00100 0.00100 0.00100 0.00100 0.00100 0.00100 0.00100 0.00100 0.00100 0.00100 0.00100 0.00100 0.00100 0.00100 0.00100 0.00100 0.00100 0.00100 0.00100 0.00100 0.00100 0.00100 0.00100 0.00105 0.00101 0.00100 0.00101 0.00101 0.00100 0.00100 0.00100 0.00101 0.00102 0.00103 0.00105 0.00105 0.00106 0.00108 0.00109 0.00111 0.00113 0.00116 0.00119 0.00122 0.00126 0.00130 0.00134 0.00139 0.00145 0.00151 0.00158 0.00166
0.00100 0.00100 0.00100 0.00100 0.00100 0.00100 0.00100 0.00100 0.00100 0.00100 0.00100 0.00100 0.00100 0.00100 0.00100 0.00100 0.00100 0.00100 0.00100 0.00100 0.00100 0.00100 0.00100 0.00100 0.00100 0.00100 0.00100 0.00100 0.00100 0.00100 0.00100 0.00100 0.00100 0.00100 0.00100 0.00100 0.00100 0.00100 0.00100 0.00103 0.00101 0.00100 0.00100 0.00100 0.00100 0.00100 0.00100 0.00100 0.00101 0.00101 0.00101 0.00100 0.00100 0.00100 0.00100 0.00100 0.00101 0.00101 0.00101 0.00101 0.00102 0.00103 0.00105 0.00107 0.00110 0.00113 0.00115
0.00100 0.00100 0.00100 0.00100 0.00100 0.00100 0.00100 0.00100 0.00100 0.00100 0.00100 0.00100 0.00100 0.00100 0.00100 0.00100 0.00100 0.00100 0.00100 0.00100 0.00100 0.00100 0.00100 0.00100 0.00100 0.00100 0.00100 0.00100 0.00100 0.00100 0.00100 0.00100 0.00100 0.00100 0.00100 0.00100 0.00100 0.00100 0.00100 0.00101 0.00100 0.00100 0.00100 0.00100 0.00100 0.00100 0.00100 0.00100 0.00100 0.00100 0.00100 0.00100 0.00100 0.00100 0.00100 0.00100 0.00100 0.00100 0.00100 0.00100 0.00100 0.00101 0.00101 0.00101 0.00102 0.00102 0.00103
0.00100 0.00100 0.00100 0.00100 0.00100 0.00100 0.00100 0.00100 0.00100 0.00100 0.00100 0.00100 0.00100 0.00100 0.00100 0.00100 0.00100 0.00100 0.00100 0.00100 0.00100 0.00100 0.00100 0.00100 0.00100 0.00100 0.00100 0.00100 0.00100 0.00100 0.00100 0.00100 0.00100 0.00100 0.00100 0.00100 0.00100 0.00100 0.00100 0.00100 0.00100 0.00100 0.00100 0.00100 0.00100 0.00100 0.00100 0.00100 0.00100 0.00100 0.00100 0.00100 0.00100 0.00100 0.00100 0.00100 0.00100 0.00100 0.00100 0.00100 0.00100 0.00100 0.00100 0.00100 0.00100 0.00100 0.00100
0.00100 0.00100 0.00100 0.00100 0.00100 0.00100 0.00100 0.00100 0.00100 0.00100 0.00100 0.00100 0.00100 0.00100 0.00100 0.00100 0.00100 0.00100 0.00100 0.00100 0.00100 0.00100 0.00100 0.00100 0.00100 0.00100 0.00100 0.00100 0.00100 0.00100 0.00100 0.00100 0.00100 0.00100 0.00100 0.00100 0.00100 0.00100 0.00100 0.00100 0.00100 0.00100 0.00100 0.00100 0.00100 0.00100 0.00100 0.00100 0.00100 0.00100 0.00100 0.00100 0.00100 0.00100 0.00100 0.00100 0.00100 0.00100 0.00100 0.00100 0.00100 0.00100 0.00100 0.00100 0.00100 0.00100 0.00100
0.00100 0.00100 0.00100 0.00100 0.00100 0.00100 0.00100 0.00100 0.00100 0.00100 0.00100 0.00100 0.00100 0.00100 0.00100 0.00100 0.00100 0.00100 0.00100 0.00100 0.00100 0.00100 0.00100 0.00100 0.00100 0.00100 0.00100 0.00100 0.00100 0.00100 0.00100 0.00100 0.00100 0.00100 0.00100 0.00100 0.00100 0.00100 0.00100 0.00100 0.00100 0.00100 0.00100 0.00100 0.00100 0.00100 0.00100 0.00100 0.00100 0.00100 0.00100 0.00100 0.00100 0.00100 0.00100 0.00100 0.00100 0.00100 0.00100 0.00100 0.00100 0.00100 0.00100 0.00100 0.00100 0.00100 0.00100
0.00100 0.00100 0.00100 0.00100 0.00100 0.00100 0.00100 0.00100 0.00100 0.00100 0.00100 0.00100 0.00100 0.00100 0.00100 0.00100 0.00100 0.00100 0.00100 0.00100 0.00100 0.00100 0.00100 0.00100 0.00100 0.00100 0.00100 0.00100 0.00100 0.00100 0.00100 0.00100 0.00100 0.00100 0.00100 0.00100 0.00100 0.00100 0.00100 0.00100 0.00100 0.00100 0.00100 0.00100 0.00100 0.00100 0.00100 0.00100 0.00100 0.00100 0.00100 0.00100 0.00100 0.00100 0.00100 0.00100 0.00100 0.00100 0.00100 0.00100 0.00100 0.00100 0.00100 0.00100 0.00100 0.00100 0.00100
0.00100 0.00100 0.00100 0.00100 0.00100 0.00100 0.00100 0.00100 0.00100 0.00100 0.00100 0.00100 0.00100 0.00100 0.00100 0.00100 0.00100 0.00100 0.00100 0.00100 0.00100 0.00100 0.00100 0.00100 0.00100 0.00100 0.00100 0.00100 0.00100 0.00100 0.00100 0.00100 0.00100 0.00100 0.00100 0.00100 0.00100 0.00100 0.00100 0.00100 0.00100 0.00100 0.00100 0.00100 0.00100 0.00100 0.00100 0.00100 0.00100 0.00100 0.00100 0.00100 0.00100 0.00100 0.00100 0.00100 0.00100 0.00100 0.00100 0.00100 0.00100 0.00100 0.00100 0.00100 0.00100 0.00100 0.00100
0.00100 0.00100 0.00100 0.00100 0.00100 0.00100 0.00100 0.00100 0.00100 0.00100 0.00100 0.00100 0.00100 0.00100 0.00100 0.00100 0.00100 0.00100 0.00100 0.00100 0.00100 0.00100 0.00100 0.00100 0.00100 0.00100 0.00100 0.00100 0.00100 0.00100 0.00100 0.00100 0.00100 0.00100 0.00100 0.00100 0.00100 0.00100 0.00100 0.00100 0.00100 0.00100 0.00100 0.00100 0.00100 0.00100 0.00100 0.00100 0.00100 0.00100 0.00100 0.00100 0.00100 0.00100 0.00100 0.00100 0.00100 0.00100 0.00100 0.00100 0.00100 0.00100 0.00100 0.00100 0.00100 0.00100 0.00100
