data/CoulombOnly/Outputs_CoulombOnly/release1HS_03CoulombOnly_null_com1DFA_pft.asc
ncols 1001
nrows 301
xllcenter 1000.00
yllcenter -5000.00
cellsize 5.00
nodata_value nan
[rows 144 to 167 of 301, columns 108 to 161 of 1001]
1.978555353374073 1.975843951649287 1.995502517159697 1.995748744018564 2.019627602466376 2.034355275602657 2.051941475799748 2.043755810644564 2.080729950604143 2.054935667645741 2.081251781226597 2.081972842454844 2.087603354483848 2.107675967849833 2.112045899450623 2.108195169665342 2.10515597018042 2.105093229450838 2.108170770070623 2.108919407537832 2.108912451929717 2.085431844122557 2.078587227730261 2.060744530134573 2.042896648357298 2.029566454925386 1.991940006188731 1.975208137580167 1.946858931934653 1.891392563922663 1.870504400213799 1.815231476424379 1.76478678224949 1.712492422098672 1.665367861928002 1.605653076492192 1.543308525925443 1.475782048356183 1.393314336592018 1.365354834363692 1.300788794639714 1.239406350938937 1.189935815437921 1.178450353598034 1.099137302309309 1.076962633491879 1.025805633393297 0.966266800811541 0.9600280713443728 0.9166274934694247 0.8790267130691157 0.8774852479306567 0.8317503791804204 0.8159734566575518
2.1725003370153 2.190208626960403 2.213796794721464 2.232206325846342 2.258248859221067 2.27279812491483 2.287959045626632 2.305268935290848 2.332794086015132 2.350535003950248 2.36090027367708 2.385661793177793 2.402272005862603 2.429734959331981 2.422900886186116 2.43980570670331 2.46920357816524 2.462985685884083 2.474777920360007 2.499067639545658 2.495525141075188 2.50041330021129 2.518531620643969 2.525771942452495 2.515904550558366 2.513058391401989 2.517402242885061 2.517620440459317 2.527699049837191 2.495190304149442 2.490077020531292 2.471922617955173 2.448461287699562 2.443324859553419 2.409808436574878 2.387884916535638 2.360670868855294 2.327872656307525 2.294031815062084 2.270780934000367 2.229296510732352 2.212116907417246 2.171503792860641 2.155367472833677 2.120193340234224 2.084363744509212 2.0641875639242 2.032828121233914 2.006657755096872 1.98909066875542 1.977804278334101 1.964662799155666 1.954521895338863 1.917930948367004
2.346161748259828 2.371930850239621 2.396232015324003 2.428255107945496 2.448654181776379 2.4749492502104 2.500435445394821 2.526045529216982 2.53714008873407 2.578337018408904 2.612943929202105 2.636068400843151 2.647427493939856 2.672346856704638 2.722494593403543 2.728111764150182 2.756188696125726 2.779980765582824 2.794816076922391 2.842180473062553 2.842127590169185 2.859623274738724 2.894758429432287 2.906502227248658 2.919966090783359 2.947865117393439 2.967415278138344 2.957794258219937 2.980283468966353 2.993326759902371 3.011630472991256 3.013892520373261 3.023139066870269 3.02750923455672 3.026509601409996 3.029392254778445 3.023978566501274 3.027949613288605 3.020195419938026 3.020077778749979 3.024126983998474 3.02788617804027 3.006732554173468 2.993161230567393 2.995648127521909 2.985313851314104 2.978224624876177 2.970757935043799 2.948591854513029 2.953571312212182 2.961126626517314 2.945269161523944 2.940637875018552 2.958157546996568
2.506741171713318 2.513634137238804 2.530418169647663 2.557536899047225 2.577839517892894 2.61272039311906 2.633800149166435 2.667439131086417 2.70445847254718 2.745033702101584 2.759185142786183 2.799107178671221 2.825839633020023 2.862412952602245 2.887494802957429 2.937692941315777 2.958160642238112 3.000978396965994 3.035676527856675 3.064704223492193 3.10562396701234 3.133118825693546 3.164115423374523 3.21204881962197 3.244399360147237 3.269892309676747 3.294583223433016 3.327400381506561 3.372637719550155 3.398597954371368 3.403747539557069 3.45391276503666 3.471794634077825 3.499441194111901 3.526471565664151 3.547876204117742 3.568360911904664 3.604434682557625 3.610620097269799 3.651375439217778 3.657922194853712 3.675441798707041 3.70005740093183 3.704400407996217 3.737823549652678 3.755343177377526 3.757913609582063 3.769234904779728 3.793857668093405 3.804470356434182 3.808002823661372 3.821273926951139 3.843259634302664 3.848761730611075
2.573507146563228 2.602711500579691 2.626933421533352 2.656717089966298 2.683089144085658 2.721459820390863 2.750933686320175 2.78447518014298 2.813624358662587 2.846656674588093 2.880998572056324 2.912773159640698 2.971426725150966 3.001793959761721 3.031190668223108 3.070083393273278 3.116556661295445 3.155196510751292 3.182296780279803 3.240780673584102 3.263377096978902 3.303528223675882 3.34873057223788 3.383005586103892 3.444445118019081 3.492005178472927 3.531888012008654 3.557530931709564 3.608221577972875 3.659238539661718 3.696262774488142 3.737834451858413 3.788559242288542 3.832578738093849 3.873461874195161 3.92326442803951 3.966491933858548 4.021116505120783 4.073140260803143 4.10150127368612 4.131167461243127 4.192341456472183 4.244276849407702 4.25922398982135 4.305471092629464 4.339570704562501 4.390220613682857 4.415630259966991 4.434964149466364 4.466070747383634 4.506530150457327 4.527578357261917 4.535536624239262 4.550673977398174
2.631102902893841 2.671505090807386 2.684449796355658 2.727870972809828 2.754990884570587 2.76918200917046 2.798214920524138 2.839663120690624 2.86648099994592 2.903589484727293 2.9404081293783 2.969839172439847 3.008112214228873 3.047773682568658 3.096695523928245 3.127009826452092 3.173556268955997 3.227694126560154 3.2566523667572 3.316602590294067 3.3521906059374 3.408997454163582 3.455321499397451 3.500644317836003 3.558731976345581 3.602157557406281 3.656870193710104 3.703208369604128 3.765871389746345 3.818323681899274 3.867344308693823 3.922097570360744 3.986551099432744 4.035540207069442 4.103019864004155 4.153273993617553 4.227450584002869 4.276198358694785 4.336340927567881 4.393861576503265 4.449048732153764 4.493790816398362 4.565357730577071 4.613428814107714 4.664069074316182 4.711745388134428 4.758633148726407 4.816965263362691 4.854209440151846 4.879401955316611 4.920430770282078 4.954435142067379 4.981316073390772 5.004759129803526
2.654278220682156 2.69370183282832 2.70782577887833 2.745364174627477 2.769034958654548 2.792621200617491 2.815286546665811 2.857029172607947 2.895393870765239 2.940543105906471 2.982979978516112 3.005315956017546 3.040952425545146 3.087964399069901 3.130813532641037 3.158269618689218 3.210921317154514 3.268747133857639 3.300166292219027 3.344220683108153 3.395999126496172 3.426110889062417 3.479211586602991 3.536911124250432 3.583328373334624 3.647444600620785 3.687612197589561 3.755573334852288 3.803009994729587 3.875265298275364 3.921484246590036 3.976604708030471 4.062188438912152 4.098009506757953 4.173935908424039 4.229978391788735 4.298116983076345 4.354578200638223 4.424754759927607 4.473496160640082 4.560355313487485 4.61689760732907 4.672349393889157 4.734592593563637 4.790406064802031 4.854806963587617 4.895066867284349 4.953139377314547 4.998834148481929 5.041528874483897 5.071917338508984 5.106987526334244 5.127167672474825 5.161026292543073
2.636398658102195 2.657673370437849 2.690473534616023 2.716153953544131 2.735637599350188 2.769169196846909 2.800868837067099 2.831367562060232 2.86497606256319 2.898008093559449 2.931755314853366 2.970863826483334 2.998207430471517 3.045757939194004 3.087092957857973 3.135178955608778 3.159553359323434 3.209513560691319 3.256984067167786 3.295462002011644 3.349452945593699 3.394649369230629 3.44895509826083 3.493397703793431 3.551689554655962 3.60753555847141 3.6433229448736 3.700079807531721 3.7562954535866 3.817986799545855 3.887438354157321 3.915452209760053 3.97684177361982 4.037604202297419 4.074277483094715 4.156748582701388 4.206190702574982 4.26473592220526 4.314866169502703 4.382034812554679 4.448265880237125 4.49350046509181 4.564247018352559 4.606534331853093 4.653759828810974 4.719749737253876 4.761070280139986 4.819350213710597 4.859073141144904 4.881652083301253 4.925773178485348 4.960866307670112 4.982268254023355 4.993993199146419
2.577349703668623 2.597236567540473 2.62245994032412 2.645802496378434 2.680484917128008 2.709038633377863 2.725932959229271 2.766759826319203 2.805371923644245 2.843061588238154 2.871566560552155 2.9112808411442 2.932879160290061 2.966391266412677 3.000427420499398 3.039832657628598 3.074922221534564 3.115805866151434 3.167125237965893 3.199323924975144 3.238147191498075 3.272179591648286 3.3328222552132 3.374235011449522 3.422495306585859 3.452810873293735 3.495736139584718 3.551321016721364 3.595511304131003 3.628229674660151 3.682497527332218 3.735273015067475 3.773825855664567 3.835529610551738 3.857879661372417 3.926236641845633 3.952106241033135 4.012076536991453 4.050356618889579 4.108168622228972 4.141402934486762 4.188219678132331 4.227005271073631 4.271183595789177 4.293298362224728 4.343402252619548 4.359849404349773 4.394813634147728 4.42994251951258 4.461844505357754 4.480054278717192 4.494534562390879 4.517035793798425 4.555736012389627
2.468651051258394 2.50149779979236 2.53460786870531 2.556014796614243 2.583076615614895 2.613594712189945 2.625906752963414 2.660071574105115 2.691583301929876 2.72005747913932 2.754823577929641 2.788547974436742 2.808625611500247 2.836339601176732 2.865927308329266 2.906989697391944 2.937023059945096 2.974970022202816 2.992474705760122 3.025773024876722 3.066753886174426 3.105011190856557 3.132753413459872 3.16318922218615 3.208310649246061 3.226751581755118 3.262778071323869 3.305072893605883 3.326639524095389 3.353876645858328 3.406265442508258 3.410718468484741 3.456808085312502 3.506178676126211 3.505067956484148 3.546839060955857 3.55748667289414 3.603736907616489 3.614932980817067 3.645546039922337 3.662126741155467 3.685976847589385 3.700775673079438 3.712366068980586 3.723319822872758 3.747363169051507 3.756552685966223 3.77166451125501 3.790001821996716 3.800438244202674 3.809812806409205 3.827198840257896 3.843397737018618 3.841617956538199
2.345801989334376 2.361002584637901 2.37528920436164 2.42397651960182 2.425325280519636 2.456056351164925 2.476919569492156 2.498823681342506 2.523671279661346 2.554333178230151 2.571778616017868 2.609135326716704 2.617731249805295 2.65121021609934 2.684469845738012 2.702526485419715 2.718419634518189 2.74401674990994 2.769655402791793 2.799615929644466 2.822424980287072 2.836738411864925 2.864429223733078 2.893145091143916 2.908370714793298 2.916496038757569 2.947776061260028 2.963244685391181 2.976843761640491 2.991255002350629 3.003114602843744 3.026982166072323 3.031300562730322 3.03376867837689 3.039760889125302 3.044827835972443 3.040888729672263 3.044108358598728 3.034504985178665 3.035058206482436 3.019483139482639 3.030346266973519 3.009843734376945 3.002312911423443 2.987463984771208 2.98384506302661 2.981950158451119 2.967687041706632 2.96171857835193 2.946881487400314 2.943844488816551 2.943253652531602 2.944631909065288 2.942698608325474
2.163122872164074 2.199682381257613 2.206999294805692 2.223336665393894 2.235041434191017 2.253379353126262 2.284484240322797 2.294267831944461 2.314912503525933 2.336824978522371 2.348568120401965 2.360496453402077 2.380948623454152 2.422270757805989 2.415623449924015 2.431467276258114 2.451445077446972 2.465388959048902 2.489005740429948 2.473728773369011 2.512733404306545 2.492752524893188 2.533773189003072 2.524652068880748 2.529066354432779 2.532237719616175 2.529715992971575 2.523188681961744 2.530162607606961 2.509693690566052 2.500449753107878 2.492504178335782 2.45210922636497 2.45567655888447 2.44193014375323 2.407192753385941 2.372107043970753 2.358180309013748 2.310836801241049 2.275777142858189 2.262088193191365 2.230668866202551 2.179000689821608 2.150568137023325 2.117480030070535 2.078681927682274 2.058305946296715 2.016085869937667 1.987772853461555 1.964462540159347 1.951401785774021 1.905168050703285 1.88460006252877 1.865979044803469
1.972744387294375 1.97768121508541 1.999972239451263 2.019606556560579 2.025919832759915 2.043414911608302 2.042425785977326 2.055120679211542 2.061973957122391 2.088957546762475 2.078775644730834 2.096034538685586 2.107021776265548 2.114047514095375 2.113696434872073 2.109809374336913 2.123557473753483 2.112033385984553 2.11946758012705 2.109228954382664 2.104692387854636 2.100596633699574 2.092111818274021 2.072815679611794 2.029410687623295 2.031966492300444 2.007755395648004 1.960188353937628 1.962267099572507 1.893008114029615 1.863609602988778 1.836484213139254 1.789245481747792 1.722438264011161 1.693039327045521 1.632145530119979 1.559017294130294 1.520609363340761 1.452697434135285 1.375997930907242 1.324765699512665 1.278625901606775 1.208374343142622 1.131316807878692 1.066695787706303 1.020510290869979 0.997096418651377 0.9547678543322033 0.8889931272116698 0.8572286621323727 0.8275987906024364 0.7860069057032565 0.7422149133247791 0.7239731970811901
1.785271180314441 1.775896494896895 1.781223838095968 1.806258981620352 1.789434171291928 1.817613531433616 1.831259942469849 1.806515739658193 1.817848414453601 1.818409850463026 1.793123849553979 1.800029881344809 1.779632095019113 1.791224682122534 1.760090073699462 1.761819793115902 1.741380484952396 1.735677610386075 1.689742983782537 1.688799383948695 1.642258304196411 1.612609734676862 1.586246879815913 1.540656471450045 1.499987383393029 1.457134827848771 1.42103087099153 1.354924268123587 1.29108294832135 1.227114563143051 1.154640726800669 1.095326543741485 1.016074794355129 0.9454793255039277 0.8750630254591828 0.7704168289941624 0.7082075870970433 0.6198665335090895 0.5619207898374142 0.4955951396370142 0.3833346001244362 0.2957189311727042 0.2415553691913369 0.1913604526081559 0.163179746337432 0.1351639980237154 0.1254030435734276 0.1045139530910565 0.08438454720973264 0.0671293651570285 0.05248275552181242 0.04204467566564653 0.03498539079938814 0.02873004991363711
1.566909735801997 1.559728365119305 1.580158331558296 1.557954404932393 1.545521569471947 1.555513323433762 1.541699360339835 1.542326312440967 1.520566751230223 1.515715865380253 1.487116074737863 1.4605131422519 1.454126226382105 1.413472977497718 1.422071751205525 1.360662073120681 1.34091180602934 1.305091657447973 1.26611140982587 1.210722760968275 1.17245128212714 1.149085674562911 1.054321833942759 1.022172134585708 0.9364637483108399 0.8580169815298262 0.8048943033413564 0.7175149780926612 0.6299651205891439 0.5687975049723039 0.4923716538553727 0.411509053172449 0.3023246679740835 0.2153455484653601 0.1414070960447906 0.09644631205272887 0.07152128561783026 0.04563945672177577 0.02033747791236662 0.004025843742533049 0 0 0 0 0 0 0 0 0 0 0 0 0 0
1.34989149446188 1.330404837366693 1.319121076207181 1.306233034879593 1.285908659783446 1.277697361217354 1.267575312221257 1.243484685333829 1.224419620408081 1.180498653262235 1.168666192996635 1.137536339224223 1.092258178085717 1.04027166655377 1.014167420763658 0.969768979728544 0.8923147415820605 0.8588548109455241 0.8197332622449423 0.7371731713705009 0.6570597359072715 0.5939322343679436 0.5096015230924678 0.4433004281055791 0.3629494780436458 0.2599633580669669 0.1821430964398639 0.1213111539847887 0.08449739601958293 0.0469984254328558 0.0176840730464637 0.001010014979863065 0 0 0 0 0 0 0 0 0 0 0 0 0 0 0 0 0 0 0 0 0 0
1.09805776534833 1.089926631017997 1.052568377263499 1.033507092750351 1.022960103872925 0.9648192568958346 0.9439065385215825 0.9163425999692834 0.8858693742315561 0.8293169401393261 0.788202863652078 0.7296574626224789 0.6852317744068712 0.6633012928890786 0.5868525740933284 0.5244068728331922 0.4574391450422922 0.3936614360931579 0.291032427081019 0.2248876855732103 0.1619263113133715 0.09214360461904927 0.06013092326831453 0.0260844456112498 0.004928134891609695 0 0 0 0 0 0 0 0 0 0 0 0 0 0 0 0 0 0 0 0 0 0 0 0 0 0 0 0 0
0.8330069279999869 0.7957539606081633 0.7532813662179044 0.7512611256941041 0.681053790786488 0.653864089428112 0.6395235840255392 0.5678692642364007 0.5106833713918764 0.4873556565216251 0.4287530618410398 0.3432702440383552 0.2698299205145338 0.1967601390610814 0.1433319658475322 0.0971844240307764 0.05451718622913727 0.02466868138992787 0.004817993755370496 0 0 0 0 0 0 0 0 0 0 0 0 0 0 0 0 0 0 0 0 0 0 0 0 0 0 0 0 0 0 0 0 0 0 0
0.5650538572764837 0.5017848918303413 0.5020536434648216 0.452364446121618 0.3715318198281348 0.3307821514942836 0.2868307408069851 0.2117632878001397 0.1287536283905645 0.0758320283732055 0.05503140783230767 0.02747038418718227 0.00192547650272614 0 0 0 0 0 0 0 0 0 0 0 0 0 0 0 0 0 0 0 0 0 0 0 0 0 0 0 0 0 0 0 0 0 0 0 0 0 0 0 0 0
0.2579845562299147 0.1635318882775274 0.1043387847411813 0.08817591285201282 0.04844371873256061 0.02022714601157733 0.003405205116985519 0 0 0 0 0 0 0 0 0 0 0 0 0 0 0 0 0 0 0 0 0 0 0 0 0 0 0 0 0 0 0 0 0 0 0 0 0 0 0 0 0 0 0 0 0 0 0
0 0 0 0 0 0 0 0 0 0 0 0 0 0 0 0 0 0 0 0 0 0 0 0 0 0 0 0 0 0 0 0 0 0 0 0 0 0 0 0 0 0 0 0 0 0 0 0 0 0 0 0 0 0
0 0 0 0 0 0 0 0 0 0 0 0 0 0 0 0 0 0 0 0 0 0 0 0 0 0 0 0 0 0 0 0 0 0 0 0 0 0 0 0 0 0 0 0 0 0 0 0 0 0 0 0 0 0
0 0 0 0 0 0 0 0 0 0 0 0 0 0 0 0 0 0 0 0 0 0 0 0 0 0 0 0 0 0 0 0 0 0 0 0 0 0 0 0 0 0 0 0 0 0 0 0 0 0 0 0 0 0
0 0 0 0 0 0 0 0 0 0 0 0 0 0 0 0 0 0 0 0 0 0 0 0 0 0 0 0 0 0 0 0 0 0 0 0 0 0 0 0 0 0 0 0 0 0 0 0 0 0 0 0 0 0
