data/CoulombOnly/Outputs_CoulombOnly/release1HS_03CoulombOnly_null_RAMMSUSER_pft.asc
ncols        998
nrows        298
xllcorner    1007.500000004988
yllcorner    -4992.499999998512
cellsize     5.000000000000
[rows 147 to 167 of 298, columns 624 to 671 of 998]
2.0545217990875244141 1.9589314460754394531 1.8557416200637817383 1.7466156482696533203 1.6332694292068481445 1.5167987346649169922 1.3966401815414428711 1.2710046768188476562 1.1369136571884155273 0.98759669065475463867 0.81019443273544311523 0.58339494466781616211 0.31396368145942687988 0.086668632924556732178 0.0070204348303377628326 8.502691343892365694e-05 nan nan nan nan nan nan nan nan nan nan nan nan nan nan nan nan nan nan nan nan nan nan nan nan nan nan nan nan nan nan nan nan
2.0889046192169189453 1.9914299249649047852 1.8865944147109985352 1.7761111259460449219 1.6616022586822509766 1.5439958572387695312 1.4228931665420532227 1.2965883016586303711 1.1624767780303955078 1.0142611265182495117 0.84000378847122192383 0.61797899007797241211 0.34996828436851501465 0.10763715207576751709 0.010637649334967136383 0.00017997440590988844633 nan nan nan nan nan nan nan nan nan nan nan nan nan nan nan nan nan nan nan nan nan nan nan nan nan nan nan nan nan nan nan nan
2.1092693805694580078 2.0104043483734130859 1.9043887853622436523 1.792918086051940918 1.6775583028793334961 1.5592647790908813477 1.4375292062759399414 1.3108055591583251953 1.1765679121017456055 1.0287314653396606445 0.85552966594696044922 0.63512277603149414062 0.36741626262664794922 0.11818707734346389771 0.012724090367555618286 0.00024784926790744066238 nan nan nan nan nan nan nan nan nan nan nan nan nan nan nan nan nan nan nan nan nan nan nan nan nan nan nan nan nan nan nan nan
2.1097104549407958984 2.0108239650726318359 1.9047971963882446289 1.7933217287063598633 1.6779652833938598633 1.5596812963485717773 1.4379570484161376953 1.311247706413269043 1.1770309209823608398 1.0292376279830932617 0.85611248016357421875 0.63581877946853637695 0.3681640625 0.11865960806608200073 0.012822663411498069763 0.00025122391525655984879 nan nan nan nan nan nan nan nan nan nan nan nan nan nan nan nan nan nan nan nan nan nan nan nan nan nan nan nan nan nan nan nan
2.0902762413024902344 1.9927402734756469727 1.8878586292266845703 1.7773759365081787109 1.6628825664520263672 1.5453091859817504883 1.4242359399795532227 1.2979803085327148438 1.1639553308486938477 1.0158911943435668945 0.84190446138381958008 0.62024223804473876953 0.35237169265747070312 0.10912530124187469482 0.010924567468464374542 0.00018949304649140685797 nan nan nan nan nan nan nan nan nan nan nan nan nan nan nan nan nan nan nan nan nan nan nan nan nan nan nan nan nan nan nan nan
2.0567698478698730469 1.9610831737518310547 1.857857823371887207 1.7487376928329467773 1.6354497671127319336 1.5190296173095703125 1.3989465236663818359 1.2734060287475585938 1.1394904851913452148 0.990451812744140625 0.8136138916015625 0.58749663829803466797 0.31836557388305664062 0.08916549384593963623 0.0074141840450465679169 9.4611787062603980303e-05 nan nan nan nan nan nan nan nan nan nan nan nan nan nan nan nan nan nan nan nan nan nan nan nan nan nan nan nan nan nan nan nan
2.0053067207336425781 1.9126857519149780273 1.811944127082824707 1.7049974203109741211 1.5936582088470458984 1.4790009260177612305 1.3602833747863769531 1.2355784177780151367 1.1014689207077026367 0.95051246881484985352 0.76809936761856079102 0.53563541173934936523 0.26506099104881286621 0.061357613652944564819 0.0037007494829595088959 8.270420039480086416e-06 nan nan nan nan nan nan nan nan nan nan nan nan nan nan nan nan nan nan nan nan nan nan nan nan nan nan nan nan nan nan nan nan
1.9377160072326660156 1.8486367464065551758 1.750957489013671875 1.6467133760452270508 1.5379091501235961914 1.425518035888671875 1.3084753751754760742 1.1845988035202026367 1.0495499372482299805 0.89496785402297973633 0.70356976985931396484 0.46139281988143920898 0.19388060271739959717 0.032993808388710021973 0.0012633501319214701653 nan nan nan nan nan nan nan nan nan nan nan nan nan nan nan nan nan nan nan nan nan nan nan nan nan nan nan nan nan nan nan nan nan
1.854062199592590332 1.7688995599746704102 1.6747785806655883789 1.5738557577133178711 1.4683107137680053711 1.3585141897201538086 1.2431435585021972656 1.1195008754730224609 0.98216778039932250977 0.82135260105133056641 0.61629927158355712891 0.36066597700119018555 0.11569941043853759766 0.012359636835753917694 0.00023304819478653371334 nan nan nan nan nan nan nan nan nan nan nan nan nan nan nan nan nan nan nan nan nan nan nan nan nan nan nan nan nan nan nan nan nan
1.754956364631652832 1.6738570928573608398 1.5836607217788696289 1.4866946935653686523 1.384863734245300293 1.2777994871139526367 1.1637017726898193359 1.0391051769256591797 0.89742529392242431641 0.72511959075927734375 0.50097984075546264648 0.23703727126121520996 0.050319213420152664185 0.002625167137011885643 nan nan nan nan nan nan nan nan nan nan nan nan nan nan nan nan nan nan nan nan nan nan nan nan nan nan nan nan nan nan nan nan nan nan
1.6413934230804443359 1.5643297433853149414 1.4782462120056152344 1.385735630989074707 1.2876441478729248047 1.1828936338424682617 1.0690196752548217773 0.94149392843246459961 0.79206985235214233398 0.59922957420349121094 0.35110899806022644043 0.1142409592866897583 0.012514772824943065643 0.00023293143021874129772 nan nan nan nan nan nan nan nan nan nan nan nan nan nan nan nan nan nan nan nan nan nan nan nan nan nan nan nan nan nan nan nan nan nan
1.5151103734970092773 1.4417120218276977539 1.3598833084106445312 1.2716519832611083984 1.1766563653945922852 1.0730190277099609375 0.95748668909072875977 0.82411926984786987305 0.65693211555480957031 0.43239471316337585449 0.18346074223518371582 0.032311026006937026978 0.0012384867295622825623 nan nan nan nan nan nan nan nan nan nan nan nan nan nan nan nan nan nan nan nan nan nan nan nan nan nan nan nan nan nan nan nan nan nan nan
1.3779832124710083008 1.3077466487884521484 1.2299636602401733398 1.1450707912445068359 1.0515500307083129883 0.94691437482833862305 0.82624381780624389648 0.677776336669921875 0.47428676486015319824 0.23259289562702178955 0.054515149444341659546 0.0032901291269809007645 6.0168640629854053259e-06 nan nan nan nan nan nan nan nan nan nan nan nan nan nan nan nan nan nan nan nan nan nan nan nan nan nan nan nan nan nan nan nan nan nan nan
1.2315342426300048828 1.1641383171081542969 1.0892071723937988281 1.0056172609329223633 0.91097760200500488281 0.80089819431304931641 0.66504526138305664062 0.47763276100158691406 0.24893045425415039062 0.06743160635232925415 0.0053762481547892093658 4.773258478962816298e-05 nan nan nan nan nan nan nan nan nan nan nan nan nan nan nan nan nan nan nan nan nan nan nan nan nan nan nan nan nan nan nan nan nan nan nan nan
1.0769972801208496094 1.0113284587860107422 0.93683046102523803711 0.8509871363639831543 0.74949485063552856445 0.62156414985656738281 0.44292455911636352539 0.23062308132648468018 0.064411379396915435791 0.0057316971942782402039 7.1049071266315877438e-05 nan nan nan nan nan nan nan nan nan nan nan nan nan nan nan nan nan nan nan nan nan nan nan nan nan nan nan nan nan nan nan nan nan nan nan nan nan
0.91469681262969970703 0.8475399017333984375 0.7684758305549621582 0.67189753055572509766 0.54476529359817504883 0.37031137943267822266 0.18195828795433044434 0.047502081841230392456 0.0041196648962795734406 5.3889023547526448965e-05 nan nan nan nan nan nan nan nan nan nan nan nan nan nan nan nan nan nan nan nan nan nan nan nan nan nan nan nan nan nan nan nan nan nan nan nan nan nan
0.73930275440216064453 0.66324025392532348633 0.56454181671142578125 0.43284106254577636719 0.26876184344291687012 0.11471888422966003418 0.025942761451005935669 0.0020087803713977336884 1.799297751858830452e-05 nan nan nan nan nan nan nan nan nan nan nan nan nan nan nan nan nan nan nan nan nan nan nan nan nan nan nan nan nan nan nan nan nan nan nan nan nan nan nan
0.52832067012786865234 0.42316985130310058594 0.28955861926078796387 0.15718582272529602051 0.055251311510801315308 0.009806070476770401001 0.00062498729676008224487 nan nan nan nan nan nan nan nan nan nan nan nan nan nan nan nan nan nan nan nan nan nan nan nan nan nan nan nan nan nan nan nan nan nan nan nan nan nan nan nan nan
0.25558996200561523438 0.15124656260013580322 0.06551055610179901123 0.018007677048444747925 0.002407563384622335434 0.00010507061233511194587 nan nan nan nan nan nan nan nan nan nan nan nan nan nan nan nan nan nan nan nan nan nan nan nan nan nan nan nan nan nan nan nan nan nan nan nan nan nan nan nan nan nan
0.052964549511671066284 0.01767292805016040802 0.0034700543619692325592 0.00033652721322141587734 nan nan nan nan nan nan nan nan nan nan nan nan nan nan nan nan nan nan nan nan nan nan nan nan nan nan nan nan nan nan nan nan nan nan nan nan nan nan nan nan nan nan nan nan
0.0025464110076427459717 0.00035413732985034584999 4.6111767915135715157e-06 nan nan nan nan nan nan nan nan nan nan nan nan nan nan nan nan nan nan nan nan nan nan nan nan nan nan nan nan nan nan nan nan nan nan nan nan nan nan nan nan nan nan nan nan nan
