data/CoulombOnly/Outputs_CoulombOnly/release1HS_03CoulombOnly_null_avaflow_pft.asc
ncols 1002
nrows 302
xllcenter 995.00
yllcenter -5005.00
cellsize 5.00
NODATA_value -9999.000
[rows 136 to 169 of 302, columns 77 to 153 of 1002]
0.381 0.345 0.319 0.304 0.290 0.276 0.263 0.249 0.237 0.224 0.212 0.200 0.188 0.177 0.167 0.157 0.147 0.137 0.128 0.120 0.111 0.103 0.096 0.089 0.082 0.076 0.070 0.064 0.059 0.054 0.049 0.045 0.041 0.037 0.034 0.031 0.028 0.025 0.023 0.021 0.019 0.017 0.015 0.014 0.012 0.011 0.010 0.009 0.008 0.008 0.007 0.006 0.006 0.005 0.005 0.004 0.004 0.004 0.003 0.003 0.003 0.003 0.002 0.002 0.002 0.002 0.002 0.002 0.002 0.002 0.002 0.002 0.002 0.002 0.002 0.002 0.002
0.647 0.590 0.539 0.492 0.450 0.419 0.400 0.381 0.363 0.345 0.327 0.310 0.294 0.278 0.262 0.247 0.232 0.218 0.205 0.192 0.179 0.167 0.156 0.145 0.135 0.125 0.116 0.107 0.099 0.091 0.084 0.077 0.071 0.065 0.060 0.055 0.050 0.046 0.042 0.038 0.035 0.032 0.029 0.026 0.024 0.022 0.020 0.018 0.017 0.015 0.014 0.013 0.012 0.011 0.010 0.009 0.009 0.008 0.007 0.007 0.006 0.006 0.006 0.005 0.005 0.005 0.005 0.004 0.004 0.004 0.004 0.004 0.004 0.004 0.004 0.004 0.004
0.963 0.908 0.850 0.790 0.732 0.674 0.622 0.574 0.544 0.520 0.496 0.472 0.449 0.427 0.404 0.383 0.362 0.342 0.322 0.304 0.285 0.268 0.251 0.235 0.220 0.205 0.191 0.178 0.165 0.154 0.142 0.132 0.122 0.113 0.104 0.096 0.089 0.082 0.075 0.069 0.064 0.059 0.054 0.050 0.046 0.042 0.039 0.036 0.033 0.031 0.028 0.026 0.024 0.023 0.021 0.020 0.018 0.017 0.016 0.015 0.014 0.014 0.013 0.012 0.012 0.012 0.011 0.011 0.011 0.011 0.011 0.011 0.011 0.011 0.010 0.010 0.010
1.224 1.188 1.149 1.107 1.061 1.012 0.957 0.899 0.841 0.783 0.735 0.704 0.673 0.643 0.613 0.584 0.555 0.527 0.499 0.473 0.447 0.422 0.398 0.375 0.352 0.331 0.310 0.290 0.272 0.254 0.237 0.221 0.206 0.192 0.179 0.166 0.154 0.143 0.133 0.123 0.114 0.106 0.099 0.092 0.085 0.079 0.073 0.068 0.064 0.060 0.056 0.052 0.049 0.046 0.043 0.041 0.039 0.037 0.035 0.033 0.031 0.030 0.029 0.028 0.028 0.027 0.027 0.027 0.027 0.026 0.026 0.026 0.026 0.026 0.026 0.027 0.027
1.426 1.404 1.381 1.356 1.328 1.299 1.265 1.229 1.189 1.145 1.095 1.040 0.982 0.939 0.905 0.868 0.832 0.796 0.760 0.724 0.689 0.655 0.622 0.589 0.557 0.527 0.497 0.468 0.441 0.415 0.390 0.367 0.344 0.322 0.302 0.283 0.265 0.248 0.232 0.217 0.203 0.190 0.178 0.167 0.156 0.147 0.137 0.129 0.122 0.115 0.108 0.102 0.097 0.092 0.087 0.083 0.079 0.076 0.073 0.070 0.068 0.067 0.065 0.064 0.063 0.063 0.062 0.062 0.062 0.062 0.062 0.062 0.062 0.063 0.065 0.066 0.068
1.580 1.570 1.560 1.548 1.534 1.518 1.501 1.482 1.461 1.437 1.410 1.380 1.347 1.308 1.264 1.214 1.174 1.141 1.106 1.068 1.029 0.988 0.947 0.906 0.866 0.825 0.785 0.746 0.708 0.672 0.636 0.602 0.568 0.537 0.507 0.479 0.452 0.426 0.402 0.379 0.357 0.337 0.318 0.301 0.284 0.269 0.254 0.241 0.229 0.217 0.207 0.197 0.188 0.180 0.172 0.166 0.161 0.157 0.153 0.150 0.147 0.145 0.143 0.141 0.139 0.138 0.137 0.137 0.139 0.141 0.142 0.144 0.146 0.149 0.151 0.154 0.156
1.704 1.703 1.702 1.699 1.696 1.691 1.686 1.679 1.671 1.661 1.650 1.636 1.620 1.602 1.580 1.556 1.527 1.494 1.459 1.435 1.408 1.378 1.346 1.310 1.273 1.233 1.190 1.146 1.101 1.056 1.012 0.968 0.924 0.882 0.841 0.801 0.762 0.725 0.690 0.657 0.625 0.594 0.565 0.538 0.512 0.488 0.466 0.445 0.425 0.407 0.391 0.378 0.366 0.355 0.346 0.337 0.330 0.323 0.316 0.312 0.307 0.304 0.301 0.298 0.299 0.302 0.305 0.308 0.311 0.314 0.317 0.320 0.325 0.329 0.334 0.338 0.342
1.818 1.825 1.830 1.835 1.839 1.842 1.844 1.845 1.845 1.845 1.843 1.840 1.837 1.832 1.827 1.820 1.810 1.800 1.787 1.773 1.763 1.752 1.739 1.722 1.703 1.681 1.654 1.624 1.590 1.552 1.512 1.470 1.426 1.380 1.333 1.286 1.241 1.196 1.152 1.108 1.066 1.027 0.987 0.948 0.911 0.876 0.847 0.820 0.795 0.772 0.750 0.730 0.712 0.696 0.682 0.669 0.657 0.647 0.636 0.631 0.631 0.632 0.634 0.636 0.640 0.644 0.649 0.654 0.659 0.664 0.669 0.675 0.682 0.689 0.696 0.703 0.710
1.919 1.932 1.945 1.957 1.969 1.980 1.990 2.001 2.010 2.020 2.029 2.038 2.046 2.054 2.061 2.068 2.075 2.081 2.086 2.090 2.093 2.095 2.095 2.095 2.095 2.092 2.088 2.081 2.072 2.059 2.044 2.025 2.004 1.979 1.950 1.919 1.882 1.843 1.803 1.762 1.719 1.674 1.629 1.590 1.554 1.520 1.487 1.456 1.425 1.396 1.369 1.343 1.320 1.299 1.281 1.276 1.272 1.269 1.268 1.265 1.265 1.266 1.268 1.271 1.275 1.281 1.287 1.294 1.300 1.307 1.314 1.322 1.331 1.340 1.349 1.358 1.367
2.022 2.039 2.056 2.074 2.092 2.110 2.128 2.147 2.165 2.186 2.207 2.229 2.250 2.272 2.294 2.317 2.339 2.362 2.386 2.409 2.432 2.455 2.478 2.500 2.521 2.542 2.559 2.575 2.589 2.599 2.606 2.610 2.612 2.609 2.603 2.594 2.583 2.571 2.554 2.534 2.514 2.492 2.470 2.450 2.429 2.410 2.391 2.374 2.358 2.345 2.332 2.320 2.310 2.302 2.296 2.290 2.285 2.281 2.279 2.277 2.276 2.276 2.279 2.282 2.286 2.291 2.298 2.305 2.313 2.321 2.329 2.338 2.347 2.357 2.368 2.378 2.388
2.123 2.145 2.168 2.192 2.217 2.242 2.267 2.293 2.320 2.347 2.375 2.404 2.436 2.472 2.508 2.545 2.583 2.621 2.660 2.701 2.741 2.782 2.824 2.865 2.907 2.948 2.989 3.029 3.068 3.105 3.141 3.175 3.208 3.238 3.265 3.291 3.315 3.336 3.354 3.371 3.385 3.399 3.411 3.422 3.432 3.440 3.446 3.451 3.456 3.461 3.465 3.470 3.474 3.479 3.483 3.488 3.493 3.498 3.504 3.509 3.515 3.521 3.528 3.534 3.541 3.548 3.555 3.563 3.571 3.579 3.587 3.596 3.604 3.612 3.621 3.630 3.639
2.200 2.227 2.255 2.284 2.314 2.345 2.376 2.409 2.442 2.477 2.512 2.549 2.589 2.636 2.684 2.733 2.784 2.836 2.888 2.942 2.996 3.052 3.107 3.164 3.220 3.278 3.335 3.392 3.448 3.504 3.559 3.613 3.666 3.718 3.768 3.816 3.863 3.908 3.951 3.991 4.030 4.066 4.101 4.134 4.165 4.194 4.220 4.245 4.268 4.289 4.308 4.326 4.343 4.360 4.375 4.389 4.402 4.415 4.428 4.439 4.449 4.460 4.470 4.479 4.487 4.496 4.504 4.512 4.520 4.528 4.536 4.545 4.552 4.558 4.565 4.572 4.580
2.249 2.279 2.311 2.343 2.377 2.411 2.447 2.484 2.522 2.562 2.603 2.645 2.692 2.747 2.804 2.862 2.922 2.983 3.045 3.108 3.172 3.237 3.302 3.368 3.435 3.502 3.570 3.637 3.705 3.772 3.839 3.905 3.970 4.035 4.098 4.159 4.219 4.277 4.334 4.387 4.440 4.489 4.536 4.583 4.625 4.665 4.702 4.738 4.771 4.801 4.828 4.854 4.878 4.900 4.921 4.939 4.960 4.976 4.991 5.005 5.018 5.031 5.042 5.052 5.061 5.070 5.078 5.086 5.095 5.103 5.111 5.119 5.125 5.130 5.137 5.142 5.149
2.270 2.302 2.335 2.369 2.404 2.441 2.478 2.517 2.558 2.600 2.644 2.689 2.739 2.799 2.860 2.923 2.986 3.051 3.118 3.186 3.255 3.324 3.394 3.464 3.536 3.608 3.681 3.753 3.826 3.899 3.970 4.042 4.113 4.183 4.252 4.319 4.384 4.448 4.510 4.569 4.629 4.683 4.735 4.788 4.835 4.878 4.920 4.961 4.997 5.030 5.060 5.089 5.116 5.141 5.163 5.183 5.208 5.225 5.241 5.256 5.269 5.284 5.295 5.305 5.314 5.324 5.331 5.339 5.348 5.356 5.364 5.372 5.378 5.381 5.388 5.393 5.399
2.272 2.304 2.337 2.371 2.406 2.443 2.481 2.520 2.561 2.604 2.648 2.693 2.744 2.804 2.866 2.929 2.993 3.059 3.126 3.195 3.264 3.334 3.405 3.476 3.549 3.621 3.695 3.768 3.842 3.915 3.987 4.061 4.132 4.204 4.273 4.341 4.408 4.472 4.535 4.595 4.656 4.711 4.764 4.818 4.865 4.910 4.952 4.993 5.030 5.064 5.095 5.124 5.152 5.177 5.199 5.220 5.245 5.263 5.279 5.294 5.307 5.323 5.333 5.344 5.353 5.363 5.370 5.378 5.387 5.395 5.403 5.412 5.417 5.420 5.428 5.432 5.438
2.256 2.286 2.318 2.351 2.386 2.421 2.458 2.495 2.535 2.576 2.618 2.662 2.710 2.768 2.827 2.888 2.949 3.013 3.078 3.145 3.212 3.282 3.351 3.422 3.493 3.565 3.637 3.710 3.783 3.855 3.927 3.999 4.071 4.143 4.212 4.279 4.348 4.413 4.477 4.538 4.596 4.653 4.706 4.758 4.807 4.853 4.896 4.940 4.978 5.013 5.045 5.076 5.105 5.131 5.155 5.177 5.199 5.218 5.236 5.251 5.265 5.281 5.294 5.304 5.314 5.324 5.333 5.340 5.350 5.359 5.366 5.375 5.381 5.385 5.393 5.397 5.404
2.223 2.252 2.282 2.313 2.346 2.380 2.414 2.450 2.487 2.525 2.565 2.606 2.648 2.700 2.756 2.813 2.871 2.931 2.992 3.054 3.117 3.182 3.247 3.313 3.379 3.446 3.514 3.582 3.650 3.718 3.785 3.852 3.918 3.984 4.048 4.111 4.173 4.233 4.291 4.347 4.400 4.453 4.502 4.549 4.594 4.636 4.675 4.714 4.750 4.782 4.812 4.841 4.868 4.893 4.916 4.936 4.957 4.976 4.993 5.009 5.023 5.038 5.051 5.063 5.073 5.083 5.093 5.102 5.111 5.121 5.130 5.139 5.146 5.152 5.160 5.165 5.172
2.166 2.191 2.218 2.246 2.274 2.304 2.334 2.365 2.397 2.430 2.464 2.499 2.535 2.579 2.625 2.673 2.722 2.772 2.824 2.876 2.930 2.984 3.040 3.096 3.152 3.210 3.266 3.324 3.381 3.438 3.494 3.549 3.603 3.655 3.707 3.757 3.806 3.852 3.897 3.940 3.981 4.020 4.057 4.093 4.127 4.158 4.187 4.215 4.241 4.266 4.289 4.310 4.331 4.351 4.369 4.386 4.403 4.419 4.434 4.449 4.462 4.475 4.488 4.499 4.510 4.521 4.531 4.541 4.551 4.562 4.572 4.582 4.591 4.599 4.608 4.616 4.624
2.081 2.102 2.124 2.146 2.169 2.193 2.217 2.242 2.267 2.293 2.319 2.346 2.376 2.409 2.443 2.478 2.514 2.551 2.589 2.627 2.667 2.707 2.747 2.789 2.830 2.871 2.911 2.952 2.991 3.029 3.066 3.101 3.134 3.165 3.194 3.221 3.246 3.269 3.290 3.308 3.326 3.342 3.358 3.372 3.383 3.394 3.403 3.412 3.421 3.430 3.438 3.446 3.455 3.464 3.473 3.482 3.491 3.501 3.511 3.520 3.530 3.540 3.551 3.561 3.571 3.582 3.593 3.604 3.615 3.626 3.637 3.648 3.659 3.670 3.681 3.693 3.704
1.977 1.993 2.008 2.024 2.040 2.057 2.075 2.093 2.112 2.131 2.150 2.169 2.188 2.208 2.228 2.249 2.270 2.291 2.312 2.334 2.356 2.378 2.399 2.421 2.441 2.461 2.478 2.494 2.507 2.517 2.525 2.529 2.530 2.528 2.523 2.516 2.507 2.492 2.477 2.460 2.443 2.425 2.407 2.390 2.374 2.358 2.344 2.331 2.320 2.311 2.302 2.294 2.288 2.284 2.282 2.280 2.279 2.280 2.282 2.285 2.290 2.295 2.302 2.310 2.319 2.329 2.339 2.350 2.361 2.373 2.385 2.397 2.409 2.422 2.436 2.449 2.462
1.879 1.891 1.902 1.913 1.924 1.933 1.943 1.951 1.959 1.967 1.974 1.980 1.987 1.992 1.998 2.003 2.008 2.012 2.015 2.018 2.019 2.020 2.020 2.021 2.020 2.017 2.013 2.006 1.997 1.984 1.968 1.950 1.929 1.904 1.875 1.844 1.810 1.774 1.737 1.698 1.659 1.618 1.579 1.544 1.512 1.480 1.450 1.421 1.393 1.367 1.343 1.321 1.301 1.283 1.278 1.275 1.274 1.273 1.274 1.274 1.277 1.282 1.287 1.293 1.300 1.309 1.317 1.327 1.336 1.345 1.354 1.363 1.375 1.386 1.397 1.408 1.419
1.777 1.782 1.786 1.789 1.792 1.794 1.795 1.796 1.795 1.793 1.791 1.787 1.783 1.777 1.769 1.761 1.749 1.737 1.722 1.705 1.690 1.678 1.664 1.647 1.628 1.605 1.579 1.549 1.516 1.481 1.443 1.404 1.363 1.319 1.276 1.233 1.190 1.148 1.106 1.066 1.028 0.990 0.953 0.917 0.884 0.854 0.827 0.802 0.778 0.757 0.737 0.719 0.703 0.688 0.676 0.664 0.654 0.645 0.637 0.637 0.638 0.641 0.645 0.649 0.655 0.660 0.667 0.673 0.680 0.686 0.693 0.699 0.707 0.716 0.724 0.733 0.740
1.662 1.660 1.656 1.653 1.648 1.641 1.634 1.626 1.617 1.606 1.593 1.578 1.561 1.541 1.518 1.492 1.463 1.428 1.389 1.366 1.340 1.311 1.279 1.244 1.207 1.168 1.127 1.086 1.044 1.003 0.962 0.921 0.881 0.842 0.803 0.766 0.731 0.696 0.663 0.632 0.602 0.573 0.546 0.520 0.496 0.474 0.452 0.433 0.414 0.398 0.384 0.371 0.361 0.351 0.342 0.334 0.327 0.321 0.315 0.311 0.307 0.305 0.302 0.302 0.305 0.308 0.312 0.316 0.320 0.324 0.328 0.332 0.337 0.342 0.347 0.353 0.357
1.533 1.521 1.509 1.494 1.479 1.461 1.441 1.420 1.397 1.372 1.343 1.312 1.276 1.236 1.191 1.139 1.106 1.073 1.038 1.002 0.964 0.926 0.888 0.851 0.813 0.776 0.739 0.704 0.669 0.635 0.602 0.571 0.540 0.511 0.483 0.457 0.432 0.408 0.386 0.364 0.344 0.325 0.307 0.290 0.275 0.260 0.247 0.234 0.222 0.211 0.202 0.193 0.183 0.176 0.170 0.164 0.160 0.155 0.152 0.149 0.147 0.145 0.143 0.141 0.140 0.139 0.139 0.140 0.143 0.145 0.147 0.149 0.151 0.154 0.157 0.160 0.163
1.367 1.344 1.318 1.291 1.260 1.228 1.192 1.153 1.111 1.064 1.012 0.958 0.904 0.872 0.838 0.805 0.772 0.739 0.706 0.673 0.642 0.611 0.580 0.550 0.521 0.493 0.466 0.441 0.415 0.391 0.368 0.347 0.326 0.306 0.287 0.270 0.253 0.237 0.222 0.208 0.195 0.183 0.171 0.160 0.151 0.141 0.133 0.125 0.118 0.111 0.105 0.099 0.094 0.089 0.085 0.081 0.077 0.074 0.071 0.069 0.068 0.066 0.065 0.064 0.063 0.063 0.062 0.062 0.062 0.062 0.062 0.063 0.064 0.065 0.067 0.069 0.070
1.149 1.110 1.068 1.023 0.975 0.922 0.867 0.812 0.757 0.705 0.675 0.647 0.619 0.592 0.565 0.538 0.512 0.487 0.462 0.438 0.414 0.392 0.370 0.349 0.328 0.309 0.290 0.272 0.255 0.239 0.223 0.209 0.194 0.181 0.169 0.157 0.147 0.136 0.127 0.118 0.109 0.101 0.094 0.088 0.081 0.076 0.070 0.066 0.061 0.057 0.054 0.050 0.047 0.044 0.042 0.039 0.037 0.035 0.034 0.032 0.031 0.029 0.028 0.028 0.027 0.027 0.027 0.026 0.026 0.026 0.026 0.026 0.026 0.026 0.027 0.027 0.028
0.867 0.810 0.753 0.697 0.643 0.595 0.550 0.518 0.496 0.474 0.453 0.432 0.411 0.391 0.371 0.352 0.333 0.315 0.297 0.280 0.263 0.248 0.233 0.218 0.204 0.191 0.178 0.166 0.154 0.144 0.133 0.124 0.115 0.106 0.098 0.091 0.084 0.077 0.071 0.066 0.060 0.055 0.051 0.047 0.043 0.040 0.037 0.034 0.031 0.029 0.027 0.025 0.023 0.021 0.020 0.019 0.017 0.016 0.015 0.014 0.014 0.013 0.012 0.012 0.011 0.011 0.011 0.011 0.010 0.010 0.010 0.010 0.010 0.010 0.010 0.010 0.010
0.553 0.505 0.462 0.423 0.394 0.378 0.361 0.345 0.328 0.312 0.297 0.282 0.267 0.253 0.239 0.225 0.212 0.200 0.187 0.176 0.165 0.154 0.144 0.134 0.125 0.116 0.107 0.099 0.092 0.085 0.078 0.072 0.066 0.061 0.056 0.051 0.047 0.043 0.039 0.036 0.033 0.030 0.028 0.025 0.023 0.021 0.019 0.017 0.016 0.014 0.013 0.012 0.011 0.010 0.009 0.008 0.008 0.007 0.007 0.006 0.006 0.005 0.005 0.005 0.004 0.004 0.004 0.004 0.004 0.004 0.004 0.004 0.004 0.004 0.004 0.004 0.004
0.315 0.298 0.286 0.273 0.261 0.249 0.237 0.226 0.214 0.203 0.193 0.182 0.172 0.162 0.153 0.144 0.135 0.126 0.118 0.110 0.102 0.095 0.088 0.082 0.076 0.070 0.064 0.059 0.054 0.050 0.046 0.042 0.038 0.035 0.032 0.029 0.026 0.024 0.022 0.020 0.018 0.016 0.015 0.013 0.012 0.011 0.010 0.009 0.008 0.007 0.006 0.006 0.005 0.005 0.004 0.004 0.003 0.003 0.003 0.002 0.002 0.002 0.002 0.002 0.002 0.001 0.001 0.001 0.001 0.001 0.001 0.001 0.001 0.001 0.001 0.001 0.001
0.206 0.197 0.188 0.180 0.171 0.163 0.154 0.146 0.138 0.131 0.123 0.116 0.109 0.103 0.096 0.090 0.084 0.078 0.073 0.068 0.062 0.058 0.053 0.049 0.045 0.041 0.038 0.035 0.031 0.029 0.026 0.024 0.021 0.019 0.017 0.016 0.014 0.013 0.011 0.010 0.009 0.008 0.007 0.006 0.006 0.005 0.005 0.004 0.003 0.003 0.003 0.002 0.002 0.002 0.002 0.001 0.001 0.001 0.001 0.001 0.001 0.001 0.001 0.001 0.000 0.000 0.000 0.000 0.000 0.000 0.000 0.000 0.000 0.000 0.000 0.000 0.000
0.133 0.127 0.121 0.115 0.109 0.103 0.098 0.092 0.087 0.082 0.077 0.072 0.068 0.063 0.059 0.055 0.051 0.047 0.044 0.040 0.037 0.034 0.031 0.028 0.026 0.024 0.021 0.019 0.018 0.016 0.014 0.013 0.011 0.010 0.009 0.008 0.007 0.006 0.006 0.005 0.004 0.004 0.003 0.003 0.003 0.002 0.002 0.002 0.001 0.001 0.001 0.001 0.001 0.001 0.000 0.000 0.000 0.000 0.000 0.000 0.000 0.000 0.000 0.000 0.000 0.000 0.000 0.000 0.000 0.000 0.000 0.000 0.000 0.000 0.000 0.000 0.000
0.083 0.079 0.075 0.071 0.068 0.064 0.060 0.057 0.053 0.050 0.047 0.043 0.040 0.038 0.035 0.032 0.030 0.027 0.025 0.023 0.021 0.019 0.018 0.016 0.014 0.013 0.012 0.010 0.009 0.008 0.007 0.007 0.006 0.005 0.004 0.004 0.003 0.003 0.003 0.002 0.002 0.002 0.001 0.001 0.001 0.001 0.001 0.001 0.000 0.000 0.000 0.000 0.000 0.000 0.000 0.000 0.000 0.000 0.000 0.000 0.000 0.000 0.000 0.000 0.000 0.000 0.000 0.000 0.000 0.000 0.000 0.000 0.000 0.000 0.000 0.000 0.000
0.051 0.048 0.045 0.043 0.040 0.038 0.036 0.033 0.031 0.029 0.027 0.025 0.023 0.022 0.020 0.018 0.017 0.015 0.014 0.013 0.012 0.010 0.009 0.008 0.008 0.007 0.006 0.005 0.005 0.004 0.004 0.003 0.003 0.002 0.002 0.002 0.001 0.001 0.001 0.001 0.001 0.001 0.000 0.000 0.000 0.000 0.000 0.000 0.000 0.000 0.000 0.000 0.000 0.000 0.000 0.000 0.000 0.000 0.000 0.000 0.000 0.000 0.000 0.000 0.000 0.000 0.000 0.000 0.000 0.000 0.000 0.000 0.000 0.000 0.000 0.000 0.000
0.030 0.028 0.026 0.025 0.023 0.022 0.020 0.019 0.018 0.016 0.015 0.014 0.013 0.012 0.011 0.010 0.009 0.008 0.007 0.007 0.006 0.005 0.005 0.004 0.004 0.003 0.003 0.002 0.002 0.002 0.001 0.001 0.001 0.001 0.001 0.001 0.000 0.000 0.000 0.000 0.000 0.000 0.000 0.000 0.000 0.000 0.000 0.000 0.000 0.000 0.000 0.000 0.000 0.000 0.000 0.000 0.000 0.000 0.000 0.000 0.000 0.000 0.000 0.000 0.000 0.000 0.000 0.000 0.000 0.000 0.000 0.000 0.000 0.000 0.000 0.000 0.000
