data/CoulombOnly/Outputs_CoulombOnly/release1HS_03CoulombOnly_null_com1DFA_pft.asc
ncols 1001
nrows 301
xllcenter 1000.00
yllcenter -5000.00
cellsize 5.00
nodata_value nan
[rows 144 to 167 of 301, columns 54 to 107 of 1001]
1.613338134463737 1.618274412261787 1.619233828226018 1.619781256566416 1.621389411349566 1.617930746909308 1.623993920833338 1.709202850083981 1.794273210194446 1.693190545480616 1.642855190919472 1.660884184328889 1.665572346725802 1.679278294418735 1.697248872135785 1.698568631817801 1.692282635457921 1.704482024104679 1.705470019825731 1.705919263537322 1.695270051489716 1.709636353984967 1.739128836607812 1.703916524141608 1.727087110603525 1.713146528233758 1.734031914881549 1.743726251468836 1.743185913565671 1.74995101308745 1.734942423724831 1.747803823211487 1.748402277023551 1.75336929693108 1.765458258220579 1.761739554628798 1.768696323307444 1.781376946932912 1.802068254336418 1.806282025221889 1.804414297143829 1.802617845628375 1.828838272566283 1.841053255777026 1.857319902216716 1.851375038081822 1.862556211527525 1.879030812982678 1.898784730507141 1.91269936171293 1.919443229813632 1.93174930860652 1.949811219325128 1.953617492966761
1.657486160989165 1.638099957486053 1.66024819818401 1.937602163424285 1.673871733128402 1.654463662587532 1.661353945286821 1.675594894037109 1.659304854702963 1.666627873259923 1.690059189787126 1.677027944004259 1.689122914855128 1.697967597813981 1.734473285657474 1.716028291809808 1.732275826231954 1.750470195231923 1.758443492573458 1.755662264732725 1.770272765022975 1.778819703243124 1.773875449325078 1.772585078295309 1.789365797196358 1.807105388379684 1.818595430884308 1.808156249987078 1.819557443875459 1.834367416071979 1.849955717686212 1.860356379588426 1.858733633297055 1.875967947524469 1.889086002747862 1.900308627712298 1.913215316701279 1.918397098424502 1.924335018635584 1.936325662516935 1.962302109634684 1.966289294268052 1.963359524421269 1.978523563783043 1.993463940650766 2.017822132238049 2.038855318161653 2.051463456604108 2.062438769397611 2.075836632157815 2.106070726632251 2.122296906016005 2.130436773508736 2.147397557755792
1.698042732592247 1.814973035604618 1.724083649451905 1.69030762961353 1.711663547473523 1.701371431704554 1.759830314326623 1.748113916707844 1.710127166702802 1.717038043177703 1.717019802530853 1.717255816397444 1.725243926615874 1.740198476006535 1.75732387851309 1.771989500116898 1.779887156471007 1.78453830220261 1.786117860927432 1.798510939821104 1.821288877042952 1.830746884336166 1.839147905012176 1.856885875667818 1.85560321901917 1.858407229104207 1.879548741699534 1.889161342159625 1.903845559312069 1.917424369925211 1.935237955508454 1.954671902037654 1.959325953470367 1.973036593090449 1.991019556043079 2.023223658845684 2.041898545267813 2.032084558126415 2.051083079724275 2.058335735694666 2.06621850528186 2.098140258073912 2.122804109489049 2.144321114155849 2.152615349612297 2.179284791163545 2.171665327305079 2.199498773813644 2.238739627787446 2.238587048562924 2.271437509804164 2.298173581847351 2.304095040702615 2.332205861182788
1.711740213495735 1.705751199897969 1.708238484734865 1.723541788451695 1.731944180190632 1.718236327947379 1.72971998399733 1.739382014069218 1.744999359292026 1.762043857953846 1.762005552044771 1.768359709660022 1.773452835600181 1.782148157357745 1.801551941446658 1.805909286131166 1.816956968968645 1.822610510071189 1.846836719231833 1.852443853140206 1.849457578081925 1.8571640071186 1.872812886686154 1.89302862590147 1.905045934063572 1.919034573149511 1.934477634268692 1.960606876520632 1.988711953654901 1.974135453194796 1.993180682393208 2.021440500144757 2.048740279259245 2.070559466987822 2.088058935399717 2.091143286187444 2.103460729950406 2.129012965379791 2.142860593036476 2.177851246342998 2.187308383813523 2.210951271963684 2.21897945013913 2.248622339083591 2.254274419617791 2.286948510082319 2.289754408858218 2.316611851954691 2.356176622268647 2.370881303231522 2.385496219735153 2.409005967107161 2.440374989489888 2.484209156541801
1.714526360505517 1.715638073229767 1.754164856811858 1.729094555648843 1.746675132579094 1.747008369900385 1.762745129153438 1.764914675522175 1.767101226379258 1.776127878659753 1.788025402672469 1.799512018081276 1.808150691322901 1.812734009487345 1.816729920703733 1.832298801046857 1.846021988759206 1.861714096561138 1.868190107758628 1.891578234288622 1.91212131230601 1.925774167277353 1.924945481759777 1.934439195534371 1.947808326161358 1.965532368383346 1.992028638481712 2.009424758453743 2.019073210942904 2.048912756445674 2.069727353841456 2.084557630706214 2.09971378680794 2.121436609127656 2.141875902813445 2.158525843212377 2.180462583581999 2.218638638468649 2.226532166859196 2.243358891207925 2.266139342975444 2.283342488821439 2.311691842023502 2.323582595441193 2.351602197983744 2.36796785281567 2.387639699434648 2.419780218877487 2.439702786586453 2.458241061077263 2.483684085004382 2.515165115182595 2.528049840490656 2.550087062330342
1.728309261062559 1.731546792586749 1.762459540273434 1.760884047576778 1.756715839786961 1.76898985700461 1.796917196303709 1.792766698809597 1.786869448004631 1.796453611975585 1.802834065531265 1.807711759772399 1.820355544063239 1.841665177886926 1.846457225458595 1.86118433105067 1.869245273709952 1.879829205303454 1.89489844954091 1.918071597531812 1.932967499910903 1.9464767355143 1.952503337468414 1.97180482410116 1.988663148535672 2.006827124868708 2.022219660301811 2.042678111843327 2.061728111201243 2.083066316369465 2.101067226745617 2.119052871442918 2.144054366899369 2.160483733633691 2.183429664147018 2.206854724899271 2.228422657577716 2.240795459588165 2.269826091777031 2.301283498985547 2.32015382842732 2.339293264692923 2.364025297280415 2.382074013729236 2.425571039465661 2.424534324828358 2.454181303439598 2.488429636584863 2.486795278447202 2.514217400621841 2.549517405011302 2.579297941321439 2.590472520827009 2.610123940922766
1.73702667516985 1.744951013967384 1.746055247744661 1.759933224354534 1.765785969850973 1.77324592851098 1.848603283579224 1.790249241209884 1.795470763329137 1.803939699256788 1.817355588035027 1.82015456585613 1.831175175470642 1.844851660151951 1.857821596911807 1.869603218568135 1.881289482909873 1.893215661092058 1.910793848731758 1.919090787016999 1.934746747771476 1.953027364452212 1.967573177246003 1.984188890916528 2.002785443161835 2.023241183089965 2.039530105373634 2.056615697209466 2.06891915914581 2.090417015371887 2.113340316120371 2.136045506739887 2.154959431416772 2.167749137125754 2.187611388571558 2.211588156609256 2.240038796918735 2.261269375378791 2.270541795938746 2.298977859305868 2.324659237464846 2.341931004429584 2.370080010613175 2.386372888842476 2.418074883298594 2.434537573689876 2.463070708445692 2.480027894189121 2.50186598360323 2.521683102574142 2.54908920771588 2.568176475542548 2.600912628152862 2.639480063626559
1.706683523441526 1.720998554135497 1.740750019646552 1.740573037732305 1.745577978293837 1.749634951142995 1.770390306177045 1.779819842835086 1.787124004253679 1.791730498872035 1.799740129523291 1.811208957103499 1.834826034482463 1.836079795357036 1.84318856494164 1.852422811547268 1.863027481429304 1.871776778078875 1.90328290848441 1.909797503305282 1.922632291418886 1.940637569625171 1.956828142356731 1.984957869587637 1.999697455858693 2.014691813344431 2.035487101291819 2.047030864022826 2.066461554561055 2.085758825928474 2.105115513185761 2.125400707525171 2.147393751992077 2.170482228946399 2.181380949331786 2.202604581651712 2.226214087137727 2.25535098614634 2.264302353762422 2.292282557143276 2.30043493333921 2.325234697238216 2.344576140651671 2.367541156021531 2.379512711763261 2.416350703156356 2.429663434123531 2.454120425691862 2.480840703353816 2.50789062180793 2.533693234898815 2.550060852321592 2.572334103290777 2.595586455897013
1.70474160255877 1.706280387098604 1.707760425952792 1.745983721895985 1.739855078846148 1.741468643113445 1.746765229108408 1.758551585336107 1.776585811259391 1.790684734656886 2.015340099969933 1.805353762003953 1.811375090896581 1.824017301556258 1.833494871382614 1.838260990923375 1.851484899850862 1.861523519315403 1.884276143278585 1.891733867788584 1.904879274683672 1.92272622104193 1.936412818076318 1.952857845489427 1.966771651442341 1.98616050727809 1.996422272619088 2.005069329680835 2.031437979734935 2.061703614113113 2.085372041834114 2.096038516494752 2.108008179128234 2.128890672868719 2.140306028487172 2.144404634868138 2.165818928060805 2.184749411884612 2.202991556585971 2.230649137248063 2.245887526713949 2.28046393411671 2.294194373107841 2.327178343584233 2.328344451965603 2.360632095049092 2.381280939375901 2.406675276377065 2.423840133486619 2.435630383745295 2.465962555372531 2.49509759674491 2.522560483865715 2.553062027921325
1.68711658489529 1.703685596428304 1.697653921744478 1.714530567950499 1.711959633844623 1.738391836848219 1.729103384504287 1.751252915818293 1.745733339169727 1.75865716894126 1.762506486078554 1.777500648262395 1.774070595656103 1.790548582960391 1.790461934521647 1.810542863443146 1.828398054716408 1.857069974735165 1.847933882593296 1.84338537696997 1.867711457711549 1.876421142736147 1.900941616202706 1.909653260611553 1.92472020544208 1.950444882957025 1.952956516744982 1.968967434075581 1.992758848702488 1.999444873671775 2.010731231954491 2.017737817885151 2.040800747503511 2.063284719925281 2.066702774598626 2.091148081388718 2.111975838113364 2.118122380019921 2.136931034837178 2.16300601492859 2.159896261794409 2.19147797576264 2.208056275509142 2.231495811680865 2.254508018385341 2.27055448331373 2.278736879817775 2.310615453442137 2.34828585496987 2.371186179587951 2.377640003177043 2.398325458685043 2.41943005871598 2.445360622945787
1.685551572893022 1.690339768392534 1.682892177030279 1.687466445373603 1.70686158775936 1.714832472236494 1.70417807931462 1.721666027609932 1.72550483538129 1.731650714946765 1.725732756333677 1.744543276414474 1.755483011454236 1.77442796112484 1.771642789316284 1.790965806204439 1.776857199368171 1.809705721955871 1.808662237612945 1.824103834929353 1.841147265758335 1.839705537009556 1.842526256807308 1.861753615357314 1.873820083705734 1.882787885270941 1.889139424065364 1.904427342392837 1.916943685954567 1.926579302841882 1.934564817457183 1.947589982167002 1.96335235772352 1.977840817321476 1.989029783047912 1.994075989407088 2.006925875561633 2.033804257519306 2.060755275642496 2.069937540878375 2.071287360202133 2.092334342383769 2.106537218442476 2.107984130769651 2.139653261825722 2.162743890824491 2.18136830674022 2.200668710775758 2.215388973978518 2.229281472116138 2.236233421799048 2.267518728105194 2.298066160259119 2.322636667118553
1.756889674420968 1.679320101657215 1.673226372554075 1.765062275308137 1.676318494366748 1.66935172038762 1.770346498135187 1.693706675076631 1.705190838122661 1.698073394344918 1.706870623657019 1.726492408402778 1.727281722434056 1.748189341246281 1.7417242366946 1.752037727043332 1.747327224793245 1.750059350605378 1.76218570781305 1.761897101652129 1.783230442291736 1.781387519410585 1.792992623118024 1.811846666199697 1.809456928264499 1.819844469529011 1.820899221410933 1.830276006420959 1.840856027437493 1.846160231479935 1.855862095862335 1.859572648416735 1.869911756958982 1.876143094262765 1.887898760075336 1.891991415443737 1.899370860214185 1.912856589810044 1.924649789999347 1.947765092493479 1.960243342494495 1.973122570604708 1.980008979775798 1.990578202521284 2.009827631278998 2.013278847301367 2.032473550589376 2.055903821428292 2.066336712691023 2.083872262092188 2.101651758024337 2.122485889637606 2.131310823557016 2.16023747583532
1.639463069632287 1.613968630006442 1.715394789770494 1.623510473397634 1.643496063143982 1.90366430631983 1.646636809987866 1.652140203821649 1.663066258871617 1.667495018937943 1.67268785201151 1.674570327611597 1.677993242924846 1.683544700363715 1.692344528110169 1.690812937338232 1.691433843980098 1.695300937484664 1.711574357265021 1.716527813024503 1.711581720005269 1.71357998966568 1.709722136901236 1.736204606926329 1.717259241289092 1.72842382034966 1.742711486622576 1.741772005903297 1.739003871459729 1.738040598130908 1.746514507871815 1.754488027961149 1.760969612131709 1.770450066145476 1.764516021574031 1.770548860756675 1.774353643223494 1.788373330425623 1.800051686217875 1.803633503889351 1.810912928099655 1.825441878621704 1.834139082814912 1.844903734588993 1.848441563564694 1.875821621675347 1.883750559494217 1.889537031499808 1.904422718903936 1.907590473734498 1.915051130455321 1.942077651674487 1.962068324876914 1.968592133928002
1.61379514519667 1.623263536513265 1.748593139979106 1.640938847336516 1.617867880245533 1.614910051680207 1.616729454924177 1.639038679926214 1.671898175153305 1.629852214400942 1.629108421867475 1.704745054762365 1.649312534942533 1.621825886634783 1.631487954064345 1.626726795108127 1.639346644583757 1.631473669238008 1.637966875499578 1.647792697946491 1.637920702883348 1.633970444563726 1.618703292549698 1.630314292753542 1.620622784561832 1.638370657300189 1.626082930315169 1.622322379319882 1.632966434307464 1.630184406899377 1.630450405676029 1.641031840025482 1.632089965389881 1.629096569776003 1.64164468820962 1.64698812447716 1.651643022325127 1.653959462633599 1.655814305762214 1.665548825221701 1.671978431268764 1.680883112090459 1.67394678215235 1.689213078435717 1.701872496310313 1.69677272876656 1.713620430897027 1.716639071802481 1.719134589213026 1.736198282090452 1.740846880547199 1.745783052128234 1.746877360755898 1.770216246755845
1.610302621863862 1.607317795760513 1.574956924018954 1.856109649089173 1.640496847592301 1.60429549307901 1.581856110883691 1.579992238975621 1.586195972525499 1.694524826716208 1.768443005097583 1.615710167015174 1.655371755960021 1.58781078370533 1.592006007669586 1.580526914265184 1.589721386544948 1.593817859955212 1.560147592432406 1.547373144018216 1.557070725187922 1.525715789793181 1.520097245452696 1.546645089046937 1.512983386143605 1.520520781161325 1.50616859978026 1.516969955346926 1.514876668037353 1.515190597719996 1.522085744482568 1.519463059509312 1.514915511504358 1.522317411580727 1.509091912249677 1.534219891780695 1.524467459456596 1.525841307606659 1.514835212913932 1.522646195927143 1.521131133259832 1.533769269389648 1.541045784308164 1.535268886373329 1.546789822050935 1.547481862224209 1.549541189133631 1.54737014145637 1.552494947361211 1.555758635393376 1.558330427967371 1.553427695655575 1.557713055589722 1.578357564984872
1.622813817387298 1.579637676214003 1.846793871836438 1.641937868820312 1.579383818192127 1.615091966147724 1.629399946439912 1.604710934513683 1.551915584929567 1.550563452766914 1.543069995679974 1.683352251002773 1.639589429797821 1.518191924637461 1.501470243520346 1.500465492622053 1.487425790078559 1.470110341875967 1.447528183941416 1.456512784672836 1.435993792522449 1.416746039302398 1.397996969584691 1.405275639994306 1.393580367128497 1.397691077574305 1.392621411569772 1.399178981574281 1.384685664071745 1.376617792963528 1.375014589211027 1.372335933941468 1.3745866756955 1.387539177447033 1.374154214254783 1.371357103052317 1.382693413515333 1.403483486336705 1.393045507130906 1.386766277334921 1.374349624942299 1.386075531849295 1.396011028612598 1.39238127315737 1.402120293634698 1.393434987912148 1.388035360329079 1.379159873701274 1.385904833828544 1.382732090842133 1.372947114471971 1.361658828617588 1.344793403500731 1.377081120950983
1.638863367410317 1.56804052567683 1.545014346220475 1.572454335624539 1.595206984408289 1.734788534520407 1.611520460833023 1.644519029194957 1.82604998272482 1.59875858479536 1.550206966446307 1.508527937953276 1.539797214221328 1.466822409103252 1.425665863249403 1.38781479979308 1.360224455865819 1.34492792449819 1.320254221774095 1.331498434363782 1.299209980745612 1.282925770677674 1.293595051571452 1.2601007073757 1.27032778900784 1.255036762611555 1.247852232653697 1.253448293554341 1.260783297068625 1.266439454921714 1.258572951828253 1.241763698833539 1.250578369996692 1.25756911911979 1.279972962740123 1.26093299822621 1.243992502277892 1.244368975722665 1.236150860672017 1.249981747836634 1.245988488259955 1.218195676627954 1.221392528955009 1.225226421906473 1.209202268628142 1.206915524149955 1.200999505740132 1.191436959538277 1.185319196668952 1.185021105531901 1.149497738300632 1.139541163173865 1.130229450543108 1.109450640198362
1.51644217667608 1.539958765583752 1.700321324221353 1.840556099811608 1.637377123797842 1.552271007501786 1.550848529211574 1.521023283365407 1.513153875111894 1.485717665578827 1.500812872614281 1.519753322003145 1.522942582687295 1.653548325751392 1.546922498915254 1.271983227382079 1.242733344440706 1.219105591717766 1.186539599286846 1.171636631734158 1.147186328111518 1.143002812726735 1.125668704057285 1.149555751031615 1.164443274722754 1.152720846251746 1.129915328666071 1.130199600708321 1.129652602896976 1.110674495361372 1.121702697829717 1.130329835108302 1.107302126430255 1.10289688254137 1.099044239981509 1.068686741250204 1.093239069873823 1.075399853531032 1.077254949508027 1.061664172303419 1.061642870606086 1.053161406467566 1.05060673853124 1.019086485025817 1.019307049999862 1.010708114741233 0.9953072151135685 0.9789211211755539 0.9510610950518039 0.9458837254871412 0.9198440588392686 0.9061772794119793 0.8947878333558561 0.8480020040907805
1.844504906357496 1.630028526048219 1.483738536729069 1.550227315323372 1.774233010302611 1.597536692103756 1.793078974772119 1.587701533529497 1.480968001630455 1.558065102984987 1.435575978244391 1.635840234321475 1.572557514006061 1.590367596645997 1.317649579230101 1.156986186354925 1.122795496040675 1.087464103003483 1.055193245221587 1.025774889868702 1.004260711842844 0.99934950149476 0.9998472798855782 0.9827186274980407 0.9794509946252608 0.9736635230155771 0.9773523605522265 0.9772188257011035 0.9770525490441713 0.9644719444266009 0.9538996496878285 0.9441219165139776 0.93578481794388 0.9279245113795812 0.9248847158486658 0.9228025936488621 0.9150687011408781 0.9000088755572027 0.8930721672323189 0.8747986429353219 0.86078801248262 0.8438204642848475 0.8421025945513184 0.8215498222984261 0.7999740111530891 0.7829967644695122 0.7585661440405133 0.7429644050916591 0.7202557913469395 0.6968534624583234 0.6594755013995508 0.6302768887551656 0.6155216677447212 0.5827462563662487
1.454229711496677 1.387205979796897 1.492576589299857 1.429049147468077 1.497297734981204 1.506703017518775 1.490625176104276 1.451312660032356 1.794947635145171 1.50324254591564 1.865118384126824 1.706303260040868 1.673391109810411 1.488437708835634 1.476541810887412 1.092324528043552 0.9608293588474766 0.8770589351994222 0.875484973966617 0.8588210573789931 0.8477821120484231 0.8536173837568926 0.8592437960026889 0.8433716120598902 0.8359436005129078 0.8278935145577262 0.8273397959943575 0.8099966094297253 0.7978123412750009 0.7899493416360522 0.7877325367230102 0.7837372457199917 0.7739192260333042 0.7551974555304055 0.753300038060151 0.7323706855900459 0.7113413210930793 0.700472486225034 0.6889580915621747 0.6876558323066563 0.6876884918642007 0.6384831354920169 0.6293571076324748 0.5941351846711113 0.5968968735216827 0.5925175230446924 0.5332719289736076 0.5363962221116533 0.5016851842453596 0.4553487382324421 0.4482976621543376 0.4002119594777689 0.3263278793382597 0.31132066557905
0.8644395144365339 0.959198618734041 0.9192229063640379 0.8681760436683938 1.207025960269095 1.02633288762392 0.9597837318762554 0.9037896674675412 0.8764216449282731 0.9897635701844248 0.9146775981075819 0.9305411400366798 0.8694554187943576 0.9239910855818724 0.8545644214487573 0.767910665480619 0.7465142414576974 0.7311682472115817 0.7184691178669707 0.7184094295300054 0.7135923045757179 0.7126193466644686 0.6901994965205683 0.6845234972038879 0.6775002513426341 0.665087200003682 0.6687492437465248 0.6482275175776537 0.6462041517505668 0.6417665810025311 0.6359036418722442 0.6041590786128306 0.6046572548498751 0.582419174673043 0.5828601493994388 0.5740331589506853 0.5871211352343926 0.5150337168731047 0.5254348062193379 0.4764205568023371 0.4982832217151478 0.4449519232291715 0.4529697296936377 0.4037764712476542 0.3613315470100111 0.3726297035359175 0.2785528039840386 0.224639736193204 0.1915139019520659 0.1113413154635568 0.08029121529290535 0.06468105268745131 0.03097164105768999 0.009495827425162778
0.6745213223396046 0.6649013405513406 0.6577141022233755 0.6539047698904065 0.6517389076981607 0.65153156608677 0.6532796003995877 0.6562902580467063 0.6596364844094305 0.6463491775068219 0.6285427950317329 0.6249184079232906 0.6397969014409568 0.6333658503509882 0.6261966447203273 0.6067955607261679 0.5905669739522679 0.5962289803375702 0.5603291032953737 0.571655939687412 0.5661394829477874 0.5442429112218242 0.5640184021228785 0.5590172612675138 0.5229484977393031 0.5585976191131806 0.5295032916275286 0.5017020315205657 0.5033783862106459 0.4718979807825202 0.4793995094117521 0.4565058680246317 0.4633869887643616 0.4218542984497001 0.3945421371825873 0.3850532886670612 0.3645288979212576 0.3253416266767102 0.3133692411250225 0.2323814111176438 0.2253592850111771 0.1388500302524247 0.1154959883762309 0.08154744664354725 0.04328305139806053 0.03000556974795116 0.006111511094450657 0 0 0 0 0 0 0
0.5178809857746812 0.5173820203261825 0.5152719301102628 0.5106106406298093 0.5072512675599211 0.5044526589110716 0.5019955410746234 0.4997260555742535 0.5027471370526106 0.5040224316066955 0.4994638695012891 0.4850384310855985 0.4710698999620638 0.4696645826136648 0.4860217464344903 0.4646510446893748 0.4689078763372874 0.465359764847695 0.4592604918656696 0.4484855206683787 0.4148280887389527 0.4206146682621201 0.4110177430348539 0.3780238925021031 0.4120422782228914 0.3390489249497069 0.3644464667154073 0.3133237519582261 0.2941820411947995 0.3020271928227212 0.2399242512898925 0.2150206469657289 0.1554329387689924 0.1421776611556835 0.09946822017763361 0.07352815342406645 0.05330614003825682 0.02665409687721846 0.01301655140378206 0 0 0 0 0 0 0 0 0 0 0 0 0 0 0
0.3682895730787958 0.3656896870386256 0.3639878757328652 0.3630921357571958 0.36296931227049 0.3636495180620377 0.3572406784136663 0.3385889691656314 0.31547846336013 0.3119810089075587 0.3101157854425542 0.3240394647926926 0.3285661205269411 0.2917875915178538 0.2634905112333065 0.2841875575845151 0.2674785816591409 0.204653830930221 0.1969976103639509 0.2010418180411771 0.1457897240279705 0.1447413170292693 0.1276804144339276 0.08885795254255466 0.08961883393342071 0.05646867569478133 0.05298307685392711 0.03307188578253113 0.02097230905026619 0.006217456925255372 0.0001280634278461724 0 0 0 0 0 0 0 0 0 0 0 0 0 0 0 0 0 0 0 0 0 0 0
