data/CoulombOnly/Outputs_CoulombOnly/release1HS_03CoulombOnly_null_openFOAMmu_pfv.asc
ncols        1001
nrows        301
xllcorner    1000.00
yllcorner    -5000.00
cellsize     5.0000
NODATA_value -9999.0000
[rows 147 to 167 of 301, columns 517 to 563 of 1001]
59.3569793701171875 57.664642333984375 56.814327239990234375 57.687366485595703125 57.19580078125 58.073436737060546875 58.2888946533203125 54.630161285400390625 58.26021575927734375 55.8144378662109375 55.399364471435546875 56.78192138671875 56.707210540771484375 56.075428009033203125 54.9269866943359375 54.348125457763671875 55.3662872314453125 54.222621917724609375 55.694042205810546875 54.8618316650390625 54.974292755126953125 53.73137664794921875 54.574237823486328125 51.62457275390625 53.05829620361328125 52.948078155517578125 50.978271484375 53.8512115478515625 52.553997039794921875 51.931598663330078125 52.2006378173828125 49.5086212158203125 49.749660491943359375 51.729827880859375 52.598278045654296875 51.39899444580078125 48.754726409912109375 51.038311004638671875 44.9925994873046875 44.645000457763671875 50.58933258056640625 48.169765472412109375 49.85445404052734375 47.5584259033203125 49.55495452880859375 51.805896759033203125 46.9809722900390625
59.480091094970703125 58.8148345947265625 56.68709564208984375 55.82627105712890625 57.894992828369140625 56.053058624267578125 57.592693328857421875 54.435455322265625 56.276149749755859375 52.915760040283203125 57.310970306396484375 54.4597625732421875 57.184337615966796875 56.652240753173828125 54.793636322021484375 57.038928985595703125 55.451564788818359375 55.0271148681640625 52.323760986328125 55.384395599365234375 54.841400146484375 53.52567291259765625 55.022907257080078125 52.358997344970703125 50.9652252197265625 51.15657806396484375 52.21036529541015625 52.81922149658203125 52.3304901123046875 53.34635162353515625 48.13304901123046875 51.896915435791015625 50.013118743896484375 49.580371856689453125 52.5967559814453125 49.30583953857421875 50.95713043212890625 50.870067596435546875 50.1297454833984375 50.63307952880859375 52.002124786376953125 51.384490966796875 47.622440338134765625 50.03421783447265625 44.702556610107421875 49.626461029052734375 45.389781951904296875
59.50110626220703125 58.024425506591796875 57.358692169189453125 58.60166168212890625 57.893283843994140625 57.09995269775390625 55.86407470703125 57.60378265380859375 57.68140411376953125 57.34316253662109375 56.860164642333984375 55.86341094970703125 52.9205322265625 57.45166778564453125 55.803295135498046875 54.942798614501953125 54.003353118896484375 55.614780426025390625 54.66991424560546875 55.692798614501953125 55.847049713134765625 54.837886810302734375 55.853275299072265625 52.85044097900390625 52.85288238525390625 53.5076751708984375 51.81188201904296875 54.744373321533203125 53.610599517822265625 52.4722747802734375 52.51700592041015625 51.614322662353515625 49.503803253173828125 50.48287200927734375 53.644435882568359375 50.678096771240234375 47.978610992431640625 49.19663238525390625 50.063968658447265625 50.4815216064453125 49.889141082763671875 50.279575347900390625 47.60868072509765625 49.0484161376953125 45.21402740478515625 49.662830352783203125 48.76641082763671875
59.39733123779296875 58.822399139404296875 57.91748809814453125 57.95599365234375 56.503692626953125 58.555065155029296875 57.094799041748046875 57.497425079345703125 56.8534393310546875 53.495586395263671875 57.342075347900390625 56.032291412353515625 57.017597198486328125 57.162624359130859375 54.022022247314453125 55.749355316162109375 56.66849517822265625 54.816802978515625 54.882843017578125 55.546390533447265625 55.021862030029296875 52.858654022216796875 54.85637664794921875 54.769466400146484375 52.998256683349609375 55.616306304931640625 52.63341522216796875 54.13547515869140625 51.61573028564453125 53.509502410888671875 53.440814971923828125 52.5018157958984375 53.47774505615234375 50.404430389404296875 51.49822235107421875 48.531223297119140625 48.402301788330078125 52.35028839111328125 45.772464752197265625 50.533237457275390625 47.0370941162109375 49.770221710205078125 45.182098388671875 47.636577606201171875 52.676853179931640625 46.1514892578125 48.117706298828125
58.97306060791015625 58.93072509765625 57.1673583984375 58.8399810791015625 57.229671478271484375 57.192920684814453125 58.414669036865234375 58.51650238037109375 56.651035308837890625 55.3121337890625 56.065616607666015625 56.94858551025390625 57.443225860595703125 55.01670074462890625 54.501270294189453125 57.520275115966796875 54.0904388427734375 55.77142333984375 56.33342742919921875 55.6447601318359375 53.69791412353515625 55.680755615234375 53.58725738525390625 55.564533233642578125 51.776828765869140625 50.535099029541015625 52.381992340087890625 51.703521728515625 54.4166412353515625 52.32904815673828125 54.384639739990234375 49.032375335693359375 49.53911590576171875 50.829517364501953125 50.99193572998046875 49.267078399658203125 47.125179290771484375 53.08005523681640625 49.9505462646484375 49.553924560546875 51.57159423828125 49.1081390380859375 45.560848236083984375 48.79412078857421875 46.481998443603515625 44.6596527099609375 48.162784576416015625
58.0401153564453125 58.940517425537109375 50.958873748779296875 59.03826904296875 56.605487823486328125 58.06682586669921875 57.174957275390625 57.761951446533203125 56.0062255859375 56.866275787353515625 55.40520477294921875 57.06346893310546875 56.244197845458984375 55.172512054443359375 57.276805877685546875 52.657115936279296875 56.455078125 54.14809417724609375 54.927204132080078125 55.0063629150390625 55.683910369873046875 51.52791595458984375 55.32666015625 55.3227386474609375 50.6462249755859375 50.05440521240234375 50.682765960693359375 54.453582763671875 52.355648040771484375 50.777927398681640625 53.24318695068359375 51.554012298583984375 51.07578277587890625 49.47127532958984375 53.3540496826171875 51.26766204833984375 46.482524871826171875 50.71720123291015625 47.200870513916015625 50.51197052001953125 50.213413238525390625 46.34716796875 47.98023223876953125 46.987041473388671875 49.24440765380859375 44.728790283203125 46.92485809326171875
55.6746826171875 58.9810028076171875 58.17913818359375 58.85443878173828125 57.398647308349609375 58.205936431884765625 58.29070281982421875 58.024654388427734375 57.082141876220703125 53.24668121337890625 56.734149932861328125 55.081783294677734375 56.3893585205078125 55.46126556396484375 56.77909088134765625 53.1880645751953125 56.632923126220703125 54.296916961669921875 55.965618133544921875 55.23247528076171875 54.2581329345703125 56.204242706298828125 53.226169586181640625 55.43363189697265625 54.82830047607421875 54.655628204345703125 48.3715972900390625 54.58258056640625 53.945709228515625 49.6458282470703125 49.7665557861328125 53.519435882568359375 51.81565093994140625 46.574493408203125 53.530406951904296875 52.608951568603515625 48.5501556396484375 50.6087493896484375 50.762790679931640625 45.398067474365234375 50.705410003662109375 45.382022857666015625 50.194461822509765625 47.07517242431640625 49.184844970703125 45.44838714599609375 43.772563934326171875
59.087581634521484375 52.26869964599609375 57.25939178466796875 58.307041168212890625 57.43866729736328125 56.653827667236328125 57.172214508056640625 56.156963348388671875 54.8349151611328125 57.275608062744140625 54.8594512939453125 56.161014556884765625 56.325778961181640625 57.664379119873046875 54.988254547119140625 54.9788360595703125 55.23896026611328125 54.32799530029296875 52.793361663818359375 55.230434417724609375 56.051372528076171875 53.776264190673828125 53.800579071044921875 53.4039459228515625 52.90593719482421875 52.465351104736328125 50.8297882080078125 53.11698150634765625 52.585308074951171875 49.146728515625 47.558277130126953125 47.259899139404296875 47.912078857421875 46.714725494384765625 52.0256195068359375 47.2700347900390625 49.015499114990234375 47.814849853515625 53.081737518310546875 48.152614593505859375 51.8994598388671875 45.4778289794921875 50.251911163330078125 48.032825469970703125 50.331737518310546875 45.306613922119140625 47.43215179443359375
58.90692138671875 55.502292633056640625 57.943935394287109375 58.1339874267578125 58.09250640869140625 57.4183349609375 57.86346435546875 55.75780487060546875 54.249675750732421875 49.6313934326171875 53.96294403076171875 56.33719635009765625 57.069812774658203125 49.431819915771484375 54.721202850341796875 51.891815185546875 54.631404876708984375 52.818019866943359375 55.173152923583984375 54.283946990966796875 52.2555084228515625 55.592617034912109375 55.698230743408203125 48.0060882568359375 47.885822296142578125 54.702396392822265625 51.156818389892578125 50.9288787841796875 50.86568450927734375 47.52053070068359375 47.1598968505859375 53.9696044921875 46.306728363037109375 51.752986907958984375 48.00852203369140625 47.721950531005859375 46.1119842529296875 51.51988983154296875 46.9807281494140625 48.41828155517578125 50.707275390625 45.292407989501953125 45.551143646240234375 46.91802978515625 44.196086883544921875 46.8680877685546875 47.15880584716796875
56.651103973388671875 52.486812591552734375 55.27886962890625 58.211505889892578125 57.57990264892578125 55.010646820068359375 56.22613525390625 55.647083282470703125 54.36750030517578125 54.197345733642578125 56.3580322265625 55.312831878662109375 57.082279205322265625 55.08101654052734375 49.44449615478515625 49.763217926025390625 49.357524871826171875 54.22780609130859375 49.72216796875 54.15035247802734375 48.610759735107421875 53.7918548583984375 53.142856597900390625 51.57546234130859375 52.806980133056640625 54.950557708740234375 52.86371612548828125 50.93404388427734375 52.606403350830078125 47.740509033203125 53.637554168701171875 52.801448822021484375 53.798336029052734375 46.460025787353515625 46.57466888427734375 49.13089752197265625 46.466960906982421875 50.081695556640625 45.64160919189453125 46.579082489013671875 48.46114349365234375 45.311710357666015625 47.050045013427734375 45.19771575927734375 49.191524505615234375 45.009754180908203125 47.155887603759765625
58.791316986083984375 52.582305908203125 58.26480865478515625 55.34749603271484375 58.154010772705078125 57.34619903564453125 55.882236480712890625 50.333683013916015625 51.40802764892578125 51.435070037841796875 56.3968353271484375 56.273143768310546875 49.478740692138671875 55.056301116943359375 49.28769683837890625 50.513935089111328125 54.967205047607421875 55.041088104248046875 55.162487030029296875 49.1983795166015625 52.471126556396484375 47.61362457275390625 48.392864227294921875 48.273235321044921875 51.926055908203125 51.63446807861328125 47.19565582275390625 47.74300384521484375 47.54479217529296875 47.36884307861328125 46.984111785888671875 46.393512725830078125 46.469425201416015625 46.318775177001953125 47.1938323974609375 49.83336639404296875 46.301731109619140625 49.713459014892578125 46.101108551025390625 45.373889923095703125 45.157794952392578125 45.27312469482421875 44.831600189208984375 45.338916778564453125 45.03339385986328125 44.6297760009765625 45.641811370849609375
57.533748626708984375 58.16129302978515625 55.842624664306640625 51.344982147216796875 58.146221160888671875 52.8985595703125 50.52054595947265625 50.267627716064453125 55.877704620361328125 51.410076141357421875 54.616413116455078125 50.0678253173828125 48.904232025146484375 53.7078704833984375 49.408458709716796875 53.5924072265625 49.07418060302734375 48.9707489013671875 49.08901214599609375 48.645221710205078125 52.59848785400390625 47.964885711669921875 48.4596710205078125 48.14118194580078125 48.57683563232421875 51.871318817138671875 47.8999176025390625 47.27718353271484375 47.065822601318359375 47.53217315673828125 46.7645111083984375 47.410907745361328125 46.37996673583984375 46.642559051513671875 46.417438507080078125 45.952381134033203125 46.176097869873046875 45.88780975341796875 45.3739013671875 45.30802154541015625 45.225372314453125 47.088481903076171875 44.870025634765625 44.415164947509765625 45.430145263671875 44.2448272705078125 46.3983306884765625
57.563953399658203125 56.782161712646484375 50.867023468017578125 50.325408935546875 50.47328948974609375 55.4721527099609375 55.01531982421875 50.323696136474609375 57.306079864501953125 49.81967926025390625 49.617053985595703125 49.528717041015625 49.798122406005859375 49.41839599609375 48.850231170654296875 49.3302001953125 49.879344940185546875 48.7964935302734375 48.659671783447265625 48.80593109130859375 48.314723968505859375 48.493640899658203125 48.349094390869140625 48.158748626708984375 48.677684783935546875 48.115299224853515625 47.71839141845703125 47.1864166259765625 47.636051177978515625 46.199901580810546875 46.4039764404296875 47.530330657958984375 47.379547119140625 46.545452117919921875 46.289180755615234375 46.201541900634765625 44.533100128173828125 45.21804046630859375 46.79291534423828125 46.94657135009765625 46.313129425048828125 45.184062957763671875 45.183063507080078125 44.800762176513671875 44.950927734375 44.392887115478515625 45.9370269775390625
54.795116424560546875 56.247425079345703125 50.283298492431640625 50.375888824462890625 50.021167755126953125 49.660427093505859375 55.408355712890625 57.3593597412109375 49.521572113037109375 49.650531768798828125 47.8077850341796875 48.8270263671875 49.523311614990234375 50.285533905029296875 49.515655517578125 49.357036590576171875 48.837490081787109375 48.7318115234375 48.575389862060546875 48.4832305908203125 48.67954254150390625 48.524570465087890625 48.34951019287109375 48.41161346435546875 47.911342620849609375 46.78354644775390625 47.6487884521484375 45.7602386474609375 47.603759765625 45.502437591552734375 46.682895660400390625 47.170688629150390625 44.5655670166015625 46.79233551025390625 45.745334625244140625 46.337574005126953125 43.932178497314453125 45.825511932373046875 46.53314208984375 44.537822723388671875 46.339359283447265625 44.946575164794921875 45.043994903564453125 45.006099700927734375 45.15650177001953125 46.295307159423828125 44.29288482666015625
49.125316619873046875 50.017574310302734375 50.445770263671875 50.82009124755859375 56.69223785400390625 49.336925506591796875 54.894962310791015625 49.410091400146484375 47.9663238525390625 49.81231689453125 49.9278411865234375 49.56395721435546875 48.01110076904296875 53.79244232177734375 48.88748931884765625 47.10985565185546875 48.7906036376953125 46.277400970458984375 48.516269683837890625 47.891361236572265625 52.858989715576171875 48.628795623779296875 48.181995391845703125 47.864055633544921875 45.370182037353515625 47.5729827880859375 45.766071319580078125 45.801448822021484375 44.741107940673828125 46.962158203125 45.058605194091796875 46.86916351318359375 46.821186065673828125 46.489429473876953125 46.708293914794921875 46.664398193359375 44.485195159912109375 45.706378936767578125 45.9448394775390625 45.4911956787109375 42.851840972900390625 45.7017822265625 45.542064666748046875 41.918476104736328125 44.755908966064453125 44.715839385986328125 45.306484222412109375
38.02950286865234375 50.8507537841796875 49.773773193359375 57.0659942626953125 56.2804412841796875 50.030567169189453125 49.85817718505859375 49.115325927734375 48.513080596923828125 55.566661834716796875 49.445507049560546875 48.81859588623046875 49.614940643310546875 53.826999664306640625 48.57028961181640625 48.42012786865234375 49.08335113525390625 47.702205657958984375 48.025508880615234375 46.240299224853515625 48.595806121826171875 48.444599151611328125 47.895839691162109375 47.180332183837890625 47.890552520751953125 47.00731658935546875 46.030506134033203125 47.809185028076171875 46.778896331787109375 47.25433349609375 46.80628204345703125 46.767528533935546875 46.80230712890625 44.486572265625 46.101837158203125 46.493282318115234375 46.035449981689453125 45.55913543701171875 44.362918853759765625 45.90497589111328125 45.64601898193359375 44.7673492431640625 45.62096405029296875 45.310214996337890625 44.896617889404296875 42.98145294189453125 44.613689422607421875
39.213756561279296875 49.190334320068359375 41.83798980712890625 48.98447418212890625 47.82859039306640625 48.562892913818359375 49.769802093505859375 50.0952301025390625 48.0521697998046875 47.485034942626953125 54.6993865966796875 47.8126373291015625 48.56746673583984375 48.906154632568359375 47.7128448486328125 47.1247100830078125 48.714084625244140625 45.75960540771484375 47.8979339599609375 55.587306976318359375 47.738735198974609375 47.7271881103515625 45.733062744140625 45.921092987060546875 47.29708099365234375 46.424671173095703125 46.681209564208984375 47.63846588134765625 46.968715667724609375 44.868221282958984375 44.5518646240234375 46.9409637451171875 46.104946136474609375 44.420867919921875 44.2680511474609375 46.022907257080078125 45.091495513916015625 44.49114990234375 45.868114471435546875 45.783489227294921875 43.420196533203125 45.480747222900390625 45.33160400390625 44.363800048828125 44.94205474853515625 42.459133148193359375 39.92050933837890625
38.753360748291015625 39.57781982421875 38.1225433349609375 38.061321258544921875 36.366107940673828125 35.28759765625 49.141937255859375 48.63266754150390625 45.589733123779296875 48.94989013671875 48.45278167724609375 48.29529571533203125 46.368816375732421875 48.364429473876953125 48.609668731689453125 46.189426422119140625 47.953060150146484375 47.24224090576171875 47.1381988525390625 47.63849639892578125 46.03680419921875 45.916584014892578125 47.400920867919921875 47.86379241943359375 47.233127593994140625 47.1976165771484375 44.349273681640625 46.01767730712890625 44.610149383544921875 44.704509735107421875 44.69144439697265625 46.23699951171875 44.998439788818359375 46.244731903076171875 45.00457763671875 35.27866363525390625 44.9638214111328125 43.00148773193359375 45.714202880859375 43.96443939208984375 45.008869171142578125 36.3311004638671875 42.47620391845703125 44.01204681396484375 33.44199371337890625 44.09174346923828125 42.58194732666015625
38.9566497802734375 38.701019287109375 38.674041748046875 38.703357696533203125 38.59120941162109375 38.2213592529296875 38.45175933837890625 37.758182525634765625 47.420696258544921875 47.379756927490234375 48.397830963134765625 46.94956207275390625 47.295505523681640625 45.88701629638671875 48.00342559814453125 48.6158294677734375 48.14923858642578125 47.847309112548828125 46.5567474365234375 46.267604827880859375 42.856616973876953125 46.56168365478515625 47.3668365478515625 36.865810394287109375 47.27350616455078125 44.819789886474609375 45.21839141845703125 32.666896820068359375 45.759288787841796875 45.151058197021484375 46.67974853515625 45.98545074462890625 44.080089569091796875 44.280635833740234375 46.220928192138671875 43.866046905517578125 43.6853179931640625 45.163543701171875 45.368976593017578125 44.47936248779296875 45.249057769775390625 44.33666229248046875 42.451282501220703125 31.190692901611328125 44.07587432861328125 42.864551544189453125 44.0581817626953125
35.755245208740234375 35.067935943603515625 35.836589813232421875 37.473384857177734375 37.62328338623046875 36.279727935791015625 37.222431182861328125 37.428462982177734375 36.917171478271484375 35.208251953125 49.35784912109375 43.598323822021484375 47.15918731689453125 47.098705291748046875 48.096282958984375 46.212497711181640625 46.558837890625 47.576557159423828125 46.236454010009765625 46.179035186767578125 46.0377044677734375 46.235088348388671875 47.775768280029296875 44.93824005126953125 42.34850311279296875 44.619930267333984375 45.871814727783203125 42.426685333251953125 44.968044281005859375 44.845062255859375 46.26671600341796875 45.971099853515625 46.01155853271484375 32.604778289794921875 44.44046783447265625 45.8774261474609375 45.174106597900390625 44.56756591796875 45.081432342529296875 45.197910308837890625 35.61102294921875 39.7763671875 43.13883209228515625 44.62233734130859375 44.421703338623046875 44.138813018798828125 37.626491546630859375
33.0243072509765625 33.807430267333984375 34.211055755615234375 34.353931427001953125 33.722217559814453125 35.082202911376953125 35.87628936767578125 36.8702545166015625 35.268833160400390625 35.5135498046875 36.9042205810546875 35.191162109375 45.920917510986328125 45.0618896484375 45.072185516357421875 45.887847900390625 45.63289642333984375 31.431423187255859375 33.6589508056640625 37.288333892822265625 40.060394287109375 46.077106475830078125 44.83415985107421875 45.405223846435546875 36.909755706787109375 33.399829864501953125 33.109241485595703125 34.887989044189453125 33.352142333984375 45.15735626220703125 46.034214019775390625 44.5460357666015625 44.206119537353515625 32.904605865478515625 32.93827056884765625 40.95502471923828125 44.03692626953125 43.72824859619140625 32.417171478271484375 30.574205398559570312 43.900341033935546875 40.045627593994140625 31.801992416381835938 43.451930999755859375 42.923992156982421875 39.773632049560546875 42.147861480712890625
