data/CoulombOnly/Outputs_CoulombOnly/release1HS_03CoulombOnly_null_TRENT2D_pft.asc
ncols     1001
nrows      301
cellsize  5.000
xllcenter         1000.00
yllcenter        -5000.00
NODATA_value       nan
[rows 124 to 154 of 301, columns 210 to 279 of 1001]
nan nan nan nan nan nan nan nan nan nan nan nan nan nan nan nan nan nan nan nan nan nan nan nan nan nan nan nan nan nan nan nan nan nan nan nan nan nan nan nan nan nan nan nan nan nan nan nan nan nan nan nan nan nan nan nan nan nan nan nan nan nan nan nan nan nan nan nan nan nan
nan nan nan nan nan nan nan nan nan nan nan nan nan nan nan nan nan nan nan nan nan nan nan nan nan nan nan nan nan nan nan nan nan nan nan nan nan nan nan nan nan nan nan nan nan nan nan nan nan nan nan nan nan nan nan nan nan nan nan nan nan nan nan nan nan nan nan nan nan nan
nan nan nan nan nan nan nan nan nan nan nan nan nan nan nan nan nan nan nan nan nan nan nan nan nan nan nan nan nan nan nan nan nan nan nan nan nan nan nan nan nan nan nan nan nan nan nan nan nan nan nan nan nan nan nan nan nan nan nan nan nan nan nan nan nan nan nan nan nan nan
nan nan nan nan nan nan nan nan nan nan nan nan nan nan nan nan nan nan nan nan nan nan nan nan nan nan nan nan nan nan nan nan nan nan nan nan nan nan nan nan nan nan nan nan nan nan nan nan nan nan nan nan nan nan nan nan nan nan nan nan nan nan nan nan nan nan nan nan nan nan
nan nan nan nan nan nan nan nan nan nan nan nan nan nan nan nan nan nan nan nan nan nan nan nan nan nan nan nan nan nan nan nan nan nan nan nan nan nan nan nan nan nan nan nan nan nan nan nan nan nan nan nan nan nan nan nan nan nan nan nan nan nan nan nan nan nan nan nan nan nan
nan nan nan nan nan nan nan nan nan nan nan nan nan nan nan nan nan nan nan nan nan nan nan nan nan nan nan nan nan nan nan nan nan nan nan nan nan nan nan nan nan nan nan nan nan nan nan nan nan nan nan nan nan nan nan nan nan nan nan nan nan nan nan nan nan nan nan nan nan nan
nan nan nan nan nan nan nan nan nan nan nan nan nan nan nan nan nan nan nan nan nan nan nan nan nan nan nan nan nan nan nan nan nan nan nan nan nan nan nan nan nan nan nan nan nan nan nan nan nan nan nan nan nan nan nan nan nan nan nan nan nan nan nan nan nan nan nan nan nan nan
nan nan nan nan nan nan nan nan nan nan nan nan nan nan nan nan nan nan nan nan nan nan nan nan nan nan nan nan nan nan nan nan nan nan nan nan nan nan nan nan nan nan nan nan nan nan nan nan nan nan nan nan nan nan nan nan nan nan nan nan nan nan nan nan nan nan nan nan nan nan
nan nan nan nan nan nan nan nan nan nan nan nan nan nan nan nan nan nan nan nan nan nan nan nan nan nan nan nan nan nan nan nan nan nan nan nan nan nan nan nan nan nan nan nan nan nan nan nan nan nan nan nan nan nan nan nan nan nan nan nan nan nan nan nan nan nan nan nan nan nan
nan nan nan nan nan nan nan nan nan nan nan nan nan nan nan nan nan nan nan nan nan nan nan nan nan nan nan nan nan nan nan nan nan nan nan nan nan nan nan nan nan nan nan nan nan nan nan nan nan nan nan nan nan nan nan nan nan nan nan nan nan nan nan nan nan nan nan nan nan nan
nan nan nan nan nan nan nan nan nan nan nan nan nan nan nan nan nan nan nan nan nan nan nan nan nan nan nan nan nan nan nan nan nan nan nan nan nan nan nan nan nan nan nan nan nan nan nan nan nan nan nan nan nan nan nan nan nan nan nan nan nan nan nan nan nan nan nan nan nan nan
nan nan nan nan nan nan nan nan nan nan nan nan nan nan nan nan nan nan nan nan nan nan nan nan nan nan nan nan nan nan nan nan nan nan nan nan nan nan nan nan nan nan nan nan nan nan nan nan nan nan nan nan nan nan nan nan nan nan nan nan nan nan nan nan nan nan nan nan nan nan
nan nan nan nan nan nan nan nan nan nan nan nan nan nan nan nan nan nan nan nan nan nan nan nan nan nan nan nan nan nan nan nan nan nan nan nan nan nan nan nan nan nan nan nan nan nan nan nan nan nan nan nan nan nan nan nan nan nan nan nan nan nan nan nan nan nan nan nan nan nan
nan nan nan nan nan nan nan nan nan nan nan nan nan nan nan nan nan nan nan nan nan nan nan nan nan nan nan nan nan nan nan nan nan nan nan nan nan nan nan nan nan nan nan nan nan nan nan nan nan nan nan nan nan nan nan nan nan nan nan nan nan nan nan nan nan nan nan nan nan nan
nan nan nan nan nan nan nan nan nan nan nan nan nan nan nan nan nan nan nan nan nan nan nan nan nan nan nan nan nan nan nan nan nan nan nan nan nan nan nan nan nan nan nan nan nan nan nan nan nan nan nan nan nan nan nan nan nan nan nan nan nan nan nan nan nan nan nan nan nan nan
nan nan nan nan nan nan nan nan nan nan nan nan nan nan nan nan nan nan nan nan nan nan nan nan nan nan nan nan nan nan nan nan nan nan nan nan nan nan nan nan nan nan nan nan nan nan nan nan nan nan nan nan nan nan nan nan nan nan nan nan nan nan nan nan nan nan nan nan nan nan
nan nan nan nan nan nan nan nan nan nan nan nan nan nan nan nan nan nan nan nan nan nan nan nan nan nan nan nan nan nan nan nan nan nan nan nan nan nan nan nan nan nan nan nan nan nan nan nan nan nan nan nan nan nan nan nan nan nan nan nan nan nan nan nan nan nan nan nan nan nan
nan nan nan nan nan nan nan nan nan nan nan nan nan nan nan nan nan nan nan nan nan nan nan nan nan nan nan nan nan nan nan nan nan nan nan nan nan nan nan nan nan nan nan nan nan nan nan nan nan nan nan nan nan nan nan nan nan nan nan nan nan nan nan nan nan nan nan nan nan nan
0.063848 0.070932 0.078015 0.085095 0.092963 0.100829 0.107905 0.115769 0.123631 0.131492 0.140140 0.147999 0.156645 0.164503 0.171573 0.178643 0.184926 0.191208 0.195917 0.199839 0.203761 0.206109 0.207672 0.208448 0.208438 0.206856 0.205256 0.202843 0.198916 0.194203 0.189490 0.183204 0.176918 0.169846 0.161988 0.154129 0.145484 0.136838 0.128192 0.119546 0.110899 0.101465 0.092818 0.084956 0.077094 0.070017 0.062941 0.056650 0.050359 0.044854 0.040135 0.035416 0.031483 0.028337 0.025191 0.022831 0.020471 0.018111 0.016538 0.014964 0.012603 0.011029 0.010243 0.008668 0.006305 0.003941 0.001577 0.000788 0.000000 0.000000
0.697512 0.730192 0.762868 0.793943 0.825016 0.854489 0.882364 0.909439 0.934118 0.957998 0.980282 1.000969 1.020061 1.036759 1.051862 1.065370 1.077283 1.087603 1.096328 1.103460 1.109795 1.113739 1.116888 1.119240 1.119999 1.119165 1.118254 1.115632 1.111660 1.107690 1.101328 1.094967 1.086214 1.077462 1.067116 1.055176 1.041642 1.027310 1.011384 0.993864 0.974749 0.954837 0.933329 0.911024 0.887124 0.863224 0.837728 0.811434 0.785139 0.758046 0.730154 0.702261 0.673569 0.645674 0.616980 0.588283 0.558787 0.530086 0.501383 0.473476 0.444768 0.417654 0.389738 0.362618 0.336292 0.310762 0.285228 0.258092 0.231750 0.207001
1.565643 1.590565 1.613874 1.635569 1.656459 1.676543 1.695015 1.711874 1.727928 1.743178 1.756815 1.769648 1.780870 1.792094 1.801707 1.810515 1.818519 1.825719 1.832921 1.839320 1.845721 1.850510 1.855302 1.859289 1.863278 1.865656 1.867938 1.869267 1.870091 1.870110 1.870130 1.869345 1.867754 1.865358 1.862963 1.858956 1.854951 1.850140 1.844524 1.837296 1.830069 1.821231 1.811587 1.801138 1.788270 1.775404 1.760926 1.744835 1.727939 1.709431 1.689310 1.669191 1.647458 1.624920 1.600770 1.576620 1.550857 1.524287 1.496912 1.468729 1.439740 1.409136 1.377724 1.347121 1.315709 1.282681 1.249653 1.215008 1.179554 1.142482
2.380777 2.384732 2.387876 2.391025 2.394994 2.398152 2.401314 2.404481 2.408467 2.411641 2.414819 2.418816 2.422001 2.426005 2.429197 2.432392 2.435590 2.437976 2.440365 2.441942 2.443522 2.445105 2.446689 2.448276 2.449865 2.451457 2.453774 2.455140 2.456783 2.458427 2.460887 2.462533 2.464181 2.465015 2.466665 2.468316 2.469154 2.469994 2.470021 2.470863 2.470894 2.470111 2.469330 2.467737 2.465331 2.462928 2.458898 2.454869 2.449214 2.443561 2.436282 2.429005 2.420101 2.410386 2.399858 2.388518 2.376366 2.363402 2.350441 2.335853 2.321268 2.305871 2.290476 2.274270 2.257251 2.240235 2.221592 2.202137 2.181869 2.160789
3.071783 3.064303 3.056007 3.048536 3.040248 3.032785 3.024505 3.017050 3.008777 3.001328 2.994704 2.987262 2.981464 2.975668 2.969876 2.964907 2.960760 2.957436 2.954935 2.952435 2.949938 2.948263 2.946590 2.945739 2.944070 2.943222 2.942305 2.942922 2.943752 2.944583 2.946234 2.947886 2.950360 2.952833 2.956129 2.959424 2.962722 2.966840 2.970959 2.975079 2.980021 2.984965 2.990730 2.995675 3.001443 3.006392 3.011343 3.016295 3.020429 3.024565 3.027882 3.030381 3.032882 3.034565 3.036250 3.036297 3.036346 3.035577 3.033990 3.032406 3.029184 3.025964 3.021927 3.017072 3.011399 3.005730 2.999243 2.992758 2.985457 2.977338
3.602776 3.586222 3.570496 3.555598 3.539878 3.525810 3.511744 3.497681 3.484444 3.471210 3.458803 3.446398 3.434819 3.424067 3.413316 3.403392 3.393469 3.384372 3.376102 3.368658 3.362039 3.357071 3.352103 3.348787 3.345471 3.342981 3.340446 3.338666 3.337846 3.337851 3.338682 3.340336 3.341992 3.344473 3.347778 3.351909 3.356040 3.360996 3.365953 3.371735 3.378342 3.385774 3.393208 3.401466 3.409725 3.418811 3.428721 3.438632 3.448544 3.459283 3.470846 3.481587 3.493153 3.503895 3.514640 3.525385 3.536132 3.546056 3.555157 3.564260 3.572539 3.580820 3.587454 3.594090 3.600727 3.606542 3.611534 3.616529 3.620701 3.624050
3.968841 3.945646 3.924107 3.903397 3.882688 3.863635 3.845411 3.828016 3.810621 3.794882 3.779972 3.765890 3.752636 3.740211 3.727786 3.717017 3.707076 3.697135 3.688023 3.679739 3.672283 3.664827 3.658199 3.652399 3.648254 3.644110 3.640771 3.638224 3.636571 3.635745 3.634919 3.635748 3.637405 3.639889 3.642374 3.645685 3.650652 3.655620 3.660587 3.667209 3.673832 3.681282 3.689560 3.698665 3.707772 3.717705 3.728467 3.739228 3.750818 3.763235 3.776480 3.789725 3.803798 3.818700 3.834429 3.850158 3.865888 3.882446 3.898178 3.914737 3.931296 3.947857 3.963591 3.979325 3.994233 4.009141 4.024051 4.038961 4.053872 4.067956
4.182510 4.154324 4.128625 4.103755 4.080543 4.058160 4.037435 4.018368 3.999300 3.981892 3.966140 3.950389 3.936296 3.923032 3.911426 3.899819 3.889042 3.879923 3.870803 3.863342 3.855881 3.849248 3.842616 3.837641 3.832667 3.828521 3.825198 3.821866 3.820207 3.818549 3.816892 3.816891 3.817720 3.819377 3.821863 3.824350 3.827665 3.832638 3.836781 3.842583 3.849213 3.855844 3.863304 3.871592 3.880709 3.889825 3.899772 3.910546 3.922150 3.933753 3.947015 3.960276 3.973537 3.988456 4.003375 4.019951 4.036528 4.053934 4.072168 4.090402 4.110294 4.130187 4.150907 4.172457 4.194836 4.217214 4.240422 4.263630 4.286008 4.309216
4.252134 4.219801 4.190785 4.164256 4.139384 4.115343 4.093788 4.073891 4.054823 4.037413 4.020832 4.005910 3.991816 3.978552 3.966116 3.954509 3.944561 3.934613 3.926322 3.918861 3.911399 3.904767 3.898964 3.893990 3.889015 3.884870 3.881554 3.879896 3.878238 3.877409 3.876580 3.877409 3.879067 3.880725 3.883212 3.886528 3.889845 3.894819 3.899793 3.905596 3.911399 3.918032 3.925493 3.933783 3.942903 3.952022 3.961971 3.972748 3.984355 3.995961 4.008397 4.021661 4.035755 4.049849 4.065600 4.081352 4.097933 4.115342 4.132753 4.151820 4.171717 4.191614 4.212340 4.233895 4.256279 4.279492 4.302705 4.327576 4.352447 4.378147
4.181681 4.154324 4.127796 4.103755 4.080543 4.058160 4.037435 4.017539 3.999300 3.981892 3.965312 3.950389 3.936296 3.923032 3.910597 3.898991 3.889042 3.879094 3.870803 3.862513 3.855052 3.848419 3.842616 3.837641 3.832667 3.828521 3.825198 3.821866 3.819378 3.817721 3.816892 3.816891 3.817720 3.819377 3.821034 3.824350 3.827665 3.831809 3.836781 3.841755 3.848385 3.855015 3.862475 3.870763 3.879051 3.888997 3.898943 3.909717 3.921321 3.932924 3.945357 3.958618 3.972708 3.987627 4.002546 4.018294 4.034870 4.052276 4.070510 4.089573 4.108637 4.129358 4.150078 4.171628 4.194007 4.216386 4.238764 4.261972 4.286008 4.309216
3.968014 3.945646 3.923280 3.902570 3.882688 3.862808 3.844584 3.827188 3.810621 3.794055 3.779145 3.765062 3.751809 3.739383 3.727786 3.716190 3.706248 3.696308 3.688023 3.679739 3.671455 3.664827 3.658199 3.652399 3.647427 3.643282 3.639944 3.637397 3.635743 3.634918 3.634919 3.634921 3.636578 3.639062 3.641546 3.644858 3.648997 3.653965 3.659759 3.665554 3.673004 3.680455 3.687905 3.697011 3.706117 3.716050 3.726812 3.738400 3.749990 3.762407 3.774825 3.788070 3.802971 3.817045 3.832774 3.848503 3.865061 3.880792 3.897350 3.913909 3.930469 3.947030 3.962763 3.978498 3.994233 4.009141 4.024051 4.038961 4.053044 4.067956
3.601951 3.585397 3.569671 3.554773 3.539053 3.524985 3.510919 3.496856 3.483619 3.470386 3.457978 3.445573 3.433994 3.423242 3.412491 3.402567 3.392644 3.384372 3.376102 3.368658 3.362039 3.356246 3.352103 3.347962 3.345471 3.342156 3.340446 3.338666 3.337021 3.337027 3.337857 3.339512 3.341167 3.343648 3.346954 3.350260 3.355215 3.360171 3.365128 3.370910 3.377518 3.384125 3.391559 3.399817 3.408901 3.417986 3.427072 3.437808 3.447720 3.458458 3.470022 3.480762 3.492328 3.503071 3.514640 3.524561 3.535308 3.545231 3.555157 3.564260 3.572539 3.579996 3.587454 3.594090 3.600727 3.606542 3.611534 3.616529 3.620701 3.624050
3.070963 3.063482 3.055186 3.047715 3.039427 3.031964 3.023684 3.016229 3.008777 3.001328 2.993883 2.987262 2.980643 2.974848 2.969876 2.964907 2.960760 2.957436 2.954114 2.951615 2.949938 2.948263 2.946590 2.944919 2.944070 2.943222 2.942305 2.942102 2.942932 2.943762 2.945414 2.947886 2.949539 2.952013 2.955308 2.958604 2.962722 2.966019 2.970139 2.975079 2.979201 2.984965 2.989909 2.995675 3.000623 3.006392 3.011343 3.016295 3.020429 3.024565 3.027882 3.030381 3.032882 3.034565 3.036250 3.036297 3.036346 3.035577 3.033990 3.032406 3.029184 3.025964 3.021927 3.017072 3.011399 3.005730 3.000063 2.992758 2.985457 2.977338
