data/CoulombOnly/Outputs_CoulombOnly/release1HS_03CoulombOnly_null_openFOAMmu_pft.asc
ncols        1001
nrows        301
xllcorner    1000.00
yllcorner    -5000.00
cellsize     5.0000
NODATA_value -9999.0000
[rows 120 to 139 of 301, columns 540 to 584 of 1001]
0.020310906693339347839 0.014882088638842105865 0.024311248213052749634 0.035720691084861755371 0.027726182714104652405 0.016024401411414146423 0.045179784297943115234 0.034212827682495117188 0.030575077980756759644 0.024514297023415565491 0.065329752862453460693 0.042965315282344818115 0.055409926921129226685 0.034456860274076461792 0.016677364706993103027 0.040461085736751556396 0.05947634577751159668 0.030540984123945236206 0.074080757796764373779 0.033781368285417556763 0.045252963900566101074 0.059188988059759140015 0.043715942651033401489 0.070183873176574707031 0.1096432805061340332 0.065567687153816223145 0.063085153698921203613 0.15676759183406829834 0.060462921857833862305 0.15197624266147613525 0.19510911405086517334 0.054148901253938674927 0.15248794853687286377 0.2440732121467590332 0.14730791747570037842 0.032951712608337402344 0.092574670910835266113 0.10305859893560409546 0.063941240310668945312 0.25442117452621459961 0.12807667255401611328 0.1729552149772644043 0.11050435900688171387 0.20929513871669769287 0.24950110912322998047
0.028188232332468032837 0.016393657773733139038 0.040760841220617294312 0.017887484282255172729 0.020087182521820068359 0.030436120927333831787 0.060017146170139312744 0.064014405012130737305 0.02283466048538684845 0.031335633248090744019 0.062732145190238952637 0.050721395760774612427 0.062524512410163879395 0.02369434945285320282 0.036328662186861038208 0.047865647822618484497 0.069749757647514343262 0.034321397542953491211 0.035230051726102828979 0.063983783125877380371 0.034762792289257049561 0.090187080204486846924 0.15747840702533721924 0.055448170751333236694 0.14291799068450927734 0.062739238142967224121 0.10086727142333984375 0.11782707273960113525 0.11838811635971069336 0.080771900713443756104 0.088375739753246307373 0.2178834378719329834 0.10145570337772369385 0.14107717573642730713 0.099991582334041595459 0.18060460686683654785 0.21994599699974060059 0.17949523031711578369 0.08452364802360534668 0.078783147037029266357 0.16489633917808532715 0.20126356184482574463 0.14647123217582702637 0.25800311565399169922 0.25505372881889343262
0.040680311620235443115 0.02258121781051158905 0.059840030968189239502 0.042351201176643371582 0.014938783831894397736 0.020517824217677116394 0.074682876467704772949 0.048434615135192871094 0.021489184349775314331 0.031138135120272636414 0.05409112200140953064 0.051139827817678451538 0.048462253063917160034 0.054806619882583618164 0.035603810101747512817 0.082721501588821411133 0.055156841874122619629 0.0771047249436378479 0.078748330473899841309 0.084447719156742095947 0.093059398233890533447 0.14209353923797607422 0.23195514082908630371 0.12682294845581054688 0.13602045178413391113 0.17402343451976776123 0.088556513190269470215 0.15024524927139282227 0.10872583836317062378 0.15760193765163421631 0.19150568544864654541 0.16790378093719482422 0.21203584969043731689 0.18071992695331573486 0.16219718754291534424 0.11521425843238830566 0.22877104580402374268 0.19909013807773590088 0.2542648613452911377 0.191118583083152771 0.19615896046161651611 0.3281249701976776123 0.12778167426586151123 0.32102486491203308105 0.17673997581005096436
0.047933857887983322144 0.029926523566246032715 0.030144860967993736267 0.090174667537212371826 0.055035203695297241211 0.087228715419769287109 0.086493767797946929932 0.027355385944247245789 0.07025127112865447998 0.041509076952934265137 0.070567019283771514893 0.087552115321159362793 0.16273064911365509033 0.14805079996585845947 0.15243928134441375732 0.15063101053237915039 0.15034189820289611816 0.13489131629467010498 0.14582301676273345947 0.063112750649452209473 0.075658090412616729736 0.17964150011539459229 0.080910883843898773193 0.041261255741119384766 0.16200834512710571289 0.089131288230419158936 0.15348529815673828125 0.1673351973295211792 0.28195688128471374512 0.11782526969909667969 0.19493904709815979004 0.12250018864870071411 0.21452839672565460205 0.28076353669166564941 0.14382851123809814453 0.3489055633544921875 0.16276264190673828125 0.24422332644462585449 0.2856883704662322998 0.20831988751888275146 0.33051982522010803223 0.22469866275787353516 0.3495171964168548584 0.36752328276634216309 0.40339684486389160156
0.033375538885593414307 0.050597574561834335327 0.073276743292808532715 0.020153058692812919617 0.075556889176368713379 0.070797190070152282715 0.10456568747758865356 0.050566807389259338379 0.074339956045150756836 0.10192400962114334106 0.16285711526870727539 0.069174893200397491455 0.20063798129558563232 0.093946307897567749023 0.12674702703952789307 0.092070266604423522949 0.031667362898588180542 0.082352787256240844727 0.045098040252923965454 0.13890656828880310059 0.15365150570869445801 0.14706920087337493896 0.060728840529918670654 0.20218153297901153564 0.20902971923351287842 0.20558372139930725098 0.19512276351451873779 0.19786621630191802979 0.24188250303268432617 0.21686379611492156982 0.23334828019142150879 0.14543998241424560547 0.30634140968322753906 0.21097184717655181885 0.27595302462577819824 0.29656007885932922363 0.29275539517402648926 0.18042975664138793945 0.41437330842018127441 0.31607580184936523438 0.28284159302711486816 0.51250451803207397461 0.38208925724029541016 0.17222550511360168457 0.40484526753425598145
0.060442268848419189453 0.10772401094436645508 0.15702831745147705078 0.075946353375911712646 0.1553961634635925293 0.062427062541246414185 0.19391645491123199463 0.036368332803249359131 0.17773418128490447998 0.091951593756675720215 0.089178502559661865234 0.19042956829071044922 0.1394557952880859375 0.14321200549602508545 0.18382962048053741455 0.069304026663303375244 0.22973543405532836914 0.28611394762992858887 0.097397603094577789307 0.20394109189510345459 0.27385470271110534668 0.14432834088802337646 0.25832235813140869141 0.31564494967460632324 0.34101068973541259766 0.2961056828498840332 0.28133210539817810059 0.22956696152687072754 0.28382459282875061035 0.34445238113403320312 0.33345696330070495605 0.33581283688545227051 0.39883986115455627441 0.16624814271926879883 0.23178765177726745605 0.35213670134544372559 0.26046085357666015625 0.41478008031845092773 0.39642259478569030762 0.48257687687873840332 0.45840913057327270508 0.27883994579315185547 0.34543669223785400391 0.48128998279571533203 0.39722222089767456055
0.22175863385200500488 0.16818293929100036621 0.069358132779598236084 0.082426376640796661377 0.12330463528633117676 0.18476270139217376709 0.1578194350004196167 0.1688378453254699707 0.28035458922386169434 0.17713126540184020996 0.11786355078220367432 0.28460761904716491699 0.19988553225994110107 0.25466641783714294434 0.28392136096954345703 0.19056051969528198242 0.15696243941783905029 0.25954848527908325195 0.23215277493000030518 0.21609599888324737549 0.18562498688697814941 0.19608205556869506836 0.26822677254676818848 0.22598277032375335693 0.37314409017562866211 0.28018718957901000977 0.22515967488288879395 0.36606386303901672363 0.4075654149055480957 0.17992204427719116211 0.42099744081497192383 0.32501751184463500977 0.30208119750022888184 0.50290048122406005859 0.23591727018356323242 0.48115491867065429688 0.46534419059753417969 0.41432455182075500488 0.44258031249046325684 0.54655700922012329102 0.3839486539363861084 0.46042603254318237305 0.55722826719284057617 0.46079969406127929688 0.59840065240859985352
0.27105495333671569824 0.36709654331207275391 0.26659360527992248535 0.28046068549156188965 0.19151486456394195557 0.057619165629148483276 0.1850293576717376709 0.33590742945671081543 0.22904820740222930908 0.23689912259578704834 0.12739098072052001953 0.29214927554130554199 0.13095977902412414551 0.21364910900592803955 0.28540679812431335449 0.28704342246055603027 0.38676235079765319824 0.15552277863025665283 0.22806523740291595459 0.34637153148651123047 0.34522202610969543457 0.51178193092346191406 0.3059755861759185791 0.35895937681198120117 0.48850211501121520996 0.43354919552803039551 0.40869319438934326172 0.28820168972015380859 0.61992335319519042969 0.51509004831314086914 0.26758071780204772949 0.50999802350997924805 0.55449044704437255859 0.38537055253982543945 0.44296205043792724609 0.52511197328567504883 0.49924239516258239746 0.47940626740455627441 0.42815995216369628906 0.43112540245056152344 0.51908469200134277344 0.61304968595504760742 0.47965985536575317383 0.43486636877059936523 0.57795047760009765625
0.26144823431968688965 0.23745165765285491943 0.29816603660583496094 0.22206829488277435303 0.23860274255275726318 0.30658194422721862793 0.4139283299446105957 0.25507506728172302246 0.29003247618675231934 0.35883632302284240723 0.12875424325466156006 0.37637028098106384277 0.077699735760688781738 0.27314537763595581055 0.40162897109985351562 0.086964584887027740479 0.23565979301929473877 0.33120432496070861816 0.44698601961135864258 0.27917444705963134766 0.33830216526985168457 0.49180006980895996094 0.28097942471504211426 0.3514893651008605957 0.244036063551902771 0.39739900827407836914 0.55897504091262817383 0.57821094989776611328 0.38391602039337158203 0.53280216455459594727 0.52585327625274658203 0.49097537994384765625 0.47780832648277282715 0.44650098681449890137 0.59286451339721679688 0.60424822568893432617 0.62533706426620483398 0.52940618991851806641 0.4823532402515411377 0.5537083745002746582 0.62264287471771240234 0.64436686038970947266 0.61264985799789428711 0.61525499820709228516 0.64422982931137084961
0.17282721400260925293 0.28675591945648193359 0.43367755413055419922 0.28868111968040466309 0.43602073192596435547 0.30291041731834411621 0.4232279658317565918 0.21942660212516784668 0.35601833462715148926 0.42899864912033081055 0.51580327749252319336 0.40031906962394714355 0.59672635793685913086 0.54162770509719848633 0.31150585412979125977 0.51126044988632202148 0.46811923384666442871 0.60859709978103637695 0.60951030254364013672 0.16444016993045806885 0.31993830204010009766 0.47975555062294006348 0.54916137456893920898 0.49845895171165466309 0.38342425227165222168 0.49119082093238830566 0.58436197042465209961 0.43070498108863830566 0.36727622151374816895 0.56554150581359863281 0.41224664449691772461 0.58054113388061523438 0.59285306930541992188 0.62343466281890869141 0.59471547603607177734 0.4851176142692565918 0.58433109521865844727 0.60318034887313842773 0.61375671625137329102 0.57778352499008178711 0.54799664020538330078 0.62406957149505615234 0.63097369670867919922 0.62590289115905761719 0.62698245048522949219
0.30605912208557128906 0.41683292388916015625 0.28321066498756408691 0.66753965616226196289 0.4096151888370513916 0.28654250502586364746 0.28064695000648498535 0.5192763209342956543 0.15997582674026489258 0.49604263901710510254 0.48705530166625976562 0.40202084183692932129 0.28875073790550231934 0.53122109174728393555 0.43634486198425292969 0.45819878578186035156 0.57708847522735595703 0.44974243640899658203 0.54166507720947265625 0.53236114978790283203 0.58850377798080444336 0.53498625755310058594 0.58312898874282836914 0.6270878911018371582 0.57670968770980834961 0.63484334945678710938 0.5842291712760925293 0.62643069028854370117 0.6023514866828918457 0.58450829982757568359 0.62973177433013916016 0.48324069380760192871 0.62714445590972900391 0.57299190759658813477 0.47466903924942016602 0.61197388172149658203 0.61302435398101806641 0.74565356969833374023 0.60901993513107299805 0.57183021306991577148 0.5305309295654296875 0.63336724042892456055 0.56785577535629272461 0.72703450918197631836 0.68085277080535888672
0.65746253728866577148 0.4651642143726348877 0.55787503719329833984 0.36646568775177001953 0.52444308996200561523 0.56874513626098632812 0.3478838503360748291 0.56180566549301147461 0.57963418960571289062 0.59211385250091552734 0.54124152660369873047 0.5268713831901550293 0.64324128627777099609 0.55393427610397338867 0.61587214469909667969 0.51658648252487182617 0.53056848049163818359 0.6182498931884765625 0.78962820768356323242 0.62385475635528564453 0.45986884832382202148 0.59878575801849365234 0.61540776491165161133 0.60992693901062011719 0.66788959503173828125 0.73483675718307495117 0.60257506370544433594 0.55665570497512817383 0.53169047832489013672 0.61549156904220581055 0.62757146358489990234 0.74460589885711669922 0.72349458932876586914 0.58097130060195922852 0.70780938863754272461 0.68927919864654541016 0.80579799413681030273 0.61441594362258911133 0.61842393875122070312 0.61551618576049804688 0.76082265377044677734 0.66979020833969116211 0.62691420316696166992 0.61095428466796875 0.62912285327911376953
0.56913727521896362305 0.54568177461624145508 0.60164093971252441406 0.59783375263214111328 0.58220934867858886719 0.63052934408187866211 0.50351732969284057617 0.57462906837463378906 0.52011966705322265625 0.52222311496734619141 0.65869516134262084961 0.64653795957565307617 0.5693359375 0.5424588322639465332 0.61204999685287475586 0.59497064352035522461 0.48349097371101379395 0.60466182231903076172 0.68000113964080810547 0.78709495067596435547 0.61914855241775512695 0.64273583889007568359 0.47229564189910888672 0.61674469709396362305 0.64109635353088378906 0.74456870555877685547 0.64137989282608032227 0.6129792332649230957 0.64849162101745605469 0.62140130996704101562 0.83831703662872314453 0.75439244508743286133 0.71463489532470703125 0.64881920814514160156 0.63165557384490966797 0.63445037603378295898 0.63599735498428344727 0.74914288520812988281 1.0246082544326782227 0.61857777833938598633 0.66929090023040771484 0.6470006108283996582 0.90940117835998535156 0.75273412466049194336 0.68951547145843505859
0.74035239219665527344 0.73511856794357299805 0.54085552692413330078 0.53042787313461303711 0.55885004997253417969 0.63781976699829101562 0.65970045328140258789 0.66360384225845336914 0.79058229923248291016 0.62823289632797241211 0.60023283958435058594 0.70870476961135864258 0.69425439834594726562 0.76513195037841796875 0.59172338247299194336 0.6394513249397277832 0.61291581392288208008 0.63372111320495605469 0.76091217994689941406 0.79153680801391601562 1.1418901681900024414 0.85616916418075561523 0.5832780003547668457 0.62385344505310058594 0.65251117944717407227 0.65848457813262939453 0.64322543144226074219 0.61028975248336791992 0.99134707450866699219 0.65736281871795654297 0.57574009895324707031 0.76121801137924194336 0.61310428380966186523 0.71909433603286743164 1.0610699653625488281 0.75006657838821411133 0.88216894865036010742 0.75689852237701416016 0.62326008081436157227 0.68900775909423828125 0.82566428184509277344 0.78666782379150390625 0.76788389682769775391 0.71732914447784423828 0.64609348773956298828
0.79673886299133300781 0.7207247614860534668 0.61448365449905395508 0.74116796255111694336 0.58677566051483154297 0.63279765844345092773 0.93296873569488525391 0.87136769294738769531 0.6466305851936340332 0.74627059698104858398 0.64160203933715820312 0.90079033374786376953 0.78861451148986816406 0.68478405475616455078 0.64663255214691162109 1.0684376955032348633 0.6095536351203918457 0.89663028717041015625 0.65484356880187988281 0.75237166881561279297 0.62994945049285888672 0.78474152088165283203 0.78471457958221435547 0.76014918088912963867 0.64922273159027099609 0.87685447931289672852 0.63377678394317626953 0.60765463113784790039 0.88237535953521728516 0.9262968897819519043 1.0376397371292114258 0.91638791561126708984 0.63896405696868896484 0.79124295711517333984 0.64048898220062255859 0.71860325336456298828 0.81205409765243530273 0.73123914003372192383 0.81931090354919433594 0.70458364486694335938 0.76958787441253662109 0.87810999155044555664 1.2929670810699462891 0.71964824199676513672 0.81991517543792724609
0.77888131141662597656 0.58933216333389282227 0.81858652830123901367 0.64713060855865478516 0.60196959972381591797 0.72247958183288574219 0.89320570230484008789 0.72390663623809814453 0.69475394487380981445 0.64235961437225341797 0.67118924856185913086 0.79958289861679077148 0.8122418522834777832 1.1925641298294067383 0.89576727151870727539 1.2926034927368164062 0.68560230731964111328 0.85334867238998413086 0.84943819046020507812 1.0131436586380004883 0.94435560703277587891 0.96371430158615112305 1.1883791685104370117 1.0167573690414428711 0.76548326015472412109 0.85505908727645874023 0.78706145286560058594 1.1192584037780761719 0.93128472566604614258 0.84527003765106201172 1.1191848516464233398 0.97788053750991821289 1.0385493040084838867 0.80276715755462646484 1.0884253978729248047 0.65435445308685302734 1.082599639892578125 1.2947542667388916016 0.86371427774429321289 0.66801941394805908203 0.75120979547500610352 1.3784250020980834961 1.2546738386154174805 1.4053641557693481445 0.78341728448867797852
0.83966600894927978516 0.65659439563751220703 0.82157456874847412109 1.0428298711776733398 1.2305452823638916016 0.95290654897689819336 0.79665893316268920898 0.89264988899230957031 0.98260790109634399414 0.68528217077255249023 1.2476441860198974609 0.7809308171272277832 0.66176015138626098633 0.95546311140060424805 0.88316911458969116211 1.0288835763931274414 1.3898206949234008789 0.79375231266021728516 1.0680525302886962891 0.97785639762878417969 0.94350248575210571289 0.98228150606155395508 1.0647586584091186523 0.86414992809295654297 0.80760014057159423828 0.68647074699401855469 1.139495849609375 0.96906656026840209961 0.98044914007186889648 1.0234581232070922852 0.95168042182922363281 0.85794329643249511719 1.7197315692901611328 0.87413883209228515625 0.82894980907440185547 0.88348013162612915039 0.98824125528335571289 1.278464198112487793 0.99392753839492797852 0.95241200923919677734 0.99210530519485473633 0.94255506992340087891 1.4120489358901977539 0.97621703147888183594 1.1144500970840454102
0.95908939838409423828 1.084621429443359375 1.2108582258224487305 1.1938649415969848633 1.0462349653244018555 0.97751647233963012695 1.1427606344223022461 1.059897303581237793 1.1848051548004150391 0.90202111005783081055 1.1946551799774169922 1.2984030246734619141 1.1483702659606933594 0.92814505100250244141 0.68407422304153442383 1.1175607442855834961 1.2717478275299072266 1.2877188920974731445 1.1008057594299316406 0.97679001092910766602 1.2787147760391235352 0.89706575870513916016 1.1415810585021972656 1.2852650880813598633 0.98631006479263305664 0.83139181137084960938 1.1192736625671386719 1.1731197834014892578 1.1017836332321166992 1.2678331136703491211 0.96168857812881469727 1.1150214672088623047 1.0443062782287597656 1.082768559455871582 1.1300487518310546875 1.0612066984176635742 0.97628200054168701172 1.1293911933898925781 1.252581477165222168 1.285399317741394043 1.2104427814483642578 1.2991359233856201172 1.0227111577987670898 1.3077040910720825195 1.089604496955871582
1.1662207841873168945 1.1889460086822509766 1.189046025276184082 1.075606226921081543 0.77087265253067016602 1.0874204635620117188 1.0803341865539550781 1.1027632951736450195 0.9114901423454284668 0.90042233467102050781 1.1314380168914794922 1.0796867609024047852 1.279496312141418457 1.2418282032012939453 1.0916711091995239258 1.2608327865600585938 1.2080006599426269531 1.1944825649261474609 1.4667623043060302734 1.0292350053787231445 1.3299390077590942383 1.228648066520690918 1.0206421613693237305 1.0872935056686401367 1.3158371448516845703 1.3435199260711669922 1.3554307222366333008 1.2089555263519287109 1.2785508632659912109 1.3366979360580444336 1.0940866470336914062 1.2129448652267456055 1.3617361783981323242 1.2486426830291748047 1.3964899778366088867 1.3408898115158081055 1.0691012144088745117 1.0245306491851806641 1.2875663042068481445 1.065199732780456543 1.3504155874252319336 1.3423845767974853516 1.141531825065612793 1.3722454309463500977 1.3564698696136474609
1.2536513805389404297 1.2839837074279785156 1.2765256166458129883 1.2148975133895874023 1.1244032382965087891 1.3542701005935668945 0.9464638829231262207 1.1732486486434936523 1.3562995195388793945 1.2964993715286254883 1.1670426130294799805 1.3143200874328613281 1.2129977941513061523 1.2139556407928466797 1.2560842037200927734 1.0931265354156494141 1.2228746414184570312 1.0644072294235229492 1.1705478429794311523 1.2452406883239746094 1.3561983108520507812 1.2192351818084716797 1.3118441104888916016 1.1361728906631469727 1.3037096261978149414 1.3105508089065551758 1.1862521171569824219 1.2830188274383544922 1.2686903476715087891 1.1058880090713500977 1.1348711252212524414 1.2093504667282104492 1.2769769430160522461 1.1562993526458740234 1.3058142662048339844 1.0477362871170043945 1.2123657464981079102 1.2314457893371582031 1.3260236978530883789 1.2875181436538696289 1.2686589956283569336 1.0915362834930419922 1.2725019454956054688 1.2614754438400268555 1.3370110988616943359
