data/CoulombOnly/Outputs_CoulombOnly/release1HS_03CoulombOnly_null_Gerris_pfv.asc
ncols        1001
nrows        301
xllcorner    997.500000000000
yllcorner    -5002.500000000000
cellsize     5.000000000000
[rows 132 to 153 of 301, columns 50 to 99 of 1001]
11.709600448608398438 11.709600448608398438 12.021699905395507812 12.021699905395507812 12.3302001953125 12.700099945068359375 12.700099945068359375 12.718700408935546875 12.956700325012207031 12.956700325012207031 12.880000114440917969 12.880000114440917969 13.306099891662597656 13.928799629211425781 13.928799629211425781 14.055800437927246094 14.250599861145019531 14.250599861145019531 14.015199661254882812 14.015199661254882812 14.456399917602539062 14.787799835205078125 14.787799835205078125 14.300999641418457031 13.709300041198730469 13.709300041198730469 13.575099945068359375 13.575099945068359375 13.541299819946289062 13.361599922180175781 13.361599922180175781 12.373399734497070312 9.4594697952270507812 9.4594697952270507812 5.7407698631286621094 5.7407698631286621094 0 0 0 0 0 0 0 0 0 0 0 0 0 0
35.0998992919921875 35.157501220703125 35.43939971923828125 36.690601348876953125 37.466999053955078125 38.032299041748046875 38.168300628662109375 37.847599029541015625 38.583698272705078125 39.15679931640625 38.3769989013671875 38.90309906005859375 40.71099853515625 41.255001068115234375 42.317798614501953125 41.626800537109375 43.05879974365234375 42.444499969482421875 43.57649993896484375 40.514499664306640625 43.90399932861328125 44.054401397705078125 44.672199249267578125 41.635700225830078125 41.135700225830078125 41.119998931884765625 40.86920166015625 40.581401824951171875 40.311000823974609375 40.187000274658203125 39.9824981689453125 39.65090179443359375 30.476499557495117188 26.280300140380859375 20.519899368286132812 13.924799919128417969 0 0 0 0 0 0 0 0 0 0 0 0 0 0
35.7938995361328125 36.195598602294921875 36.3303985595703125 37.243099212646484375 37.107601165771484375 37.4889984130859375 37.811798095703125 38.78150177001953125 38.79000091552734375 39.570301055908203125 40.411701202392578125 39.806499481201171875 40.733600616455078125 41.660701751708984375 41.02719879150390625 41.309200286865234375 40.149501800537109375 40.75930023193359375 42.25640106201171875 42.6968994140625 42.120800018310546875 42.064998626708984375 41.461399078369140625 41.951099395751953125 42.70439910888671875 42.138698577880859375 44.594898223876953125 44.32659912109375 41.777801513671875 42.448699951171875 41.74629974365234375 41.391201019287109375 40.078800201416015625 40.158199310302734375 39.681301116943359375 38.760101318359375 37.96849822998046875 38.702098846435546875 37.591800689697265625 33.903598785400390625 10.187700271606445312 13.588899612426757812 14.459600448608398438 14.459600448608398438 14.234999656677246094 12.211199760437011719 12.211199760437011719 7.959400177001953125 1.5941100120544433594 1.5941100120544433594
36.1239013671875 35.94879913330078125 35.7566986083984375 36.199798583984375 37.6614990234375 38.08409881591796875 38.264301300048828125 38.41049957275390625 39.47760009765625 39.5746002197265625 39.76300048828125 40.5287017822265625 40.6128997802734375 41.293598175048828125 42.44139862060546875 41.9105987548828125 43.063999176025390625 43.656299591064453125 44.03369903564453125 43.36119842529296875 43.026699066162109375 43.77629852294921875 44.16899871826171875 44.564701080322265625 45.203701019287109375 45.713199615478515625 46.31549835205078125 46.45890045166015625 45.991901397705078125 46.316898345947265625 43.494598388671875 45.335300445556640625 44.015399932861328125 44.1139984130859375 44.03179931640625 44.18399810791015625 44.66320037841796875 44.709201812744140625 44.95149993896484375 44.94110107421875 45.125701904296875 44.78710174560546875 43.907199859619140625 43.92169952392578125 43.653598785400390625 43.38539886474609375 43.070098876953125 42.30770111083984375 38.737400054931640625 38.65670013427734375
36.094799041748046875 36.33390045166015625 36.165699005126953125 35.978801727294921875 37.12799835205078125 37.164501190185546875 37.77880096435546875 37.793498992919921875 38.387500762939453125 38.94699859619140625 39.63430023193359375 39.911998748779296875 40.64910125732421875 40.9636993408203125 41.30139923095703125 41.908000946044921875 41.899700164794921875 42.52159881591796875 43.92169952392578125 43.650299072265625 43.10449981689453125 44.12419891357421875 45.083099365234375 45.590801239013671875 45.03350067138671875 45.01670074462890625 45.078899383544921875 43.672298431396484375 44.03730010986328125 45.1063995361328125 44.360401153564453125 45.32849884033203125 44.09780120849609375 45.447200775146484375 44.79869842529296875 46.987598419189453125 45.10520172119140625 45.174800872802734375 45.392200469970703125 45.534801483154296875 46.284999847412109375 46.282100677490234375 46.285400390625 46.240100860595703125 46.459400177001953125 46.447601318359375 46.328701019287109375 46.2501983642578125 46.12779998779296875 45.842498779296875
35.799701690673828125 36.236301422119140625 37.3031005859375 36.849399566650390625 37.328899383544921875 37.8592987060546875 37.886199951171875 38.4365997314453125 38.939098358154296875 39.023998260498046875 39.5625 39.57720184326171875 40.265300750732421875 40.742198944091796875 41.402301788330078125 41.573699951171875 41.909999847412109375 42.45619964599609375 43.160900115966796875 43.2313995361328125 43.859699249267578125 44.580501556396484375 44.403400421142578125 43.914501190185546875 45.076000213623046875 46.7368011474609375 48.041900634765625 48.229801177978515625 48.22029876708984375 48.544101715087890625 48.6352996826171875 48.198398590087890625 46.98310089111328125 47.290500640869140625 46.09960174560546875 46.539398193359375 45.7415008544921875 45.93180084228515625 45.941501617431640625 45.84799957275390625 46.336200714111328125 46.5343017578125 46.429698944091796875 46.8423004150390625 47.18199920654296875 47.483501434326171875 47.739498138427734375 47.87799835205078125 48.13539886474609375 48.21089935302734375
35.97650146484375 35.956501007080078125 36.7509002685546875 36.8527984619140625 37.326000213623046875 37.787200927734375 37.7593994140625 38.587001800537109375 39.1772003173828125 40.37039947509765625 40.54579925537109375 40.41429901123046875 40.716999053955078125 41.1587982177734375 41.1811981201171875 41.64929962158203125 42.2303009033203125 42.31549835205078125 42.804401397705078125 43.275501251220703125 43.693500518798828125 44.468799591064453125 44.61029815673828125 44.8087005615234375 45.29000091552734375 45.27130126953125 45.870899200439453125 46.3657989501953125 45.15309906005859375 45.80120086669921875 47.09429931640625 48.4282989501953125 49.793498992919921875 49.753299713134765625 49.761501312255859375 49.9552001953125 51.19029998779296875 50.37110137939453125 48.24539947509765625 50.13339996337890625 47.983600616455078125 47.38079833984375 47.353099822998046875 46.891998291015625 47.419200897216796875 47.64440155029296875 47.7322998046875 47.91899871826171875 48.233600616455078125 48.582698822021484375
36.22570037841796875 36.466999053955078125 37.00550079345703125 36.96289825439453125 37.78820037841796875 38.155399322509765625 38.989200592041015625 39.53459930419921875 39.701000213623046875 39.5149993896484375 40.000499725341796875 39.932498931884765625 40.873798370361328125 41.067901611328125 41.83599853515625 42.29579925537109375 42.57469940185546875 42.705699920654296875 43.43920135498046875 43.417499542236328125 43.93650054931640625 44.33969879150390625 44.267299652099609375 44.72570037841796875 45.339900970458984375 45.237300872802734375 46.145599365234375 45.898700714111328125 46.594699859619140625 46.643901824951171875 47.386600494384765625 48.356201171875 48.045200347900390625 47.74539947509765625 47.752399444580078125 48.183200836181640625 48.441600799560546875 48.12689971923828125 48.07199859619140625 48.712398529052734375 50.7118988037109375 51.56439971923828125 51.53659820556640625 51.426898956298828125 50.34510040283203125 50.3636016845703125 50.20259857177734375 49.99250030517578125 50.889301300048828125 50.377899169921875
36.150600433349609375 35.95349884033203125 36.1949005126953125 36.83300018310546875 37.564701080322265625 38.706798553466796875 38.90110015869140625 38.394001007080078125 38.89279937744140625 39.649700164794921875 39.540599822998046875 40.077899932861328125 40.460399627685546875 40.75260162353515625 41.688999176025390625 41.6996002197265625 42.4031982421875 42.709598541259765625 43.0175018310546875 43.28900146484375 43.867000579833984375 44.316799163818359375 44.754398345947265625 44.93470001220703125 46.19319915771484375 45.926799774169921875 46.5933990478515625 46.3031005859375 46.3238983154296875 47.15090179443359375 47.58480072021484375 47.630901336669921875 47.939601898193359375 48.344501495361328125 49.167999267578125 49.0438995361328125 49.170501708984375 49.2704010009765625 49.508800506591796875 49.27629852294921875 51.117801666259765625 51.373600006103515625 51.94390106201171875 52.664600372314453125 54.4037017822265625 55.363800048828125 55.633998870849609375 55.9170989990234375 54.649501800537109375 53.16619873046875
36.041698455810546875 36.0615997314453125 36.735401153564453125 36.718700408935546875 37.138599395751953125 37.65679931640625 38.39739990234375 38.947601318359375 39.70059967041015625 39.630001068115234375 39.7584991455078125 40.34870147705078125 41.3889007568359375 41.181598663330078125 41.418300628662109375 42.00479888916015625 42.36750030517578125 42.192901611328125 43.023899078369140625 43.129901885986328125 43.239398956298828125 43.695499420166015625 43.632701873779296875 44.363399505615234375 45.64279937744140625 46.048801422119140625 46.11569976806640625 46.16519927978515625 46.277500152587890625 47.071399688720703125 47.78099822998046875 47.472499847412109375 47.5970001220703125 47.797901153564453125 48.284698486328125 48.97750091552734375 49.594501495361328125 49.830898284912109375 50.38449859619140625 50.182399749755859375 51.13790130615234375 51.606098175048828125 50.84310150146484375 50.287998199462890625 51.55030059814453125 52.24829864501953125 52.904998779296875 53.449199676513671875 54.445301055908203125 55.4824981689453125
37.022899627685546875 37.69100189208984375 37.812999725341796875 38.41120147705078125 38.274200439453125 38.884799957275390625 38.75479888916015625 38.853900909423828125 39.32669830322265625 39.91680145263671875 40.529998779296875 41.064098358154296875 41.726100921630859375 41.62030029296875 41.631801605224609375 42.219501495361328125 42.691799163818359375 43.517200469970703125 43.280300140380859375 43.439800262451171875 44.15670013427734375 44.907299041748046875 44.578899383544921875 45.22389984130859375 45.614898681640625 45.74900054931640625 46.518398284912109375 46.459400177001953125 46.7631988525390625 46.815799713134765625 47.642101287841796875 47.47389984130859375 47.901699066162109375 47.5204010009765625 47.6483001708984375 48.283199310302734375 49.15019989013671875 49.47190093994140625 50.309398651123046875 50.086200714111328125 51.4477996826171875 51.2285003662109375 51.4600982666015625 51.9579010009765625 51.973499298095703125 52.41809844970703125 52.886501312255859375 52.60720062255859375 52.62850189208984375 53.287998199462890625
37.065700531005859375 37.491901397705078125 37.8751983642578125 38.29270172119140625 39.04380035400390625 39.76850128173828125 39.886199951171875 39.568401336669921875 39.80590057373046875 39.63069915771484375 40.369598388671875 40.319599151611328125 40.97859954833984375 41.307300567626953125 41.45169830322265625 41.9626007080078125 43.149700164794921875 43.738300323486328125 43.89839935302734375 43.547298431396484375 43.88069915771484375 44.380001068115234375 44.435199737548828125 45.07469940185546875 46.015499114990234375 45.810100555419921875 46.21160125732421875 46.7881011962890625 46.563999176025390625 47.07740020751953125 47.791500091552734375 48.479099273681640625 48.107601165771484375 48.921600341796875 48.736598968505859375 49.02700042724609375 50.3292999267578125 49.95980072021484375 50.545501708984375 50.233001708984375 51.6063995361328125 51.3928985595703125 51.505298614501953125 51.17079925537109375 51.83119964599609375 52.540500640869140625 52.17620086669921875 52.69390106201171875 53.212100982666015625 53.22119903564453125
37.060901641845703125 37.450801849365234375 37.85829925537109375 38.232799530029296875 39.005001068115234375 39.73590087890625 39.857601165771484375 40.39839935302734375 40.03060150146484375 40.00360107421875 40.312000274658203125 40.2144012451171875 40.961700439453125 40.90019989013671875 41.45330047607421875 41.527500152587890625 42.00550079345703125 42.49269866943359375 43.080799102783203125 43.685398101806640625 44.585498809814453125 44.22029876708984375 44.9217987060546875 44.8759002685546875 45.75569915771484375 46.32759857177734375 47.1251983642578125 47.182098388671875 46.806301116943359375 47.38430023193359375 47.18489837646484375 48.101200103759765625 48.30970001220703125 49.0381011962890625 49.51850128173828125 49.214900970458984375 50.50170135498046875 50.776500701904296875 50.395999908447265625 50.70130157470703125 51.078701019287109375 51.672698974609375 51.27590179443359375 51.546600341796875 52.305599212646484375 53.026699066162109375 52.753398895263671875 53.087200164794921875 53.318698883056640625 53.279399871826171875
37.030399322509765625 37.44300079345703125 37.830501556396484375 38.23600006103515625 38.991001129150390625 39.78730010986328125 39.83190155029296875 40.414600372314453125 40.039501190185546875 40.013301849365234375 40.32740020751953125 40.217800140380859375 40.98220062255859375 40.939998626708984375 41.168701171875 41.684398651123046875 42.106800079345703125 42.057098388671875 42.438800811767578125 42.5279998779296875 43.75839996337890625 44.320201873779296875 44.80680084228515625 44.613498687744140625 45.109401702880859375 45.00479888916015625 45.423000335693359375 45.4915008544921875 46.700099945068359375 47.55410003662109375 47.6660003662109375 47.26290130615234375 48.346500396728515625 48.636699676513671875 48.3022003173828125 48.503200531005859375 49.08599853515625 49.11589813232421875 48.9860992431640625 49.35260009765625 49.91699981689453125 50.272098541259765625 50.721599578857421875 50.579898834228515625 51.020801544189453125 51.9618988037109375 51.871799468994140625 52.553798675537109375 52.682098388671875 53.30780029296875
36.9571990966796875 37.360198974609375 37.79579925537109375 38.1930999755859375 39.22299957275390625 39.4412994384765625 39.632999420166015625 39.22650146484375 39.640300750732421875 40.436798095703125 40.5756988525390625 41.242900848388671875 41.117900848388671875 41.885601043701171875 41.779598236083984375 41.915798187255859375 42.22460174560546875 42.570598602294921875 42.68389892578125 43.190799713134765625 44.24140167236328125 44.621898651123046875 45.29489898681640625 45.61569976806640625 45.981899261474609375 45.747600555419921875 45.89839935302734375 46.313098907470703125 47.625400543212890625 47.90850067138671875 47.4438018798828125 47.534198760986328125 48.61389923095703125 48.39009857177734375 48.4683990478515625 48.771800994873046875 49.520801544189453125 50.107799530029296875 50.40090179443359375 50.0391998291015625 50.87220001220703125 50.479198455810546875 50.6595001220703125 50.51670074462890625 51.29949951171875 51.298000335693359375 51.5634002685546875 51.62580108642578125 52.131801605224609375 52.3925018310546875
36.442600250244140625 36.7593994140625 36.6305999755859375 36.81829833984375 38.099498748779296875 38.39739990234375 39.08100128173828125 39.240200042724609375 39.0876007080078125 39.53170013427734375 39.4756011962890625 39.56800079345703125 39.93000030517578125 40.479400634765625 41.101001739501953125 40.932498931884765625 41.692901611328125 42.052398681640625 42.237598419189453125 42.767101287841796875 43.248798370361328125 43.75350189208984375 44.32089996337890625 44.939300537109375 44.786899566650390625 45.17639923095703125 45.17800140380859375 45.37110137939453125 46.05970001220703125 46.695201873779296875 47.462299346923828125 47.76490020751953125 47.63430023193359375 48.227100372314453125 48.76869964599609375 48.40650177001953125 48.72650146484375 49.02159881591796875 49.54830169677734375 50.15679931640625 50.112201690673828125 49.998699188232421875 50.228298187255859375 50.385101318359375 50.85540008544921875 51.17150115966796875 51.83300018310546875 52.56240081787109375 52.443599700927734375 52.340301513671875
36.80989837646484375 36.94580078125 37.77050018310546875 37.8852996826171875 37.696201324462890625 38.141399383544921875 38.110599517822265625 38.31819915771484375 38.73329925537109375 38.949100494384765625 39.475399017333984375 39.33589935302734375 40.045299530029296875 40.364498138427734375 40.998600006103515625 40.9394989013671875 41.55590057373046875 41.804798126220703125 42.35449981689453125 42.461498260498046875 43.539398193359375 43.88970184326171875 44.319499969482421875 44.182098388671875 45.632900238037109375 45.78179931640625 45.553501129150390625 45.573699951171875 46.80899810791015625 47.4412994384765625 47.616199493408203125 47.24919891357421875 47.377498626708984375 47.975200653076171875 48.537601470947265625 48.27349853515625 48.891998291015625 49.153400421142578125 49.727001190185546875 50.2433013916015625 50.11389923095703125 50.203899383544921875 50.369998931884765625 50.9886016845703125 52.08679962158203125 51.63629913330078125 51.804500579833984375 52.422298431396484375 53.3636016845703125 52.89479827880859375
36.787601470947265625 36.90940093994140625 37.62760162353515625 37.76409912109375 37.613498687744140625 38.065700531005859375 38.00260162353515625 38.193401336669921875 38.63520050048828125 38.855701446533203125 39.408599853515625 39.323200225830078125 40.049900054931640625 40.640499114990234375 40.83599853515625 41.223598480224609375 41.782901763916015625 41.83570098876953125 42.50350189208984375 43.15309906005859375 44.14739990234375 43.489299774169921875 43.515201568603515625 44.1652984619140625 44.666698455810546875 44.601898193359375 44.909000396728515625 45.479198455810546875 46.927501678466796875 47.16400146484375 46.824298858642578125 46.990001678466796875 48.007801055908203125 48.6996002197265625 48.91510009765625 48.52429962158203125 49.079498291015625 49.641498565673828125 49.334499359130859375 49.421298980712890625 49.701999664306640625 50.016201019287109375 50.716701507568359375 51.317699432373046875 51.04219818115234375 51.350799560546875 51.482898712158203125 52.09870147705078125 53.159900665283203125 52.744800567626953125
37.222198486328125 37.6295013427734375 38.07630157470703125 38.47010040283203125 39.378101348876953125 39.441898345947265625 39.643798828125 39.35150146484375 39.876598358154296875 39.804798126220703125 40.022998809814453125 40.402698516845703125 40.406299591064453125 41.1847991943359375 41.26039886474609375 41.96849822998046875 42.21379852294921875 42.26419830322265625 42.7639007568359375 42.88990020751953125 44.27320098876953125 44.342498779296875 45.060901641845703125 45.373401641845703125 45.04290008544921875 45.464801788330078125 45.36669921875 45.80419921875 46.210498809814453125 46.879299163818359375 47.677799224853515625 47.9608001708984375 47.770900726318359375 48.24179840087890625 48.789501190185546875 49.49169921875 49.354900360107421875 49.41139984130859375 49.82740020751953125 50.3964996337890625 50.854900360107421875 50.62039947509765625 50.82920074462890625 51.329498291015625 51.54290008544921875 52.254398345947265625 52.043399810791015625 52.24179840087890625 53.2910003662109375 52.9149017333984375
36.512699127197265625 37.181598663330078125 37.356098175048828125 38.03070068359375 37.846099853515625 37.951099395751953125 38.398101806640625 38.308101654052734375 38.982700347900390625 38.947101593017578125 39.165798187255859375 39.644199371337890625 40.12509918212890625 40.28710174560546875 40.769001007080078125 40.959400177001953125 41.5167999267578125 42.029201507568359375 42.69229888916015625 43.351100921630859375 43.327999114990234375 43.4261016845703125 43.2816009521484375 44.392200469970703125 44.610401153564453125 44.63990020751953125 45.121799468994140625 45.723499298095703125 46.824298858642578125 46.487701416015625 46.669200897216796875 47.17340087890625 47.47499847412109375 47.560298919677734375 48.07379913330078125 47.904399871826171875 48.892299652099609375 49.50099945068359375 49.234500885009765625 49.38610076904296875 49.769100189208984375 50.39459991455078125 51.240001678466796875 51.513698577880859375 51.24179840087890625 51.77130126953125 52.368999481201171875 52.0222015380859375 52.332500457763671875 53.101001739501953125
36.56169891357421875 37.228099822998046875 37.396099090576171875 37.199100494384765625 37.785701751708984375 37.775299072265625 38.028400421142578125 38.49050140380859375 39.26599884033203125 39.263599395751953125 40.533199310302734375 40.575000762939453125 40.432201385498046875 40.607601165771484375 41.2052001953125 41.92800140380859375 42.956600189208984375 43.600101470947265625 43.788299560546875 43.468700408935546875 44.01110076904296875 43.8079986572265625 43.743900299072265625 44.38690185546875 44.9886016845703125 45.016998291015625 45.695598602294921875 45.731700897216796875 46.14569854736328125 46.46450042724609375 46.4925994873046875 47.0662994384765625 48.461200714111328125 48.731098175048828125 48.392299652099609375 48.584400177001953125 49.623199462890625 49.34040069580078125 50.095798492431640625 49.9076995849609375 50.607898712158203125 51.173000335693359375 50.924999237060546875 51.105701446533203125 51.33390045166015625 51.969600677490234375 52.75189971923828125 53.095401763916015625 52.78179931640625 53.396198272705078125
37.061199188232421875 37.44770050048828125 37.925998687744140625 38.34870147705078125 39.102100372314453125 39.441501617431640625 39.718700408935546875 40.395000457763671875 40.96939849853515625 40.95330047607421875 41.493801116943359375 41.49539947509765625 41.99539947509765625 41.71070098876953125 41.860500335693359375 42.3863983154296875 42.31259918212890625 42.64739990234375 42.533901214599609375 42.790599822998046875 43.40219879150390625 43.595001220703125 43.4644012451171875 44.266998291015625 44.67150115966796875 44.713199615478515625 45.290798187255859375 45.817401885986328125 47.134998321533203125 47.3907012939453125 47.034000396728515625 47.21379852294921875 48.338001251220703125 48.98580169677734375 49.17800140380859375 48.709598541259765625 49.45800018310546875 49.980098724365234375 49.561000823974609375 49.73490142822265625 50.75579833984375 51.25299835205078125 50.953399658203125 51.10150146484375 51.088001251220703125 51.545398712158203125 52.321201324462890625 52.079498291015625 52.95059967041015625 52.729400634765625
