data/CoulombOnly/Outputs_CoulombOnly/release1HS_03CoulombOnly_null_minVoellmyv2_pfv.asc
ncols 1001
nrows 301
xllcenter 1000.00
yllcenter -5000.00
cellsize 5.00
nodata_value nan
[rows 135 to 161 of 301, columns 540 to 599 of 1001]
56.943858 56.668505 56.392486 56.115793 55.838428 55.560354 55.281494 55.001818 54.721376 54.440075 54.157864 53.874678 53.590451 53.305400 53.019298 52.731960 52.443841 52.154351 51.863943 51.572094 51.279343 50.985185 50.689674 50.393097 50.095098 49.795679 49.494841 49.192572 48.888852 48.583661 48.276969 47.968739 47.658920 47.347445 47.034242 46.719216 46.402692 46.084281 45.763894 45.441890 45.117728 44.791877 44.463964 44.133910 43.801912 43.467843 43.131555 42.793010 42.452152 42.108910 41.763213 41.415250 41.064651 40.711257 40.355425 39.996644 39.635154 39.270554 38.903308 38.532880
57.187922 56.916318 56.643917 56.370692 56.096605 55.821620 55.545691 55.268927 54.991274 54.712569 54.432743 54.152116 53.870334 53.587402 53.303530 53.018333 52.732182 52.444718 52.156037 51.866258 51.575067 51.282521 50.988894 50.693845 50.397373 50.099475 49.800140 49.499346 49.197060 48.893251 48.587868 48.280850 47.972134 47.661786 47.349891 47.036119 46.720477 46.403277 46.083895 45.762994 45.439816 45.114932 44.787915 44.458696 44.127531 43.794301 43.458848 43.121143 42.781130 42.438728 42.093941 41.746856 41.397111 41.044623 40.689759 40.331819 39.971387 39.607860 39.241245 38.871835
57.421201 57.152060 56.881993 56.610959 56.338912 56.066124 55.792291 55.517324 55.241411 54.964515 54.686302 54.407337 54.126960 53.845717 53.562997 53.279480 52.994522 52.708330 52.421069 52.132406 51.842357 51.551038 51.258495 50.964527 50.669126 50.372276 50.073954 49.774124 49.472748 49.169775 48.865235 48.559243 48.251518 47.941962 47.630757 47.317896 47.002941 46.686524 46.367864 46.047650 45.725182 45.400891 45.074584 44.746070 44.415370 44.082591 43.747652 43.410407 43.070834 42.728893 42.384743 42.038074 41.688726 41.336890 40.982407 40.625132 40.265033 39.902197 39.536252 39.167200
57.630792 57.362998 57.094440 56.824826 56.554096 56.282525 56.009940 55.736070 55.461527 55.185589 54.908792 54.630617 54.351590 54.071098 53.789680 53.506958 53.222832 52.937702 52.651276 52.363463 52.074283 51.783736 51.491844 51.198640 50.903975 50.607821 50.310163 50.011105 49.710497 49.408284 49.104389 48.798725 48.491630 48.182784 47.871934 47.559691 47.245318 46.929321 46.611129 46.291363 45.969350 45.645330 45.319445 44.991346 44.661048 44.328544 43.993818 43.656834 43.317539 42.975864 42.631734 42.285058 41.935779 41.584214 41.229655 40.872696 40.512635 40.149902 39.784222 39.415426
57.802796 57.536088 57.268753 57.000260 56.730587 56.460246 56.188559 55.916019 55.642226 55.367487 55.091403 54.814475 54.536098 54.256697 53.976121 53.694150 53.410884 53.126593 52.840906 52.553823 52.265358 51.975512 51.684277 51.391636 51.097559 50.802010 50.504946 50.206315 49.906050 49.604072 49.300763 48.995711 48.688735 48.380280 48.069952 47.757764 47.443837 47.127960 46.810098 46.490490 46.168661 45.844751 45.519017 45.191050 44.860854 44.528427 44.193744 43.856762 43.517417 43.175631 42.831303 42.484428 42.135224 41.783181 41.428514 41.071136 40.710990 40.347769 39.981802 39.612812
57.934270 57.668804 57.402652 57.135324 56.866875 56.597570 56.326910 56.055458 55.782634 55.508823 55.233840 54.957413 54.680210 54.401599 54.121596 53.840396 53.558075 53.274359 52.989252 52.702759 52.414870 52.125569 51.834836 51.542637 51.248954 50.953737 50.656934 50.358475 50.058478 49.757033 49.453757 49.148586 48.842110 48.533520 48.223344 47.911143 47.597269 47.281127 46.963510 46.643669 46.321639 45.997750 45.671790 45.343599 45.013173 44.680485 44.345495 44.008152 43.668391 43.326123 42.981332 42.634263 42.284397 41.931708 41.576600 41.218337 40.857579 40.493786 40.126905 39.756992
58.030893 57.766815 57.501516 57.235388 56.967791 56.699493 56.429711 56.159052 55.887098 55.613794 55.339653 55.064050 54.787034 54.509071 54.229778 53.949081 53.666997 53.383533 53.098686 52.812456 52.524822 52.235761 51.945238 51.653214 51.359641 51.064456 50.767586 50.468966 50.169100 49.867416 49.563765 49.258746 48.951747 48.642976 48.332383 48.019933 47.705394 47.389245 47.070855 46.750321 46.428091 46.103639 45.776974 45.448093 45.116977 44.783591 44.447879 44.109770 43.769180 43.425999 43.080446 42.732384 42.381415 42.027957 41.671591 41.312497 40.950223 40.585381 40.217335 39.846154
58.098340 57.834889 57.570538 57.304822 57.038053 56.770094 56.500678 56.230473 55.958710 55.685671 55.411695 55.136254 54.859391 54.581158 54.301911 54.021229 53.739117 53.455574 53.170595 52.884158 52.596233 52.306790 52.015783 51.723154 51.429158 51.133618 50.836322 50.537168 50.236577 49.934265 49.629840 49.324169 49.016253 48.706841 48.395122 48.082007 47.766597 47.449184 47.130031 46.808659 46.485096 46.159365 45.831460 45.501373 45.169053 44.834463 44.497533 44.158173 43.816278 43.471721 43.124630 42.775108 42.422541 42.067572 41.709443 41.348811 40.984929 40.618056 40.248309 39.875295
58.135036 57.871790 57.607029 57.341562 57.074466 56.806256 56.536950 56.266097 55.993904 55.720781 55.446146 55.170042 54.892522 54.613718 54.333727 54.052276 53.769366 53.484987 53.199115 52.911722 52.622763 52.332326 52.040529 51.747078 51.451895 51.154882 50.856515 50.556443 50.254283 49.950829 49.645284 49.338048 49.028835 48.717904 48.404680 48.090067 47.773170 47.454064 47.133203 46.810261 46.485098 46.157717 45.828107 45.496237 45.162057 44.825494 44.486460 44.144846 43.801109 43.454679 43.105335 42.753710 42.399054 42.041780 41.681336 41.318382 40.952183 40.582802 40.210422 39.834906
58.129263 57.865017 57.599211 57.332819 57.064825 56.795295 56.524873 56.253149 55.979928 55.705248 55.429130 55.151898 54.873304 54.593229 54.311677 54.028659 53.744171 53.458189 53.170679 52.881592 52.590868 52.298967 52.005413 51.710088 51.412887 51.114371 50.814124 50.511720 50.208189 49.902371 49.595083 49.285546 48.974585 48.661244 48.346259 48.029275 47.710052 47.388657 47.065585 46.740275 46.412734 46.082944 45.750875 45.416476 45.079671 44.740368 44.398951 44.054978 43.708229 43.358918 43.007117 42.652233 42.294983 41.934574 41.571279 41.205189 40.835863 40.463344 40.087635 39.708700
58.058557 57.791963 57.524895 57.256300 56.986168 56.714594 56.442325 56.168556 55.893324 55.616655 55.338563 55.059060 54.778145 54.495809 54.212036 53.926802 53.640080 53.351840 53.062059 52.770670 52.477591 52.182736 51.886806 51.589086 51.289349 50.988212 50.685352 50.380361 50.074148 49.765528 49.455605 49.143451 48.829347 48.513619 48.195605 47.875384 47.553504 47.229480 46.903237 46.574782 46.244101 45.911161 45.575901 45.238243 44.898086 44.555667 44.210892 43.863312 43.513094 43.160483 42.804743 42.446662 42.085448 41.721252 41.354395 40.984307 40.611013 40.234508 39.854755 39.471694
57.888802 57.619774 57.349119 57.077336 56.804811 56.530750 56.255219 55.978270 55.699936 55.420231 55.139165 54.856764 54.572913 54.287670 54.000984 53.712803 53.423071 53.131725 52.838691 52.543888 52.247403 51.949896 51.650428 51.348832 51.046323 50.741618 50.435225 50.127123 49.817124 49.505204 49.191706 48.875819 48.558357 48.238978 47.917369 47.593592 47.267694 46.939866 46.609881 46.277605 45.942998 45.606141 45.267121 44.925652 44.581594 44.234780 43.885899 43.534184 43.179693 42.822687 42.462753 42.099836 41.734366 41.365676 40.993821 40.618824 40.240665 39.859281 39.474586 39.086454
57.354561 57.099242 56.841403 56.582208 56.319959 56.056220 55.789877 55.520620 55.250339 54.977135 54.701322 54.422937 54.143213 53.860818 53.576019 53.288825 52.999416 52.707721 52.413818 52.117601 51.819885 51.520196 51.218156 50.913609 50.608272 50.300242 49.990513 49.678738 49.365186 49.049161 48.732001 48.412358 48.090423 47.766975 47.441449 47.113701 46.783762 46.451636 46.117290 45.780665 45.441680 45.100223 44.756404 44.410530 44.061870 43.710331 43.356830 42.999941 42.641012 42.278699 41.913801 41.546005 41.175002 40.800841 40.423525 40.043013 39.659225 39.272039 38.881298 38.486793
58.076393 57.698816 57.318444 56.935203 56.548995 56.159734 55.767350 55.371810 54.973015 54.570848 54.165221 53.756062 53.343315 52.926813 52.506487 52.082251 51.654008 51.221572 50.784821 50.357375 50.078351 49.797815 49.515739 49.232111 48.946883 48.659988 48.371350 48.080869 47.788436 47.493912 47.197540 46.899130 46.598211 46.295413 45.989944 45.682354 45.371870 45.059198 44.743741 44.425397 44.104171 43.780039 43.452978 43.122871 42.789686 42.453271 42.113460 41.770043 41.423371 41.073095 40.719084 40.361358 39.999982 39.634505 39.264982 38.891473 38.513890 38.132034 37.745987 37.355474
59.388283 59.009914 58.628663 58.244545 57.857401 57.467189 57.073829 56.677242 56.277391 55.874067 55.467245 55.056764 54.642610 54.224665 53.802756 53.376747 52.946619 52.512223 52.073346 51.629864 51.181781 50.728754 50.270648 49.807458 49.338784 48.864542 48.384562 47.898484 47.406317 46.907616 46.402219 45.889892 45.370224 44.843147 44.308062 43.764902 43.213079 42.652355 42.082237 41.580599 41.248597 40.914316 40.577619 40.238480 39.896795 39.552447 39.205298 38.855369 38.502546 38.146646 37.787641 37.425469 37.059887 36.690833 36.318222 35.941949 35.561878 35.177844 34.789652 34.397203
61.650206 61.279275 60.905929 60.530070 60.151578 59.770412 59.386462 58.999572 58.609812 58.216942 57.820874 57.421517 57.018862 56.612705 56.202939 55.789449 55.372115 54.950811 54.525402 54.095746 53.661690 53.223074 52.779725 52.331589 51.878386 51.419898 50.955903 50.486308 50.010865 49.529191 49.041205 48.546578 48.044893 47.536133 47.019585 46.495315 45.962537 45.421133 44.870513 44.310071 43.739654 43.158374 42.565597 41.960659 41.342970 40.711562 40.065453 39.403601 38.724826 38.027787 37.310953 36.572755 35.811164 35.023723 34.207675 33.360420 32.897842 32.491907 32.081482 31.666239
59.388298 59.009883 58.628682 58.244521 57.857395 57.467190 57.073808 56.677248 56.277356 55.874076 55.467228 55.056761 54.642600 54.224658 53.802742 53.376739 52.946609 52.512211 52.073330 51.629861 51.181764 50.728736 50.270644 49.807445 49.338768 48.864528 48.384548 47.898467 47.406299 46.907596 46.402199 45.889870 45.370202 44.843123 44.308038 43.764877 43.213053 42.652329 42.082209 41.580584 41.248582 40.914301 40.577604 40.238466 39.896780 39.552431 39.205283 38.855354 38.502531 38.146631 37.787626 37.425454 37.059872 36.690818 36.318207 35.941934 35.561863 35.177829 34.789637 34.397189
58.076383 57.698808 57.318435 56.935192 56.548983 56.159723 55.767338 55.371799 54.973004 54.570838 54.165209 53.756047 53.343299 52.926797 52.506471 52.082236 51.653992 51.221557 50.784808 50.357316 50.078292 49.797757 49.515680 49.232053 48.946824 48.659928 48.371290 48.080809 47.788375 47.493850 47.197480 46.899069 46.598148 46.295353 45.989882 45.682294 45.371811 45.059137 44.743682 44.425339 44.104114 43.779983 43.452919 43.122815 42.789631 42.453216 42.113404 41.769986 41.423317 41.073040 40.719032 40.361303 39.999929 39.634453 39.264932 38.891420 38.513837 38.131985 37.745937 37.355424
57.354548 57.099225 56.841392 56.582191 56.319948 56.056202 55.789863 55.520599 55.250321 54.977120 54.701309 54.422915 54.143192 53.860800 53.576001 53.288807 52.999398 52.707702 52.413797 52.117579 51.819869 51.520178 51.218135 50.913584 50.608251 50.300218 49.990492 49.678713 49.365163 49.049133 48.731975 48.412334 48.090399 47.766946 47.441420 47.113672 46.783733 46.451606 46.117260 45.780634 45.441647 45.100189 44.756374 44.410498 44.061835 43.710299 43.356796 42.999903 42.640976 42.278664 41.913763 41.545967 41.174965 40.800804 40.423487 40.042975 39.659187 39.272000 38.881257 38.486751
57.888757 57.619732 57.349078 57.077288 56.804765 56.530705 56.255176 55.978227 55.699894 55.420189 55.139123 54.856714 54.572863 54.287627 54.000939 53.712758 53.423025 53.131678 52.838642 52.543837 52.247357 51.949848 51.650377 51.348779 51.046274 50.741566 50.435176 50.127070 49.817074 49.505151 49.191654 48.875769 48.558302 48.238925 47.917317 47.593540 47.267642 46.939810 46.609824 46.277548 45.942940 45.606088 45.267067 44.925597 44.581537 44.234721 43.885843 43.534125 43.179636 42.822628 42.462696 42.099775 41.734306 41.365616 40.993763 40.618766 40.240606 39.859222 39.474526 39.086392
58.058480 57.791888 57.524814 57.256221 56.986091 56.714510 56.442243 56.168475 55.893244 55.616575 55.338484 55.058981 54.778067 54.495730 54.211956 53.926723 53.640000 53.351759 53.061977 52.770586 52.477507 52.182649 51.886725 51.589002 51.289263 50.988129 50.685267 50.380280 50.074063 49.765445 49.455519 49.143367 48.829259 48.513533 48.195520 47.875300 47.553416 47.229392 46.903150 46.574694 46.244013 45.911073 45.575812 45.238153 44.897995 44.555579 44.210803 43.863221 43.513006 43.160392 42.804654 42.446570 42.085357 41.721158 41.354302 40.984214 40.610921 40.234415 39.854661 39.471600
58.129154 57.864910 57.599099 57.332709 57.064716 56.795189 56.524760 56.253038 55.979818 55.705139 55.429022 55.151783 54.873189 54.593115 54.311563 54.028544 53.744056 53.458074 53.170563 52.881474 52.590749 52.298854 52.005297 51.709971 51.412767 51.114256 50.814007 50.511599 50.208072 49.902250 49.594965 49.285424 48.974466 48.661127 48.346137 48.029155 47.709933 47.388539 47.065461 46.740151 46.412611 46.082821 45.750751 45.416351 45.079545 44.740241 44.398828 44.054853 43.708102 43.358794 43.006990 42.652108 42.294855 41.934447 41.571149 41.205060 40.835734 40.463216 40.087506 39.708571
58.134904 57.871661 57.606894 57.341429 57.074336 56.806120 56.536816 56.265965 55.993765 55.720643 55.446010 55.169907 54.892388 54.613576 54.333585 54.052134 53.769224 53.484844 53.198971 52.911577 52.622617 52.332186 52.040388 51.746935 51.451750 51.154734 50.856372 50.556296 50.254134 49.950683 49.645134 49.337901 49.028685 48.717756 48.404527 48.089917 47.773021 47.453916 47.133050 46.810108 46.484945 46.157564 45.827954 45.496084 45.161903 44.825338 44.486303 44.144687 43.800954 43.454521 43.105175 42.753552 42.398893 42.041622 41.681173 41.318221 40.952023 40.582642 40.210257 39.834740
58.098200 57.834752 57.570395 57.304682 57.037907 56.769950 56.500529 56.230325 55.958564 55.685518 55.411543 55.136104 54.859242 54.581001 54.301755 54.021073 53.738961 53.455417 53.170438 52.884000 52.596074 52.306629 52.015621 51.722990 51.428999 51.133457 50.836158 50.537001 50.236415 49.934100 49.629671 49.324003 49.016083 48.706674 48.394950 48.081838 47.766430 47.449011 47.129859 46.808488 46.484926 46.159195 45.831290 45.501196 45.168882 44.834291 44.497359 44.157998 43.816100 43.471541 43.124454 42.774928 42.422358 42.067392 41.709258 41.348628 40.984748 40.617870 40.248123 39.875109
58.030771 57.766688 57.501392 57.235258 56.967664 56.699359 56.429580 56.158913 55.886961 55.613650 55.339510 55.063909 54.786894 54.508922 54.229630 53.948933 53.666849 53.383384 53.098537 52.812305 52.524671 52.235608 51.945084 51.653057 51.359482 51.064294 50.767421 50.468799 50.168938 49.867250 49.563595 49.258580 48.951576 48.642809 48.332211 48.019764 47.705219 47.389071 47.070683 46.750142 46.427913 46.103462 45.776797 45.447916 45.116799 44.783412 44.447699 44.109588 43.768995 43.425813 43.080264 42.732199 42.381226 42.027772 41.671400 41.312309 40.950029 40.585189 40.217143 39.845963
57.934192 57.668719 57.402570 57.135235 56.866789 56.597476 56.326818 56.055359 55.782536 55.508717 55.233735 54.957309 54.680097 54.401486 54.121484 53.840274 53.557953 53.274236 52.989128 52.702634 52.414743 52.125441 51.834705 51.542504 51.248818 50.953599 50.656792 50.358330 50.058338 49.756890 49.453609 49.148442 48.841962 48.533365 48.223193 47.910986 47.597114 47.280974 46.963350 46.643510 46.321482 45.997584 45.671625 45.343433 45.013006 44.680317 44.345326 44.007981 43.668218 43.325948 42.981161 42.634089 42.284219 41.931534 41.576421 41.218160 40.857396 40.493605 40.126724 39.756803
57.802782 57.536075 57.268732 57.000233 56.730561 56.460212 56.188517 55.915978 55.642177 55.367437 55.091344 54.814417 54.536039 54.256629 53.976053 53.694080 53.410804 53.126512 52.840823 52.553739 52.265272 51.975424 51.684186 51.391542 51.097461 50.801909 50.504842 50.206206 49.905937 49.603954 49.300650 48.995592 48.688611 48.380159 48.069825 47.757639 47.443706 47.127830 46.809960 46.490353 46.168525 45.844607 45.518873 45.190905 44.860709 44.528280 44.193596 43.856611 43.517264 43.175474 42.831143 42.484273 42.135064 41.783016 41.428352 41.070968 40.710824 40.347603 39.981629 39.612638
