data/CoulombOnly/Outputs_CoulombOnly/release1HS_03CoulombOnly_null_openFOAMmu_pfv.asc
ncols        1001
nrows        301
xllcorner    1000.00
yllcorner    -5000.00
cellsize     5.0000
NODATA_value -9999.0000
[rows 126 to 146 of 301, columns 611 to 657 of 1001]
27.015115737915039062 25.918386459350585938 25.20159149169921875 24.944875717163085938 25.691381454467773438 24.64447784423828125 24.480588912963867188 24.273891448974609375 24.531621932983398438 23.392240524291992188 23.764820098876953125 23.658763885498046875 23.526336669921875 23.161371231079101562 21.760166168212890625 22.640979766845703125 22.4036712646484375 22.021425247192382812 21.644464492797851562 21.488529205322265625 18.922626495361328125 20.4585418701171875 20.9210052490234375 20.289196014404296875 20.292264938354492188 19.365772247314453125 19.487665176391601562 19.467418670654296875 19.388643264770507812 19.237470626831054688 18.722867965698242188 18.766786575317382812 14.018808364868164062 16.128053665161132812 16.36638641357421875 16.481531143188476562 15.195532798767089844 15.301824569702148438 13.946185111999511719 14.4597930908203125 13.240227699279785156 12.017106056213378906 7.8257040977478027344 8.3119449615478515625 7.1698718070983886719 5.6048126220703125 4.6277217864990234375
26.799617767333984375 26.573728561401367188 26.445951461791992188 26.462749481201171875 25.878068923950195312 25.91551971435546875 25.73455047607421875 25.342311859130859375 24.992664337158203125 20.295259475708007812 24.627325057983398438 24.065265655517578125 24.085447311401367188 22.576696395874023438 23.486660003662109375 22.81482696533203125 22.72124481201171875 21.023906707763671875 21.213100433349609375 22.268474578857421875 22.112237930297851562 21.40747833251953125 21.2734222412109375 21.426706314086914062 20.220884323120117188 18.691875457763671875 18.856943130493164062 19.053134918212890625 18.04632568359375 19.248119354248046875 17.854730606079101562 18.320970535278320312 18.275812149047851562 13.59932708740234375 13.595810890197753906 12.374567031860351562 14.697107315063476562 11.742889404296875 13.526975631713867188 13.959712028503417969 12.314422607421875 10.23538970947265625 7.8863091468811035156 9.4779720306396484375 9.8207111358642578125 6.7937293052673339844 5.3895573616027832031
28.53386688232421875 30.85015869140625 27.051036834716796875 28.256378173828125 27.217466354370117188 26.557275772094726562 26.185779571533203125 26.131597518920898438 25.85971832275390625 25.9640960693359375 25.057363510131835938 24.194126129150390625 24.31951141357421875 23.714166641235351562 23.455440521240234375 23.609439849853515625 23.191751480102539062 22.821668624877929688 21.917802810668945312 22.10195159912109375 21.844614028930664062 20.161180496215820312 20.608125686645507812 20.685201644897460938 19.076473236083984375 19.424943923950195312 19.565713882446289062 18.097560882568359375 18.503671646118164062 18.648874282836914062 17.209596633911132812 15.723031044006347656 17.68627166748046875 14.433767318725585938 16.356458663940429688 15.10022735595703125 11.861971855163574219 14.089865684509277344 9.3594713211059570312 13.799890518188476562 8.39426422119140625 9.936004638671875 10.875703811645507812 7.53339385986328125 6.7288489341735839844 8.1111354827880859375 6.2513332366943359375
29.441987991333007812 29.34479522705078125 28.190807342529296875 28.693845748901367188 28.50330352783203125 28.204023361206054688 26.416271209716796875 27.33380889892578125 26.460081100463867188 26.862173080444335938 26.800806045532226562 26.303522109985351562 25.333532333374023438 24.47383880615234375 24.584287643432617188 23.655466079711914062 24.22029876708984375 22.734533309936523438 22.12714385986328125 24.590755462646484375 22.56632232666015625 19.305318832397460938 18.194255828857421875 20.99405670166015625 20.070573806762695312 19.100292205810546875 19.952035903930664062 19.72403717041015625 16.138454437255859375 18.15665435791015625 18.9864959716796875 16.59296417236328125 17.780435562133789062 13.611847877502441406 15.694538116455078125 17.123277664184570312 14.532619476318359375 11.82559967041015625 13.360106468200683594 13.234651565551757812 12.063709259033203125 13.343852996826171875 10.678110122680664062 8.2745733261108398438 7.3376002311706542969 7.09844970703125 6.7391996383666992188
28.033199310302734375 29.942722320556640625 28.029497146606445312 31.292409896850585938 32.879833221435546875 27.292745590209960938 26.837720870971679688 25.159030914306640625 27.504016876220703125 25.895050048828125 24.042438507080078125 26.913812637329101562 24.923563003540039062 24.736728668212890625 23.764072418212890625 25.240892410278320312 24.359235763549804688 23.776647567749023438 23.2959442138671875 23.427206039428710938 22.483850479125976562 21.668521881103515625 21.610071182250976562 22.049707412719726562 20.806200027465820312 19.738836288452148438 20.237407684326171875 18.457136154174804688 17.953033447265625 16.2591705322265625 17.491222381591796875 15.997204780578613281 18.08519744873046875 14.848957061767578125 16.895603179931640625 12.967998504638671875 14.238633155822753906 14.091946601867675781 11.562044143676757812 14.854763031005859375 9.7486629486083984375 9.9271173477172851562 10.661863327026367188 8.6157045364379882812 7.80699920654296875 8.142242431640625 6.9917702674865722656
28.920942306518554688 21.027765274047851562 29.787351608276367188 30.314304351806640625 29.105319976806640625 28.129014968872070312 25.494106292724609375 28.210330963134765625 25.30809783935546875 28.42562103271484375 24.26325225830078125 26.587413787841796875 24.066186904907226562 23.982324600219726562 25.5637969970703125 24.887945175170898438 23.193288803100585938 24.808521270751953125 24.022876739501953125 23.919950485229492188 17.803218841552734375 21.821004867553710938 18.41712188720703125 25.048799514770507812 20.783739089965820312 20.563787460327148438 19.917078018188476562 19.817808151245117188 19.5800628662109375 18.832235336303710938 21.508398056030273438 17.577733993530273438 17.870538711547851562 18.318450927734375 14.98529052734375 17.160003662109375 14.083430290222167969 14.794682502746582031 12.224267959594726562 16.275861740112304688 15.146098136901855469 11.796723365783691406 13.88140106201171875 10.596920013427734375 10.400757789611816406 8.5159864425659179688 8.4944334030151367188
32.15393829345703125 28.450099945068359375 26.691946029663085938 31.643035888671875 27.335668563842773438 30.85102081298828125 29.181789398193359375 28.108791351318359375 26.791286468505859375 24.486333847045898438 27.4490814208984375 27.938737869262695312 26.083379745483398438 19.48377227783203125 26.65167236328125 26.385789871215820312 25.346731185913085938 22.844081878662109375 24.850130081176757812 23.877595901489257812 24.247922897338867188 22.885503768920898438 22.190847396850585938 23.340940475463867188 22.677331924438476562 20.992525100708007812 20.720190048217773438 24.041067123413085938 20.169847488403320312 19.014238357543945312 22.474359512329101562 19.06610107421875 16.056243896484375 20.14969635009765625 18.407764434814453125 15.194854736328125 16.877986907958984375 17.75728607177734375 13.928135871887207031 11.652894973754882812 14.77378082275390625 10.832208633422851562 13.480080604553222656 10.050704002380371094 12.417459487915039062 9.7881994247436523438 11.478911399841308594
27.355798721313476562 30.733755111694335938 31.254991531372070312 33.1186676025390625 31.6314697265625 26.736482620239257812 29.489133834838867188 29.700056076049804688 28.131778717041015625 29.10799407958984375 26.525846481323242188 27.698934555053710938 31.038692474365234375 25.815731048583984375 25.44512176513671875 26.12567138671875 26.35794830322265625 25.152271270751953125 26.256612777709960938 25.944131851196289062 25.170726776123046875 24.051721572875976562 24.495286941528320312 22.591527938842773438 25.438692092895507812 21.625204086303710938 21.486021041870117188 21.376399993896484375 20.4614105224609375 20.525365829467773438 18.575056076049804688 22.488677978515625 19.594989776611328125 17.165496826171875 19.091924667358398438 18.83908843994140625 18.796205520629882812 17.911539077758789062 15.89707183837890625 16.041225433349609375 13.397196769714355469 14.589762687683105469 12.23685455322265625 15.636499404907226562 11.320036888122558594 14.5324554443359375 10.294880867004394531
29.653734207153320312 32.84061431884765625 30.747406005859375 32.606258392333984375 28.11620330810546875 31.171178817749023438 29.835071563720703125 29.1357879638671875 32.415515899658203125 28.118297576904296875 29.713808059692382812 27.946441650390625 27.832235336303710938 24.986743927001953125 26.589979171752929688 24.19055938720703125 26.209400177001953125 26.3312530517578125 23.897367477416992188 24.07830810546875 23.926631927490234375 27.325933456420898438 23.2594146728515625 24.312982559204101562 21.71553802490234375 21.732799530029296875 21.666517257690429688 21.859266281127929688 21.497842788696289062 20.630092620849609375 20.325651168823242188 18.78897857666015625 19.513866424560546875 19.330799102783203125 16.999660491943359375 18.701467514038085938 18.4910430908203125 17.368785858154296875 17.27585601806640625 17.549892425537109375 14.253933906555175781 14.560964584350585938 15.150576591491699219 15.140039443969726562 10.388357162475585938 11.718682289123535156 9.7802276611328125
32.0999298095703125 30.37786102294921875 32.903324127197265625 31.373630523681640625 33.244525909423828125 30.675489425659179688 29.855695724487304688 30.029956817626953125 32.191436767578125 33.95395660400390625 30.342374801635742188 27.932596206665039062 29.352024078369140625 30.461297988891601562 27.638025283813476562 28.963863372802734375 24.571344375610351562 28.355648040771484375 24.263227462768554688 27.018354415893554688 26.318895339965820312 27.165788650512695312 23.970943450927734375 20.897760391235351562 24.747961044311523438 25.559574127197265625 21.598070144653320312 22.479253768920898438 21.691982269287109375 21.743696212768554688 21.43372344970703125 20.66471099853515625 22.560573577880859375 20.5003509521484375 19.952154159545898438 19.95708465576171875 18.762582778930664062 17.37686920166015625 18.84136962890625 17.662931442260742188 18.061496734619140625 17.8120574951171875 13.042906761169433594 16.739353179931640625 15.561951637268066406 11.752885818481445312 12.602301597595214844
32.604763031005859375 32.298336029052734375 32.659107208251953125 31.69466400146484375 33.752658843994140625 31.568973541259765625 30.787046432495117188 31.79010009765625 29.773748397827148438 35.302059173583984375 29.534709930419921875 29.867425918579101562 29.398744583129882812 28.208860397338867188 28.210458755493164062 28.664539337158203125 28.321573257446289062 26.899700164794921875 24.967020034790039062 26.552583694458007812 26.679731369018554688 25.48479461669921875 26.935380935668945312 23.55643463134765625 23.6578216552734375 23.951154708862304688 25.550203323364257812 24.606479644775390625 22.577091217041015625 21.34763336181640625 21.29534912109375 21.972280502319335938 18.553531646728515625 21.6845245361328125 18.892160415649414062 21.254564285278320312 19.348272323608398438 16.6142120361328125 20.483621597290039062 18.5069732666015625 16.22946929931640625 19.109851837158203125 17.294954299926757812 15.87999725341796875 18.04615020751953125 16.311244964599609375 14.847734451293945312
36.910015106201171875 31.250055313110351562 34.422603607177734375 33.749187469482421875 30.0415802001953125 33.673267364501953125 30.931148529052734375 28.739276885986328125 33.230499267578125 29.382160186767578125 28.915401458740234375 29.599140167236328125 28.984630584716796875 27.320898056030273438 31.640890121459960938 28.188554763793945312 27.853118896484375 26.746059417724609375 25.740289688110351562 30.45235443115234375 25.136308670043945312 28.50634002685546875 23.142368316650390625 29.37445068359375 24.755962371826171875 23.533834457397460938 25.199716567993164062 24.305980682373046875 24.270397186279296875 23.568767547607421875 21.9146881103515625 21.570554733276367188 23.807260513305664062 21.593135833740234375 21.444589614868164062 19.694532394409179688 23.437231063842773438 18.82332611083984375 21.459413528442382812 23.010107040405273438 16.049053192138671875 17.727136611938476562 19.807310104370117188 16.205888748168945312 17.512920379638671875 17.132604598999023438 16.281599044799804688
35.195964813232421875 31.437633514404296875 33.353710174560546875 33.8907623291015625 31.472370147705078125 33.8134613037109375 34.512516021728515625 30.895044326782226562 32.657642364501953125 29.74987030029296875 29.3535614013671875 30.033201217651367188 31.931783676147460938 29.158000946044921875 28.138700485229492188 32.23769378662109375 30.37653350830078125 28.027841567993164062 26.784799575805664062 28.563764572143554688 30.274883270263671875 24.915073394775390625 25.420278549194335938 25.606786727905273438 28.480915069580078125 25.097558975219726562 24.930891036987304688 23.662059783935546875 25.336759567260742188 24.58499908447265625 24.789640426635742188 22.4950408935546875 24.579599380493164062 22.360429763793945312 21.342960357666015625 22.927137374877929688 21.6405487060546875 19.286813735961914062 21.477262496948242188 24.16231536865234375 20.030378341674804688 19.584667205810546875 20.038005828857421875 18.864683151245117188 18.100172042846679688 14.424866676330566406 14.531412124633789062
35.673099517822265625 34.587646484375 30.628530502319335938 32.135204315185546875 29.780706405639648438 33.662540435791015625 31.559797286987304688 29.523101806640625 30.8179473876953125 29.740980148315429688 29.503963470458984375 33.751361846923828125 30.633913040161132812 29.239057540893554688 29.542482376098632812 30.322206497192382812 29.916128158569335938 27.900287628173828125 26.703586578369140625 28.714174270629882812 31.661434173583984375 29.02892303466796875 29.606658935546875 26.766103744506835938 30.367540359497070312 24.344476699829101562 23.49304962158203125 25.286725997924804688 29.186178207397460938 25.3027496337890625 23.821847915649414062 23.1425628662109375 24.036373138427734375 23.941801071166992188 19.630533218383789062 22.304761886596679688 22.970407485961914062 23.016374588012695312 22.124570846557617188 21.217418670654296875 16.55786895751953125 16.139932632446289062 14.864308357238769531 20.733560562133789062 16.797939300537109375 19.526317596435546875 18.093671798706054688
37.112842559814453125 32.79053497314453125 34.199413299560546875 31.920598983764648438 31.275608062744140625 34.76416015625 32.962368011474609375 36.376064300537109375 30.632953643798828125 29.814762115478515625 32.742351531982421875 28.64020538330078125 33.928279876708984375 30.928838729858398438 28.238775253295898438 31.009057998657226562 28.62502288818359375 28.25240325927734375 27.15457916259765625 28.447254180908203125 29.328531265258789062 32.0878753662109375 24.706966400146484375 25.195920944213867188 29.861822128295898438 26.225147247314453125 25.79522705078125 24.735265731811523438 28.387006759643554688 25.196207046508789062 25.30342864990234375 23.122135162353515625 23.907255172729492188 24.396112442016601562 24.516653060913085938 23.715993881225585938 21.946207046508789062 23.286594390869140625 23.323160171508789062 21.815975189208984375 22.028291702270507812 16.302297592163085938 21.595380783081054688 18.902679443359375 15.244271278381347656 20.389980316162109375 17.585111618041992188
35.6091461181640625 37.242950439453125 36.138393402099609375 33.677013397216796875 33.9229888916015625 33.975170135498046875 35.019756317138671875 31.898218154907226562 32.7530364990234375 32.987895965576171875 33.603302001953125 30.075181961059570312 31.047992706298828125 31.750242233276367188 32.014156341552734375 31.842998504638671875 28.916950225830078125 33.51757049560546875 28.159799575805664062 31.31458282470703125 29.196973800659179688 27.0518951416015625 27.777568817138671875 27.332021713256835938 29.809844970703125 27.891553878784179688 31.031919479370117188 25.29520416259765625 27.998357772827148438 25.04094696044921875 25.702554702758789062 25.426540374755859375 24.03851318359375 24.008453369140625 24.764875411987304688 24.70516204833984375 23.381464004516601562 23.546634674072265625 23.619022369384765625 23.370697021484375 21.739658355712890625 21.524740219116210938 22.463115692138671875 21.084735870361328125 20.624261856079101562 16.012714385986328125 21.203495025634765625
36.11025238037109375 36.501056671142578125 32.80960845947265625 35.68276214599609375 33.97735595703125 33.60512542724609375 35.39229583740234375 35.2522430419921875 29.556365966796875 31.090557098388671875 31.105083465576171875 30.857259750366210938 36.794826507568359375 34.9666900634765625 30.159093856811523438 32.14669036865234375 31.702234268188476562 30.473850250244140625 29.056604385375976562 31.9785614013671875 30.050092697143554688 27.551847457885742188 33.031162261962890625 30.557003021240234375 27.636701583862304688 26.309629440307617188 27.1080322265625 26.84822845458984375 23.779996871948242188 24.594278335571289062 25.883428573608398438 26.157903671264648438 25.324213027954101562 23.615306854248046875 25.083475112915039062 25.275217056274414062 24.44237518310546875 23.156963348388671875 24.012401580810546875 24.102304458618164062 21.508726119995117188 22.833492279052734375 23.027444839477539062 20.305830001831054688 17.57848358154296875 21.645843505859375 21.846849441528320312
36.626117706298828125 36.70844268798828125 38.030315399169921875 36.018787384033203125 32.793170928955078125 28.190576553344726562 35.521106719970703125 36.448078155517578125 32.955608367919921875 32.453533172607421875 33.515857696533203125 33.15337371826171875 32.86135101318359375 34.72510528564453125 30.581409454345703125 32.15399169921875 31.615446090698242188 28.961544036865234375 30.419855117797851562 30.122941970825195312 28.0927581787109375 28.399721145629882812 30.374361038208007812 27.860872268676757812 26.978496551513671875 30.298101425170898438 31.881666183471679688 24.306974411010742188 25.44367218017578125 29.187032699584960938 30.646709442138671875 24.27265167236328125 23.213653564453125 25.903778076171875 26.4358673095703125 24.500701904296875 20.161102294921875 20.670454025268554688 21.667493820190429688 23.945505142211914062 18.147844314575195312 22.958890914916992188 23.335407257080078125 17.9801025390625 18.614652633666992188 22.075696945190429688 19.901660919189453125
35.648853302001953125 36.347324371337890625 35.742656707763671875 33.81310272216796875 31.994382858276367188 33.838314056396484375 32.150447845458984375 33.80794525146484375 31.917245864868164062 33.834529876708984375 32.862152099609375 33.641468048095703125 33.189998626708984375 31.509548187255859375 31.894865036010742188 31.437162399291992188 30.419275283813476562 33.7241058349609375 29.2527923583984375 29.665609359741210938 28.971372604370117188 28.268121719360351562 28.3890838623046875 27.860858917236328125 28.341001510620117188 26.87514495849609375 28.164722442626953125 28.134622573852539062 26.146848678588867188 25.886373519897460938 30.700824737548828125 27.3078460693359375 23.74173736572265625 23.941875457763671875 25.009159088134765625 26.239480972290039062 26.8065338134765625 20.513536453247070312 24.010530471801757812 25.137006759643554688 18.746004104614257812 22.719568252563476562 23.309429168701171875 23.641016006469726562 17.31264495849609375 22.003160476684570312 19.897214889526367188
36.265682220458984375 36.2418060302734375 35.390483856201171875 34.798366546630859375 31.814805984497070312 35.007171630859375 37.2003631591796875 34.70294189453125 36.004192352294921875 31.51221466064453125 34.0406646728515625 30.199388504028320312 32.21154022216796875 32.58757781982421875 30.5667266845703125 31.797357559204101562 30.595075607299804688 34.009555816650390625 30.512220382690429688 30.567098617553710938 29.176883697509765625 32.89093780517578125 27.816545486450195312 28.081325531005859375 27.806453704833984375 28.95693206787109375 28.4962615966796875 28.783308029174804688 28.327959060668945312 28.731964111328125 27.352138519287109375 25.98883819580078125 27.679552078247070312 26.852169036865234375 23.296937942504882812 25.221483230590820312 23.010021209716796875 21.727687835693359375 23.313032150268554688 24.59784698486328125 23.2429656982421875 23.402788162231445312 23.443895339965820312 18.927675247192382812 20.281246185302734375 18.495330810546875 22.558256149291992188
34.342090606689453125 35.9925537109375 34.739017486572265625 35.42749786376953125 32.1302642822265625 33.390720367431640625 35.123386383056640625 31.656524658203125 34.400165557861328125 33.169025421142578125 33.836284637451171875 33.284816741943359375 32.661579132080078125 33.34161376953125 29.295248031616210938 31.795366287231445312 31.320756912231445312 30.14067840576171875 34.443981170654296875 28.97617340087890625 28.809408187866210938 30.565357208251953125 29.04605865478515625 30.690160751342773438 29.872030258178710938 27.272657394409179688 26.183008193969726562 29.236619949340820312 29.366571426391601562 26.314785003662109375 28.544605255126953125 27.453153610229492188 28.356031417846679688 28.300695419311523438 27.097520828247070312 25.5272369384765625 26.95868682861328125 26.86624908447265625 25.849992752075195312 24.737657546997070312 25.533803939819335938 25.246339797973632812 22.901119232177734375 23.963163375854492188 24.338993072509765625 23.473758697509765625 19.67840576171875
