data/CoulombOnly/Outputs_CoulombOnly/release1HS_03CoulombOnly_null_Gerris_pft.asc
ncols        1001
nrows        301
xllcorner    997.500000000000
yllcorner    -5002.500000000000
cellsize     5.000000000000
[rows 147 to 167 of 301, columns 392 to 440 of 1001]
2.3043799400329589844 2.2931699752807617188 2.2796199321746826172 2.2684800624847412109 2.2589499950408935547 2.2484800815582275391 2.2318100929260253906 2.2283298969268798828 2.2162599563598632812 2.2066299915313720703 2.1882200241088867188 2.1783900260925292969 2.1710500717163085938 2.1614100933074951172 2.1426599025726318359 2.13694000244140625 2.1277699470520019531 2.1202900409698486328 2.1036200523376464844 2.0947899818420410156 2.0859999656677246094 2.0772800445556640625 2.0623900890350341797 2.0530400276184082031 2.0442800521850585938 2.0383501052856445312 2.0209400653839111328 2.0134499073028564453 2.0046799182891845703 1.9976999759674072266 1.980319976806640625 1.9736499786376953125 1.9722399711608886719 1.9688500165939331055 1.9833199977874755859 1.9906100034713745117 1.9924399852752685547 1.9947299957275390625 2.002880096435546875 2.0111899375915527344 2.0162699222564697266 2.0215399265289306641 2.0228700637817382812 2.0269999504089355469 2.0457699298858642578 2.0476000308990478516 2.0427999496459960938 2.0451700687408447266 2.0466399192810058594
2.4646399021148681641 2.4531800746917724609 2.4339399337768554688 2.420619964599609375 2.4098100662231445312 2.3975501060485839844 2.3752100467681884766 2.3666200637817382812 2.3538498878479003906 2.3418900966644287109 2.3214800357818603516 2.3096001148223876953 2.3000900745391845703 2.2881300449371337891 2.2668900489807128906 2.2577600479125976562 2.2468099594116210938 2.2381300926208496094 2.216609954833984375 2.2055900096893310547 2.1960599422454833984 2.1854500770568847656 2.1659801006317138672 2.1547799110412597656 2.1446499824523925781 2.1364998817443847656 2.1171898841857910156 2.1072399616241455078 2.0980000495910644531 2.0885601043701171875 2.0722200870513916016 2.0632100105285644531 2.0581800937652587891 2.0557200908660888672 2.0671699047088623047 2.0714399814605712891 2.0730800628662109375 2.07444000244140625 2.0776600837707519531 2.0858800411224365234 2.0903899669647216797 2.0934100151062011719 2.0908999443054199219 2.0953800678253173828 2.1128900051116943359 2.1122999191284179688 2.1071500778198242188 2.1079599857330322266 2.1082000732421875
2.5856699943542480469 2.5738101005554199219 2.5514800548553466797 2.5357699394226074219 2.5238499641418457031 2.5087099075317382812 2.4834198951721191406 2.4742100238800048828 2.4594399929046630859 2.4459300041198730469 2.4229700565338134766 2.4089300632476806641 2.3983600139617919922 2.3845698833465576172 2.3600599765777587891 2.3497900962829589844 2.3368599414825439453 2.3269701004028320312 2.3021500110626220703 2.2893700599670410156 2.2783799171447753906 2.2659299373626708984 2.243000030517578125 2.2299199104309082031 2.2179598808288574219 2.2085199356079101562 2.1854500770568847656 2.1735100746154785156 2.1628499031066894531 2.1518800258636474609 2.131999969482421875 2.1220800876617431641 2.1156198978424072266 2.1127901077270507812 2.1241300106048583984 2.1288499832153320312 2.1303799152374267578 2.1310100555419921875 2.1340301036834716797 2.1425499916076660156 2.147769927978515625 2.1503899097442626953 2.1463000774383544922 2.1508800983428955078 2.1665799617767333984 2.1671400070190429688 2.1602499485015869141 2.1603899002075195312 2.1601800918579101562
2.6440498828887939453 2.6288800239562988281 2.6074900627136230469 2.5916800498962402344 2.5769400596618652344 2.5615499019622802734 2.5367200374603271484 2.5251901149749755859 2.5095999240875244141 2.49691009521484375 2.4710800647735595703 2.4565100669860839844 2.4463200569152832031 2.4318900108337402344 2.4040400981903076172 2.3944799900054931641 2.3802399635314941406 2.3680698871612548828 2.3425400257110595703 2.3288099765777587891 2.3155701160430908203 2.3023900985717773438 2.2787001132965087891 2.2640900611877441406 2.2508599758148193359 2.2416100502014160156 2.2151598930358886719 2.2021799087524414062 2.1913399696350097656 2.1793100833892822266 2.1564500331878662109 2.1462600231170654297 2.1424300670623779297 2.1354100704193115234 2.1455900669097900391 2.1506500244140625 2.1498599052429199219 2.1485400199890136719 2.1523098945617675781 2.1590199470520019531 2.1620399951934814453 2.1652100086212158203 2.1601400375366210938 2.1629400253295898438 2.181610107421875 2.1804499626159667969 2.1712000370025634766 2.1718099117279052734 2.1716399192810058594
2.5890200138092041016 2.5772099494934082031 2.5554800033569335938 2.5390100479125976562 2.5277800559997558594 2.5122799873352050781 2.4861299991607666016 2.4772799015045166016 2.4611399173736572266 2.4475800991058349609 2.4233200550079345703 2.4074099063873291016 2.3967299461364746094 2.3816800117492675781 2.3549599647521972656 2.3448200225830078125 2.3300299644470214844 2.3203899860382080078 2.2931699752807617188 2.2790699005126953125 2.2679400444030761719 2.2540500164031982422 2.2297201156616210938 2.2157299518585205078 2.2026600837707519531 2.1928699016571044922 2.1678400039672851562 2.1541500091552734375 2.1420700550079345703 2.1297600269317626953 2.1078100204467773438 2.0970599651336669922 2.0899400711059570312 2.0859000682830810547 2.0953700542449951172 2.1003000736236572266 2.1008200645446777344 2.1009500026702880859 2.1020700931549072266 2.1097900867462158203 2.1147799491882324219 2.1169400215148925781 2.1132800579071044922 2.1154699325561523438 2.1240100860595703125 2.1267900466918945312 2.1240499019622802734 2.1224699020385742188 2.1210498809814453125
2.4604599475860595703 2.4489200115203857422 2.42938995361328125 2.4155199527740478516 2.4045898914337158203 2.3913199901580810547 2.3683900833129882812 2.3598001003265380859 2.3457601070404052734 2.3348500728607177734 2.3111100196838378906 2.2980499267578125 2.288330078125 2.2754299640655517578 2.2519700527191162109 2.2399399280548095703 2.2283499240875244141 2.2200300693511962891 2.1949899196624755859 2.18264007568359375 2.1717400550842285156 2.1588699817657470703 2.1366999149322509766 2.1240599155426025391 2.1120500564575195312 2.1024200916290283203 2.0793199539184570312 2.06735992431640625 2.0558300018310546875 2.0443799495697021484 2.0241100788116455078 2.0132000446319580078 2.0062499046325683594 2.0020599365234375 2.0081899166107177734 2.0127799510955810547 2.0233500003814697266 2.0212399959564208984 2.0172300338745117188 2.02667999267578125 2.0310800075531005859 2.0335099697113037109 2.0328400135040283203 2.0350899696350097656 2.0399799346923828125 2.0430400371551513672 2.0453801155090332031 2.0429599285125732422 2.0422000885009765625
2.2738900184631347656 2.2625501155853271484 2.2484500408172607422 2.2363400459289550781 2.2256600856781005859 2.2146399021148681641 2.1967899799346923828 2.1880700588226318359 2.1770000457763671875 2.1694700717926025391 2.1482100486755371094 2.1376700401306152344 2.1320500373840332031 2.1203899383544921875 2.1009800434112548828 2.0924000740051269531 2.0818300247192382812 2.0756099224090576172 2.0558400154113769531 2.0454800128936767578 2.0353500843048095703 2.0248100757598876953 2.008029937744140625 1.9972100257873535156 1.9865599870681762695 1.9802000522613525391 1.9605300426483154297 1.9501299858093261719 1.9413599967956542969 1.9312200546264648438 1.91287994384765625 1.9043400287628173828 1.9013799428939819336 1.8963500261306762695 1.9041399955749511719 1.9120999574661254883 1.9184000492095947266 1.9188899993896484375 1.9177199602127075195 1.9264099597930908203 1.9318399429321289062 1.9365500211715698242 1.9386600255966186523 1.9414999485015869141 1.9488999843597412109 1.9545400142669677734 1.9585700035095214844 1.9583300352096557617 1.9594999551773071289
2.0066199302673339844 1.9993000030517578125 1.9898099899291992188 1.9821900129318237305 1.9755599498748779297 1.9686499834060668945 1.9558800458908081055 1.9515299797058105469 1.9441599845886230469 1.9380600452423095703 1.9245599508285522461 1.9180200099945068359 1.9131000041961669922 1.9062700271606445312 1.8939100503921508789 1.8870300054550170898 1.8813799619674682617 1.8775399923324584961 1.8634599447250366211 1.8567999601364135742 1.8505699634552001953 1.843809962272644043 1.8318799734115600586 1.8244800567626953125 1.8178000450134277344 1.8120599985122680664 1.7987200021743774414 1.7917000055313110352 1.7845100164413452148 1.7777600288391113281 1.7658200263977050781 1.7589800357818603516 1.7554800510406494141 1.7543799877166748047 1.7606600522994995117 1.7670600414276123047 1.7973500490188598633 1.7877700328826904297 1.7796800136566162109 1.7898600101470947266 1.7947800159454345703 1.7976900339126586914 1.7992800474166870117 1.8022999763488769531 1.8080899715423583984 1.8121399879455566406 1.8177499771118164062 1.8175499439239501953 1.8186500072479248047
1.3252899646759033203 1.3267899751663208008 1.3327499628067016602 1.3332200050354003906 1.3340500593185424805 1.3349599838256835938 1.3370800018310546875 1.3394000530242919922 1.3397500514984130859 1.3407000303268432617 1.3414000272750854492 1.3418200016021728516 1.3433099985122680664 1.3436599969863891602 1.3447300195693969727 1.3447099924087524414 1.3452299833297729492 1.3477699756622314453 1.3462300300598144531 1.3459199666976928711 1.3458600044250488281 1.3459600210189819336 1.3464800119400024414 1.3459899425506591797 1.3454200029373168945 1.3449599742889404297 1.3451000452041625977 1.344550013542175293 1.3438199758529663086 1.3435599803924560547 1.3437999486923217773 1.3429100513458251953 1.344409942626953125 1.3477699756622314453 1.3614000082015991211 1.3713599443435668945 1.3983700275421142578 1.3964799642562866211 1.3990299701690673828 1.4113700389862060547 1.41996002197265625 1.4269499778747558594 1.4372800588607788086 1.4440599679946899414 1.453040003776550293 1.4606699943542480469 1.4735399484634399414 1.4773700237274169922 1.4823900461196899414
0.96427202224731445312 0.96922802925109863281 0.98470598459243774414 0.98595398664474487305 0.99130100011825561523 0.99348402023315429688 1.0029100179672241211 1.0096199512481689453 1.0102800130844116211 1.0185300111770629883 1.0242400169372558594 1.0259900093078613281 1.0345200300216674805 1.0347599983215332031 1.0414099693298339844 1.0466699600219726562 1.0485500097274780273 1.0573699474334716797 1.0623099803924560547 1.0641499757766723633 1.0675599575042724609 1.0688300132751464844 1.0763299465179443359 1.0798599720001220703 1.080410003662109375 1.0854300260543823242 1.0903199911117553711 1.0910700559616088867 1.0947099924087524414 1.0965199470520019531 1.1014800071716308594 1.1042599678039550781 1.1088399887084960938 1.1137499809265136719 1.1312299966812133789 1.1430499553680419922 1.1681100130081176758 1.1682699918746948242 1.1758300065994262695 1.1878199577331542969 1.1973600387573242188 1.2061699628829956055 1.2190200090408325195 1.2266000509262084961 1.2370599508285522461 1.2464900016784667969 1.2606799602508544922 1.2662999629974365234 1.2727999687194824219
0.515995025634765625 0.52864998579025268555 0.55412000417709350586 0.56626498699188232422 0.57719999551773071289 0.58812302350997924805 0.60834598541259765625 0.61779898405075073242 0.62694799900054931641 0.63548302650451660156 0.65224897861480712891 0.66018700599670410156 0.66775000095367431641 0.67514598369598388672 0.68893402814865112305 0.69545000791549682617 0.70108699798583984375 0.70804101228713989258 0.72034102678298950195 0.72650802135467529297 0.73294299840927124023 0.73875397443771362305 0.75108301639556884766 0.75714099407196044922 0.76275402307510375977 0.76834899187088012695 0.7799320220947265625 0.78590601682662963867 0.79127001762390136719 0.79728400707244873047 0.80882000923156738281 0.8142560124397277832 0.82095497846603393555 0.82896399497985839844 0.8485730290412902832 0.86000502109527587891 0.87558197975158691406 0.88508498668670654297 0.89858597517013549805 0.91255301237106323242 0.92356401681900024414 0.93347501754760742188 0.95112401247024536133 0.9609889984130859375 0.97217398881912231445 0.98239099979400634766 1.0017199516296386719 1.0093400478363037109 1.0176099538803100586
0.038772299885749816895 0.047910798341035842896 0.065788701176643371582 0.073353700339794158936 0.085705898702144622803 0.093809798359870910645 0.11623100191354751587 0.13119199872016906738 0.14004799723625183105 0.15627700090408325195 0.18244400620460510254 0.1917199939489364624 0.21008099615573883057 0.21951399743556976318 0.2520389854907989502 0.27072098851203918457 0.28638800978660583496 0.30548799037933349609 0.33632698655128479004 0.34851598739624023438 0.36282500624656677246 0.37380200624465942383 0.39774298667907714844 0.40937399864196777344 0.41965499520301818848 0.43025100231170654297 0.44938999414443969727 0.45782798528671264648 0.46680301427841186523 0.47464200854301452637 0.49146500229835510254 0.49987700581550598145 0.50885802507400512695 0.51876097917556762695 0.54147601127624511719 0.55437898635864257812 0.56867802143096923828 0.57985901832580566406 0.59912800788879394531 0.61327600479125976562 0.62604200839996337891 0.637928009033203125 0.65937197208404541016 0.67076599597930908203 0.68340301513671875 0.69530898332595825195 0.71774399280548095703 0.72795498371124267578 0.73836702108383178711
0 0 0 0 0 0 0 0 0 0 0 0 8.0944802903104573488e-05 8.0944802903104573488e-05 0.00072850298602133989334 0.0006799360271543264389 0 0 0 0 0 0 0 0 0 0 0 0 0 0 0.0076326602138578891754 0.010798599570989608765 0.012706399895250797272 0.017956400290131568909 0.031291998922824859619 0.037705000489950180054 0.049532901495695114136 0.056700099259614944458 0.077423498034477233887 0.092484198510646820068 0.10022699832916259766 0.11699999868869781494 0.14214000105857849121 0.15002000331878662109 0.16963699460029602051 0.17809399962425231934 0.20671799778938293457 0.2276429980993270874 0.23586499691009521484
0 0 0 0 0 0 0 0 0 0 0 0 8.0944802903104573488e-05 0.00016188999870792031288 0.00016188999870792031288 0.00011332300346111878753 0.00011332300346111878753 0 0 0 0 0 0 0 0 0 0 0 0 0 0.0012721100356429815292 0.003917510155588388443 0.003917510155588388443 0.0067054498940706253052 0.011499499902129173279 0.011499499902129173279 0.017705500125885009766 0.017705500125885009766 0.024585599079728126526 0.032118499279022216797 0.032118499279022216797 0.040304400026798248291 0.048693399876356124878 0.048693399876356124878 0.057955201715230941772 0.057955201715230941772 0.067532099783420562744 0.067610301077365875244 0.0097637698054313659668
0 0 0 0 0 0 0 0 0 0 0 0 0 8.0944802903104573488e-05 8.0944802903104573488e-05 0 0 0 0 0 0 0 0 0 0 0 0 0 0 0 0 0 0 0 0 0 0 0 0 0 0 0 0 0 0 0 0 0 0
0 0 0 0 0 0 0 0 0 0 0 0 0 0 8.0944802903104573488e-05 0 0 0 0 0 0 0 0 0 0 0 0 0 0 0 0 0 0 0 0 0 0 0 0 0 0 0 0 0 0 0 0 0 0
0 0 0 0 0 0 0 0 0 0 0 0 0 0 0 0 0 0 0 0 0 0 0 0 0 0 0 0 0 0 0 0 0 0 0 0 0 0 0 0 0 0 0 0 0 0 0 0 0
0 0 0 0 0 0 0 0 0 0 0 0 0 0 0 0 0 0 0 0 0 0 0 0 0 0 0 0 0 0 0 0 0 0 0 0 0 0 0 0 0 0 0 0 0 0 0 0 0
0 0 0 0 0 0 0 0 0 0 0 0 0 0 0 0 0 0 0 0 0 0 0 0 0 0 0 0 0 0 0 0 0 0 0 0 0 0 0 0 0 0 0 0 0 0 0 0 0
0 0 0 0 0 0 0 0 0 0 0 0 0 0 0 0 0 0 0 0 0 0 0 0 0 0 0 0 0 0 0 0 0 0 0 0 0 0 0 0 0 0 0 0 0 0 0 0 0
0 0 0 0 0 0 0 0 0 0 0 0 0 0 0 0 0 0 0 0 0 0 0 0 0 0 0 0 0 0 0 0 0 0 0 0 0 0 0 0 0 0 0 0 0 0 0 0 0
