data/CoulombOnly/Outputs_CoulombOnly/release1HS_03CoulombOnly_null_minVoellmyv2_pft.asc
ncols 1001
nrows 301
xllcenter 1000.00
yllcenter -5000.00
cellsize 5.00
nodata_value nan
[rows 140 to 167 of 301, columns 189 to 251 of 1001]
0.000000 0.000000 0.000000 0.000000 0.000000 0.000000 0.000000 0.000000 0.000000 0.000000 0.000000 0.000000 0.000000 0.000000 0.000000 0.000000 0.000000 0.000000 0.000000 0.000000 0.000000 0.000000 0.000000 0.000000 0.000000 0.000000 0.000000 0.000000 0.000000 0.000000 0.000000 0.000000 0.000000 0.000000 0.000000 0.000000 0.000000 0.000000 0.000000 0.000000 0.000000 0.000000 0.000000 0.000000 0.000000 0.000000 0.000000 0.000000 0.000000 0.000000 0.000000 0.000000 0.000000 0.000000 0.000000 0.000001 0.000001 0.000001 0.000001 0.000001 0.000001 0.000001 0.000001
0.000002 0.000001 0.000001 0.000001 0.000001 0.000000 0.000000 0.000000 0.000000 0.000000 0.000000 0.000000 0.000000 0.000000 0.000000 0.000000 0.000000 0.000000 0.000000 0.000000 0.000000 0.000000 0.000000 0.000000 0.000000 0.000000 0.000000 0.000000 0.000000 0.000000 0.000000 0.000000 0.000000 0.000000 0.000000 0.000000 0.000000 0.000000 0.000000 0.000000 0.000000 0.000000 0.000000 0.000000 0.000000 0.000000 0.000000 0.000000 0.000000 0.000001 0.000002 0.000004 0.000008 0.000015 0.000023 0.000033 0.000045 0.000057 0.000069 0.000079 0.000087 0.000093 0.000094
0.000022 0.000017 0.000013 0.000009 0.000007 0.000005 0.000004 0.000003 0.000002 0.000002 0.000001 0.000001 0.000001 0.000001 0.000000 0.000000 0.000000 0.000000 0.000000 0.000000 0.000000 0.000000 0.000000 0.000000 0.000000 0.000000 0.000000 0.000000 0.000000 0.000000 0.000000 0.000000 0.000000 0.000000 0.000000 0.000000 0.000000 0.000000 0.000000 0.000000 0.000000 0.000000 0.000000 0.000000 0.000000 0.000000 0.000004 0.000014 0.000029 0.000046 0.000088 0.000204 0.000374 0.000602 0.000882 0.001211 0.001577 0.001973 0.002384 0.002798 0.003200 0.003573 0.003900
0.000327 0.000260 0.000206 0.000163 0.000129 0.000102 0.000080 0.000063 0.000050 0.000039 0.000031 0.000024 0.000019 0.000015 0.000012 0.000009 0.000007 0.000006 0.000004 0.000003 0.000003 0.000002 0.000002 0.000001 0.000001 0.000001 0.000001 0.000001 0.000000 0.000000 0.000000 0.000000 0.000000 0.000000 0.000000 0.000000 0.000000 0.000000 0.000000 0.000000 0.000000 0.000000 0.000000 0.000000 0.000000 0.000000 0.000314 0.000839 0.001491 0.002199 0.003867 0.007261 0.011363 0.016012 0.021060 0.026390 0.031889 0.037469 0.043058 0.048600 0.054049 0.059398 0.064618
0.010150 0.008917 0.007842 0.006905 0.006088 0.005389 0.004802 0.004309 0.003890 0.003529 0.003213 0.002935 0.002687 0.002465 0.002265 0.002084 0.001920 0.001772 0.001641 0.001522 0.001417 0.001323 0.001239 0.001164 0.001098 0.001040 0.000988 0.000943 0.000904 0.000868 0.000833 0.000799 0.000766 0.000734 0.000704 0.000675 0.000648 0.000621 0.000596 0.000572 0.000549 0.000527 0.000506 0.000486 0.000470 0.000457 0.019493 0.036235 0.050509 0.068373 0.126467 0.176074 0.218343 0.254269 0.284637 0.310041 0.331002 0.347948 0.361233 0.371150 0.377966 0.382086 0.383659
0.343776 0.337833 0.333032 0.330011 0.328633 0.350268 0.409774 0.506643 0.633891 0.783204 0.947051 1.119367 1.295397 1.465483 1.628623 1.783250 1.929119 2.070129 2.206462 2.338504 2.466473 2.590469 2.710762 2.827649 2.941418 3.052272 3.160251 3.265485 3.367937 3.467525 3.562939 3.648079 3.723069 3.785900 3.839595 3.884980 3.920239 3.945754 3.962817 3.971853 3.972523 3.964350 3.943344 3.908620 3.861431 3.809285 3.767617 3.734564 3.709487 3.616580 3.525134 3.435944 3.347920 3.259985 3.172415 3.088578 3.006510 2.925886 2.846890 2.769355 2.693292 2.618669 2.545313
2.996054 3.082951 3.171383 3.266829 3.368226 3.453516 3.507652 3.532191 3.532222 3.514050 3.482888 3.441720 3.393304 3.339529 3.282418 3.223481 3.164158 3.105324 3.047534 2.990009 2.932052 2.873631 2.815527 2.757420 2.699310 2.641460 2.584035 2.527097 2.470968 2.415851 2.361906 2.309104 2.257229 2.205972 2.155127 2.105836 2.065565 2.032806 2.007287 1.989776 1.981351 2.012190 2.057043 2.103440 2.140970 2.170309 2.192495 2.208336 2.219065 2.225815 2.229229 2.229749 2.227607 2.223071 2.240409 2.258738 2.274584 2.287630 2.297658 2.304938 2.309389 2.311670 2.312311
4.277630 4.254329 4.225868 4.192426 4.154402 4.112272 4.066264 4.015701 3.958816 3.895532 3.827944 3.757551 3.684835 3.611916 3.539498 3.468835 3.400768 3.335482 3.272895 3.213285 3.157849 3.109285 3.067216 3.033821 3.008807 2.991056 2.979846 2.974575 2.974734 2.979932 2.989797 3.004098 3.022624 3.045164 3.071485 3.101257 3.134245 3.170114 3.208591 3.249364 3.291869 3.335636 3.380519 3.425613 3.469198 3.511122 3.551269 3.589469 3.625656 3.659676 3.691095 3.719525 3.744383 3.764638 3.780131 3.790825 3.796776 3.798230 3.795657 3.789617 3.780661 3.769724 3.759579
4.614260 4.559792 4.509719 4.465060 4.426719 4.391915 4.356590 4.320812 4.284702 4.248442 4.211699 4.174946 4.138426 4.102930 4.070891 4.041722 4.014239 3.987727 3.962188 3.937493 3.912917 3.889007 3.865000 3.841525 3.817949 3.794246 3.770496 3.746514 3.722141 3.697367 3.671991 3.646135 3.619761 3.592945 3.564955 3.535717 3.505224 3.473440 3.440378 3.406136 3.370787 3.334517 3.301859 3.272930 3.247880 3.226803 3.209776 3.196819 3.187987 3.183253 3.182505 3.185637 3.192990 3.204959 3.221458 3.242357 3.267443 3.293593 3.320270 3.349501 3.381443 3.415614 3.451684
5.257115 5.231630 5.205093 5.177425 5.148564 5.118497 5.087323 5.055261 5.022310 4.988467 4.953695 4.917906 4.881020 4.842945 4.803605 4.762977 4.721125 4.678125 4.634084 4.589184 4.543527 4.497227 4.450460 4.403373 4.356081 4.308737 4.261495 4.214496 4.167858 4.121714 4.076189 4.031405 3.987476 3.944510 3.902614 3.861884 3.822423 3.784352 3.747734 3.712644 3.679228 3.647483 3.617569 3.589527 3.563398 3.539340 3.517326 3.497400 3.479680 3.464119 3.450801 3.439788 3.431019 3.424544 3.420405 3.418629 3.419234 3.422129 3.427384 3.434993 3.444920 3.457141 3.471525
5.287080 5.239172 5.188190 5.134174 5.077343 5.017739 4.955653 4.891354 4.824828 4.756348 4.686375 4.615017 4.542677 4.515035 4.486766 4.459331 4.432456 4.406586 4.381430 4.356695 4.333049 4.309157 4.286182 4.262690 4.239499 4.216058 4.192570 4.168993 4.145495 4.122277 4.099351 4.076780 4.054438 4.032263 4.010213 3.988278 3.966365 3.944456 3.922509 3.900439 3.878260 3.855861 3.833248 3.810401 3.787311 3.764044 3.740591 3.717175 3.694790 3.671789 3.648325 3.624389 3.600463 3.578085 3.556295 3.535247 3.515071 3.495948 3.478017 3.461408 3.446279 3.432708 3.420797
5.257116 5.231630 5.205093 5.177425 5.148563 5.118496 5.087321 5.055259 5.022309 4.988466 4.953693 4.917905 4.881018 4.842944 4.803605 4.762977 4.721129 4.678128 4.634085 4.589185 4.543529 4.497221 4.450463 4.403372 4.356083 4.308739 4.261499 4.214498 4.167860 4.121713 4.076190 4.031408 3.987479 3.944513 3.902614 3.861889 3.822428 3.784354 3.747738 3.712654 3.679221 3.647498 3.617588 3.589518 3.563435 3.539334 3.517313 3.497419 3.479643 3.464131 3.450827 3.439749 3.430972 3.424496 3.420335 3.418524 3.419093 3.421961 3.427189 3.434769 3.444669 3.456879 3.471252
4.614257 4.559788 4.509715 4.465057 4.426716 4.391910 4.356586 4.320808 4.284697 4.248435 4.211692 4.174940 4.138419 4.102924 4.070884 4.041716 4.014232 3.987839 3.962175 3.937497 3.912925 3.889029 3.865028 3.841470 3.817900 3.794340 3.770547 3.746570 3.722172 3.697380 3.672061 3.646144 3.619764 3.592988 3.565022 3.535790 3.505302 3.473520 3.440460 3.406212 3.370864 3.334597 3.301941 3.273017 3.247977 3.226911 3.209895 3.196959 3.188140 3.183424 3.182683 3.185821 3.193167 3.205114 3.221588 3.242459 3.267520 3.293616 3.320258 3.349474 3.381414 3.415589 3.451665
4.277631 4.254332 4.225872 4.192429 4.154406 4.112274 4.066266 4.015702 3.958817 3.895533 3.827945 3.757554 3.684836 3.611917 3.539497 3.468834 3.400766 3.335481 3.272894 3.213284 3.157848 3.109285 3.067216 3.033820 3.008803 2.991054 2.979844 2.974577 2.974737 2.979938 2.989805 3.004110 3.022639 3.045182 3.071507 3.101284 3.134275 3.170147 3.208627 3.249403 3.291910 3.335677 3.380562 3.425657 3.469241 3.511166 3.551314 3.589514 3.625701 3.659719 3.691138 3.719568 3.744427 3.764681 3.780175 3.790868 3.796817 3.798268 3.795695 3.789650 3.780692 3.769764 3.759638
2.996052 3.082949 3.171382 3.266829 3.368227 3.453518 3.507657 3.532197 3.532226 3.514054 3.482892 3.441721 3.393304 3.339530 3.282420 3.223484 3.164160 3.105327 3.047536 2.990011 2.932055 2.873633 2.815526 2.757418 2.699309 2.641460 2.584034 2.527097 2.470968 2.415851 2.361905 2.309101 2.257226 2.205969 2.155124 2.105833 2.065563 2.032803 2.007283 1.989773 1.981349 2.012283 2.057129 2.103495 2.141005 2.170324 2.192488 2.208280 2.218947 2.225631 2.228984 2.229494 2.227415 2.222975 2.240416 2.258745 2.274592 2.287638 2.297666 2.304947 2.309399 2.311680 2.312321
0.343774 0.337831 0.333030 0.330009 0.328631 0.350266 0.409770 0.506640 0.633888 0.783202 0.947050 1.119367 1.295398 1.465486 1.628626 1.783254 1.929124 2.070135 2.206469 2.338511 2.466481 2.590478 2.710772 2.827660 2.941431 3.052285 3.160266 3.265500 3.367954 3.467543 3.562958 3.648100 3.723093 3.785924 3.839618 3.885002 3.920261 3.945776 3.962838 3.971874 3.972542 3.964368 3.943360 3.908635 3.861445 3.809301 3.767636 3.734584 3.709509 3.616597 3.525147 3.435955 3.347928 3.259992 3.172420 3.088581 3.006512 2.925888 2.846891 2.769357 2.693298 2.618687 2.545315
0.010150 0.008917 0.007842 0.006905 0.006088 0.005389 0.004802 0.004309 0.003890 0.003529 0.003213 0.002935 0.002687 0.002465 0.002265 0.002084 0.001920 0.001772 0.001640 0.001522 0.001417 0.001323 0.001239 0.001164 0.001098 0.001040 0.000988 0.000943 0.000904 0.000868 0.000833 0.000799 0.000766 0.000734 0.000704 0.000675 0.000648 0.000621 0.000596 0.000572 0.000549 0.000527 0.000506 0.000486 0.000470 0.000457 0.019489 0.036228 0.050500 0.068388 0.126497 0.176114 0.218393 0.254326 0.284697 0.310101 0.331061 0.348004 0.361284 0.371194 0.378004 0.382114 0.383679
0.000327 0.000260 0.000206 0.000163 0.000129 0.000102 0.000080 0.000063 0.000050 0.000039 0.000031 0.000024 0.000019 0.000015 0.000012 0.000009 0.000007 0.000006 0.000004 0.000003 0.000003 0.000002 0.000002 0.000001 0.000001 0.000001 0.000001 0.000001 0.000000 0.000000 0.000000 0.000000 0.000000 0.000000 0.000000 0.000000 0.000000 0.000000 0.000000 0.000000 0.000000 0.000000 0.000000 0.000000 0.000000 0.000000 0.000314 0.000839 0.001491 0.002198 0.003869 0.007264 0.011367 0.016018 0.021067 0.026399 0.031899 0.037480 0.043071 0.048614 0.054062 0.059413 0.064633
0.000022 0.000017 0.000013 0.000009 0.000007 0.000005 0.000004 0.000003 0.000002 0.000002 0.000001 0.000001 0.000001 0.000001 0.000000 0.000000 0.000000 0.000000 0.000000 0.000000 0.000000 0.000000 0.000000 0.000000 0.000000 0.000000 0.000000 0.000000 0.000000 0.000000 0.000000 0.000000 0.000000 0.000000 0.000000 0.000000 0.000000 0.000000 0.000000 0.000000 0.000000 0.000000 0.000000 0.000000 0.000000 0.000000 0.000004 0.000014 0.000029 0.000046 0.000088 0.000204 0.000375 0.000602 0.000883 0.001211 0.001578 0.001974 0.002385 0.002799 0.003201 0.003575 0.003901
0.000002 0.000001 0.000001 0.000001 0.000001 0.000000 0.000000 0.000000 0.000000 0.000000 0.000000 0.000000 0.000000 0.000000 0.000000 0.000000 0.000000 0.000000 0.000000 0.000000 0.000000 0.000000 0.000000 0.000000 0.000000 0.000000 0.000000 0.000000 0.000000 0.000000 0.000000 0.000000 0.000000 0.000000 0.000000 0.000000 0.000000 0.000000 0.000000 0.000000 0.000000 0.000000 0.000000 0.000000 0.000000 0.000000 0.000000 0.000000 0.000000 0.000001 0.000002 0.000004 0.000008 0.000015 0.000023 0.000033 0.000045 0.000057 0.000069 0.000079 0.000087 0.000093 0.000094
0.000000 0.000000 0.000000 0.000000 0.000000 0.000000 0.000000 0.000000 0.000000 0.000000 0.000000 0.000000 0.000000 0.000000 0.000000 0.000000 0.000000 0.000000 0.000000 0.000000 0.000000 0.000000 0.000000 0.000000 0.000000 0.000000 0.000000 0.000000 0.000000 0.000000 0.000000 0.000000 0.000000 0.000000 0.000000 0.000000 0.000000 0.000000 0.000000 0.000000 0.000000 0.000000 0.000000 0.000000 0.000000 0.000000 0.000000 0.000000 0.000000 0.000000 0.000000 0.000000 0.000000 0.000000 0.000000 0.000001 0.000001 0.000001 0.000001 0.000001 0.000001 0.000001 0.000001
0.000000 0.000000 0.000000 0.000000 0.000000 0.000000 0.000000 0.000000 0.000000 0.000000 0.000000 0.000000 0.000000 0.000000 0.000000 0.000000 0.000000 0.000000 0.000000 0.000000 0.000000 0.000000 0.000000 0.000000 0.000000 0.000000 0.000000 0.000000 0.000000 0.000000 0.000000 0.000000 0.000000 0.000000 0.000000 0.000000 0.000000 0.000000 0.000000 0.000000 0.000000 0.000000 0.000000 0.000000 0.000000 0.000000 0.000000 0.000000 0.000000 0.000000 0.000000 0.000000 0.000000 0.000000 0.000000 0.000000 0.000000 0.000000 0.000000 0.000000 0.000000 0.000000 0.000000
0.000000 0.000000 0.000000 0.000000 0.000000 0.000000 0.000000 0.000000 0.000000 0.000000 0.000000 0.000000 0.000000 0.000000 0.000000 0.000000 0.000000 0.000000 0.000000 0.000000 0.000000 0.000000 0.000000 0.000000 0.000000 0.000000 0.000000 0.000000 0.000000 0.000000 0.000000 0.000000 0.000000 0.000000 0.000000 0.000000 0.000000 0.000000 0.000000 0.000000 0.000000 0.000000 0.000000 0.000000 0.000000 0.000000 0.000000 0.000000 0.000000 0.000000 0.000000 0.000000 0.000000 0.000000 0.000000 0.000000 0.000000 0.000000 0.000000 0.000000 0.000000 0.000000 0.000000
0.000000 0.000000 0.000000 0.000000 0.000000 0.000000 0.000000 0.000000 0.000000 0.000000 0.000000 0.000000 0.000000 0.000000 0.000000 0.000000 0.000000 0.000000 0.000000 0.000000 0.000000 0.000000 0.000000 0.000000 0.000000 0.000000 0.000000 0.000000 0.000000 0.000000 0.000000 0.000000 0.000000 0.000000 0.000000 0.000000 0.000000 0.000000 0.000000 0.000000 0.000000 0.000000 0.000000 0.000000 0.000000 0.000000 0.000000 0.000000 0.000000 0.000000 0.000000 0.000000 0.000000 0.000000 0.000000 0.000000 0.000000 0.000000 0.000000 0.000000 0.000000 0.000000 0.000000
0.000000 0.000000 0.000000 0.000000 0.000000 0.000000 0.000000 0.000000 0.000000 0.000000 0.000000 0.000000 0.000000 0.000000 0.000000 0.000000 0.000000 0.000000 0.000000 0.000000 0.000000 0.000000 0.000000 0.000000 0.000000 0.000000 0.000000 0.000000 0.000000 0.000000 0.000000 0.000000 0.000000 0.000000 0.000000 0.000000 0.000000 0.000000 0.000000 0.000000 0.000000 0.000000 0.000000 0.000000 0.000000 0.000000 0.000000 0.000000 0.000000 0.000000 0.000000 0.000000 0.000000 0.000000 0.000000 0.000000 0.000000 0.000000 0.000000 0.000000 0.000000 0.000000 0.000000
0.000000 0.000000 0.000000 0.000000 0.000000 0.000000 0.000000 0.000000 0.000000 0.000000 0.000000 0.000000 0.000000 0.000000 0.000000 0.000000 0.000000 0.000000 0.000000 0.000000 0.000000 0.000000 0.000000 0.000000 0.000000 0.000000 0.000000 0.000000 0.000000 0.000000 0.000000 0.000000 0.000000 0.000000 0.000000 0.000000 0.000000 0.000000 0.000000 0.000000 0.000000 0.000000 0.000000 0.000000 0.000000 0.000000 0.000000 0.000000 0.000000 0.000000 0.000000 0.000000 0.000000 0.000000 0.000000 0.000000 0.000000 0.000000 0.000000 0.000000 0.000000 0.000000 0.000000
0.000000 0.000000 0.000000 0.000000 0.000000 0.000000 0.000000 0.000000 0.000000 0.000000 0.000000 0.000000 0.000000 0.000000 0.000000 0.000000 0.000000 0.000000 0.000000 0.000000 0.000000 0.000000 0.000000 0.000000 0.000000 0.000000 0.000000 0.000000 0.000000 0.000000 0.000000 0.000000 0.000000 0.000000 0.000000 0.000000 0.000000 0.000000 0.000000 0.000000 0.000000 0.000000 0.000000 0.000000 0.000000 0.000000 0.000000 0.000000 0.000000 0.000000 0.000000 0.000000 0.000000 0.000000 0.000000 0.000000 0.000000 0.000000 0.000000 0.000000 0.000000 0.000000 0.000000
0.000000 0.000000 0.000000 0.000000 0.000000 0.000000 0.000000 0.000000 0.000000 0.000000 0.000000 0.000000 0.000000 0.000000 0.000000 0.000000 0.000000 0.000000 0.000000 0.000000 0.000000 0.000000 0.000000 0.000000 0.000000 0.000000 0.000000 0.000000 0.000000 0.000000 0.000000 0.000000 0.000000 0.000000 0.000000 0.000000 0.000000 0.000000 0.000000 0.000000 0.000000 0.000000 0.000000 0.000000 0.000000 0.000000 0.000000 0.000000 0.000000 0.000000 0.000000 0.000000 0.000000 0.000000 0.000000 0.000000 0.000000 0.000000 0.000000 0.000000 0.000000 0.000000 0.000000
