data/CoulombOnly/Outputs_CoulombOnly/release1HS_03CoulombOnly_null_TRENT2D_pft.asc
ncols     1001
nrows      301
cellsize  5.000
xllcenter         1000.00
yllcenter        -5000.00
NODATA_value       nan
[rows 124 to 154 of 301, columns 630 to 699 of 1001]
0.510000 0.230000 0.075000 0.016000 0.001000 0.000000 0.000000 nan nan nan nan nan nan nan nan nan nan nan nan nan nan nan nan nan nan nan nan nan nan nan nan nan nan nan nan nan nan nan nan nan nan nan nan nan nan nan nan nan nan nan nan nan nan nan nan nan nan nan nan nan nan nan nan nan nan nan nan nan nan nan
1.518000 1.082000 0.656000 0.319000 0.113000 0.022000 0.001000 0.000000 nan nan nan nan nan nan nan nan nan nan nan nan nan nan nan nan nan nan nan nan nan nan nan nan nan nan nan nan nan nan nan nan nan nan nan nan nan nan nan nan nan nan nan nan nan nan nan nan nan nan nan nan nan nan nan nan nan nan nan nan nan nan
2.477000 2.095000 1.617000 1.121000 0.687000 0.345000 0.113000 0.015000 0.000000 0.000000 nan nan nan nan nan nan nan nan nan nan nan nan nan nan nan nan nan nan nan nan nan nan nan nan nan nan nan nan nan nan nan nan nan nan nan nan nan nan nan nan nan nan nan nan nan nan nan nan nan nan nan nan nan nan nan nan nan nan nan nan
3.218000 2.934000 2.544000 2.054000 1.519000 1.037000 0.637000 0.294000 0.066000 0.003000 0.000000 nan nan nan nan nan nan nan nan nan nan nan nan nan nan nan nan nan nan nan nan nan nan nan nan nan nan nan nan nan nan nan nan nan nan nan nan nan nan nan nan nan nan nan nan nan nan nan nan nan nan nan nan nan nan nan nan nan nan nan
3.776000 3.597000 3.284000 2.868000 2.365000 1.816000 1.309000 0.886000 0.503000 0.161000 0.013000 0.000000 nan nan nan nan nan nan nan nan nan nan nan nan nan nan nan nan nan nan nan nan nan nan nan nan nan nan nan nan nan nan nan nan nan nan nan nan nan nan nan nan nan nan nan nan nan nan nan nan nan nan nan nan nan nan nan nan nan nan
4.178000 4.108000 3.886000 3.529000 3.081000 2.562000 2.007000 1.494000 1.066000 0.664000 0.267000 0.028000 0.000000 nan nan nan nan nan nan nan nan nan nan nan nan nan nan nan nan nan nan nan nan nan nan nan nan nan nan nan nan nan nan nan nan nan nan nan nan nan nan nan nan nan nan nan nan nan nan nan nan nan nan nan nan nan nan nan nan nan
4.432000 4.512000 4.373000 4.079000 3.673000 3.193000 2.663000 2.107000 1.595000 1.173000 0.761000 0.335000 0.039000 0.000000 nan nan nan nan nan nan nan nan nan nan nan nan nan nan nan nan nan nan nan nan nan nan nan nan nan nan nan nan nan nan nan nan nan nan nan nan nan nan nan nan nan nan nan nan nan nan nan nan nan nan nan nan nan nan nan nan
4.546000 4.845000 4.778000 4.548000 4.184000 3.728000 3.224000 2.683000 2.125000 1.631000 1.214000 0.794000 0.344000 0.036000 0.000000 nan nan nan nan nan nan nan nan nan nan nan nan nan nan nan nan nan nan nan nan nan nan nan nan nan nan nan nan nan nan nan nan nan nan nan nan nan nan nan nan nan nan nan nan nan nan nan nan nan nan nan nan nan nan nan
4.539000 5.099000 5.144000 4.968000 4.637000 4.200000 3.709000 3.186000 2.633000 2.079000 1.613000 1.198000 0.765000 0.295000 0.021000 0.000000 nan nan nan nan nan nan nan nan nan nan nan nan nan nan nan nan nan nan nan nan nan nan nan nan nan nan nan nan nan nan nan nan nan nan nan nan nan nan nan nan nan nan nan nan nan nan nan nan nan nan nan nan nan nan
4.327000 5.243000 5.501000 5.361000 5.051000 4.625000 4.142000 3.628000 3.087000 2.519000 1.994000 1.550000 1.130000 0.678000 0.198000 0.007000 nan nan nan nan nan nan nan nan nan nan nan nan nan nan nan nan nan nan nan nan nan nan nan nan nan nan nan nan nan nan nan nan nan nan nan nan nan nan nan nan nan nan nan nan nan nan nan nan nan nan nan nan nan nan
3.950000 5.224000 5.819000 5.721000 5.438000 5.020000 4.539000 4.026000 3.493000 2.931000 2.362000 1.878000 1.445000 1.013000 0.525000 0.095000 0.001000 nan nan nan nan nan nan nan nan nan nan nan nan nan nan nan nan nan nan nan nan nan nan nan nan nan nan nan nan nan nan nan nan nan nan nan nan nan nan nan nan nan nan nan nan nan nan nan nan nan nan nan nan nan
3.908000 4.963000 6.049000 6.057000 5.792000 5.388000 4.908000 4.392000 3.860000 3.305000 2.722000 2.189000 1.732000 1.299000 0.841000 0.326000 0.026000 0.000000 nan nan nan nan nan nan nan nan nan nan nan nan nan nan nan nan nan nan nan nan nan nan nan nan nan nan nan nan nan nan nan nan nan nan nan nan nan nan nan nan nan nan nan nan nan nan nan nan nan nan nan nan
3.906000 4.532000 6.059000 6.373000 6.134000 5.728000 5.244000 4.732000 4.199000 3.649000 3.062000 2.491000 2.001000 1.555000 1.109000 0.610000 0.133000 0.003000 nan nan nan nan nan nan nan nan nan nan nan nan nan nan nan nan nan nan nan nan nan nan nan nan nan nan nan nan nan nan nan nan nan nan nan nan nan nan nan nan nan nan nan nan nan nan nan nan nan nan nan nan
3.951000 4.235000 5.883000 6.671000 6.436000 6.032000 5.560000 5.052000 4.518000 3.967000 3.381000 2.782000 2.259000 1.791000 1.345000 0.868000 0.329000 0.025000 0.000000 nan nan nan nan nan nan nan nan nan nan nan nan nan nan nan nan nan nan nan nan nan nan nan nan nan nan nan nan nan nan nan nan nan nan nan nan nan nan nan nan nan nan nan nan nan nan nan nan nan nan nan
4.022000 4.249000 5.594000 6.836000 6.701000 6.317000 5.861000 5.356000 4.817000 4.260000 3.676000 3.065000 2.506000 2.016000 1.559000 1.093000 0.562000 0.095000 0.001000 nan nan nan nan nan nan nan nan nan nan nan nan nan nan nan nan nan nan nan nan nan nan nan nan nan nan nan nan nan nan nan nan nan nan nan nan nan nan nan nan nan nan nan nan nan nan nan nan nan nan nan
4.097000 4.284000 5.224000 6.781000 6.938000 6.596000 6.138000 5.628000 5.092000 4.537000 3.953000 3.336000 2.745000 2.230000 1.755000 1.292000 0.775000 0.226000 0.009000 0.000000 nan nan nan nan nan nan nan nan nan nan nan nan nan nan nan nan nan nan nan nan nan nan nan nan nan nan nan nan nan nan nan nan nan nan nan nan nan nan nan nan nan nan nan nan nan nan nan nan nan nan
4.162000 4.326000 4.868000 6.673000 7.189000 6.854000 6.381000 5.871000 5.345000 4.796000 4.215000 3.593000 2.975000 2.434000 1.939000 1.470000 0.963000 0.390000 0.036000 0.000000 nan nan nan nan nan nan nan nan nan nan nan nan nan nan nan nan nan nan nan nan nan nan nan nan nan nan nan nan nan nan nan nan nan nan nan nan nan nan nan nan nan nan nan nan nan nan nan nan nan nan
4.215000 4.367000 4.595000 6.494000 7.365000 7.069000 6.590000 6.100000 5.582000 5.037000 4.457000 3.835000 3.196000 2.628000 2.115000 1.634000 1.133000 0.561000 0.089000 0.001000 nan nan nan nan nan nan nan nan nan nan nan nan nan nan nan nan nan nan nan nan nan nan nan nan nan nan nan nan nan nan nan nan nan nan nan nan nan nan nan nan nan nan nan nan nan nan nan nan nan nan
4.253000 4.398000 4.601000 6.249000 7.396000 7.232000 6.803000 6.326000 5.806000 5.258000 4.679000 4.057000 3.408000 2.814000 2.285000 1.786000 1.287000 0.720000 0.169000 0.004000 nan nan nan nan nan nan nan nan nan nan nan nan nan nan nan nan nan nan nan nan nan nan nan nan nan nan nan nan nan nan nan nan nan nan nan nan nan nan nan nan nan nan nan nan nan nan nan nan nan nan
4.277000 4.419000 4.605000 5.969000 7.350000 7.395000 6.999000 6.526000 6.006000 5.457000 4.880000 4.265000 3.609000 2.993000 2.448000 1.931000 1.430000 0.866000 0.269000 0.012000 0.000000 nan nan nan nan nan nan nan nan nan nan nan nan nan nan nan nan nan nan nan nan nan nan nan nan nan nan nan nan nan nan nan nan nan nan nan nan nan nan nan nan nan nan nan nan nan nan nan nan nan
4.287000 4.429000 4.605000 5.685000 7.300000 7.561000 7.177000 6.698000 6.180000 5.633000 5.061000 4.452000 3.798000 3.160000 2.602000 2.073000 1.564000 1.001000 0.378000 0.028000 0.000000 nan nan nan nan nan nan nan nan nan nan nan nan nan nan nan nan nan nan nan nan nan nan nan nan nan nan nan nan nan nan nan nan nan nan nan nan nan nan nan nan nan nan nan nan nan nan nan nan nan
4.288000 4.430000 4.601000 5.472000 7.201000 7.690000 7.333000 6.838000 6.325000 5.783000 5.216000 4.615000 3.966000 3.314000 2.743000 2.210000 1.690000 1.127000 0.493000 0.052000 0.000000 nan nan nan nan nan nan nan nan nan nan nan nan nan nan nan nan nan nan nan nan nan nan nan nan nan nan nan nan nan nan nan nan nan nan nan nan nan nan nan nan nan nan nan nan nan nan nan nan nan
4.280000 4.425000 4.594000 5.286000 7.056000 7.760000 7.442000 6.958000 6.454000 5.917000 5.351000 4.753000 4.106000 3.449000 2.867000 2.335000 1.807000 1.248000 0.603000 0.089000 0.001000 nan nan nan nan nan nan nan nan nan nan nan nan nan nan nan nan nan nan nan nan nan nan nan nan nan nan nan nan nan nan nan nan nan nan nan nan nan nan nan nan nan nan nan nan nan nan nan nan nan
4.269000 4.417000 4.586000 5.133000 6.891000 7.794000 7.532000 7.066000 6.563000 6.025000 5.458000 4.863000 4.219000 3.559000 2.973000 2.441000 1.915000 1.361000 0.715000 0.131000 0.002000 nan nan nan nan nan nan nan nan nan nan nan nan nan nan nan nan nan nan nan nan nan nan nan nan nan nan nan nan nan nan nan nan nan nan nan nan nan nan nan nan nan nan nan nan nan nan nan nan nan
4.256000 4.407000 4.576000 5.023000 6.783000 7.810000 7.602000 7.145000 6.641000 6.102000 5.536000 4.943000 4.302000 3.639000 3.051000 2.522000 2.003000 1.460000 0.819000 0.180000 0.003000 nan nan nan nan nan nan nan nan nan nan nan nan nan nan nan nan nan nan nan nan nan nan nan nan nan nan nan nan nan nan nan nan nan nan nan nan nan nan nan nan nan nan nan nan nan nan nan nan nan
4.247000 4.399000 4.570000 4.951000 6.713000 7.823000 7.650000 7.192000 6.689000 6.149000 5.582000 4.990000 4.349000 3.686000 3.095000 2.570000 2.060000 1.528000 0.903000 0.239000 0.006000 nan nan nan nan nan nan nan nan nan nan nan nan nan nan nan nan nan nan nan nan nan nan nan nan nan nan nan nan nan nan nan nan nan nan nan nan nan nan nan nan nan nan nan nan nan nan nan nan nan
4.235000 4.389000 4.560000 4.918000 6.714000 7.828000 7.668000 7.210000 6.706000 6.165000 5.596000 5.005000 4.367000 3.704000 3.113000 2.587000 2.080000 1.555000 0.944000 0.279000 0.010000 nan nan nan nan nan nan nan nan nan nan nan nan nan nan nan nan nan nan nan nan nan nan nan nan nan nan nan nan nan nan nan nan nan nan nan nan nan nan nan nan nan nan nan nan nan nan nan nan nan
4.247000 4.399000 4.570000 4.951000 6.713000 7.823000 7.650000 7.192000 6.689000 6.149000 5.582000 4.990000 4.349000 3.686000 3.095000 2.570000 2.060000 1.528000 0.903000 0.239000 0.006000 nan nan nan nan nan nan nan nan nan nan nan nan nan nan nan nan nan nan nan nan nan nan nan nan nan nan nan nan nan nan nan nan nan nan nan nan nan nan nan nan nan nan nan nan nan nan nan nan nan
4.257000 4.407000 4.576000 5.023000 6.783000 7.810000 7.602000 7.145000 6.641000 6.102000 5.536000 4.943000 4.301000 3.639000 3.051000 2.522000 2.003000 1.460000 0.817000 0.182000 0.003000 nan nan nan nan nan nan nan nan nan nan nan nan nan nan nan nan nan nan nan nan nan nan nan nan nan nan nan nan nan nan nan nan nan nan nan nan nan nan nan nan nan nan nan nan nan nan nan nan nan
4.269000 4.417000 4.586000 5.133000 6.891000 7.793000 7.532000 7.066000 6.563000 6.025000 5.458000 4.863000 4.219000 3.559000 2.973000 2.441000 1.915000 1.361000 0.716000 0.131000 0.002000 nan nan nan nan nan nan nan nan nan nan nan nan nan nan nan nan nan nan nan nan nan nan nan nan nan nan nan nan nan nan nan nan nan nan nan nan nan nan nan nan nan nan nan nan nan nan nan nan nan
4.280000 4.425000 4.594000 5.286000 7.056000 7.760000 7.442000 6.958000 6.454000 5.917000 5.351000 4.753000 4.106000 3.449000 2.867000 2.335000 1.807000 1.248000 0.603000 0.089000 0.001000 nan nan nan nan nan nan nan nan nan nan nan nan nan nan nan nan nan nan nan nan nan nan nan nan nan nan nan nan nan nan nan nan nan nan nan nan nan nan nan nan nan nan nan nan nan nan nan nan nan
