data/CoulombOnly/Outputs_CoulombOnly/release1HS_03CoulombOnly_null_INRAEaval_pfv.asc
ncols  1001
nrows  301
xllcenter  1000.00
yllcenter -5000.00
cellsize  5.00
nodata_value -9999.00
[rows 140 to 167 of 301, columns 630 to 692 of 1001]
58.81849 58.47371 58.12701 57.77836 57.42772 57.07507 56.72037 56.36358 56.00468 55.64362 55.28036 54.91488 54.54713 54.17707 53.80466 53.42986 53.05263 52.67291 52.29067 51.90585 51.51840 51.12828 50.73543 50.33978 49.94128 49.53987 49.13547 48.72801 48.31742 47.90362 47.48651 47.06600 46.64198 46.21436 45.78301 45.34781 44.90862 44.46530 44.01771 43.56567 43.10901 42.64756 42.18112 41.70949 41.23244 40.74975 40.26118 39.76646 39.26533 38.75749 38.24264 37.72044 37.19054 36.65258 36.10616 35.55085 34.98621 34.41177 33.82701 33.23140 32.62439 32.00539 31.37381
59.21119 58.86552 58.51793 58.16836 57.81680 57.46321 57.10756 56.74980 56.38991 56.02785 55.66359 55.29707 54.92828 54.55716 54.18368 53.80780 53.42947 53.04866 52.66531 52.27939 51.89084 51.49963 51.10569 50.70899 50.30946 49.90705 49.50170 49.09335 48.68193 48.26737 47.84961 47.42855 47.00410 46.57618 46.14468 45.70947 45.27045 44.82747 44.38039 43.92906 43.47330 43.01293 42.54777 42.07760 41.60222 41.12138 40.63486 40.14238 39.64368 39.13845 38.62641 38.10720 37.58049 37.04591 36.50305 35.95148 35.39077 34.82042 34.23991 33.64870 33.04620 32.43179 31.80481
59.63259 59.28610 58.93765 58.58721 58.23475 57.88022 57.52361 57.16486 56.80394 56.44082 56.07545 55.70781 55.33784 54.96551 54.59078 54.21361 53.83395 53.45176 53.06700 52.67962 52.28958 51.89683 51.50132 51.10301 50.70184 50.29778 49.89075 49.48072 49.06763 48.65142 48.23203 47.80940 47.38345 46.95412 46.52132 46.08496 45.64495 45.20117 44.75350 44.30180 43.84591 43.38567 42.92089 42.45136 41.97687 41.49719 41.01207 40.52124 40.02443 39.52134 39.01167 38.49507 37.97119 37.43967 36.90010 36.35205 35.79507 35.22867 34.65233 34.06549 33.46754 32.85785 32.23572
60.09105 59.74384 59.39463 59.04339 58.69009 58.33470 57.97717 57.61747 57.25556 56.89139 56.52494 56.15615 55.78499 55.41142 55.03538 54.65683 54.27574 53.89205 53.50571 53.11669 52.72492 52.33037 51.93298 51.53269 51.12947 50.72326 50.31400 49.90165 49.48615 49.06745 48.64549 48.22023 47.79160 47.35955 46.92403 46.48498 46.04232 45.59600 45.14592 44.69200 44.23414 43.77221 43.30606 42.83552 42.36040 41.88046 41.39547 40.90516 40.40923 39.90737 39.39926 38.88456 38.36289 37.83388 37.29711 36.75216 36.19855 35.63580 35.06338 34.48072 33.88722 33.28221 32.66500
60.59759 60.24971 59.89982 59.54785 59.19379 58.83759 58.47921 58.11861 57.75576 57.39060 57.02310 56.65321 56.28089 55.90609 55.52876 55.14886 54.76634 54.38114 53.99321 53.60251 53.20898 52.81256 52.41319 52.01083 51.60541 51.19687 50.78516 50.37021 49.95196 49.53036 49.10534 48.67683 48.24479 47.80915 47.36986 46.92685 46.48007 46.02946 45.57499 45.11659 44.65421 44.18782 43.71734 43.24271 42.76384 42.28061 41.79287 41.30041 40.80296 40.30023 39.79186 39.27748 38.75668 38.22903 37.69408 37.15138 36.60044 36.04073 35.47173 34.89283 34.30344 33.70288 33.09044
61.17255 60.82396 60.47330 60.12054 59.76563 59.40853 59.04921 58.68762 58.32372 57.95746 57.58881 57.21771 56.84411 56.46797 56.08924 55.70786 55.32379 54.93696 54.54733 54.15483 53.75941 53.36100 52.95955 52.55498 52.14724 51.73626 51.32196 50.90428 50.48315 50.05849 49.63024 49.19830 48.76261 48.32310 47.87967 47.43226 46.98079 46.52518 46.06536 45.60126 45.13282 44.65997 44.18267 43.70087 43.21455 42.72368 42.22827 41.72831 41.22380 40.71470 40.20092 39.68225 39.15836 38.62879 38.09300 37.55040 37.00037 36.44231 35.87557 35.29952 34.71348 34.11677 33.50862
61.85250 61.50198 61.14935 60.79458 60.43763 60.07846 59.71703 59.35330 58.98722 58.61874 58.24783 57.87443 57.49850 57.11999 56.73884 56.35500 55.96841 55.57903 55.18678 54.79161 54.39346 53.99226 53.58795 53.18046 52.76971 52.35564 51.93816 51.51721 51.09269 50.66453 50.23265 49.79694 49.35734 48.91373 48.46602 48.01413 47.55794 47.09736 46.63228 46.16259 45.68820 45.20900 44.72488 44.23574 43.74149 43.24205 42.73734 42.22731 41.71191 41.19116 40.66509 40.13381 39.59748 39.05632 38.51052 37.96011 37.40472 36.84357 36.27562 35.69983 35.11522 34.52087 33.91589
62.64554 62.29210 61.93653 61.57880 61.21887 60.85669 60.49223 60.12544 59.75628 59.38470 59.01065 58.63409 58.25497 57.87324 57.48883 57.10171 56.71180 56.31906 55.92341 55.52481 55.12318 54.71846 54.31058 53.89946 53.48504 53.06723 52.64596 52.22114 51.79269 51.36052 50.92454 50.48464 50.04075 49.59274 49.14051 48.68396 48.22296 47.75741 47.28717 46.81213 46.33214 45.84707 45.35679 44.86115 44.36000 43.85320 43.34059 42.82203 42.29737 41.76648 41.22921 40.68546 40.13514 39.57823 39.01473 38.44480 37.86872 37.28707 36.70076 36.11093 35.51776 34.91941 34.31346
63.54336 63.18640 62.82730 62.46602 62.10252 61.73675 61.36868 60.99827 60.62546 60.25021 59.87248 59.49221 59.10935 58.72385 58.33566 57.94472 57.55097 57.15436 56.75482 56.35228 55.94669 55.53797 55.12605 54.71086 54.29232 53.87035 53.44488 53.01581 52.58305 52.14652 51.70612 51.26174 50.81330 50.36066 49.90373 49.44239 48.97651 48.50597 48.03063 47.55036 47.06500 46.57441 46.07844 45.57690 45.06964 44.55647 44.03721 43.51165 42.97961 42.44087 41.89521 41.34242 40.78227 40.21453 39.63899 39.05544 38.46369 37.86359 37.25505 36.63812 36.01305 35.38051 34.74209
64.47888 64.11804 63.75505 63.38987 63.02247 62.65280 62.28081 61.90647 61.52974 61.15055 60.76887 60.38465 59.99783 59.60836 59.21619 58.82126 58.42351 58.02288 57.61931 57.21274 56.80309 56.39030 55.97430 55.55501 55.13235 54.70625 54.27662 53.84337 53.40642 52.96566 52.52101 52.07235 51.61959 51.16262 50.70131 50.23554 49.76520 49.29015 48.81024 48.32534 47.83530 47.33995 46.83913 46.33266 45.82037 45.30204 44.77749 44.24650 43.70885 43.16429 42.61258 42.05345 41.48664 40.91184 40.32876 39.73708 39.13647 38.52659 37.90708 37.27760 36.63780 35.98737 35.32604
64.72340 64.36259 63.99964 63.63451 63.26715 62.89754 62.52562 62.15135 61.77469 61.39559 61.01400 60.62988 60.24316 59.85381 59.46176 59.06696 58.66936 58.26888 57.86547 57.45907 57.04960 56.63700 56.22120 55.80213 55.37970 54.95383 54.52445 54.09147 53.65479 53.21433 52.76998 52.32164 51.86922 51.41259 50.95165 50.48627 50.01632 49.54169 49.06221 48.57777 48.08819 47.59333 47.09302 46.58707 46.07531 45.55755 45.03358 44.50318 43.96613 43.42219 42.87111 42.31261 41.74643 41.17226 40.58980 39.99870 39.39864 38.78923 38.17012 37.54090 36.90117 36.25054 35.58862
63.64236 63.28472 62.92494 62.56297 62.19879 61.83235 61.46360 61.09251 60.71903 60.34310 59.96470 59.58375 59.20022 58.81406 58.42520 58.03359 57.63918 57.24190 56.84169 56.43849 56.03223 55.62285 55.21027 54.79442 54.37522 53.95260 53.52647 53.09674 52.66333 52.22615 51.78510 51.34008 50.89098 50.43771 49.98014 49.51817 49.05166 48.58049 48.10453 47.62364 47.13767 46.64648 46.14991 45.64779 45.13995 44.62622 44.10641 43.58032 43.04776 42.50852 41.96238 41.40914 40.84856 40.28042 39.70452 39.12063 38.52858 37.92822 37.31946 36.70233 36.07706 35.44426 34.80532
62.71919 62.36479 62.00827 61.64958 61.28870 60.92556 60.56015 60.19240 59.82229 59.44975 59.07475 58.69724 58.31716 57.93447 57.54911 57.16102 56.77016 56.37645 55.97985 55.58029 55.17770 54.77201 54.36317 53.95109 53.53570 53.11693 52.69469 52.26891 51.83949 51.40635 50.96941 50.52855 50.08369 49.63472 49.18154 48.72403 48.26209 47.79559 47.32441 46.84843 46.36751 45.88153 45.39034 44.89381 44.39178 43.88412 43.37067 42.85130 42.32585 41.79419 41.25620 40.71177 40.16083 39.60334 39.03936 38.46904 37.89269 37.31091 36.72464 36.13493 35.54177 34.94329 34.33713
61.91982 61.56829 61.21464 60.85885 60.50088 60.14068 59.77822 59.41346 59.04634 58.67683 58.30488 57.93044 57.55347 57.17391 56.79171 56.40682 56.01918 55.62874 55.23544 54.83922 54.44001 54.03776 53.63239 53.22384 52.81204 52.39691 51.97838 51.55637 51.13081 50.70161 50.26868 49.83194 49.39131 48.94667 48.49796 48.04505 47.58786 47.12629 46.66024 46.18959 45.71425 45.23412 44.74909 44.25906 43.76395 43.26367 42.75816 42.24735 41.73122 41.20979 40.68309 40.15124 39.61440 39.07279 38.52658 37.97577 37.41995 36.85832 36.28987 35.71356 35.12843 34.53356 33.92806
61.22577 60.87653 60.52521 60.17176 59.81616 59.45837 59.09834 58.73603 58.37140 58.00441 57.63501 57.26316 56.88880 56.51191 56.13241 55.75027 55.36542 54.97782 54.58742 54.19414 53.79795 53.39877 52.99654 52.59121 52.18270 51.77095 51.35590 50.93747 50.51560 50.09020 49.66121 49.22855 48.79215 48.35193 47.90781 47.45972 47.00758 46.55131 46.09085 45.62611 45.15705 44.68359 44.20569 43.72330 43.23640 42.74495 42.24896 41.74840 41.24327 40.73353 40.21906 39.69967 39.17503 38.64470 38.10815 37.56480 37.01404 36.45525 35.88781 35.31105 34.72432 34.12689 33.51802
60.63506 60.28694 59.93679 59.58457 59.23025 58.87378 58.51513 58.15426 57.79113 57.42570 57.05793 56.68776 56.31516 55.94008 55.56247 55.18229 54.79949 54.41401 54.02581 53.63483 53.24103 52.84433 52.44470 52.04206 51.63637 51.22757 50.81559 50.40038 49.98187 49.56001 49.13472 48.70596 48.27366 47.83775 47.39818 46.95489 46.50781 46.05690 45.60210 45.14334 44.68059 44.21376 43.74282 43.26766 42.78822 42.30435 41.81592 41.32272 40.82450 40.32097 39.81181 39.29662 38.77503 38.24660 37.71088 37.16742 36.61572 36.05526 35.48549 34.90583 34.31564 33.71426 33.10095
60.12448 59.77719 59.42791 59.07660 58.72323 58.36776 58.01016 57.65039 57.28841 56.92418 56.55766 56.18881 55.81759 55.44395 55.06785 54.68924 54.30809 53.92434 53.53795 53.14887 52.75705 52.36244 51.96499 51.56464 51.16136 50.75508 50.34575 49.93332 49.51773 49.09892 48.67685 48.25145 47.82267 47.39045 46.95472 46.51543 46.07249 45.62584 45.17540 44.72107 44.26274 43.80029 43.33358 42.86245 42.38669 41.90610 41.42044 40.92944 40.43281 39.93027 39.42147 38.90607 38.38371 37.85401 37.31654 36.77087 36.21654 35.65305 35.07986 34.49641 33.90206 33.29617 32.67801
59.66653 59.32007 58.97166 58.62125 58.26883 57.91434 57.55776 57.19906 56.83818 56.47511 56.10979 55.74219 55.37227 54.99998 54.62530 54.24816 53.86854 53.48639 53.10166 52.71431 52.32429 51.93155 51.53605 51.13773 50.73655 50.33244 49.92537 49.51527 49.10209 48.68576 48.26623 47.84342 47.41727 46.98770 46.55463 46.11796 45.67760 45.23344 44.78535 44.33320 43.87683 43.41608 42.95077 42.48070 42.00566 41.52541 41.03972 40.54831 40.05091 39.54723 39.03695 38.51974 37.99524 37.46308 36.92285 36.37412 35.81643 35.24929 34.67216 34.08448 33.48565 32.87499 32.25182
59.24859 58.90297 58.55541 58.20589 57.85438 57.50083 57.14522 56.78751 56.42767 56.06565 55.70142 55.33495 54.96619 54.59511 54.22166 53.84580 53.46749 53.08668 52.70333 52.31740 51.92884 51.53759 51.14361 50.74684 50.34723 49.94473 49.53926 49.13078 48.71920 48.30447 47.88649 47.46520 47.04050 46.61230 46.18049 45.74496 45.30559 44.86224 44.41477 43.96302 43.50684 43.04604 42.58043 42.10980 41.63394 41.15263 40.66561 40.17263 39.67341 39.16766 38.65506 38.13530 37.60800 37.07281 36.52931 35.97707 35.41565 34.84454 34.26322 33.67113 33.06767 32.45221 31.82406
58.86042 58.51560 58.16887 57.82018 57.46951 57.11683 56.76209 56.40527 56.04633 55.68524 55.32195 54.95642 54.58863 54.21852 53.84606 53.47120 53.09390 52.71411 52.33179 51.94688 51.55934 51.16911 50.77614 50.38037 49.98173 49.58016 49.17560 48.76796 48.35718 47.94316 47.52582 47.10507 46.68081 46.25292 45.82128 45.38578 44.94629 44.50265 44.05471 43.60233 43.14532 42.68350 42.21667 41.74465 41.26719 40.78409 40.29508 39.79992 39.29832 38.78999 38.27463 37.75190 37.22144 36.68289 36.13583 35.57985 35.01449 34.43925 33.85363 33.25709 32.64903 32.02887 31.39598
58.49329 58.14926 57.80330 57.45540 57.10551 56.75360 56.39965 56.04361 55.68544 55.32512 54.96260 54.59784 54.23080 53.86145 53.48972 53.11559 52.73900 52.35991 51.97826 51.59400 51.20707 50.81742 50.42498 50.02969 49.63149 49.23029 48.82603 48.41862 48.00797 47.59400 47.17662 46.75570 46.33116 45.90287 45.47070 45.03454 44.59423 44.14964 43.70061 43.24697 42.78855 42.32516 41.85661 41.38270 40.90320 40.41788 39.92649 39.42878 38.92447 38.41327 37.89486 37.36891 36.83507 36.29296 35.74219 35.18233 34.61294 34.03354 33.44364 32.84272 32.23023 31.60564 30.96841
58.13961 57.79641 57.45125 57.10411 56.75496 56.40378 56.05053 55.69518 55.33770 54.97803 54.61614 54.25200 53.88555 53.51676 53.14557 52.77194 52.39581 52.01715 51.63588 51.25195 50.86531 50.47589 50.08362 49.68844 49.29026 48.88902 48.48463 48.07700 47.66605 47.25168 46.83378 46.41224 45.98697 45.55783 45.12469 44.68743 44.24590 43.79996 43.34943 42.89417 42.43399 41.96870 41.49811 41.02201 40.54018 40.05238 39.55838 39.05790 38.55067 38.03639 37.51477 36.98545 36.44810 35.90235 35.34780 34.78404 34.21065 33.62715 33.03311 32.42802 31.81143 31.18288 30.54197
57.79184 57.44976 57.10566 56.75950 56.41126 56.06091 55.70842 55.35376 54.99691 54.63784 54.27650 53.91286 53.54688 53.17851 52.80771 52.43441 52.05858 51.68015 51.29906 50.91525 50.52866 50.13923 49.74687 49.35153 48.95311 48.55155 48.14674 47.73861 47.32706 46.91199 46.49329 46.07085 45.64456 45.21429 44.77991 44.34129 43.89828 43.45073 42.99849 42.54137 42.07921 41.61182 41.13899 40.66052 40.17619 39.68576 39.18899 38.68561 38.17535 37.65791 37.13299 36.60026 36.05937 35.50997 34.95168 34.38410 33.80683 33.21945 32.62154 32.01270 31.39254 30.76076 30.11717
57.44343 57.10251 56.75955 56.41452 56.06738 55.71809 55.36661 55.01289 54.65690 54.29860 53.93793 53.57487 53.20937 52.84140 52.47091 52.09785 51.72219 51.34386 50.96281 50.57898 50.19229 49.80268 49.41008 49.01440 48.61557 48.21350 47.80810 47.39929 46.98695 46.57100 46.15132 45.72780 45.30032 44.86875 44.43297 43.99283 43.54819 43.09890 42.64479 42.18569 41.72143 41.25182 40.77665 40.29572 39.80881 39.31567 38.81607 38.30975 37.79643 37.27582 36.74762 36.21151 35.66716 35.11423 34.55235 33.98117 33.40030 32.80940 32.20811 31.59613 30.97324 30.33934 29.69457
57.08988 56.74997 56.40800 56.06394 55.71775 55.36939 55.01881 54.66598 54.31085 53.95338 53.59351 53.23119 52.86638 52.49901 52.12903 51.75639 51.38102 51.00287 50.62188 50.23799 49.85115 49.46128 49.06833 48.67221 48.27286 47.87018 47.46409 47.05448 46.64126 46.22433 45.80357 45.37887 44.95011 44.51716 44.07989 43.63815 43.19181 42.74071 42.28468 41.82355 41.35715 40.88528 40.40775 39.92434 39.43484 38.93902 38.43662 37.92740 37.41109 36.88739 36.35603 35.81670 35.26908 34.71285 34.14769 33.57326 32.98927 32.39543 31.79149 31.17732 30.55291 29.91849 29.27474
56.72475 56.38586 56.04487 55.70174 55.35645 55.00894 54.65918 54.30712 53.95272 53.59593 53.23670 52.87498 52.51072 52.14386 51.77435 51.40214 51.02714 50.64931 50.26857 49.88485 49.49807 49.10816 48.71504 48.31862 47.91883 47.51559 47.10881 46.69840 46.28428 45.86634 45.44448 45.01858 44.58852 44.15418 43.71542 43.27210 42.82407 42.37117 41.91324 41.45012 40.98162 40.50756 40.02773 39.54193 39.04994 38.55153 38.04647 37.53450 37.01537 36.48880 35.95453 35.41226 34.86170 34.30257 33.73460 33.15751 32.57108 31.97514 31.36961 30.75457 30.13032 29.49759 28.85781
56.33632 55.99866 55.65886 55.31686 54.97264 54.62615 54.27734 53.92618 53.57262 53.21661 52.85810 52.49704 52.13338 51.76705 51.39802 51.02620 50.65155 50.27399 49.89346 49.50989 49.12320 48.73333 48.34018 47.94367 47.54372 47.14022 46.73309 46.32222 45.90750 45.48882 45.06607 44.63916 44.20796 43.77235 43.33222 42.88743 42.43783 41.98328 41.52360 41.05864 40.58821 40.11212 39.63018 39.14219 38.64793 38.14718 37.63971 37.12529 36.60366 36.07458 35.53778 34.99303 34.44005 33.87862 33.30853 32.72958 32.14167 31.54478 30.93904 30.32481 29.70284 29.07445 28.44185
55.90411 55.56839 55.23043 54.89020 54.54766 54.20276 53.85547 53.50574 53.15352 52.79877 52.44144 52.08148 51.71883 51.35345 50.98526 50.61421 50.24025 49.86329 49.48329 49.10016 48.71383 48.32422 47.93126 47.53486 47.13494 46.73140 46.32415 45.91308 45.49810 45.07910 44.65595 44.22854 43.79673 43.36040 42.91941 42.47360 42.02285 41.56701 41.10593 40.63946 40.16744 39.68968 39.20600 38.71619 38.22006 37.71739 37.20796 36.69155 36.16794 35.63689 35.09817 34.55159 33.99693 33.43401 32.86272 32.28297 31.69479 31.09836 30.49406 29.88258 29.26507 28.64331 28.01964
