data/CoulombOnly/Outputs_CoulombOnly/release1HS_03CoulombOnly_null_RAMMSUSER_pfv.asc
ncols        998
nrows        298
xllcorner    1007.500000004988
yllcorner    -4992.499999998512
cellsize     5.000000000000
[rows 132 to 153 of 298, columns 245 to 293 of 998]
nan nan nan nan nan nan nan nan nan nan nan nan nan nan nan nan nan nan nan nan nan nan nan nan nan nan nan nan nan nan nan nan nan nan nan nan nan nan nan nan nan nan nan nan nan nan nan nan nan
nan nan nan nan nan nan nan nan nan nan nan nan nan nan nan nan nan nan nan nan nan nan nan nan nan nan nan nan nan nan nan nan nan nan nan nan nan nan nan nan nan nan nan nan nan nan nan nan nan
nan nan nan nan nan nan nan nan nan nan nan nan nan nan nan nan nan nan nan nan nan nan nan nan nan nan nan nan nan nan nan nan nan nan nan nan nan nan nan nan nan nan nan nan nan nan nan nan nan
nan nan nan nan nan nan nan nan nan nan nan nan nan nan nan nan nan nan nan nan nan nan nan nan nan nan nan nan nan nan nan nan nan nan nan nan nan nan nan nan nan nan nan nan nan nan nan nan nan
nan nan nan nan nan nan nan nan nan nan nan nan nan nan nan nan nan nan nan nan nan nan nan nan nan nan nan nan nan nan nan nan nan nan nan nan nan nan nan nan nan nan nan nan nan nan nan nan nan
nan nan nan nan nan nan nan nan nan nan nan nan nan nan nan nan nan nan nan nan nan nan nan nan nan nan nan nan nan nan nan nan nan nan nan nan nan nan nan nan nan nan nan nan nan nan nan nan nan
nan nan nan nan nan nan nan nan nan nan nan nan nan nan nan nan nan nan nan nan nan nan nan nan nan nan nan nan nan nan nan nan nan nan nan nan nan nan nan nan nan nan nan nan nan nan nan nan nan
nan nan nan nan nan nan nan nan nan nan nan nan nan nan nan nan nan nan nan nan nan nan nan nan nan nan nan nan nan nan nan nan nan nan nan nan nan nan nan nan nan nan nan nan nan nan nan nan nan
nan nan nan nan nan nan nan nan nan nan nan nan nan nan nan nan nan nan nan nan nan nan nan nan nan nan nan nan nan nan nan nan nan nan nan nan nan nan nan nan nan nan nan nan nan nan nan nan nan
nan nan nan nan nan nan nan nan nan nan nan nan nan nan nan nan nan nan nan nan nan nan nan nan nan nan nan nan nan nan nan nan nan nan nan nan nan nan nan nan nan nan nan nan nan nan nan nan nan
nan nan nan nan nan nan nan nan nan nan nan nan nan nan nan nan nan nan nan nan nan nan nan nan nan nan nan nan nan nan nan nan nan nan nan nan nan nan nan nan nan nan nan nan nan nan nan nan nan
58.349773406982421875 58.192317962646484375 58.0044097900390625 57.7812957763671875 57.51737213134765625 57.206180572509765625 56.83809661865234375 56.397891998291015625 55.86684417724609375 55.224864959716796875 54.463275909423828125 53.56533050537109375 52.50321197509765625 51.240650177001953125 49.73099517822265625 47.911350250244140625 45.690158843994140625 42.965087890625 39.560146331787109375 35.329319000244140625 30.36168670654296875 nan nan nan nan nan nan nan nan nan nan nan nan nan nan nan nan nan nan nan nan nan nan nan nan nan nan nan nan
65.02161407470703125 65.06583404541015625 65.10408782958984375 65.13564300537109375 65.16059112548828125 65.177734375 65.18723297119140625 65.18939971923828125 65.1838226318359375 65.1699066162109375 65.14539337158203125 65.10715484619140625 65.05210113525390625 64.97576904296875 64.87348175048828125 64.73879241943359375 64.56542205810546875 64.34613800048828125 64.07295989990234375 64.01828765869140625 64.058349609375 64.1031341552734375 64.14502716064453125 64.18236541748046875 64.2158966064453125 64.24564361572265625 64.27263641357421875 64.29604339599609375 64.315093994140625 64.32942962646484375 64.33913421630859375 64.344512939453125 64.3462371826171875 64.34476470947265625 64.3404541015625 64.3341064453125 64.32527923583984375 64.3148345947265625 64.30263519287109375 64.2899932861328125 64.27661895751953125 64.2634735107421875 64.25249481201171875 64.2445220947265625 64.24073028564453125 64.242340087890625 64.24959564208984375 64.26369476318359375 64.2844696044921875
68.01139068603515625 68.1063995361328125 68.2008514404296875 68.29280853271484375 68.38399505615234375 68.4736480712890625 68.561370849609375 68.647186279296875 68.730499267578125 68.8108673095703125 68.8880615234375 68.9604339599609375 69.0276641845703125 69.08980560302734375 69.1446533203125 69.19300079345703125 69.2325592041015625 69.2621612548828125 69.28833770751953125 69.31500244140625 69.34180450439453125 69.3713531494140625 69.40570831298828125 69.44487762451171875 69.48841094970703125 69.5365142822265625 69.58965301513671875 69.6476287841796875 69.71028900146484375 69.7768402099609375 69.8465423583984375 69.9184112548828125 69.99286651611328125 70.06939697265625 70.14862060546875 70.23088836669921875 70.3164520263671875 70.4064178466796875 70.5023956298828125 70.60019683837890625 70.69921112060546875 70.79912567138671875 70.900909423828125 71.00351715087890625 71.10747528076171875 71.213287353515625 71.3204345703125 71.43016815185546875 71.54135894775390625
69.61382293701171875 69.73172760009765625 69.84963226318359375 69.965545654296875 70.08129119873046875 70.195648193359375 70.3097686767578125 70.42211151123046875 70.534332275390625 70.64481353759765625 70.75505828857421875 70.86331939697265625 70.9711456298828125 71.07686614990234375 71.1812286376953125 71.28359222412109375 71.38413238525390625 71.4829864501953125 71.58029937744140625 71.67610931396484375 71.7698822021484375 71.86235809326171875 71.9525299072265625 72.04270172119140625 72.13236236572265625 72.2222442626953125 72.3125457763671875 72.40467071533203125 72.497222900390625 72.59111785888671875 72.6856842041015625 72.78150177001953125 72.8788299560546875 72.97801971435546875 73.0787811279296875 73.1814422607421875 73.2862091064453125 73.39263153076171875 73.50086212158203125 73.6108856201171875 73.722625732421875 73.83592987060546875 73.9512939453125 74.068603515625 74.1876373291015625 74.308929443359375 74.4322662353515625 74.558013916015625 74.6860809326171875
70.4686279296875 70.5979766845703125 70.7267303466796875 70.8545684814453125 70.98236083984375 71.10926055908203125 71.23648834228515625 71.3623199462890625 71.4885101318359375 71.61307525634765625 71.7378387451171875 71.86136627197265625 71.984710693359375 72.10732269287109375 72.22953033447265625 72.35105133056640625 72.47179412841796875 72.592254638671875 72.71175384521484375 72.8313751220703125 72.9503021240234375 73.069427490234375 73.18791961669921875 73.30645751953125 73.4247283935546875 73.542022705078125 73.65943145751953125 73.77626800537109375 73.892669677734375 74.00899505615234375 74.1251373291015625 74.2412261962890625 74.3571319580078125 74.47348785400390625 74.5898895263671875 74.70684814453125 74.82466888427734375 74.94358062744140625 75.06433868408203125 75.1869964599609375 75.311492919921875 75.43738555908203125 75.56395721435546875 75.6911773681640625 75.81876373291015625 75.94683837890625 76.0751800537109375 76.203857421875 76.33315277099609375
70.88299560546875 71.0167388916015625 71.14995574951171875 71.28276824951171875 71.4154052734375 71.54747772216796875 71.67911529541015625 71.8104705810546875 71.94139862060546875 72.0720062255859375 72.20240020751953125 72.33245849609375 72.46207427978515625 72.591552734375 72.7205047607421875 72.8494415283203125 72.9778594970703125 73.10633087158203125 73.234588623046875 73.36293792724609375 73.49146270751953125 73.619781494140625 73.7483673095703125 73.87656402587890625 74.00506591796875 74.13265228271484375 74.26038360595703125 74.3875274658203125 74.5146942138671875 74.6417388916015625 74.76873016357421875 74.896636962890625 75.0246734619140625 75.15317535400390625 75.281829833984375 75.410736083984375 75.53897857666015625 75.66725921630859375 75.79518890380859375 75.92276763916015625 76.05022430419921875 76.17758941650390625 76.304779052734375 76.432373046875 76.5609283447265625 76.69083404541015625 76.82285308837890625 76.9551544189453125 77.08809661865234375
71.0311126708984375 71.165740966796875 71.300750732421875 71.43410491943359375 71.56772613525390625 71.70055389404296875 71.8333282470703125 71.9657135009765625 72.097808837890625 72.22986602783203125 72.36106109619140625 72.4930572509765625 72.6238861083984375 72.75536346435546875 72.88625335693359375 73.0176544189453125 73.14827728271484375 73.27959442138671875 73.41005706787109375 73.541168212890625 73.67201995849609375 73.8030242919921875 73.93428802490234375 74.0654144287109375 74.19708251953125 74.3277435302734375 74.458984375 74.589508056640625 74.71990966796875 74.8497314453125 74.9794921875 75.10913848876953125 75.23968505859375 75.37113189697265625 75.50341033935546875 75.636444091796875 75.76888275146484375 75.9014129638671875 76.03321075439453125 76.16461181640625 76.29514312744140625 76.42513275146484375 76.5543060302734375 76.68300628662109375 76.81113433837890625 76.93898773193359375 77.0668182373046875 77.1951904296875 77.32491302490234375
71.04073333740234375 71.1754913330078125 71.31072998046875 71.4444122314453125 71.5781097412109375 71.710968017578125 71.843994140625 71.97666168212890625 72.109344482421875 72.241790771484375 72.37351226806640625 72.5061492919921875 72.637359619140625 72.76944732666015625 72.9006195068359375 73.03223419189453125 73.163177490234375 73.2946014404296875 73.42522430419921875 73.55632781982421875 73.68703460693359375 73.817840576171875 73.9488067626953125 74.07942962646484375 74.2107391357421875 74.3410491943359375 74.47174835205078125 74.60198974609375 74.73212432861328125 74.86167144775390625 74.99102783203125 75.12020111083984375 75.2499237060546875 75.38025665283203125 75.51145172119140625 75.64339447021484375 75.775054931640625 75.9068450927734375 76.03792572021484375 76.16863250732421875 76.2984619140625 76.4277496337890625 76.556182861328125 76.68413543701171875 76.8114166259765625 76.938385009765625 77.065155029296875 77.19191741943359375 77.3197021484375
70.91909027099609375 71.05300140380859375 71.18670654296875 71.3198394775390625 71.452667236328125 71.58502197265625 71.71697998046875 71.84835052490234375 71.979583740234375 72.11067962646484375 72.2416229248046875 72.372711181640625 72.50301361083984375 72.6331787109375 72.762908935546875 72.8922882080078125 73.02108001708984375 73.149993896484375 73.2781524658203125 73.40654754638671875 73.5345916748046875 73.662261962890625 73.7900390625 73.9173583984375 74.0446624755859375 74.17122650146484375 74.29790496826171875 74.42371368408203125 74.54930877685546875 74.6747589111328125 74.79965972900390625 74.9251708984375 75.05059814453125 75.17638397216796875 75.30242156982421875 75.42864227294921875 75.5541839599609375 75.6799468994140625 75.80539703369140625 75.93045806884765625 76.05510711669921875 76.17950439453125 76.303466796875 76.42717742919921875 76.55110931396484375 76.67528533935546875 76.80047607421875 76.9270477294921875 77.05573272705078125
70.549346923828125 70.67862701416015625 70.80786895751953125 70.93585205078125 71.0635223388671875 71.1895904541015625 71.315704345703125 71.4411773681640625 71.56742095947265625 71.69246673583984375 71.8173828125 71.94109344482421875 72.06441497802734375 72.1866455078125 72.3083953857421875 72.429718017578125 72.550018310546875 72.66988372802734375 72.78888702392578125 72.90755462646484375 73.02510833740234375 73.1425323486328125 73.25896453857421875 73.37567901611328125 73.49173736572265625 73.60706329345703125 73.72191619873046875 73.835784912109375 73.9492034912109375 74.0618743896484375 74.1739044189453125 74.2855377197265625 74.39655303955078125 74.50769805908203125 74.618377685546875 74.72898101806640625 74.839874267578125 74.95086669921875 75.0626068115234375 75.17534637451171875 75.28949737548828125 75.40547943115234375 75.52337646484375 75.643035888671875 75.76338958740234375 75.8848724365234375 76.0067596435546875 76.12945556640625 76.25269317626953125
69.766082763671875 69.88393402099609375 70.00128936767578125 70.11612701416015625 70.23029327392578125 70.3427276611328125 70.45565032958984375 70.5666656494140625 70.67768096923828125 70.78639984130859375 70.8952178955078125 71.001922607421875 71.1083831787109375 71.2132110595703125 71.316741943359375 71.41826629638671875 71.51763153076171875 71.614898681640625 71.70999908447265625 71.8036956787109375 71.8954620361328125 71.986053466796875 72.07413482666015625 72.161285400390625 72.2466888427734375 72.330810546875 72.41394805908203125 72.4978179931640625 72.58115386962890625 72.66553497314453125 72.7501983642578125 72.835235595703125 72.92086029052734375 73.00768280029296875 73.0952301025390625 73.1838836669921875 73.27435302734375 73.3660736083984375 73.45960235595703125 73.5548248291015625 73.6517181396484375 73.74987030029296875 73.84998321533203125 73.95218658447265625 74.055999755859375 74.16225433349609375 74.2700958251953125 74.3801422119140625 74.4918212890625
