data/CoulombOnly/Outputs_CoulombOnly/release1HS_null_03CoulombOnly_faSavageHutterFoam_pft.asc
xllcenter 1000
yllcenter -5000
nrows 301
ncols 1001
NODATA_value -9999
cellsize 5
[rows 124 to 154 of 301, columns 560 to 629 of 1001]
0.00418715 0.00451712 0.00487674 0.00527017 0.00570437 0.00618352 0.00671273 0.0072991 0.00795842 0.00869736 0.00953818 0.0104858 0.0115518 0.012755 0.0141207 0.0156813 0.0174724 0.0195352 0.021932 0.0247761 0.0281582 0.0323115 0.0397983 0.0503487 0.061873 0.0735244 0.084314 0.0928962 0.0982452 0.0991158 0.0950273 0.085877 0.0720927 0.0553204 0.0380568 0.0227235 0.0111952 0.0041078 0.000855044 5.80637e-05 1.0308e-06 9.9999e-07 1e-06 1e-06 1e-06 1e-06 1e-06 1e-06 1e-06 1e-06 1e-06 1e-06 1e-06 1e-06 1e-06 1e-06 1e-06 1e-06 1e-06 1e-06 1e-06 1e-06 1e-06 1e-06 1e-06 1e-06 1e-06 1e-06 1e-06 1e-06
0.00906825 0.00975366 0.0105082 0.0113397 0.0122554 0.0132767 0.0144129 0.0156768 0.0170901 0.018661 0.0204012 0.0223442 0.0245197 0.0269609 0.0297169 0.0328407 0.036381 0.0404562 0.0451599 0.050649 0.0571822 0.0650921 0.0786961 0.100297 0.123788 0.147345 0.169447 0.187651 0.200206 0.205543 0.201955 0.189155 0.167421 0.138064 0.104049 0.0702025 0.0411148 0.019936 0.00735127 0.00163612 0.000125999 1.18059e-06 9.99979e-07 1e-06 1e-06 1e-06 1e-06 1e-06 1e-06 1e-06 1e-06 1e-06 1e-06 1e-06 1e-06 1e-06 1e-06 1e-06 1e-06 1e-06 1e-06 1e-06 1e-06 1e-06 1e-06 1e-06 1e-06 1e-06 1e-06 1e-06
0.0186925 0.0201027 0.0216524 0.0233552 0.0252352 0.0272923 0.029549 0.0320261 0.0347503 0.0377552 0.0410799 0.0447677 0.0488694 0.0534423 0.0585511 0.0642741 0.0707496 0.078123 0.0865367 0.096283 0.107695 0.1214 0.145228 0.184194 0.225267 0.265926 0.303269 0.33453 0.357132 0.368542 0.36748 0.352248 0.322783 0.279873 0.22606 0.16633 0.108828 0.0612436 0.0282764 0.00986871 0.00208831 0.000143231 1.18146e-06 9.99975e-07 1e-06 1e-06 1e-06 1e-06 1e-06 1e-06 1e-06 1e-06 1e-06 1e-06 1e-06 1e-06 1e-06 1e-06 1e-06 1e-06 1e-06 1e-06 1e-06 1e-06 1e-06 1e-06 1e-06 1e-06 1e-06 1e-06
0.0370712 0.0397574 0.0426808 0.0458563 0.0493029 0.0530512 0.0571293 0.0615697 0.0664363 0.071765 0.0775993 0.0840043 0.0910528 0.0988262 0.107469 0.117081 0.127804 0.139791 0.153515 0.169153 0.187298 0.208767 0.24761 0.309248 0.371899 0.4325 0.48687 0.532204 0.565342 0.584033 0.586251 0.570537 0.535861 0.4821 0.409939 0.323385 0.231111 0.14502 0.0770377 0.032964 0.010449 0.001897 9.23788e-05 1.04208e-06 9.99996e-07 1e-06 1e-06 1e-06 1e-06 1e-06 1e-06 1e-06 1e-06 1e-06 1e-06 1e-06 1e-06 1e-06 1e-06 1e-06 1e-06 1e-06 1e-06 1e-06 1e-06 1e-06 1e-06 1e-06 1e-06 1e-06
0.0695871 0.0742438 0.0792649 0.0846596 0.0904661 0.0967269 0.103472 0.110803 0.118737 0.127323 0.136642 0.146782 0.157842 0.169928 0.183158 0.197761 0.21391 0.231884 0.251863 0.274592 0.300468 0.330698 0.388521 0.474981 0.560435 0.640055 0.710228 0.768238 0.810486 0.835888 0.841708 0.826681 0.789626 0.728826 0.644756 0.53776 0.413149 0.284093 0.168703 0.082799 0.0319018 0.00875676 0.00121349 3.04453e-05 9.98252e-07 1e-06 1e-06 1e-06 1e-06 1e-06 1e-06 1e-06 1e-06 1e-06 1e-06 1e-06 1e-06 1e-06 1e-06 1e-06 1e-06 1e-06 1e-06 1e-06 1e-06 1e-06 1e-06 1e-06 1e-06 1e-06
0.122523 0.129914 0.137771 0.14614 0.15507 0.164635 0.174891 0.185862 0.197619 0.210229 0.22379 0.238409 0.254203 0.2713 0.289834 0.309945 0.331964 0.356246 0.383006 0.412688 0.446395 0.484946 0.563369 0.67342 0.779724 0.875317 0.95885 1.02639 1.07613 1.10658 1.11515 1.10171 1.06336 0.999665 0.908745 0.789485 0.642947 0.477616 0.312097 0.171611 0.0758054 0.0254772 0.00571186 0.000506562 4.49676e-06 9.99801e-07 1e-06 1e-06 1e-06 1e-06 1e-06 1e-06 1e-06 1e-06 1e-06 1e-06 1e-06 1e-06 1e-06 1e-06 1e-06 1e-06 1e-06 1e-06 1e-06 1e-06 1e-06 1e-06 1e-06 1e-06
0.201587 0.212245 0.223476 0.235334 0.247961 0.261319 0.27542 0.290469 0.3064 0.323322 0.341426 0.360716 0.381307 0.403341 0.427101 0.452648 0.480217 0.510104 0.542944 0.579102 0.619275 0.664901 0.762649 0.893971 1.01687 1.12557 1.21941 1.2941 1.34972 1.38338 1.39427 1.38146 1.34254 1.27703 1.18262 1.05726 0.898809 0.709838 0.503397 0.306108 0.151718 0.0585226 0.0164975 0.00273283 0.000118575 1.08459e-06 9.99995e-07 1e-06 1e-06 1e-06 1e-06 1e-06 1e-06 1e-06 1e-06 1e-06 1e-06 1e-06 1e-06 1e-06 1e-06 1e-06 1e-06 1e-06 1e-06 1e-06 1e-06 1e-06 1e-06 1e-06
0.309832 0.323905 0.33861 0.354169 0.370466 0.387559 0.405573 0.424409 0.444283 0.465307 0.487475 0.510901 0.535713 0.562041 0.590018 0.619948 0.652035 0.686533 0.723728 0.764579 0.809457 0.860065 0.976722 1.12616 1.26192 1.38163 1.48303 1.56346 1.62338 1.65926 1.67168 1.65877 1.61895 1.55188 1.45468 1.32579 1.16164 0.960079 0.727 0.48264 0.265388 0.114784 0.0374407 0.00839746 0.000842025 1.11103e-05 9.99444e-07 1e-06 1e-06 1e-06 1e-06 1e-06 1e-06 1e-06 1e-06 1e-06 1e-06 1e-06 1e-06 1e-06 1e-06 1e-06 1e-06 1e-06 1e-06 1e-06 1e-06 1e-06 1e-06 1e-06
0.446294 0.463418 0.481412 0.500097 0.519518 0.539745 0.560813 0.58296 0.605987 0.630184 0.655471 0.682019 0.709959 0.739426 0.770551 0.803456 0.838375 0.875977 0.91636 0.959961 1.00808 1.06167 1.19687 1.36178 1.50807 1.63691 1.74454 1.82981 1.89301 1.93057 1.94382 1.93018 1.8889 1.81969 1.71956 1.58751 1.41958 1.21184 0.964347 0.687991 0.415167 0.199238 0.0728625 0.0194161 0.00312518 0.000133492 1.11516e-06 9.99993e-07 1e-06 1e-06 1e-06 1e-06 1e-06 1e-06 1e-06 1e-06 1e-06 1e-06 1e-06 1e-06 1e-06 1e-06 1e-06 1e-06 1e-06 1e-06 1e-06 1e-06 1e-06 1e-06
0.605917 0.625573 0.64587 0.666793 0.688415 0.710983 0.734321 0.758462 0.783722 0.809701 0.837018 0.86557 0.895384 0.926584 0.959337 0.994138 1.03086 1.06989 1.11183 1.15722 1.20678 1.26217 1.41789 1.59565 1.75099 1.88795 2.00061 2.09057 2.15634 2.19521 2.20874 2.1939 2.15063 2.07861 1.97502 1.83951 1.66811 1.45606 1.2013 0.906182 0.592176 0.312638 0.126417 0.0380394 0.00789036 0.000695253 7.60301e-06 9.99637e-07 1e-06 1e-06 1e-06 1e-06 1e-06 1e-06 1e-06 1e-06 1e-06 1e-06 1e-06 1e-06 1e-06 1e-06 1e-06 1e-06 1e-06 1e-06 1e-06 1e-06 1e-06 1e-06
0.781113 0.802183 0.823727 0.845969 0.868981 0.892578 0.91705 0.942353 0.968285 0.995666 1.02386 1.05316 1.08369 1.11563 1.1492 1.1843 1.22172 1.26142 1.30385 1.34989 1.4002 1.45649 1.63528 1.82404 1.9881 2.13218 2.2498 2.34363 2.41182 2.4518 2.46525 2.44888 2.40307 2.3277 2.22011 2.08037 1.90505 1.68921 1.42949 1.12435 0.78373 0.450755 0.200024 0.0664437 0.0160869 0.00224229 6.82576e-05 1.0191e-06 9.99999e-07 1e-06 1e-06 1e-06 1e-06 1e-06 1e-06 1e-06 1e-06 1e-06 1e-06 1e-06 1e-06 1e-06 1e-06 1e-06 1e-06 1e-06 1e-06 1e-06 1e-06 1e-06
0.963083 0.984488 1.00654 1.02925 1.05249 1.07636 1.10096 1.12635 1.15284 1.18004 1.20819 1.23734 1.26788 1.29982 1.33331 1.36855 1.40565 1.44547 1.48812 1.53408 1.585 1.64188 1.84654 2.04486 2.21747 2.36801 2.49019 2.58817 2.65846 2.69932 2.71239 2.69422 2.64543 2.56631 2.45424 2.30964 2.12995 1.90939 1.64556 1.33465 0.978323 0.605531 0.292828 0.106149 0.0287235 0.00524252 0.000325408 2.19291e-06 9.99935e-07 1e-06 1e-06 1e-06 1e-06 1e-06 1e-06 1e-06 1e-06 1e-06 1e-06 1e-06 1e-06 1e-06 1e-06 1e-06 1e-06 1e-06 1e-06 1e-06 1e-06 1e-06
1.1439 1.16512 1.18695 1.20921 1.23199 1.25567 1.27993 1.305 1.33074 1.35734 1.3849 1.41376 1.4438 1.47517 1.50816 1.54306 1.57994 1.6192 1.66178 1.70788 1.75895 1.82314 2.04979 2.25621 2.43785 2.59436 2.72138 2.82297 2.89528 2.93683 2.94929 2.92912 2.87696 2.79378 2.67692 2.52703 2.34188 2.11645 1.84852 1.53333 1.16769 0.767807 0.401395 0.157717 0.0466325 0.0100641 0.00105139 1.66321e-05 9.99589e-07 1e-06 1e-06 1e-06 1e-06 1e-06 1e-06 1e-06 1e-06 1e-06 1e-06 1e-06 1e-06 1e-06 1e-06 1e-06 1e-06 1e-06 1e-06 1e-06 1e-06 1e-06
1.31771 1.33831 1.35925 1.38067 1.40288 1.42567 1.4491 1.47316 1.49815 1.524 1.55109 1.57919 1.60846 1.63916 1.67145 1.70567 1.74223 1.78122 1.82353 1.86981 1.92109 2.00555 2.243 2.45764 2.64816 2.81019 2.94195 3.04717 3.12124 3.16339 3.17502 3.15271 3.09692 3.00943 2.88764 2.732 2.54114 2.31044 2.03775 1.71861 1.34711 0.929756 0.520346 0.22028 0.0702746 0.0170564 0.00251605 8.50568e-05 1.04092e-06 9.99998e-07 1e-06 1e-06 1e-06 1e-06 1e-06 1e-06 1e-06 1e-06 1e-06 1e-06 1e-06 1e-06 1e-06 1e-06 1e-06 1e-06 1e-06 1e-06 1e-06 1e-06
1.48053 1.50006 1.51995 1.54057 1.56179 1.58357 1.60603 1.62929 1.65346 1.67866 1.70473 1.73198 1.76057 1.79067 1.82245 1.85611 1.89227 1.93109 1.973 2.01947 2.0711 2.17806 2.42556 2.64778 2.84713 3.01453 3.15123 3.2597 3.3357 3.37811 3.38895 3.36425 3.30462 3.2125 3.08576 2.92423 2.72719 2.49101 2.21319 1.8901 1.51433 1.0858 0.644026 0.291861 0.0996565 0.0264581 0.00487258 0.000294255 1.99394e-06 9.99945e-07 1e-06 1e-06 1e-06 1e-06 1e-06 1e-06 1e-06 1e-06 1e-06 1e-06 1e-06 1e-06 1e-06 1e-06 1e-06 1e-06 1e-06 1e-06 1e-06 1e-06
1.63014 1.64847 1.66753 1.68717 1.70722 1.72794 1.74952 1.77183 1.79519 1.81936 1.84474 1.87129 1.89926 1.92882 1.96018 1.99351 2.0293 2.06804 2.11006 2.15665 2.20885 2.33994 2.59627 2.82612 3.03426 3.20652 3.34809 3.45971 3.53733 3.58002 3.58957 3.56257 3.49905 3.40224 3.27081 3.10327 2.9001 2.6582 2.37534 2.04783 1.66822 1.23225 0.767136 0.369619 0.13422 0.0383169 0.00819418 0.000783286 1.02002e-05 9.99501e-07 1e-06 1e-06 1e-06 1e-06 1e-06 1e-06 1e-06 1e-06 1e-06 1e-06 1e-06 1e-06 1e-06 1e-06 1e-06 1e-06 1e-06 1e-06 1e-06 1e-06
1.76517 1.78252 1.80062 1.81909 1.83826 1.85829 1.87906 1.90068 1.92316 1.94671 1.97128 1.99726 2.02465 2.05376 2.08478 2.1179 2.15346 2.19225 2.2345 2.28151 2.33438 2.49024 2.75433 2.99211 3.208 3.38558 3.5319 3.64677 3.7254 3.7681 3.77644 3.74715 3.67981 3.57836 3.44196 3.26898 3.05933 2.81171 2.5236 2.19163 1.80824 1.3673 0.885464 0.450301 0.172893 0.052464 0.0124962 0.00166637 4.16111e-05 1.00472e-06 1e-06 1e-06 1e-06 1e-06 1e-06 1e-06 1e-06 1e-06 1e-06 1e-06 1e-06 1e-06 1e-06 1e-06 1e-06 1e-06 1e-06 1e-06 1e-06 1e-06
1.88524 1.90202 1.91914 1.93684 1.95531 1.97453 1.99453 2.01541 2.03725 2.06014 2.08424 2.10982 2.13685 2.16556 2.19639 2.22943 2.26494 2.30387 2.34644 2.39396 2.44764 2.6281 2.89894 3.14474 3.36811 3.55053 3.70156 3.8188 3.89902 3.94162 3.94847 3.91691 3.84591 3.73971 3.59874 3.42044 3.20471 2.95149 2.6581 2.32162 1.93468 1.4895 0.996304 0.530631 0.214233 0.0685159 0.0177179 0.0029708 0.000122739 1.11229e-06 9.99994e-07 1e-06 1e-06 1e-06 1e-06 1e-06 1e-06 1e-06 1e-06 1e-06 1e-06 1e-06 1e-06 1e-06 1e-06 1e-06 1e-06 1e-06 1e-06 1e-06
1.9909 2.00681 2.02319 2.04026 2.05816 2.07676 2.09618 2.11653 2.13785 2.16027 2.18413 2.20936 2.23619 2.2647 2.29529 2.32836 2.36399 2.4031 2.44606 2.49417 2.54866 2.75287 3.03019 3.28376 3.51362 3.70089 3.85583 3.97573 4.05731 4.0996 4.10509 4.07116 3.9968 3.88613 3.74067 3.55749 3.33592 3.0771 2.7787 2.43784 2.04739 1.59897 1.09742 0.607705 0.256612 0.0859053 0.0237084 0.00465668 0.000292774 2.04984e-06 9.99942e-07 1e-06 1e-06 1e-06 1e-06 1e-06 1e-06 1e-06 1e-06 1e-06 1e-06 1e-06 1e-06 1e-06 1e-06 1e-06 1e-06 1e-06 1e-06 1e-06
2.08236 2.09763 2.11332 2.13001 2.14732 2.16546 2.18438 2.2043 2.22522 2.24751 2.27112 2.29613 2.32276 2.35127 2.38177 2.41494 2.45076 2.49012 2.53353 2.58225 2.63767 2.86399 3.14741 3.40774 3.64387 3.83554 3.99441 4.1164 4.19905 4.24116 4.245 4.20922 4.13186 4.01673 3.867 3.67937 3.45232 3.18848 2.88552 2.54036 2.14682 1.69547 1.1875 0.679494 0.29843 0.103933 0.0302219 0.00664473 0.000589031 6.36409e-06 9.99709e-07 1e-06 1e-06 1e-06 1e-06 1e-06 1e-06 1e-06 1e-06 1e-06 1e-06 1e-06 1e-06 1e-06 1e-06 1e-06 1e-06 1e-06 1e-06 1e-06
2.16021 2.17491 2.19031 2.20652 2.22347 2.24117 2.25982 2.27947 2.30026 2.32226 2.34561 2.37049 2.39706 2.42551 2.45611 2.48944 2.52554 2.56523 2.60911 2.65845 2.71474 2.96093 3.24963 3.51733 3.75788 3.9539 4.11619 4.24031 4.324 4.3659 4.3683 4.33035 4.25012 4.13134 3.97747 3.78584 3.55409 3.2856 2.97821 2.62959 2.2331 1.77874 1.26624 0.744422 0.338107 0.12179 0.0369436 0.0088221 0.00101572 1.76487e-05 9.99136e-07 1e-06 1e-06 1e-06 1e-06 1e-06 1e-06 1e-06 1e-06 1e-06 1e-06 1e-06 1e-06 1e-06 1e-06 1e-06 1e-06 1e-06 1e-06 1e-06
2.22498 2.23935 2.25448 2.27038 2.287 2.30445 2.32283 2.34233 2.36299 2.38488 2.40812 2.43291 2.45943 2.48789 2.51853 2.55194 2.5883 2.62825 2.67251 2.72237 2.77948 3.04305 3.33702 3.61056 3.85575 4.05523 4.22048 4.34639 4.43109 4.47266 4.47378 4.43397 4.35125 4.22887 4.0718 3.87654 3.64073 3.36814 3.05715 2.70517 2.30587 1.84908 1.33345 0.801044 0.374095 0.138646 0.0435151 0.0110516 0.00153851 3.81482e-05 1.00415e-06 1e-06 1e-06 1e-06 1e-06 1e-06 1e-06 1e-06 1e-06 1e-06 1e-06 1e-06 1e-06 1e-06 1e-06 1e-06 1e-06 1e-06 1e-06 1e-06
2.27703 2.29112 2.30612 2.3218 2.33822 2.35549 2.37379 2.39318 2.41372 2.43553 2.45873 2.48345 2.51 2.53854 2.56927 2.6028 2.63938 2.67963 2.72428 2.77463 2.83239 3.11053 3.4088 3.68711 3.93634 4.13896 4.30707 4.43447 4.51958 4.56088 4.56082 4.51943 4.43464 4.30966 4.1492 3.95113 3.712 3.43599 3.12197 2.76713 2.36537 1.90682 1.38859 0.848434 0.405252 0.15374 0.0495715 0.013182 0.00209953 6.76452e-05 1.02496e-06 9.99998e-07 1e-06 1e-06 1e-06 1e-06 1e-06 1e-06 1e-06 1e-06 1e-06 1e-06 1e-06 1e-06 1e-06 1e-06 1e-06 1e-06 1e-06 1e-06
2.31695 2.33087 2.34575 2.36125 2.37753 2.39467 2.41294 2.43224 2.45272 2.47449 2.49767 2.52244 2.54898 2.57753 2.60839 2.64208 2.67878 2.71924 2.76428 2.81517 2.87338 3.1629 3.46484 3.74715 3.99899 4.20488 4.37467 4.50321 4.58896 4.63008 4.6291 4.5864 4.50015 4.37266 4.2099 4.00942 3.76772 3.48902 3.17249 2.81548 2.41194 1.95197 1.43172 0.886207 0.430737 0.166427 0.054778 0.0150648 0.00263258 0.000103343 1.08145e-06 9.99998e-07 1e-06 1e-06 1e-06 1e-06 1e-06 1e-06 1e-06 1e-06 1e-06 1e-06 1e-06 1e-06 1e-06 1e-06 1e-06 1e-06 1e-06 1e-06
2.34504 2.35889 2.3736 2.38901 2.4052 2.42232 2.44053 2.45978 2.48022 2.50197 2.52514 2.54994 2.57654 2.60518 2.63609 2.66978 2.70669 2.74738 2.79262 2.84379 2.90252 3.2 3.50476 3.78999 4.04397 4.25176 4.4232 4.5526 4.63873 4.67975 4.67814 4.63444 4.54709 4.41805 4.25347 4.05129 3.80772 3.52712 3.20882 2.85025 2.44542 1.9844 1.46303 0.913906 0.449879 0.176163 0.0588355 0.0165569 0.00307389 0.000139017 1.17897e-06 1e-06 1e-06 1e-06 1e-06 1e-06 1e-06 1e-06 1e-06 1e-06 1e-06 1e-06 1e-06 1e-06 1e-06 1e-06 1e-06 1e-06 1e-06 1e-06
2.36161 2.37542 2.3901 2.40542 2.42154 2.43863 2.45679 2.47601 2.49643 2.51816 2.54133 2.56613 2.59277 2.62146 2.65244 2.68623 2.72321 2.764 2.80938 2.86072 2.91968 3.22184 3.52836 3.81532 4.07058 4.27976 4.45218 4.58213 4.66854 4.70954 4.70756 4.66353 4.57516 4.44537 4.27971 4.07651 3.83202 3.55025 3.23093 2.87147 2.46592 2.00438 1.48244 0.93133 0.46213 0.182492 0.0614947 0.0175424 0.00337247 0.000166511 1.2827e-06 9.99992e-07 1e-06 1e-06 1e-06 1e-06 1e-06 1e-06 1e-06 1e-06 1e-06 1e-06 1e-06 1e-06 1e-06 1e-06 1e-06 1e-06 1e-06 1e-06
2.36698 2.38076 2.39538 2.41069 2.42679 2.44389 2.46203 2.48124 2.50165 2.52338 2.54655 2.57136 2.598 2.62671 2.65772 2.69153 2.72853 2.76934 2.81475 2.86613 2.92515 3.22844 3.53564 3.82327 4.07894 4.28869 4.46156 4.59173 4.67828 4.71934 4.71736 4.67305 4.58475 4.45465 4.28865 4.08522 3.84045 3.55855 3.2389 2.87925 2.47358 2.01204 1.4901 0.938384 0.467177 0.185106 0.0625855 0.0179438 0.00349437 0.000178471 1.33662e-06 9.99991e-07 1e-06 1e-06 1e-06 1e-06 1e-06 1e-06 1e-06 1e-06 1e-06 1e-06 1e-06 1e-06 1e-06 1e-06 1e-06 1e-06 1e-06 1e-06
2.36133 2.37512 2.38975 2.40507 2.42118 2.43829 2.45645 2.47567 2.49608 2.51782 2.54098 2.56579 2.59242 2.62111 2.65211 2.6859 2.72288 2.76363 2.80899 2.86029 2.91919 3.21999 3.52674 3.81392 4.06919 4.27869 4.45138 4.58147 4.668 4.70921 4.70754 4.66353 4.57545 4.44573 4.2804 4.07745 3.83306 3.55177 3.23281 2.87363 2.46843 2.00739 1.48597 0.934962 0.46484 0.183864 0.0620295 0.0177241 0.00342407 0.000171399 1.3039e-06 1e-06 1e-06 1e-06 1e-06 1e-06 1e-06 1e-06 1e-06 1e-06 1e-06 1e-06 1e-06 1e-06 1e-06 1e-06 1e-06 1e-06 1e-06 1e-06
2.34455 2.35839 2.3731 2.38847 2.40463 2.42175 2.43994 2.45918 2.47961 2.50134 2.52451 2.5493 2.5759 2.60455 2.63548 2.66919 2.70609 2.74671 2.79192 2.843 2.90162 3.1963 3.50133 3.78688 4.0409 4.24936 4.42143 4.55111 4.6375 4.67896 4.6779 4.63467 4.54744 4.41875 4.25481 4.05307 3.81003 3.52994 3.2125 2.85454 2.45035 1.99033 1.46995 0.921023 0.455156 0.178813 0.0598584 0.0168995 0.00316926 0.000147272 1.20188e-06 1e-06 1e-06 1e-06 1e-06 1e-06 1e-06 1e-06 1e-06 1e-06 1e-06 1e-06 1e-06 1e-06 1e-06 1e-06 1e-06 1e-06 1e-06 1e-06
2.31631 2.33023 2.34505 2.36053 2.37677 2.39393 2.41218 2.43146 2.45192 2.47366 2.49683 2.52159 2.54815 2.57672 2.60756 2.64114 2.67787 2.71829 2.76323 2.81396 2.87212 3.15736 3.45963 3.74248 3.99444 4.20107 4.37198 4.50101 4.58713 4.62891 4.62878 4.58662 4.50069 4.37394 4.21195 4.01213 3.77113 3.49339 3.17778 2.82159 2.4192 1.96072 1.44201 0.896769 0.438394 0.170186 0.0562076 0.0155363 0.00275974 0.000112787 1.10514e-06 1e-06 1e-06 1e-06 1e-06 1e-06 1e-06 1e-06 1e-06 1e-06 1e-06 1e-06 1e-06 1e-06 1e-06 1e-06 1e-06 1e-06 1e-06 1e-06
2.2763 2.29034 2.30534 2.32098 2.33737 2.3546 2.37292 2.39229 2.4128 2.43457 2.45777 2.4825 2.50901 2.5375 2.56821 2.60165 2.63815 2.6783 2.7229 2.77316 2.8307 3.10339 3.40206 3.68123 3.9304 4.1344 4.30338 4.43148 4.51721 4.5594 4.56046 4.51971 4.43548 4.31128 4.15199 3.95471 3.71654 3.44187 3.12889 2.77524 2.37476 1.91835 1.40194 0.862079 0.414896 0.158358 0.0512965 0.0137409 0.00224319 7.63754e-05 1.03892e-06 1e-06 1e-06 1e-06 1e-06 1e-06 1e-06 1e-06 1e-06 1e-06 1e-06 1e-06 1e-06 1e-06 1e-06 1e-06 1e-06 1e-06 1e-06 1e-06
