data/CoulombOnly/Outputs_CoulombOnly/release1HS_null_03CoulombOnly_faSavageHutterFoam_pfv.asc
xllcenter 1000
yllcenter -5000
nrows 301
ncols 1001
NODATA_value -9999
cellsize 5
[rows 145 to 173 of 301, columns 585 to 649 of 1001]
23.8035 23.1819 22.5482 21.9011 21.2402 20.5644 19.8723 19.1625 18.4335 17.681 16.9037 16.1006 15.2674 14.3977 13.4925 12.5433 11.5431 10.4838 9.35369 8.13017 6.78853 5.28212 3.54993 1.42907 0.0257977 -1.40605e-06 5.42577e-12 5.0053e-12 5.69102e-12 5.53317e-12 4.99232e-12 4.63012e-12 3.01138e-12 3.00905e-12 3.11287e-12 2.50304e-12 2.50122e-12 2.01606e-12 6.64036e-13 5.90985e-13 2.05914e-12 2.48877e-12 2.49362e-12 2.49002e-12 3.10145e-12 2.97804e-12 2.48979e-12 2.14816e-12 6.16135e-13 2.82561e-14 5.58479e-15 4.129e-15 2.27649e-15 7.16819e-16 8.85864e-16 3.42306e-17 1.43372e-17 1.94005e-18 4.19907e-19 3.38565e-20 1.04843e-20 1.2117e-21 6.84151e-24 9.03103e-24 2.65848e-25
23.9035 23.284 22.6522 22.0073 21.3487 20.6752 19.9857 19.2784 18.5513 17.802 17.0267 16.2287 15.3981 14.5321 13.6329 12.6844 11.6954 10.6388 9.5173 8.30544 6.97508 5.49531 3.79309 1.72042 0.0555043 -3.00845e-06 4.34958e-12 4.997e-12 5.06576e-12 3.64418e-12 2.51218e-12 2.50644e-12 2.50208e-12 2.03117e-12 1.26915e-12 2.1587e-12 2.49742e-12 2.49614e-12 2.49239e-12 3.00585e-12 2.92632e-12 2.48807e-12 2.49086e-12 2.49025e-12 2.06499e-12 6.53939e-13 1.18724e-14 5.73593e-15 4.29539e-15 2.12509e-15 5.9909e-16 8.76299e-16 3.21208e-17 1.52178e-17 1.97148e-17 1.71906e-18 4.40157e-19 1.94584e-20 1.23751e-20 6.6879e-22 1.80541e-22 1.037e-23 1.69753e-24 6.5526e-26 9.35481e-27
23.9821 23.3643 22.7342 22.0915 21.435 20.7635 20.0758 19.37 18.6442 17.8956 17.1268 16.3289 15.5012 14.6412 13.7405 12.8025 11.8109 10.7668 9.64822 8.44341 7.12997 5.66533 3.97638 1.94223 0.0963145 -2.57379e-06 3.00792e-12 4.98857e-12 4.53762e-12 3.05104e-12 2.50319e-12 2.49851e-12 2.49812e-12 2.49366e-12 2.9322e-12 3.00578e-12 2.48872e-12 2.49068e-12 2.49017e-12 2.14825e-12 6.16149e-13 2.82541e-14 9.68635e-15 8.875e-15 6.97204e-15 5.04451e-15 2.57029e-15 6.9435e-16 7.96628e-16 4.65367e-17 1.28631e-17 1.82118e-17 1.8954e-18 4.02768e-19 4.60619e-19 3.74034e-20 1.05251e-20 1.21246e-21 1.45444e-22 2.00973e-23 4.52214e-24 4.62969e-25 1.08541e-26 3.32153e-27 5.55916e-28
24.0408 23.4234 22.794 22.1515 21.4956 20.8255 20.1388 19.4351 18.7122 17.9676 17.1973 16.4024 15.5772 14.7165 13.8236 12.8821 11.9003 10.8537 9.74255 8.54569 7.23536 5.78241 4.12145 2.11731 0.140397 1.62098e-07 3.28584e-12 2.49842e-12 2.4963e-12 2.49423e-12 2.49149e-12 2.48951e-12 2.49045e-12 2.48262e-12 2.05223e-12 5.82034e-13 1.12581e-14 9.49692e-15 9.02146e-15 6.95053e-15 4.34266e-15 2.15938e-15 1.11026e-16 2.41526e-17 8.49936e-16 7.80981e-16 2.98012e-17 1.51058e-17 1.61418e-17 2.36782e-18 2.95277e-19 4.6431e-19 4.38012e-20 1.08333e-20 1.58717e-20 7.68965e-22 1.75867e-22 1.04753e-23 4.88944e-24 1.96078e-25 6.6136e-26 1.92919e-26 1.18855e-27 7.13514e-28 7.994e-28
24.076 23.4594 22.8312 22.1904 21.536 20.8666 20.1808 19.4771 18.753 18.0103 17.2431 16.4462 15.6252 14.766 13.8726 12.9362 11.9529 10.9109 9.80361 8.60984 7.3068 5.85455 4.20589 2.21806 0.176823 2.9962e-07 -7.08955e-12 1.05761e-14 9.38699e-15 1.04211e-14 1.04093e-14 1.02579e-14 1.03325e-14 8.98785e-15 6.27102e-15 4.15856e-15 2.29295e-15 3.42143e-17 1.88657e-17 7.37133e-16 7.94957e-16 4.48128e-17 3.6108e-18 1.94862e-18 1.92979e-17 1.74033e-17 2.13394e-18 3.89342e-19 4.15578e-19 2.21963e-20 8.0497e-21 1.48631e-20 8.06818e-22 1.57194e-22 1.28245e-22 2.41355e-23 4.4993e-24 4.57108e-25 4.06786e-26 1.53006e-26 1.42051e-26 1.68456e-26 1.26587e-26 4.18391e-28 1.77727e-26
24.09 23.4743 22.8464 22.2057 21.5515 20.8825 20.1972 19.4939 18.7708 18.0263 17.2602 16.4648 15.6429 14.7858 13.8912 12.9569 11.9727 10.9336 9.8263 8.63379 7.33333 5.88562 4.23703 2.25518 0.193419 3.76657e-07 -9.7132e-12 3.69707e-15 2.8592e-17 3.54747e-17 4.12878e-18 5.77424e-19 3.24153e-18 6.04176e-17 1.45498e-15 1.60483e-15 1.57667e-17 3.70014e-18 3.23603e-18 3.45938e-17 3.05407e-17 4.24208e-18 6.95198e-20 7.73271e-20 8.86605e-19 7.62753e-19 7.2343e-20 2.27664e-20 2.461e-20 2.34933e-21 2.41333e-22 2.34235e-22 4.62008e-23 9.35663e-24 1.30941e-23 3.72056e-25 9.79254e-26 1.50413e-26 1.04683e-26 8.37866e-27 8.48019e-27 1.33232e-26 1.77713e-26 1.68533e-26 1.78416e-26
24.0813 23.465 22.8369 22.1962 21.542 20.8728 20.1873 19.4836 18.76 18.0164 17.2497 16.4532 15.6319 14.7739 13.8802 12.9442 11.9608 10.9195 9.81253 8.61934 7.31726 5.86657 4.21882 2.23374 0.183201 3.29414e-07 1.0436e-12 1.01664e-14 9.21685e-15 1.02468e-14 1.02297e-14 1.02137e-14 1.01411e-14 8.75654e-15 6.11691e-15 4.6505e-15 2.07053e-15 3.142e-17 2.07407e-17 8.66943e-16 6.61534e-16 3.49588e-17 3.03786e-18 1.98478e-18 1.94702e-17 1.67176e-17 2.06243e-18 4.68965e-19 3.29198e-19 2.08955e-20 1.0305e-20 1.28161e-20 6.92327e-22 1.54131e-22 1.17211e-22 2.22274e-23 3.65527e-24 3.48739e-25 3.91349e-26 1.84667e-26 1.30152e-26 7.76568e-27 1.46573e-26 1.46254e-26 1.36143e-26
24.0509 23.4338 22.8046 22.1624 21.5069 20.8371 20.1506 19.4471 18.7249 17.9797 17.2103 16.4156 15.5908 14.7309 13.8384 12.897 11.9161 10.8698 9.76045 8.56477 7.25647 5.8043 4.14796 2.14952 0.151546 -4.95872e-06 3.32641e-12 2.4991e-12 2.49548e-12 2.49378e-12 2.49097e-12 2.48936e-12 2.48999e-12 2.47966e-12 2.03532e-12 5.19686e-13 1.01956e-14 9.3543e-15 8.65059e-15 6.55289e-15 4.68532e-15 1.98676e-15 8.93237e-17 2.27226e-17 8.74806e-16 7.38297e-16 2.80799e-17 1.66637e-17 1.43118e-17 2.01275e-18 3.81e-19 3.69283e-19 3.75906e-20 1.14603e-20 1.5171e-20 6.87415e-22 1.42991e-22 9.07792e-24 4.99761e-24 1.81991e-25 5.47285e-26 1.37507e-26 1.09531e-26 1.84881e-26 1.84912e-26
23.9967 23.3793 22.7495 22.1071 21.4509 20.7797 20.0924 19.3871 18.6623 17.9134 17.1452 16.3482 15.5204 14.6622 13.7623 12.8244 11.8345 10.7909 9.6734 8.47033 7.15959 5.69918 4.013 1.98821 0.108312 7.67587e-08 4.556e-12 4.98791e-12 4.53273e-12 3.04306e-12 2.5032e-12 2.49884e-12 2.49851e-12 2.50019e-12 2.97516e-12 3.04468e-12 2.49048e-12 2.48989e-12 2.48849e-12 2.13431e-12 5.60038e-13 2.21984e-14 9.40941e-15 8.59824e-15 6.72015e-15 5.12432e-15 2.50268e-15 8.23941e-16 6.63141e-16 3.71432e-17 1.45987e-17 1.61623e-17 1.67236e-18 4.13364e-19 4.31564e-19 3.41393e-20 8.73541e-21 9.38827e-22 1.34976e-22 1.90611e-23 3.66528e-24 3.50491e-25 1.78833e-26 1.16451e-26 1.11304e-26
23.9223 23.303 22.6715 22.0271 21.3688 20.6957 20.0066 19.2999 18.5741 17.8248 17.0509 16.2531 15.4233 14.5584 13.6601 12.7129 11.7249 10.6694 9.55134 8.34217 7.01599 5.53772 3.84548 1.78484 0.0653761 1.83746e-08 5.0029e-12 4.99731e-12 5.07724e-12 3.63935e-12 2.51178e-12 2.50617e-12 2.50168e-12 2.02368e-12 1.19827e-12 2.14697e-12 2.49679e-12 2.49652e-12 2.49508e-12 3.0464e-12 2.96917e-12 2.49371e-12 2.49046e-12 2.48942e-12 2.06056e-12 6.38004e-13 1.12661e-14 5.35322e-15 4.64769e-15 1.94312e-15 7.26523e-16 7.30379e-16 2.75485e-17 1.56671e-17 1.90319e-17 1.56072e-18 3.51929e-19 1.57902e-20 1.24039e-20 6.23617e-22 1.48144e-22 9.22374e-24 1.28705e-24 5.3591e-26 1.38444e-26
23.8264 23.2051 22.5715 21.9248 21.2642 20.5892 19.8975 19.1881 18.46 17.7086 16.9326 16.1299 15.2979 14.4299 13.5249 12.5776 11.5781 10.5222 9.39413 8.17383 6.83708 5.33863 3.6128 1.50598 0.0322125 2.48595e-09 5.49721e-12 5.00524e-12 5.69287e-12 5.53533e-12 4.9915e-12 4.61097e-12 2.9808e-12 3.01335e-12 3.12251e-12 2.50476e-12 2.50118e-12 2.01318e-12 6.48352e-13 5.30749e-13 2.04329e-12 2.48512e-12 2.49308e-12 2.49077e-12 3.11082e-12 2.98732e-12 2.489e-12 2.1342e-12 5.60017e-13 2.19207e-14 5.40499e-15 4.63028e-15 2.05398e-15 7.46215e-16 8.43007e-16 3.32563e-17 1.25265e-17 1.56252e-18 4.00876e-19 3.12594e-20 8.66328e-21 9.53798e-22 6.82964e-24 7.29187e-24 2.28744e-25
23.7104 23.087 22.4511 21.802 21.1388 20.4606 19.7662 19.0539 18.3223 17.5672 16.7873 15.9804 15.1445 14.2724 13.3612 12.4096 11.4006 10.3392 9.19984 7.96642 6.61282 5.09238 3.3243 1.16592 0.00193896 -5.28447e-08 7.92725e-12 5.39889e-12 5.94019e-12 6.87346e-12 5.48649e-12 5.09581e-12 3.54644e-12 3.07183e-12 4.53057e-12 4.60704e-12 2.97745e-12 3.0068e-12 3.11679e-12 2.49536e-12 2.06757e-12 6.45754e-13 1.74679e-14 1.37826e-14 6.43391e-13 2.00356e-12 2.48934e-12 3.04391e-12 2.9703e-12 2.48467e-12 2.03551e-12 5.19651e-13 9.34523e-15 5.56183e-15 5.00513e-15 1.92841e-15 6.31754e-16 4.90075e-17 1.74969e-17 1.44492e-18 3.66198e-19 1.54024e-20 2.40005e-21 2.1953e-22 1.82452e-23
23.5777 22.9498 22.311 21.6593 20.9933 20.312 19.614 18.8978 18.1617 17.4015 16.6171 15.8068 14.9651 14.0865 13.1705 12.2117 11.1951 10.1231 8.97149 7.72247 6.34726 4.7969 2.98025 0.784014 -1.97334e-05 -1.18475e-09 1.0607e-11 7.90689e-12 5.9913e-12 6.89257e-12 5.93731e-12 5.5911e-12 5.48327e-12 4.98904e-12 4.52347e-12 3.57093e-12 2.99205e-12 2.63181e-12 2.64249e-12 2.49851e-12 3.11796e-12 2.99506e-12 2.03813e-12 5.21675e-13 1.4393e-14 1.1261e-14 1.45254e-14 5.24072e-13 2.03757e-12 2.48534e-12 2.97082e-12 3.04329e-12 2.48868e-12 2.00137e-12 6.3816e-13 7.37931e-15 3.76274e-15 1.52162e-15 7.85446e-16 3.16562e-17 1.20559e-17 1.59534e-18 5.20954e-20 1.23086e-20 6.8619e-22
23.4281 22.7971 22.1541 21.4975 20.8268 20.1419 19.4398 18.7188 17.9772 17.2137 16.4256 15.6088 14.7595 13.8751 12.9538 11.9846 10.9617 9.87361 8.7083 7.44065 6.03967 4.44761 2.57247 0.410938 -1.96331e-05 -1.33953e-10 1.11775e-11 1.06763e-11 7.8727e-12 6.54607e-12 7.06779e-12 6.26981e-12 6.97439e-12 5.53343e-12 4.94118e-12 4.08126e-12 4.11032e-12 3.6377e-12 3.1292e-12 2.5009e-12 2.64077e-12 2.62551e-12 2.97947e-12 3.04791e-12 2.49016e-12 2.00116e-12 6.4028e-13 1.20456e-14 9.20253e-15 2.36598e-14 5.61808e-13 2.1368e-12 2.48961e-12 2.98834e-12 3.1114e-12 2.13485e-12 5.59659e-13 2.10917e-14 4.54728e-15 1.90222e-15 6.49302e-16 4.8049e-17 2.02714e-18 4.95769e-19 2.83183e-20
23.2654 22.6293 21.9813 21.3194 20.6451 19.955 19.2478 18.5218 17.7752 17.0039 16.209 15.3852 14.5314 13.6412 12.7095 11.7296 10.6979 9.59611 8.40978 7.11656 5.68477 4.06018 2.09967 0.155432 -8.25408e-06 2.99117e-12 1.17983e-11 1.11785e-11 1.05619e-11 8.5471e-12 7.9126e-12 7.89772e-12 7.598e-12 5.92994e-12 5.49095e-12 5.58613e-12 5.08254e-12 4.27184e-12 4.10856e-12 2.89739e-12 3.12512e-12 3.01348e-12 2.56486e-12 2.59227e-12 2.49544e-12 2.99227e-12 3.11338e-12 2.13481e-12 5.59332e-13 2.28439e-14 8.68029e-15 7.46127e-15 1.15409e-14 6.40378e-13 2.065e-12 3.04546e-12 2.97094e-12 2.02123e-12 6.39418e-13 7.35997e-15 3.43193e-15 1.5834e-15 9.50048e-17 1.42575e-17 1.34341e-18
23.0918 22.4487 21.7953 21.1279 20.4469 19.7511 19.0379 18.3058 17.553 16.7763 15.9749 15.1438 14.2793 13.3792 12.4409 11.4521 10.4035 9.28697 8.08407 6.76794 5.30279 3.6093 1.56532 0.0382805 -2.08012e-06 1.45522e-11 1.42686e-11 1.32548e-11 1.17334e-11 1.05321e-11 8.49376e-12 7.68438e-12 7.29178e-12 6.96581e-12 6.09405e-12 5.5924e-12 5.69628e-12 5.5749e-12 4.93819e-12 3.57104e-12 2.6495e-12 2.63218e-12 2.98816e-12 3.0554e-12 2.07356e-12 1.27582e-12 2.07184e-12 3.0464e-12 2.97058e-12 2.01975e-12 6.35588e-13 5.63683e-15 3.24623e-15 4.09783e-15 7.94263e-15 5.21672e-13 2.03884e-12 2.99048e-12 3.11102e-12 2.13362e-12 5.58148e-13 2.03252e-14 1.5162e-15 7.04493e-16 2.59047e-17
22.9091 22.2592 21.5974 20.9239 20.2358 19.5319 18.8121 18.0729 17.3135 16.529 15.7196 14.8804 14.0088 13.1 12.146 11.1464 10.0833 8.94954 7.72014 6.36885 4.86251 3.11025 0.98412 9.10601e-05 -3.04448e-09 1.73862e-11 1.57857e-11 1.47175e-11 1.39428e-11 1.18288e-11 1.063e-11 9.13304e-12 8.12391e-12 7.5878e-12 7.12454e-12 5.59801e-12 5.70088e-12 5.58865e-12 5.4822e-12 5.57812e-12 5.07208e-12 3.6466e-12 2.56982e-12 2.59497e-12 3.12397e-12 2.82977e-12 6.50583e-13 5.2943e-13 2.04257e-12 2.99424e-12 2.99442e-12 5.21191e-13 7.87619e-15 3.7743e-15 3.45295e-15 3.72417e-15 8.89719e-15 6.39832e-13 2.0659e-12 3.04608e-12 2.86927e-12 6.88175e-13 8.90551e-15 3.13238e-15 1.65438e-15
22.7191 22.0606 21.3905 20.7086 20.0122 19.3012 18.5725 17.8248 17.0575 16.2645 15.4459 14.5975 13.7161 12.7965 11.8312 10.8147 9.73626 8.57906 7.32082 5.94413 4.37982 2.54244 0.427723 2.94148e-06 2.3759e-11 1.9526e-11 1.76407e-11 1.50834e-11 1.45753e-11 1.38943e-11 1.17951e-11 1.11773e-11 1.05585e-11 9.25853e-12 9.00366e-12 7.67098e-12 6.25255e-12 5.33238e-12 4.18001e-12 4.94485e-12 4.3189e-12 4.68098e-12 3.61406e-12 3.06251e-12 2.64386e-12 3.45349e-12 3.12173e-12 2.13856e-12 5.67289e-13 7.10211e-13 2.87367e-12 3.04804e-12 2.06372e-12 6.36695e-13 8.02764e-15 6.55446e-16 1.96125e-15 4.43206e-15 7.98752e-15 5.23644e-13 2.99666e-12 2.99237e-12 2.03568e-12 5.17903e-13 5.9135e-15
22.5215 21.8535 21.1739 20.4827 19.7773 19.0566 18.3198 17.5631 16.7842 15.982 15.1543 14.2956 13.4028 12.4702 11.4907 10.4579 9.35958 8.17616 6.8924 5.47218 3.84131 1.89898 0.102829 6.84078e-08 2.16698e-11 1.99618e-11 1.86662e-11 1.75205e-11 1.5134e-11 1.45782e-11 1.40194e-11 1.16764e-11 1.09622e-11 9.65108e-12 9.01638e-12 8.5018e-12 7.18521e-12 6.51892e-12 5.59622e-12 5.45132e-12 4.17757e-12 4.69573e-12 4.30915e-12 4.27781e-12 3.68043e-12 3.47059e-12 2.6413e-12 3.05283e-12 2.87292e-12 7.09279e-13 5.6871e-13 2.13921e-12 3.11486e-12 2.82481e-12 6.40518e-13 6.26676e-15 7.35027e-16 1.43953e-15 7.36464e-16 6.37316e-15 6.39041e-13 2.02285e-12 2.97146e-12 3.00472e-12 5.61763e-13
22.313 21.6352 20.9461 20.245 19.5302 18.7994 18.0518 17.2847 16.4968 15.682 14.8429 13.973 13.0672 12.1201 11.1232 10.0737 8.95094 7.73957 6.42216 4.94935 3.24107 1.18056 0.00247767 4.99663e-10 2.54267e-11 2.35846e-11 2.17816e-11 2.00162e-11 1.79479e-11 1.52721e-11 1.4351e-11 1.25859e-11 1.20093e-11 1.0661e-11 9.02446e-12 9.01215e-12 9.00576e-12 8.18614e-12 7.56665e-12 7.06879e-12 5.27389e-12 4.33982e-12 4.84435e-12 3.57169e-12 3.52356e-12 3.52035e-12 3.0123e-12 1.04704e-12 3.00482e-12 2.99973e-12 2.04317e-12 5.27084e-13 6.49015e-13 2.83089e-12 2.99829e-12 5.24018e-13 7.90358e-15 4.02892e-15 1.98962e-15 2.0837e-15 4.06289e-15 2.11507e-14 5.63959e-13 3.00763e-12 2.97089e-12
22.089 21.4022 20.7034 19.9918 19.2665 18.5255 17.7657 16.9886 16.1881 15.3636 14.5112 13.6262 12.7053 11.7432 10.7311 9.65805 8.50826 7.2675 5.90283 4.36296 2.566 0.48369 4.75471e-06 3.75604e-11 2.89052e-11 2.57938e-11 2.34986e-11 2.15022e-11 1.95245e-11 1.74536e-11 1.61128e-11 1.44601e-11 1.31934e-11 1.24434e-11 1.09146e-11 9.52338e-12 9.01175e-12 8.375e-12 7.13503e-12 7.06144e-12 6.43397e-12 4.39409e-12 4.71675e-12 4.05671e-12 3.56154e-12 3.53663e-12 3.51666e-12 3.05932e-12 2.63981e-12 2.62515e-12 2.98005e-12 3.00992e-12 5.70229e-13 7.07558e-13 2.87485e-12 3.04632e-12 2.06288e-12 6.36619e-13 7.98985e-15 1.19513e-15 7.82895e-16 8.61946e-16 5.97206e-15 5.20389e-13 2.03788e-12
21.8431 21.1475 20.4393 19.7174 18.9808 18.2292 17.4594 16.6682 15.8571 15.0181 14.1534 13.2552 12.3188 11.3377 10.3032 9.20399 8.02258 6.74906 5.33081 3.71711 1.77562 0.0836447 3.59957e-08 3.40683e-11 3.15414e-11 2.84766e-11 2.50872e-11 2.30894e-11 2.12369e-11 1.87298e-11 1.78303e-11 1.60072e-11 1.42445e-11 1.25547e-11 1.18074e-11 1.06093e-11 8.89004e-12 7.70189e-12 7.08013e-12 7.07275e-12 7.06232e-12 5.63888e-12 5.48461e-12 6.5399e-12 4.17279e-12 4.69484e-12 4.17935e-12 2.60219e-12 3.12594e-12 2.84767e-12 1.20244e-12 3.01453e-12 2.87417e-12 7.07445e-13 5.67806e-13 2.13696e-12 3.11308e-12 2.82301e-12 6.38357e-13 5.56083e-15 9.09794e-16 4.86183e-17 1.65515e-15 3.16305e-15 9.11957e-15
21.5654 20.8619 20.145 19.4139 18.6672 17.9032 17.1219 16.3199 15.4936 14.6435 13.7625 12.8467 11.8905 10.8888 9.83031 8.70106 7.49249 6.16365 4.68216 2.9615 0.906828 4.62589e-05 -1.32198e-09 3.6038e-11 3.25683e-11 3.13243e-11 2.8589e-11 2.55139e-11 2.43529e-11 2.15529e-11 1.94555e-11 1.76711e-11 1.60042e-11 1.43896e-11 1.29904e-11 1.24364e-11 1.07217e-11 1.00421e-11 8.82728e-12 7.59285e-12 7.07205e-12 5.38586e-12 4.18828e-12 6.54372e-12 5.26791e-12 4.38671e-12 5.87898e-12 3.56974e-12 2.64675e-12 3.45929e-12 3.01092e-12 1.0446e-12 3.00333e-12 2.83214e-12 6.43292e-13 1.29789e-14 6.44624e-13 2.82972e-12 2.99541e-12 5.20366e-13 5.30951e-15 8.96255e-16 9.7355e-17 7.14588e-16 1.51903e-15
21.2473 20.5356 19.8097 19.0698 18.3136 17.5393 16.7449 15.9308 15.0917 14.2262 13.3273 12.3962 11.4214 10.3952 9.30893 8.1494 6.89043 5.50732 3.93941 2.08044 0.194248 -1.0193e-05 2.61049e-11 4.20412e-11 3.59965e-11 3.27208e-11 3.14571e-11 2.84995e-11 2.54381e-11 2.30608e-11 2.12469e-11 1.95237e-11 1.78762e-11 1.60034e-11 1.41883e-11 1.36175e-11 1.11925e-11 1.07379e-11 1.06253e-11 1.00913e-11 8.86881e-12 7.00925e-12 4.34204e-12 5.45387e-12 6.42829e-12 4.24105e-12 4.07125e-12 4.93175e-12 3.68366e-12 3.52904e-12 3.51238e-12 3.0165e-12 1.20019e-12 2.85022e-12 2.99582e-12 5.21335e-13 1.41014e-14 6.90879e-13 2.87338e-12 3.00596e-12 5.61047e-13 1.96798e-14 1.49982e-15 2.38745e-17 7.99009e-17
20.8763 20.1578 19.4243 18.6744 17.9074 17.1232 16.3179 15.4891 14.6371 13.754 12.8408 11.8872 10.8857 9.83409 8.71504 7.5128 6.20378 4.74181 3.05623 1.04468 0.000134473 -9.47616e-09 4.73687e-11 4.55673e-11 4.18197e-11 3.62324e-11 3.25113e-11 3.0103e-11 2.77372e-11 2.48651e-11 2.29252e-11 2.00467e-11 1.90432e-11 1.75965e-11 1.4792e-11 1.41421e-11 1.22501e-11 1.07559e-11 1.06185e-11 9.45173e-12 1.0163e-11 9.93806e-12 7.66065e-12 6.08612e-12 7.06047e-12 6.38469e-12 4.19487e-12 3.54293e-12 3.52252e-12 3.53666e-12 3.55206e-12 3.53118e-12 2.88366e-12 1.37777e-12 2.88153e-12 3.00704e-12 5.62476e-13 3.94751e-14 5.64586e-13 3.00889e-12 2.8701e-12 6.87399e-13 8.13728e-15 1.19908e-15 3.26565e-17
20.4367 19.7114 18.9708 18.2129 17.4362 16.6404 15.8238 14.9815 14.1142 13.215 12.2805 11.3024 10.2786 9.19422 8.03456 6.77443 5.39706 3.83034 1.98065 0.170589 -8.98349e-06 4.25987e-11 5.16213e-11 4.65984e-11 4.41299e-11 4.00619e-11 3.54803e-11 3.18163e-11 3.00386e-11 2.71181e-11 2.47692e-11 2.25287e-11 2.02298e-11 2.04326e-11 1.78763e-11 1.59644e-11 1.40448e-11 1.13102e-11 1.05951e-11 1.00911e-11 8.26315e-12 8.80488e-12 8.44659e-12 7.07828e-12 7.0623e-12 7.04637e-12 6.51342e-12 4.0544e-12 3.55834e-12 3.53743e-12 3.52043e-12 3.53619e-12 3.54626e-12 2.86722e-12 1.20043e-12 3.01443e-12 2.87115e-12 6.8826e-13 1.34642e-14 5.23846e-13 2.99775e-12 2.82824e-12 6.38956e-13 5.57888e-15 9.35929e-16
19.9118 19.1793 18.4315 17.6659 16.8799 16.0722 15.2442 14.3889 13.5019 12.586 11.6261 10.625 9.56828 8.44289 7.23044 5.90385 4.43003 2.71646 0.736145 -1.52445e-05 -7.18509e-10 6.18861e-11 5.6801e-11 5.12983e-11 4.64001e-11 4.24378e-11 3.90891e-11 3.54591e-11 3.24674e-11 3.04549e-11 2.60363e-11 2.30339e-11 2.13164e-11 2.11266e-11 1.95453e-11 1.76709e-11 1.5851e-11 1.35334e-11 1.12633e-11 1.06083e-11 9.95214e-12 7.76103e-12 7.08409e-12 7.11184e-12 6.08138e-12 5.54882e-12 6.43045e-12 6.54001e-12 4.06864e-12 3.5523e-12 3.55526e-12 3.53601e-12 3.51698e-12 3.51677e-12 3.00898e-12 1.04473e-12 3.00296e-12 2.82927e-12 6.39934e-13 1.11974e-14 6.4286e-13 2.83073e-12 2.99539e-12 5.20388e-13 5.29427e-15
19.2754 18.5373 17.7834 17.0102 16.2153 15.3968 14.5544 13.6845 12.7789 11.8405 10.8542 9.82099 8.72328 7.5449 6.26042 4.8456 3.23805 1.32536 0.0202013 -1.09667e-06 7.26708e-11 6.71977e-11 6.20806e-11 5.65485e-11 5.22691e-11 4.65795e-11 4.13961e-11 3.8371e-11 3.40498e-11 3.18788e-11 3.07296e-11 2.52673e-11 2.1776e-11 2.11121e-11 1.96675e-11 1.89497e-11 1.74775e-11 1.48294e-11 1.35974e-11 1.11278e-11 1.06204e-11 9.91682e-12 7.71343e-12 8.39308e-12 8.35844e-12 4.85908e-12 4.02266e-12 5.41862e-12 5.883e-12 4.20175e-12 3.52404e-12 3.53623e-12 3.55064e-12 3.53041e-12 3.5115e-12 3.01518e-12 1.19909e-12 2.85e-12 2.99692e-12 5.21395e-13 1.35007e-14 6.90835e-13 2.87339e-12 3.00593e-12 5.60523e-13
18.4948 17.7544 16.995 16.2145 15.4105 14.5801 13.724 12.8361 11.9094 10.9452 9.92876 8.85023 7.69819 6.44904 5.07661 3.53485 1.72121 0.125812 -5.62515e-06 8.19368e-11 7.91636e-11 7.1415e-11 6.56404e-11 5.88878e-11 5.47325e-11 5.06823e-11 4.55291e-11 4.11756e-11 3.80564e-11 3.32164e-11 3.17169e-11 2.95321e-11 2.46496e-11 2.29776e-11 2.03651e-11 1.82284e-11 1.88586e-11 1.7047e-11 1.47758e-11 1.36223e-11 1.11385e-11 1.0512e-11 9.1268e-12 7.59921e-12 1.00583e-11 8.32161e-12 5.45505e-12 4.11349e-12 4.19328e-12 5.69888e-12 4.18428e-12 3.59731e-12 2.52091e-12 2.91164e-12 2.76517e-12 3.01791e-12 2.87931e-12 1.37678e-12 2.88142e-12 3.00755e-12 5.61951e-13 3.95221e-14 5.65076e-13 3.00898e-12 2.86898e-12
