data/CoulombOnly/Outputs_CoulombOnly/release1HS_03CoulombOnly_null_TRENT2D_pft.asc
ncols     1001
nrows      301
cellsize  5.000
xllcenter         1000.00
yllcenter        -5000.00
NODATA_value       nan
[rows 155 to 185 of 301, columns 0 to 69 of 1001]
nan nan nan nan nan nan nan 0.003317 0.195704 1.500137 1.500150 1.500164 1.500178 1.501022 1.502695 1.504369 1.506043 1.507717 1.510221 1.512725 1.515230 1.518564 1.521899 1.525233 1.528568 1.531904 1.536069 1.540234 1.544400 1.549395 1.553561 1.558557 1.562724 1.567720 1.572717 1.576884 1.581881 1.586878 1.591045 1.596042 1.601040 1.606037 1.611034 1.616031 1.621028 1.626025 1.631022 1.636019 1.641845 1.646841 1.652666 1.657661 1.664316 1.670140 1.676793 1.682615 1.690097 1.696748 1.703398 1.710877 1.718355 1.726661 1.734137 1.742441 1.750743 1.759044 1.768174 1.777301 1.786426 1.795550
nan nan nan nan nan nan nan 0.003317 0.195727 1.500316 1.500336 1.500355 1.500376 1.501226 1.502906 1.503757 1.506267 1.507949 1.510460 1.512971 1.515483 1.518825 1.522168 1.525511 1.529683 1.533027 1.537201 1.540545 1.544720 1.548065 1.552240 1.555586 1.559761 1.563108 1.566454 1.570631 1.573977 1.577324 1.580671 1.584848 1.588195 1.591542 1.595719 1.599066 1.602412 1.606588 1.610764 1.614939 1.619944 1.624118 1.629122 1.634125 1.639128 1.644129 1.649130 1.654129 1.659958 1.665785 1.671611 1.677435 1.683258 1.689910 1.696559 1.702376 1.709022 1.716495 1.723135 1.729773 1.736408 1.743040
nan nan nan nan nan nan nan 0.003318 0.195754 1.499699 1.499725 1.500582 1.500610 1.501467 1.502326 1.504014 1.506533 1.508222 1.510742 1.513263 1.516613 1.519964 1.523316 1.525839 1.529192 1.531715 1.535069 1.537594 1.540119 1.542645 1.545171 1.547697 1.550223 1.552750 1.554447 1.556974 1.559501 1.562028 1.564556 1.567083 1.569610 1.572967 1.575494 1.578851 1.581377 1.584733 1.588088 1.591443 1.594797 1.598150 1.602333 1.605684 1.609865 1.614044 1.618222 1.621568 1.626573 1.630746 1.634918 1.639087 1.644084 1.649079 1.653241 1.658230 1.662386 1.666539 1.671519 1.675665 1.679807 1.684775
nan nan nan nan nan nan nan 0.003318 0.195785 1.499944 1.499979 1.500015 1.500880 1.501747 1.502614 1.504312 1.506840 1.508539 1.511898 1.514429 1.516960 1.518662 1.521195 1.522898 1.524603 1.526307 1.528012 1.529718 1.530594 1.532301 1.533178 1.534885 1.536593 1.538301 1.540009 1.541718 1.543426 1.545134 1.546843 1.548551 1.551089 1.552797 1.555335 1.557041 1.559578 1.562114 1.563819 1.566354 1.568887 1.571419 1.573950 1.577311 1.579839 1.582365 1.585721 1.588243 1.591594 1.594943 1.597458 1.600801 1.603311 1.605817 1.608320 1.610819 1.613314 1.616636 1.619122 1.622434 1.625742 1.629044
nan nan nan nan nan nan nan 0.003319 0.195820 1.500224 1.500267 1.500312 1.500358 1.501234 1.502941 1.504649 1.507189 1.508899 1.510610 1.511492 1.513204 1.514088 1.514972 1.515027 1.515913 1.516799 1.517686 1.518574 1.519462 1.520350 1.521239 1.522129 1.523018 1.523908 1.524798 1.526519 1.527409 1.528299 1.530020 1.530910 1.532630 1.533519 1.535238 1.536956 1.537843 1.539559 1.541275 1.542990 1.544702 1.546414 1.548124 1.549832 1.551538 1.553241 1.554942 1.557472 1.559167 1.560029 1.560887 1.561741 1.562591 1.564268 1.565110 1.566778 1.569272 1.570930 1.573413 1.576721 1.578360 1.577499
nan nan nan nan nan nan nan 0.003320 0.195860 1.499707 1.499761 1.500646 1.500702 1.501590 1.503309 1.504199 1.505089 1.505981 1.506044 1.506108 1.507003 1.507069 1.507135 1.508033 1.508101 1.508170 1.509070 1.509140 1.510042 1.510113 1.511015 1.511087 1.511990 1.512063 1.512966 1.513870 1.513942 1.514846 1.515749 1.515820 1.516723 1.517624 1.518525 1.519425 1.520324 1.521221 1.522117 1.523012 1.523904 1.524795 1.525683 1.526569 1.527452 1.528333 1.529210 1.529252 1.528459 1.528494 1.528523 1.528549 1.530233 1.531080 1.532753 1.533588 1.535249 1.536071 1.537718 1.538526 1.533504 1.520159
nan nan nan nan nan nan nan 0.003320 0.195903 1.500054 1.500119 1.500186 1.501085 1.501985 1.502055 1.502128 1.502201 1.502276 1.502352 1.502429 1.502507 1.502586 1.502666 1.502747 1.502829 1.503743 1.503827 1.503911 1.503996 1.504082 1.504168 1.504255 1.504342 1.504429 1.505347 1.505434 1.505521 1.505608 1.505694 1.506611 1.506696 1.506780 1.506863 1.507776 1.507856 1.507935 1.508843 1.508918 1.508990 1.509891 1.509958 1.510022 1.510914 1.510971 1.509359 1.507744 1.507787 1.508658 1.509524 1.510383 1.510405 1.511252 1.511260 1.512093 1.512086 1.512903 1.513711 1.511182 1.500321 1.500269
nan nan nan nan nan nan nan 0.003321 0.195952 1.499605 1.499683 1.500593 1.500675 1.500758 1.500842 1.500928 1.501015 1.501104 1.501194 1.501286 1.501379 1.501473 1.501569 1.501665 1.501762 1.501030 1.501129 1.501230 1.501331 1.501432 1.501534 1.501637 1.501740 1.501843 1.501946 1.502049 1.502152 1.502254 1.502356 1.502457 1.502557 1.502656 1.502754 1.502850 1.502944 1.502204 1.502293 1.502380 1.502464 1.502545 1.502623 1.502696 1.503598 1.503664 1.502058 1.502113 1.502162 1.503871 1.504740 1.503937 1.502293 1.502307 1.502313 1.502309 1.502297 1.502274 1.502240 1.502195 1.500473 1.500404
nan nan nan nan nan nan nan 0.003322 0.196004 1.500022 1.500114 1.500208 1.500303 1.500401 1.500500 1.500601 1.500703 1.500808 1.500914 1.500190 1.500299 1.500409 1.500521 1.500634 1.500749 1.500864 1.500981 1.501099 1.500385 1.500504 1.500624 1.500744 1.500865 1.500985 1.501106 1.501226 1.500514 1.500634 1.500752 1.500870 1.500987 1.501102 1.501215 1.501327 1.501436 1.501542 1.500813 1.500914 1.501011 1.501104 1.501193 1.501277 1.501356 1.501430 1.503164 1.503226 1.503280 1.499994 1.500033 1.500063 1.500085 1.500097 1.500099 1.500090 1.500069 1.500036 1.499990 1.499930 1.500690 1.499767
nan nan nan nan nan nan nan 0.003323 0.196892 1.499644 1.499751 1.499860 1.499970 1.500083 1.500199 1.500316 1.500435 1.499725 1.499848 1.499973 1.500099 1.500227 1.500357 1.500488 1.499789 1.499923 1.500058 1.500194 1.500332 1.500469 1.499776 1.499915 1.500054 1.500194 1.500333 1.500472 1.499778 1.499916 1.500053 1.500188 1.500323 1.500455 1.499752 1.499880 1.500005 1.500128 1.500246 1.500361 1.500472 1.500577 1.499844 1.499939 1.500029 1.500111 1.500186 1.500254 1.500313 1.500363 1.500404 1.499601 1.499621 1.499629 1.499625 1.499608 1.500411 1.500365 1.500304 1.500226 1.500132 1.500018
nan nan nan nan nan nan nan nan 0.009141 0.152091 0.321661 0.427255 0.499615 0.550373 0.584511 0.610341 0.628692 0.642057 0.651267 0.657984 0.663039 0.666432 0.668994 0.670726 0.671626 0.672528 0.672597 0.672667 0.671905 0.671976 0.671214 0.670453 0.669691 0.668930 0.668168 0.667405 0.665809 0.665046 0.664282 0.663517 0.661917 0.661150 0.659548 0.657944 0.656338 0.653897 0.652287 0.649841 0.648226 0.645775 0.643320 0.640862 0.638401 0.635101 0.632632 0.629325 0.626013 0.622696 0.618539 0.615212 0.611045 0.606873 0.602694 0.597675 0.592649 0.587616 0.581742 0.575862 0.569139 0.563245
nan nan nan nan nan nan nan nan nan 0.010808 0.042405 0.083155 0.128902 0.172164 0.213771 0.252059 0.287028 0.317844 0.344507 0.368679 0.388696 0.407052 0.422084 0.436286 0.447162 0.457208 0.465590 0.472310 0.478198 0.483254 0.487479 0.490871 0.493431 0.495991 0.497719 0.499446 0.500340 0.501233 0.501293 0.502185 0.502243 0.501466 0.501522 0.500742 0.499961 0.499178 0.497558 0.496771 0.495147 0.492686 0.491057 0.488589 0.486119 0.483645 0.480333 0.477851 0.474531 0.471206 0.467041 0.462872 0.458698 0.454519 0.449499 0.444473 0.439443 0.433571 0.426859 0.420141 0.413417 0.404182
nan nan nan nan nan nan nan nan nan nan 0.001664 0.005823 0.013312 0.024130 0.035783 0.049935 0.065756 0.082413 0.099906 0.118237 0.135740 0.153247 0.169926 0.186610 0.202465 0.216658 0.230854 0.243388 0.255092 0.265965 0.276007 0.285218 0.292764 0.299478 0.306193 0.312075 0.316290 0.320505 0.324722 0.327269 0.329816 0.332363 0.334075 0.334951 0.335826 0.336701 0.336738 0.336774 0.335973 0.335170 0.333528 0.332721 0.330239 0.328590 0.326102 0.322775 0.319445 0.315275 0.311101 0.306088 0.301071 0.295213 0.288516 0.280978 0.273437 0.264221 0.255001 0.245778 0.235717 0.225653
nan nan nan nan nan nan nan nan nan nan nan nan nan 0.000000 0.001665 0.003331 0.005829 0.009162 0.013328 0.018328 0.023330 0.029167 0.035005 0.041679 0.047521 0.055033 0.062547 0.070063 0.077581 0.085102 0.091790 0.099316 0.106843 0.113538 0.119400 0.125264 0.131129 0.136161 0.141194 0.145392 0.148756 0.152120 0.155485 0.157178 0.158871 0.160564 0.161420 0.161439 0.161457 0.160638 0.158980 0.157321 0.154824 0.151487 0.147312 0.143135 0.138119 0.132264 0.127244 0.120548 0.113850 0.107151 0.100451 0.093749 0.087046 0.079506 0.073640 0.066936 0.061070 0.056041
nan nan nan nan nan nan nan nan nan nan nan nan nan nan nan nan nan nan nan nan nan 0.000834 0.000834 0.002502 0.003337 0.004172 0.005842 0.006677 0.008348 0.010019 0.010856 0.012529 0.014201 0.015039 0.016713 0.018388 0.020063 0.020902 0.022578 0.023418 0.024258 0.025935 0.026776 0.026780 0.027621 0.028462 0.028465 0.028469 0.028472 0.028476 0.028479 0.027644 0.027646 0.026811 0.025975 0.024300 0.021787 0.019274 0.016760 0.014246 0.012570 0.010894 0.009217 0.007541 0.005865 0.003351 0.001675 0.000837 nan nan
nan nan nan nan nan nan nan nan nan nan nan nan nan nan nan nan nan nan nan nan nan nan nan nan nan nan nan nan nan nan nan nan nan nan nan nan nan nan nan nan nan nan nan nan nan nan nan nan nan nan nan nan nan nan nan nan nan nan nan nan nan nan nan nan nan nan nan nan nan nan
nan nan nan nan nan nan nan nan nan nan nan nan nan nan nan nan nan nan nan nan nan nan nan nan nan nan nan nan nan nan nan nan nan nan nan nan nan nan nan nan nan nan nan nan nan nan nan nan nan nan nan nan nan nan nan nan nan nan nan nan nan nan nan nan nan nan nan nan nan nan
nan nan nan nan nan nan nan nan nan nan nan nan nan nan nan nan nan nan nan nan nan nan nan nan nan nan nan nan nan nan nan nan nan nan nan nan nan nan nan nan nan nan nan nan nan nan nan nan nan nan nan nan nan nan nan nan nan nan nan nan nan nan nan nan nan nan nan nan nan nan
nan nan nan nan nan nan nan nan nan nan nan nan nan nan nan nan nan nan nan nan nan nan nan nan nan nan nan nan nan nan nan nan nan nan nan nan nan nan nan nan nan nan nan nan nan nan nan nan nan nan nan nan nan nan nan nan nan nan nan nan nan nan nan nan nan nan nan nan nan nan
nan nan nan nan nan nan nan nan nan nan nan nan nan nan nan nan nan nan nan nan nan nan nan nan nan nan nan nan nan nan nan nan nan nan nan nan nan nan nan nan nan nan nan nan nan nan nan nan nan nan nan nan nan nan nan nan nan nan nan nan nan nan nan nan nan nan nan nan nan nan
nan nan nan nan nan nan nan nan nan nan nan nan nan nan nan nan nan nan nan nan nan nan nan nan nan nan nan nan nan nan nan nan nan nan nan nan nan nan nan nan nan nan nan nan nan nan nan nan nan nan nan nan nan nan nan nan nan nan nan nan nan nan nan nan nan nan nan nan nan nan
nan nan nan nan nan nan nan nan nan nan nan nan nan nan nan nan nan nan nan nan nan nan nan nan nan nan nan nan nan nan nan nan nan nan nan nan nan nan nan nan nan nan nan nan nan nan nan nan nan nan nan nan nan nan nan nan nan nan nan nan nan nan nan nan nan nan nan nan nan nan
nan nan nan nan nan nan nan nan nan nan nan nan nan nan nan nan nan nan nan nan nan nan nan nan nan nan nan nan nan nan nan nan nan nan nan nan nan nan nan nan nan nan nan nan nan nan nan nan nan nan nan nan nan nan nan nan nan nan nan nan nan nan nan nan nan nan nan nan nan nan
nan nan nan nan nan nan nan nan nan nan nan nan nan nan nan nan nan nan nan nan nan nan nan nan nan nan nan nan nan nan nan nan nan nan nan nan nan nan nan nan nan nan nan nan nan nan nan nan nan nan nan nan nan nan nan nan nan nan nan nan nan nan nan nan nan nan nan nan nan nan
nan nan nan nan nan nan nan nan nan nan nan nan nan nan nan nan nan nan nan nan nan nan nan nan nan nan nan nan nan nan nan nan nan nan nan nan nan nan nan nan nan nan nan nan nan nan nan nan nan nan nan nan nan nan nan nan nan nan nan nan nan nan nan nan nan nan nan nan nan nan
nan nan nan nan nan nan nan nan nan nan nan nan nan nan nan nan nan nan nan nan nan nan nan nan nan nan nan nan nan nan nan nan nan nan nan nan nan nan nan nan nan nan nan nan nan nan nan nan nan nan nan nan nan nan nan nan nan nan nan nan nan nan nan nan nan nan nan nan nan nan
nan nan nan nan nan nan nan nan nan nan nan nan nan nan nan nan nan nan nan nan nan nan nan nan nan nan nan nan nan nan nan nan nan nan nan nan nan nan nan nan nan nan nan nan nan nan nan nan nan nan nan nan nan nan nan nan nan nan nan nan nan nan nan nan nan nan nan nan nan nan
nan nan nan nan nan nan nan nan nan nan nan nan nan nan nan nan nan nan nan nan nan nan nan nan nan nan nan nan nan nan nan nan nan nan nan nan nan nan nan nan nan nan nan nan nan nan nan nan nan nan nan nan nan nan nan nan nan nan nan nan nan nan nan nan nan nan nan nan nan nan
nan nan nan nan nan nan nan nan nan nan nan nan nan nan nan nan nan nan nan nan nan nan nan nan nan nan nan nan nan nan nan nan nan nan nan nan nan nan nan nan nan nan nan nan nan nan nan nan nan nan nan nan nan nan nan nan nan nan nan nan nan nan nan nan nan nan nan nan nan nan
nan nan nan nan nan nan nan nan nan nan nan nan nan nan nan nan nan nan nan nan nan nan nan nan nan nan nan nan nan nan nan nan nan nan nan nan nan nan nan nan nan nan nan nan nan nan nan nan nan nan nan nan nan nan nan nan nan nan nan nan nan nan nan nan nan nan nan nan nan nan
nan nan nan nan nan nan nan nan nan nan nan nan nan nan nan nan nan nan nan nan nan nan nan nan nan nan nan nan nan nan nan nan nan nan nan nan nan nan nan nan nan nan nan nan nan nan nan nan nan nan nan nan nan nan nan nan nan nan nan nan nan nan nan nan nan nan nan nan nan nan
