data/CoulombOnly/Outputs_CoulombOnly/release1HS_null_03CoulombOnly_faSavageHutterFoamGamma_pft.asc
ncols 1001
nrows 301
xllcenter 1000
yllcenter -5000
cellsize 5
NODATA_value -9999
[rows 124 to 154 of 301, columns 70 to 139 of 1001]
1.00001e-06 1.00001e-06 1.00001e-06 1.00001e-06 1.00001e-06 1.00001e-06 1.00001e-06 1.00001e-06 1.00001e-06 1e-06 1.00002e-06 1.00001e-06 1.00002e-06 1.00001e-06 1.00002e-06 1.00002e-06 1.00001e-06 1.00001e-06 9.99999e-07 1.00002e-06 1e-06 1.00002e-06 1e-06 1.00002e-06 1e-06 1.00002e-06 1.00001e-06 1.00002e-06 1.00002e-06 1.00002e-06 1e-06 1.00001e-06 9.9999e-07 1.00001e-06 9.99876e-07 9.99997e-07 9.99844e-07 1.00002e-06 9.99827e-07 1.00004e-06 9.99906e-07 1.00008e-06 9.99931e-07 9.99639e-07 1.00005e-06 9.99894e-07 1.00015e-06 9.99842e-07 9.99692e-07 1.00009e-06 9.99638e-07 9.99501e-07 1.00019e-06 9.99839e-07 9.99809e-07 9.98377e-07 1.00018e-06 1.0001e-06 9.99945e-07 9.998e-07 1.00223e-06 1.01408e-06 9.83303e-07 9.86966e-07 1.01509e-06 9.28492e-07 9.92901e-07 1.00721e-06 9.93555e-07 1.00013e-06
1e-06 1.00001e-06 1.00001e-06 1e-06 1.00001e-06 1.00001e-06 1.00002e-06 1.00002e-06 1.00002e-06 1.00001e-06 1e-06 1.00001e-06 1e-06 1.00002e-06 1.00001e-06 1.00001e-06 1.00001e-06 1.00001e-06 1.00002e-06 9.99999e-07 1.00002e-06 1.00001e-06 1.00002e-06 1.00001e-06 1.00002e-06 1.00001e-06 1.00001e-06 1.00003e-06 1.00002e-06 1.00002e-06 9.99984e-07 1.00003e-06 9.99984e-07 1.00002e-06 9.99966e-07 1.00003e-06 9.99933e-07 1.00004e-06 9.99923e-07 1.00004e-06 9.99939e-07 1.00007e-06 9.99967e-07 1.00007e-06 9.99921e-07 9.99704e-07 9.9996e-07 9.99678e-07 1.00007e-06 9.99923e-07 1.00013e-06 9.99807e-07 9.9961e-07 1.00008e-06 9.99921e-07 9.99324e-07 9.99996e-07 9.9987e-07 9.99039e-07 9.9968e-07 9.98948e-07 9.98639e-07 9.98349e-07 1.0001e-06 9.99945e-07 1.0001e-06 9.99343e-07 1.00298e-06 1.01538e-06 9.75635e-07
1.00001e-06 1.00001e-06 1.00001e-06 1.00001e-06 1.00001e-06 1.00001e-06 1.00001e-06 1.00001e-06 1.00001e-06 1.00001e-06 1.00001e-06 1.00001e-06 1.00001e-06 1e-06 1.00002e-06 1.00001e-06 1.00001e-06 1.00001e-06 1.00001e-06 1.00002e-06 1e-06 1.00002e-06 1.00001e-06 1.00003e-06 1.00001e-06 1.00002e-06 1.00002e-06 1e-06 1.00002e-06 9.99985e-07 1.00002e-06 9.99972e-07 1.00001e-06 9.99993e-07 1.00001e-06 1.00002e-06 1.00001e-06 1.00001e-06 1.00001e-06 1.00002e-06 9.99996e-07 1.00002e-06 9.99976e-07 1.00001e-06 9.99962e-07 1.00006e-06 9.99972e-07 9.99759e-07 9.99973e-07 9.997e-07 9.99972e-07 9.99681e-07 1.00002e-06 9.99774e-07 1.00011e-06 9.99987e-07 9.99433e-07 9.99885e-07 9.99709e-07 1.00007e-06 9.99901e-07 9.99211e-07 9.99843e-07 9.99679e-07 1.0002e-06 9.99607e-07 9.9946e-07 1.00048e-06 9.99907e-07 9.99705e-07
1.00001e-06 1.00001e-06 1.00001e-06 1.00001e-06 1e-06 1.00001e-06 1.00001e-06 1.00001e-06 1.00001e-06 1e-06 1.00001e-06 1.00002e-06 1.00001e-06 1.00001e-06 1e-06 1.00001e-06 1.00001e-06 1.00001e-06 1.00001e-06 1e-06 1.00002e-06 1e-06 1.00002e-06 9.99997e-07 1.00001e-06 1.00002e-06 1.00002e-06 1.00002e-06 1e-06 1.00002e-06 1e-06 1.00002e-06 1.00002e-06 1.00002e-06 1.00002e-06 9.99992e-07 1.00003e-06 9.99987e-07 1.00003e-06 9.99976e-07 1.00002e-06 9.99937e-07 1.00002e-06 9.99905e-07 1.00001e-06 9.99863e-07 9.99998e-07 9.99854e-07 9.99992e-07 9.9979e-07 9.99982e-07 9.99761e-07 9.99963e-07 9.99743e-07 9.99958e-07 9.99705e-07 9.99942e-07 9.99687e-07 1e-06 9.99749e-07 1.0001e-06 9.99929e-07 1.00014e-06 9.99982e-07 9.994e-07 9.99748e-07 9.99499e-07 1.00008e-06 9.99874e-07 1.00016e-06
1.00001e-06 1.00001e-06 1.00001e-06 1.00001e-06 1.00001e-06 1.00001e-06 1.00001e-06 1e-06 1.00001e-06 1.00001e-06 1.00001e-06 1.00001e-06 1e-06 1.00001e-06 1.00001e-06 9.99999e-07 1.00001e-06 1e-06 1.00002e-06 1.00002e-06 1.00001e-06 1.00001e-06 1.00001e-06 1.00002e-06 1.00001e-06 1.00002e-06 1.00001e-06 1.00001e-06 1.00002e-06 1.00001e-06 1.00002e-06 1.00002e-06 1.00002e-06 1.00002e-06 1e-06 1.00002e-06 9.99969e-07 1.00002e-06 1.00001e-06 1.00002e-06 1e-06 1e-06 1.00003e-06 9.99985e-07 1.00002e-06 9.99964e-07 1.00003e-06 9.99942e-07 1.00002e-06 9.99889e-07 1e-06 9.99843e-07 9.99997e-07 9.99813e-07 9.99983e-07 1.00004e-06 9.99973e-07 1.00004e-06 9.9994e-07 1.00002e-06 9.99923e-07 9.99999e-07 9.9994e-07 9.99597e-07 1.00001e-06 9.99545e-07 9.99884e-07 9.99536e-07 9.99902e-07 9.99536e-07
1.00001e-06 1.00001e-06 1.00001e-06 1.00001e-06 1.00001e-06 1.00001e-06 1.00001e-06 1.00001e-06 1.00001e-06 1.00001e-06 1.00001e-06 1.00001e-06 1.00001e-06 1.00001e-06 1.00002e-06 1.00001e-06 9.99997e-07 1.00001e-06 1.00001e-06 1.00001e-06 1.00001e-06 1.00001e-06 1.00001e-06 9.99998e-07 1.00002e-06 1e-06 1.00002e-06 1.00001e-06 9.99995e-07 1.00002e-06 1e-06 1.00002e-06 1.00002e-06 1.00001e-06 1.00002e-06 9.99992e-07 1.00002e-06 1.00001e-06 1.00002e-06 1.00002e-06 9.99998e-07 1.00002e-06 9.99979e-07 1.00002e-06 1.00001e-06 1.00002e-06 1.00001e-06 9.99999e-07 1.00003e-06 9.99975e-07 1.00003e-06 9.99956e-07 1.00002e-06 9.99924e-07 1e-06 9.9999e-07 9.99991e-07 1.00002e-06 9.99972e-07 1.00006e-06 9.99964e-07 1.00008e-06 9.99913e-07 1.00004e-06 9.99861e-07 1e-06 9.99787e-07 9.99987e-07 9.9974e-07 9.99961e-07
9.99527e-07 9.94899e-07 9.99826e-07 9.99392e-07 1.00001e-06 1.00001e-06 9.411e-07 1.00001e-06 1.00001e-06 9.99999e-07 1.00001e-06 9.99996e-07 1e-06 1.00001e-06 1e-06 1.00001e-06 1.00001e-06 1.00001e-06 1.00001e-06 1e-06 1.00002e-06 1.00001e-06 1.00001e-06 1.00001e-06 1e-06 1.00002e-06 1.00001e-06 1.00001e-06 1.00002e-06 9.99997e-07 1.00001e-06 1.00001e-06 1.00002e-06 1.00001e-06 1.00001e-06 1.00002e-06 9.99992e-07 1.00002e-06 1.00001e-06 9.99997e-07 1.00002e-06 9.99981e-07 1.00002e-06 1e-06 1.00001e-06 1.00002e-06 1e-06 1.00002e-06 9.99963e-07 1.00001e-06 9.99989e-07 1.00001e-06 1.00003e-06 9.99977e-07 1.00003e-06 9.99947e-07 1.00002e-06 9.99906e-07 1.00001e-06 1.00001e-06 9.9998e-07 1.00004e-06 9.99952e-07 1.00003e-06 9.99897e-07 1e-06 9.99787e-07 9.99963e-07 1.00002e-06 9.99951e-07
-1.56042e-06 -8.94505e-05 6.55652e-07 -7.82129e-08 -0.000176339 2.70158e-05 -1.45518e-05 -2.43542e-05 2.2315e-07 9.56163e-07 1.00004e-06 1.00003e-06 -8.21506e-06 1.0004e-06 1.00001e-06 1.00001e-06 1.00001e-06 1e-06 1.00001e-06 1.00001e-06 1e-06 1.00001e-06 1e-06 1.00001e-06 1.00001e-06 1.00001e-06 1.00002e-06 1.00001e-06 1.00001e-06 1.00001e-06 1e-06 1.00001e-06 1.00001e-06 1.00002e-06 1.00001e-06 9.99998e-07 1.00002e-06 1e-06 1.00001e-06 1.00002e-06 9.99997e-07 1.00002e-06 1.00001e-06 1.00002e-06 1.00003e-06 1e-06 1.00002e-06 9.99986e-07 1.00002e-06 1.00001e-06 9.99998e-07 1.00002e-06 9.99973e-07 1.00001e-06 1e-06 1.00001e-06 1.00003e-06 9.99996e-07 1.00002e-06 9.99924e-07 1.00001e-06 1.00001e-06 9.99992e-07 1.00005e-06 9.99957e-07 1.00002e-06 9.9988e-07 1e-06 1.00001e-06 9.99962e-07
0.00203546 0.00142791 -0.00527847 0.00130415 -0.000988504 0.00149074 -4.46263e-05 -0.000793389 7.80276e-05 -7.83272e-06 -0.00136461 9.19201e-05 -6.21745e-07 -8.23365e-06 1.57223e-06 -7.43459e-06 1.00079e-06 5.78724e-07 -1.56922e-05 1.01977e-06 1.00003e-06 1.00001e-06 9.99714e-07 9.99999e-07 1.00001e-06 1.00001e-06 9.99994e-07 1.00002e-06 1e-06 1.00001e-06 1.00001e-06 9.99997e-07 1.00002e-06 1.00001e-06 1.00001e-06 1.00001e-06 9.99998e-07 1.00002e-06 1e-06 1e-06 1.00002e-06 9.99995e-07 1.00002e-06 1.00001e-06 1.00001e-06 1.00002e-06 9.99996e-07 1.00002e-06 1.00001e-06 1e-06 1.00002e-06 9.99976e-07 1.00001e-06 1.00002e-06 1.00001e-06 1.00002e-06 9.99971e-07 1.00002e-06 1.00001e-06 1.00001e-06 1.00003e-06 9.99962e-07 1.00001e-06 1.00001e-06 1e-06 1.00004e-06 9.99975e-07 1.00003e-06 9.99901e-07 9.99999e-07
0.0278035 0.0390842 0.0266293 0.0320232 0.0311048 0.0136369 0.0132046 0.0125604 0.000256225 0.00453238 0.00137368 0.00873063 0.00133545 -0.0049918 0.000647803 -0.00068405 -0.00304823 0.000407845 -0.000404558 -0.00145516 0.000118468 -0.00012081 2.46333e-06 2.23414e-07 -6.50628e-07 1.00002e-06 1.00004e-06 -3.94897e-05 7.91831e-07 9.99048e-07 1.00001e-06 1.00001e-06 1e-06 1.00002e-06 1.00001e-06 1.00001e-06 1.00001e-06 1e-06 1.00001e-06 1.00001e-06 1.00002e-06 1.00002e-06 9.99997e-07 1.00001e-06 1.00001e-06 1e-06 1.00002e-06 1e-06 1.00001e-06 1.00002e-06 9.99994e-07 1.00002e-06 1.00001e-06 1.00002e-06 1.00002e-06 9.99983e-07 1.00002e-06 1.00001e-06 1.00001e-06 1.00002e-06 9.99983e-07 1.00001e-06 1.00002e-06 9.99991e-07 1.00003e-06 9.99951e-07 1.00002e-06 1.00003e-06 9.99989e-07 1.00002e-06
0.243153 0.210299 0.201923 0.188192 0.158063 0.146017 0.1385 0.117935 0.0977319 0.0879707 0.0825192 0.0575369 0.0481979 0.0375409 0.0213999 0.0215745 0.00991491 0.0024803 0.00803295 0.00133616 0.00847298 -0.000616489 -0.0050182 0.00036001 -0.000604198 -0.00332002 0.000241253 -4.91208e-05 -1.97986e-05 -9.15134e-06 -1.81036e-05 1.03787e-06 9.98329e-07 9.66996e-07 1.00001e-06 1.00003e-06 1.00001e-06 1.00001e-06 1e-06 1.00002e-06 1.00001e-06 1.00001e-06 1.00002e-06 1.00001e-06 1.00001e-06 1.00001e-06 9.99999e-07 1.00002e-06 1.00001e-06 1e-06 1.00002e-06 1e-06 1.00001e-06 1.00002e-06 1e-06 1.00002e-06 9.99995e-07 1.00001e-06 1.00002e-06 9.99969e-07 1.00002e-06 9.99998e-07 9.99991e-07 1.00002e-06 9.99984e-07 1.00002e-06 1.00001e-06 9.9997e-07 1.00002e-06 1e-06
0.419838 0.44041 0.406593 0.397506 0.401323 0.394744 0.387055 0.358361 0.355795 0.338353 0.29723 0.27521 0.262887 0.22517 0.200824 0.177663 0.162453 0.126357 0.104697 0.0943409 0.0591025 0.0491048 0.0303919 0.0115981 0.0132284 0.00794356 0.0179527 0.00594554 -0.00416538 0.000860438 -0.000621801 -0.00175898 1.43204e-05 -3.7609e-05 -0.00163574 -8.20941e-05 -0.000189343 7.2799e-06 7.23729e-07 1.00003e-06 1.00001e-06 1.00001e-06 9.99885e-07 1.00002e-06 1.00001e-06 1.00002e-06 1.00001e-06 1e-06 1.00002e-06 1.00001e-06 1e-06 1.00002e-06 1e-06 1.00001e-06 1.00002e-06 9.99999e-07 1.00002e-06 1.00001e-06 9.99997e-07 1.00002e-06 9.99998e-07 1e-06 1.00002e-06 9.99984e-07 1.00002e-06 1.00001e-06 9.99969e-07 1.00002e-06 1e-06 1.00001e-06
0.604849 0.569338 0.57793 0.573943 0.560732 0.547684 0.537243 0.538912 0.514819 0.508004 0.521409 0.514285 0.507116 0.48696 0.479735 0.463364 0.426796 0.412886 0.394606 0.349828 0.317198 0.296265 0.246155 0.207349 0.175689 0.143716 0.102698 0.0842771 0.0572696 0.0282552 0.0246437 0.00689383 -0.00834324 0.000888401 0.00105872 0.00702564 0.00109615 -0.0025844 0.000112589 -0.000336897 -0.000626223 9.24908e-06 -1.88929e-06 -3.98384e-06 9.99945e-07 1.00003e-06 1.00003e-06 4.79091e-07 9.7024e-07 1.00001e-06 1.00001e-06 9.9999e-07 1.00002e-06 1.00001e-06 9.99998e-07 1.00002e-06 1e-06 1.00001e-06 1.00002e-06 9.99986e-07 1.00002e-06 1.00002e-06 1e-06 1.00002e-06 1.00001e-06 1.00001e-06 1.00002e-06 9.99998e-07 1.00001e-06 1.00001e-06
0.905138 0.852711 0.827252 0.800692 0.76128 0.744378 0.72498 0.688395 0.699977 0.699255 0.683231 0.656493 0.6415 0.64095 0.613723 0.606642 0.609209 0.581141 0.565311 0.590494 0.578122 0.555889 0.539901 0.519776 0.506612 0.454487 0.420076 0.398241 0.340443 0.305545 0.269148 0.204092 0.153107 0.117072 0.0966366 0.0526414 0.0443042 0.0239512 0.00523819 0.0139774 0.00135285 -0.00984678 0.000430069 -0.00123719 -0.0052995 -8.43576e-05 -0.000627214 6.11727e-05 -4.83383e-05 -2.88154e-05 1.16738e-06 9.79206e-07 1.00003e-06 1.00002e-06 9.94457e-07 9.99996e-07 1.00002e-06 1.00001e-06 1.00001e-06 1.00002e-06 1e-06 1.00001e-06 1.00002e-06 9.99984e-07 1.00002e-06 1.00001e-06 9.99989e-07 1.00002e-06 1.00001e-06 9.99996e-07
1.16575 1.11447 1.07588 1.02325 0.999792 0.967981 0.929233 0.919477 0.894482 0.853454 0.837459 0.841922 0.843992 0.836525 0.820031 0.810453 0.804919 0.784489 0.789376 0.777531 0.747762 0.741557 0.741464 0.703449 0.684482 0.710344 0.672793 0.637745 0.649199 0.608182 0.57355 0.565523 0.53227 0.470737 0.40479 0.360531 0.297882 0.236186 0.185797 0.13724 0.10288 0.0666812 0.0294493 0.0223385 0.00895805 0.0219532 0.0119296 0.00242948 0.002406 -0.000516561 -0.0025108 0.000104508 -0.000367132 -0.000405116 -4.11998e-07 -2.61641e-06 -3.58197e-06 1.00022e-06 9.99988e-07 1.00003e-06 1.00002e-06 1.00002e-06 1.00002e-06 1.00002e-06 9.87944e-07 1.00002e-06 1.00002e-06 9.99987e-07 1.00003e-06 1.00001e-06
1.34657 1.31418 1.26884 1.23843 1.2028 1.16825 1.15937 1.12427 1.08952 1.09068 1.05961 1.03903 0.997846 0.984582 0.984044 0.975029 0.958164 0.964653 0.934997 0.93099 0.94454 0.921061 0.897769 0.885993 0.893335 0.865879 0.848619 0.845934 0.826524 0.828872 0.81019 0.786086 0.785979 0.78058 0.770692 0.718819 0.697675 0.674441 0.609227 0.539383 0.496875 0.405836 0.335522 0.269956 0.222632 0.145786 0.117356 0.0801613 0.0493893 0.0361062 0.0183584 0.00259985 0.0120072 0.000863127 -0.00718358 0.000323891 -0.00081065 -0.00245882 1.20796e-05 -1.09718e-05 -0.00195291 -7.47361e-05 -0.000619357 6.07439e-05 -7.59091e-06 5.85741e-07 1.00002e-06 1.00003e-06 9.50152e-07 1.00001e-06
1.47256 1.44477 1.42039 1.40102 1.38124 1.35268 1.32782 1.31416 1.29047 1.26246 1.24798 1.23392 1.21465 1.19507 1.17159 1.16236 1.15294 1.12805 1.11525 1.11517 1.08631 1.10311 1.11852 1.09896 1.06651 1.07109 1.08875 1.04963 1.0386 1.06003 1.01011 0.998093 0.990684 0.960173 0.942812 0.931007 0.900597 0.88245 0.91227 0.900716 0.880655 0.840903 0.81582 0.750719 0.677376 0.616816 0.540242 0.449544 0.366325 0.298964 0.226067 0.16533 0.106993 0.0862288 0.0485657 0.0189597 0.0158331 0.00743565 -0.00527828 0.00010942 0.005206 0.00571504 0.0056346 -0.00151299 0.000437355 -0.000242906 -0.00149821 0.000132818 -5.01286e-05 -3.51673e-05
1.56963 1.5649 1.54821 1.53655 1.51978 1.50271 1.49283 1.4694 1.45331 1.44465 1.42351 1.41467 1.39611 1.3873 1.38251 1.36806 1.33745 1.3391 1.31737 1.30222 1.30746 1.30271 1.28245 1.28807 1.28525 1.27796 1.26129 1.26838 1.27129 1.25112 1.24696 1.2524 1.2452 1.2305 1.22831 1.22495 1.18911 1.17678 1.17081 1.11164 1.09336 1.08835 1.06739 1.07516 1.08741 1.03442 1.00813 0.98552 0.904974 0.839623 0.799905 0.684149 0.588742 0.518204 0.403373 0.310392 0.255257 0.182511 0.124538 0.117184 0.0842759 0.0337395 0.0376485 0.0248383 0.0095784 0.0133739 0.0127134 0.00224378 0.00171247 0.000167167
1.62086 1.63156 1.63214 1.62973 1.6274 1.62064 1.60658 1.60695 1.59967 1.58554 1.59051 1.57675 1.55871 1.56588 1.55112 1.53689 1.54787 1.53862 1.50455 1.52265 1.50493 1.47456 1.49883 1.47623 1.48242 1.46733 1.46376 1.47508 1.44927 1.46174 1.48453 1.45759 1.46162 1.48579 1.45481 1.45142 1.48903 1.46473 1.43479 1.45722 1.45017 1.39593 1.40663 1.36383 1.33525 1.32059 1.31103 1.28663 1.27729 1.24273 1.20367 1.23007 1.19869 1.15849 1.07639 1.0075 0.903702 0.766395 0.676903 0.549566 0.43692 0.358221 0.259285 0.217601 0.148336 0.0670768 0.0813529 0.0298483 -0.0210134 0.0127851
1.68933 1.68677 1.68659 1.69003 1.6897 1.69637 1.71085 1.7056 1.71083 1.71144 1.70445 1.7088 1.70724 1.69787 1.70222 1.69662 1.69103 1.69885 1.69577 1.68153 1.69881 1.69672 1.68477 1.70035 1.70687 1.70065 1.69617 1.69215 1.6888 1.67354 1.68334 1.66874 1.6796 1.67944 1.6533 1.66296 1.64919 1.66069 1.69682 1.67505 1.67958 1.70897 1.69457 1.70868 1.73628 1.72994 1.70259 1.70073 1.66337 1.6518 1.67789 1.63243 1.59623 1.58191 1.60821 1.57699 1.57185 1.55311 1.48443 1.42489 1.39389 1.2581 1.1941 1.16014 0.960017 0.904475 0.808087 0.624776 0.522791 0.41166
1.72521 1.73485 1.74683 1.76269 1.77184 1.77524 1.78167 1.79514 1.79746 1.80242 1.81938 1.82316 1.82685 1.83447 1.83916 1.84114 1.8516 1.84591 1.85368 1.86178 1.86469 1.87026 1.86571 1.85749 1.86726 1.87929 1.87383 1.87753 1.8855 1.89727 1.90326 1.91175 1.91682 1.9335 1.94869 1.97944 1.98631 2.00625 1.99054 2.03688 2.05087 2.04598 2.08136 2.07681 2.03803 2.05381 2.07128 2.02115 2.05263 2.08261 2.01869 2.04244 2.06193 2.02076 1.98094 1.98867 1.96238 1.94001 1.96199 1.94291 1.90965 1.94333 1.85436 1.81141 1.8314 1.71571 1.66923 1.70293 1.57701 1.4809
1.78652 1.80346 1.81757 1.82504 1.83858 1.85335 1.86381 1.87986 1.8876 1.89675 1.90474 1.91449 1.92831 1.94413 1.96364 1.96926 1.98181 1.98992 1.99216 2.00856 2.01322 2.01216 2.00481 2.03453 2.04505 2.04125 2.06915 2.09334 2.08275 2.10378 2.11655 2.14113 2.16247 2.17539 2.19065 2.19448 2.21063 2.2504 2.27977 2.28078 2.32099 2.343 2.34339 2.38221 2.39804 2.40224 2.41671 2.45606 2.44159 2.46321 2.50352 2.50728 2.51148 2.51495 2.53958 2.53523 2.51904 2.56404 2.53913 2.5339 2.54858 2.50261 2.50946 2.54924 2.48132 2.51796 2.50292 2.43875 2.42403 2.44185
1.84208 1.84556 1.85241 1.86523 1.87806 1.88573 1.90489 1.9377 1.95074 1.96574 1.98266 2.00076 2.0213 2.03798 2.05558 2.0548 2.07136 2.09443 2.11348 2.12377 2.15272 2.16972 2.20707 2.21468 2.22447 2.25133 2.25614 2.26288 2.30332 2.31482 2.32387 2.33858 2.36231 2.38036 2.41212 2.41428 2.43314 2.45386 2.44631 2.48017 2.51678 2.51689 2.56412 2.61926 2.63305 2.67418 2.73255 2.74122 2.77582 2.8185 2.82348 2.83159 2.88009 2.91846 2.90362 2.93829 2.9976 2.95011 2.98343 3.04624 3.04163 3.10987 3.10123 3.01377 3.07672 3.02252 2.99349 3.0302 3.02636 2.975
1.85981 1.87448 1.89065 1.90229 1.91727 1.9321 1.93715 1.96048 1.97495 1.98868 2.02265 2.0364 2.04488 2.08233 2.08799 2.11019 2.14543 2.16453 2.17641 2.22688 2.24436 2.26026 2.29388 2.30812 2.33582 2.36774 2.37768 2.39521 2.40259 2.43027 2.44978 2.4913 2.52638 2.54277 2.58483 2.62758 2.65587 2.69381 2.72844 2.73864 2.7497 2.80901 2.82195 2.85227 2.89464 2.92826 2.95631 3.00315 3.03669 3.06392 3.12702 3.16762 3.19014 3.41174 3.29388 3.31341 3.34819 3.38773 3.39279 3.45454 3.46329 3.46265 3.53702 3.57415 3.56299 3.60705 3.65914 3.65077 3.66149 3.70223
1.88465 1.90557 1.91511 1.93132 1.95212 1.96874 1.98628 1.98423 2.00894 2.02544 2.02973 2.04677 2.06665 2.08912 2.11622 2.14126 2.17455 2.19936 2.22365 2.25053 2.27973 2.30055 2.33785 2.36494 2.38791 2.43215 2.47156 2.50803 2.53931 2.57065 2.60676 2.63522 2.66863 2.70651 2.73448 2.77066 2.79886 2.83857 2.88546 2.91709 2.9424 2.97852 3.00456 3.04082 3.06266 3.10001 3.14137 3.20037 3.22308 3.25489 3.32915 3.36166 3.404 3.48746 3.49538 3.53206 3.59802 3.62774 3.67912 3.69789 3.7109 3.72845 3.83983 3.80977 3.86513 3.9956 3.96511 4.01744 4.09688 4.11446
1.8894 1.9043 1.92217 1.93515 1.96201 1.97281 1.98846 2.02296 2.03783 2.0483 2.07373 2.08891 2.11444 2.12582 2.15317 2.17949 2.19915 2.22796 2.25263 2.29832 2.32477 2.35256 2.40159 2.41984 2.45544 2.50512 2.53324 2.55604 2.6042 2.65502 2.68224 2.71245 2.75945 2.78343 2.8182 2.85064 2.88617 2.91833 2.96263 2.99199 3.03947 3.07055 3.10618 3.1405 3.17818 3.22407 3.25606 3.28871 3.33981 3.38876 3.42467 3.45686 3.48819 3.54504 3.5804 3.62164 3.70713 3.74694 3.75984 3.84973 3.90835 3.97352 3.98929 4.06924 4.13227 4.16967 4.25541 4.32344 4.37776 4.44067
1.88207 1.90166 1.9133 1.92607 1.94642 1.96607 1.98297 2.0109 2.02697 2.0503 2.10201 2.11035 2.13182 2.15754 2.1732 2.20566 2.25551 2.26293 2.27947 2.32531 2.34329 2.37307 2.42998 2.44648 2.47134 2.5043 2.53925 2.58785 2.61394 2.64385 2.67992 2.72708 2.76581 2.81072 2.84468 2.88517 2.93014 2.9496 2.99416 3.03289 3.05739 3.09956 3.16494 3.20114 3.25725 3.29225 3.31291 3.37398 3.39601 3.42414 3.47669 3.48196 3.52992 3.59066 3.63532 3.69808 3.73383 3.7987 3.89873 3.95452 4.0047 4.04147 4.14758 4.19561 4.21767 4.31394 4.35649 4.42087 4.46835 4.57445
1.89179 1.90543 1.91728 1.92857 1.95061 1.96287 1.97991 2.00463 2.02319 2.04076 2.06669 2.08278 2.10754 2.13829 2.15129 2.17485 2.22935 2.23847 2.26551 2.30971 2.32143 2.34862 2.39165 2.4124 2.45102 2.49401 2.52677 2.55784 2.60355 2.65478 2.68077 2.71132 2.74995 2.77976 2.81863 2.86252 2.89744 2.93277 2.97929 3.00573 3.05424 3.08141 3.11601 3.14336 3.19211 3.23806 3.26862 3.30848 3.35124 3.40107 3.43936 3.45274 3.49342 3.55983 3.58178 3.6225 3.72506 3.77026 3.76422 3.85506 3.92711 3.98402 4.01851 4.08441 4.17156 4.1911 4.22949 4.2803 4.3331 4.41708
1.87842 1.89869 1.91201 1.93097 1.95653 1.96914 1.98233 1.99644 2.01698 2.02903 2.03857 2.05459 2.06955 2.097 2.12765 2.15077 2.16492 2.18532 2.21442 2.25088 2.27076 2.29051 2.33047 2.35569 2.37693 2.41811 2.45968 2.49893 2.53565 2.56949 2.61081 2.64012 2.6753 2.71138 2.73927 2.7806 2.80697 2.84104 2.88867 2.92196 2.94861 2.99169 3.01899 3.05007 3.08443 3.10853 3.15136 3.21358 3.23145 3.26216 3.33713 3.38002 3.41225 3.45866 3.48289 3.52923 3.5568 3.61997 3.67351 3.68732 3.7053 3.73874 3.82563 3.82307 3.86677 3.99461 3.99049 4.02791 4.10145 4.13922
1.85521 1.86994 1.88836 1.90626 1.91742 1.937 1.94338 1.95936 1.97761 1.99266 2.02231 2.03922 2.04624 2.07189 2.08712 2.10841 2.14122 2.15574 2.16685 2.21208 2.228 2.24874 2.28311 2.2905 2.31222 2.33823 2.35686 2.381 2.40156 2.4246 2.45142 2.49552 2.52539 2.54524 2.57499 2.60957 2.64705 2.67805 2.70519 2.72275 2.75073 2.78739 2.8248 2.85437 2.90235 2.92622 2.95063 2.99846 3.03306 3.06797 3.12422 3.14591 3.17557 3.38951 3.30201 3.32919 3.39071 3.37659 3.36918 3.4708 3.47116 3.48058 3.584 3.60098 3.6033 3.667 3.6685 3.67715 3.69508 3.73258
1.84115 1.8419 1.84666 1.85947 1.86955 1.88035 1.89751 1.92846 1.94046 1.95464 1.97473 1.99618 2.01235 2.03544 2.03979 2.0504 2.07243 2.09543 2.11506 2.13513 2.15833 2.17321 2.20647 2.21828 2.23227 2.26329 2.26297 2.27654 2.29053 2.31881 2.32512 2.33075 2.35238 2.36561 2.39281 2.40098 2.42576 2.4593 2.4679 2.49779 2.52851 2.5366 2.56999 2.6244 2.64627 2.67218 2.74204 2.74093 2.77823 2.82325 2.83552 2.84191 2.88293 2.92767 2.91481 2.96934 2.99719 3.00427 3.02004 3.10447 3.07195 3.14241 3.13946 3.05305 3.10049 3.05329 3.00512 3.0429 3.05075 2.99489
