data/CoulombOnly/Outputs_CoulombOnly/release1HS_03CoulombOnly_null_openFOAMmu_pft.asc
ncols        1001
nrows        301
xllcorner    1000.00
yllcorner    -5000.00
cellsize     5.0000
NODATA_value -9999.0000
[rows 140 to 159 of 301, columns 585 to 629 of 1001]
1.3270218372344970703 1.2943907976150512695 1.4079623222351074219 1.4081100225448608398 1.3272505998611450195 1.3415524959564208984 1.3080707788467407227 1.4200680255889892578 1.3037532567977905273 1.3266674280166625977 1.4473547935485839844 1.5144324302673339844 1.2761119604110717773 1.3262467384338378906 1.9830762147903442383 1.3625712394714355469 1.3741881847381591797 1.5454238653182983398 1.2942321300506591797 1.3135967254638671875 1.4111216068267822266 1.2838178873062133789 1.3219676017761230469 1.3644227981567382812 1.3155725002288818359 1.3335390090942382812 1.5388644933700561523 1.5036844015121459961 1.270100712776184082 1.734120488166809082 1.2301894426345825195 1.7804133892059326172 1.3285044431686401367 1.6786611080169677734 1.3505864143371582031 1.3498197793960571289 1.3771083354949951172 1.3232291936874389648 1.7080110311508178711 1.5887198448181152344 1.3898881673812866211 1.5603104829788208008 1.3193594217300415039 1.3367089033126831055 1.6205996274948120117
1.2976958751678466797 1.361069798469543457 1.8781257867813110352 1.341256260871887207 1.2469429969787597656 1.3256136178970336914 2.0791797637939453125 1.238824009895324707 1.2731578350067138672 1.3643088340759277344 1.6438114643096923828 1.2966731786727905273 1.3357133865356445312 1.6786496639251708984 1.2970160245895385742 1.3553637266159057617 1.3607889413833618164 1.7823178768157958984 1.2971051931381225586 1.4070094823837280273 1.566374659538269043 1.364943385124206543 1.4252103567123413086 1.2945538759231567383 1.4264593124389648438 1.5173531770706176758 1.5209522247314453125 1.7182397842407226562 1.2826135158538818359 1.3470538854598999023 1.2808438539505004883 1.3102301359176635742 1.3507350683212280273 1.3449035882949829102 1.318059086799621582 1.2923051118850708008 1.4417396783828735352 1.5436769723892211914 1.4932513236999511719 1.4387458562850952148 1.2551767826080322266 1.4101506471633911133 1.2743424177169799805 1.5941177606582641602 1.431344151496887207
1.3339216709136962891 1.3583409786224365234 1.9165329933166503906 1.3992716073989868164 1.2606641054153442383 1.3502018451690673828 2.0885946750640869141 1.3288257122039794922 1.3220907449722290039 1.4057484865188598633 1.7810500860214233398 1.3916000127792358398 1.3425542116165161133 1.4491603374481201172 1.2964382171630859375 1.2716109752655029297 1.4943995475769042969 1.4098780155181884766 1.3436369895935058594 1.4103788137435913086 1.4060541391372680664 1.3288325071334838867 1.3827364444732666016 1.7704831361770629883 1.3502609729766845703 1.3162870407104492188 1.4662324190139770508 1.272057652473449707 1.3259439468383789062 1.217339634895324707 1.6981269121170043945 1.2323867082595825195 1.3597398996353149414 1.316303253173828125 1.8582528829574584961 1.3091845512390136719 1.3101898431777954102 1.3336155414581298828 1.7790236473083496094 1.7022875547409057617 1.3787488937377929688 1.8723140954971313477 1.352458953857421875 1.3292270898818969727 1.3549594879150390625
1.3385602235794067383 1.5088880062103271484 1.3539963960647583008 1.3131127357482910156 1.3460478782653808594 1.5629160404205322266 1.3904372453689575195 1.3682707548141479492 1.322001338005065918 1.9347517490386962891 1.3466931581497192383 1.3476215600967407227 1.4558831453323364258 1.7546169757843017578 1.3374499082565307617 1.2600504159927368164 2.1070337295532226562 1.4287388324737548828 1.2727965116500854492 2.0319302082061767578 1.35059356689453125 1.4749100208282470703 1.9076906442642211914 1.3342785835266113281 1.2743421792984008789 1.3971382379531860352 1.2634360790252685547 1.7275152206420898438 1.4215495586395263672 1.3523778915405273438 1.2710711956024169922 1.3585375547409057617 1.3940614461898803711 1.5145480632781982422 1.3238321542739868164 1.4187086820602416992 1.373787999153137207 1.4523843526840209961 1.9883151054382324219 1.4583289623260498047 1.4333827495574951172 1.8092756271362304688 1.1211439371109008789 1.5375502109527587891 1.6576373577117919922
1.2963182926177978516 2.0139422416687011719 1.2996439933776855469 1.3552902936935424805 1.3689230680465698242 1.9141378402709960938 1.3540841341018676758 1.3191120624542236328 1.3987685441970825195 1.9146318435668945312 1.3576689958572387695 1.3568122386932373047 1.4265264272689819336 1.5730329751968383789 1.3494243621826171875 1.4580789804458618164 1.7211724519729614258 1.3547933101654052734 1.4676265716552734375 1.4839498996734619141 1.3558992147445678711 1.3585563898086547852 1.4505342245101928711 1.5258975028991699219 1.2557395696640014648 1.4227962493896484375 1.3563500642776489258 1.3370058536529541016 1.3475658893585205078 1.3105726242065429688 1.4681508541107177734 1.3258897066116333008 1.3260644674301147461 1.3759888410568237305 1.6325221061706542969 1.3465566635131835938 1.5555616617202758789 1.6002708673477172852 1.9578622579574584961 1.3317984342575073242 1.5725313425064086914 1.4516627788543701172 1.3134375810623168945 1.7353794574737548828 1.1675100326538085938
1.3785647153854370117 2.0172078609466552734 1.2656645774841308594 1.2955615520477294922 1.4341510534286499023 1.579692840576171875 1.3039722442626953125 1.3692240715026855469 1.3582675457000732422 1.5955359935760498047 1.3484113216400146484 1.360857844352722168 1.5863081216812133789 1.3382141590118408203 1.3488786220550537109 1.4758081436157226562 1.3936414718627929688 1.4027765989303588867 1.3571653366088867188 1.4834179878234863281 1.3095773458480834961 1.2780215740203857422 1.3558206558227539062 1.3326182365417480469 1.4587759971618652344 1.326317906379699707 1.3922199010848999023 1.3244118690490722656 1.354098200798034668 1.3750013113021850586 1.3251730203628540039 1.2607631683349609375 1.412779688835144043 1.3899171352386474609 1.3998532295227050781 1.3520058393478393555 1.5509963035583496094 1.3606307506561279297 1.3195261955261230469 1.2816560268402099609 1.4486446380615234375 1.3961147069931030273 1.2678520679473876953 1.4923552274703979492 1.3845193386077880859
1.4111814498901367188 2.0097727775573730469 1.2867621183395385742 1.3522861003875732422 1.4068814516067504883 1.8559930324554443359 1.3495253324508666992 1.3555048704147338867 1.4663408994674682617 1.8958177566528320312 1.4532173871994018555 1.402724146842956543 1.3397274017333984375 1.3954606056213378906 1.3527374267578125 1.3613865375518798828 1.3603838682174682617 1.3306064605712890625 1.3364843130111694336 1.5808606147766113281 1.3535826206207275391 1.3338693380355834961 1.2501338720321655273 1.3493555784225463867 1.5780620574951171875 1.4174464941024780273 1.3375159502029418945 1.3378685712814331055 1.9314593076705932617 1.8885685205459594727 1.3528853654861450195 1.3430751562118530273 1.8312418460845947266 1.3879686594009399414 1.5125402212142944336 1.5515263080596923828 1.9123343229293823242 1.3676186800003051758 1.4487656354904174805 1.7983740568161010742 1.2677131891250610352 1.4503940343856811523 1.3456354141235351562 1.3043627738952636719 1.5031828880310058594
1.5763527154922485352 2.0737390518188476562 1.3492980003356933594 1.3622592687606811523 1.5769305229187011719 2.0581982135772705078 1.3383485078811645508 1.3422319889068603516 1.416649937629699707 1.7131034135818481445 1.4871850013732910156 1.3661512136459350586 1.3595261573791503906 1.5150191783905029297 1.3607144355773925781 1.3429597616195678711 1.3448854684829711914 1.3781322240829467773 1.4761474132537841797 1.3293564319610595703 1.3504711389541625977 1.3483779430389404297 1.3318102359771728516 1.321406245231628418 1.7869679927825927734 1.4234665632247924805 1.3733947277069091797 1.2911903858184814453 1.3164432048797607422 1.4260541200637817383 1.4265325069427490234 1.3287392854690551758 1.3445458412170410156 1.7653053998947143555 1.3749620914459228516 1.5683215856552124023 1.3443939685821533203 1.7340412139892578125 1.2870737314224243164 1.5859633684158325195 1.5236394405364990234 1.3036603927612304688 1.5637507438659667969 1.3517081737518310547 1.3354151248931884766
1.7605075836181640625 1.3440178632736206055 1.3031606674194335938 1.6268600225448608398 1.6784210205078125 1.3088451623916625977 1.4338434934616088867 1.3526270389556884766 1.677210688591003418 1.4814780950546264648 1.3255225419998168945 1.722794651985168457 1.549109339714050293 1.610957026481628418 1.3141666650772094727 1.6187480688095092773 1.4114599227905273438 1.3466894626617431641 1.3811407089233398438 1.8593841791152954102 1.3265436887741088867 1.3212075233459472656 1.3583128452301025391 1.3796818256378173828 1.3483071327209472656 1.3418248891830444336 1.3417000770568847656 1.3410329818725585938 1.6632362604141235352 1.4642893075942993164 1.2761477231979370117 1.5072478055953979492 1.7135345935821533203 1.3243345022201538086 1.3812108039855957031 1.5533468723297119141 1.6718604564666748047 1.3223072290420532227 1.5491034984588623047 1.5398439168930053711 1.3563611507415771484 1.553208470344543457 1.552252650260925293 1.3587100505828857422 1.2896845340728759766
1.2883657217025756836 2.0967888832092285156 1.3522242307662963867 1.5435403585433959961 1.394617915153503418 2.0379884243011474609 1.7920120954513549805 1.3514815568923950195 1.3827333450317382812 2.0160536766052246094 1.3846299648284912109 1.3605794906616210938 1.4084731340408325195 1.4044440984725952148 1.7813458442687988281 1.3746116161346435547 1.411072850227355957 1.3531752824783325195 1.4331744909286499023 1.3418080806732177734 1.3641614913940429688 1.3909745216369628906 1.3472254276275634766 1.7482756376266479492 1.3975492715835571289 1.3144447803497314453 1.3503249883651733398 1.8766500949859619141 1.331787109375 1.3694058656692504883 1.4841761589050292969 1.95967864990234375 1.3010735511779785156 1.3978008031845092773 1.5637812614440917969 1.8382995128631591797 1.3443397283554077148 1.2970926761627197266 2.2115318775177001953 1.3391202688217163086 1.3959805965423583984 2.304149627685546875 1.4037195444107055664 1.6270459890365600586 1.8796932697296142578
1.3851656913757324219 1.8845609426498413086 1.3820133209228515625 1.3385651111602783203 1.6498521566390991211 2.1121652126312255859 1.3381558656692504883 1.6208679676055908203 1.3329377174377441406 1.8957918882369995117 1.3494735956192016602 1.5051821470260620117 1.7066829204559326172 1.4073967933654785156 1.4316694736480712891 1.7053987979888916016 1.3158806562423706055 1.4135202169418334961 1.9000222682952880859 1.9317167997360229492 1.368596196174621582 1.3298879861831665039 1.7360345125198364258 1.8903253078460693359 1.3395650386810302734 1.3319987058639526367 1.4089791774749755859 1.3553261756896972656 1.2293443679809570312 1.415411829948425293 1.5022778511047363281 1.9770351648330688477 1.3671157360076904297 1.2478650808334350586 1.6325421333312988281 1.4528949260711669922 1.3334133625030517578 1.2930324077606201172 1.4386415481567382812 1.3868601322174072266 1.3128495216369628906 1.4707034826278686523 1.491790771484375 1.3227466344833374023 1.8392337560653686523
1.4292608499526977539 1.5745500326156616211 1.3586586713790893555 1.4642847776412963867 1.4018710851669311523 1.4609705209732055664 1.5872527360916137695 1.4385478496551513672 1.4820092916488647461 1.5880346298217773438 1.408433079719543457 1.3256411552429199219 1.3016909360885620117 1.4560436010360717773 1.3363233804702758789 1.3610712289810180664 1.2702112197875976562 1.3386310338973999023 1.340062260627746582 1.7070037126541137695 1.4472097158432006836 1.3142311573028564453 1.3366314172744750977 1.4666488170623779297 1.2918075323104858398 1.3686337471008300781 1.2748645544052124023 1.4345486164093017578 1.5734539031982421875 1.3110187053680419922 1.269713282585144043 1.3069630861282348633 1.3050284385681152344 1.3462659120559692383 1.520789027214050293 1.4062975645065307617 1.4265815019607543945 1.2889386415481567383 1.300284266471862793 1.7240343093872070312 1.3208876848220825195 1.2360889911651611328 1.9838532209396362305 1.3435876369476318359 1.2388484477996826172
1.4247112274169921875 1.634737849235534668 1.3534266948699951172 1.3651479482650756836 1.3491320610046386719 1.3812330961227416992 1.3481403589248657227 1.4656240940093994141 1.3851301670074462891 1.8841042518615722656 1.5919450521469116211 1.352830052375793457 1.3457010984420776367 1.4797656536102294922 1.4182516336441040039 1.3489097356796264648 1.6486663818359375 1.4530651569366455078 1.3558988571166992188 1.3637040853500366211 1.4637837409973144531 1.3432326316833496094 1.2776972055435180664 1.3681060075759887695 1.347304224967956543 1.3425887823104858398 1.351063847541809082 1.3201270103454589844 1.3032854795455932617 1.3467094898223876953 1.3677562475204467773 1.6910623311996459961 1.3906428813934326172 1.3876923322677612305 1.6722558736801147461 1.3251363039016723633 1.3118060827255249023 1.5841419696807861328 1.300030827522277832 1.4292020797729492188 1.4418321847915649414 1.6961297988891601562 1.2783286571502685547 1.4705053567886352539 1.5341593027114868164
1.4777576923370361328 1.6077765226364135742 1.3653568029403686523 1.4219509363174438477 1.7982770204544067383 1.584865570068359375 1.3894710540771484375 1.488087773323059082 1.4234825372695922852 1.3473650217056274414 1.3748819828033447266 1.5174658298492431641 1.5886884927749633789 1.3466652631759643555 1.3686428070068359375 1.4032778739929199219 1.3274649381637573242 1.3548699617385864258 1.6375731229782104492 1.3346467018127441406 1.4971983432769775391 1.3634972572326660156 1.3410373926162719727 1.3339442014694213867 1.282483220100402832 1.3746484518051147461 1.3245576620101928711 1.2867207527160644531 1.3385746479034423828 1.3516728878021240234 1.3289310932159423828 1.3515490293502807617 1.4608896970748901367 1.4105429649353027344 1.3451999425888061523 1.6381080150604248047 1.3347861766815185547 1.2518484592437744141 1.3217874765396118164 1.4421617984771728516 1.4525625705718994141 1.9741899967193603516 1.3831527233123779297 1.3932937383651733398 1.482285618782043457
1.4636484384536743164 1.6575325727462768555 1.3024666309356689453 1.3695429563522338867 1.5485991239547729492 1.605393528938293457 1.3725186586380004883 1.3772151470184326172 1.7037351131439208984 1.2895607948303222656 1.4407246112823486328 1.4188997745513916016 1.380435943603515625 1.4367468357086181641 1.3151892423629760742 1.3228158950805664062 1.3430230617523193359 1.3225321769714355469 1.395337224006652832 1.3227761983871459961 1.4375367164611816406 1.5082297325134277344 1.4087599515914916992 1.5224653482437133789 1.3452744483947753906 1.3862832784652709961 1.2861711978912353516 1.4119302034378051758 1.2623590230941772461 1.5668671131134033203 1.416848301887512207 1.4788558483123779297 1.5487357378005981445 1.6030321121215820312 1.5092567205429077148 1.5547435283660888672 1.1769353151321411133 1.4744563102722167969 1.6870974302291870117 1.3021367788314819336 1.3407737016677856445 1.521477818489074707 1.6945557594299316406 1.3659075498580932617 1.7628949880599975586
1.370877385139465332 1.6938669681549072266 1.8014137744903564453 1.3523631095886230469 1.411398768424987793 1.4593348503112792969 1.7087430953979492188 1.3214343786239624023 1.6094774007797241211 1.5317547321319580078 1.3405079841613769531 1.3901816606521606445 1.3553988933563232422 1.4315103292465209961 1.3769563436508178711 1.4838079214096069336 1.3459324836730957031 1.4203593730926513672 1.3425654172897338867 1.2697243690490722656 1.3465007543563842773 1.3588064908981323242 1.3274291753768920898 1.353102564811706543 1.3859714269638061523 1.2927339076995849609 1.3584486246109008789 1.3068979978561401367 1.3448380231857299805 1.3119462728500366211 1.372124791145324707 1.4328725337982177734 1.3406261205673217773 1.3561598062515258789 1.7058495283126831055 1.818822026252746582 1.2676630020141601562 1.4068642854690551758 1.6431207656860351562 1.3447529077529907227 1.3390578031539916992 1.7054258584976196289 2.0222456455230712891 1.5181534290313720703 1.6576154232025146484
1.3541805744171142578 1.4471919536590576172 1.8458856344223022461 1.3548628091812133789 1.3910712003707885742 1.8250354528427124023 1.4230436086654663086 1.3534871339797973633 1.515383601188659668 1.3821568489074707031 1.2445256710052490234 1.4834417104721069336 1.5096071958541870117 2.2648060321807861328 1.4396773576736450195 1.3441089391708374023 1.3751715421676635742 1.3595762252807617188 1.5705474615097045898 1.3935500383377075195 1.3225188255310058594 1.4417968988418579102 1.3634965419769287109 1.5535894632339477539 1.3134641647338867188 1.3452860116958618164 1.651616215705871582 1.5987583398818969727 1.3042914867401123047 1.3623791933059692383 1.7391890287399291992 1.6523797512054443359 1.3195090293884277344 1.3916418552398681641 1.8134768009185791016 1.6627384424209594727 1.5611779689788818359 1.4208463430404663086 1.8735805749893188477 1.4138486385345458984 1.3924390077590942383 1.3097271919250488281 1.9821203947067260742 1.3542275428771972656 1.5363817214965820312
1.3407750129699707031 1.3821827173233032227 2.4136078357696533203 1.3504792451858520508 1.3415441513061523438 1.4037556648254394531 1.8877036571502685547 1.3506790399551391602 1.4383170604705810547 1.9007457494735717773 1.3187794685363769531 1.3759680986404418945 1.3985917568206787109 1.4357208013534545898 1.3554627895355224609 1.3961176872253417969 1.3505980968475341797 1.6314508914947509766 1.5915217399597167969 1.5428987741470336914 1.4424599409103393555 1.4032196998596191406 1.4390995502471923828 1.5091723203659057617 1.3083701133728027344 1.4262247085571289062 1.728484034538269043 1.3845058679580688477 1.27872467041015625 1.4075627326965332031 1.5127581357955932617 1.7307176589965820312 1.3070069551467895508 1.4383068084716796875 1.6313329935073852539 1.9056795835494995117 1.5630662441253662109 1.5043342113494873047 1.8961807489395141602 1.1807336807250976562 1.4375015497207641602 1.7031742334365844727 1.6310961246490478516 1.5088099241256713867 1.9310426712036132812
1.341114044189453125 1.3515311479568481445 2.0286383628845214844 1.3820168972015380859 1.3365577459335327148 1.364851832389831543 2.191162109375 1.3830492496490478516 1.3577884435653686523 1.5094014406204223633 1.3413575887680053711 1.3641681671142578125 1.4340468645095825195 1.8913832902908325195 1.332767486572265625 1.3792978525161743164 1.4096044301986694336 1.4615848064422607422 1.5015935897827148438 1.3443543910980224609 1.3265327215194702148 1.4261351823806762695 1.744846343994140625 1.3339219093322753906 1.2039616107940673828 1.3884223699569702148 1.4879641532897949219 1.3712478876113891602 1.6372877359390258789 1.3554648160934448242 1.6415789127349853516 1.4725135564804077148 1.3348191976547241211 1.4155651330947875977 1.378731846809387207 1.978592991828918457 1.2822809219360351562 1.579266667366027832 1.9727021455764770508 1.2478098869323730469 1.3464561700820922852 1.5298765897750854492 1.8744208812713623047 1.3857223987579345703 1.6433191299438476562
1.3494198322296142578 1.3163814544677734375 1.4715169668197631836 1.3366717100143432617 1.3409485816955566406 1.3347038030624389648 1.7221834659576416016 1.4343438148498535156 1.3663377761840820312 1.4031013250350952148 2.0923600196838378906 1.3145376443862915039 1.5616182088851928711 1.4839664697647094727 1.3254512548446655273 1.3899682760238647461 1.3540810346603393555 1.6398156881332397461 1.5257256031036376953 1.2383157014846801758 1.558379054069519043 1.3387414216995239258 1.6575180292129516602 1.3261485099792480469 1.3033423423767089844 1.3533792495727539062 1.5475783348083496094 1.3330214023590087891 1.3447870016098022461 1.372196197509765625 1.4777836799621582031 1.1900022029876708984 1.3077597618103027344 1.3559852838516235352 1.4142713546752929688 1.3311717510223388672 1.3803514242172241211 1.3855967521667480469 1.2575674057006835938 1.2855782508850097656 1.4043899774551391602 1.8467431068420410156 2.0023763179779052734 1.3222663402557373047 1.473697662353515625
