data/CoulombOnly/Outputs_CoulombOnly/release1HS_03CoulombOnly_null_Gerris_pfv.asc
ncols        1001
nrows        301
xllcorner    997.500000000000
yllcorner    -5002.500000000000
cellsize     5.000000000000
[rows 154 to 175 of 301, columns 550 to 599 of 1001]
61.466098785400390625 61.212100982666015625 60.9552001953125 60.700099945068359375 60.183399200439453125 59.92350006103515625 59.66230010986328125 59.400501251220703125 58.873199462890625 58.607601165771484375 58.340801239013671875 58.073299407958984375 57.53350067138671875 57.26190185546875 56.988800048828125 56.714801788330078125 56.16230010986328125 55.88410186767578125 55.604400634765625 55.323200225830078125 54.7563018798828125 54.47119903564453125 54.18399810791015625 53.895900726318359375 53.314800262451171875 53.02159881591796875 52.728199005126953125 52.433200836181640625 51.839199066162109375 51.5399017333984375 51.23799896240234375 50.935100555419921875 50.323699951171875 50.014801025390625 49.704799652099609375 49.39189910888671875 48.759601593017578125 48.445598602294921875 48.12979888916015625 47.812198638916015625 47.1697998046875 46.845798492431640625 46.52030181884765625 46.191501617431640625 45.532199859619140625 45.200298309326171875 44.86660003662109375 44.529998779296875 43.849399566650390625 43.5055999755859375
61.34600067138671875 61.09310150146484375 60.83750152587890625 60.583698272705078125 60.06800079345703125 59.809200286865234375 59.54869842529296875 59.287601470947265625 58.761600494384765625 58.496601104736328125 58.230701446533203125 57.9636993408203125 57.42530059814453125 57.1540985107421875 56.8816986083984375 56.60829925537109375 56.05699920654296875 55.7790985107421875 55.50009918212890625 55.21929931640625 54.653499603271484375 54.3686981201171875 54.082000732421875 53.794399261474609375 53.21379852294921875 52.92279815673828125 52.630100250244140625 52.336200714111328125 51.742801666259765625 51.44319915771484375 51.141998291015625 50.839900970458984375 50.22869873046875 49.920299530029296875 49.60990142822265625 49.29759979248046875 48.670101165771484375 48.35359954833984375 48.035198211669921875 47.715801239013671875 47.076099395751953125 46.754100799560546875 46.430999755859375 46.108699798583984375 45.453800201416015625 45.119701385498046875 44.78459930419921875 44.44570159912109375 43.753398895263671875 43.40219879150390625
61.6240997314453125 61.006000518798828125 60.75170135498046875 60.4989013671875 59.98490142822265625 59.727100372314453125 59.467601776123046875 59.211700439453125 58.68270111083984375 58.418598175048828125 58.153400421142578125 57.88690185546875 57.34999847412109375 57.07939910888671875 56.80770111083984375 56.534900665283203125 55.984600067138671875 55.70709991455078125 55.42839813232421875 55.148101806640625 54.583301544189453125 54.298801422119140625 54.012699127197265625 53.725399017333984375 53.14730072021484375 52.8571014404296875 52.564601898193359375 52.27130126953125 51.678699493408203125 51.37960052490234375 51.078899383544921875 50.77700042724609375 50.166500091552734375 49.858600616455078125 49.548198699951171875 49.236400604248046875 48.604400634765625 48.28530120849609375 47.964199066162109375 47.640499114990234375 46.99530029296875 46.675800323486328125 46.356098175048828125 46.03279876708984375 45.38249969482421875 45.0531005859375 44.72190093994140625 44.3813018798828125 43.67919921875 43.324001312255859375
61.423198699951171875 61.396999359130859375 61.208400726318359375 61.1613006591796875 60.189998626708984375 59.907501220703125 59.858600616455078125 59.092899322509765625 58.620098114013671875 58.512500762939453125 58.047901153564453125 57.783298492431640625 57.25009918212890625 56.980998992919921875 56.710498809814453125 56.438800811767578125 55.890598297119140625 55.614200592041015625 55.336498260498046875 55.05699920654296875 54.49430084228515625 54.210399627685546875 53.92549896240234375 53.6407012939453125 53.06639862060546875 52.776699066162109375 52.48509979248046875 52.19210052490234375 51.601299285888671875 51.302600860595703125 51.00260162353515625 50.700801849365234375 50.0912017822265625 49.783599853515625 49.47370147705078125 49.161701202392578125 48.530498504638671875 48.211299896240234375 47.890201568603515625 47.565898895263671875 46.910999298095703125 46.595600128173828125 46.279998779296875 45.9656982421875 45.304901123046875 44.953800201416015625 44.604198455810546875 44.2527008056640625 43.5532989501953125 43.203800201416015625
62.14530181884765625 62.2386016845703125 61.36090087890625 61.112400054931640625 60.49810028076171875 60.226898193359375 60.019298553466796875 59.89260101318359375 58.8191986083984375 58.625701904296875 58.40940093994140625 57.79309844970703125 57.105998992919921875 56.83860015869140625 56.712799072265625 56.340801239013671875 55.75659942626953125 55.482601165771484375 55.20690155029296875 54.929798126220703125 54.375 54.09600067138671875 53.814601898193359375 53.531398773193359375 52.96070098876953125 52.6725006103515625 52.381900787353515625 52.0894012451171875 51.5001983642578125 51.202098846435546875 50.902400970458984375 50.60070037841796875 49.99089813232421875 49.68280029296875 49.37220001220703125 49.059299468994140625 48.42839813232421875 48.110599517822265625 47.79270172119140625 47.474300384521484375 46.843799591064453125 46.525798797607421875 46.198200225830078125 45.86589813232421875 45.19229888916015625 44.85449981689453125 44.518001556396484375 44.1781005859375 43.48809814453125 43.13140106201171875
63.101001739501953125 62.48490142822265625 62.418598175048828125 62.274600982666015625 61.305599212646484375 61.153400421142578125 60.38809967041015625 60.247501373291015625 59.832698822021484375 59.491901397705078125 58.77030181884765625 58.54010009765625 58.274200439453125 57.85369873046875 57.41210174560546875 56.956600189208984375 56.2808990478515625 55.99700164794921875 55.567699432373046875 55.38610076904296875 54.71939849853515625 53.9795989990234375 53.81060028076171875 53.539398193359375 52.91680145263671875 52.4550018310546875 52.1696014404296875 52.004001617431640625 51.347301483154296875 50.90219879150390625 50.60430145263671875 50.302898406982421875 49.690399169921875 49.380001068115234375 49.073200225830078125 48.76580047607421875 48.143901824951171875 47.8274993896484375 47.50730133056640625 47.184101104736328125 46.527301788330078125 46.19390106201171875 45.85810089111328125 45.52030181884765625 44.84400177001953125 44.505100250244140625 44.16320037841796875 43.81639862060546875 43.115200042724609375 42.754901885986328125
63.914699554443359375 63.707698822021484375 62.796600341796875 62.44329833984375 61.802700042724609375 61.51869964599609375 61.45980072021484375 61.27790069580078125 60.126399993896484375 60.108600616455078125 59.512298583984375 59.11309814453125 58.453701019287109375 57.980998992919921875 57.70890045166015625 57.371898651123046875 56.71649932861328125 56.589099884033203125 56.166900634765625 55.510101318359375 55.0446014404296875 54.7490997314453125 54.501399993896484375 53.829799652099609375 53.235599517822265625 52.682300567626953125 52.5782012939453125 52.11119842529296875 51.72480010986328125 51.527599334716796875 51.371700286865234375 50.713901519775390625 49.62850189208984375 49.33300018310546875 49.0281982421875 48.717700958251953125 48.10520172119140625 47.78900146484375 47.48310089111328125 47.159198760986328125 46.516998291015625 46.197601318359375 45.860500335693359375 45.532901763916015625 44.855701446533203125 44.5074005126953125 44.159801483154296875 43.809398651123046875 43.094600677490234375 42.72460174560546875
64.7519989013671875 63.75640106201171875 63.2843017578125 63.158901214599609375 62.350299835205078125 61.8964996337890625 61.55319976806640625 61.205501556396484375 60.751499176025390625 60.663600921630859375 60.21450042724609375 59.45420074462890625 59.131500244140625 58.59439849853515625 58.168598175048828125 57.597698211669921875 57.2266998291015625 56.78639984130859375 56.333499908447265625 56.198001861572265625 55.502899169921875 54.99340057373046875 54.75 54.470500946044921875 53.5214996337890625 53.170299530029296875 52.83570098876953125 52.68360137939453125 52.11920166015625 51.838298797607421875 51.7593994140625 51.020000457763671875 49.905101776123046875 49.302600860595703125 48.75910186767578125 48.437198638916015625 47.7891998291015625 47.46289825439453125 47.134899139404296875 46.805301666259765625 46.138401031494140625 45.8032989501953125 45.464298248291015625 45.12149810791015625 44.427799224853515625 44.0774993896484375 43.720401763916015625 43.365200042724609375 42.641498565673828125 42.280101776123046875
64.78009796142578125 64.325897216796875 63.729198455810546875 63.494598388671875 63.30120086669921875 62.38809967041015625 62.176998138427734375 61.821399688720703125 61.061199188232421875 60.77539825439453125 60.221698760986328125 59.90760040283203125 59.572299957275390625 59.043399810791015625 58.55419921875 58.241298675537109375 57.6083984375 57.033298492431640625 56.6968994140625 56.58950042724609375 55.930599212646484375 55.54290008544921875 55.23799896240234375 54.786998748779296875 54.006801605224609375 53.6808013916015625 53.2126007080078125 52.981201171875 52.103298187255859375 52.22389984130859375 52.065898895263671875 51.7808990478515625 50.72769927978515625 50.2156982421875 49.575000762939453125 49.7274017333984375 48.1165008544921875 47.494800567626953125 47.03150177001953125 46.69879913330078125 46.02700042724609375 45.685901641845703125 45.342700958251953125 44.99900054931640625 44.300201416015625 43.946399688720703125 43.590999603271484375 43.231899261474609375 42.50299835205078125 42.133098602294921875
65.24069976806640625 65.213897705078125 64.92839813232421875 64.81929779052734375 64.00299835205078125 63.701198577880859375 63.27339935302734375 62.912700653076171875 62.1696014404296875 61.81529998779296875 61.63230133056640625 61.145000457763671875 60.0670013427734375 59.871601104736328125 59.505199432373046875 59.42819976806640625 57.967700958251953125 57.70709991455078125 57.248500823974609375 57.179599761962890625 56.400699615478515625 55.643299102783203125 55.63610076904296875 55.3125 54.4355010986328125 53.47949981689453125 53.821399688720703125 53.32630157470703125 52.4665985107421875 51.5102996826171875 51.246799468994140625 50.6876983642578125 50.79949951171875 50.5886993408203125 49.74530029296875 48.97930145263671875 47.7509002685546875 47.379901885986328125 46.525798797607421875 46.424198150634765625 45.598201751708984375 45.265598297119140625 44.930999755859375 44.612499237060546875 43.900699615478515625 43.56330108642578125 43.204700469970703125 42.83100128173828125 42.094699859619140625 41.7041015625
66.09870147705078125 65.31310272216796875 65.07109832763671875 64.80660247802734375 64.06259918212890625 63.902400970458984375 63.55410003662109375 62.8639984130859375 62.4673004150390625 62.245800018310546875 62.10720062255859375 61.40399932861328125 60.062801361083984375 59.95439910888671875 59.69499969482421875 59.530300140380859375 58.667598724365234375 57.77249908447265625 57.5186004638671875 57.51020050048828125 57.024700164794921875 56.456501007080078125 55.832698822021484375 55.161899566650390625 54.262599945068359375 54.14849853515625 53.793201446533203125 53.706298828125 52.694599151611328125 52.31510162353515625 51.30889892578125 50.920299530029296875 50.620800018310546875 50.064601898193359375 50.186901092529296875 49.38539886474609375 48.810398101806640625 48.63919830322265625 47.71920013427734375 47.1772003173828125 45.791599273681640625 45.138698577880859375 44.743499755859375 43.88520050048828125 43.260799407958984375 42.9095001220703125 42.576000213623046875 42.248600006103515625 41.515899658203125 41.1631011962890625
66.230499267578125 65.506103515625 64.5001983642578125 63.949100494384765625 63.748600006103515625 63.722499847412109375 63.54850006103515625 63.417301177978515625 62.360401153564453125 62.011600494384765625 61.759799957275390625 61.499599456787109375 60.683101654052734375 60.395099639892578125 60.02629852294921875 59.755199432373046875 58.77130126953125 58.463001251220703125 58.185398101806640625 58.025600433349609375 57.1884002685546875 56.316600799560546875 56.164699554443359375 56.06610107421875 55.1753997802734375 54.9376983642578125 54.179798126220703125 53.787200927734375 52.391300201416015625 51.74430084228515625 51.824100494384765625 51.24700164794921875 50.478099822998046875 50.28079986572265625 50.273101806640625 49.540699005126953125 48.7135009765625 48.130199432373046875 47.14739990234375 46.925098419189453125 45.969600677490234375 45.351898193359375 44.7454986572265625 44.343601226806640625 43.108501434326171875 42.889598846435546875 42.581298828125 42.13249969482421875 41.286899566650390625 40.84239959716796875
64.49720001220703125 63.72010040283203125 64.29360198974609375 64.14990234375 63.466899871826171875 62.75189971923828125 62.975799560546875 61.935398101806640625 62.66049957275390625 62.05899810791015625 61.87850189208984375 61.27970123291015625 60.584300994873046875 59.85269927978515625 60.007999420166015625 60.044399261474609375 58.4644012451171875 58.496700286865234375 58.12129974365234375 58.043498992919921875 56.716701507568359375 56.1949005126953125 56.158901214599609375 56.080600738525390625 55.529300689697265625 54.7957000732421875 54.36949920654296875 53.39170074462890625 52.90959930419921875 52.31079864501953125 51.713100433349609375 51.428798675537109375 50.328399658203125 49.954498291015625 49.69390106201171875 48.78549957275390625 48.5634002685546875 48.540798187255859375 47.5988006591796875 47.853099822998046875 46.15090179443359375 45.555599212646484375 44.835498809814453125 44.292999267578125 43.743499755859375 43.3993988037109375 42.823001861572265625 42.11769866943359375 40.712299346923828125 40.762298583984375
59.29940032958984375 60.173801422119140625 60.171298980712890625 59.716899871826171875 58.341999053955078125 59.305500030517578125 59.75659942626953125 59.352298736572265625 58.07289886474609375 58.0829010009765625 57.237201690673828125 57.7621002197265625 57.2843017578125 58.061798095703125 57.359798431396484375 56.869800567626953125 56.1902008056640625 56.6808013916015625 56.08840179443359375 55.895900726318359375 55.268299102783203125 54.920101165771484375 54.505901336669921875 54.462200164794921875 54.700901031494140625 53.81439971923828125 53.347599029541015625 52.888698577880859375 52.438800811767578125 51.5511016845703125 51.2386016845703125 50.963298797607421875 50.11309814453125 49.864398956298828125 49.227001190185546875 49.1024017333984375 48.425098419189453125 47.5727996826171875 47.635601043701171875 47.092998504638671875 46.355899810791015625 45.993999481201171875 45.33679962158203125 44.563201904296875 43.305400848388671875 42.79219818115234375 42.448398590087890625 41.5587005615234375 41.30899810791015625 40.5699005126953125
46.61370086669921875 46.4385986328125 45.89479827880859375 45.62039947509765625 49.491001129150390625 54.5623016357421875 54.430301666259765625 54.035400390625 54.713901519775390625 55.4093017578125 55.262401580810546875 54.686798095703125 54.0531005859375 53.155498504638671875 52.868801116943359375 53.90019989013671875 53.027698516845703125 53.35739898681640625 52.3860015869140625 53.01039886474609375 52.3368988037109375 52.793201446533203125 52.1316986083984375 52.469898223876953125 52.249298095703125 51.7006988525390625 51.5587005615234375 51.12039947509765625 50.492000579833984375 50.082599639892578125 50.215801239013671875 49.541599273681640625 48.79219818115234375 48.61840057373046875 48.405300140380859375 48.026401519775390625 47.714801788330078125 47.248600006103515625 46.64640045166015625 46.57450103759765625 46.468898773193359375 46.47859954833984375 46.092899322509765625 45.11299896240234375 44.41139984130859375 43.59999847412109375 42.8675994873046875 42.45169830322265625 41.43849945068359375 40.637599945068359375
28.685499191284179688 30.762500762939453125 32.60720062255859375 34.14929962158203125 37.190799713134765625 38.57440185546875 40.044399261474609375 41.19029998779296875 43.952098846435546875 44.298999786376953125 45.94770050048828125 47.2386016845703125 48.934200286865234375 49.650600433349609375 49.64550018310546875 49.846401214599609375 50.5550994873046875 50.825099945068359375 51.3468017578125 51.27130126953125 49.644199371337890625 50.125301361083984375 50.1678009033203125 49.7014007568359375 49.158100128173828125 48.692501068115234375 49.06719970703125 48.27410125732421875 48.158901214599609375 47.93379974365234375 47.836101531982421875 47.589801788330078125 47.2389984130859375 47.341899871826171875 46.705898284912109375 46.581798553466796875 45.96559906005859375 46.441898345947265625 45.776500701904296875 45.32830047607421875 44.8917999267578125 44.799900054931640625 44.097301483154296875 43.836200714111328125 42.542301177978515625 42.18379974365234375 42.1118011474609375 41.254398345947265625 40.023601531982421875 39.74340057373046875
9.2533702850341796875 10.5615997314453125 10.5615997314453125 11.676799774169921875 12.627499580383300781 12.627499580383300781 15.4701995849609375 27.0569000244140625 27.2845001220703125 29.580499649047851562 31.554500579833984375 33.04669952392578125 33.106998443603515625 34.336101531982421875 34.931400299072265625 34.6587982177734375 35.472400665283203125 36.054599761962890625 36.1772003173828125 35.9933013916015625 37.245800018310546875 37.12509918212890625 37.85269927978515625 37.82669830322265625 38.928699493408203125 39.0941009521484375 39.70980072021484375 39.93109893798828125 39.878101348876953125 40.033901214599609375 39.779399871826171875 39.976398468017578125 40.217899322509765625 40.754199981689453125 40.451900482177734375 40.299900054931640625 40.37139892578125 40.88919830322265625 40.580699920654296875 40.31829833984375 40.19940185546875 40.043701171875 40.2218017578125 40.194499969482421875 39.93000030517578125 39.495899200439453125 39.513301849365234375 39.1529998779296875 38.6847991943359375 38.117198944091796875
0 0 0 0 0 0 0 0 0 0 0 2.5088400840759277344 6.0951199531555175781 6.0951199531555175781 6.4893198013305664062 6.4893198013305664062 7.1469402313232421875 7.5318799018859863281 7.5318799018859863281 7.7778100967407226562 9.8057298660278320312 20.4384002685546875 20.112100601196289062 20.969400405883789062 21.705499649047851562 21.135799407958984375 20 19.556499481201171875 20.698299407958984375 21.26300048828125 21.79199981689453125 22.322900772094726562 23.31349945068359375 23.796499252319335938 24.243900299072265625 24.634000778198242188 25.298200607299804688 25.587099075317382812 25.827800750732421875 26.0485992431640625 26.396200180053710938 26.514699935913085938 26.631999969482421875 26.7201995849609375 26.82830047607421875 26.86669921875 26.863100051879882812 26.8470001220703125 26.786500930786132812 26.754100799560546875
0 0 0 0 0 0 0 0 0 0 0 0 0 0 0 0 0 0 0 0 0 0 0 0 8.3807802200317382812 12.285699844360351562 14.422900199890136719 14.930700302124023438 14.452500343322753906 13.504099845886230469 13.796799659729003906 14.255900382995605469 15.301799774169921875 15.612600326538085938 15.739999771118164062 16.09040069580078125 17.17919921875 17.648500442504882812 18.044200897216796875 18.378599166870117188 18.919300079345703125 19.171600341796875 19.40309906005859375 19.615400314331054688 20.023700714111328125 20.18740081787109375 20.353399276733398438 20.488000869750976562 20.697299957275390625 20.761600494384765625
0 0 0 0 0 0 0 0 0 0 0 0 0 0 0 0 0 0 0 0 0 0 0 0 1.3968000411987304688 4.4514298439025878906 4.4514298439025878906 5.023590087890625 4.6594300270080566406 4.6594300270080566406 4.6754498481750488281 4.6754498481750488281 5.0203299522399902344 6.059619903564453125 11.064700126647949219 10.603300094604492188 10.35630035400390625 10.585900306701660156 11.252200126647949219 12.179699897766113281 13.221699714660644531 13.746100425720214844 14.031200408935546875 14.348799705505371094 15.022500038146972656 15.207300186157226562 15.313199996948242188 15.383999824523925781 15.434100151062011719 15.429800033569335938
0 0 0 0 0 0 0 0 0 0 0 0 0 0 0 0 0 0 0 0 0 0 0 0 0 0 0 0 0 0 0 0 0 0 0 0 3.0145699977874755859 3.8063700199127197266 4.1141800880432128906 5.6859798431396484375 6.8418798446655273438 7.7871298789978027344 8.4130601882934570312 8.8880796432495117188 10.052900314331054688 10.465399742126464844 11.090200424194335938 11.558199882507324219 11.844300270080566406 12.005700111389160156
0 0 0 0 0 0 0 0 0 0 0 0 0 0 0 0 0 0 0 0 0 0 0 0 0 0 0 0 0 0 0 0 0 0 0 0 0 0 0 0 0 0 0 0 0 0 0 0 0 0
