data/CoulombOnly/Outputs_CoulombOnly/release1HS_null_03CoulombOnly_faSavageHutterFoam_pfv.asc
xllcenter 1000
yllcenter -5000
nrows 301
ncols 1001
NODATA_value -9999
cellsize 5
[rows 145 to 173 of 301, columns 130 to 194 of 1001]
60.0218 60.0069 60.4766 60.6709 60.7023 61.1114 61.3599 61.3351 61.7781 61.9038 61.9418 62.3565 62.5452 62.5974 62.9406 63.1255 63.1171 63.5233 63.6797 63.7084 64.088 64.2335 64.2548 64.6187 64.7704 64.7843 65.1072 65.2584 65.2507 65.5972 65.7465 65.7992 66.0803 66.2087 66.321 66.5288 66.6594 66.7483 66.98 67.0867 67.1729 67.4494 67.5065 67.5497 67.8035 67.8891 67.9529 68.1427 68.2485 68.2934 68.2747 68.6058 68.6712 68.6954 68.9974 69.056 69.0658 69.3694 69.4219 69.3874 69.7348 69.812 69.7613 70.1071 70.1632
60.1209 60.2396 60.5548 60.7763 60.9281 61.2418 61.4234 61.5537 61.8481 62.0359 62.1584 62.3626 62.6541 62.7446 62.8739 63.2679 63.3973 63.4925 63.8158 63.9738 63.9839 64.3837 64.4786 64.5253 64.9276 65.0101 65.0631 65.4412 65.5365 65.5789 65.9677 66.0918 66.1164 66.4816 66.5924 66.5577 66.9123 67.021 66.982 67.325 67.432 67.3797 67.7274 67.8058 67.7835 68.1255 68.214 68.1292 68.4766 68.5363 68.5479 68.8594 68.945 68.9354 69.2558 69.3473 69.337 69.6341 69.6492 69.6993 70.0032 70.0292 70.0805 70.3678 70.3788
60.1723 60.356 60.4507 60.8805 61.0038 61.107 61.5269 61.6602 61.6404 62.0898 62.1611 62.2872 62.7085 62.864 62.9158 63.3284 63.4371 63.5606 63.8337 64.0689 64.1157 64.4889 64.6293 64.64 65.0196 65.1663 65.1484 65.533 65.6497 65.6733 66.0602 66.1717 66.2919 66.56 66.6387 66.7099 66.9941 67.062 67.1089 67.3775 67.4592 67.5065 67.8353 67.8685 67.9405 67.9462 68.2829 68.3609 68.3028 68.6339 68.661 68.653 69.007 69.0718 69.0538 69.4056 69.4507 69.4781 69.7854 69.8127 69.835 70.1486 70.1982 70.1379 70.4779
60.1888 60.357 60.4924 60.8553 60.9868 61.1802 61.567 61.7246 61.7685 62.1613 62.2996 62.3829 62.7556 62.9427 62.9235 63.329 63.4905 63.5667 63.8395 64.0687 64.1651 64.4259 64.5973 64.6979 64.985 65.1066 65.2137 65.5156 65.6469 65.7682 65.7922 66.1503 66.2516 66.2834 66.6315 66.7071 66.7095 67.0246 67.0822 67.1158 67.4553 67.5428 67.5629 67.8848 67.9507 67.9728 68.2918 68.3704 68.3839 68.6756 68.6838 68.689 69.0247 69.1217 69.078 69.4266 69.5054 69.5002 69.8364 69.912 69.8747 70.2006 70.2026 70.2381 70.5699
60.2316 60.4003 60.5033 60.8928 61.0585 61.1135 61.5632 61.775 61.7855 62.1457 62.314 62.3969 62.6293 62.8846 62.9883 63.2086 63.4472 63.5915 63.591 63.9898 64.1234 64.3836 64.5163 64.6476 64.6722 65.0387 65.1704 65.2142 65.5974 65.7158 65.7569 66.1067 66.2004 66.2716 66.6042 66.6849 66.6642 67.0005 67.078 67.1351 67.4687 67.5489 67.5772 67.8741 67.9281 67.966 68.2693 68.3375 68.3553 68.6646 68.7065 68.659 69.012 69.0625 69.1546 69.4681 69.4636 69.5179 69.8412 69.8623 69.9163 69.9203 70.2221 70.2506 70.5581
60.2221 60.4529 60.5079 60.9245 61.0661 61.0993 61.5469 61.703 61.7676 62.0034 62.271 62.3716 62.5453 62.8435 62.9057 63.1519 63.4161 63.5853 63.6888 63.9575 64.0571 64.3561 64.4644 64.5789 64.6039 64.9908 65.1084 65.1827 65.5619 65.6585 65.7293 66.0817 66.1576 66.2106 66.5683 66.6618 66.659 66.996 67.0699 67.1391 67.4668 67.5342 67.5256 67.8527 67.9118 67.9182 68.239 68.298 68.3004 68.6406 68.6318 68.6328 69.0104 69.0318 69.0959 69.4225 69.4486 69.4675 69.7995 69.8296 69.8791 69.9725 70.2292 70.2393 70.5339
60.1976 60.4149 60.5044 60.905 61.0776 61.0991 61.5534 61.7379 61.7845 62.1211 62.3154 62.4002 62.6614 62.8582 62.9437 63.1685 63.4274 63.5452 63.5551 63.9542 64.0608 64.35 64.483 64.6092 64.636 65.0051 65.1349 65.1929 65.5606 65.6938 65.7222 66.0757 66.1604 66.2268 66.5638 66.6523 66.6678 66.9935 67.0637 67.1119 67.4458 67.5301 67.5552 67.8537 67.9093 67.9426 68.2428 68.3064 68.3267 68.6403 68.6847 68.6297 68.9849 69.0352 69.13 69.4525 69.4572 69.5152 69.8296 69.8629 69.9254 69.9279 70.2273 70.2492 70.546
60.1983 60.3957 60.5336 60.8616 60.9966 61.1796 61.5626 61.7248 61.7698 62.1637 62.2942 62.4032 62.7527 62.9325 62.9141 63.3217 63.4847 63.4887 63.8532 63.9921 64.1018 64.3737 64.5337 64.6247 64.9388 65.0519 65.1555 65.4672 65.5898 65.7043 65.7393 66.0909 66.1858 66.2007 66.5563 66.6392 66.6609 66.9916 67.0441 67.0621 67.4094 67.5024 67.5164 67.8435 67.913 67.9302 68.2515 68.3264 68.3417 68.6374 68.6483 68.6465 68.9841 69.0793 69.0576 69.4132 69.5016 69.4912 69.8268 69.9076 69.8768 70.2028 70.2082 70.2513 70.559
60.1676 60.3242 60.4776 60.8322 61.0175 61.1025 61.5204 61.6549 61.6431 62.0861 62.162 62.3104 62.7057 62.8398 62.962 63.3239 63.4119 63.3731 63.8216 64.0348 64.0334 64.415 64.5599 64.5616 64.9531 65.1029 65.088 65.4666 65.5963 65.6083 65.9945 66.1023 66.2103 66.4786 66.5523 66.6311 66.9127 66.9892 67.0524 67.3219 67.3953 67.4446 67.7895 67.8186 67.8875 67.8974 68.2357 68.314 68.2669 68.598 68.6256 68.6136 68.9683 69.0275 69.0343 69.3846 69.4383 69.4605 69.7707 69.8015 69.8194 70.1333 70.1854 70.1286 70.4762
60.1238 60.2419 60.5339 60.7703 60.9432 61.2313 61.4178 61.5343 61.8665 62.0313 62.1049 62.3841 62.6559 62.7065 62.8393 63.2485 63.3527 63.3811 63.7921 63.9309 63.9268 64.331 64.4269 64.4831 64.883 64.9591 65.0129 65.388 65.4617 65.5094 65.9036 66.0355 66.0574 66.4182 66.5207 66.4804 66.8394 66.9455 66.9174 67.2641 67.3704 67.3205 67.6747 67.7601 67.7396 68.0848 68.1799 68.0956 68.4398 68.5071 68.5167 68.8291 68.9124 68.9045 69.2259 69.3167 69.3097 69.6121 69.631 69.6837 69.9869 69.9898 70.0274 70.3255 70.3667
60.0258 59.9913 60.4561 60.6539 60.6943 61.1024 61.3536 61.3126 61.7647 61.9348 61.9738 62.377 62.5557 62.5833 62.9541 63.122 63.1692 63.5283 63.6592 63.7046 64.0747 64.2144 64.2461 64.6059 64.7556 64.775 65.0882 65.2352 65.2472 65.5767 65.7067 65.7529 66.0323 66.1613 66.2695 66.4756 66.6145 66.7061 66.9344 67.0364 67.142 67.4028 67.4593 67.5027 67.76 67.8551 67.9282 68.1262 68.2159 68.2589 68.2486 68.5812 68.646 68.6806 68.9796 69.0341 69.0337 69.3445 69.4007 69.3548 69.6997 69.7558 69.7208 70.0603 70.1162
59.8106 60.0336 60.323 60.4633 60.7132 60.9152 61.1312 61.3529 61.5978 61.7173 62.0041 62.1843 62.3297 62.524 62.7541 62.8815 63.1852 63.2936 63.4148 63.6354 63.8117 63.91 64.1698 64.3205 64.4032 64.479 64.809 64.8829 64.8773 65.2215 65.3087 65.3361 65.6816 65.7633 65.7787 66.1397 66.247 66.2202 66.5708 66.6454 66.6377 66.981 67.0506 67.0198 67.3605 67.4317 67.4247 67.7555 67.8197 67.7669 68.1078 68.1688 68.1199 68.4636 68.5032 68.4504 68.8131 68.8729 68.8701 69.1903 69.2286 69.2153 69.5247 69.5776 69.5752
59.5447 59.863 60.0904 60.1504 60.4713 60.6806 60.7717 61.1851 61.3345 61.3575 61.7399 61.9228 61.9471 62.2522 62.434 62.488 62.8443 62.997 62.9866 63.3447 63.45 63.4359 63.8008 63.9035 63.8877 64.2324 64.3165 64.3006 64.6315 64.7095 64.7272 65.0621 65.1464 65.1203 65.4521 65.5417 65.5997 65.8911 65.9427 65.9403 66.2501 66.2891 66.333 66.6325 66.6616 66.6573 66.9665 67.0053 67.0386 67.3449 67.3926 67.4056 67.7166 67.7521 67.7715 68.0786 68.0931 68.1168 68.4267 68.4751 68.5038 68.8025 68.7963 68.8261 69.1254
59.3526 59.6094 59.7267 59.9619 60.2149 60.3253 60.5675 60.8013 60.8615 61.1698 61.3512 61.4251 61.7201 61.8662 61.8959 62.2531 62.3618 62.4201 62.7428 62.8301 62.8569 63.1721 63.2691 63.2379 63.557 63.6061 63.5803 63.8983 63.9446 63.9223 64.2498 64.3169 64.3381 64.6316 64.6634 64.6266 64.9367 64.9616 65.0058 65.2904 65.3166 65.3075 65.5898 65.62 65.6208 65.9157 65.9377 65.9294 66.2341 66.2544 66.3053 66.6108 66.6621 66.7072 66.9977 67.0483 67.102 67.3889 67.3843 67.444 67.7399 67.7558 67.8118 68.099 68.1049
59.0781 59.1358 59.47 59.6544 59.7798 59.993 60.2229 60.288 60.5437 60.7298 60.8135 61.0308 61.1911 61.1983 61.5458 61.6802 61.7331 62.0066 62.0966 62.1437 62.4244 62.4796 62.5001 62.7679 62.8022 62.7624 63.0367 63.0421 63.0429 63.319 63.3345 63.304 63.5892 63.5857 63.5858 63.8452 63.839 63.7858 64.0607 64.0606 64.0404 64.318 64.2879 64.2745 64.5784 64.5885 64.5692 64.8801 64.9031 64.8947 65.1966 65.1888 65.2426 65.5726 65.5611 65.6171 65.9494 65.9607 66.0176 66.3455 66.3478 66.387 66.7165 66.7173 66.7765
58.5913 58.8391 59.0314 59.0952 59.3857 59.5388 59.6246 59.8865 60.0011 60.0355 60.3461 60.435 60.4526 60.7379 60.8505 60.8763 61.1763 61.231 61.1892 61.4765 61.5176 61.4758 61.7471 61.7662 61.7407 61.9925 61.9571 61.8883 62.1484 62.1194 62.1826 62.2988 62.2798 62.3145 62.3873 62.3569 62.4871 62.56 62.4973 62.6521 62.682 62.6223 62.7902 62.82 62.7885 62.9929 63.027 63.0347 63.3067 63.2576 63.2759 63.5261 63.5418 63.6359 63.9308 63.9723 64.0051 64.3503 64.3321 64.4149 64.7588 64.7886 64.8491 65.1855 65.2486
57.9057 58.2951 58.3619 58.591 58.785 58.8102 59.1082 59.2247 59.2694 59.5408 59.5663 59.5397 59.8322 59.8888 59.8957 60.187 60.1828 60.1195 60.3725 60.3576 60.3562 60.4868 60.4563 60.5288 60.5889 60.5078 60.6235 60.5763 60.4922 60.5706 60.4862 60.3624 60.4754 60.3154 60.1872 60.3244 60.0563 59.9533 60.1039 59.7949 59.7092 59.8964 59.5827 59.4718 59.7019 59.3899 59.3694 59.6497 59.3191 59.3353 59.6616 59.3691 59.4311 59.8148 59.5794 60.4643 60.1935 59.9861 60.9675 60.6559 60.4615 61.5088 61.2414 61.1479 62.1654
57.5086 57.5634 57.7783 57.9588 58.0007 58.2237 58.2681 58.2793 58.5541 58.5302 58.5132 58.7817 58.7664 58.8293 58.9425 58.9113 58.8944 58.9051 58.8102 58.9357 58.8235 58.6774 58.6693 58.4632 58.251 58.2983 57.9102 57.6511 57.6038 57.0856 57.1065 56.4918 55.8319 55.9375 55.0322 54.2109 54.4065 53.1881 52.214 52.4628 50.9516 49.9016 50.0904 48.5514 47.5869 47.7472 46.3348 45.5189 45.4888 44.4146 43.84 43.6576 43.0317 42.7816 42.4678 42.3069 42.3951 42.2212 42.3887 42.7494 42.8048 43.1412 43.7057 44.2271 44.5381
56.7128 56.8011 56.9283 56.9277 57.1918 57.1495 57.1865 57.3277 57.2977 57.3446 57.3667 57.2608 57.3435 57.2047 56.9822 57.0407 56.7455 56.4742 56.4001 55.8938 55.6486 55.1516 54.387 54.1864 53.0917 52.0066 51.3992 49.6193 47.9555 46.6555 44.1613 42.0653 39.2488 36.5276 31.2173 29.2213 27.1649 19.1642 18.1852 17.2265 10.2365 9.3784 8.82423 5.32438 4.03442 2.94709 3.05399 1.40469 -0.296868 2.02081 0.117509 -2.17416 1.45605 -0.499546 -3.13887 1.16623 -0.810066 1.45356 1.02462 -1.0542 1.4371 0.995368 -1.21678 1.56284 1.04561
55.6705 55.6811 55.6446 55.7627 55.7237 55.748 55.6459 55.4478 55.5029 55.2446 55.0789 54.849 54.3301 54.0983 53.3776 52.4827 52.0133 50.5981 49.1386 47.87 45.5371 43.7428 40.4516 37.0598 31.9903 28.2415 24.4879 16.0583 12.9644 9.79836 4.76033 2.36357 2.24703 0.929926 -0.814721 0.682338 0.197692 -0.705043 0.150267 0.0298277 -0.328456 0.0272024 0.0045157 -0.121181 0.00972659 0.00542844 0.00794221 0.00794933 0.00677488 0.00765498 0.00767137 0.00711885 0.00760668 0.00762238 0.00727005 0.007642 0.00765524 0.00735693 0.00768311 0.00767992 0.00741265 0.00770918 0.00770731 0.0074124 0.00774178
53.9346 53.9458 53.7908 53.4674 53.4088 52.973 52.6538 52.0821 51.2347 50.6594 49.2783 47.7645 46.3062 43.7367 41.4847 37.754 33.7912 27.6475 23.1777 14.0498 10.4484 6.83793 3.46546 1.43284 -0.734978 0.72533 -3.35787e-05 -0.876423 0.0855464 -0.0387487 0.0126599 0.00954638 0.00177141 0.00784133 0.00754392 0.00692276 0.00760332 0.0075891 0.00765588 0.00768024 0.00765167 0.0077383 0.00773945 0.00772324 0.00780208 0.0077922 0.00777828 0.00784284 0.00783995 0.00782121 0.00790479 0.00788345 0.00795318 0.00795226 0.00792057 0.00799236 0.00798476 0.00795423 0.00803424 0.00802403 0.00798981 0.0080752 0.00806701 0.00802031 0.00810263
51.0792 50.313 49.8875 48.7016 47.3728 46.083 43.8034 41.8169 38.1503 34.2431 28.573 23.5824 14.4948 10.2763 6.13526 2.84407 0.767223 -1.28043 0.374362 -0.206289 0.0696546 0.0196114 -0.0351067 0.00868871 0.00730921 0.00764873 0.00763428 0.00756075 0.00768846 0.00769947 0.00770424 0.00778444 0.00777951 0.00786052 0.00787393 0.00785765 0.00794368 0.00794146 0.00792575 0.00801624 0.00800924 0.00808262 0.00808121 0.00805496 0.00815094 0.00814975 0.00811409 0.00820711 0.0081986 0.0081813 0.00826376 0.00824005 0.0082982 0.00830764 0.00828203 0.00833352 0.00833858 0.0083294 0.0083364 0.00837543 0.0084037 0.00838904 0.00840528 0.00845293 0.00860197
43.3222 40.1812 36.7052 32.325 27.5329 18.8983 14.035 9.23856 3.9835 1.39239 1.17681 0.40055 -0.289312 0.0786493 0.0111193 0.00983844 0.00830302 0.00697259 0.0076617 0.00765013 0.00773326 0.00776008 0.00774963 0.00784117 0.00785057 0.00785369 0.00794988 0.00793665 0.00804074 0.00805271 0.00802987 0.0081417 0.00812585 0.00821654 0.00823022 0.00820977 0.00830097 0.00829516 0.00833963 0.00835454 0.00839013 0.00849264 0.00841113 0.00849498 0.00885116 0.00857236 0.00923013 0.00917114 0.00890363 0.00945495 0.00941125 0.00911752 0.00965288 0.0096259 0.00975294 0.00981551 0.00978464 0.00985452 0.00995191 0.00986921 0.00995095 0.0100481 0.00992929 0.0100146 0.0100962
15.093 7.33192 3.88382 0.62288 0.807514 -0.264268 0.177397 0.0225263 0.0126748 0.00902813 0.00641781 0.00767173 0.00760675 0.00772456 0.00775809 0.00775599 0.00786545 0.00786524 0.00798029 0.00800147 0.00808247 0.00809866 0.00808959 0.0082021 0.00821338 0.00830027 0.00832916 0.00831637 0.0083465 0.00838853 0.00882012 0.00877262 0.00854116 0.00930773 0.00916394 0.00960023 0.0096376 0.00943526 0.00985543 0.00990379 0.00991437 0.0100661 0.00998165 0.0100364 0.0101356 0.00992759 0.0101122 0.0101238 0.00990094 0.0100198 0.0100784 0.00990618 0.00995216 0.00973496 0.00984899 0.00993637 0.00969826 0.00970357 0.00987367 0.00963967 0.00965201 0.00958068 0.00957995 0.00965608 0.00952258
0.1316 -0.153663 0.0155072 0.00550645 0.00784137 0.00756259 0.00766857 0.00771912 0.00772387 0.00784006 0.00783109 0.00795772 0.00797894 0.00809311 0.00811638 0.00810698 0.00823702 0.00822056 0.00833258 0.00834972 0.0085494 0.00843073 0.00912111 0.00916288 0.00892276 0.00963364 0.00966015 0.0098388 0.0100051 0.00989898 0.0101183 0.0100844 0.0100012 0.0101065 0.00983737 0.00991557 0.00972072 0.00980235 0.00987978 0.00962993 0.0096173 0.00957384 0.00950703 0.00962241 0.00951847 0.00944865 0.00961659 0.00957527 0.00948232 0.00960579 0.0095477 0.00969235 0.0096667 0.00956932 0.00971397 0.00969047 0.00979531 0.00977919 0.00969817 0.00983225 0.00982541 0.00988872 0.00986399 0.00983008 0.00993479
0.00759744 0.00762357 0.00774121 0.00776647 0.00789674 0.00792658 0.0080239 0.00807024 0.00805407 0.00820307 0.00820262 0.00832485 0.00833252 0.00861165 0.00843605 0.00928969 0.00934756 0.00967487 0.00985045 0.00982843 0.0100874 0.00994944 0.0101069 0.0101172 0.00993228 0.00998778 0.00969474 0.00972371 0.00956517 0.00951842 0.00960978 0.00953049 0.00966814 0.00955374 0.00947526 0.00965605 0.00958076 0.00975476 0.00973257 0.00985674 0.00985399 0.00995147 0.00995314 0.0100505 0.0100532 0.00999472 0.0101476 0.0101235 0.0102542 0.0102777 0.0103968 0.0104238 0.0103398 0.0104294 0.0103197 0.0104164 0.0103399 0.0104084 0.0103691 0.0103942 0.0103559 0.0102684 0.0103362 0.0102797 0.0103257
0.00795385 0.00795924 0.0081243 0.00812737 0.00825758 0.00829449 0.00833441 0.008379 0.00915855 0.0091277 0.00964913 0.00981448 0.0098682 0.0101049 0.00989023 0.0100556 0.00977793 0.0098183 0.00962909 0.00958095 0.00960151 0.00950298 0.00966839 0.00959481 0.00972317 0.00969358 0.0098254 0.00981428 0.00993317 0.00993798 0.0100679 0.0100765 0.0102171 0.0102383 0.010434 0.0103049 0.0104078 0.010301 0.0103666 0.0103716 0.0103101 0.0103029 0.0102292 0.0102167 0.0101759 0.0101464 0.0100825 0.010097 0.00983528 0.00984559 0.00999647 0.00839414 0.0109078 0.00635019 0.00834121 0.00960734 0.00618118 0.00795693 0.00918508 0.00980355 0.00765435 0.00897353 0.00972403 0.00745577 0.00877868
0.00831321 0.00840602 0.00868611 0.00939438 0.00934816 0.00978158 0.0100219 0.00987911 0.0100797 0.00980287 0.00987252 0.00962066 0.00960329 0.00953216 0.00950357 0.00962198 0.00958379 0.00977444 0.00988989 0.00991509 0.0100542 0.010049 0.0102756 0.0102304 0.0103885 0.0104022 0.0102831 0.0103155 0.010286 0.0101903 0.0101553 0.0100828 0.00994402 0.00965284 0.00968609 0.00872694 0.0106383 0.0062884 0.0083032 0.00926524 0.00621714 0.00789558 0.00893831 0.00616556 0.00748854 0.00853448 0.00976272 0.0071213 0.00787023 0.00774454 0.0056305 0.00500116 0.00501392 0.00542154 0.00523652 0.00513166 0.0053976 0.00525519 0.00515118 0.00538602 0.00528275 0.00514419 0.00537645 0.00529842 0.00514907
0.0097395 0.0100722 0.0100438 0.0100086 0.0096693 0.00959244 0.00959995 0.00948716 0.00962792 0.00957702 0.00979041 0.00993083 0.00990926 0.0101387 0.0102953 0.0103457 0.0103768 0.0103538 0.0102047 0.0101934 0.0101534 0.00997345 0.0104114 0.00834594 0.00952893 0.00838023 0.00919245 0.00618845 0.00767186 0.00879314 0.00954883 0.00726128 0.00805082 0.00753252 0.00511445 0.00510918 0.00539271 0.00543689 0.00525876 0.0053868 0.00544811 0.00529483 0.00516394 0.00544699 0.0053032 0.00519794 0.00542915 0.0053395 0.00522276 0.00537947 0.0053979 0.00538894 0.00535137 0.00535238 0.00535081 0.00535334 0.00533677 0.00534901 0.00534113 0.00533547 0.00533864 0.00533484 0.00532053 0.00532618 0.0053377
