data/CoulombOnly/Outputs_CoulombOnly/release1HS_null_03CoulombOnly_faSavageHutterFoamGamma_pfv.asc
ncols 1001
nrows 301
xllcenter 1000
yllcenter -5000
cellsize 5
NODATA_value -9999
[rows 174 to 202 of 301, columns 0 to 64 of 1001]
1.99392e-05 2.00229e-05 1.99932e-05 2.00261e-05 2.00104e-05 2.00276e-05 1.99424e-05 2.00064e-05 1.99495e-05 1.99612e-05 1.99129e-05 1.99454e-05 1.99512e-05 1.99101e-05 1.98918e-05 1.99174e-05 1.98662e-05 1.98765e-05 1.99009e-05 1.98488e-05 1.98706e-05 1.98227e-05 1.98425e-05 1.98596e-05 1.9798e-05 1.98252e-05 1.97901e-05 1.97452e-05 1.97721e-05 1.97827e-05 1.97415e-05 1.97329e-05 1.97675e-05 1.96903e-05 1.97125e-05 1.96624e-05 1.96473e-05 1.96474e-05 1.96934e-05 1.96416e-05 1.96784e-05 1.96315e-05 1.9631e-05 1.96289e-05 1.96349e-05 1.96289e-05 1.96191e-05 1.95742e-05 1.95751e-05 1.96037e-05 1.95784e-05 1.95874e-05 1.95602e-05 1.95444e-05 1.96218e-05 1.95872e-05 1.96132e-05 1.95878e-05 1.95234e-05 1.96157e-05 1.95945e-05 1.96076e-05 1.95997e-05 1.96089e-05 1.96725e-05
1.99956e-05 1.99936e-05 1.99958e-05 2.00121e-05 1.99882e-05 1.99951e-05 1.99393e-05 1.99727e-05 1.99469e-05 1.98987e-05 1.99019e-05 1.98827e-05 1.99099e-05 1.99115e-05 1.99053e-05 1.98795e-05 1.98666e-05 1.98154e-05 1.98599e-05 1.98312e-05 1.98668e-05 1.98019e-05 1.98194e-05 1.9806e-05 1.97914e-05 1.97195e-05 1.97728e-05 1.97404e-05 1.97116e-05 1.97258e-05 1.96975e-05 1.96865e-05 1.9699e-05 1.96781e-05 1.9713e-05 1.96288e-05 1.96319e-05 1.96433e-05 1.96149e-05 1.96513e-05 1.95794e-05 1.95758e-05 1.95929e-05 1.95959e-05 1.95778e-05 1.95598e-05 1.95251e-05 1.9514e-05 1.95995e-05 1.95154e-05 1.95837e-05 1.9551e-05 1.95072e-05 1.9525e-05 1.95429e-05 1.95439e-05 1.95798e-05 1.95363e-05 1.95665e-05 1.9556e-05 1.95303e-05 1.95905e-05 1.95808e-05 1.95842e-05 1.9668e-05
2.00087e-05 1.99843e-05 1.99731e-05 1.99738e-05 1.99436e-05 1.99442e-05 1.99079e-05 1.99189e-05 1.99384e-05 1.99062e-05 1.98941e-05 1.9861e-05 1.98937e-05 1.99011e-05 1.98488e-05 1.98547e-05 1.98657e-05 1.98041e-05 1.98052e-05 1.98081e-05 1.9798e-05 1.97355e-05 1.98058e-05 1.97396e-05 1.97798e-05 1.97243e-05 1.97241e-05 1.9697e-05 1.97137e-05 1.96614e-05 1.9663e-05 1.96631e-05 1.9643e-05 1.96421e-05 1.95906e-05 1.96023e-05 1.95787e-05 1.95662e-05 1.95406e-05 1.95543e-05 1.95557e-05 1.95214e-05 1.95062e-05 1.95594e-05 1.94939e-05 1.95287e-05 1.94814e-05 1.94688e-05 1.95256e-05 1.94577e-05 1.94424e-05 1.94853e-05 1.94377e-05 1.94737e-05 1.95046e-05 1.94409e-05 1.95378e-05 1.95075e-05 1.94811e-05 1.9548e-05 1.95188e-05 1.95759e-05 1.95279e-05 1.95983e-05 1.95967e-05
2.00018e-05 1.99493e-05 1.99815e-05 1.99609e-05 1.99216e-05 1.99429e-05 1.99333e-05 1.99134e-05 1.98368e-05 1.99306e-05 1.9846e-05 1.98539e-05 1.98594e-05 1.98321e-05 1.98437e-05 1.98057e-05 1.97591e-05 1.98341e-05 1.9748e-05 1.97713e-05 1.97561e-05 1.97212e-05 1.97546e-05 1.96694e-05 1.97002e-05 1.97089e-05 1.96343e-05 1.9664e-05 1.96432e-05 1.96136e-05 1.96118e-05 1.96176e-05 1.96081e-05 1.96184e-05 1.95438e-05 1.9536e-05 1.95709e-05 1.95338e-05 1.95179e-05 1.95231e-05 1.95015e-05 1.95067e-05 1.94733e-05 1.94788e-05 1.94631e-05 1.94501e-05 1.94814e-05 1.94023e-05 1.94253e-05 1.94436e-05 1.94194e-05 1.94262e-05 1.94266e-05 1.94635e-05 1.93969e-05 1.94613e-05 1.94023e-05 1.94744e-05 1.94901e-05 1.94881e-05 1.9514e-05 1.9497e-05 1.95521e-05 1.9587e-05 1.95686e-05
1.98899e-05 1.98929e-05 2.00024e-05 1.99074e-05 1.99361e-05 1.98582e-05 1.99207e-05 1.98775e-05 1.98205e-05 1.98669e-05 1.98004e-05 1.98707e-05 1.98455e-05 1.97656e-05 1.97971e-05 1.97874e-05 1.97342e-05 1.97443e-05 1.97477e-05 1.97049e-05 1.97295e-05 1.97055e-05 1.96993e-05 1.96786e-05 1.96836e-05 1.96524e-05 1.96483e-05 1.95949e-05 1.95875e-05 1.95708e-05 1.9574e-05 1.95517e-05 1.95436e-05 1.95471e-05 1.94765e-05 1.95092e-05 1.94867e-05 1.9469e-05 1.94502e-05 1.9476e-05 1.94431e-05 1.94336e-05 1.94347e-05 1.93982e-05 1.93957e-05 1.94004e-05 1.94091e-05 1.9401e-05 1.93631e-05 1.93697e-05 1.93864e-05 1.93378e-05 1.93524e-05 1.94121e-05 1.94041e-05 1.9389e-05 1.93819e-05 1.94427e-05 1.94248e-05 1.9494e-05 1.94923e-05 1.94829e-05 1.95634e-05 1.9539e-05 1.96187e-05
1.9847e-05 1.99192e-05 1.9902e-05 1.99235e-05 1.98662e-05 1.98416e-05 1.98688e-05 1.9841e-05 1.98727e-05 1.98405e-05 1.97747e-05 1.98097e-05 1.97995e-05 1.97413e-05 1.98105e-05 1.97469e-05 1.97022e-05 1.96917e-05 1.97084e-05 1.96717e-05 1.96514e-05 1.96398e-05 1.96126e-05 1.96603e-05 1.95972e-05 1.96292e-05 1.95966e-05 1.95567e-05 1.9529e-05 1.94851e-05 1.95225e-05 1.95084e-05 1.94804e-05 1.94892e-05 1.9445e-05 1.9445e-05 1.94236e-05 1.94068e-05 1.93451e-05 1.94572e-05 1.93945e-05 1.93496e-05 1.93676e-05 1.93213e-05 1.93357e-05 1.93405e-05 1.92953e-05 1.9369e-05 1.9315e-05 1.93381e-05 1.92761e-05 1.93285e-05 1.93791e-05 1.92856e-05 1.93462e-05 1.93053e-05 1.941e-05 1.93984e-05 1.93581e-05 1.95091e-05 1.94244e-05 1.94991e-05 1.94991e-05 1.95707e-05 1.96319e-05
1.98898e-05 1.99232e-05 1.9852e-05 1.98795e-05 1.98794e-05 1.98522e-05 1.9814e-05 1.98568e-05 1.97963e-05 1.97616e-05 1.97978e-05 1.97506e-05 1.97478e-05 1.97129e-05 1.97253e-05 1.9716e-05 1.97288e-05 1.96858e-05 1.96813e-05 1.96795e-05 1.95994e-05 1.96466e-05 1.95825e-05 1.95882e-05 1.9532e-05 1.95249e-05 1.95306e-05 1.95256e-05 1.95033e-05 1.94583e-05 1.94349e-05 1.94736e-05 1.94008e-05 1.94195e-05 1.9377e-05 1.94146e-05 1.93723e-05 1.93783e-05 1.93018e-05 1.93405e-05 1.93138e-05 1.9311e-05 1.93018e-05 1.93203e-05 1.92562e-05 1.92726e-05 1.92921e-05 1.92839e-05 1.92303e-05 1.92711e-05 1.92273e-05 1.93102e-05 1.9288e-05 1.93099e-05 1.93093e-05 1.93259e-05 1.93595e-05 1.93854e-05 1.93724e-05 1.944e-05 1.94621e-05 1.95172e-05 1.95267e-05 1.96504e-05 1.9636e-05
1.98579e-05 1.98537e-05 1.98653e-05 1.99157e-05 1.98279e-05 1.9846e-05 1.9813e-05 1.97933e-05 1.97638e-05 1.97466e-05 1.97657e-05 1.97311e-05 1.97056e-05 1.96929e-05 1.96827e-05 1.96786e-05 1.96527e-05 1.96113e-05 1.96057e-05 1.96351e-05 1.95751e-05 1.95377e-05 1.95514e-05 1.94808e-05 1.95243e-05 1.95147e-05 1.94653e-05 1.94728e-05 1.94717e-05 1.94327e-05 1.93747e-05 1.93878e-05 1.93915e-05 1.93386e-05 1.93628e-05 1.92886e-05 1.93161e-05 1.93064e-05 1.92923e-05 1.92979e-05 1.92142e-05 1.92637e-05 1.92248e-05 1.9249e-05 1.92395e-05 1.91721e-05 1.91872e-05 1.91979e-05 1.91981e-05 1.92355e-05 1.91698e-05 1.92946e-05 1.92437e-05 1.93004e-05 1.92473e-05 1.93362e-05 1.93194e-05 1.93605e-05 1.94115e-05 1.94157e-05 1.9511e-05 1.94938e-05 1.96249e-05 1.96233e-05 1.98079e-05
1.99029e-05 1.98289e-05 1.98176e-05 1.98477e-05 1.98243e-05 1.97602e-05 1.98004e-05 1.9783e-05 1.97386e-05 1.96754e-05 1.97102e-05 1.96786e-05 1.97137e-05 1.96652e-05 1.96527e-05 1.96118e-05 1.96327e-05 1.95794e-05 1.95742e-05 1.95813e-05 1.95088e-05 1.94415e-05 1.95144e-05 1.94483e-05 1.94352e-05 1.94319e-05 1.94262e-05 1.93807e-05 1.93988e-05 1.93623e-05 1.93428e-05 1.93106e-05 1.93167e-05 1.92774e-05 1.92873e-05 1.92602e-05 1.92395e-05 1.92066e-05 1.92095e-05 1.9204e-05 1.91824e-05 1.91697e-05 1.91859e-05 1.91984e-05 1.91163e-05 1.91454e-05 1.91315e-05 1.91906e-05 1.91508e-05 1.91734e-05 1.91926e-05 1.91829e-05 1.92126e-05 1.92478e-05 1.92464e-05 1.93194e-05 1.93304e-05 1.93949e-05 1.93731e-05 1.95342e-05 1.95226e-05 1.96533e-05 1.96762e-05 1.97067e-05 1.98862e-05
1.9783e-05 1.98218e-05 1.97695e-05 1.97803e-05 1.97469e-05 1.98023e-05 1.97463e-05 1.97719e-05 1.97106e-05 1.96753e-05 1.96886e-05 1.96403e-05 1.9645e-05 1.96053e-05 1.9611e-05 1.95813e-05 1.96071e-05 1.95274e-05 1.95134e-05 1.9533e-05 1.94402e-05 1.94726e-05 1.94564e-05 1.94247e-05 1.94152e-05 1.93912e-05 1.93653e-05 1.93191e-05 1.93248e-05 1.93258e-05 1.9269e-05 1.9297e-05 1.92679e-05 1.92138e-05 1.91938e-05 1.91999e-05 1.91836e-05 1.91521e-05 1.91758e-05 1.9112e-05 1.91421e-05 1.91335e-05 1.90979e-05 1.91094e-05 1.9126e-05 1.90909e-05 1.9093e-05 1.91006e-05 1.90985e-05 1.91447e-05 1.91519e-05 1.91712e-05 1.92787e-05 1.91328e-05 1.93167e-05 1.92784e-05 1.94077e-05 1.94052e-05 1.94582e-05 1.9579e-05 1.95927e-05 1.97521e-05 1.97712e-05 1.99569e-05 2.00124e-05
1.98129e-05 1.97692e-05 1.97753e-05 1.97444e-05 1.97104e-05 1.97224e-05 1.97044e-05 1.96713e-05 1.96697e-05 1.96442e-05 1.96311e-05 1.96125e-05 1.962e-05 1.95824e-05 1.9538e-05 1.95763e-05 1.94991e-05 1.94677e-05 1.9488e-05 1.94333e-05 1.94241e-05 1.9405e-05 1.94042e-05 1.93528e-05 1.93231e-05 1.92889e-05 1.93587e-05 1.92321e-05 1.92735e-05 1.92164e-05 1.92316e-05 1.91874e-05 1.91853e-05 1.91553e-05 1.91398e-05 1.91654e-05 1.91466e-05 1.91254e-05 1.90929e-05 1.91275e-05 1.90693e-05 1.91085e-05 1.90586e-05 1.90482e-05 1.91186e-05 1.90598e-05 1.90717e-05 1.9122e-05 1.91023e-05 1.91538e-05 1.9103e-05 1.92e-05 1.91871e-05 1.92607e-05 1.92922e-05 1.93433e-05 1.94191e-05 1.94403e-05 1.96175e-05 1.96244e-05 1.98393e-05 1.9829e-05 2.00933e-05 2.0144e-05 2.03432e-05
1.97582e-05 1.97192e-05 1.97457e-05 1.97069e-05 1.97129e-05 1.9706e-05 1.96731e-05 1.96851e-05 1.96287e-05 1.95494e-05 1.96245e-05 1.95809e-05 1.95372e-05 1.95425e-05 1.94911e-05 1.95075e-05 1.9475e-05 1.94361e-05 1.94438e-05 1.93396e-05 1.94011e-05 1.93536e-05 1.93304e-05 1.92999e-05 1.93115e-05 1.9219e-05 1.92713e-05 1.92471e-05 1.92088e-05 1.91778e-05 1.91556e-05 1.91653e-05 1.91021e-05 1.91307e-05 1.90546e-05 1.90625e-05 1.90686e-05 1.90514e-05 1.90265e-05 1.9031e-05 1.89916e-05 1.90344e-05 1.89816e-05 1.89756e-05 1.90644e-05 1.89582e-05 1.90963e-05 1.90392e-05 1.90917e-05 1.91148e-05 1.91524e-05 1.92253e-05 1.9221e-05 1.93354e-05 1.93502e-05 1.95247e-05 1.95213e-05 1.96829e-05 1.97627e-05 1.9925e-05 1.99484e-05 2.02222e-05 2.02847e-05 2.05556e-05 2.06639e-05
1.97544e-05 1.97117e-05 1.97059e-05 1.97005e-05 1.96789e-05 1.96549e-05 1.96047e-05 1.96213e-05 1.9572e-05 1.95631e-05 1.95201e-05 1.95174e-05 1.9496e-05 1.94832e-05 1.94359e-05 1.94476e-05 1.94132e-05 1.93679e-05 1.94039e-05 1.93149e-05 1.93428e-05 1.92818e-05 1.92555e-05 1.92488e-05 1.92262e-05 1.9152e-05 1.91782e-05 1.91296e-05 1.916e-05 1.91101e-05 1.90538e-05 1.9093e-05 1.90517e-05 1.90856e-05 1.89717e-05 1.90152e-05 1.90086e-05 1.89522e-05 1.89863e-05 1.89935e-05 1.89688e-05 1.90057e-05 1.89266e-05 1.90316e-05 1.89846e-05 1.90023e-05 1.90273e-05 1.91073e-05 1.91253e-05 1.91283e-05 1.92597e-05 1.92358e-05 1.93961e-05 1.93748e-05 1.95481e-05 1.95846e-05 1.98093e-05 1.98717e-05 2.00771e-05 2.01829e-05 2.03985e-05 2.05162e-05 2.08545e-05 2.09644e-05 2.13311e-05
1.96092e-05 1.97088e-05 1.96892e-05 1.9649e-05 1.95959e-05 1.95828e-05 1.95682e-05 1.95645e-05 1.95678e-05 1.95131e-05 1.95159e-05 1.94275e-05 1.94503e-05 1.93838e-05 1.93729e-05 1.93817e-05 1.93261e-05 1.93098e-05 1.93251e-05 1.92832e-05 1.92602e-05 1.925e-05 1.9199e-05 1.91798e-05 1.91371e-05 1.91429e-05 1.91455e-05 1.90863e-05 1.90869e-05 1.90474e-05 1.9026e-05 1.90064e-05 1.90062e-05 1.89677e-05 1.89631e-05 1.89354e-05 1.89359e-05 1.88828e-05 1.89688e-05 1.88943e-05 1.89674e-05 1.89256e-05 1.8962e-05 1.898e-05 1.8938e-05 1.90841e-05 1.90421e-05 1.91607e-05 1.91236e-05 1.9272e-05 1.93374e-05 1.94623e-05 1.94913e-05 1.96598e-05 1.97317e-05 1.99588e-05 2.00626e-05 2.03166e-05 2.04285e-05 2.07222e-05 2.08786e-05 2.13091e-05 2.13567e-05 2.19628e-05 2.20179e-05
1.97168e-05 1.96742e-05 1.96201e-05 1.96213e-05 1.96064e-05 1.95934e-05 1.95384e-05 1.95449e-05 1.95205e-05 1.94906e-05 1.94713e-05 1.94041e-05 1.94515e-05 1.93649e-05 1.93303e-05 1.93054e-05 1.92841e-05 1.92928e-05 1.9215e-05 1.92593e-05 1.91755e-05 1.91591e-05 1.91617e-05 1.90871e-05 1.91161e-05 1.90538e-05 1.90504e-05 1.89888e-05 1.90351e-05 1.89627e-05 1.89756e-05 1.89363e-05 1.89367e-05 1.8926e-05 1.8849e-05 1.89309e-05 1.893e-05 1.88774e-05 1.8904e-05 1.89118e-05 1.89376e-05 1.88992e-05 1.89757e-05 1.89951e-05 1.90897e-05 1.90786e-05 1.91535e-05 1.92264e-05 1.93073e-05 1.94088e-05 1.94693e-05 1.9709e-05 1.97375e-05 1.999e-05 2.008e-05 2.03985e-05 2.06552e-05 2.08722e-05 2.12112e-05 2.14107e-05 2.19531e-05 2.20173e-05 2.27352e-05 2.32005e-05 2.35678e-05
1.97937e-05 1.96117e-05 1.96168e-05 1.9556e-05 1.95573e-05 1.94962e-05 1.9479e-05 1.94863e-05 1.94727e-05 1.94539e-05 1.93698e-05 1.93506e-05 1.93475e-05 1.93575e-05 1.92933e-05 1.92795e-05 1.92349e-05 1.92428e-05 1.91666e-05 1.91705e-05 1.91021e-05 1.91174e-05 1.90786e-05 1.90718e-05 1.89895e-05 1.9056e-05 1.89866e-05 1.89751e-05 1.89347e-05 1.89161e-05 1.89234e-05 1.88717e-05 1.89119e-05 1.88438e-05 1.88459e-05 1.88972e-05 1.88817e-05 1.88859e-05 1.88195e-05 1.90032e-05 1.88996e-05 1.90166e-05 1.90357e-05 1.90455e-05 1.91961e-05 1.92211e-05 1.93666e-05 1.94056e-05 1.96618e-05 1.96707e-05 1.99167e-05 2.00163e-05 2.03168e-05 2.04458e-05 2.08771e-05 2.11605e-05 2.14563e-05 2.19228e-05 2.21781e-05 2.28874e-05 2.29812e-05 2.39024e-05 2.47047e-05 2.48658e-05 2.60611e-05
1.9629e-05 1.95594e-05 1.95707e-05 1.95194e-05 1.94935e-05 1.94804e-05 1.94493e-05 1.94523e-05 1.93815e-05 1.93853e-05 1.93625e-05 1.925e-05 1.92837e-05 1.92873e-05 1.92235e-05 1.91913e-05 1.91773e-05 1.91352e-05 1.90806e-05 1.91273e-05 1.90588e-05 1.89976e-05 1.90224e-05 1.89851e-05 1.89362e-05 1.89486e-05 1.88888e-05 1.89272e-05 1.88485e-05 1.88557e-05 1.885e-05 1.88297e-05 1.88884e-05 1.88268e-05 1.89213e-05 1.88611e-05 1.888e-05 1.89132e-05 1.8891e-05 1.90544e-05 1.90345e-05 1.91439e-05 1.91487e-05 1.93741e-05 1.93193e-05 1.95704e-05 1.96134e-05 1.99212e-05 1.99792e-05 2.0385e-05 2.04337e-05 2.09197e-05 2.10365e-05 2.15699e-05 2.20191e-05 2.2415e-05 2.31039e-05 2.32583e-05 2.43968e-05 2.53528e-05 2.56015e-05 2.70465e-05 2.86791e-05 2.87142e-05 2.95085e-05
1.95791e-05 1.94834e-05 1.94949e-05 1.94907e-05 1.94498e-05 1.94353e-05 1.93991e-05 1.93646e-05 1.93407e-05 1.92841e-05 1.924e-05 1.92609e-05 1.92395e-05 1.92047e-05 1.92036e-05 1.91608e-05 1.9072e-05 1.90967e-05 1.90452e-05 1.90656e-05 1.90043e-05 1.89463e-05 1.89708e-05 1.89406e-05 1.89471e-05 1.88668e-05 1.88747e-05 1.88875e-05 1.87925e-05 1.88747e-05 1.87757e-05 1.8847e-05 1.8864e-05 1.88247e-05 1.88899e-05 1.88981e-05 1.90154e-05 1.89376e-05 1.91586e-05 1.91047e-05 1.93239e-05 1.93643e-05 1.9513e-05 1.9608e-05 1.99286e-05 2.00151e-05 2.0414e-05 2.04857e-05 2.10317e-05 2.1096e-05 2.18636e-05 2.21488e-05 2.28084e-05 2.36037e-05 2.39414e-05 2.52783e-05 2.65043e-05 2.73288e-05 2.90159e-05 2.93501e-05 2.80945e-05 2.8227e-05 2.81589e-05 1.76794e-05 2.71262e-05
1.95184e-05 1.94988e-05 1.9397e-05 1.94276e-05 1.94277e-05 1.93488e-05 1.93578e-05 1.92915e-05 1.92936e-05 1.92724e-05 1.92334e-05 1.91741e-05 1.91872e-05 1.91018e-05 1.91104e-05 1.91076e-05 1.90512e-05 1.9035e-05 1.8977e-05 1.8968e-05 1.89332e-05 1.89148e-05 1.89197e-05 1.88972e-05 1.89112e-05 1.88159e-05 1.88825e-05 1.88321e-05 1.88352e-05 1.88359e-05 1.8888e-05 1.89051e-05 1.89026e-05 1.89882e-05 1.90101e-05 1.91581e-05 1.91644e-05 1.93132e-05 1.94151e-05 1.95781e-05 1.97212e-05 1.99545e-05 2.01838e-05 2.04638e-05 2.07605e-05 2.12026e-05 2.14218e-05 2.22916e-05 2.24043e-05 2.37323e-05 2.48151e-05 2.5248e-05 2.71994e-05 2.85287e-05 2.77957e-05 2.79412e-05 2.76432e-05 2.62542e-05 2.29155e-05 1.8333e-05 2.52236e-05 1.79326e-05 1.98154e-05 1.47893e-05 1.53873e-05
1.94141e-05 1.94252e-05 1.93774e-05 1.93636e-05 1.93491e-05 1.93092e-05 1.92876e-05 1.92982e-05 1.92227e-05 1.91601e-05 1.91863e-05 1.91178e-05 1.90904e-05 1.90845e-05 1.90579e-05 1.89711e-05 1.90441e-05 1.897e-05 1.89798e-05 1.89224e-05 1.88518e-05 1.89707e-05 1.88622e-05 1.88748e-05 1.88773e-05 1.88491e-05 1.88852e-05 1.88554e-05 1.89813e-05 1.88877e-05 1.90477e-05 1.90184e-05 1.91054e-05 1.92396e-05 1.92602e-05 1.95744e-05 1.95855e-05 1.9959e-05 1.99915e-05 2.05571e-05 2.05886e-05 2.13042e-05 2.17133e-05 2.23698e-05 2.34346e-05 2.35486e-05 2.57564e-05 2.7573e-05 2.71041e-05 2.7461e-05 2.71945e-05 2.62745e-05 2.62675e-05 2.54023e-05 2.32559e-05 1.80187e-05 2.23611e-05 1.63718e-05 1.32248e-05 1.55162e-05 1.44922e-05 1.53769e-05 1.51988e-05 1.5232e-05 1.52756e-05
1.94069e-05 1.94137e-05 1.9346e-05 1.93164e-05 1.92539e-05 1.91998e-05 1.92875e-05 1.91866e-05 1.91936e-05 1.91318e-05 1.90838e-05 1.91051e-05 1.90499e-05 1.89827e-05 1.90188e-05 1.89518e-05 1.89949e-05 1.88812e-05 1.89813e-05 1.89178e-05 1.88466e-05 1.8967e-05 1.88831e-05 1.89758e-05 1.88596e-05 1.90384e-05 1.90048e-05 1.90703e-05 1.92017e-05 1.92148e-05 1.94528e-05 1.95022e-05 1.9863e-05 1.98319e-05 2.04011e-05 2.03612e-05 2.12498e-05 2.12425e-05 2.2481e-05 2.38678e-05 2.45734e-05 2.64913e-05 2.5481e-05 2.61776e-05 2.61058e-05 2.49808e-05 2.47936e-05 2.22678e-05 1.84213e-05 2.43185e-05 1.80954e-05 2.17051e-05 1.63209e-05 1.44157e-05 1.47258e-05 1.54012e-05 1.47514e-05 1.53438e-05 1.5367e-05 1.52491e-05 1.5217e-05 1.51849e-05 1.52781e-05 1.52897e-05 1.52589e-05
1.92503e-05 1.93546e-05 1.92019e-05 1.93022e-05 1.92208e-05 1.91964e-05 1.91953e-05 1.91104e-05 1.91588e-05 1.9049e-05 1.90645e-05 1.90725e-05 1.90255e-05 1.90245e-05 1.89912e-05 1.89522e-05 1.89895e-05 1.89297e-05 1.90069e-05 1.89455e-05 1.90983e-05 1.9035e-05 1.90852e-05 1.92631e-05 1.92353e-05 1.94016e-05 1.94996e-05 1.98561e-05 1.98357e-05 2.05441e-05 2.04841e-05 2.1622e-05 2.15423e-05 2.37042e-05 2.33931e-05 2.48734e-05 2.36182e-05 2.41301e-05 2.42213e-05 2.36126e-05 2.27231e-05 2.04841e-05 1.77839e-05 2.2715e-05 1.77098e-05 2.07486e-05 1.65414e-05 1.3359e-05 1.56814e-05 1.4619e-05 1.54965e-05 1.53601e-05 1.54258e-05 1.52298e-05 1.53025e-05 1.52603e-05 1.52668e-05 1.52108e-05 1.51719e-05 1.52625e-05 1.523e-05 1.52054e-05 1.52971e-05 1.52527e-05 1.52759e-05
1.9354e-05 1.92577e-05 1.92271e-05 1.92342e-05 1.91815e-05 1.92263e-05 1.91342e-05 1.9125e-05 1.91401e-05 1.90746e-05 1.91021e-05 1.90783e-05 1.90778e-05 1.918e-05 1.90207e-05 1.9182e-05 1.91578e-05 1.92467e-05 1.93389e-05 1.93478e-05 1.97196e-05 1.96725e-05 2.03893e-05 2.02543e-05 2.15875e-05 2.19614e-05 2.32394e-05 2.23171e-05 2.30109e-05 2.21748e-05 2.25028e-05 2.21686e-05 2.11394e-05 1.79172e-05 2.21835e-05 1.89921e-05 2.25591e-05 1.84218e-05 2.09615e-05 1.73439e-05 1.57872e-05 1.51426e-05 1.59008e-05 1.51546e-05 1.57748e-05 1.52217e-05 1.56655e-05 1.56892e-05 1.54664e-05 1.54231e-05 1.53009e-05 1.53898e-05 1.53161e-05 1.53169e-05 1.52142e-05 1.52487e-05 1.52769e-05 1.52278e-05 1.52015e-05 1.52524e-05 1.5212e-05 1.52216e-05 1.52344e-05 1.5257e-05 1.52481e-05
1.92806e-05 1.91857e-05 1.9403e-05 1.93045e-05 1.92208e-05 1.93147e-05 1.91847e-05 1.92302e-05 1.93232e-05 1.92607e-05 1.96116e-05 1.93747e-05 2.00487e-05 1.98602e-05 2.02233e-05 2.11248e-05 2.0475e-05 2.11605e-05 2.06191e-05 2.11669e-05 2.05716e-05 2.07636e-05 2.04679e-05 1.99221e-05 1.93133e-05 1.71961e-05 2.18598e-05 1.86952e-05 2.14334e-05 1.83675e-05 2.04586e-05 1.75543e-05 1.82069e-05 1.62436e-05 1.57905e-05 1.63942e-05 1.61243e-05 1.61874e-05 1.60255e-05 1.5983e-05 1.59185e-05 1.5847e-05 1.57932e-05 1.57215e-05 1.56303e-05 1.55915e-05 1.55991e-05 1.54638e-05 1.5461e-05 1.54482e-05 1.53264e-05 1.53833e-05 1.53531e-05 1.52514e-05 1.52477e-05 1.52749e-05 1.52457e-05 1.51913e-05 1.52196e-05 1.52521e-05 1.51827e-05 1.52245e-05 1.52742e-05 1.52701e-05 1.52517e-05
2.02118e-05 1.94863e-05 2.00556e-05 1.96386e-05 1.95796e-05 1.99701e-05 1.95664e-05 1.98708e-05 1.94963e-05 1.97242e-05 1.94329e-05 1.95522e-05 1.88717e-05 1.87124e-05 1.75646e-05 2.06357e-05 1.84415e-05 2.03976e-05 1.81036e-05 1.99919e-05 1.78713e-05 1.92496e-05 1.77707e-05 1.75427e-05 1.68326e-05 1.67788e-05 1.68089e-05 1.69222e-05 1.67559e-05 1.67444e-05 1.65721e-05 1.65613e-05 1.64197e-05 1.63772e-05 1.6277e-05 1.626e-05 1.61307e-05 1.60698e-05 1.60243e-05 1.59044e-05 1.58798e-05 1.5806e-05 1.57751e-05 1.56791e-05 1.56559e-05 1.56024e-05 1.56095e-05 1.54336e-05 1.54424e-05 1.54148e-05 1.53112e-05 1.53996e-05 1.53314e-05 1.52734e-05 1.52791e-05 1.52877e-05 1.51919e-05 1.5206e-05 1.52141e-05 1.52321e-05 1.52217e-05 1.518e-05 1.5277e-05 1.5253e-05 1.5265e-05
1.79895e-05 1.98107e-05 1.89108e-05 1.95893e-05 1.87909e-05 1.89649e-05 1.85612e-05 1.86518e-05 1.91966e-05 1.83228e-05 1.88046e-05 1.81033e-05 1.81608e-05 1.75536e-05 1.76835e-05 1.77348e-05 1.77118e-05 1.75311e-05 1.75417e-05 1.71739e-05 1.7391e-05 1.70196e-05 1.72021e-05 1.71451e-05 1.70371e-05 1.69262e-05 1.69011e-05 1.67909e-05 1.68011e-05 1.66673e-05 1.65642e-05 1.64875e-05 1.6454e-05 1.63678e-05 1.63016e-05 1.62476e-05 1.61392e-05 1.60959e-05 1.60532e-05 1.59062e-05 1.58906e-05 1.58258e-05 1.57617e-05 1.56999e-05 1.56187e-05 1.56261e-05 1.55689e-05 1.54332e-05 1.54844e-05 1.54152e-05 1.53321e-05 1.54083e-05 1.53476e-05 1.52525e-05 1.52815e-05 1.52569e-05 1.52503e-05 1.52324e-05 1.52028e-05 1.52559e-05 1.52339e-05 1.52093e-05 1.52179e-05 1.52388e-05 1.52854e-05
1.84411e-05 1.85492e-05 1.85058e-05 1.85105e-05 1.84758e-05 1.84639e-05 1.82192e-05 1.8325e-05 1.80889e-05 1.80719e-05 1.80604e-05 1.78998e-05 1.79495e-05 1.78551e-05 1.7809e-05 1.76233e-05 1.75803e-05 1.75869e-05 1.75055e-05 1.74682e-05 1.73767e-05 1.72846e-05 1.7329e-05 1.71228e-05 1.69753e-05 1.69404e-05 1.69483e-05 1.68129e-05 1.67649e-05 1.66915e-05 1.66198e-05 1.6468e-05 1.64756e-05 1.64249e-05 1.63201e-05 1.62077e-05 1.62197e-05 1.60333e-05 1.60576e-05 1.59927e-05 1.586e-05 1.58873e-05 1.57063e-05 1.57743e-05 1.5637e-05 1.55858e-05 1.5554e-05 1.54768e-05 1.54813e-05 1.54162e-05 1.52377e-05 1.53379e-05 1.52336e-05 1.53028e-05 1.53254e-05 1.53358e-05 1.51651e-05 1.52092e-05 1.52046e-05 1.52677e-05 1.53267e-05 1.51674e-05 1.51086e-05 1.51641e-05 1.52636e-05
-9999 -9999 -9999 -9999 -9999 -9999 -9999 -9999 -9999 -9999 -9999 -9999 -9999 -9999 -9999 -9999 -9999 -9999 -9999 -9999 -9999 -9999 -9999 -9999 -9999 -9999 -9999 -9999 -9999 -9999 -9999 -9999 -9999 -9999 -9999 -9999 -9999 -9999 -9999 -9999 -9999 -9999 -9999 -9999 -9999 -9999 -9999 -9999 -9999 -9999 -9999 -9999 -9999 -9999 -9999 -9999 -9999 -9999 -9999 -9999 -9999 -9999 -9999 -9999 -9999
-9999 -9999 -9999 -9999 -9999 -9999 -9999 -9999 -9999 -9999 -9999 -9999 -9999 -9999 -9999 -9999 -9999 -9999 -9999 -9999 -9999 -9999 -9999 -9999 -9999 -9999 -9999 -9999 -9999 -9999 -9999 -9999 -9999 -9999 -9999 -9999 -9999 -9999 -9999 -9999 -9999 -9999 -9999 -9999 -9999 -9999 -9999 -9999 -9999 -9999 -9999 -9999 -9999 -9999 -9999 -9999 -9999 -9999 -9999 -9999 -9999 -9999 -9999 -9999 -9999
