data/CoulombOnly/Outputs_CoulombOnly/release1HS_03CoulombOnly_null_avaflow_pft.asc
ncols 1002
nrows 302
xllcenter 995.00
yllcenter -5005.00
cellsize 5.00
NODATA_value -9999.000
[rows 136 to 169 of 302, columns 616 to 692 of 1002]
1.658 1.757 1.837 1.897 1.942 1.975 1.985 1.970 1.893 1.676 1.374 1.200 1.036 0.883 0.755 0.648 0.557 0.481 0.416 0.360 0.313 0.272 0.236 0.206 0.179 0.155 0.135 0.116 0.100 0.086 0.073 0.062 0.052 0.043 0.035 0.029 0.023 0.018 0.014 0.011 0.008 0.006 0.004 0.003 0.001 0.001 0.000 0.000 0.000 0.000 0.000 0.000 0.000 0.000 0.000 0.000 0.000 0.000 0.000 0.000 0.000 0.000 0.000 0.000 0.000 0.000 0.000 0.000 0.000 0.000 0.000 0.000 0.000 0.000 0.000 0.000 0.000
1.947 2.062 2.154 2.224 2.276 2.312 2.327 2.313 2.242 2.044 1.751 1.492 1.301 1.115 0.956 0.823 0.711 0.615 0.533 0.463 0.403 0.350 0.305 0.265 0.231 0.200 0.173 0.149 0.128 0.110 0.093 0.079 0.066 0.055 0.045 0.037 0.030 0.024 0.019 0.015 0.011 0.008 0.006 0.004 0.003 0.001 0.001 0.000 0.000 0.000 0.000 0.000 0.000 0.000 0.000 0.000 0.000 0.000 0.000 0.000 0.000 0.000 0.000 0.000 0.000 0.000 0.000 0.000 0.000 0.000 0.000 0.000 0.000 0.000 0.000 0.000 0.000
2.207 2.334 2.440 2.523 2.586 2.635 2.650 2.638 2.574 2.387 2.110 1.824 1.611 1.386 1.194 1.031 0.893 0.776 0.675 0.587 0.512 0.446 0.388 0.338 0.294 0.255 0.220 0.190 0.163 0.139 0.118 0.100 0.084 0.070 0.058 0.047 0.038 0.031 0.025 0.019 0.015 0.011 0.008 0.006 0.004 0.002 0.001 0.001 0.000 0.000 0.000 0.000 0.000 0.000 0.000 0.000 0.000 0.000 0.000 0.000 0.000 0.000 0.000 0.000 0.000 0.000 0.000 0.000 0.000 0.000 0.000 0.000 0.000 0.000 0.000 0.000 0.000
2.446 2.577 2.694 2.790 2.867 2.928 2.954 2.939 2.880 2.706 2.428 2.151 1.940 1.695 1.467 1.273 1.108 0.965 0.842 0.754 0.658 0.561 0.489 0.426 0.370 0.321 0.277 0.239 0.205 0.175 0.148 0.125 0.105 0.087 0.072 0.059 0.048 0.039 0.031 0.025 0.019 0.015 0.011 0.008 0.006 0.004 0.002 0.001 0.000 0.000 0.000 0.000 0.000 0.000 0.000 0.000 0.000 0.000 0.000 0.000 0.000 0.000 0.000 0.000 0.000 0.000 0.000 0.000 0.000 0.000 0.000 0.000 0.000 0.000 0.000 0.000 0.000
2.664 2.798 2.921 3.027 3.114 3.180 3.215 3.205 3.152 2.991 2.709 2.442 2.234 1.989 1.744 1.531 1.344 1.180 1.035 0.951 0.834 0.696 0.608 0.530 0.461 0.400 0.345 0.297 0.254 0.217 0.184 0.155 0.130 0.110 0.089 0.073 0.060 0.049 0.039 0.031 0.025 0.019 0.015 0.011 0.008 0.005 0.003 0.002 0.001 0.000 0.000 0.000 0.000 0.000 0.000 0.000 0.000 0.000 0.000 0.000 0.000 0.000 0.000 0.000 0.000 0.000 0.000 0.000 0.000 0.000 0.000 0.000 0.000 0.000 0.000 0.000 0.000
2.856 2.997 3.123 3.235 3.330 3.404 3.435 3.435 3.384 3.234 2.978 2.693 2.484 2.247 1.992 1.758 1.558 1.380 1.222 1.151 1.021 0.839 0.737 0.645 0.562 0.488 0.422 0.363 0.311 0.265 0.224 0.189 0.161 0.134 0.109 0.090 0.074 0.060 0.049 0.039 0.031 0.024 0.019 0.014 0.010 0.007 0.005 0.003 0.002 0.001 0.000 0.000 0.000 0.000 0.000 0.000 0.000 0.000 0.000 0.000 0.000 0.000 0.000 0.000 0.000 0.000 0.000 0.000 0.000 0.000 0.000 0.000 0.000 0.000 0.000 0.000 0.000
3.019 3.170 3.303 3.416 3.516 3.598 3.629 3.631 3.584 3.446 3.212 2.924 2.700 2.478 2.221 1.971 1.752 1.558 1.397 1.328 1.190 1.003 0.848 0.745 0.652 0.568 0.493 0.425 0.365 0.311 0.264 0.223 0.190 0.158 0.129 0.107 0.088 0.072 0.058 0.047 0.037 0.029 0.023 0.017 0.013 0.009 0.006 0.004 0.002 0.001 0.000 0.000 0.000 0.000 0.000 0.000 0.000 0.000 0.000 0.000 0.000 0.000 0.000 0.000 0.000 0.000 0.000 0.000 0.000 0.000 0.000 0.000 0.000 0.000 0.000 0.000 0.000
3.154 3.317 3.459 3.576 3.676 3.765 3.804 3.801 3.755 3.626 3.412 3.126 2.891 2.668 2.410 2.150 1.920 1.716 1.548 1.478 1.350 1.153 0.968 0.841 0.738 0.644 0.559 0.483 0.415 0.354 0.301 0.259 0.223 0.177 0.147 0.121 0.099 0.081 0.066 0.053 0.043 0.034 0.026 0.020 0.015 0.011 0.008 0.005 0.003 0.002 0.001 0.000 0.000 0.000 0.000 0.000 0.000 0.000 0.000 0.000 0.000 0.000 0.000 0.000 0.000 0.000 0.000 0.000 0.000 0.000 0.000 0.000 0.000 0.000 0.000 0.000 0.000
3.261 3.436 3.588 3.712 3.813 3.902 3.952 3.949 3.903 3.781 3.581 3.297 3.047 2.818 2.560 2.293 2.055 1.843 1.672 1.600 1.485 1.278 1.076 0.929 0.815 0.713 0.620 0.537 0.463 0.400 0.342 0.297 0.248 0.194 0.161 0.132 0.109 0.089 0.072 0.058 0.047 0.037 0.029 0.022 0.017 0.012 0.009 0.006 0.003 0.002 0.001 0.000 0.000 0.000 0.000 0.000 0.000 0.000 0.000 0.000 0.000 0.000 0.000 0.000 0.000 0.000 0.000 0.000 0.000 0.000 0.000 0.000 0.000 0.000 0.000 0.000 0.000
3.343 3.530 3.691 3.823 3.929 4.016 4.073 4.072 4.027 3.917 3.720 3.436 3.169 2.933 2.675 2.403 2.158 1.949 1.778 1.697 1.593 1.377 1.162 1.002 0.878 0.769 0.671 0.582 0.506 0.438 0.376 0.326 0.267 0.207 0.171 0.141 0.116 0.095 0.077 0.062 0.050 0.040 0.031 0.024 0.018 0.013 0.009 0.006 0.004 0.002 0.001 0.000 0.000 0.000 0.000 0.000 0.000 0.000 0.000 0.000 0.000 0.000 0.000 0.000 0.000 0.000 0.000 0.000 0.000 0.000 0.000 0.000 0.000 0.000 0.000 0.000 0.000
3.401 3.598 3.768 3.908 4.020 4.109 4.169 4.172 4.127 4.029 3.833 3.545 3.259 3.017 2.758 2.482 2.233 2.030 1.859 1.778 1.677 1.453 1.227 1.056 0.925 0.811 0.708 0.617 0.539 0.467 0.403 0.347 0.280 0.216 0.179 0.148 0.121 0.099 0.081 0.065 0.053 0.042 0.033 0.025 0.019 0.014 0.010 0.006 0.004 0.002 0.001 0.000 0.000 0.000 0.000 0.000 0.000 0.000 0.000 0.000 0.000 0.000 0.000 0.000 0.000 0.000 0.000 0.000 0.000 0.000 0.000 0.000 0.000 0.000 0.000 0.000 0.000
3.439 3.643 3.819 3.966 4.085 4.176 4.241 4.247 4.202 4.116 3.923 3.623 3.322 3.073 2.814 2.535 2.282 2.085 1.918 1.841 1.736 1.506 1.271 1.092 0.957 0.839 0.734 0.641 0.561 0.487 0.422 0.362 0.288 0.222 0.184 0.152 0.125 0.102 0.083 0.067 0.054 0.043 0.034 0.026 0.020 0.015 0.010 0.007 0.004 0.003 0.001 0.000 0.000 0.000 0.000 0.000 0.000 0.000 0.000 0.000 0.000 0.000 0.000 0.000 0.000 0.000 0.000 0.000 0.000 0.000 0.000 0.000 0.000 0.000 0.000 0.000 0.000
3.460 3.669 3.849 4.001 4.126 4.219 4.284 4.297 4.261 4.179 3.986 3.672 3.360 3.108 2.847 2.566 2.315 2.118 1.956 1.882 1.774 1.538 1.297 1.114 0.976 0.856 0.752 0.656 0.575 0.499 0.434 0.372 0.294 0.226 0.187 0.155 0.127 0.104 0.085 0.069 0.055 0.044 0.035 0.027 0.020 0.015 0.010 0.007 0.005 0.003 0.001 0.000 0.000 0.000 0.000 0.000 0.000 0.000 0.000 0.000 0.000 0.000 0.000 0.000 0.000 0.000 0.000 0.000 0.000 0.000 0.000 0.000 0.000 0.000 0.000 0.000 0.000
3.471 3.680 3.862 4.016 4.145 4.239 4.302 4.323 4.297 4.215 4.021 3.697 3.380 3.124 2.863 2.581 2.331 2.134 1.975 1.904 1.794 1.553 1.309 1.125 0.985 0.864 0.761 0.663 0.581 0.505 0.439 0.376 0.297 0.228 0.189 0.156 0.128 0.105 0.085 0.069 0.056 0.044 0.035 0.027 0.020 0.015 0.010 0.007 0.005 0.003 0.001 0.000 0.000 0.000 0.000 0.000 0.000 0.000 0.000 0.000 0.000 0.000 0.000 0.000 0.000 0.000 0.000 0.000 0.000 0.000 0.000 0.000 0.000 0.000 0.000 0.000 0.000
3.474 3.683 3.865 4.019 4.149 4.243 4.307 4.329 4.310 4.229 4.033 3.705 3.386 3.130 2.868 2.586 2.336 2.139 1.982 1.912 1.801 1.557 1.313 1.128 0.988 0.867 0.764 0.665 0.583 0.506 0.441 0.378 0.298 0.228 0.189 0.156 0.128 0.105 0.086 0.069 0.056 0.045 0.035 0.027 0.021 0.015 0.011 0.007 0.005 0.003 0.001 0.000 0.000 0.000 0.000 0.000 0.000 0.000 0.000 0.000 0.000 0.000 0.000 0.000 0.000 0.000 0.000 0.000 0.000 0.000 0.000 0.000 0.000 0.000 0.000 0.000 0.000
3.470 3.680 3.862 4.016 4.145 4.239 4.304 4.329 4.310 4.229 4.032 3.705 3.386 3.129 2.868 2.586 2.336 2.139 1.982 1.913 1.801 1.555 1.312 1.127 0.987 0.866 0.764 0.665 0.583 0.506 0.441 0.378 0.298 0.228 0.189 0.156 0.128 0.105 0.086 0.069 0.056 0.045 0.035 0.027 0.021 0.015 0.011 0.007 0.005 0.003 0.001 0.000 0.000 0.000 0.000 0.000 0.000 0.000 0.000 0.000 0.000 0.000 0.000 0.000 0.000 0.000 0.000 0.000 0.000 0.000 0.000 0.000 0.000 0.000 0.000 0.000 0.000
3.460 3.669 3.850 4.002 4.127 4.221 4.286 4.317 4.298 4.217 4.020 3.696 3.379 3.124 2.862 2.580 2.330 2.134 1.976 1.906 1.792 1.544 1.305 1.122 0.983 0.862 0.761 0.661 0.579 0.503 0.438 0.376 0.297 0.228 0.189 0.156 0.128 0.105 0.086 0.069 0.056 0.044 0.035 0.027 0.021 0.015 0.011 0.007 0.005 0.003 0.001 0.000 0.000 0.000 0.000 0.000 0.000 0.000 0.000 0.000 0.000 0.000 0.000 0.000 0.000 0.000 0.000 0.000 0.000 0.000 0.000 0.000 0.000 0.000 0.000 0.000 0.000
3.438 3.644 3.820 3.968 4.088 4.180 4.245 4.285 4.265 4.182 3.984 3.669 3.358 3.106 2.844 2.562 2.312 2.116 1.958 1.887 1.769 1.518 1.287 1.108 0.971 0.851 0.751 0.652 0.571 0.495 0.431 0.371 0.294 0.226 0.187 0.155 0.127 0.104 0.085 0.069 0.055 0.044 0.035 0.027 0.020 0.015 0.010 0.007 0.005 0.003 0.001 0.000 0.000 0.000 0.000 0.000 0.000 0.000 0.000 0.000 0.000 0.000 0.000 0.000 0.000 0.000 0.000 0.000 0.000 0.000 0.000 0.000 0.000 0.000 0.000 0.000 0.000
3.400 3.598 3.770 3.911 4.026 4.114 4.190 4.227 4.206 4.122 3.921 3.618 3.319 3.070 2.808 2.528 2.277 2.082 1.921 1.849 1.725 1.474 1.253 1.081 0.947 0.831 0.731 0.634 0.554 0.481 0.418 0.362 0.289 0.222 0.184 0.152 0.125 0.102 0.084 0.068 0.054 0.043 0.034 0.026 0.020 0.015 0.010 0.007 0.005 0.003 0.001 0.000 0.000 0.000 0.000 0.000 0.000 0.000 0.000 0.000 0.000 0.000 0.000 0.000 0.000 0.000 0.000 0.000 0.000 0.000 0.000 0.000 0.000 0.000 0.000 0.000 0.000
3.341 3.531 3.695 3.829 3.938 4.031 4.111 4.146 4.123 4.037 3.831 3.538 3.255 3.010 2.749 2.471 2.221 2.024 1.864 1.790 1.656 1.407 1.201 1.038 0.910 0.798 0.700 0.607 0.529 0.458 0.398 0.347 0.281 0.215 0.179 0.148 0.122 0.100 0.081 0.066 0.053 0.042 0.033 0.026 0.019 0.014 0.010 0.007 0.004 0.002 0.001 0.000 0.000 0.000 0.000 0.000 0.000 0.000 0.000 0.000 0.000 0.000 0.000 0.000 0.000 0.000 0.000 0.000 0.000 0.000 0.000 0.000 0.000 0.000 0.000 0.000 0.000
3.259 3.438 3.594 3.721 3.834 3.930 4.011 4.042 4.017 3.928 3.715 3.426 3.162 2.922 2.661 2.387 2.141 1.939 1.783 1.707 1.559 1.317 1.128 0.977 0.857 0.751 0.654 0.568 0.493 0.426 0.369 0.325 0.267 0.206 0.171 0.141 0.116 0.095 0.078 0.063 0.051 0.040 0.032 0.025 0.019 0.014 0.010 0.006 0.004 0.002 0.001 0.000 0.000 0.000 0.000 0.000 0.000 0.000 0.000 0.000 0.000 0.000 0.000 0.000 0.000 0.000 0.000 0.000 0.000 0.000 0.000 0.000 0.000 0.000 0.000 0.000 0.000
3.151 3.320 3.467 3.599 3.712 3.808 3.889 3.916 3.887 3.797 3.572 3.282 3.035 2.801 2.540 2.270 2.031 1.822 1.677 1.595 1.431 1.202 1.033 0.899 0.789 0.690 0.601 0.520 0.448 0.386 0.332 0.295 0.249 0.192 0.160 0.132 0.109 0.090 0.073 0.059 0.048 0.038 0.030 0.023 0.017 0.013 0.009 0.006 0.004 0.002 0.001 0.000 0.000 0.000 0.000 0.000 0.000 0.000 0.000 0.000 0.000 0.000 0.000 0.000 0.000 0.000 0.000 0.000 0.000 0.000 0.000 0.000 0.000 0.000 0.000 0.000 0.000
3.016 3.174 3.325 3.455 3.568 3.665 3.744 3.764 3.734 3.641 3.401 3.104 2.873 2.643 2.380 2.119 1.888 1.682 1.542 1.451 1.267 1.064 0.923 0.812 0.712 0.622 0.540 0.467 0.402 0.344 0.293 0.259 0.224 0.175 0.146 0.121 0.100 0.082 0.067 0.054 0.043 0.035 0.027 0.021 0.016 0.011 0.008 0.005 0.003 0.002 0.001 0.000 0.000 0.000 0.000 0.000 0.000 0.000 0.000 0.000 0.000 0.000 0.000 0.000 0.000 0.000 0.000 0.000 0.000 0.000 0.000 0.000 0.000 0.000 0.000 0.000 0.000
2.857 3.015 3.161 3.289 3.402 3.499 3.570 3.583 3.553 3.454 3.194 2.891 2.672 2.443 2.181 1.930 1.710 1.515 1.374 1.269 1.070 0.921 0.809 0.709 0.620 0.541 0.469 0.406 0.350 0.300 0.256 0.217 0.193 0.154 0.128 0.106 0.088 0.072 0.059 0.048 0.038 0.030 0.024 0.018 0.014 0.010 0.007 0.004 0.003 0.001 0.000 0.000 0.000 0.000 0.000 0.000 0.000 0.000 0.000 0.000 0.000 0.000 0.000 0.000 0.000 0.000 0.000 0.000 0.000 0.000 0.000 0.000 0.000 0.000 0.000 0.000 0.000
2.681 2.833 2.973 3.100 3.209 3.301 3.361 3.368 3.339 3.227 2.946 2.643 2.431 2.199 1.939 1.703 1.496 1.314 1.170 1.054 0.884 0.773 0.676 0.590 0.514 0.447 0.388 0.335 0.289 0.248 0.212 0.180 0.157 0.129 0.107 0.089 0.074 0.060 0.049 0.040 0.032 0.025 0.020 0.015 0.011 0.008 0.005 0.003 0.002 0.001 0.000 0.000 0.000 0.000 0.000 0.000 0.000 0.000 0.000 0.000 0.000 0.000 0.000 0.000 0.000 0.000 0.000 0.000 0.000 0.000 0.000 0.000 0.000 0.000 0.000 0.000 0.000
2.477 2.625 2.763 2.884 2.983 3.065 3.114 3.125 3.088 2.954 2.660 2.355 2.147 1.907 1.657 1.438 1.250 1.086 0.946 0.836 0.718 0.625 0.545 0.475 0.413 0.359 0.311 0.269 0.232 0.199 0.170 0.145 0.123 0.103 0.086 0.072 0.059 0.048 0.039 0.032 0.025 0.020 0.015 0.012 0.008 0.006 0.004 0.002 0.001 0.000 0.000 0.000 0.000 0.000 0.000 0.000 0.000 0.000 0.000 0.000 0.000 0.000 0.000 0.000 0.000 0.000 0.000 0.000 0.000 0.000 0.000 0.000 0.000 0.000 0.000 0.000 0.000
2.248 2.395 2.527 2.636 2.723 2.792 2.837 2.842 2.795 2.635 2.326 2.026 1.818 1.578 1.356 1.169 1.011 0.876 0.760 0.660 0.574 0.499 0.434 0.378 0.328 0.285 0.247 0.214 0.184 0.158 0.135 0.115 0.097 0.082 0.068 0.057 0.047 0.038 0.031 0.025 0.020 0.015 0.012 0.009 0.006 0.004 0.003 0.001 0.001 0.000 0.000 0.000 0.000 0.000 0.000 0.000 0.000 0.000 0.000 0.000 0.000 0.000 0.000 0.000 0.000 0.000 0.000 0.000 0.000 0.000 0.000 0.000 0.000 0.000 0.000 0.000 0.000
1.999 2.139 2.259 2.354 2.428 2.485 2.524 2.517 2.462 2.275 1.945 1.674 1.478 1.269 1.088 0.936 0.806 0.697 0.603 0.522 0.453 0.393 0.342 0.297 0.258 0.224 0.194 0.168 0.145 0.124 0.106 0.090 0.076 0.064 0.053 0.044 0.036 0.030 0.024 0.019 0.015 0.011 0.009 0.006 0.004 0.003 0.002 0.001 0.000 0.000 0.000 0.000 0.000 0.000 0.000 0.000 0.000 0.000 0.000 0.000 0.000 0.000 0.000 0.000 0.000 0.000 0.000 0.000 0.000 0.000 0.000 0.000 0.000 0.000 0.000 0.000 0.000
1.725 1.851 1.956 2.038 2.101 2.151 2.175 2.165 2.099 1.874 1.536 1.351 1.180 1.007 0.861 0.738 0.634 0.546 0.471 0.407 0.353 0.306 0.265 0.230 0.200 0.173 0.150 0.130 0.112 0.096 0.082 0.070 0.059 0.049 0.041 0.034 0.028 0.022 0.018 0.014 0.011 0.008 0.006 0.004 0.003 0.002 0.001 0.000 0.000 0.000 0.000 0.000 0.000 0.000 0.000 0.000 0.000 0.000 0.000 0.000 0.000 0.000 0.000 0.000 0.000 0.000 0.000 0.000 0.000 0.000 0.000 0.000 0.000 0.000 0.000 0.000 0.000
1.432 1.528 1.619 1.692 1.750 1.794 1.812 1.802 1.712 1.448 1.194 1.072 0.927 0.788 0.671 0.574 0.491 0.422 0.363 0.313 0.271 0.234 0.203 0.176 0.153 0.133 0.115 0.099 0.086 0.073 0.063 0.053 0.045 0.038 0.031 0.026 0.021 0.017 0.013 0.010 0.008 0.006 0.004 0.003 0.002 0.001 0.000 0.000 0.000 0.000 0.000 0.000 0.000 0.000 0.000 0.000 0.000 0.000 0.000 0.000 0.000 0.000 0.000 0.000 0.000 0.000 0.000 0.000 0.000 0.000 0.000 0.000 0.000 0.000 0.000 0.000 0.000
1.148 1.212 1.273 1.333 1.388 1.425 1.435 1.413 1.306 1.054 0.938 0.837 0.717 0.607 0.516 0.439 0.375 0.321 0.276 0.238 0.205 0.177 0.153 0.133 0.115 0.100 0.087 0.075 0.064 0.055 0.047 0.040 0.034 0.028 0.023 0.019 0.015 0.012 0.009 0.007 0.005 0.004 0.002 0.002 0.001 0.000 0.000 0.000 0.000 0.000 0.000 0.000 0.000 0.000 0.000 0.000 0.000 0.000 0.000 0.000 0.000 0.000 0.000 0.000 0.000 0.000 0.000 0.000 0.000 0.000 0.000 0.000 0.000 0.000 0.000 0.000 0.000
0.852 0.899 0.942 0.986 1.028 1.051 1.050 1.024 0.924 0.789 0.725 0.642 0.546 0.461 0.390 0.331 0.282 0.241 0.207 0.178 0.153 0.132 0.114 0.099 0.086 0.074 0.064 0.056 0.048 0.041 0.035 0.029 0.025 0.020 0.017 0.013 0.011 0.008 0.006 0.005 0.003 0.002 0.001 0.001 0.000 0.000 0.000 0.000 0.000 0.000 0.000 0.000 0.000 0.000 0.000 0.000 0.000 0.000 0.000 0.000 0.000 0.000 0.000 0.000 0.000 0.000 0.000 0.000 0.000 0.000 0.000 0.000 0.000 0.000 0.000 0.000 0.000
0.632 0.658 0.673 0.680 0.707 0.718 0.715 0.690 0.639 0.602 0.551 0.485 0.409 0.344 0.291 0.246 0.209 0.178 0.153 0.131 0.113 0.097 0.084 0.073 0.063 0.054 0.047 0.041 0.035 0.030 0.025 0.021 0.018 0.014 0.012 0.009 0.007 0.006 0.004 0.003 0.002 0.001 0.001 0.000 0.000 0.000 0.000 0.000 0.000 0.000 0.000 0.000 0.000 0.000 0.000 0.000 0.000 0.000 0.000 0.000 0.000 0.000 0.000 0.000 0.000 0.000 0.000 0.000 0.000 0.000 0.000 0.000 0.000 0.000 0.000 0.000 0.000
0.476 0.496 0.508 0.513 0.514 0.513 0.509 0.498 0.480 0.451 0.411 0.359 0.302 0.253 0.213 0.180 0.153 0.130 0.111 0.095 0.082 0.070 0.061 0.052 0.045 0.039 0.034 0.029 0.025 0.021 0.018 0.015 0.012 0.010 0.008 0.006 0.005 0.003 0.002 0.002 0.001 0.000 0.000 0.000 0.000 0.000 0.000 0.000 0.000 0.000 0.000 0.000 0.000 0.000 0.000 0.000 0.000 0.000 0.000 0.000 0.000 0.000 0.000 0.000 0.000 0.000 0.000 0.000 0.000 0.000 0.000 0.000 0.000 0.000 0.000 0.000 0.000
