data/CoulombOnly/Outputs_CoulombOnly/release1HS_03CoulombOnly_null_minVoellmyv2_pft.asc
ncols 1001
nrows 301
xllcenter 1000.00
yllcenter -5000.00
cellsize 5.00
nodata_value nan
[rows 140 to 167 of 301, columns 252 to 314 of 1001]
0.000001 0.000001 0.000001 0.000001 0.000001 0.000001 0.000001 0.000001 0.000001 0.000001 0.000001 0.000001 0.000001 0.000001 0.000001 0.000000 0.000000 0.000000 0.000000 0.000000 0.000000 0.000000 0.000000 0.000000 0.000000 0.000000 0.000000 0.000000 0.000000 0.000000 0.000000 0.000000 0.000000 0.000000 0.000000 0.000000 0.000000 0.000000 0.000000 0.000000 0.000000 0.000000 0.000000 0.000000 0.000000 0.000000 0.000000 0.000000 0.000000 0.000000 0.000000 0.000000 0.000000 0.000000 0.000000 0.000000 0.000000 0.000000 0.000000 0.000000 0.000000 0.000000 0.000000
0.000091 0.000089 0.000086 0.000083 0.000080 0.000077 0.000074 0.000071 0.000068 0.000065 0.000062 0.000059 0.000056 0.000053 0.000050 0.000048 0.000045 0.000042 0.000040 0.000037 0.000035 0.000032 0.000030 0.000028 0.000026 0.000024 0.000022 0.000020 0.000019 0.000017 0.000016 0.000014 0.000013 0.000012 0.000011 0.000010 0.000009 0.000008 0.000007 0.000007 0.000006 0.000005 0.000005 0.000004 0.000004 0.000003 0.000003 0.000003 0.000002 0.000002 0.000002 0.000002 0.000002 0.000001 0.000001 0.000001 0.000001 0.000001 0.000001 0.000001 0.000001 0.000001 0.000000
0.004163 0.004350 0.004445 0.004436 0.004354 0.004268 0.004177 0.004082 0.003982 0.003881 0.003775 0.003667 0.003556 0.003443 0.003328 0.003212 0.003094 0.002976 0.002857 0.002739 0.002620 0.002501 0.002384 0.002268 0.002154 0.002042 0.001932 0.001825 0.001721 0.001620 0.001522 0.001427 0.001337 0.001250 0.001166 0.001087 0.001011 0.000939 0.000871 0.000807 0.000746 0.000689 0.000635 0.000584 0.000537 0.000493 0.000452 0.000413 0.000378 0.000345 0.000314 0.000286 0.000260 0.000236 0.000214 0.000194 0.000176 0.000159 0.000143 0.000129 0.000116 0.000105 0.000094
0.069722 0.074731 0.079640 0.084336 0.088793 0.093001 0.096951 0.100633 0.104041 0.107171 0.110018 0.112573 0.114833 0.116795 0.118454 0.119805 0.120843 0.121575 0.121981 0.122053 0.121783 0.121172 0.120336 0.119324 0.118144 0.116814 0.115317 0.113666 0.111878 0.109940 0.107874 0.105683 0.103367 0.100957 0.098438 0.095838 0.093156 0.090409 0.087605 0.084756 0.081872 0.078966 0.076044 0.073124 0.070204 0.067309 0.064435 0.061594 0.058798 0.056047 0.053354 0.050722 0.048154 0.045657 0.043237 0.040892 0.038626 0.036444 0.034345 0.032330 0.030398 0.028550 0.026788
0.383000 0.380463 0.376252 0.370625 0.363852 0.356189 0.347936 0.339895 0.332092 0.324543 0.317261 0.310261 0.303585 0.297233 0.291193 0.285472 0.280080 0.275064 0.270405 0.266099 0.262165 0.258614 0.255274 0.252112 0.249132 0.246334 0.243716 0.241273 0.239020 0.236931 0.234991 0.233211 0.231566 0.230049 0.228637 0.227326 0.226077 0.224890 0.223727 0.222580 0.221417 0.220237 0.219006 0.217715 0.216362 0.214927 0.213401 0.211778 0.210052 0.208219 0.206276 0.204222 0.202057 0.199789 0.197412 0.194929 0.192343 0.189667 0.186902 0.184050 0.181121 0.178128 0.175067
2.473247 2.402210 2.332312 2.263462 2.195682 2.129208 2.064139 2.000388 1.938125 1.877352 1.818224 1.760901 1.705479 1.652048 1.600639 1.551324 1.505771 1.468591 1.432480 1.397427 1.363422 1.330484 1.298579 1.267677 1.237751 1.208823 1.180828 1.153731 1.127523 1.102226 1.077747 1.054134 1.031319 1.009323 0.988087 0.967660 0.947967 0.929011 0.910814 0.893340 0.876580 0.860528 0.845178 0.830550 0.816620 0.803398 0.790894 0.779136 0.768156 0.758883 0.751179 0.743982 0.737274 0.731040 0.725264 0.719931 0.715034 0.710555 0.706481 0.702801 0.699505 0.696582 0.694031
2.311980 2.310481 2.309176 2.310280 2.313102 2.316730 2.320849 2.324872 2.328232 2.330852 2.332371 2.332907 2.332323 2.330750 2.328228 2.324847 2.320443 2.314736 2.307926 2.300242 2.291742 2.282422 2.272337 2.261738 2.250837 2.240083 2.229873 2.219829 2.209996 2.200465 2.191255 2.182303 2.173547 2.164949 2.156502 2.148203 2.140053 2.132060 2.124231 2.116590 2.109168 2.101951 2.094950 2.088195 2.081700 2.075426 2.069314 2.063390 2.057744 2.052368 2.047323 2.042705 2.038493 2.034717 2.031458 2.028665 2.026435 2.024725 2.023582 2.023010 2.023004 2.023603 2.024828
3.749279 3.738368 3.726405 3.712493 3.696517 3.678586 3.658828 3.637431 3.614765 3.594004 3.573035 3.551821 3.530285 3.508458 3.486383 3.464118 3.441633 3.418826 3.395883 3.372880 3.349957 3.327123 3.304388 3.281855 3.259697 3.238128 3.217202 3.196960 3.177518 3.158882 3.141045 3.123996 3.107751 3.092316 3.077664 3.063796 3.050711 3.038403 3.026870 3.016108 3.006109 2.996866 2.988371 2.980614 2.973580 2.967258 2.961659 2.956749 2.952540 2.949055 2.946300 2.944234 2.942784 2.941959 2.941716 2.942002 2.943025 2.944786 2.947313 2.950513 2.954355 2.958809 2.963682
3.488511 3.524943 3.559606 3.591307 3.618723 3.641751 3.660480 3.674996 3.685734 3.692834 3.696542 3.697082 3.694637 3.689456 3.681789 3.671928 3.660053 3.646182 3.630221 3.612608 3.593571 3.573390 3.552512 3.532195 3.512596 3.494082 3.476733 3.460414 3.445128 3.430937 3.417866 3.405897 3.394990 3.389681 3.387392 3.386630 3.387383 3.389594 3.393321 3.398663 3.405650 3.414234 3.424373 3.436044 3.449195 3.463829 3.479358 3.494822 3.508856 3.522253 3.533783 3.545097 3.554498 3.561760 3.567949 3.572133 3.573807 3.572884 3.569357 3.563377 3.555326 3.546049 3.537820
3.488025 3.506479 3.526764 3.548758 3.572337 3.597381 3.623751 3.651292 3.679840 3.709222 3.739254 3.769760 3.800553 3.831448 3.862273 3.892850 3.923021 3.952595 3.981409 4.009411 4.036392 4.062365 4.087170 4.111159 4.134317 4.156626 4.178137 4.198838 4.218734 4.237873 4.256286 4.273969 4.290947 4.307280 4.322965 4.338009 4.352430 4.366282 4.379522 4.392103 4.404016 4.415159 4.425495 4.434949 4.443435 4.450717 4.455900 4.458901 4.459694 4.458476 4.455865 4.451982 4.446935 4.440749 4.433477 4.425152 4.415714 4.405074 4.392970 4.379476 4.364637 4.348548 4.331326
3.410642 3.402312 3.395853 3.391332 3.388818 3.388366 3.390073 3.394059 3.400660 3.410569 3.424646 3.443547 3.467609 3.496345 3.528893 3.564643 3.603345 3.645579 3.691176 3.740049 3.791924 3.846429 3.903235 3.957916 4.010118 4.059639 4.106156 4.149434 4.189356 4.225731 4.258340 4.286976 4.311513 4.331759 4.347677 4.359182 4.366284 4.369334 4.377118 4.384616 4.390868 4.395698 4.398991 4.400669 4.400565 4.398947 4.395630 4.390740 4.384412 4.376703 4.367539 4.357310 4.345781 4.333184 4.319585 4.304961 4.289508 4.273177 4.256008 4.238136 4.219419 4.200116 4.180053
3.487735 3.506184 3.526465 3.548457 3.572035 3.597079 3.623451 3.650997 3.679560 3.708953 3.738989 3.769494 3.800298 3.831206 3.862043 3.892633 3.922811 3.952401 3.981227 4.009243 4.036245 4.062231 4.087049 4.111061 4.134236 4.156562 4.178099 4.198815 4.218727 4.237892 4.256319 4.274016 4.291007 4.307360 4.323056 4.338111 4.352549 4.366409 4.379658 4.392247 4.404172 4.415323 4.425668 4.435126 4.443618 4.450899 4.456082 4.459078 4.459866 4.458641 4.456023 4.452132 4.447076 4.440880 4.433599 4.425263 4.415813 4.405158 4.393038 4.379527 4.364667 4.348552 4.331306
3.488497 3.524931 3.559593 3.591294 3.618708 3.641733 3.660459 3.674974 3.685710 3.692809 3.696517 3.697055 3.694609 3.689428 3.681760 3.671900 3.660026 3.646193 3.630281 3.612728 3.593720 3.573554 3.552672 3.532355 3.512752 3.494217 3.476858 3.460527 3.445228 3.431023 3.417949 3.405975 3.395063 3.389846 3.387560 3.386810 3.387581 3.389813 3.393572 3.398967 3.405993 3.414623 3.424802 3.436506 3.449686 3.464337 3.479875 3.495306 3.509294 3.522636 3.534086 3.545331 3.554717 3.561934 3.568084 3.572273 3.573944 3.573021 3.569496 3.563501 3.555287 3.545496 3.536816
3.749345 3.738441 3.726485 3.712574 3.696605 3.678675 3.658918 3.637521 3.614784 3.594008 3.573029 3.551808 3.530263 3.508428 3.486344 3.464071 3.441517 3.418728 3.395786 3.372769 3.349843 3.327005 3.304277 3.281704 3.259514 3.237988 3.217068 3.196826 3.177408 3.158802 3.140982 3.123947 3.107715 3.092287 3.077642 3.063780 3.050699 3.038396 3.026868 3.016109 3.006114 2.996874 2.988382 2.980627 2.973596 2.967277 2.961683 2.956776 2.952571 2.949090 2.946340 2.944278 2.942834 2.942015 2.941778 2.942068 2.943102 2.944871 2.947409 2.950615 2.954466 2.958925 2.963800
2.311990 2.310495 2.309185 2.310279 2.313096 2.316722 2.320855 2.324882 2.328246 2.330864 2.332392 2.332931 2.332352 2.330782 2.328262 2.324884 2.320347 2.314708 2.307913 2.300206 2.291715 2.282403 2.272357 2.261749 2.250725 2.240042 2.229848 2.219810 2.209979 2.200526 2.191367 2.182455 2.173718 2.165134 2.156696 2.148404 2.140260 2.132271 2.124444 2.116808 2.109387 2.102170 2.095168 2.088413 2.081916 2.075640 2.069527 2.063599 2.057951 2.052573 2.047527 2.042906 2.038693 2.034912 2.031653 2.028860 2.026626 2.024916 2.023769 2.023198 2.023188 2.023788 2.025012
2.473172 2.402152 2.332267 2.263434 2.195663 2.129197 2.063993 2.000220 1.937892 1.877146 1.818133 1.760919 1.705609 1.652274 1.600930 1.551653 1.505781 1.468604 1.432495 1.397445 1.363445 1.330512 1.298611 1.267715 1.237794 1.208878 1.180889 1.153798 1.127601 1.102311 1.077838 1.054234 1.031426 1.009439 0.988209 0.967790 0.948105 0.929155 0.910963 0.893495 0.876740 0.860693 0.845347 0.830721 0.816793 0.803570 0.791065 0.779304 0.768316 0.759006 0.751307 0.744113 0.737409 0.731179 0.725407 0.720078 0.715181 0.710706 0.706636 0.702960 0.699667 0.696749 0.694197
0.383010 0.380458 0.376238 0.370602 0.363829 0.356158 0.347899 0.339859 0.332057 0.324508 0.317228 0.310230 0.303550 0.297200 0.291161 0.285443 0.280052 0.275035 0.270377 0.266074 0.262141 0.258592 0.255252 0.252092 0.249114 0.246318 0.243702 0.241260 0.239011 0.236924 0.234985 0.233209 0.231565 0.230052 0.228641 0.227333 0.226087 0.224901 0.223741 0.222595 0.221435 0.220255 0.219026 0.217737 0.216386 0.214952 0.213427 0.211805 0.210080 0.208248 0.206306 0.204253 0.202088 0.199821 0.197445 0.194963 0.192378 0.189701 0.186938 0.184087 0.181158 0.178166 0.175105
0.069737 0.074746 0.079655 0.084351 0.088808 0.093016 0.096966 0.100648 0.104056 0.107186 0.110032 0.112587 0.114847 0.116808 0.118467 0.119818 0.120855 0.121588 0.121993 0.122065 0.121794 0.121183 0.120347 0.119334 0.118153 0.116823 0.115326 0.113674 0.111886 0.109947 0.107880 0.105690 0.103373 0.100963 0.098443 0.095843 0.093161 0.090413 0.087609 0.084760 0.081876 0.078969 0.076047 0.073127 0.070207 0.067312 0.064437 0.061597 0.058800 0.056050 0.053356 0.050724 0.048156 0.045659 0.043239 0.040894 0.038628 0.036446 0.034347 0.032331 0.030400 0.028552 0.026790
0.004164 0.004351 0.004446 0.004437 0.004354 0.004268 0.004177 0.004082 0.003983 0.003881 0.003776 0.003667 0.003556 0.003443 0.003328 0.003212 0.003094 0.002976 0.002857 0.002739 0.002620 0.002501 0.002384 0.002268 0.002154 0.002042 0.001932 0.001825 0.001721 0.001620 0.001522 0.001427 0.001337 0.001250 0.001166 0.001087 0.001011 0.000939 0.000871 0.000807 0.000746 0.000688 0.000635 0.000584 0.000537 0.000493 0.000452 0.000413 0.000378 0.000345 0.000314 0.000286 0.000260 0.000236 0.000214 0.000194 0.000176 0.000159 0.000143 0.000129 0.000116 0.000105 0.000094
0.000091 0.000089 0.000086 0.000083 0.000080 0.000077 0.000074 0.000071 0.000068 0.000065 0.000062 0.000059 0.000056 0.000053 0.000050 0.000048 0.000045 0.000042 0.000040 0.000037 0.000035 0.000032 0.000030 0.000028 0.000026 0.000024 0.000022 0.000020 0.000019 0.000017 0.000016 0.000014 0.000013 0.000012 0.000011 0.000010 0.000009 0.000008 0.000007 0.000007 0.000006 0.000005 0.000005 0.000004 0.000004 0.000003 0.000003 0.000003 0.000002 0.000002 0.000002 0.000002 0.000002 0.000001 0.000001 0.000001 0.000001 0.000001 0.000001 0.000001 0.000001 0.000001 0.000000
0.000001 0.000001 0.000001 0.000001 0.000001 0.000001 0.000001 0.000001 0.000001 0.000001 0.000001 0.000001 0.000001 0.000001 0.000001 0.000000 0.000000 0.000000 0.000000 0.000000 0.000000 0.000000 0.000000 0.000000 0.000000 0.000000 0.000000 0.000000 0.000000 0.000000 0.000000 0.000000 0.000000 0.000000 0.000000 0.000000 0.000000 0.000000 0.000000 0.000000 0.000000 0.000000 0.000000 0.000000 0.000000 0.000000 0.000000 0.000000 0.000000 0.000000 0.000000 0.000000 0.000000 0.000000 0.000000 0.000000 0.000000 0.000000 0.000000 0.000000 0.000000 0.000000 0.000000
0.000000 0.000000 0.000000 0.000000 0.000000 0.000000 0.000000 0.000000 0.000000 0.000000 0.000000 0.000000 0.000000 0.000000 0.000000 0.000000 0.000000 0.000000 0.000000 0.000000 0.000000 0.000000 0.000000 0.000000 0.000000 0.000000 0.000000 0.000000 0.000000 0.000000 0.000000 0.000000 0.000000 0.000000 0.000000 0.000000 0.000000 0.000000 0.000000 0.000000 0.000000 0.000000 0.000000 0.000000 0.000000 0.000000 0.000000 0.000000 0.000000 0.000000 0.000000 0.000000 0.000000 0.000000 0.000000 0.000000 0.000000 0.000000 0.000000 0.000000 0.000000 0.000000 0.000000
0.000000 0.000000 0.000000 0.000000 0.000000 0.000000 0.000000 0.000000 0.000000 0.000000 0.000000 0.000000 0.000000 0.000000 0.000000 0.000000 0.000000 0.000000 0.000000 0.000000 0.000000 0.000000 0.000000 0.000000 0.000000 0.000000 0.000000 0.000000 0.000000 0.000000 0.000000 0.000000 0.000000 0.000000 0.000000 0.000000 0.000000 0.000000 0.000000 0.000000 0.000000 0.000000 0.000000 0.000000 0.000000 0.000000 0.000000 0.000000 0.000000 0.000000 0.000000 0.000000 0.000000 0.000000 0.000000 0.000000 0.000000 0.000000 0.000000 0.000000 0.000000 0.000000 0.000000
0.000000 0.000000 0.000000 0.000000 0.000000 0.000000 0.000000 0.000000 0.000000 0.000000 0.000000 0.000000 0.000000 0.000000 0.000000 0.000000 0.000000 0.000000 0.000000 0.000000 0.000000 0.000000 0.000000 0.000000 0.000000 0.000000 0.000000 0.000000 0.000000 0.000000 0.000000 0.000000 0.000000 0.000000 0.000000 0.000000 0.000000 0.000000 0.000000 0.000000 0.000000 0.000000 0.000000 0.000000 0.000000 0.000000 0.000000 0.000000 0.000000 0.000000 0.000000 0.000000 0.000000 0.000000 0.000000 0.000000 0.000000 0.000000 0.000000 0.000000 0.000000 0.000000 0.000000
0.000000 0.000000 0.000000 0.000000 0.000000 0.000000 0.000000 0.000000 0.000000 0.000000 0.000000 0.000000 0.000000 0.000000 0.000000 0.000000 0.000000 0.000000 0.000000 0.000000 0.000000 0.000000 0.000000 0.000000 0.000000 0.000000 0.000000 0.000000 0.000000 0.000000 0.000000 0.000000 0.000000 0.000000 0.000000 0.000000 0.000000 0.000000 0.000000 0.000000 0.000000 0.000000 0.000000 0.000000 0.000000 0.000000 0.000000 0.000000 0.000000 0.000000 0.000000 0.000000 0.000000 0.000000 0.000000 0.000000 0.000000 0.000000 0.000000 0.000000 0.000000 0.000000 0.000000
0.000000 0.000000 0.000000 0.000000 0.000000 0.000000 0.000000 0.000000 0.000000 0.000000 0.000000 0.000000 0.000000 0.000000 0.000000 0.000000 0.000000 0.000000 0.000000 0.000000 0.000000 0.000000 0.000000 0.000000 0.000000 0.000000 0.000000 0.000000 0.000000 0.000000 0.000000 0.000000 0.000000 0.000000 0.000000 0.000000 0.000000 0.000000 0.000000 0.000000 0.000000 0.000000 0.000000 0.000000 0.000000 0.000000 0.000000 0.000000 0.000000 0.000000 0.000000 0.000000 0.000000 0.000000 0.000000 0.000000 0.000000 0.000000 0.000000 0.000000 0.000000 0.000000 0.000000
0.000000 0.000000 0.000000 0.000000 0.000000 0.000000 0.000000 0.000000 0.000000 0.000000 0.000000 0.000000 0.000000 0.000000 0.000000 0.000000 0.000000 0.000000 0.000000 0.000000 0.000000 0.000000 0.000000 0.000000 0.000000 0.000000 0.000000 0.000000 0.000000 0.000000 0.000000 0.000000 0.000000 0.000000 0.000000 0.000000 0.000000 0.000000 0.000000 0.000000 0.000000 0.000000 0.000000 0.000000 0.000000 0.000000 0.000000 0.000000 0.000000 0.000000 0.000000 0.000000 0.000000 0.000000 0.000000 0.000000 0.000000 0.000000 0.000000 0.000000 0.000000 0.000000 0.000000
0.000000 0.000000 0.000000 0.000000 0.000000 0.000000 0.000000 0.000000 0.000000 0.000000 0.000000 0.000000 0.000000 0.000000 0.000000 0.000000 0.000000 0.000000 0.000000 0.000000 0.000000 0.000000 0.000000 0.000000 0.000000 0.000000 0.000000 0.000000 0.000000 0.000000 0.000000 0.000000 0.000000 0.000000 0.000000 0.000000 0.000000 0.000000 0.000000 0.000000 0.000000 0.000000 0.000000 0.000000 0.000000 0.000000 0.000000 0.000000 0.000000 0.000000 0.000000 0.000000 0.000000 0.000000 0.000000 0.000000 0.000000 0.000000 0.000000 0.000000 0.000000 0.000000 0.000000
