data/CoulombOnly/Outputs_CoulombOnly/release1HS_null_03CoulombOnly_faSavageHutterFoam_pfv.asc
xllcenter 1000
yllcenter -5000
nrows 301
ncols 1001
NODATA_value -9999
cellsize 5
[rows 87 to 115 of 301, columns 260 to 324 of 1001]
-9999 -9999 -9999 -9999 -9999 -9999 -9999 -9999 -9999 -9999 -9999 -9999 -9999 -9999 -9999 -9999 -9999 -9999 -9999 -9999 -9999 -9999 -9999 -9999 -9999 -9999 -9999 -9999 -9999 -9999 -9999 -9999 -9999 -9999 -9999 -9999 -9999 -9999 -9999 -9999 -9999 -9999 -9999 -9999 -9999 -9999 -9999 -9999 -9999 -9999 -9999 -9999 -9999 -9999 -9999 -9999 -9999 -9999 -9999 -9999 -9999 -9999 -9999 -9999 -9999
-9999 -9999 -9999 -9999 -9999 -9999 -9999 -9999 -9999 -9999 -9999 -9999 -9999 -9999 -9999 -9999 -9999 -9999 -9999 -9999 -9999 -9999 -9999 -9999 -9999 -9999 -9999 -9999 -9999 -9999 -9999 -9999 -9999 -9999 -9999 -9999 -9999 -9999 -9999 -9999 -9999 -9999 -9999 -9999 -9999 -9999 -9999 -9999 -9999 -9999 -9999 -9999 -9999 -9999 -9999 -9999 -9999 -9999 -9999 -9999 -9999 -9999 -9999 -9999 -9999
-9999 -9999 -9999 -9999 -9999 -9999 -9999 -9999 -9999 -9999 -9999 -9999 -9999 -9999 -9999 -9999 -9999 -9999 -9999 -9999 -9999 -9999 -9999 -9999 -9999 -9999 -9999 -9999 -9999 -9999 -9999 -9999 -9999 -9999 -9999 -9999 -9999 -9999 -9999 -9999 -9999 -9999 -9999 -9999 -9999 -9999 -9999 -9999 -9999 -9999 -9999 -9999 -9999 -9999 -9999 -9999 -9999 -9999 -9999 -9999 -9999 -9999 -9999 -9999 -9999
-9999 -9999 -9999 -9999 -9999 -9999 -9999 -9999 -9999 -9999 -9999 -9999 -9999 -9999 -9999 -9999 -9999 -9999 -9999 -9999 -9999 -9999 -9999 -9999 -9999 -9999 -9999 -9999 -9999 -9999 -9999 -9999 -9999 -9999 -9999 -9999 -9999 -9999 -9999 -9999 -9999 -9999 -9999 -9999 -9999 -9999 -9999 -9999 -9999 -9999 -9999 -9999 -9999 -9999 -9999 -9999 -9999 -9999 -9999 -9999 -9999 -9999 -9999 -9999 -9999
-9999 -9999 -9999 -9999 -9999 -9999 -9999 -9999 -9999 -9999 -9999 -9999 -9999 -9999 -9999 -9999 -9999 -9999 -9999 -9999 -9999 -9999 -9999 -9999 -9999 -9999 -9999 -9999 -9999 -9999 -9999 -9999 -9999 -9999 -9999 -9999 -9999 -9999 -9999 -9999 -9999 -9999 -9999 -9999 -9999 -9999 -9999 -9999 -9999 -9999 -9999 -9999 -9999 -9999 -9999 -9999 -9999 -9999 -9999 -9999 -9999 -9999 -9999 -9999 -9999
-9999 -9999 -9999 -9999 -9999 -9999 -9999 -9999 -9999 -9999 -9999 -9999 -9999 -9999 -9999 -9999 -9999 -9999 -9999 -9999 -9999 -9999 -9999 -9999 -9999 -9999 -9999 -9999 -9999 -9999 -9999 -9999 -9999 -9999 -9999 -9999 -9999 -9999 -9999 -9999 -9999 -9999 -9999 -9999 -9999 -9999 -9999 -9999 -9999 -9999 -9999 -9999 -9999 -9999 -9999 -9999 -9999 -9999 -9999 -9999 -9999 -9999 -9999 -9999 -9999
-9999 -9999 -9999 -9999 -9999 -9999 -9999 -9999 -9999 -9999 -9999 -9999 -9999 -9999 -9999 -9999 -9999 -9999 -9999 -9999 -9999 -9999 -9999 -9999 -9999 -9999 -9999 -9999 -9999 -9999 -9999 -9999 -9999 -9999 -9999 -9999 -9999 -9999 -9999 -9999 -9999 -9999 -9999 -9999 -9999 -9999 -9999 -9999 -9999 -9999 -9999 -9999 -9999 -9999 -9999 -9999 -9999 -9999 -9999 -9999 -9999 -9999 -9999 -9999 -9999
-9999 -9999 -9999 -9999 -9999 -9999 -9999 -9999 -9999 -9999 -9999 -9999 -9999 -9999 -9999 -9999 -9999 -9999 -9999 -9999 -9999 -9999 -9999 -9999 -9999 -9999 -9999 -9999 -9999 -9999 -9999 -9999 -9999 -9999 -9999 -9999 -9999 -9999 -9999 -9999 -9999 -9999 -9999 -9999 -9999 -9999 -9999 -9999 -9999 -9999 -9999 -9999 -9999 -9999 -9999 -9999 -9999 -9999 -9999 -9999 -9999 -9999 -9999 -9999 -9999
-9999 -9999 -9999 -9999 -9999 -9999 -9999 -9999 -9999 -9999 -9999 -9999 -9999 -9999 -9999 -9999 -9999 -9999 -9999 -9999 -9999 -9999 -9999 -9999 -9999 -9999 -9999 -9999 -9999 -9999 -9999 -9999 -9999 -9999 -9999 -9999 -9999 -9999 -9999 -9999 -9999 -9999 -9999 -9999 -9999 -9999 -9999 -9999 -9999 -9999 -9999 -9999 -9999 -9999 -9999 -9999 -9999 -9999 -9999 -9999 -9999 -9999 -9999 -9999 -9999
-9999 -9999 -9999 -9999 -9999 -9999 -9999 -9999 -9999 -9999 -9999 -9999 -9999 -9999 -9999 -9999 -9999 -9999 -9999 -9999 -9999 -9999 -9999 -9999 -9999 -9999 -9999 -9999 -9999 -9999 -9999 -9999 -9999 -9999 -9999 -9999 -9999 -9999 -9999 -9999 -9999 -9999 -9999 -9999 -9999 -9999 -9999 -9999 -9999 -9999 -9999 -9999 -9999 -9999 -9999 -9999 -9999 -9999 -9999 -9999 -9999 -9999 -9999 -9999 -9999
-9999 -9999 -9999 -9999 -9999 -9999 -9999 -9999 -9999 -9999 -9999 -9999 -9999 -9999 -9999 -9999 -9999 -9999 -9999 -9999 -9999 -9999 -9999 -9999 -9999 -9999 -9999 -9999 -9999 -9999 -9999 -9999 -9999 -9999 -9999 -9999 -9999 -9999 -9999 -9999 -9999 -9999 -9999 -9999 -9999 -9999 -9999 -9999 -9999 -9999 -9999 -9999 -9999 -9999 -9999 -9999 -9999 -9999 -9999 -9999 -9999 -9999 -9999 -9999 -9999
-9999 -9999 -9999 -9999 -9999 -9999 -9999 -9999 -9999 -9999 -9999 -9999 -9999 -9999 -9999 -9999 -9999 -9999 -9999 -9999 -9999 -9999 -9999 -9999 -9999 -9999 -9999 -9999 -9999 -9999 -9999 -9999 -9999 -9999 -9999 -9999 -9999 -9999 -9999 -9999 -9999 -9999 -9999 -9999 -9999 -9999 -9999 -9999 -9999 -9999 -9999 -9999 -9999 -9999 -9999 -9999 -9999 -9999 -9999 -9999 -9999 -9999 -9999 -9999 -9999
-9999 -9999 -9999 -9999 -9999 -9999 -9999 -9999 -9999 -9999 -9999 -9999 -9999 -9999 -9999 -9999 -9999 -9999 -9999 -9999 -9999 -9999 -9999 -9999 -9999 -9999 -9999 -9999 -9999 -9999 -9999 -9999 -9999 -9999 -9999 -9999 -9999 -9999 -9999 -9999 -9999 -9999 -9999 -9999 -9999 -9999 -9999 -9999 -9999 -9999 -9999 -9999 -9999 -9999 -9999 -9999 -9999 -9999 -9999 -9999 -9999 -9999 -9999 -9999 -9999
0.00521976 0.00522384 0.00520449 0.00524005 0.00522814 0.00521837 0.00521631 0.00521932 0.0051986 0.00520541 0.00522163 0.00521327 0.0052059 0.00521074 0.00519966 0.00520957 0.00519941 0.00520161 0.00519723 0.00519656 0.00517685 0.00517058 0.00517141 0.00517129 0.00518331 0.00516238 0.00516942 0.00515779 0.00516393 0.00516156 0.00517829 0.00516133 0.00516058 0.00515025 0.00514929 0.00513141 0.00516453 0.00515649 0.00512443 0.00516213 0.00513026 0.00513671 0.00513332 0.00513726 0.00513821 0.00511931 0.00513136 0.00514201 0.00512887 0.00513419 0.00512444 0.00512671 0.00512367 0.00512938 0.00512962 0.0051287 0.00513686 0.00513476 0.00515623 0.00512584 0.00513832 0.00514339 0.00516337 0.00516465 0.0051832
0.00522359 0.00522237 0.00522561 0.00521888 0.00522994 0.00521115 0.00521004 0.00522634 0.00520742 0.00521084 0.00520072 0.00520572 0.00520936 0.00519468 0.0052024 0.00520574 0.00520056 0.00518637 0.00519491 0.00518405 0.00519027 0.00517964 0.00516732 0.00518216 0.00517477 0.00517405 0.00517339 0.00516802 0.00516949 0.00515568 0.00515998 0.00515115 0.00515518 0.00513957 0.00516298 0.00514005 0.00515159 0.00514506 0.00513949 0.00514337 0.00513031 0.0051324 0.0051314 0.00512753 0.00512382 0.00512823 0.00512708 0.00512134 0.00513891 0.00511445 0.00512909 0.00512194 0.0051318 0.00512793 0.00512542 0.00513274 0.00513406 0.00512773 0.00514318 0.00514872 0.00513931 0.00514834 0.00515061 0.00515443 0.00516085
0.0052249 0.00522442 0.00521877 0.0052226 0.00522083 0.0052183 0.00521545 0.00522205 0.00520433 0.00520657 0.0052064 0.00521208 0.00520202 0.00519839 0.0052074 0.005197 0.00518963 0.00519822 0.005184 0.00518956 0.00519503 0.00518474 0.00517492 0.00519331 0.00518131 0.00517801 0.00516504 0.00516596 0.00517504 0.00515868 0.00515942 0.00514814 0.00515845 0.0051533 0.00515942 0.00513649 0.00514291 0.00513868 0.00513627 0.00513581 0.00513175 0.00514411 0.00513235 0.00514442 0.00512145 0.00512777 0.00512392 0.00512482 0.00512908 0.00513026 0.00512511 0.00512543 0.00512611 0.00512567 0.0051304 0.00512628 0.00513018 0.00513236 0.00513068 0.00514941 0.00514936 0.00514212 0.00514673 0.00514817 0.00516797
0.00523414 0.00522582 0.00521498 0.00521875 0.00522305 0.00522029 0.00521686 0.00522269 0.00521071 0.00521008 0.00520142 0.00520249 0.00520277 0.00519605 0.00519886 0.00519391 0.00519285 0.00519336 0.00519381 0.00519161 0.00518652 0.00517487 0.00517302 0.00518463 0.00516745 0.00517578 0.00516806 0.00516335 0.00517264 0.00515066 0.00515187 0.00515072 0.00516059 0.00514109 0.00514953 0.00514075 0.00514871 0.0051441 0.00513793 0.00513947 0.00513444 0.00514328 0.00512514 0.00513624 0.00512335 0.00512276 0.00512806 0.00512788 0.0051332 0.00511939 0.00512776 0.00512248 0.00512662 0.0051267 0.00513124 0.00512693 0.00513266 0.0051296 0.00513214 0.00514901 0.00514127 0.00514387 0.00514489 0.00515509 0.00515806
0.0052294 0.00522819 0.00521947 0.00522093 0.00520878 0.00522451 0.00521207 0.00520486 0.00521577 0.00521311 0.00521111 0.00521012 0.00520342 0.00520651 0.00520499 0.00519548 0.00519072 0.00519236 0.00518557 0.00519325 0.00518527 0.00518488 0.00518153 0.00518086 0.00517922 0.00517453 0.00516926 0.00516595 0.00515978 0.00516753 0.0051657 0.00516103 0.00514824 0.00515506 0.00514402 0.00515388 0.00514585 0.0051446 0.00513841 0.00513711 0.005135 0.00513406 0.00513852 0.00513151 0.00512739 0.00513456 0.00512363 0.00512944 0.00512324 0.00512704 0.00512707 0.00511939 0.00513927 0.00513021 0.00512745 0.00513173 0.00513225 0.00512567 0.00514536 0.00513978 0.00514484 0.00515336 0.00516013 0.00515598 0.00516221
0.00523128 0.0052259 0.0052222 0.00522091 0.00521835 0.0052197 0.00521167 0.00521387 0.00521551 0.00520972 0.00521578 0.00519554 0.00520504 0.00520196 0.00519033 0.00519959 0.00518584 0.00519939 0.00519158 0.00518804 0.00518307 0.00518034 0.00517561 0.00517845 0.00517323 0.00517683 0.00516782 0.00516348 0.00516956 0.00516638 0.0051625 0.00515089 0.00515764 0.00515602 0.00515386 0.00514355 0.00514337 0.00514144 0.00513846 0.00514377 0.0051339 0.00513427 0.00512606 0.00512158 0.00513315 0.00512264 0.00513157 0.00512837 0.00512059 0.00512152 0.00512727 0.0051328 0.00512506 0.00512943 0.0051336 0.0051262 0.00513149 0.00513912 0.00513327 0.00514863 0.00514922 0.00514165 0.00514885 0.00515973 0.00516724
0.00523224 0.00522412 0.00522449 0.00521652 0.00522402 0.00521152 0.00521944 0.0052214 0.00519839 0.00520782 0.00520742 0.00520923 0.00520702 0.00520052 0.00519366 0.00519943 0.00518423 0.0052038 0.00519384 0.0051824 0.00518923 0.0051827 0.00517882 0.00519204 0.00517114 0.00517128 0.00516822 0.00516798 0.00516554 0.00516222 0.005157 0.00515073 0.00515866 0.00515268 0.00515288 0.00514256 0.00513536 0.00513932 0.00513964 0.00512985 0.00513403 0.00513445 0.00513436 0.00512984 0.00513067 0.00512297 0.00513725 0.00512939 0.00512225 0.00513107 0.00513784 0.00512913 0.00512258 0.00512707 0.00513915 0.00512207 0.00513225 0.00513536 0.00513 0.00513841 0.00515351 0.0051494 0.00514726 0.00516023 0.00515731
0.00522533 0.0052251 0.00522449 0.00521711 0.00522354 0.00521333 0.0052275 0.00522098 0.00519769 0.00520835 0.00520449 0.00520985 0.00520735 0.00520018 0.0052054 0.00519996 0.00518379 0.00520379 0.00519409 0.0051818 0.00519977 0.0051863 0.00518306 0.00518199 0.00516865 0.00516978 0.00517064 0.00517369 0.0051625 0.00516334 0.00515324 0.00515001 0.00515931 0.005147 0.0051553 0.00515041 0.00513589 0.00513787 0.00514861 0.00512939 0.0051458 0.00512685 0.00514108 0.00513119 0.00512835 0.0051311 0.00512697 0.00512891 0.00512163 0.00513245 0.00512738 0.00512974 0.00512252 0.00512882 0.00513343 0.00512273 0.00513301 0.00513719 0.00513938 0.00513823 0.00515411 0.00514708 0.00515645 0.00516116 0.00516049
0.00522653 0.00522422 0.00522357 0.00522416 0.00522354 0.00521721 0.00522797 0.0052207 0.00519668 0.00520812 0.00520416 0.00521217 0.00520712 0.00520013 0.00520513 0.00519996 0.00519551 0.00519812 0.00519471 0.00518036 0.00520015 0.00518567 0.00519891 0.00517355 0.00516912 0.00516632 0.00517148 0.00517345 0.00516374 0.00516381 0.00515394 0.00514789 0.00515997 0.00514767 0.00515627 0.00514878 0.00513644 0.00513928 0.00514878 0.00512856 0.00514591 0.00512166 0.00514093 0.00513237 0.005127 0.00513227 0.00512372 0.00512299 0.00512152 0.00513385 0.0051287 0.00512081 0.00512463 0.00512828 0.00513255 0.00512503 0.00513321 0.00513812 0.0051396 0.00513941 0.00515483 0.00514688 0.00515541 0.00516188 0.00516041
0.0052264 0.00523334 0.00521842 0.00522428 0.00522333 0.00521712 0.00522783 0.0052139 0.00519668 0.00520807 0.00520416 0.00521217 0.00520711 0.00519992 0.00520503 0.0052008 0.00519648 0.00519186 0.00519569 0.00517978 0.00519979 0.00518536 0.005198 0.0051672 0.00516808 0.0051699 0.00517148 0.00517342 0.00516665 0.00516353 0.0051538 0.00515075 0.00515969 0.00514831 0.00515482 0.00514944 0.00513704 0.00513949 0.0051486 0.00512845 0.00513791 0.00512259 0.00514085 0.00513025 0.00512843 0.00513809 0.00511737 0.00511955 0.00512152 0.00513359 0.00512809 0.00512177 0.00512491 0.00512835 0.00513279 0.00512542 0.00513183 0.00513809 0.00513969 0.00513935 0.00515372 0.00514895 0.00515547 0.00516183 0.00516116
0.0052264 0.00523465 0.00521336 0.00522301 0.00522321 0.00521712 0.00522761 0.00522172 0.00519705 0.00520815 0.00520416 0.00521217 0.00520702 0.00520105 0.00520484 0.0052008 0.00519562 0.00519186 0.00519569 0.00517979 0.00519989 0.00518516 0.00519769 0.00516711 0.00516808 0.00516989 0.00517148 0.0051735 0.00516481 0.00516334 0.00515383 0.0051477 0.00515969 0.00514831 0.00515459 0.00515037 0.00513704 0.00513924 0.0051486 0.00512827 0.00514667 0.00512107 0.00514079 0.00513063 0.00512894 0.00513814 0.005117 0.00512054 0.00512152 0.00513372 0.00512711 0.00513158 0.00512379 0.00512835 0.00513279 0.00512542 0.0051319 0.00513804 0.00513841 0.00514007 0.00514886 0.00515043 0.00515547 0.00516183 0.00516116
0.0052264 0.00523465 0.00521345 0.00522296 0.00522321 0.00521712 0.0052276 0.00522203 0.00519751 0.00520824 0.00520416 0.00521217 0.00520703 0.00520158 0.00520475 0.00520081 0.00519562 0.00519186 0.00519571 0.00517978 0.00519989 0.00518516 0.00519769 0.00516711 0.00516809 0.00516988 0.00517148 0.00517365 0.00516534 0.00516324 0.005154 0.00515067 0.00515969 0.00514831 0.00515459 0.00515037 0.00513705 0.00513924 0.0051486 0.00512826 0.00514744 0.00512107 0.00514075 0.00513063 0.00512894 0.00513814 0.00511698 0.00512062 0.00512145 0.00513245 0.00512647 0.00513173 0.0051238 0.00512835 0.0051328 0.00512542 0.0051319 0.00513805 0.00513853 0.00514086 0.00514403 0.00515115 0.00515547 0.00516183 0.00516117
0.0052264 0.00523497 0.00521345 0.00522296 0.00522321 0.00521712 0.0052276 0.00522203 0.00519751 0.00520824 0.00520416 0.00521217 0.00520703 0.00520158 0.00520475 0.00520081 0.00519562 0.00519186 0.00519571 0.00517978 0.00519989 0.00518516 0.00519769 0.00516711 0.00516809 0.00516988 0.00517148 0.00517365 0.00516534 0.00516324 0.005154 0.00515054 0.00515969 0.00514831 0.00515446 0.00515037 0.00513705 0.00513924 0.0051486 0.00512826 0.00513859 0.00512107 0.00514075 0.00513063 0.00512894 0.00513814 0.00511698 0.00511926 0.0051214 0.00513257 0.0051264 0.00513173 0.0051238 0.00512835 0.0051328 0.00512542 0.0051319 0.00513805 0.00513853 0.00514001 0.00514886 0.00515044 0.00515547 0.00516183 0.00516117
0.0052264 0.00523465 0.00521345 0.00522296 0.00522321 0.00521712 0.0052276 0.00522203 0.00519751 0.00520824 0.00520416 0.00521217 0.00520703 0.00520158 0.00520475 0.00520081 0.00519562 0.00519186 0.00519571 0.00517978 0.00519989 0.00518516 0.00519757 0.00516711 0.00516809 0.00516988 0.00517148 0.00517365 0.00516534 0.00516324 0.005154 0.00514756 0.00515876 0.00514831 0.00515621 0.00514944 0.00513705 0.00513924 0.0051486 0.00512826 0.00514744 0.00512107 0.00514075 0.00513063 0.00512894 0.00513814 0.00511698 0.00511934 0.00512138 0.00513257 0.0051264 0.00513173 0.0051238 0.00512835 0.0051328 0.00512542 0.0051319 0.00513805 0.00513853 0.00513915 0.00515368 0.00514974 0.00515547 0.00516183 0.00516117
0.0052264 0.00523465 0.00521345 0.00522296 0.00522321 0.00521712 0.0052276 0.00522203 0.00519751 0.00520824 0.00520416 0.00521217 0.00520703 0.00520158 0.00520475 0.00520081 0.00519562 0.00519186 0.00519571 0.00517978 0.00519989 0.00518516 0.00519748 0.00516766 0.00516818 0.00516988 0.00517148 0.00517365 0.00516534 0.00516324 0.005154 0.00515229 0.00515876 0.00514831 0.00515482 0.00514944 0.00513705 0.00513924 0.0051486 0.00512826 0.00514744 0.00512107 0.00514075 0.00513063 0.00512894 0.00513814 0.00511698 0.00511934 0.00512138 0.00513257 0.0051264 0.00513173 0.0051238 0.00512835 0.0051328 0.00512542 0.0051319 0.00513805 0.00513853 0.00513915 0.00515368 0.00514974 0.00515547 0.00516183 0.00516117
0.0052264 0.00523465 0.00521345 0.00522296 0.00522321 0.00521712 0.0052276 0.00522203 0.00519751 0.00520824 0.00520416 0.00521217 0.00520703 0.00520159 0.00520475 0.00520081 0.00519562 0.00519186 0.00519571 0.00517978 0.00519989 0.00518516 0.00519832 0.00516822 0.00516826 0.00516612 0.00517148 0.00517365 0.00516546 0.00516324 0.005154 0.00515067 0.00515969 0.00514831 0.00515459 0.00515037 0.00513705 0.00513924 0.0051486 0.00512826 0.00513859 0.00512107 0.00514075 0.00513063 0.00512894 0.00513814 0.00511698 0.00511934 0.00512138 0.00513245 0.00512647 0.00513173 0.0051238 0.00512835 0.0051328 0.00512542 0.0051319 0.00513805 0.00513853 0.00513915 0.00515368 0.00514974 0.00515547 0.00516183 0.00516117
