data/CoulombOnly/Outputs_CoulombOnly/release1HS_null_03CoulombOnly_faSavageHutterFoamGamma_pft.asc
ncols 1001
nrows 301
xllcenter 1000
yllcenter -5000
cellsize 5
NODATA_value -9999
[rows 124 to 154 of 301, columns 140 to 209 of 1001]
1.00183e-06 1.00008e-06 1.00016e-06 1.00176e-06 1.00004e-06 1.00001e-06 1.00002e-06 1e-06 1e-06 1.00002e-06 1e-06 1e-06 1.00001e-06 1e-06 1e-06 9.99999e-07 9.99998e-07 1e-06 9.99999e-07 1e-06 1e-06 1e-06 1e-06 1e-06 1e-06 1e-06 1e-06 1e-06 1e-06 1e-06 1e-06 9.99999e-07 9.99999e-07 1e-06 9.99999e-07 9.99999e-07 1e-06 1e-06 1e-06 1e-06 1e-06 1e-06 1e-06 1e-06 1e-06 1e-06 1e-06 1e-06 1e-06 1e-06 1e-06 1e-06 1e-06 1e-06 1e-06 1e-06 1e-06 1e-06 1e-06 1e-06 1e-06 1e-06 1e-06 1e-06 1e-06 1e-06 1e-06 1e-06 1e-06 1e-06
1.01264e-06 9.18312e-07 9.80236e-07 1.00877e-06 9.59148e-07 9.97714e-07 1.00109e-06 1.00005e-06 1.00006e-06 1.00044e-06 9.99924e-07 1.00006e-06 1.0005e-06 9.99988e-07 1e-06 1.00001e-06 1e-06 1e-06 1.00001e-06 1e-06 1e-06 1e-06 1.00002e-06 1e-06 1e-06 1e-06 1e-06 1e-06 1e-06 1e-06 1e-06 9.99999e-07 9.99999e-07 1e-06 1e-06 9.99998e-07 1e-06 1e-06 1e-06 1e-06 1e-06 1e-06 1e-06 1e-06 1e-06 1e-06 1e-06 1e-06 1e-06 1e-06 1e-06 1e-06 1e-06 1e-06 1e-06 1e-06 1e-06 1e-06 1e-06 1e-06 1e-06 1e-06 1e-06 1e-06 1e-06 1e-06 1e-06 1e-06 1e-06 1e-06
9.99754e-07 9.99815e-07 9.99968e-07 1.00054e-06 1.0002e-06 9.69338e-07 1.00513e-06 1.01128e-06 9.54587e-07 9.96009e-07 1.01555e-06 9.44819e-07 1.00032e-06 9.96193e-07 9.99104e-07 1.0004e-06 1.00225e-06 1.00006e-06 1.00019e-06 1.00166e-06 1.00007e-06 1.00011e-06 1.00134e-06 9.99976e-07 9.99992e-07 1e-06 1e-06 1e-06 1.00001e-06 1e-06 1e-06 1e-06 1e-06 1e-06 1e-06 1e-06 1e-06 1e-06 1.00001e-06 1e-06 1e-06 1e-06 1e-06 1e-06 9.99999e-07 1e-06 1e-06 9.99999e-07 1e-06 1e-06 9.99999e-07 1e-06 1e-06 1e-06 1e-06 1e-06 9.99999e-07 1e-06 1e-06 1e-06 1e-06 1e-06 1e-06 9.99999e-07 1e-06 1e-06 9.99999e-07 1e-06 1e-06 1e-06
9.99643e-07 9.99281e-07 1.00007e-06 9.99801e-07 9.98174e-07 9.99719e-07 9.99533e-07 9.99286e-07 1.00019e-06 9.99993e-07 9.99898e-07 1.00093e-06 1.00224e-06 1.00315e-06 9.76249e-07 9.90326e-07 1.01556e-06 9.1532e-07 9.75815e-07 1.01006e-06 9.92486e-07 9.78017e-07 1.00562e-06 1.00838e-06 9.89712e-07 1.00049e-06 9.99948e-07 1.00007e-06 1.00045e-06 9.99917e-07 1.00008e-06 1.00021e-06 1.00209e-06 1.0001e-06 1.00016e-06 1.00149e-06 1.00006e-06 1.00008e-06 1.00112e-06 9.9997e-07 1.00001e-06 1e-06 1e-06 1e-06 1.00001e-06 1e-06 1e-06 1.00001e-06 1e-06 1e-06 1.00001e-06 1e-06 1e-06 1e-06 1.00002e-06 1e-06 1e-06 1.00001e-06 1e-06 1e-06 1.00002e-06 1e-06 1e-06 1.00001e-06 1e-06 1e-06 1.00001e-06 1e-06 1e-06 1.00001e-06
9.99943e-07 9.99664e-07 1.00002e-06 9.99812e-07 1.00012e-06 9.99911e-07 1.00012e-06 9.9959e-07 9.99166e-07 9.99698e-07 9.9925e-07 9.99973e-07 9.99777e-07 1.00052e-06 9.99611e-07 9.99012e-07 1.00012e-06 9.99848e-07 9.99724e-07 1.00003e-06 1e-06 9.99878e-07 1.00004e-06 9.99676e-07 9.87006e-07 9.99386e-07 1.02207e-06 9.18179e-07 9.88923e-07 1.01755e-06 9.19359e-07 9.81618e-07 1.01292e-06 9.22498e-07 9.78605e-07 1.00797e-06 9.87933e-07 9.81836e-07 1.0029e-06 1.00092e-06 9.85208e-07 9.99375e-07 1.00628e-06 1.00009e-06 1.00038e-06 1.00281e-06 1.00008e-06 1.00023e-06 1.00185e-06 1.00008e-06 1.00014e-06 1.00143e-06 1.00005e-06 1.0001e-06 1.00103e-06 1.00004e-06 1.00007e-06 1.00073e-06 9.99948e-07 1.00007e-06 1.00122e-06 9.99947e-07 1.00007e-06 1.00089e-06 9.99947e-07 1.00007e-06 1.00073e-06 9.99946e-07 1.00005e-06 1.00051e-06
9.99659e-07 9.99925e-07 9.99612e-07 9.99907e-07 9.99499e-07 9.99892e-07 9.99577e-07 9.99878e-07 9.99499e-07 9.99846e-07 9.99451e-07 9.9976e-07 9.99367e-07 9.99773e-07 9.99295e-07 9.99773e-07 9.9931e-07 9.99757e-07 9.99261e-07 9.99788e-07 9.99231e-07 9.99813e-07 9.99395e-07 9.99997e-07 9.99431e-07 1.0003e-06 9.99822e-07 1.00027e-06 9.99563e-07 9.99222e-07 9.99879e-07 9.99689e-07 1.00004e-06 9.99983e-07 9.99995e-07 9.99991e-07 9.99839e-07 1e-06 9.99338e-07 9.98076e-07 9.9793e-07 1.01323e-06 1.02144e-06 9.21237e-07 9.88064e-07 1.01875e-06 9.13284e-07 9.7736e-07 1.01487e-06 9.9808e-07 9.70932e-07 1.01093e-06 1.00141e-06 9.66372e-07 1.00658e-06 1.00459e-06 9.61885e-07 1.00161e-06 1.01721e-06 9.41585e-07 1.00667e-06 1.01579e-06 9.40885e-07 1.00285e-06 1.01406e-06 9.42213e-07 1.00045e-06 1.01243e-06 9.4198e-07 9.97463e-07
1.00007e-06 9.99905e-07 1.00006e-06 9.99793e-07 9.99987e-07 9.99708e-07 9.99934e-07 9.99627e-07 9.99898e-07 9.99577e-07 9.99992e-07 1.00004e-06 9.99981e-07 1.00011e-06 9.99921e-07 1.00005e-06 9.99773e-07 9.99946e-07 9.9963e-07 9.99872e-07 9.99417e-07 9.99741e-07 9.99344e-07 9.99946e-07 1.00002e-06 9.99957e-07 1.00013e-06 9.99807e-07 9.99978e-07 9.99436e-07 9.99801e-07 9.99029e-07 9.99666e-07 9.98873e-07 9.99473e-07 1.00017e-06 9.99804e-07 1e-06 9.99371e-07 9.99555e-07 9.98119e-07 9.99609e-07 1.00043e-06 9.99224e-07 1.00024e-06 9.997e-07 9.99987e-07 9.99211e-07 9.99891e-07 9.99008e-07 9.99707e-07 1.00014e-06 9.99916e-07 1.00009e-06 9.99723e-07 9.9995e-07 9.99652e-07 9.99907e-07 1.00006e-06 9.99971e-07 1.00001e-06 9.99973e-07 9.99995e-07 9.99994e-07 1e-06 9.99994e-07 9.99993e-07 9.99987e-07 9.99925e-07 9.99893e-07
1.00006e-06 9.99916e-07 1.00002e-06 9.99817e-07 9.99982e-07 1.00003e-06 9.99934e-07 1.00004e-06 9.99878e-07 1.00003e-06 9.99804e-07 9.99981e-07 9.99715e-07 9.9994e-07 1.00012e-06 9.99821e-07 9.99996e-07 9.99676e-07 9.99946e-07 9.99584e-07 1.00001e-06 1.0001e-06 9.99784e-07 9.99994e-07 9.99597e-07 9.99911e-07 9.99453e-07 9.99966e-07 1.00009e-06 9.99808e-07 9.99909e-07 9.99496e-07 9.99772e-07 1.00015e-06 9.99833e-07 9.99979e-07 9.99531e-07 9.99746e-07 1.0001e-06 9.99906e-07 1.00002e-06 9.99487e-07 9.99759e-07 1.0002e-06 9.99848e-07 9.99879e-07 9.99207e-07 9.99742e-07 1.00016e-06 9.9979e-07 9.99817e-07 9.99096e-07 9.99966e-07 1.00012e-06 9.99448e-07 9.99782e-07 1.00005e-06 9.99804e-07 9.99885e-07 9.99102e-07 9.99991e-07 1e-06 9.99269e-07 9.99698e-07 1.00015e-06 9.99577e-07 9.99808e-07 9.98636e-07 9.99835e-07 9.99753e-07
1.00001e-06 9.99965e-07 1.00004e-06 9.99922e-07 1.00001e-06 1.00002e-06 9.99964e-07 1.00004e-06 9.99892e-07 9.99998e-07 9.99821e-07 9.99974e-07 1.00004e-06 9.99889e-07 1.00001e-06 9.99771e-07 9.99944e-07 1.00008e-06 9.99877e-07 1.00003e-06 9.99775e-07 9.99957e-07 1.00009e-06 9.9985e-07 1e-06 9.997e-07 9.99957e-07 1.00003e-06 9.99846e-07 1.00001e-06 9.99667e-07 1.00001e-06 1.00007e-06 9.99786e-07 9.99972e-07 9.99568e-07 9.99998e-07 1.00006e-06 9.99674e-07 9.99934e-07 1.00005e-06 9.99945e-07 9.99968e-07 9.99552e-07 9.99998e-07 1.00007e-06 9.99832e-07 9.99908e-07 1.00004e-06 9.99942e-07 9.99962e-07 9.99476e-07 9.99988e-07 1.00008e-06 9.99706e-07 9.99875e-07 1.00009e-06 9.99802e-07 9.99919e-07 1.00008e-06 9.99909e-07 9.99959e-07 9.99494e-07 9.99935e-07 9.99995e-07 9.99581e-07 9.99979e-07 1.00006e-06 9.99674e-07 9.99992e-07
9.99927e-07 1.00001e-06 1.00002e-06 9.99979e-07 1.00002e-06 9.99896e-07 9.99993e-07 1.00001e-06 9.99952e-07 1.00002e-06 9.99883e-07 9.99988e-07 1.00002e-06 9.9993e-07 1.00002e-06 9.99963e-07 9.9998e-07 1.00005e-06 9.99906e-07 1.00001e-06 9.99988e-07 9.99946e-07 1.00003e-06 9.99823e-07 9.99985e-07 1.00004e-06 9.99908e-07 1.00002e-06 9.9975e-07 9.99955e-07 1.00006e-06 9.99845e-07 9.9997e-07 1.00005e-06 9.999e-07 1.00002e-06 9.9973e-07 9.99928e-07 1.00006e-06 9.99763e-07 9.99979e-07 1.00008e-06 9.9986e-07 9.99994e-07 9.99637e-07 9.99883e-07 1.00002e-06 9.99664e-07 9.99928e-07 1.00007e-06 9.99739e-07 9.9994e-07 1.00008e-06 9.99766e-07 9.99943e-07 1.00007e-06 9.99806e-07 9.99953e-07 1.00003e-06 9.99847e-07 9.99962e-07 9.99562e-07 9.9987e-07 1.00002e-06 9.99626e-07 9.99906e-07 1.00003e-06 9.99638e-07 9.99909e-07 1.00004e-06
1e-06 1.00003e-06 9.99967e-07 1.00002e-06 1.00001e-06 9.99987e-07 1.00002e-06 9.99973e-07 1e-06 1.00003e-06 9.9995e-07 1.00002e-06 9.99991e-07 9.99985e-07 1.00003e-06 9.99929e-07 1.00001e-06 1.00002e-06 9.99946e-07 1.00001e-06 9.99965e-07 9.99981e-07 1.00003e-06 9.99904e-07 9.99998e-07 1.00003e-06 9.99931e-07 1.00002e-06 9.99974e-07 9.99959e-07 1.00003e-06 9.99828e-07 9.99988e-07 1.00006e-06 9.99887e-07 1e-06 1.00001e-06 9.99921e-07 1e-06 9.99986e-07 9.99924e-07 1.00004e-06 9.99808e-07 9.99965e-07 1.00006e-06 9.99815e-07 9.99982e-07 1.00004e-06 9.99841e-07 9.99975e-07 1.00002e-06 9.99858e-07 9.99976e-07 1.00001e-06 9.99863e-07 9.99986e-07 9.99996e-07 9.99894e-07 1e-06 9.9971e-07 9.99905e-07 1.00002e-06 9.99734e-07 9.9992e-07 1.00002e-06 9.99724e-07 9.99929e-07 1.00003e-06 9.99736e-07 9.99939e-07
1.00002e-06 9.99964e-07 1.00002e-06 1.00001e-06 9.99972e-07 1.00002e-06 1e-06 1.00001e-06 1.00002e-06 9.99945e-07 1.00001e-06 1.00003e-06 9.99958e-07 1.00002e-06 9.99997e-07 9.99994e-07 1.00002e-06 9.99981e-07 1e-06 1.00003e-06 9.99936e-07 1.00001e-06 1.00002e-06 9.99969e-07 1.00002e-06 9.99975e-07 9.99974e-07 1.00003e-06 9.99898e-07 9.99988e-07 1.00004e-06 9.99912e-07 1.00001e-06 1.00002e-06 9.99937e-07 1.00002e-06 1.00001e-06 9.99959e-07 1.00002e-06 9.99978e-07 9.99954e-07 1.00003e-06 9.99842e-07 9.99971e-07 1.00003e-06 9.99857e-07 9.99997e-07 1.00003e-06 9.99856e-07 9.99993e-07 1.00003e-06 9.99872e-07 9.99985e-07 1.00004e-06 9.9989e-07 9.99999e-07 1.00002e-06 9.99901e-07 1e-06 1.00002e-06 9.99906e-07 1e-06 1.00003e-06 9.99905e-07 1.00001e-06 1e-06 9.99906e-07 1e-06 1e-06 9.99924e-07
9.99972e-07 1.00002e-06 1e-06 9.99992e-07 1.00002e-06 1e-06 1e-06 1.00002e-06 9.99977e-07 1.00001e-06 1.00002e-06 9.9997e-07 1.00002e-06 1.00001e-06 9.99978e-07 1.00002e-06 9.99999e-07 9.99995e-07 1.00002e-06 9.99974e-07 1.00001e-06 1.00003e-06 9.99955e-07 1.00002e-06 1.00002e-06 9.99962e-07 1.00002e-06 1.00001e-06 9.99973e-07 1.00002e-06 9.99997e-07 9.99989e-07 1.00002e-06 9.99974e-07 9.99992e-07 1.00003e-06 9.99909e-07 1e-06 1.00003e-06 9.9991e-07 1e-06 1.00003e-06 9.9993e-07 1.00001e-06 1e-06 9.9994e-07 1.00001e-06 1.00001e-06 9.99935e-07 1.00001e-06 1e-06 9.99954e-07 1.00001e-06 9.99984e-07 9.99948e-07 1.00001e-06 9.99997e-07 9.99964e-07 1.00002e-06 1e-06 9.99955e-07 1.00002e-06 9.99982e-07 9.99951e-07 1.00002e-06 9.99987e-07 9.99955e-07 1.00002e-06 9.99982e-07 9.9996e-07
1.00002e-06 9.99999e-07 1.00001e-06 1.00002e-06 9.99988e-07 1.00002e-06 1.00003e-06 9.99976e-07 1.00002e-06 1.00001e-06 9.99985e-07 1.00002e-06 1.00001e-06 1e-06 1.00002e-06 9.99993e-07 1e-06 1.00002e-06 9.99978e-07 1.00001e-06 1.00002e-06 9.9996e-07 1.00002e-06 1.00002e-06 9.99963e-07 1.00002e-06 1.00001e-06 9.99981e-07 1.00002e-06 1.00001e-06 9.99983e-07 1.00002e-06 9.99999e-07 9.9998e-07 1.00002e-06 9.99984e-07 9.99993e-07 1.00002e-06 9.9999e-07 1e-06 1.00002e-06 9.9997e-07 9.99998e-07 1.00002e-06 9.99943e-07 1e-06 1.00002e-06 9.99925e-07 1e-06 1.00002e-06 9.99919e-07 1.00002e-06 1.00003e-06 9.99934e-07 1.00001e-06 1.00002e-06 9.99928e-07 1.00001e-06 1.00001e-06 9.99932e-07 1.00001e-06 1.00002e-06 9.99925e-07 1.00001e-06 1.00002e-06 9.99927e-07 1.00001e-06 1.00002e-06 9.99912e-07 1.00001e-06
9.99989e-07 1.00003e-06 1.00002e-06 1e-06 1.00002e-06 1.00001e-06 9.99999e-07 1.00002e-06 9.99999e-07 1.00001e-06 1.00002e-06 1.00001e-06 1.00002e-06 1.00002e-06 9.99988e-07 1.00002e-06 1.00002e-06 9.99968e-07 1.00002e-06 1.00002e-06 9.99983e-07 1.00002e-06 1.00001e-06 9.99991e-07 1.00002e-06 1.00001e-06 9.99987e-07 1.00002e-06 9.99996e-07 9.99996e-07 1.00002e-06 9.99994e-07 9.99991e-07 1.00002e-06 9.99983e-07 9.99992e-07 1.00002e-06 9.99986e-07 1e-06 1.00002e-06 9.99972e-07 1.00001e-06 1.00002e-06 9.99969e-07 1.00001e-06 1.00002e-06 9.99967e-07 1.00001e-06 1.00002e-06 9.99948e-07 1.00001e-06 1.00002e-06 9.99961e-07 1.00001e-06 1.00002e-06 9.9995e-07 1.00001e-06 1.00002e-06 9.99946e-07 1.00001e-06 1.00002e-06 9.99954e-07 1.00001e-06 1.00003e-06 9.99952e-07 1.00001e-06 1.00003e-06 9.99955e-07 1.00001e-06 1.00002e-06
1.00001e-06 1.00001e-06 1.00002e-06 1.00002e-06 9.99997e-07 1.00002e-06 1.00001e-06 9.99968e-07 1.00002e-06 1.00002e-06 9.99998e-07 1.00002e-06 1.00001e-06 9.99999e-07 1.00002e-06 1e-06 1e-06 1.00002e-06 1.00001e-06 1.00001e-06 1.00002e-06 9.99993e-07 1.00001e-06 1.00002e-06 9.9999e-07 1.00002e-06 1.00002e-06 9.99978e-07 1.00002e-06 1.00002e-06 9.99983e-07 1.00001e-06 1.00002e-06 9.99975e-07 1.00002e-06 1.00002e-06 9.99963e-07 1.00001e-06 1.00002e-06 9.99959e-07 1.00002e-06 1.00001e-06 9.99959e-07 1.00002e-06 1.00002e-06 9.99966e-07 1.00002e-06 1.00001e-06 9.99951e-07 1.00002e-06 1.00002e-06 9.99957e-07 1.00002e-06 1.00002e-06 9.9997e-07 1.00002e-06 1.00001e-06 9.99961e-07 1.00002e-06 1.00002e-06 9.99953e-07 1.00002e-06 1.00002e-06 9.99952e-07 1.00002e-06 1.00002e-06 9.99949e-07 1.00002e-06 1.00002e-06 9.99959e-07
1.05248e-06 7.76524e-07 9.78435e-07 1.00002e-06 1.00002e-06 1.00002e-06 1.00003e-06 1.00002e-06 9.86692e-07 1.00003e-06 1.00002e-06 9.95327e-07 1.00002e-06 1.00002e-06 9.998e-07 1.00002e-06 1.00001e-06 9.99965e-07 1.00003e-06 1.00001e-06 9.99995e-07 1.00002e-06 1.00001e-06 9.99986e-07 1.00002e-06 1e-06 9.99995e-07 1.00003e-06 1.00001e-06 1e-06 1.00002e-06 9.99994e-07 9.99996e-07 1.00002e-06 1.00001e-06 9.99998e-07 1.00002e-06 1.00001e-06 9.99998e-07 1.00002e-06 9.99931e-07 9.99991e-07 1.00002e-06 9.95969e-07 9.99997e-07 1.00002e-06 9.13855e-07 9.99997e-07 9.99027e-07 8.80199e-07 1.0006e-06 9.9228e-07 -9.48297e-07 1.0081e-06 9.90538e-07 -1.25425e-05 1.0294e-06 9.90388e-07 -2.38635e-05 1.07609e-06 8.93295e-07 -3.5083e-05 1.57705e-06 9.88417e-07 -6.13371e-05 4.27262e-06 1.40724e-06 -0.000114437 1.23065e-05 2.93858e-06
-0.000243431 2.12372e-05 -4.85123e-05 -0.000612058 4.93866e-05 -0.00010202 -0.000520617 4.11961e-05 -1.42065e-05 -0.000519723 2.77416e-05 -2.71704e-05 -0.00036696 2.13225e-05 -2.43265e-05 -0.000263977 1.13183e-05 -2.30564e-05 -0.00028247 1.06315e-05 -2.2307e-05 -0.000251498 7.12469e-06 -1.96538e-05 -0.00014686 3.41793e-06 -4.14285e-05 -0.00013624 3.11308e-06 -3.77624e-05 -0.000126939 2.33354e-06 -4.58443e-05 -0.000191226 3.58705e-06 -4.88853e-05 -0.000360985 6.98491e-06 -0.000104775 -0.000231802 1.16008e-05 -0.000211144 -0.000388122 5.04938e-05 -0.000161137 -0.000363919 7.59284e-05 -0.000194679 -9.67439e-05 0.000134728 0.00011643 -0.000289012 0.00020653 7.43487e-05 0.000157337 0.000285198 0.000102557 0.000172452 0.000472883 0.000662844 -0.000896857 0.000741561 0.0013546 -0.00222017 0.00126669 0.00171777 -0.00345294 0.00224998 0.000574636 -0.00409492
-0.0118853 -0.035402 0.00387271 -0.00090137 -0.0182497 0.00355809 0.00180654 -0.0064839 0.000402571 0.00323219 -0.00152384 0.000700011 0.00178732 -0.000377169 0.000802418 0.00117136 -0.000294226 0.00086229 0.00129093 -0.000773894 0.000745172 0.00101858 -0.00124789 0.000647847 0.00062405 0.0012322 0.000865838 0.000570227 -0.000150341 0.00081463 0.000426491 -0.000699899 0.00102429 0.00083236 -0.00236717 0.00120964 0.00180779 -0.0051744 0.00236837 -0.000203729 -0.00714456 0.00454854 -0.000845786 -0.0109331 0.00401242 -0.00193765 -0.0103183 0.00433835 -0.000684305 -0.0072733 0.00519257 0.00429258 -0.00589238 0.0101666 0.00922378 -0.00216396 0.0163333 0.0137974 0.00120124 0.0215446 0.0186952 0.00590165 0.0275656 0.0237904 0.011162 0.0344065 0.030502 0.0199029 0.0423395 0.0393814
0.321891 0.238431 0.126064 0.13527 0.0803604 0.0141092 0.0580399 0.0225587 -0.0128875 0.0236731 0.00794787 -0.0181439 0.0201222 0.00509336 -0.0193975 0.0152074 0.0023573 -0.0194207 0.0146941 0.00255852 -0.0164242 0.0164079 0.0049876 -0.0172881 0.0182756 0.00675584 -0.0159309 0.0197606 0.0113772 -0.0125988 0.0228284 0.0150893 -0.013151 0.0264176 0.0180177 -0.00931089 0.0359713 0.0259495 0.00421718 0.0499487 0.0396212 0.0215059 0.0673201 0.0623586 0.0432004 0.0928707 0.0920662 0.0754291 0.125865 0.125607 0.110517 0.158649 0.159118 0.144852 0.190382 0.192405 0.17655 0.225416 0.230648 0.212653 0.262348 0.270952 0.261749 0.306289 0.317641 0.316649 0.353237 0.365064 0.372063 0.399174
1.41838 1.31901 1.23674 1.08504 0.978694 0.864474 0.751507 0.674072 0.561863 0.516844 0.44962 0.377534 0.382802 0.357702 0.313502 0.263775 0.327159 0.28975 0.242206 0.31118 0.278522 0.228555 0.310065 0.302508 0.305418 0.331754 0.319686 0.294277 0.333836 0.323891 0.299125 0.352329 0.356682 0.352789 0.400717 0.413022 0.425502 0.462954 0.472551 0.518424 0.543515 0.560105 0.623578 0.63445 0.662166 0.742339 0.725318 0.74682 0.80476 0.801018 0.837169 0.890103 0.887486 0.924622 1.00235 0.981519 1.05059 1.12511 1.09114 1.17101 1.23782 1.20831 1.26529 1.32483 1.30778 1.3492 1.42163 1.38157 1.41489 1.48537
2.39238 2.3687 2.33472 2.2921 2.26269 2.23938 2.15931 2.04018 2.03785 1.98772 1.81964 1.82813 1.80286 1.60975 1.68166 1.6851 1.5222 1.58181 1.58405 1.4558 1.52014 1.52442 1.40396 1.39704 1.34112 1.35023 1.3478 1.35362 1.38507 1.41867 1.43626 1.48096 1.5048 1.51694 1.566 1.58605 1.59772 1.65796 1.69596 1.69292 1.85784 1.7766 1.77961 1.92666 1.8526 1.84697 2.04045 1.99212 2.03327 2.14913 2.12917 2.16284 2.23382 2.23364 2.23503 2.28358 2.30026 2.29187 2.31631 2.31547 2.29591 2.34059 2.34401 2.31978 2.36485 2.38246 2.34876 2.39106 2.37091 2.32751
2.998 3.04335 3.02841 3.02487 3.11154 3.02407 3.02222 3.0874 2.97901 2.94694 2.94959 2.90716 2.84305 2.83124 2.75475 2.72404 2.78865 2.65805 2.67622 2.81023 2.68397 2.73583 2.80977 2.85812 2.9767 2.97309 2.99937 3.05871 3.05348 3.05871 3.10254 3.10054 3.10532 3.13392 3.1339 3.15136 3.1741 3.16528 3.16949 3.20649 3.17985 3.19898 3.20947 3.19623 3.22425 3.22468 3.21398 3.17311 3.13385 3.07204 3.12261 3.07088 3.0224 3.05653 3.05554 3.02999 3.03609 3.03644 3.01134 3.09796 3.04383 3.01884 3.10243 3.05396 3.02199 3.10244 3.05705 3.02611 3.10345 3.08856
3.6607 3.62201 3.64006 3.65231 3.68813 3.7138 3.71961 3.72397 3.77049 3.80954 3.79693 3.83734 3.8842 3.91046 3.94423 3.98888 3.97828 4.02999 4.05108 4.06002 4.04262 4.04144 4.00153 4.05158 3.945 3.96166 4.00813 3.95415 3.96413 4.01815 3.96556 3.96558 4.02675 3.9765 3.9615 4.05458 3.97164 3.98041 4.04925 3.93291 3.94716 3.99528 3.90109 3.87945 3.93791 3.85665 3.81379 3.85111 3.83569 3.82516 3.83353 3.79935 3.81446 3.79761 3.78328 3.76513 3.75629 3.74697 3.72525 3.7191 3.71679 3.6801 3.67139 3.66896 3.63696 3.64045 3.63744 3.60545 3.59656 3.59522
4.17831 4.21462 4.24351 4.27378 4.33159 4.34373 4.37596 4.43692 4.46194 4.48095 4.51748 4.60814 4.62191 4.63818 4.71699 4.70387 4.70978 4.77465 4.73676 4.75102 4.89493 4.78584 4.78303 4.88939 4.82964 4.78671 4.8474 4.80446 4.7498 4.81481 4.765 4.72212 4.76635 4.70163 4.66752 4.70637 4.62925 4.58595 4.62333 4.56705 4.49448 4.50608 4.4937 4.44225 4.42859 4.42178 4.37425 4.3793 4.35428 4.304 4.30917 4.28067 4.21012 4.16444 4.16084 4.11172 4.07542 4.07753 4.0372 3.99906 4.00275 3.96099 3.92833 3.96095 3.89017 3.85671 3.89168 3.83045 3.80125 3.83705
4.47896 4.55267 4.6099 4.64772 4.68308 4.74434 4.77696 4.80856 4.90662 4.92683 4.93998 4.98689 5.0081 5.01144 5.10982 5.07639 5.08591 5.14896 5.12517 5.12345 5.16878 5.16147 5.12704 5.21773 5.18108 5.13467 5.229 5.16248 5.12082 5.18617 5.10951 5.06312 5.08892 5.03712 4.9768 5.00369 4.95061 4.85459 4.90558 4.84724 4.79443 4.74931 4.72519 4.68197 4.62246 4.62296 4.56796 4.51268 4.50941 4.46053 4.39326 4.38371 4.36074 4.29279 4.29324 4.26011 4.19545 4.21422 4.16406 4.10337 4.11592 4.06983 4.01912 4.0299 3.989 3.93505 3.93928 3.90309 3.85813 3.86023
4.62743 4.64481 4.72951 4.79176 4.79236 4.8871 4.95829 4.97005 4.9836 5.01148 5.02467 5.07318 5.08693 5.08414 5.15937 5.1486 5.15181 5.22711 5.24404 5.2304 5.29819 5.27029 5.2117 5.2809 5.24745 5.23281 5.27882 5.22443 5.17301 5.22909 5.17758 5.11257 5.17846 5.11308 5.05344 5.08088 5.0094 4.95616 4.96525 4.90071 4.86247 4.79949 4.77865 4.74577 4.67923 4.65127 4.61387 4.54403 4.51374 4.47991 4.40435 4.37371 4.36291 4.32439 4.30838 4.27942 4.24155 4.21368 4.18246 4.12943 4.11539 4.09037 4.04812 4.03397 4.00777 3.96 3.94627 3.92793 3.87312 3.9021
4.4727 4.54077 4.60904 4.65504 4.70022 4.7535 4.78989 4.81181 4.90618 4.92636 4.93657 4.98675 5.02513 5.02608 5.12673 5.08921 5.09586 5.15901 5.13104 5.11471 5.16415 5.15238 5.11285 5.20504 5.1762 5.12992 5.22427 5.15286 5.11788 5.16921 5.11535 5.06013 5.09831 5.04443 4.98113 5.01987 4.94684 4.85071 4.89647 4.83661 4.78857 4.74269 4.72162 4.67594 4.61381 4.61737 4.56053 4.50508 4.4932 4.44637 4.38794 4.38329 4.36412 4.29389 4.28983 4.26009 4.19415 4.2158 4.16158 4.09719 4.11609 4.07228 4.02108 4.03188 3.98239 3.92787 3.9416 3.91275 3.8637 3.85938
4.17803 4.22509 4.26075 4.28659 4.35337 4.37266 4.39636 4.47057 4.49393 4.50371 4.53682 4.61573 4.60789 4.62482 4.70583 4.69857 4.70371 4.77456 4.73271 4.75671 4.89343 4.78651 4.78378 4.87626 4.80244 4.75517 4.82042 4.7912 4.75525 4.79895 4.73597 4.70406 4.73213 4.6747 4.63781 4.67595 4.61086 4.57831 4.60587 4.55701 4.48918 4.49908 4.49005 4.43405 4.40688 4.40652 4.36394 4.36879 4.34446 4.29715 4.30866 4.27514 4.2126 4.17653 4.16587 4.1093 4.07115 4.07507 4.03807 4.00716 4.00102 3.95743 3.92602 3.95363 3.89399 3.85993 3.88773 3.83146 3.80294 3.83402
3.70536 3.65021 3.69137 3.68263 3.7209 3.73845 3.73797 3.76231 3.78975 3.8349 3.82116 3.84733 3.90435 3.89363 3.93401 3.96329 3.97215 4.01459 4.03662 4.0624 4.04221 4.0429 4.00475 4.06519 3.94621 3.97307 4.00392 3.91988 3.92795 3.99071 3.95258 3.94919 4.00009 3.94072 3.95333 4.03109 3.94106 3.94319 4.02316 3.91074 3.91911 3.9741 3.88366 3.85355 3.92163 3.84657 3.80518 3.83986 3.83152 3.8194 3.81968 3.78288 3.8116 3.79144 3.77971 3.771 3.75807 3.74435 3.7244 3.71018 3.70986 3.67958 3.66727 3.6692 3.6438 3.63689 3.64194 3.60817 3.59995 3.59964
3.01313 3.05606 3.03064 3.04291 3.08586 3.00098 3.00786 3.05099 2.96151 2.9175 2.94074 2.88868 2.84467 2.86777 2.78205 2.7566 2.79906 2.68034 2.6809 2.81528 2.69327 2.73735 2.81838 2.87479 2.98809 2.98062 3.00417 3.06476 3.05915 3.06529 3.10706 3.10736 3.10938 3.14525 3.13176 3.1557 3.17535 3.17049 3.17308 3.20775 3.18053 3.19919 3.21654 3.19598 3.23302 3.23598 3.22323 3.17097 3.14401 3.07951 3.13224 3.07518 3.03467 3.0572 3.04636 3.01525 3.04321 3.05066 3.0171 3.10496 3.05467 3.02611 3.11806 3.06973 3.0357 3.13157 3.08504 3.04951 3.12927 3.11614
