data/CoulombOnly/Outputs_CoulombOnly/release1HS_null_03CoulombOnly_faSavageHutterFoamGamma_pfv.asc
ncols 1001
nrows 301
xllcenter 1000
yllcenter -5000
cellsize 5
NODATA_value -9999
[rows 116 to 144 of 301, columns 715 to 779 of 1001]
1.24708e-26 1.73512e-26 1.70717e-26 1.20725e-26 1.24708e-26 1.7351e-26 1.73504e-26 1.24739e-26 1.24709e-26 1.75388e-26 1.70715e-26 1.20725e-26 1.22708e-26 1.76926e-26 1.55021e-26 1.44493e-26 1.31967e-26 1.71639e-26 1.68841e-26 1.20725e-26 1.18715e-26 1.73516e-26 1.70725e-26 1.13247e-26 1.18715e-26 1.73513e-26 1.70715e-26 1.20725e-26 1.18711e-26 1.73081e-26 1.71246e-26 8.63054e-27 8.74915e-27 1.79369e-26 1.82096e-26 9.49788e-27 7.3976e-27 1.81251e-26 1.75378e-26 1.59673e-26 1.25335e-26 1.35638e-26 1.71622e-26 1.22051e-26 1.18714e-26 1.73522e-26 1.73014e-26 1.23081e-26 1.48671e-26 1.47433e-26 1.79343e-26 9.28997e-27 6.81727e-28 1.9842e-26 1.30123e-26 1.08792e-26 1.17388e-26 1.70702e-26 1.68841e-26 1.22703e-26 1.22733e-26 1.66771e-26 1.62248e-26 1.22031e-26 1.24709e-26
1.23355e-26 1.2403e-26 1.22689e-26 1.2273e-26 1.23358e-26 1.7258e-26 1.72565e-26 1.21358e-26 1.23356e-26 1.2269e-26 1.24015e-26 1.2273e-26 1.20066e-26 1.19158e-26 1.45479e-26 1.32864e-26 1.227e-26 1.22704e-26 1.21363e-26 1.22729e-26 1.22686e-26 1.23351e-26 1.24015e-26 1.22729e-26 1.22686e-26 1.21407e-26 1.24015e-26 1.22731e-26 1.68455e-26 1.50535e-26 1.31437e-26 1.37511e-26 9.09087e-27 1.53122e-26 1.59404e-26 6.55307e-27 1.06198e-26 1.69839e-26 1.18697e-26 1.22711e-26 1.46719e-26 1.30304e-26 1.23351e-26 1.23355e-26 1.22686e-26 1.21407e-26 1.2335e-26 1.22061e-26 1.31991e-26 1.32132e-26 1.25388e-26 9.94964e-27 6.66217e-27 1.32982e-26 1.49879e-26 1.22699e-26 1.2136e-26 1.21363e-26 1.21362e-26 1.15432e-26 1.69841e-26 1.39445e-26 1.03348e-26 1.2534e-26 1.23356e-26
1.91522e-26 1.92099e-26 1.92911e-26 1.92099e-26 1.91523e-26 1.92946e-26 1.92558e-26 1.92909e-26 1.91521e-26 1.9335e-26 1.92911e-26 1.92099e-26 1.90382e-26 1.34355e-26 1.29367e-26 1.91651e-26 1.94196e-26 1.92066e-26 1.92911e-26 1.92099e-26 1.92911e-26 1.90384e-26 1.92911e-26 1.92099e-26 1.92912e-26 1.92943e-26 1.92913e-26 2.06791e-26 1.21674e-26 1.54606e-26 1.28222e-26 2.47948e-26 2.21481e-26 1.07871e-26 1.18107e-26 1.67075e-26 1.6138e-26 2.38699e-26 1.91491e-26 1.92943e-26 1.92913e-26 1.9291e-26 1.92911e-26 1.90813e-26 1.92912e-26 1.92943e-26 1.92913e-26 1.92483e-26 1.92912e-26 1.92098e-26 1.94984e-26 1.86269e-26 1.63771e-26 1.05174e-26 1.97735e-26 1.92066e-26 1.92911e-26 1.9291e-26 1.9291e-26 1.54294e-26 1.04232e-26 1.46762e-26 1.91967e-26 1.92066e-26 1.91521e-26
1.40223e-26 1.38541e-26 1.40228e-26 1.38538e-26 1.40229e-26 1.3854e-26 1.41472e-26 1.3854e-26 1.40228e-26 1.39368e-26 1.40223e-26 1.3854e-26 1.40218e-26 1.56937e-26 1.88662e-26 1.38537e-26 1.40229e-26 1.38858e-26 1.4023e-26 1.3854e-26 1.40229e-26 1.39376e-26 1.40229e-26 1.38538e-26 1.40231e-26 1.39375e-26 1.40229e-26 1.51919e-26 1.98076e-26 1.15422e-26 2.03532e-26 2.20828e-26 2.22249e-26 1.71806e-26 1.82588e-26 1.9679e-26 2.38335e-26 1.89475e-26 1.63e-26 1.39375e-26 1.40228e-26 1.39375e-26 1.40229e-26 1.38538e-26 1.40231e-26 1.39375e-26 1.40573e-26 1.3854e-26 1.40229e-26 1.3854e-26 1.4062e-26 1.277e-26 2.35414e-26 2.18506e-26 1.55191e-26 1.38539e-26 1.40231e-26 1.38539e-26 1.40234e-26 2.28425e-26 1.43783e-26 2.65366e-26 1.55201e-26 1.38857e-26 1.40231e-26
4.75497e-28 5.47715e-28 5.93898e-28 6.63828e-28 5.94008e-28 5.93965e-28 7.33201e-28 4.69744e-28 4.6937e-28 1.29411e-26 9.93975e-27 4.67667e-28 1.01291e-26 1.04094e-26 1.01277e-26 4.66916e-28 4.69653e-28 4.78888e-28 5.94018e-28 5.93954e-28 6.63835e-28 5.47634e-28 5.93949e-28 6.63757e-28 3.75939e-28 4.69768e-28 4.69659e-28 5.96525e-28 1.47474e-26 1.66044e-26 1.41526e-26 1.23859e-26 1.831e-26 2.31156e-26 2.49565e-26 1.61037e-26 1.66106e-26 1.23798e-26 5.70653e-28 3.75962e-28 5.94027e-28 8.07417e-28 5.93996e-28 6.63757e-28 3.75945e-28 5.94027e-28 7.332e-28 5.47567e-28 4.69995e-28 5.47566e-28 5.72488e-28 1.91952e-26 2.12556e-26 2.33767e-26 1.3503e-26 4.68922e-28 3.87535e-28 3.75945e-28 5.94916e-28 1.94698e-26 1.84703e-26 2.39484e-26 1.23773e-26 5.93215e-28 5.71915e-28
1.42534e-26 6.6014e-28 7.56094e-28 6.29261e-28 7.50303e-28 7.32538e-28 8.64721e-28 7.32459e-28 1.83043e-26 1.80135e-26 1.93088e-26 6.43482e-27 2.29627e-26 1.94929e-26 1.92316e-26 1.04999e-26 8.06159e-28 6.28994e-28 7.50303e-28 7.32525e-28 6.29224e-28 6.63198e-28 7.56094e-28 6.29326e-28 5.70461e-28 7.31976e-28 8.06464e-28 9.84708e-27 8.62869e-28 6.30033e-28 7.56847e-28 8.65364e-28 7.60473e-28 2.42107e-26 1.60054e-26 2.21957e-26 2.15085e-26 1.42541e-26 6.26089e-28 5.46799e-28 7.56114e-28 8.64734e-28 7.56084e-28 6.29326e-28 5.70461e-28 7.32548e-28 8.64828e-28 6.29146e-28 6.82913e-28 6.29252e-28 6.83749e-28 1.78868e-26 1.98748e-26 1.82943e-26 1.26619e-26 7.31736e-28 7.73352e-28 3.86766e-28 9.57277e-28 1.77568e-26 1.65062e-26 1.79078e-26 6.82504e-28 7.32437e-28 7.32477e-28
2.3354e-26 9.84274e-27 8.8422e-28 7.325e-28 4.78398e-28 7.32462e-28 8.89736e-28 1.83042e-26 1.78477e-26 1.91519e-26 1.85023e-26 1.05287e-26 2.10306e-26 1.83926e-26 2.00106e-26 1.40647e-26 7.55514e-28 5.46896e-28 4.78408e-28 7.32462e-28 8.8475e-28 4.78326e-28 8.8478e-28 7.32469e-28 7.7313e-28 1.01288e-26 1.40313e-26 1.29798e-26 9.75031e-27 6.56118e-28 8.8483e-28 7.1435e-28 8.84827e-28 7.1882e-28 2.10525e-26 1.77676e-26 1.28922e-26 2.36159e-26 9.84319e-27 5.92825e-28 8.84834e-28 7.1435e-28 8.84828e-28 7.32469e-28 7.73376e-28 7.32472e-28 8.89601e-28 5.93171e-28 6.56507e-28 6.63127e-28 5.46674e-28 1.01321e-26 1.24762e-26 1.27591e-26 7.73378e-28 5.70615e-28 5.70487e-28 6.56753e-28 6.29386e-28 7.99708e-28 1.24794e-26 1.01283e-26 5.43995e-28 6.00144e-28 8.06872e-28
2.03059e-26 1.59936e-26 6.53368e-28 5.70469e-28 4.69184e-28 7.50699e-28 1.80406e-26 1.76073e-26 1.46269e-26 1.89231e-26 1.4031e-26 1.77958e-26 1.98033e-26 2.0034e-26 2.54679e-26 1.40656e-26 3.7457e-28 3.75337e-28 4.69201e-28 7.50422e-28 5.70373e-28 4.19528e-28 6.56632e-28 5.71288e-28 1.41484e-26 1.71571e-26 1.66976e-26 1.41511e-26 1.24717e-26 3.7449e-28 6.56581e-28 6.63161e-28 6.5655e-28 6.64359e-28 2.11075e-26 1.83546e-26 1.1245e-26 2.13525e-26 1.38769e-26 5.99762e-28 6.56553e-28 6.63161e-28 6.5656e-28 5.70537e-28 3.38257e-28 7.50361e-28 5.62767e-28 3.75148e-28 4.7831e-28 3.75953e-28 1.3971e-26 1.3167e-26 9.94544e-27 5.7067e-28 3.38161e-28 3.75194e-28 3.86245e-28 4.68483e-28 4.69184e-28 5.47381e-28 1.88349e-26 1.71573e-26 1.37901e-26 9.75001e-27 8.81885e-28
1.02853e-26 2.40145e-26 1.00303e-26 6.62533e-28 6.76933e-28 1.29472e-26 1.31866e-26 1.04468e-26 1.64275e-26 1.38619e-26 7.47804e-28 5.74519e-28 1.27606e-26 2.42759e-26 1.64277e-26 1.2379e-26 7.49498e-28 5.46872e-28 6.76275e-28 7.32618e-28 8.38885e-28 6.63192e-28 8.3871e-28 6.63556e-28 2.26123e-26 1.64609e-26 1.39753e-26 1.27574e-26 8.06765e-28 4.78213e-28 8.38718e-28 6.29158e-28 8.3871e-28 6.28799e-28 1.33924e-26 1.33434e-26 1.60264e-26 1.38912e-26 1.36886e-26 6.82159e-28 8.38707e-28 6.29148e-28 8.38711e-28 6.6307e-28 4.78298e-28 7.32596e-28 6.29201e-28 4.77692e-28 5.69978e-28 4.78844e-28 1.30619e-26 1.41818e-26 1.25664e-26 6.62009e-28 4.77733e-28 5.70102e-28 9.84616e-27 9.93739e-27 6.74044e-28 1.21943e-26 2.41794e-26 9.91042e-27 1.92582e-26 2.17465e-26 1.39897e-26
1.07456e-26 2.21738e-26 1.36891e-26 8.38062e-28 4.78217e-28 8.42851e-28 1.96996e-26 1.30812e-26 1.3277e-26 1.73809e-26 1.39237e-26 5.90351e-28 7.96469e-28 7.60158e-28 1.2571e-26 5.93309e-28 5.93123e-28 5.93175e-28 4.78231e-28 8.38787e-28 8.06628e-28 5.05177e-28 7.96526e-28 1.39119e-26 1.7779e-26 2.10988e-26 1.24725e-26 7.95862e-28 6.0057e-28 5.05037e-28 7.95872e-28 7.56089e-28 7.96114e-28 1.87678e-26 1.5203e-26 1.87631e-26 9.38935e-27 1.99613e-26 1.3503e-26 5.92577e-28 7.95867e-28 7.56089e-28 7.95863e-28 8.38711e-28 6.63136e-28 8.38819e-28 7.32245e-28 1.0033e-26 1.01255e-26 5.02185e-28 5.08615e-28 1.27613e-26 7.95577e-28 1.0033e-26 1.00344e-26 1.87675e-26 1.51813e-26 2.15514e-26 9.56433e-27 1.93814e-26 1.64523e-26 2.03669e-26 7.78614e-27 1.78544e-26 2.38813e-26
2.08263e-26 1.79445e-26 1.27542e-26 6.28516e-28 7.50351e-28 7.32555e-28 1.30412e-26 1.91624e-26 1.09479e-26 1.39453e-26 1.79418e-26 1.04078e-26 7.55785e-28 8.64718e-28 5.71177e-28 8.06712e-28 5.70528e-28 5.70366e-28 7.5033e-28 7.56108e-28 6.29211e-28 6.76254e-28 7.56935e-28 1.33693e-26 1.43588e-26 1.79067e-26 5.70239e-28 6.29161e-28 8.64795e-28 6.82805e-28 7.55794e-28 8.65445e-28 1.39445e-26 1.7515e-26 1.54471e-26 1.64296e-26 1.98149e-26 1.80853e-26 1.25707e-26 4.77582e-28 7.56312e-28 8.64728e-28 7.56278e-28 6.29238e-28 9.23712e-28 7.56826e-28 1.40068e-26 1.72624e-26 1.69165e-26 1.01268e-26 4.77677e-28 8.081e-28 1.38229e-26 1.71694e-26 1.78872e-26 2.0677e-26 9.45224e-27 1.4437e-26 1.40645e-26 1.94689e-26 1.83422e-26 1.06152e-26 2.0424e-26 1.01161e-26 1.28752e-26
1.27595e-26 1.27576e-26 7.95752e-28 7.95646e-28 5.70299e-28 1.28467e-26 1.35047e-26 9.85897e-27 1.88351e-26 1.41521e-26 1.83808e-26 1.39245e-26 7.92859e-28 7.55993e-28 5.93402e-28 5.9312e-28 5.93368e-28 6.56475e-28 5.70617e-28 7.95768e-28 8.06681e-28 4.19526e-28 7.95829e-28 7.99343e-28 1.25706e-26 5.93441e-28 5.9331e-28 7.95354e-28 6.62544e-28 4.68474e-28 1.0128e-26 7.5377e-28 1.3155e-26 1.43289e-26 1.30708e-26 1.72022e-26 1.76425e-26 1.23826e-26 6.76221e-28 6.56466e-28 7.95876e-28 7.56004e-28 7.95872e-28 7.95647e-28 5.93256e-28 7.96491e-28 1.32441e-26 1.68212e-26 1.71059e-26 1.25653e-26 5.04459e-28 5.93838e-28 1.28607e-26 1.73739e-26 1.58336e-26 1.67004e-26 1.50424e-26 1.82052e-26 1.36946e-26 1.78465e-26 1.58379e-26 1.82412e-26 1.05958e-26 6.76902e-27 6.76914e-27
5.04956e-28 6.76542e-28 7.55834e-28 6.29443e-28 1.83699e-26 1.29107e-26 1.22699e-26 1.47984e-26 1.26042e-26 1.87577e-26 1.41368e-26 1.30563e-26 1.01283e-26 6.62619e-28 5.7052e-28 5.70535e-28 5.70038e-28 4.68976e-28 7.5034e-28 7.56297e-28 6.29351e-28 6.76298e-28 7.55755e-28 6.28901e-28 9.23847e-28 4.77805e-28 5.70056e-28 9.84585e-27 1.01276e-26 1.67105e-26 1.66114e-26 1.40561e-26 9.84732e-27 1.26648e-26 1.00354e-26 1.67874e-26 9.93757e-27 5.98062e-28 8.64622e-28 9.237e-28 7.56281e-28 6.63139e-28 7.56293e-28 6.29373e-28 9.23703e-28 7.1439e-28 6.66772e-28 1.25726e-26 1.26641e-26 5.05029e-28 4.78249e-28 5.70519e-28 1.30373e-26 1.48202e-26 1.77022e-26 1.23821e-26 9.27735e-27 1.38884e-26 1.38771e-26 9.59294e-28 2.12248e-26 1.89254e-26 9.57282e-27 6.902e-27 6.70203e-27
1.36942e-26 9.37679e-27 9.37655e-27 1.58735e-26 1.71145e-26 1.74671e-26 1.43506e-26 1.09824e-26 1.72887e-26 1.4735e-26 1.66059e-26 1.40597e-26 7.14131e-28 7.95735e-28 6.63194e-28 5.93027e-28 9.75294e-27 5.90134e-28 5.93193e-28 6.76327e-28 1.01007e-27 5.92773e-28 9.75323e-27 9.65666e-27 9.75031e-27 9.75253e-27 1.8767e-26 2.30611e-26 2.12031e-26 1.8686e-26 1.03676e-26 2.14702e-26 2.15412e-26 1.39698e-26 2.30357e-26 2.12024e-26 2.16561e-26 1.4322e-26 6.73075e-28 5.92714e-28 7.1436e-28 7.95741e-28 7.14358e-28 9.65559e-28 6.63206e-28 6.76306e-28 8.06797e-28 6.63841e-28 6.63905e-28 6.5659e-28 6.63887e-28 1.29453e-26 1.79811e-26 1.68931e-26 1.50223e-26 7.71143e-27 2.02998e-26 1.80189e-26 1.9362e-26 1.3314e-26 2.26747e-26 1.77399e-26 9.57039e-27 9.74298e-27 9.71816e-27
1.81155e-26 2.01507e-26 1.92379e-26 1.92373e-26 1.18424e-26 1.22119e-26 1.29355e-26 1.49012e-26 1.99757e-26 1.26643e-26 4.78302e-28 4.78833e-28 5.93118e-28 6.82621e-28 4.78799e-28 1.22847e-26 1.65484e-26 1.41879e-26 3.83687e-28 5.93118e-28 6.29281e-28 1.73119e-26 2.05353e-26 1.7948e-26 1.81609e-26 1.778e-26 1.77508e-26 1.29545e-26 7.55041e-27 1.03174e-26 9.66862e-27 1.00377e-26 1.28756e-26 1.48896e-26 9.10468e-27 9.86384e-27 1.27436e-26 2.36162e-26 1.39228e-26 9.7565e-27 5.90433e-28 6.28998e-28 5.93177e-28 6.29006e-28 4.19614e-28 6.6312e-28 6.28993e-28 3.75228e-28 3.74637e-28 3.74766e-28 3.75454e-28 1.30414e-26 1.87995e-26 1.04053e-26 1.11489e-26 1.60147e-26 9.61859e-27 7.50773e-27 1.52392e-26 1.16159e-26 1.14857e-26 1.20187e-26 1.20242e-26 1.46479e-26 1.46908e-26
1.38102e-26 1.38986e-26 1.37037e-26 1.09855e-26 1.14836e-26 6.4848e-27 1.02076e-26 1.53541e-26 1.46306e-26 4.68814e-28 4.68929e-28 4.68263e-28 5.92697e-28 8.06181e-28 4.7e-28 1.91944e-26 1.25855e-26 2.38151e-26 9.94358e-27 5.93337e-28 1.29463e-26 1.4864e-26 1.05738e-26 1.1318e-26 1.1318e-26 1.1195e-26 1.11453e-26 1.25022e-26 1.23449e-26 1.27623e-26 9.49271e-27 9.82274e-27 1.16537e-26 1.20273e-26 1.3317e-26 1.3005e-26 6.76867e-27 1.28592e-26 1.97909e-26 2.15517e-26 9.93845e-27 8.06189e-28 5.93234e-28 7.50135e-28 3.75286e-28 5.93201e-28 7.32468e-28 3.75167e-28 1.31276e-26 9.75093e-27 1.01259e-26 4.70257e-28 2.20977e-26 8.96191e-27 9.38242e-27 9.26648e-27 1.25022e-26 1.2205e-26 9.17756e-27 6.67241e-27 6.57326e-27 4.69529e-28 3.984e-28 8.02321e-28 4.79047e-28
1.02087e-26 1.14573e-26 1.32514e-26 1.09562e-26 6.57257e-27 8.64032e-27 1.45373e-26 1.93311e-26 1.38774e-26 4.68193e-28 4.6892e-28 1.28465e-26 9.5627e-27 1.02209e-26 4.6702e-28 1.93984e-26 1.86469e-26 2.1369e-26 1.38808e-26 5.9312e-28 1.29478e-26 1.10683e-26 9.57702e-27 5.6372e-28 5.6372e-28 5.05635e-28 5.71167e-28 2.657e-28 1.01449e-26 1.20432e-26 1.21301e-26 1.46475e-26 1.46488e-26 1.01322e-26 1.0026e-26 1.11248e-26 6.54737e-27 9.57294e-27 1.01619e-26 2.1261e-26 1.38771e-26 8.05987e-28 5.93238e-28 6.63042e-28 3.75276e-28 5.93202e-28 7.33155e-28 1.28517e-26 1.83057e-26 1.67034e-26 1.74478e-26 1.28295e-26 1.9914e-26 1.09071e-26 9.93542e-27 9.98043e-27 6.76296e-27 5.71484e-28 5.71304e-28 5.93833e-28 5.05711e-28 4.78852e-28 5.71247e-28 7.51169e-28 5.71319e-28
1.41418e-26 1.31532e-26 1.07589e-26 1.144e-26 1.14157e-26 1.24084e-26 1.11943e-26 2.10206e-26 1.40635e-26 5.93219e-28 1.28523e-26 1.28809e-26 1.88641e-26 1.76455e-26 1.40593e-26 1.76789e-26 2.37837e-26 1.77917e-26 1.3877e-26 5.05339e-28 1.29487e-26 1.43675e-26 1.17227e-26 6.76032e-27 6.76032e-27 6.76297e-27 6.66715e-27 6.5752e-27 6.76032e-27 6.76032e-27 6.76303e-27 6.76297e-27 6.76297e-27 8.92144e-27 1.14162e-26 1.40616e-26 6.76876e-27 9.6674e-27 9.57222e-27 2.10203e-26 1.40634e-26 7.49544e-28 4.19716e-28 6.76281e-28 4.78333e-28 5.05399e-28 6.639e-28 1.28543e-26 1.89668e-26 1.11465e-26 9.48545e-27 1.65159e-26 1.05502e-26 1.1628e-26 3.75826e-28 3.76022e-28 6.76032e-27 6.76032e-27 6.76299e-27 6.67706e-27 6.76297e-27 6.76301e-27 6.76299e-27 6.61535e-27 6.5752e-27
1.11995e-26 1.14305e-26 1.22239e-26 1.20847e-26 1.12447e-26 9.57102e-27 1.52695e-26 2.09255e-26 1.36883e-26 4.77432e-28 4.81169e-28 1.47106e-26 1.30886e-26 1.36109e-26 1.73173e-26 1.40598e-26 1.83053e-26 1.69761e-26 1.25682e-26 5.92509e-28 6.3278e-28 1.52041e-26 1.49216e-26 1.1897e-26 1.18983e-26 1.19737e-26 1.1898e-26 1.19208e-26 1.20369e-26 1.20368e-26 1.18981e-26 1.20261e-26 1.20264e-26 1.1898e-26 1.10886e-26 6.57019e-27 6.70457e-27 9.57184e-27 9.57215e-27 2.09283e-26 1.61002e-26 6.25977e-28 5.93198e-28 6.28997e-28 4.19522e-28 5.93215e-28 6.28993e-28 3.78906e-28 1.43901e-26 1.86775e-26 1.74448e-26 1.11498e-26 1.34221e-26 1.08543e-26 8.6403e-27 1.00882e-26 1.2969e-26 1.20265e-26 1.20515e-26 1.20364e-26 1.21248e-26 1.21156e-26 1.21313e-26 1.1879e-26 1.20267e-26
1.07257e-26 1.53409e-26 1.5282e-26 1.06252e-26 1.06736e-26 2.02691e-26 1.00337e-26 1.77925e-26 1.41585e-26 7.32418e-28 1.28523e-26 1.30239e-26 9.25938e-27 3.75335e-28 1.32068e-26 1.81152e-26 1.02243e-26 1.28518e-26 7.50318e-28 7.32537e-28 6.30161e-28 1.77065e-26 2.39747e-26 1.09514e-26 6.90118e-27 9.66613e-27 9.66749e-27 6.76789e-27 6.90061e-27 9.66538e-27 9.66597e-27 1.08086e-26 6.89914e-27 9.66582e-27 9.66584e-27 1.07859e-26 1.06732e-26 1.51364e-26 9.5704e-27 9.4813e-27 2.38829e-26 1.01256e-26 7.5578e-28 6.29328e-28 5.69965e-28 7.32046e-28 6.62809e-28 6.28425e-28 6.83195e-28 1.01327e-26 1.96969e-26 1.73128e-26 1.56977e-26 1.40886e-26 1.2843e-26 1.26601e-26 6.76907e-27 9.66398e-27 1.52685e-26 1.06734e-26 1.06734e-26 1.51361e-26 1.52823e-26 6.76667e-27 6.9006e-27
2.0733e-26 1.94643e-26 1.92304e-26 2.06393e-26 2.08263e-26 1.54246e-26 1.08365e-26 1.50588e-26 1.24713e-26 4.76924e-28 5.49762e-28 1.4474e-26 1.30874e-26 1.04915e-26 1.24763e-26 1.88385e-26 1.01262e-26 5.92837e-28 4.19056e-28 5.04599e-28 6.62779e-28 4.72787e-28 2.12391e-26 1.57388e-26 6.70232e-27 9.57195e-27 9.66612e-27 1.73721e-26 1.73718e-26 1.5136e-26 1.80237e-26 1.8838e-26 2.35545e-26 1.51651e-26 1.80237e-26 2.30439e-26 2.07325e-26 2.01182e-26 2.13011e-26 6.70268e-27 1.97804e-26 1.63832e-26 5.01711e-28 6.62987e-28 9.9412e-27 9.75196e-27 9.65722e-27 1.38784e-26 1.87662e-26 1.26928e-26 1.39324e-26 1.55994e-26 1.61183e-26 1.62594e-26 9.66802e-27 6.57227e-27 6.70312e-27 2.01577e-26 2.09179e-26 2.06409e-26 2.07348e-26 1.92215e-26 2.20247e-26 1.8631e-26 1.73721e-26
1.27608e-26 1.28536e-26 1.30407e-26 1.26742e-26 1.27602e-26 1.90644e-26 1.46956e-26 2.21022e-26 9.93961e-27 1.29397e-26 1.58731e-26 1.7314e-26 1.49963e-26 1.06872e-26 1.58391e-26 1.40277e-26 1.33138e-26 9.47064e-27 9.37598e-27 9.28169e-27 9.47112e-27 9.75301e-27 2.10129e-26 1.83478e-26 6.76748e-27 6.76838e-27 1.30103e-26 2.28145e-26 1.92496e-26 1.9128e-26 1.79818e-26 1.77989e-26 1.96206e-26 1.91114e-26 1.78101e-26 1.81066e-26 1.86654e-26 1.84852e-26 1.73738e-26 1.06748e-26 1.00307e-26 2.39487e-26 1.39893e-26 1.41486e-26 1.53334e-26 1.92833e-26 2.00918e-26 1.9144e-26 1.60283e-26 8.81824e-27 2.0062e-26 1.95266e-26 1.02215e-26 9.47882e-27 9.57089e-27 1.0786e-26 1.79801e-26 2.36176e-26 1.81122e-26 1.27605e-26 1.30461e-26 1.27597e-26 1.87721e-26 1.93718e-26 2.22947e-26
5.90626e-28 4.20162e-28 6.5735e-28 5.63266e-28 4.20464e-28 1.87641e-26 1.71741e-26 2.14467e-26 1.48556e-26 1.84034e-26 1.66408e-26 1.1843e-26 1.09058e-26 1.38033e-26 1.4077e-26 1.13198e-26 1.48527e-26 2.04213e-26 1.94253e-26 1.92387e-26 1.9349e-26 1.73142e-26 1.74732e-26 2.39989e-26 2.38873e-26 6.70329e-27 1.95758e-26 1.47121e-26 1.26686e-26 1.26659e-26 1.2759e-26 6.65624e-28 1.27609e-26 1.26711e-26 1.27586e-26 1.29473e-26 1.30837e-26 1.48391e-26 1.18544e-26 1.00624e-26 1.68639e-26 1.2885e-26 2.18269e-26 1.729e-26 1.74312e-26 1.45689e-26 1.34211e-26 1.15342e-26 9.47087e-27 1.15487e-26 1.29825e-26 9.50285e-27 6.63695e-27 9.47787e-27 1.26066e-26 2.29534e-26 1.80847e-26 1.81062e-26 4.78335e-28 5.93875e-28 6.63911e-28 5.47606e-28 6.67066e-28 1.28545e-26 1.89049e-26
1.43195e-26 4.16415e-28 7.95096e-28 7.95479e-28 1.30346e-26 1.93251e-26 1.72553e-26 7.41612e-27 1.56108e-26 1.2154e-26 8.2597e-27 1.09682e-26 9.42877e-27 8.24292e-27 9.16217e-27 6.59667e-27 1.20835e-26 1.35852e-26 1.32348e-26 1.32357e-26 1.08349e-26 1.27411e-26 1.77911e-26 2.70555e-26 2.39414e-26 1.50977e-26 1.93309e-26 1.60472e-26 6.6079e-28 5.05586e-28 7.96466e-28 1.29401e-26 9.75051e-27 7.54045e-28 5.47498e-28 7.18179e-28 1.94342e-26 1.35139e-26 1.53681e-26 2.04688e-26 1.11089e-26 1.20073e-26 1.52379e-26 1.96136e-26 1.56897e-26 1.34203e-26 9.48094e-27 1.23397e-26 6.28967e-27 9.66146e-27 9.98365e-27 1.03551e-26 9.55854e-27 9.47719e-27 1.91438e-26 1.45249e-26 1.2758e-26 6.00655e-28 4.68929e-28 6.764e-28 6.29015e-28 5.93235e-28 5.04312e-28 7.96094e-28 8.10217e-28
2.34214e-26 9.94457e-27 1.28461e-26 1.59824e-26 1.73806e-26 1.68088e-26 1.32732e-26 1.46048e-26 8.84017e-27 6.66508e-27 8.9174e-27 1.003e-26 6.57531e-27 4.69611e-28 3.984e-28 6.49565e-27 6.76297e-27 6.00917e-27 6.0121e-27 6.0121e-27 1.28191e-26 1.20293e-26 2.0853e-26 9.85118e-27 1.82419e-26 2.29706e-26 2.83276e-26 1.8273e-26 9.6563e-27 5.46986e-28 1.29461e-26 1.39738e-26 1.44496e-26 9.94999e-27 4.77901e-28 5.93284e-28 7.3649e-28 1.52534e-26 2.08011e-26 1.10129e-26 1.00299e-26 6.85695e-27 1.01126e-26 1.44599e-26 1.44599e-26 1.2205e-26 1.209e-26 1.45972e-26 9.22615e-27 9.54706e-27 6.38548e-27 1.0026e-26 1.03497e-26 1.25746e-26 1.91443e-26 1.38773e-26 3.86759e-28 3.75224e-28 5.93153e-28 5.70554e-28 8.01156e-28 3.75469e-28 1.30343e-26 9.37667e-27 9.56327e-27
2.00746e-26 7.69009e-27 1.8522e-26 1.66296e-26 1.40967e-26 1.23458e-26 6.57531e-27 6.6724e-27 1.19838e-26 1.19359e-26 1.28689e-26 1.18471e-26 8.80005e-27 6.58932e-27 8.92144e-27 1.14827e-26 1.47243e-26 1.44532e-26 1.44532e-26 1.43593e-26 1.44547e-26 1.26371e-26 1.76287e-26 6.73489e-28 4.82746e-28 2.42109e-26 1.97764e-26 1.54335e-26 1.29318e-26 3.94838e-28 4.23373e-28 1.43606e-26 1.40301e-26 6.82559e-28 4.19581e-28 5.93219e-28 6.64182e-28 1.81591e-26 2.41201e-26 1.05916e-26 1.25797e-26 8.87245e-27 6.94817e-27 6.58932e-27 6.58934e-27 6.94817e-27 6.58329e-27 6.38551e-27 1.18604e-26 1.19838e-26 8.63216e-27 1.13501e-26 1.35378e-26 9.57238e-27 1.91442e-26 1.40635e-26 3.74647e-28 3.98063e-28 4.6896e-28 5.93323e-28 8.90353e-28 1.28524e-26 1.28807e-26 1.85192e-26 1.76977e-26
2.36177e-26 1.88522e-26 1.87581e-26 1.08842e-26 1.34317e-26 8.73262e-27 8.97652e-27 1.0288e-26 1.3097e-26 1.20262e-26 1.21199e-26 1.36857e-26 1.2224e-26 1.2224e-26 1.2224e-26 1.03663e-26 6.70548e-27 6.57242e-27 6.63713e-27 6.70266e-27 6.70262e-27 1.10167e-26 2.33511e-26 9.93686e-27 3.74594e-28 4.82408e-28 1.27594e-26 1.54441e-26 1.76161e-26 1.3725e-26 5.90198e-28 5.71157e-28 5.93938e-28 5.70434e-28 5.99985e-28 6.56464e-28 6.6303e-28 4.73283e-28 2.12127e-26 1.59239e-26 1.49209e-26 1.22226e-26 1.2224e-26 1.22239e-26 1.20311e-26 1.22237e-26 1.22134e-26 1.2031e-26 1.20313e-26 1.20262e-26 1.21361e-26 1.06247e-26 6.63772e-27 9.19464e-27 2.11563e-26 1.36893e-26 5.61622e-28 4.19434e-28 3.74712e-28 5.04546e-28 6.62583e-28 3.7868e-28 1.93677e-26 1.78472e-26 1.42052e-26
1.6323e-26 1.01304e-26 1.463e-26 1.24574e-26 1.22191e-26 1.07822e-26 1.29687e-26 1.23372e-26 1.07661e-26 1.52089e-26 1.52819e-26 1.05617e-26 1.04434e-26 9.6662e-27 9.47716e-27 1.07166e-26 1.07165e-26 9.47629e-27 9.47788e-27 6.76824e-27 6.76955e-27 9.47857e-27 2.03905e-26 1.60724e-26 6.79662e-28 6.29942e-28 1.3794e-26 1.7315e-26 9.69937e-27 1.82222e-26 9.94378e-27 7.13682e-28 7.56217e-28 7.14146e-28 1.00328e-26 8.81952e-28 6.00033e-28 6.76825e-28 2.08261e-26 1.72858e-26 9.83231e-27 1.28563e-26 9.47818e-27 6.70066e-27 1.06739e-26 1.52926e-26 1.5077e-26 1.06735e-26 1.0443e-26 1.52089e-26 1.5077e-26 1.05619e-26 6.7654e-27 2.02683e-26 2.30213e-26 1.25648e-26 9.93804e-27 5.67998e-28 1.3034e-26 9.65849e-27 9.2818e-27 9.65917e-27 9.56875e-27 1.98891e-26 9.81971e-27
2.11684e-26 1.93919e-26 1.92301e-26 1.54358e-26 1.46273e-26 1.00813e-26 9.47907e-27 2.0502e-26 2.33289e-26 1.92983e-26 1.96039e-26 2.10151e-26 2.21e-26 1.28556e-26 1.28853e-26 2.33729e-26 2.21005e-26 1.50689e-26 1.50771e-26 6.70319e-27 6.56927e-27 9.47786e-27 1.35174e-26 2.36173e-26 9.93635e-27 5.92874e-28 2.27719e-26 9.85385e-27 1.6357e-26 9.85223e-27 1.38774e-26 8.06023e-28 7.14297e-28 1.21985e-26 1.65184e-26 1.40553e-26 9.56243e-27 9.94564e-27 2.26117e-26 1.1225e-26 1.37695e-26 1.36064e-26 1.50772e-26 2.01042e-26 2.30347e-26 1.93997e-26 1.96227e-26 2.10142e-26 2.08273e-26 1.94854e-26 1.94849e-26 2.2272e-26 1.71436e-26 2.38813e-26 1.77734e-26 1.67113e-26 1.6491e-26 1.32629e-26 2.03738e-26 1.65318e-26 1.66124e-26 1.66322e-26 1.70487e-26 1.58909e-26 1.31468e-26
