data/CoulombOnly/Outputs_CoulombOnly/release1HS_03CoulombOnly_null_TRENT2D_pfv.asc
ncols 1001
nrows  301
cellsize  5.000
xllcenter     1000.00
yllcenter    -5000.00
NODATA_value nan
[rows 136 to 169 of 301, columns 308 to 384 of 1001]
nan nan nan nan nan nan nan nan nan nan nan nan nan nan nan nan nan nan nan nan nan nan nan nan nan nan nan nan nan nan nan nan nan nan nan nan nan nan nan nan nan nan nan nan nan nan nan nan nan nan nan nan nan nan nan nan nan nan nan nan nan nan nan nan nan nan nan nan nan nan nan nan nan nan nan nan nan
nan nan nan nan nan nan nan nan nan nan nan nan nan nan nan nan nan nan nan nan nan nan nan nan nan nan nan nan nan nan nan nan nan nan nan nan nan nan nan nan nan nan nan nan nan nan nan nan nan nan nan nan nan nan nan nan nan nan nan nan nan nan nan nan nan nan nan nan nan nan nan nan nan nan nan nan nan
nan nan nan nan nan nan nan nan nan nan nan nan nan nan nan nan nan nan nan nan nan nan nan nan nan nan nan nan nan nan nan nan nan nan nan nan nan nan nan nan nan nan nan nan nan nan nan nan nan nan nan nan nan nan nan nan nan nan nan nan nan nan nan nan nan nan nan nan nan nan nan nan nan nan nan nan nan
nan nan nan nan nan nan nan nan nan nan nan nan nan nan nan nan nan nan nan nan nan nan nan nan nan nan nan nan nan nan nan nan nan nan nan nan nan nan nan nan nan nan nan nan nan nan nan nan nan nan nan nan nan nan nan nan nan nan nan nan nan nan nan nan nan nan nan nan nan nan nan nan nan nan nan nan nan
nan nan nan nan nan nan nan nan nan nan nan nan nan nan nan nan nan nan nan nan nan nan nan nan nan nan nan nan nan nan nan nan nan nan nan nan nan nan nan nan nan nan nan nan nan nan nan nan nan nan nan nan nan nan nan nan nan nan nan nan nan nan nan nan nan nan nan nan nan nan nan nan nan nan nan nan nan
nan nan nan nan nan nan nan nan nan nan nan nan nan nan nan nan nan nan nan nan nan nan nan nan nan nan nan nan nan nan nan nan nan nan nan nan nan nan nan nan nan nan nan nan nan nan nan nan nan nan nan nan nan nan nan nan nan nan nan nan nan nan nan nan nan nan nan nan nan nan nan nan nan 105.944 105.077 107.488 108.228
nan nan nan nan nan nan nan nan nan nan nan nan nan nan nan nan nan nan nan nan nan nan nan nan nan nan nan nan nan nan nan nan nan nan nan nan nan nan nan nan nan nan nan nan nan nan nan nan nan nan nan nan nan nan 105.011 106.483 106.964 107.642 109.017 109.763 112.295 114.489 116.133 117.292 118.687 120.004 121.030 121.629 121.969 122.166 122.197 122.073 123.323 121.985 124.321 124.415 122.127
nan nan nan nan nan nan nan nan nan nan nan nan nan nan nan nan nan nan nan nan nan nan nan nan nan nan nan nan nan nan nan nan 93.170 94.569 94.825 95.660 98.534 99.611 100.204 102.191 104.566 106.854 107.576 109.873 111.465 112.101 111.721 110.645 112.297 112.731 113.365 112.916 114.320 114.598 114.030 114.033 115.282 116.031 116.714 119.174 120.237 119.812 118.511 111.500 111.521 112.159 115.657 117.746 118.960 120.923 120.245 121.003 120.507 121.457 121.083 119.292 120.386
90.169 81.786 84.046 81.624 81.520 81.400 81.263 123.599 80.951 80.790 80.621 92.811 87.265 80.685 80.708 80.808 80.931 81.079 81.241 83.496 81.706 81.883 82.173 82.473 82.774 83.078 83.388 83.697 84.001 84.299 84.587 84.875 85.154 85.414 85.660 85.902 86.134 89.927 97.822 103.913 106.627 108.559 110.403 111.366 112.350 113.355 115.924 105.640 98.114 102.548 106.157 111.909 116.096 117.962 120.912 121.045 123.017 122.783 122.377 121.319 120.046 119.227 118.236 113.428 113.644 115.057 115.980 116.735 118.645 120.669 122.940 124.990 125.274 126.170 125.534 126.369 124.417
85.154 85.183 85.161 85.136 85.131 85.148 85.156 85.141 85.097 85.071 85.073 85.092 85.137 85.184 85.228 85.275 85.332 85.395 85.461 85.527 85.592 85.662 85.734 85.815 85.903 85.999 86.107 86.228 86.386 86.558 86.731 86.905 87.082 87.261 87.440 87.620 87.802 87.984 88.167 88.351 94.375 104.128 112.519 100.740 107.630 110.068 111.874 117.618 106.003 100.765 101.689 104.411 107.727 110.575 113.920 116.599 117.830 118.763 119.565 120.362 121.169 121.474 121.965 124.227 124.873 124.402 125.327 124.273 124.803 123.167 121.924 119.882 118.322 115.719 113.541 108.982 105.647
86.051 86.140 86.232 86.324 86.403 86.480 86.563 86.650 86.728 86.809 86.894 86.973 87.053 87.127 87.206 87.286 87.357 87.440 87.519 87.576 87.627 87.683 87.730 87.774 87.817 87.863 87.910 87.961 88.017 88.080 88.165 88.258 88.376 88.544 88.712 88.880 89.049 89.219 89.389 89.559 89.730 89.900 90.071 90.242 97.716 108.456 110.487 107.069 105.551 104.333 104.002 104.050 104.173 105.756 106.086 105.272 104.166 103.122 100.224 96.551 93.225 93.421 93.618 93.816 94.014 94.212 94.409 94.606 94.802 94.998 95.193 95.387 95.582 95.778 95.977 96.181 96.388
89.060 89.060 89.079 89.085 89.107 89.123 89.146 89.179 89.213 89.250 89.283 89.325 89.361 89.417 89.471 89.535 89.592 89.658 89.716 89.780 89.840 89.904 89.964 90.033 90.096 90.174 90.259 90.345 90.431 90.518 90.613 90.717 90.831 90.961 91.104 91.256 91.428 91.607 91.807 92.029 92.246 93.259 95.017 96.578 97.729 98.732 99.505 100.132 100.633 100.720 100.724 100.291 99.637 98.772 97.720 96.333 95.349 95.460 95.598 95.732 95.858 95.981 96.118 96.253 96.385 96.515 96.644 96.779 96.914 97.051 97.186 97.320 97.454 97.591 97.730 97.870 98.009
89.990 90.076 90.160 90.250 90.333 90.417 90.503 90.588 90.669 90.757 90.843 90.927 91.011 91.102 91.188 91.275 91.361 91.456 91.547 91.639 91.731 91.825 91.917 92.012 92.106 92.200 92.300 92.403 92.509 92.620 92.737 92.858 92.981 93.110 93.246 93.394 93.547 93.696 93.850 94.016 94.177 94.341 94.510 94.662 94.813 94.961 95.115 95.265 95.413 95.562 95.706 95.847 95.985 96.119 96.245 96.360 96.472 96.582 96.688 96.787 96.895 97.003 97.110 97.217 97.331 97.446 97.561 97.675 97.788 97.901 98.022 98.143 98.264 98.383 98.502 98.625 98.750
88.763 88.910 89.051 89.191 89.335 89.476 89.614 89.752 89.892 90.030 90.163 92.272 95.472 98.797 101.524 104.157 107.214 109.111 112.046 115.065 117.464 119.653 122.157 124.864 128.197 131.382 134.393 137.328 140.069 143.116 145.673 149.740 152.353 154.105 156.748 159.633 163.651 167.244 169.958 171.754 173.041 173.598 171.436 160.510 152.214 144.495 134.002 124.611 114.617 106.215 99.382 95.590 95.732 95.873 96.013 96.152 96.289 96.424 96.558 96.690 96.821 96.951 97.078 97.209 97.336 97.462 97.587 97.710 97.837 97.966 98.091 98.214 98.340 98.470 98.598 98.724 98.849
89.181 89.325 89.466 89.607 89.747 89.886 90.025 90.165 90.305 90.442 90.579 90.715 90.849 90.984 91.119 91.254 91.386 91.519 91.650 91.781 91.911 92.040 92.170 92.298 92.427 92.555 92.684 92.814 92.944 93.073 93.202 93.330 93.460 93.589 93.718 93.847 93.979 94.111 94.243 94.374 94.505 94.637 94.768 94.899 95.032 95.166 95.300 95.434 95.568 95.701 95.835 95.968 96.102 96.235 96.368 96.501 96.634 96.766 96.898 97.030 97.161 97.293 97.426 97.557 97.687 97.815 97.943 98.072 98.198 98.321 98.449 98.574 98.698 98.821 98.947 99.071 99.193
88.763 88.909 89.051 89.191 89.335 89.476 89.614 89.752 89.892 90.030 93.670 96.681 99.362 103.199 105.493 108.484 110.936 113.954 115.767 119.820 123.045 125.232 127.395 130.097 133.048 136.013 138.794 141.693 145.374 147.807 151.005 154.479 157.396 157.525 160.876 163.730 167.899 171.703 172.400 169.577 159.394 151.620 144.325 136.735 128.183 120.757 113.752 108.101 103.061 98.118 95.447 95.590 95.732 95.873 96.013 96.152 96.290 96.425 96.559 96.691 96.822 96.951 97.079 97.209 97.337 97.463 97.588 97.711 97.838 97.966 98.091 98.215 98.340 98.471 98.598 98.724 98.849
89.991 90.078 90.161 90.251 90.334 90.419 90.505 90.590 90.670 90.759 90.844 90.929 91.013 91.103 91.190 91.276 91.363 91.457 91.549 91.641 91.733 91.827 91.919 92.013 92.107 92.202 92.302 92.404 92.511 92.622 92.739 92.860 92.983 93.112 93.248 93.396 93.549 93.698 93.852 94.018 94.179 94.343 94.511 94.664 94.814 94.963 95.116 95.266 95.413 95.562 95.706 95.847 95.985 96.119 96.245 96.360 96.472 96.582 96.688 96.787 96.895 97.002 97.109 97.216 97.330 97.445 97.560 97.675 97.787 97.900 98.021 98.142 98.263 98.382 98.501 98.625 98.750
89.062 89.062 89.082 89.087 89.109 89.124 89.148 89.181 89.215 89.251 89.285 89.327 89.362 89.419 89.473 89.537 89.594 89.659 89.718 89.782 89.841 89.905 89.966 90.034 90.097 90.175 90.260 90.347 90.432 90.520 90.615 90.718 90.833 90.963 91.106 91.257 91.430 91.609 91.809 92.031 92.248 93.274 95.019 96.578 97.731 98.735 99.512 100.090 100.524 100.598 100.577 100.137 99.496 98.652 97.615 96.241 95.341 95.453 95.592 95.726 95.854 95.977 96.115 96.250 96.383 96.512 96.642 96.777 96.912 97.049 97.184 97.318 97.453 97.590 97.729 97.869 98.008
86.052 86.141 86.233 86.325 86.404 86.481 86.563 86.650 86.728 86.809 86.895 86.973 87.053 87.127 87.206 87.286 87.357 87.440 87.519 87.576 87.626 87.682 87.729 87.773 87.816 87.862 87.909 87.960 88.016 88.079 88.164 88.258 88.378 88.545 88.713 88.882 89.051 89.221 89.391 89.562 89.732 89.903 90.074 90.244 97.637 108.356 110.978 107.640 106.575 105.248 105.218 104.409 105.635 106.257 106.627 105.777 104.363 103.353 100.546 96.938 93.301 93.412 93.608 93.805 94.002 94.199 94.396 94.593 94.790 94.985 95.180 95.375 95.571 95.768 95.968 96.174 96.383
85.153 85.183 85.160 85.970 85.130 85.147 85.156 85.140 85.098 85.071 85.073 85.094 85.141 85.188 85.233 85.280 85.336 85.399 85.465 85.530 85.595 85.666 85.738 85.819 85.906 86.003 86.111 86.232 86.393 86.564 86.738 86.911 87.088 87.267 87.446 87.627 87.808 87.991 88.174 88.359 95.227 107.146 107.283 109.103 112.406 112.963 119.936 111.839 101.631 99.770 101.775 104.168 108.073 110.572 113.959 116.822 118.737 119.014 120.179 120.563 121.406 121.674 123.603 125.065 125.368 124.572 125.397 124.300 124.744 123.135 121.871 119.848 118.296 115.697 113.522 108.965 105.631
81.856 88.200 101.866 81.630 88.706 81.403 81.265 84.760 80.947 80.777 80.600 80.580 80.594 80.639 93.831 85.114 80.932 81.081 81.243 82.253 82.295 81.894 82.187 82.488 82.791 83.098 83.408 83.717 84.021 84.319 84.607 84.896 85.173 85.430 85.677 85.917 86.144 90.820 98.711 104.691 107.084 109.382 110.936 111.972 112.865 113.749 115.637 105.262 98.192 102.552 106.142 111.895 116.074 117.948 120.891 121.033 123.005 122.779 122.376 121.317 120.038 119.242 118.303 113.480 113.745 115.178 116.072 116.789 118.680 120.685 122.943 124.973 125.276 126.137 125.518 126.323 124.388
nan nan nan nan nan nan nan nan nan nan nan nan nan nan nan nan nan nan nan nan nan nan nan nan nan nan nan nan nan nan nan nan 93.024 94.600 94.934 95.203 97.012 99.063 100.027 102.103 104.488 106.752 107.532 109.808 111.341 112.000 111.668 110.682 112.292 112.705 113.372 112.913 114.299 114.571 114.026 114.008 115.243 116.014 116.685 119.158 120.238 119.823 118.557 111.566 111.570 112.175 115.658 117.742 118.949 120.918 120.239 120.999 120.489 121.440 121.075 119.306 120.411
nan nan nan nan nan nan nan nan nan nan nan nan nan nan nan nan nan nan nan nan nan nan nan nan nan nan nan nan nan nan nan nan nan nan nan nan nan nan nan nan nan nan nan nan nan nan nan nan nan nan nan nan nan nan 104.942 106.537 107.014 107.577 108.985 110.201 112.423 114.446 116.076 117.201 118.617 119.954 120.974 121.591 121.949 122.163 122.194 122.077 122.049 123.435 123.933 123.835 122.469
nan nan nan nan nan nan nan nan nan nan nan nan nan nan nan nan nan nan nan nan nan nan nan nan nan nan nan nan nan nan nan nan nan nan nan nan nan nan nan nan nan nan nan nan nan nan nan nan nan nan nan nan nan nan nan nan nan nan nan nan nan nan nan nan nan nan nan nan nan nan nan nan nan 105.900 107.119 107.555 108.247
nan nan nan nan nan nan nan nan nan nan nan nan nan nan nan nan nan nan nan nan nan nan nan nan nan nan nan nan nan nan nan nan nan nan nan nan nan nan nan nan nan nan nan nan nan nan nan nan nan nan nan nan nan nan nan nan nan nan nan nan nan nan nan nan nan nan nan nan nan nan nan nan nan nan nan nan nan
nan nan nan nan nan nan nan nan nan nan nan nan nan nan nan nan nan nan nan nan nan nan nan nan nan nan nan nan nan nan nan nan nan nan nan nan nan nan nan nan nan nan nan nan nan nan nan nan nan nan nan nan nan nan nan nan nan nan nan nan nan nan nan nan nan nan nan nan nan nan nan nan nan nan nan nan nan
nan nan nan nan nan nan nan nan nan nan nan nan nan nan nan nan nan nan nan nan nan nan nan nan nan nan nan nan nan nan nan nan nan nan nan nan nan nan nan nan nan nan nan nan nan nan nan nan nan nan nan nan nan nan nan nan nan nan nan nan nan nan nan nan nan nan nan nan nan nan nan nan nan nan nan nan nan
nan nan nan nan nan nan nan nan nan nan nan nan nan nan nan nan nan nan nan nan nan nan nan nan nan nan nan nan nan nan nan nan nan nan nan nan nan nan nan nan nan nan nan nan nan nan nan nan nan nan nan nan nan nan nan nan nan nan nan nan nan nan nan nan nan nan nan nan nan nan nan nan nan nan nan nan nan
nan nan nan nan nan nan nan nan nan nan nan nan nan nan nan nan nan nan nan nan nan nan nan nan nan nan nan nan nan nan nan nan nan nan nan nan nan nan nan nan nan nan nan nan nan nan nan nan nan nan nan nan nan nan nan nan nan nan nan nan nan nan nan nan nan nan nan nan nan nan nan nan nan nan nan nan nan
nan nan nan nan nan nan nan nan nan nan nan nan nan nan nan nan nan nan nan nan nan nan nan nan nan nan nan nan nan nan nan nan nan nan nan nan nan nan nan nan nan nan nan nan nan nan nan nan nan nan nan nan nan nan nan nan nan nan nan nan nan nan nan nan nan nan nan nan nan nan nan nan nan nan nan nan nan
nan nan nan nan nan nan nan nan nan nan nan nan nan nan nan nan nan nan nan nan nan nan nan nan nan nan nan nan nan nan nan nan nan nan nan nan nan nan nan nan nan nan nan nan nan nan nan nan nan nan nan nan nan nan nan nan nan nan nan nan nan nan nan nan nan nan nan nan nan nan nan nan nan nan nan nan nan
nan nan nan nan nan nan nan nan nan nan nan nan nan nan nan nan nan nan nan nan nan nan nan nan nan nan nan nan nan nan nan nan nan nan nan nan nan nan nan nan nan nan nan nan nan nan nan nan nan nan nan nan nan nan nan nan nan nan nan nan nan nan nan nan nan nan nan nan nan nan nan nan nan nan nan nan nan
nan nan nan nan nan nan nan nan nan nan nan nan nan nan nan nan nan nan nan nan nan nan nan nan nan nan nan nan nan nan nan nan nan nan nan nan nan nan nan nan nan nan nan nan nan nan nan nan nan nan nan nan nan nan nan nan nan nan nan nan nan nan nan nan nan nan nan nan nan nan nan nan nan nan nan nan nan
nan nan nan nan nan nan nan nan nan nan nan nan nan nan nan nan nan nan nan nan nan nan nan nan nan nan nan nan nan nan nan nan nan nan nan nan nan nan nan nan nan nan nan nan nan nan nan nan nan nan nan nan nan nan nan nan nan nan nan nan nan nan nan nan nan nan nan nan nan nan nan nan nan nan nan nan nan
