data/CoulombOnly/Outputs_CoulombOnly/release1HS_03CoulombOnly_null_minVoellmyv2_pft.asc
ncols 1001
nrows 301
xllcenter 1000.00
yllcenter -5000.00
cellsize 5.00
nodata_value nan
[rows 140 to 167 of 301, columns 504 to 566 of 1001]
0.921045 0.929593 0.938398 0.947453 0.956758 0.966318 0.976125 0.986171 0.996457 1.006970 1.017700 1.028641 1.039776 1.051101 1.062595 1.074252 1.086054 1.097990 1.110043 1.122200 1.134450 1.146770 1.159158 1.171590 1.184056 1.196544 1.209036 1.221529 1.234002 1.246450 1.258859 1.271223 1.283530 1.295778 1.307952 1.320057 1.332081 1.344020 1.355875 1.367647 1.379331 1.390928 1.402440 1.413871 1.425221 1.436496 1.447707 1.458853 1.469939 1.480975 1.491974 1.502933 1.513874 1.524793 1.535712 1.546629 1.557568 1.568525 1.579525 1.590570 1.601672 1.612851 1.624107
1.085987 1.096325 1.106844 1.117530 1.128372 1.139350 1.150449 1.161656 1.172958 1.184336 1.195773 1.207262 1.218780 1.230313 1.241854 1.253385 1.264891 1.276361 1.287785 1.299153 1.310453 1.321676 1.332813 1.343859 1.354806 1.365650 1.376386 1.387011 1.397528 1.407929 1.418215 1.428390 1.438454 1.448408 1.458259 1.468010 1.477662 1.487228 1.496709 1.506110 1.515441 1.524708 1.533919 1.543081 1.552202 1.561289 1.570357 1.579407 1.588444 1.597489 1.606536 1.615604 1.624693 1.633818 1.642979 1.652196 1.661464 1.670801 1.680212 1.689700 1.699288 1.708973 1.718768
1.274771 1.285457 1.296133 1.306784 1.317396 1.327957 1.338454 1.348874 1.359207 1.369442 1.379569 1.389581 1.399476 1.409243 1.418876 1.428379 1.437742 1.446970 1.456060 1.465012 1.473829 1.482514 1.491073 1.499506 1.507821 1.516024 1.524119 1.532112 1.540009 1.547822 1.555553 1.563211 1.570804 1.578341 1.585823 1.593265 1.600671 1.608046 1.615397 1.622732 1.630055 1.637374 1.644693 1.652017 1.659351 1.666698 1.674071 1.681467 1.688887 1.696347 1.703841 1.711378 1.718962 1.726598 1.734290 1.742047 1.749868 1.757769 1.765748 1.773818 1.781988 1.790261 1.798656
1.468394 1.476895 1.485236 1.493417 1.501436 1.509293 1.516990 1.524529 1.531915 1.539156 1.546252 1.553209 1.560042 1.566746 1.573342 1.579827 1.586213 1.592510 1.598725 1.604866 1.610940 1.616955 1.622918 1.628840 1.634723 1.640573 1.646395 1.652201 1.657989 1.663765 1.669535 1.675298 1.681061 1.686826 1.692590 1.698366 1.704147 1.709934 1.715729 1.721539 1.727359 1.733190 1.739034 1.744892 1.750765 1.756655 1.762566 1.768497 1.774449 1.780427 1.786439 1.792480 1.798564 1.804690 1.810872 1.817107 1.823415 1.829797 1.836263 1.842833 1.849512 1.856314 1.863255
1.636704 1.641475 1.646155 1.650752 1.655275 1.659737 1.664146 1.668511 1.672843 1.677148 1.681431 1.685704 1.689968 1.694228 1.698493 1.702762 1.707038 1.711323 1.715620 1.719929 1.724250 1.728583 1.732928 1.737283 1.741646 1.746016 1.750391 1.754768 1.759146 1.763526 1.767900 1.772265 1.776627 1.780975 1.785313 1.789636 1.793945 1.798236 1.802514 1.806774 1.811017 1.815248 1.819467 1.823676 1.827878 1.832077 1.836283 1.840496 1.844723 1.848976 1.853261 1.857588 1.861965 1.866412 1.870934 1.875546 1.880264 1.885103 1.890079 1.895211 1.900515 1.906010 1.911713
1.770589 1.772973 1.775425 1.777950 1.780541 1.783197 1.785917 1.788693 1.791525 1.794405 1.797325 1.800287 1.803275 1.806289 1.809316 1.812355 1.815392 1.818429 1.821450 1.824449 1.827428 1.830376 1.833289 1.836164 1.838998 1.841788 1.844532 1.847229 1.849876 1.852473 1.855019 1.857512 1.859952 1.862343 1.864689 1.866986 1.869248 1.871470 1.873660 1.875829 1.877980 1.880123 1.882264 1.884421 1.886599 1.888811 1.891073 1.893397 1.895797 1.898289 1.900890 1.903616 1.906483 1.909508 1.912707 1.916099 1.919698 1.923520 1.927581 1.931890 1.936462 1.941311 1.946444
1.908306 1.909517 1.910756 1.912011 1.913269 1.914518 1.915747 1.916944 1.918098 1.919202 1.920248 1.921224 1.922121 1.922943 1.923673 1.924312 1.924851 1.925296 1.925638 1.925882 1.926044 1.926136 1.926165 1.926140 1.926068 1.925946 1.925780 1.925572 1.925325 1.925041 1.924729 1.924391 1.924036 1.923677 1.923323 1.922987 1.922683 1.922430 1.922239 1.922133 1.922127 1.922239 1.922490 1.922897 1.923474 1.924240 1.925209 1.926392 1.927802 1.929448 1.931337 1.933482 1.935882 1.938551 1.941488 1.944696 1.948172 1.951915 1.955921 1.960190 1.964719 1.969515 1.974575
2.058668 2.057675 2.056499 2.055137 2.053592 2.051862 2.049949 2.047852 2.045578 2.043141 2.040537 2.037779 2.034876 2.031838 2.028636 2.025302 2.021846 2.018287 2.014648 2.010946 2.007199 2.003424 1.999644 1.995867 1.992119 1.988420 1.984790 1.981246 1.977813 1.974504 1.971339 1.968335 1.965516 1.962895 1.960489 1.958314 1.956384 1.954709 1.953298 1.952164 1.951305 1.950730 1.950438 1.950430 1.950709 1.951272 1.952115 1.953239 1.954640 1.956317 1.958265 1.960481 1.962967 1.965717 1.968659 1.971671 1.974761 1.977935 1.981201 1.984569 1.988051 1.991660 1.995412
2.127749 2.120846 2.113997 2.107215 2.100525 2.093943 2.087489 2.081182 2.075039 2.069075 2.063306 2.057738 2.052387 2.047251 2.042343 2.037658 2.033204 2.028975 2.024970 2.021191 2.017630 2.014284 2.011148 2.008219 2.005492 2.002962 2.000624 1.998475 1.996514 1.994733 1.993127 1.991693 1.990426 1.989327 1.988386 1.987600 1.986969 1.986486 1.986145 1.985948 1.985890 1.985964 1.986173 1.986512 1.986975 1.987567 1.988281 1.989115 1.990074 1.991153 1.992350 1.993672 1.995116 1.996683 1.998378 2.000207 2.002177 2.004296 2.006574 2.009023 2.011651 2.014470 2.017492
2.117139 2.111050 2.105207 2.099543 2.094021 2.088621 2.083369 2.078256 2.073235 2.068352 2.063580 2.058942 2.054412 2.049997 2.045690 2.041514 2.037453 2.033506 2.029685 2.025988 2.022402 2.018935 2.015563 2.012330 2.009224 2.006235 2.003356 2.000602 1.997948 1.995408 1.992970 1.990632 1.988396 1.986262 1.984235 1.982306 1.980484 1.978764 1.977150 1.975647 1.974249 1.972968 1.971799 1.970743 1.969816 1.969005 1.968324 1.967770 1.967356 1.967082 1.966954 1.966981 1.967166 1.967519 1.968063 1.968976 1.970273 1.971967 1.974068 1.976582 1.979518 1.982886 1.986690
2.205685 2.202049 2.198351 2.194588 2.190755 2.186848 2.182864 2.178799 2.174649 2.170414 2.166090 2.161676 2.157170 2.152574 2.147889 2.143112 2.138243 2.133286 2.128250 2.123129 2.117931 2.112662 2.107321 2.101920 2.096462 2.090950 2.085400 2.079813 2.074197 2.068563 2.062921 2.057280 2.051650 2.046044 2.040473 2.034952 2.029493 2.024110 2.018822 2.013645 2.008597 2.003693 1.998961 1.994417 1.990087 1.985998 1.982174 1.978643 1.975430 1.972563 1.970063 1.967955 1.966254 1.964978 1.964138 1.963748 1.963816 1.964351 1.965362 1.966854 1.968839 1.971317 1.974300
2.117125 2.111074 2.105220 2.099528 2.093997 2.088624 2.083360 2.078217 2.073221 2.068336 2.063570 2.058921 2.054394 2.049992 2.045705 2.041527 2.037464 2.033524 2.029698 2.025979 2.022383 2.018909 2.015579 2.012348 2.009231 2.006232 2.003357 2.000584 1.997942 1.995399 1.992962 1.990623 1.988394 1.986261 1.984231 1.982305 1.980482 1.978764 1.977153 1.975646 1.974252 1.972966 1.971795 1.970748 1.969811 1.969005 1.968321 1.967773 1.967357 1.967084 1.966953 1.966979 1.967162 1.967515 1.968068 1.968987 1.970288 1.971986 1.974088 1.976605 1.979543 1.982913 1.986718
2.127723 2.120822 2.113974 2.107193 2.100505 2.093925 2.087473 2.081168 2.075027 2.069064 2.063297 2.057731 2.052381 2.047248 2.042342 2.037658 2.033206 2.028978 2.024974 2.021196 2.017636 2.014291 2.011157 2.008229 2.005503 2.002975 2.000639 1.998492 1.996532 1.994752 1.993148 1.991715 1.990450 1.989353 1.988413 1.987627 1.986999 1.986516 1.986175 1.985980 1.985921 1.985994 1.986203 1.986541 1.987003 1.987594 1.988308 1.989140 1.990099 1.991176 1.992372 1.993694 1.995136 1.996700 1.998394 2.000222 2.002190 2.004307 2.006583 2.009030 2.011657 2.014474 2.017493
2.058601 2.057608 2.056432 2.055069 2.053523 2.051793 2.049880 2.047784 2.045510 2.043074 2.040471 2.037713 2.034812 2.031774 2.028573 2.025239 2.021784 2.018227 2.014590 2.010890 2.007144 2.003372 1.999593 1.995819 1.992074 1.988379 1.984752 1.981214 1.977785 1.974480 1.971319 1.968320 1.965505 1.962889 1.960487 1.958318 1.956393 1.954722 1.953315 1.952185 1.951329 1.950756 1.950468 1.950462 1.950743 1.951307 1.952152 1.953276 1.954678 1.956354 1.958302 1.960518 1.963004 1.965753 1.968683 1.971689 1.974775 1.977946 1.981209 1.984574 1.988053 1.991662 1.995412
1.908299 1.909508 1.910745 1.911997 1.913254 1.914502 1.915729 1.916925 1.918078 1.919180 1.920226 1.921201 1.922097 1.922917 1.923646 1.924284 1.924824 1.925267 1.925609 1.925852 1.926013 1.926101 1.926124 1.926092 1.926015 1.925889 1.925716 1.925502 1.925248 1.924962 1.924646 1.924306 1.923951 1.923591 1.923239 1.922905 1.922603 1.922353 1.922166 1.922064 1.922062 1.922179 1.922437 1.922848 1.923431 1.924202 1.925177 1.926365 1.927778 1.929430 1.931324 1.933472 1.935876 1.938549 1.941488 1.944698 1.948176 1.951920 1.955928 1.960198 1.964728 1.969525 1.974585
1.770594 1.772975 1.775426 1.777949 1.780538 1.783193 1.785911 1.788686 1.791516 1.794396 1.797314 1.800275 1.803261 1.806274 1.809300 1.812339 1.815374 1.818410 1.821431 1.824430 1.827407 1.830354 1.833266 1.836140 1.838972 1.841761 1.844504 1.847198 1.849844 1.852439 1.854982 1.857473 1.859912 1.862302 1.864646 1.866942 1.869202 1.871423 1.873613 1.875782 1.877933 1.880076 1.882219 1.884377 1.886556 1.888770 1.891032 1.893359 1.895761 1.898256 1.900860 1.903588 1.906459 1.909486 1.912689 1.916086 1.919687 1.923513 1.927578 1.931892 1.936467 1.941319 1.946455
1.636743 1.641511 1.646187 1.650782 1.655302 1.659761 1.664169 1.668532 1.672861 1.677163 1.681445 1.685716 1.689977 1.694236 1.698499 1.702766 1.707040 1.711324 1.715620 1.719928 1.724248 1.728580 1.732924 1.737278 1.741640 1.746009 1.750382 1.754758 1.759135 1.763514 1.767886 1.772250 1.776610 1.780958 1.785293 1.789616 1.793923 1.798213 1.802490 1.806749 1.810991 1.815221 1.819439 1.823648 1.827849 1.832048 1.836254 1.840467 1.844694 1.848947 1.853232 1.857560 1.861938 1.866386 1.870910 1.875523 1.880242 1.885083 1.890062 1.895196 1.900503 1.906000 1.911706
1.468483 1.476980 1.485315 1.493493 1.501507 1.509360 1.517053 1.524588 1.531970 1.539207 1.546300 1.553254 1.560083 1.566785 1.573377 1.579859 1.586242 1.592537 1.598750 1.604888 1.610960 1.616973 1.622934 1.628853 1.634735 1.640583 1.646404 1.652209 1.657996 1.663769 1.669538 1.675300 1.681062 1.686825 1.692589 1.698363 1.704142 1.709927 1.715722 1.721531 1.727349 1.733180 1.739023 1.744880 1.750752 1.756640 1.762551 1.768481 1.774432 1.780410 1.786421 1.792462 1.798546 1.804672 1.810853 1.817088 1.823397 1.829778 1.836245 1.842816 1.849496 1.856299 1.863240
1.274906 1.285587 1.296258 1.306905 1.317513 1.328070 1.338562 1.348977 1.359305 1.369536 1.379660 1.389667 1.399558 1.409321 1.418950 1.428449 1.437808 1.447032 1.456119 1.465067 1.473881 1.482563 1.491118 1.499549 1.507860 1.516060 1.524153 1.532144 1.540038 1.547848 1.555577 1.563233 1.570824 1.578358 1.585839 1.593280 1.600684 1.608057 1.615407 1.622740 1.630062 1.637379 1.644696 1.652019 1.659352 1.666699 1.674070 1.681465 1.688884 1.696343 1.703836 1.711373 1.718956 1.726591 1.734283 1.742039 1.749859 1.757761 1.765739 1.773809 1.781979 1.790252 1.798648
1.086142 1.096478 1.106995 1.117679 1.128518 1.139493 1.150589 1.161792 1.173092 1.184465 1.195899 1.207384 1.218899 1.230428 1.241966 1.253492 1.264994 1.276460 1.287881 1.299245 1.310541 1.321759 1.332893 1.343935 1.354879 1.365719 1.376452 1.387074 1.397586 1.407985 1.418268 1.428439 1.438501 1.448452 1.458301 1.468049 1.477698 1.487261 1.496740 1.506139 1.515468 1.524733 1.533942 1.543102 1.552222 1.561307 1.570373 1.579421 1.588458 1.597501 1.606547 1.615613 1.624701 1.633824 1.642985 1.652200 1.661466 1.670802 1.680212 1.689700 1.699287 1.708971 1.718766
0.921158 0.929712 0.938518 0.947577 0.956886 0.966447 0.976257 0.986305 0.996591 1.007104 1.017833 1.028775 1.039909 1.051233 1.062725 1.074381 1.086180 1.098114 1.110165 1.122319 1.134566 1.146884 1.159268 1.171697 1.184159 1.196645 1.209133 1.221622 1.234092 1.246536 1.258942 1.271302 1.283606 1.295850 1.308020 1.320123 1.332144 1.344080 1.355933 1.367701 1.379382 1.390977 1.402487 1.413914 1.425262 1.436535 1.447742 1.458886 1.469971 1.481004 1.492001 1.502958 1.513896 1.524815 1.535731 1.546647 1.557584 1.568539 1.579538 1.590581 1.601683 1.612860 1.624115
0.770278 0.778320 0.786458 0.794706 0.803079 0.811591 0.820260 0.829089 0.838102 0.847299 0.856699 0.866307 0.876127 0.886167 0.896432 0.906925 0.917645 0.928591 0.939760 0.951150 0.962756 0.974569 0.986581 0.998785 1.011168 1.023722 1.036433 1.049290 1.062280 1.075390 1.088607 1.101917 1.115308 1.128766 1.142279 1.155833 1.169418 1.183021 1.196632 1.210240 1.223835 1.237409 1.250955 1.264464 1.277932 1.291355 1.304731 1.318054 1.331321 1.344540 1.357705 1.370817 1.383887 1.396907 1.409896 1.422848 1.435781 1.448691 1.461601 1.474506 1.487434 1.500379 1.513368
0.611007 0.620147 0.629278 0.638389 0.647501 0.656621 0.665757 0.674921 0.684126 0.693383 0.702704 0.712103 0.721588 0.731172 0.740878 0.750702 0.760672 0.770790 0.781068 0.791519 0.802154 0.812981 0.824008 0.835240 0.846682 0.858336 0.870214 0.882307 0.894615 0.907142 0.919876 0.932822 0.945964 0.959302 0.972822 0.986519 1.000379 1.014395 1.028552 1.042842 1.057248 1.071763 1.086369 1.101063 1.115821 1.130647 1.145514 1.160427 1.175363 1.190325 1.205296 1.220276 1.235256 1.250231 1.265203 1.280159 1.295113 1.310048 1.324985 1.339908 1.354838 1.369766 1.384713
0.441182 0.451311 0.461441 0.471560 0.481686 0.491800 0.501919 0.512027 0.522146 0.532266 0.542389 0.552528 0.562688 0.572870 0.583081 0.593329 0.603621 0.613973 0.624387 0.634868 0.645441 0.656100 0.666868 0.677751 0.688759 0.699904 0.711198 0.722650 0.734269 0.746065 0.758053 0.770234 0.782617 0.795209 0.808016 0.821036 0.834281 0.847746 0.861430 0.875332 0.889449 0.903779 0.918315 0.933051 0.947977 0.963087 0.978369 0.993816 1.009415 1.025157 1.041031 1.057026 1.073131 1.089335 1.105632 1.122013 1.138465 1.154981 1.171556 1.188190 1.204869 1.221595 1.238370
0.279723 0.289241 0.298866 0.308597 0.318430 0.328349 0.338365 0.348454 0.358629 0.368867 0.379183 0.389560 0.399995 0.410497 0.421055 0.431668 0.442337 0.453062 0.463844 0.474683 0.485582 0.496549 0.507584 0.518684 0.529870 0.541131 0.552487 0.563938 0.575489 0.587152 0.598935 0.610849 0.622901 0.635101 0.647455 0.659973 0.672673 0.685551 0.698629 0.711907 0.725392 0.739093 0.753018 0.767172 0.781558 0.796179 0.811037 0.826130 0.841457 0.857018 0.872813 0.888833 0.905070 0.921520 0.938179 0.955036 0.972083 0.989310 1.006709 1.024271 1.041987 1.059849 1.077847
0.151471 0.158645 0.166028 0.173610 0.181386 0.189363 0.197525 0.205882 0.214414 0.223135 0.232023 0.241086 0.250315 0.259701 0.269244 0.278943 0.288788 0.298776 0.308903 0.319164 0.329557 0.340076 0.350727 0.361501 0.372394 0.383407 0.394544 0.405794 0.417171 0.428664 0.440279 0.452022 0.463891 0.475890 0.488024 0.500299 0.512719 0.525289 0.538015 0.550913 0.563976 0.577224 0.590655 0.604286 0.618122 0.632170 0.646439 0.660936 0.675670 0.690646 0.705872 0.721357 0.737100 0.753104 0.769377 0.785919 0.802725 0.819800 0.837143 0.854745 0.872604 0.890717 0.909082
0.068922 0.073198 0.077672 0.082350 0.087239 0.092335 0.097651 0.103180 0.108933 0.114904 0.121101 0.127521 0.134164 0.141034 0.148130 0.155451 0.162996 0.170763 0.178753 0.186963 0.195391 0.204036 0.212893 0.221965 0.231248 0.240736 0.250426 0.260324 0.270415 0.280710 0.291193 0.301876 0.312748 0.323807 0.335059 0.346501 0.358130 0.369949 0.381956 0.394153 0.406546 0.419136 0.431921 0.444910 0.458104 0.471512 0.485131 0.498977 0.513052 0.527360 0.541911 0.556710 0.571767 0.587087 0.602678 0.618546 0.634706 0.651157 0.667905 0.684955 0.702319 0.719995 0.737986
0.026253 0.028270 0.030419 0.032708 0.035141 0.037726 0.040469 0.043377 0.046453 0.049709 0.053147 0.056772 0.060594 0.064617 0.068846 0.073287 0.077944 0.082823 0.087929 0.093266 0.098838 0.104648 0.110700 0.117000 0.123549 0.130347 0.137399 0.144708 0.152269 0.160095 0.168175 0.176519 0.185122 0.193984 0.203112 0.212501 0.222152 0.232064 0.242238 0.252674 0.263373 0.274333 0.285555 0.297046 0.308800 0.320816 0.333106 0.345659 0.358490 0.371593 0.384971 0.398637 0.412587 0.426827 0.441361 0.456197 0.471341 0.486798 0.502575 0.518680 0.535119 0.551899 0.569027
