data/CoulombOnly/Outputs_CoulombOnly/release1HS_03CoulombOnly_null_TRENT2D_pft.asc
ncols     1001
nrows      301
cellsize  5.000
xllcenter         1000.00
yllcenter        -5000.00
NODATA_value       nan
[rows 155 to 185 of 301, columns 560 to 629 of 1001]
1.960000 1.963000 1.967000 1.971000 1.974000 1.978000 1.983000 1.987000 1.991000 1.996000 2.001000 2.006000 2.011000 2.017000 2.022000 2.028000 2.034000 2.041000 2.047000 2.054000 2.062000 2.069000 2.077000 2.085000 2.093000 2.102000 2.115000 2.142000 2.170000 2.200000 2.231000 2.263000 2.297000 2.333000 2.370000 2.408000 2.448000 2.489000 2.532000 2.577000 2.624000 2.672000 2.722000 2.774000 2.827000 2.882000 2.939000 2.998000 3.060000 3.124000 3.188000 3.256000 3.325000 3.394000 3.468000 3.540000 3.616000 3.692000 3.768000 3.846000 3.925000 4.006000 4.089000 4.174000 4.264000 4.360000 4.468000 4.595000 4.755000 4.964000
1.918000 1.922000 1.926000 1.930000 1.935000 1.939000 1.944000 1.949000 1.954000 1.959000 1.964000 1.970000 1.975000 1.981000 1.987000 1.994000 2.000000 2.007000 2.015000 2.022000 2.030000 2.038000 2.046000 2.055000 2.069000 2.095000 2.122000 2.150000 2.180000 2.211000 2.243000 2.276000 2.311000 2.347000 2.384000 2.423000 2.463000 2.505000 2.548000 2.593000 2.640000 2.688000 2.737000 2.789000 2.843000 2.898000 2.955000 3.013000 3.073000 3.136000 3.200000 3.266000 3.333000 3.402000 3.472000 3.544000 3.616000 3.690000 3.764000 3.839000 3.916000 3.994000 4.074000 4.157000 4.244000 4.340000 4.449000 4.579000 4.744000 4.962000
1.865000 1.870000 1.874000 1.879000 1.884000 1.889000 1.895000 1.901000 1.906000 1.912000 1.918000 1.925000 1.931000 1.938000 1.945000 1.953000 1.960000 1.968000 1.976000 1.985000 1.993000 2.002000 2.012000 2.036000 2.063000 2.090000 2.119000 2.149000 2.180000 2.212000 2.245000 2.280000 2.315000 2.352000 2.390000 2.429000 2.469000 2.511000 2.555000 2.599000 2.646000 2.694000 2.743000 2.795000 2.848000 2.902000 2.959000 3.017000 3.077000 3.137000 3.200000 3.265000 3.331000 3.398000 3.467000 3.536000 3.607000 3.677000 3.748000 3.820000 3.894000 3.970000 4.048000 4.129000 4.215000 4.311000 4.421000 4.555000 4.729000 4.956000
1.805000 1.810000 1.816000 1.822000 1.828000 1.834000 1.840000 1.847000 1.854000 1.861000 1.868000 1.875000 1.883000 1.891000 1.899000 1.907000 1.916000 1.925000 1.934000 1.944000 1.953000 1.965000 1.992000 2.020000 2.048000 2.077000 2.107000 2.138000 2.170000 2.203000 2.238000 2.273000 2.309000 2.346000 2.385000 2.424000 2.465000 2.507000 2.551000 2.596000 2.642000 2.690000 2.739000 2.790000 2.843000 2.896000 2.952000 3.009000 3.067000 3.127000 3.189000 3.252000 3.316000 3.381000 3.448000 3.514000 3.582000 3.650000 3.718000 3.788000 3.860000 3.933000 4.008000 4.087000 4.174000 4.269000 4.383000 4.523000 4.705000 4.944000
1.740000 1.747000 1.753000 1.760000 1.767000 1.774000 1.782000 1.790000 1.797000 1.805000 1.814000 1.822000 1.831000 1.840000 1.850000 1.859000 1.869000 1.879000 1.890000 1.901000 1.913000 1.939000 1.967000 1.996000 2.026000 2.056000 2.088000 2.120000 2.153000 2.187000 2.222000 2.258000 2.295000 2.333000 2.372000 2.412000 2.453000 2.495000 2.539000 2.584000 2.630000 2.678000 2.726000 2.776000 2.828000 2.881000 2.935000 2.990000 3.047000 3.105000 3.164000 3.225000 3.286000 3.349000 3.412000 3.476000 3.542000 3.608000 3.674000 3.741000 3.810000 3.881000 3.954000 4.033000 4.118000 4.216000 4.334000 4.483000 4.675000 4.926000
1.669000 1.677000 1.685000 1.693000 1.701000 1.709000 1.718000 1.727000 1.736000 1.746000 1.756000 1.766000 1.776000 1.787000 1.798000 1.810000 1.823000 1.838000 1.856000 1.876000 1.899000 1.923000 1.950000 1.978000 2.008000 2.038000 2.069000 2.102000 2.135000 2.169000 2.204000 2.241000 2.277000 2.316000 2.355000 2.395000 2.436000 2.479000 2.522000 2.566000 2.611000 2.658000 2.706000 2.755000 2.804000 2.855000 2.907000 2.960000 3.014000 3.069000 3.125000 3.183000 3.241000 3.299000 3.360000 3.421000 3.484000 3.547000 3.611000 3.676000 3.742000 3.811000 3.883000 3.961000 4.048000 4.149000 4.274000 4.433000 4.637000 4.991000
1.591000 1.600000 1.609000 1.619000 1.629000 1.639000 1.650000 1.661000 1.673000 1.685000 1.699000 1.714000 1.730000 1.749000 1.768000 1.788000 1.808000 1.828000 1.850000 1.872000 1.894000 1.918000 1.943000 1.969000 1.997000 2.026000 2.056000 2.087000 2.120000 2.153000 2.188000 2.223000 2.260000 2.297000 2.335000 2.374000 2.415000 2.456000 2.498000 2.541000 2.585000 2.630000 2.675000 2.722000 2.770000 2.819000 2.868000 2.918000 2.968000 3.020000 3.072000 3.125000 3.179000 3.233000 3.290000 3.348000 3.406000 3.467000 3.529000 3.591000 3.656000 3.723000 3.795000 3.874000 3.964000 4.071000 4.205000 4.375000 4.590000 5.308000
1.508000 1.520000 1.533000 1.549000 1.565000 1.582000 1.599000 1.617000 1.635000 1.653000 1.672000 1.691000 1.711000 1.731000 1.751000 1.772000 1.794000 1.815000 1.837000 1.860000 1.884000 1.908000 1.932000 1.958000 1.985000 2.013000 2.042000 2.072000 2.103000 2.135000 2.168000 2.202000 2.237000 2.273000 2.310000 2.348000 2.386000 2.426000 2.466000 2.507000 2.549000 2.591000 2.634000 2.679000 2.723000 2.768000 2.814000 2.860000 2.908000 2.955000 3.004000 3.052000 3.102000 3.153000 3.205000 3.257000 3.313000 3.369000 3.428000 3.489000 3.552000 3.619000 3.692000 3.773000 3.867000 3.983000 4.128000 4.309000 4.534000 5.510000
1.450000 1.467000 1.485000 1.504000 1.522000 1.541000 1.561000 1.580000 1.600000 1.620000 1.640000 1.661000 1.682000 1.703000 1.724000 1.747000 1.769000 1.792000 1.815000 1.839000 1.863000 1.888000 1.914000 1.940000 1.967000 1.995000 2.024000 2.053000 2.083000 2.114000 2.145000 2.178000 2.211000 2.244000 2.279000 2.315000 2.351000 2.388000 2.425000 2.463000 2.502000 2.541000 2.581000 2.622000 2.663000 2.704000 2.746000 2.789000 2.833000 2.876000 2.921000 2.966000 3.011000 3.057000 3.106000 3.155000 3.205000 3.258000 3.313000 3.371000 3.434000 3.501000 3.575000 3.661000 3.763000 3.889000 4.045000 4.235000 4.570000 5.584000
1.383000 1.403000 1.423000 1.443000 1.464000 1.485000 1.506000 1.527000 1.549000 1.571000 1.593000 1.615000 1.638000 1.661000 1.685000 1.708000 1.732000 1.757000 1.781000 1.806000 1.832000 1.858000 1.884000 1.911000 1.938000 1.965000 1.994000 2.022000 2.051000 2.081000 2.111000 2.142000 2.173000 2.205000 2.237000 2.270000 2.303000 2.337000 2.371000 2.406000 2.441000 2.477000 2.513000 2.550000 2.587000 2.625000 2.663000 2.701000 2.741000 2.781000 2.821000 2.862000 2.904000 2.948000 2.992000 3.038000 3.085000 3.135000 3.187000 3.244000 3.306000 3.375000 3.454000 3.545000 3.657000 3.794000 3.958000 4.155000 4.845000 5.446000
1.297000 1.319000 1.342000 1.364000 1.387000 1.410000 1.433000 1.457000 1.480000 1.504000 1.528000 1.552000 1.577000 1.601000 1.626000 1.651000 1.676000 1.702000 1.727000 1.753000 1.779000 1.805000 1.832000 1.859000 1.886000 1.913000 1.941000 1.970000 1.998000 2.026000 2.056000 2.084000 2.114000 2.144000 2.173000 2.204000 2.235000 2.266000 2.297000 2.329000 2.361000 2.394000 2.426000 2.460000 2.494000 2.528000 2.562000 2.598000 2.634000 2.670000 2.707000 2.745000 2.784000 2.825000 2.867000 2.911000 2.956000 3.004000 3.056000 3.113000 3.176000 3.249000 3.333000 3.434000 3.555000 3.700000 3.870000 4.070000 4.913000 5.181000
1.185000 1.210000 1.235000 1.260000 1.285000 1.310000 1.336000 1.361000 1.386000 1.412000 1.437000 1.463000 1.488000 1.514000 1.540000 1.565000 1.591000 1.617000 1.643000 1.670000 1.696000 1.723000 1.750000 1.776000 1.804000 1.832000 1.859000 1.886000 1.914000 1.942000 1.970000 1.998000 2.027000 2.055000 2.084000 2.112000 2.141000 2.171000 2.199000 2.229000 2.259000 2.289000 2.320000 2.350000 2.382000 2.413000 2.445000 2.477000 2.511000 2.545000 2.580000 2.616000 2.653000 2.693000 2.734000 2.777000 2.822000 2.871000 2.925000 2.984000 3.052000 3.131000 3.224000 3.333000 3.461000 3.607000 3.777000 4.265000 4.775000 4.863000
1.046000 1.072000 1.099000 1.126000 1.153000 1.181000 1.208000 1.235000 1.262000 1.289000 1.317000 1.344000 1.371000 1.397000 1.424000 1.450000 1.477000 1.503000 1.529000 1.556000 1.582000 1.610000 1.637000 1.663000 1.690000 1.718000 1.745000 1.772000 1.799000 1.827000 1.855000 1.882000 1.910000 1.938000 1.966000 1.994000 2.022000 2.050000 2.078000 2.107000 2.135000 2.164000 2.193000 2.222000 2.252000 2.282000 2.313000 2.344000 2.376000 2.409000 2.444000 2.479000 2.516000 2.555000 2.597000 2.641000 2.689000 2.741000 2.799000 2.865000 2.940000 3.027000 3.127000 3.240000 3.367000 3.511000 3.679000 4.270000 4.555000 4.522000
0.882000 0.911000 0.939000 0.968000 0.997000 1.026000 1.054000 1.083000 1.112000 1.140000 1.169000 1.198000 1.226000 1.254000 1.282000 1.310000 1.337000 1.364000 1.391000 1.418000 1.445000 1.472000 1.499000 1.525000 1.552000 1.579000 1.606000 1.633000 1.660000 1.688000 1.715000 1.742000 1.770000 1.798000 1.825000 1.854000 1.881000 1.909000 1.937000 1.966000 1.993000 2.022000 2.051000 2.080000 2.110000 2.139000 2.170000 2.201000 2.234000 2.267000 2.302000 2.338000 2.377000 2.418000 2.462000 2.510000 2.563000 2.622000 2.687000 2.761000 2.843000 2.934000 3.034000 3.145000 3.267000 3.407000 3.777000 4.138000 4.256000 4.164000
0.699000 0.729000 0.759000 0.790000 0.820000 0.850000 0.880000 0.910000 0.941000 0.971000 1.001000 1.031000 1.061000 1.090000 1.120000 1.149000 1.178000 1.206000 1.234000 1.261000 1.289000 1.316000 1.343000 1.370000 1.396000 1.423000 1.450000 1.477000 1.503000 1.531000 1.558000 1.585000 1.613000 1.640000 1.669000 1.696000 1.725000 1.753000 1.782000 1.810000 1.840000 1.868000 1.898000 1.928000 1.958000 1.989000 2.021000 2.053000 2.087000 2.122000 2.159000 2.199000 2.241000 2.286000 2.336000 2.390000 2.449000 2.515000 2.586000 2.663000 2.746000 2.835000 2.931000 3.035000 3.152000 3.322000 3.703000 3.912000 3.903000 3.775000
0.494000 0.526000 0.558000 0.591000 0.623000 0.655000 0.688000 0.720000 0.753000 0.784000 0.816000 0.848000 0.879000 0.910000 0.941000 0.971000 1.002000 1.032000 1.061000 1.090000 1.119000 1.147000 1.175000 1.202000 1.229000 1.256000 1.283000 1.310000 1.337000 1.363000 1.391000 1.418000 1.445000 1.473000 1.501000 1.529000 1.558000 1.587000 1.616000 1.646000 1.676000 1.706000 1.736000 1.768000 1.800000 1.832000 1.866000 1.902000 1.939000 1.978000 2.019000 2.064000 2.112000 2.163000 2.219000 2.278000 2.341000 2.408000 2.479000 2.554000 2.632000 2.715000 2.802000 2.897000 3.007000 3.315000 3.548000 3.607000 3.515000 3.343000
0.281000 0.312000 0.343000 0.376000 0.409000 0.443000 0.477000 0.512000 0.546000 0.581000 0.615000 0.649000 0.683000 0.716000 0.749000 0.781000 0.814000 0.845000 0.877000 0.908000 0.938000 0.968000 0.997000 1.026000 1.054000 1.082000 1.110000 1.137000 1.164000 1.191000 1.218000 1.245000 1.273000 1.300000 1.328000 1.357000 1.385000 1.415000 1.444000 1.475000 1.506000 1.538000 1.571000 1.604000 1.639000 1.676000 1.714000 1.754000 1.797000 1.842000 1.889000 1.939000 1.991000 2.045000 2.101000 2.160000 2.221000 2.283000 2.348000 2.415000 2.484000 2.556000 2.633000 2.724000 2.979000 3.199000 3.277000 3.217000 3.064000 2.852000
0.118000 0.134000 0.154000 0.177000 0.204000 0.233000 0.265000 0.298000 0.332000 0.367000 0.402000 0.438000 0.474000 0.509000 0.545000 0.579000 0.614000 0.648000 0.682000 0.715000 0.748000 0.780000 0.811000 0.842000 0.872000 0.902000 0.931000 0.959000 0.987000 1.015000 1.043000 1.070000 1.099000 1.126000 1.155000 1.183000 1.212000 1.242000 1.272000 1.304000 1.337000 1.372000 1.409000 1.447000 1.487000 1.528000 1.572000 1.616000 1.663000 1.710000 1.758000 1.808000 1.859000 1.910000 1.962000 2.014000 2.068000 2.121000 2.175000 2.232000 2.295000 2.369000 2.456000 2.685000 2.869000 2.934000 2.877000 2.730000 2.527000 2.280000
0.042000 0.050000 0.058000 0.068000 0.080000 0.093000 0.108000 0.125000 0.146000 0.172000 0.201000 0.232000 0.266000 0.301000 0.336000 0.372000 0.407000 0.443000 0.479000 0.515000 0.549000 0.584000 0.618000 0.651000 0.684000 0.716000 0.747000 0.778000 0.808000 0.837000 0.866000 0.895000 0.924000 0.954000 0.983000 1.013000 1.043000 1.074000 1.107000 1.141000 1.177000 1.215000 1.255000 1.295000 1.337000 1.380000 1.423000 1.467000 1.511000 1.556000 1.601000 1.645000 1.689000 1.732000 1.776000 1.821000 1.868000 1.920000 1.977000 2.040000 2.113000 2.242000 2.422000 2.543000 2.560000 2.480000 2.328000 2.127000 1.890000 1.619000
0.009000 0.013000 0.017000 0.021000 0.026000 0.032000 0.038000 0.046000 0.055000 0.065000 0.077000 0.091000 0.108000 0.128000 0.153000 0.182000 0.213000 0.246000 0.281000 0.315000 0.350000 0.386000 0.421000 0.456000 0.490000 0.525000 0.558000 0.591000 0.623000 0.655000 0.687000 0.718000 0.749000 0.780000 0.812000 0.844000 0.877000 0.911000 0.945000 0.981000 1.017000 1.055000 1.093000 1.132000 1.172000 1.211000 1.250000 1.289000 1.329000 1.369000 1.409000 1.450000 1.493000 1.538000 1.584000 1.633000 1.685000 1.742000 1.808000 1.907000 2.032000 2.126000 2.162000 2.124000 2.015000 1.857000 1.659000 1.427000 1.171000 0.903000
nan nan nan 0.001000 0.002000 0.005000 0.007000 0.011000 0.015000 0.020000 0.025000 0.031000 0.039000 0.047000 0.057000 0.069000 0.083000 0.100000 0.121000 0.146000 0.174000 0.205000 0.237000 0.270000 0.303000 0.337000 0.372000 0.406000 0.440000 0.474000 0.508000 0.541000 0.574000 0.607000 0.641000 0.674000 0.707000 0.741000 0.775000 0.809000 0.843000 0.877000 0.913000 0.949000 0.985000 1.022000 1.059000 1.097000 1.135000 1.174000 1.214000 1.256000 1.298000 1.343000 1.392000 1.445000 1.503000 1.583000 1.674000 1.731000 1.747000 1.707000 1.621000 1.489000 1.320000 1.126000 0.911000 0.685000 0.461000 0.261000
nan nan nan nan nan nan nan nan nan 0.000000 0.001000 0.004000 0.007000 0.012000 0.017000 0.022000 0.028000 0.036000 0.044000 0.055000 0.067000 0.083000 0.102000 0.124000 0.150000 0.178000 0.207000 0.238000 0.269000 0.302000 0.335000 0.368000 0.403000 0.437000 0.471000 0.506000 0.540000 0.574000 0.608000 0.641000 0.674000 0.708000 0.741000 0.775000 0.810000 0.845000 0.881000 0.918000 0.955000 0.993000 1.033000 1.075000 1.116000 1.171000 1.241000 1.294000 1.323000 1.333000 1.309000 1.254000 1.169000 1.052000 0.909000 0.745000 0.573000 0.397000 0.248000 0.129000 0.051000 0.015000
nan nan nan nan nan nan nan nan nan nan nan nan nan nan nan 0.001000 0.003000 0.007000 0.011000 0.017000 0.022000 0.029000 0.037000 0.047000 0.059000 0.074000 0.092000 0.114000 0.138000 0.165000 0.193000 0.222000 0.251000 0.282000 0.314000 0.346000 0.378000 0.411000 0.444000 0.477000 0.510000 0.543000 0.576000 0.610000 0.643000 0.676000 0.710000 0.750000 0.802000 0.849000 0.886000 0.915000 0.932000 0.936000 0.924000 0.895000 0.847000 0.778000 0.691000 0.589000 0.476000 0.356000 0.242000 0.152000 0.083000 0.037000 0.013000 0.003000 nan nan
nan nan nan nan nan nan nan nan nan nan nan nan nan nan nan nan nan nan nan nan 0.002000 0.005000 0.010000 0.016000 0.022000 0.030000 0.039000 0.049000 0.062000 0.078000 0.097000 0.118000 0.142000 0.167000 0.192000 0.219000 0.246000 0.275000 0.307000 0.342000 0.375000 0.408000 0.442000 0.476000 0.507000 0.530000 0.549000 0.559000 0.563000 0.557000 0.540000 0.514000 0.482000 0.440000 0.387000 0.327000 0.262000 0.195000 0.139000 0.090000 0.053000 0.028000 0.013000 0.005000 nan nan nan nan nan nan
nan nan nan nan nan nan nan nan nan nan nan nan nan nan nan nan nan nan nan nan nan nan nan nan nan 0.003000 0.008000 0.014000 0.021000 0.030000 0.040000 0.053000 0.067000 0.084000 0.101000 0.119000 0.138000 0.155000 0.173000 0.189000 0.204000 0.215000 0.222000 0.227000 0.227000 0.223000 0.210000 0.195000 0.177000 0.152000 0.129000 0.106000 0.082000 0.061000 0.041000 0.027000 0.017000 0.010000 0.005000 nan nan nan nan nan nan nan nan nan nan nan
nan nan nan nan nan nan nan nan nan nan nan nan nan nan nan nan nan nan nan nan nan nan nan nan nan nan nan nan nan nan 0.003000 0.006000 0.009000 0.012000 0.016000 0.020000 0.024000 0.028000 0.031000 0.033000 0.034000 0.034000 0.033000 0.032000 0.027000 0.022000 0.018000 0.014000 0.011000 0.008000 0.005000 0.003000 nan nan nan nan nan nan nan nan nan nan nan nan nan nan nan nan nan nan
nan nan nan nan nan nan nan nan nan nan nan nan nan nan nan nan nan nan nan nan nan nan nan nan nan nan nan nan nan nan nan nan nan nan nan nan nan nan nan nan nan nan nan nan nan nan nan nan nan nan nan nan nan nan nan nan nan nan nan nan nan nan nan nan nan nan nan nan nan nan
nan nan nan nan nan nan nan nan nan nan nan nan nan nan nan nan nan nan nan nan nan nan nan nan nan nan nan nan nan nan nan nan nan nan nan nan nan nan nan nan nan nan nan nan nan nan nan nan nan nan nan nan nan nan nan nan nan nan nan nan nan nan nan nan nan nan nan nan nan nan
nan nan nan nan nan nan nan nan nan nan nan nan nan nan nan nan nan nan nan nan nan nan nan nan nan nan nan nan nan nan nan nan nan nan nan nan nan nan nan nan nan nan nan nan nan nan nan nan nan nan nan nan nan nan nan nan nan nan nan nan nan nan nan nan nan nan nan nan nan nan
nan nan nan nan nan nan nan nan nan nan nan nan nan nan nan nan nan nan nan nan nan nan nan nan nan nan nan nan nan nan nan nan nan nan nan nan nan nan nan nan nan nan nan nan nan nan nan nan nan nan nan nan nan nan nan nan nan nan nan nan nan nan nan nan nan nan nan nan nan nan
nan nan nan nan nan nan nan nan nan nan nan nan nan nan nan nan nan nan nan nan nan nan nan nan nan nan nan nan nan nan nan nan nan nan nan nan nan nan nan nan nan nan nan nan nan nan nan nan nan nan nan nan nan nan nan nan nan nan nan nan nan nan nan nan nan nan nan nan nan nan
