data/CoulombOnly/Outputs_CoulombOnly/release1HS_03CoulombOnly_null_avaflow_pft.asc
ncols 1002
nrows 302
xllcenter 995.00
yllcenter -5005.00
cellsize 5.00
NODATA_value -9999.000
[rows 136 to 169 of 302, columns 231 to 307 of 1002]
0.004 0.004 0.004 0.004 0.004 0.004 0.004 0.004 0.004 0.004 0.004 0.004 0.004 0.004 0.004 0.004 0.004 0.004 0.004 0.004 0.004 0.004 0.004 0.004 0.005 0.005 0.005 0.005 0.005 0.005 0.005 0.005 0.005 0.005 0.005 0.005 0.005 0.005 0.005 0.005 0.005 0.005 0.005 0.005 0.005 0.005 0.005 0.006 0.006 0.006 0.006 0.007 0.007 0.007 0.008 0.008 0.008 0.008 0.009 0.009 0.009 0.009 0.010 0.010 0.010 0.010 0.010 0.010 0.010 0.011 0.011 0.011 0.011 0.011 0.011 0.011 0.011
0.010 0.010 0.010 0.010 0.010 0.010 0.011 0.011 0.011 0.011 0.011 0.011 0.011 0.012 0.012 0.012 0.012 0.012 0.012 0.012 0.012 0.012 0.012 0.012 0.012 0.012 0.012 0.012 0.012 0.012 0.013 0.013 0.013 0.013 0.013 0.013 0.013 0.013 0.013 0.013 0.014 0.014 0.014 0.014 0.014 0.014 0.015 0.016 0.016 0.017 0.018 0.018 0.019 0.020 0.020 0.021 0.021 0.021 0.022 0.022 0.023 0.023 0.024 0.024 0.024 0.025 0.025 0.025 0.026 0.026 0.026 0.026 0.026 0.027 0.027 0.027 0.027
0.026 0.027 0.027 0.027 0.027 0.027 0.027 0.028 0.028 0.028 0.028 0.029 0.029 0.029 0.030 0.030 0.030 0.030 0.030 0.030 0.030 0.030 0.030 0.030 0.031 0.031 0.031 0.031 0.031 0.031 0.032 0.032 0.032 0.032 0.032 0.032 0.033 0.033 0.033 0.034 0.034 0.034 0.034 0.035 0.035 0.037 0.038 0.039 0.040 0.042 0.043 0.044 0.045 0.046 0.047 0.048 0.049 0.050 0.051 0.051 0.052 0.053 0.054 0.054 0.055 0.056 0.056 0.057 0.057 0.058 0.058 0.059 0.059 0.059 0.059 0.059 0.060
0.063 0.063 0.063 0.064 0.064 0.064 0.065 0.065 0.066 0.066 0.067 0.068 0.068 0.069 0.069 0.069 0.069 0.070 0.070 0.070 0.070 0.071 0.071 0.071 0.071 0.072 0.072 0.072 0.073 0.073 0.073 0.074 0.074 0.074 0.075 0.075 0.076 0.076 0.077 0.077 0.078 0.079 0.079 0.080 0.083 0.084 0.087 0.089 0.091 0.094 0.096 0.098 0.100 0.101 0.103 0.105 0.106 0.108 0.109 0.110 0.112 0.113 0.114 0.115 0.116 0.117 0.118 0.119 0.120 0.121 0.122 0.122 0.123 0.123 0.123 0.124 0.124
0.138 0.138 0.140 0.140 0.141 0.142 0.143 0.143 0.145 0.146 0.147 0.148 0.149 0.149 0.149 0.150 0.151 0.151 0.152 0.152 0.153 0.153 0.154 0.154 0.155 0.156 0.156 0.157 0.157 0.158 0.159 0.159 0.160 0.161 0.162 0.163 0.163 0.165 0.165 0.167 0.168 0.168 0.171 0.174 0.177 0.181 0.185 0.189 0.192 0.196 0.199 0.202 0.205 0.208 0.210 0.213 0.215 0.218 0.220 0.222 0.224 0.226 0.228 0.230 0.232 0.233 0.235 0.237 0.238 0.239 0.240 0.241 0.241 0.242 0.243 0.243 0.244
0.286 0.288 0.290 0.291 0.292 0.294 0.295 0.297 0.300 0.302 0.303 0.304 0.305 0.306 0.307 0.308 0.309 0.310 0.311 0.313 0.313 0.314 0.315 0.316 0.318 0.319 0.320 0.321 0.322 0.323 0.324 0.326 0.327 0.328 0.330 0.331 0.333 0.334 0.336 0.338 0.339 0.343 0.348 0.353 0.357 0.363 0.369 0.375 0.380 0.385 0.391 0.394 0.398 0.403 0.407 0.411 0.415 0.418 0.422 0.424 0.428 0.431 0.434 0.437 0.439 0.442 0.445 0.446 0.448 0.450 0.452 0.452 0.453 0.455 0.456 0.456 0.457
0.565 0.568 0.571 0.573 0.576 0.578 0.581 0.584 0.588 0.590 0.592 0.594 0.596 0.597 0.600 0.602 0.604 0.606 0.608 0.609 0.611 0.612 0.614 0.616 0.618 0.621 0.622 0.624 0.626 0.628 0.630 0.632 0.634 0.636 0.639 0.642 0.644 0.646 0.649 0.651 0.655 0.662 0.669 0.675 0.682 0.691 0.699 0.706 0.713 0.721 0.727 0.733 0.740 0.745 0.750 0.756 0.762 0.767 0.772 0.777 0.781 0.785 0.790 0.794 0.797 0.801 0.805 0.807 0.810 0.812 0.814 0.816 0.819 0.820 0.822 0.823 0.824
1.063 1.067 1.071 1.074 1.079 1.082 1.088 1.093 1.098 1.100 1.104 1.106 1.109 1.113 1.116 1.119 1.123 1.126 1.129 1.132 1.134 1.137 1.140 1.143 1.147 1.149 1.152 1.155 1.158 1.161 1.164 1.167 1.171 1.174 1.177 1.181 1.184 1.189 1.192 1.196 1.202 1.210 1.218 1.226 1.235 1.245 1.254 1.263 1.272 1.281 1.288 1.296 1.304 1.311 1.319 1.326 1.333 1.339 1.345 1.351 1.357 1.363 1.369 1.374 1.379 1.384 1.387 1.391 1.394 1.398 1.400 1.403 1.406 1.409 1.411 1.413 1.415
1.871 1.877 1.883 1.888 1.893 1.899 1.905 1.912 1.918 1.923 1.927 1.932 1.936 1.941 1.946 1.951 1.955 1.960 1.964 1.968 1.972 1.976 1.981 1.985 1.989 1.993 1.997 2.001 2.006 2.010 2.014 2.018 2.022 2.027 2.031 2.035 2.040 2.044 2.049 2.054 2.060 2.067 2.075 2.083 2.091 2.100 2.109 2.118 2.128 2.136 2.144 2.153 2.161 2.168 2.176 2.184 2.191 2.198 2.205 2.212 2.218 2.224 2.230 2.235 2.241 2.246 2.250 2.255 2.258 2.262 2.266 2.269 2.272 2.275 2.278 2.280 2.283
3.046 3.053 3.060 3.067 3.074 3.080 3.087 3.095 3.102 3.108 3.115 3.121 3.127 3.133 3.139 3.146 3.152 3.158 3.163 3.169 3.175 3.180 3.186 3.191 3.196 3.202 3.207 3.212 3.217 3.222 3.227 3.232 3.237 3.242 3.247 3.252 3.256 3.261 3.266 3.270 3.275 3.279 3.284 3.289 3.294 3.299 3.303 3.308 3.313 3.318 3.323 3.327 3.333 3.337 3.342 3.347 3.351 3.356 3.360 3.364 3.368 3.371 3.375 3.378 3.381 3.384 3.387 3.390 3.392 3.396 3.398 3.400 3.402 3.405 3.407 3.408 3.410
4.321 4.327 4.334 4.340 4.346 4.352 4.357 4.362 4.368 4.374 4.381 4.387 4.393 4.399 4.404 4.410 4.416 4.421 4.427 4.432 4.438 4.443 4.448 4.453 4.458 4.463 4.468 4.472 4.477 4.481 4.485 4.490 4.493 4.497 4.499 4.503 4.506 4.509 4.512 4.513 4.513 4.511 4.509 4.506 4.502 4.497 4.491 4.486 4.480 4.475 4.471 4.467 4.463 4.460 4.456 4.453 4.450 4.447 4.444 4.441 4.438 4.435 4.432 4.430 4.427 4.424 4.422 4.421 4.419 4.419 4.418 4.416 4.416 4.415 4.414 4.414 4.414
5.247 5.252 5.257 5.263 5.268 5.271 5.274 5.278 5.283 5.287 5.294 5.299 5.305 5.309 5.314 5.319 5.323 5.329 5.334 5.339 5.344 5.349 5.352 5.356 5.361 5.364 5.369 5.371 5.376 5.379 5.382 5.385 5.387 5.389 5.390 5.393 5.392 5.394 5.395 5.393 5.388 5.380 5.372 5.361 5.350 5.336 5.323 5.310 5.296 5.283 5.274 5.265 5.254 5.245 5.235 5.226 5.217 5.210 5.202 5.194 5.186 5.177 5.170 5.164 5.158 5.150 5.145 5.141 5.136 5.134 5.130 5.126 5.123 5.120 5.118 5.116 5.115
5.803 5.807 5.811 5.816 5.821 5.823 5.823 5.826 5.830 5.834 5.841 5.845 5.851 5.855 5.859 5.862 5.867 5.872 5.877 5.881 5.886 5.889 5.892 5.896 5.900 5.902 5.907 5.908 5.913 5.915 5.918 5.920 5.919 5.922 5.920 5.923 5.920 5.921 5.922 5.916 5.907 5.894 5.883 5.867 5.850 5.831 5.814 5.796 5.777 5.760 5.748 5.735 5.719 5.708 5.693 5.682 5.670 5.659 5.648 5.637 5.626 5.614 5.605 5.596 5.588 5.577 5.572 5.566 5.558 5.557 5.550 5.545 5.541 5.537 5.533 5.531 5.529
6.041 6.045 6.048 6.054 6.058 6.058 6.058 6.060 6.064 6.069 6.075 6.078 6.083 6.087 6.091 6.094 6.098 6.104 6.108 6.112 6.117 6.120 6.122 6.125 6.129 6.131 6.136 6.136 6.141 6.142 6.145 6.147 6.145 6.148 6.144 6.147 6.143 6.143 6.144 6.137 6.125 6.110 6.097 6.079 6.059 6.038 6.019 5.999 5.979 5.959 5.947 5.932 5.914 5.902 5.885 5.872 5.859 5.847 5.834 5.822 5.810 5.796 5.786 5.777 5.768 5.756 5.751 5.744 5.735 5.734 5.726 5.720 5.716 5.711 5.707 5.705 5.703
6.074 6.078 6.081 6.086 6.090 6.090 6.090 6.092 6.096 6.100 6.106 6.109 6.114 6.118 6.122 6.124 6.129 6.134 6.138 6.142 6.147 6.150 6.152 6.155 6.159 6.162 6.165 6.167 6.170 6.171 6.175 6.176 6.178 6.178 6.175 6.177 6.178 6.173 6.174 6.172 6.162 6.147 6.132 6.117 6.099 6.073 6.056 6.035 6.015 5.997 5.979 5.965 5.946 5.934 5.919 5.905 5.890 5.878 5.867 5.852 5.841 5.830 5.816 5.806 5.796 5.783 5.779 5.769 5.766 5.759 5.754 5.746 5.741 5.737 5.734 5.731 5.728
6.035 6.040 6.043 6.048 6.053 6.053 6.053 6.053 6.058 6.061 6.068 6.072 6.076 6.078 6.084 6.086 6.091 6.095 6.100 6.105 6.109 6.113 6.114 6.118 6.120 6.125 6.127 6.130 6.133 6.134 6.138 6.138 6.140 6.141 6.138 6.140 6.141 6.136 6.137 6.135 6.126 6.112 6.096 6.082 6.064 6.039 6.022 6.001 5.982 5.964 5.947 5.933 5.914 5.902 5.887 5.874 5.859 5.847 5.836 5.822 5.811 5.800 5.786 5.776 5.767 5.754 5.750 5.740 5.737 5.730 5.725 5.717 5.713 5.709 5.705 5.702 5.699
5.792 5.797 5.800 5.804 5.809 5.810 5.811 5.811 5.815 5.818 5.825 5.829 5.833 5.836 5.840 5.843 5.848 5.851 5.856 5.861 5.865 5.869 5.871 5.874 5.877 5.881 5.884 5.887 5.890 5.892 5.895 5.896 5.898 5.899 5.897 5.899 5.900 5.897 5.898 5.897 5.889 5.878 5.865 5.853 5.837 5.816 5.800 5.782 5.765 5.748 5.732 5.720 5.704 5.693 5.680 5.668 5.655 5.644 5.635 5.622 5.612 5.602 5.591 5.581 5.573 5.562 5.557 5.549 5.545 5.539 5.534 5.528 5.524 5.521 5.518 5.515 5.512
5.232 5.236 5.240 5.244 5.248 5.251 5.253 5.254 5.257 5.261 5.266 5.271 5.275 5.278 5.283 5.286 5.290 5.294 5.299 5.303 5.307 5.311 5.314 5.318 5.321 5.324 5.327 5.330 5.334 5.336 5.340 5.341 5.344 5.346 5.346 5.348 5.350 5.349 5.350 5.350 5.346 5.340 5.331 5.323 5.312 5.298 5.286 5.273 5.260 5.248 5.237 5.228 5.217 5.208 5.200 5.192 5.182 5.175 5.168 5.159 5.152 5.145 5.136 5.129 5.123 5.116 5.112 5.106 5.103 5.098 5.095 5.091 5.088 5.086 5.084 5.082 5.081
4.303 4.307 4.311 4.315 4.320 4.323 4.327 4.330 4.333 4.337 4.342 4.346 4.351 4.355 4.359 4.363 4.367 4.371 4.376 4.380 4.384 4.388 4.392 4.395 4.399 4.403 4.406 4.410 4.414 4.417 4.420 4.423 4.427 4.429 4.432 4.435 4.438 4.439 4.442 4.444 4.444 4.443 4.441 4.439 4.435 4.430 4.425 4.421 4.416 4.412 4.408 4.406 4.402 4.399 4.396 4.393 4.390 4.388 4.386 4.383 4.380 4.378 4.375 4.372 4.370 4.367 4.366 4.363 4.363 4.361 4.360 4.359 4.359 4.358 4.358 4.358 4.358
3.023 3.028 3.032 3.036 3.041 3.045 3.049 3.054 3.059 3.064 3.068 3.072 3.076 3.080 3.085 3.089 3.093 3.097 3.101 3.105 3.109 3.113 3.116 3.120 3.124 3.128 3.132 3.136 3.140 3.144 3.147 3.151 3.155 3.159 3.163 3.167 3.171 3.175 3.179 3.183 3.187 3.191 3.195 3.200 3.204 3.209 3.213 3.218 3.223 3.228 3.234 3.239 3.244 3.249 3.255 3.260 3.265 3.270 3.274 3.279 3.283 3.287 3.291 3.294 3.298 3.301 3.304 3.307 3.310 3.313 3.316 3.318 3.321 3.324 3.327 3.329 3.331
1.847 1.851 1.854 1.858 1.862 1.865 1.869 1.874 1.879 1.882 1.886 1.888 1.891 1.894 1.898 1.901 1.904 1.907 1.910 1.913 1.916 1.919 1.922 1.925 1.928 1.932 1.935 1.938 1.941 1.944 1.947 1.950 1.954 1.957 1.961 1.965 1.969 1.973 1.977 1.980 1.985 1.992 2.000 2.006 2.015 2.023 2.032 2.040 2.048 2.057 2.064 2.072 2.080 2.088 2.096 2.104 2.112 2.119 2.126 2.132 2.139 2.145 2.151 2.157 2.162 2.168 2.173 2.177 2.182 2.186 2.190 2.193 2.197 2.201 2.204 2.207 2.210
1.042 1.045 1.047 1.050 1.053 1.055 1.058 1.062 1.067 1.069 1.071 1.073 1.075 1.076 1.079 1.082 1.084 1.086 1.088 1.090 1.092 1.094 1.096 1.098 1.101 1.103 1.105 1.107 1.110 1.112 1.114 1.117 1.119 1.122 1.125 1.129 1.132 1.135 1.138 1.141 1.145 1.152 1.161 1.168 1.176 1.187 1.195 1.204 1.213 1.221 1.229 1.236 1.244 1.251 1.258 1.265 1.272 1.279 1.285 1.291 1.297 1.302 1.308 1.313 1.318 1.322 1.328 1.332 1.336 1.339 1.342 1.346 1.349 1.352 1.354 1.357 1.359
0.550 0.553 0.555 0.556 0.558 0.560 0.561 0.564 0.567 0.570 0.571 0.572 0.573 0.574 0.575 0.577 0.578 0.580 0.581 0.582 0.583 0.584 0.585 0.587 0.589 0.590 0.591 0.593 0.594 0.596 0.597 0.599 0.601 0.602 0.604 0.606 0.609 0.610 0.614 0.616 0.618 0.623 0.629 0.636 0.643 0.651 0.658 0.666 0.673 0.680 0.687 0.692 0.698 0.704 0.709 0.715 0.720 0.725 0.730 0.734 0.739 0.743 0.747 0.751 0.755 0.759 0.763 0.766 0.769 0.771 0.774 0.775 0.778 0.780 0.782 0.784 0.785
0.277 0.278 0.279 0.281 0.282 0.283 0.284 0.285 0.286 0.289 0.290 0.290 0.291 0.291 0.292 0.293 0.294 0.294 0.295 0.296 0.296 0.297 0.298 0.298 0.299 0.300 0.301 0.302 0.303 0.304 0.305 0.305 0.306 0.308 0.309 0.310 0.312 0.313 0.314 0.316 0.317 0.319 0.323 0.328 0.332 0.338 0.344 0.349 0.354 0.359 0.364 0.369 0.372 0.377 0.380 0.384 0.388 0.391 0.395 0.398 0.401 0.404 0.407 0.410 0.412 0.415 0.417 0.420 0.421 0.424 0.425 0.426 0.428 0.430 0.431 0.432 0.433
0.133 0.133 0.133 0.134 0.135 0.135 0.136 0.136 0.137 0.138 0.140 0.140 0.140 0.141 0.141 0.141 0.142 0.142 0.142 0.143 0.143 0.144 0.144 0.144 0.144 0.145 0.146 0.146 0.146 0.147 0.147 0.148 0.149 0.149 0.150 0.150 0.151 0.152 0.153 0.154 0.155 0.156 0.157 0.160 0.163 0.166 0.170 0.173 0.177 0.180 0.184 0.187 0.189 0.192 0.195 0.197 0.199 0.201 0.204 0.206 0.208 0.210 0.211 0.213 0.215 0.217 0.218 0.220 0.221 0.223 0.224 0.225 0.225 0.226 0.227 0.228 0.229
0.059 0.060 0.060 0.060 0.061 0.061 0.061 0.062 0.062 0.062 0.063 0.063 0.064 0.064 0.064 0.064 0.064 0.064 0.065 0.065 0.065 0.065 0.065 0.066 0.066 0.066 0.066 0.066 0.067 0.067 0.067 0.067 0.068 0.068 0.068 0.069 0.069 0.069 0.070 0.071 0.071 0.071 0.072 0.073 0.074 0.076 0.078 0.081 0.083 0.085 0.087 0.089 0.091 0.092 0.094 0.096 0.097 0.098 0.100 0.101 0.102 0.103 0.104 0.105 0.106 0.108 0.109 0.109 0.110 0.111 0.112 0.113 0.113 0.114 0.114 0.115 0.115
0.025 0.025 0.025 0.025 0.025 0.025 0.026 0.026 0.026 0.026 0.026 0.026 0.027 0.027 0.027 0.027 0.027 0.027 0.027 0.027 0.027 0.028 0.028 0.028 0.028 0.028 0.028 0.028 0.028 0.028 0.028 0.029 0.029 0.029 0.029 0.029 0.029 0.029 0.030 0.030 0.030 0.030 0.031 0.031 0.031 0.032 0.033 0.035 0.036 0.037 0.038 0.039 0.041 0.042 0.042 0.043 0.044 0.045 0.046 0.046 0.047 0.048 0.049 0.049 0.050 0.050 0.051 0.052 0.052 0.053 0.053 0.053 0.054 0.054 0.054 0.055 0.055
0.009 0.009 0.009 0.010 0.010 0.010 0.010 0.010 0.010 0.010 0.010 0.010 0.010 0.010 0.010 0.010 0.011 0.010 0.010 0.011 0.011 0.011 0.011 0.011 0.011 0.011 0.011 0.011 0.011 0.011 0.011 0.011 0.011 0.011 0.011 0.011 0.011 0.011 0.012 0.012 0.012 0.012 0.012 0.012 0.012 0.012 0.013 0.013 0.014 0.015 0.015 0.016 0.017 0.017 0.018 0.018 0.019 0.019 0.019 0.020 0.020 0.021 0.021 0.021 0.022 0.022 0.022 0.023 0.023 0.023 0.023 0.024 0.024 0.024 0.024 0.024 0.024
0.003 0.003 0.003 0.003 0.003 0.003 0.003 0.003 0.003 0.003 0.003 0.003 0.003 0.003 0.003 0.003 0.003 0.003 0.003 0.003 0.003 0.004 0.004 0.004 0.004 0.004 0.004 0.004 0.004 0.004 0.004 0.004 0.004 0.004 0.004 0.004 0.004 0.004 0.004 0.004 0.004 0.004 0.004 0.004 0.005 0.005 0.005 0.005 0.005 0.005 0.006 0.006 0.006 0.006 0.007 0.007 0.007 0.007 0.007 0.008 0.008 0.008 0.008 0.008 0.008 0.009 0.009 0.009 0.009 0.009 0.009 0.010 0.010 0.010 0.010 0.010 0.010
0.001 0.001 0.001 0.001 0.001 0.001 0.001 0.001 0.001 0.001 0.001 0.001 0.001 0.001 0.001 0.001 0.001 0.001 0.001 0.001 0.001 0.001 0.001 0.001 0.001 0.001 0.001 0.001 0.001 0.001 0.001 0.001 0.001 0.001 0.001 0.001 0.001 0.001 0.001 0.001 0.001 0.001 0.001 0.002 0.002 0.002 0.002 0.002 0.002 0.002 0.002 0.002 0.002 0.002 0.002 0.002 0.002 0.002 0.002 0.003 0.003 0.003 0.003 0.003 0.003 0.003 0.003 0.003 0.003 0.003 0.003 0.003 0.003 0.003 0.003 0.004 0.004
0.000 0.000 0.000 0.000 0.000 0.000 0.000 0.000 0.000 0.000 0.000 0.000 0.000 0.000 0.000 0.000 0.000 0.000 0.000 0.000 0.000 0.000 0.000 0.000 0.000 0.000 0.000 0.000 0.000 0.000 0.000 0.000 0.000 0.000 0.000 0.000 0.000 0.000 0.000 0.000 0.000 0.000 0.000 0.000 0.000 0.000 0.000 0.001 0.001 0.001 0.001 0.001 0.001 0.001 0.001 0.001 0.001 0.001 0.001 0.001 0.001 0.001 0.001 0.001 0.001 0.001 0.001 0.001 0.001 0.001 0.001 0.001 0.001 0.001 0.001 0.001 0.001
0.000 0.000 0.000 0.000 0.000 0.000 0.000 0.000 0.000 0.000 0.000 0.000 0.000 0.000 0.000 0.000 0.000 0.000 0.000 0.000 0.000 0.000 0.000 0.000 0.000 0.000 0.000 0.000 0.000 0.000 0.000 0.000 0.000 0.000 0.000 0.000 0.000 0.000 0.000 0.000 0.000 0.000 0.000 0.000 0.000 0.000 0.000 0.000 0.000 0.000 0.000 0.000 0.000 0.000 0.000 0.000 0.000 0.000 0.000 0.000 0.000 0.000 0.000 0.000 0.000 0.000 0.000 0.000 0.000 0.000 0.000 0.000 0.000 0.000 0.000 0.000 0.000
0.000 0.000 0.000 0.000 0.000 0.000 0.000 0.000 0.000 0.000 0.000 0.000 0.000 0.000 0.000 0.000 0.000 0.000 0.000 0.000 0.000 0.000 0.000 0.000 0.000 0.000 0.000 0.000 0.000 0.000 0.000 0.000 0.000 0.000 0.000 0.000 0.000 0.000 0.000 0.000 0.000 0.000 0.000 0.000 0.000 0.000 0.000 0.000 0.000 0.000 0.000 0.000 0.000 0.000 0.000 0.000 0.000 0.000 0.000 0.000 0.000 0.000 0.000 0.000 0.000 0.000 0.000 0.000 0.000 0.000 0.000 0.000 0.000 0.000 0.000 0.000 0.000
0.000 0.000 0.000 0.000 0.000 0.000 0.000 0.000 0.000 0.000 0.000 0.000 0.000 0.000 0.000 0.000 0.000 0.000 0.000 0.000 0.000 0.000 0.000 0.000 0.000 0.000 0.000 0.000 0.000 0.000 0.000 0.000 0.000 0.000 0.000 0.000 0.000 0.000 0.000 0.000 0.000 0.000 0.000 0.000 0.000 0.000 0.000 0.000 0.000 0.000 0.000 0.000 0.000 0.000 0.000 0.000 0.000 0.000 0.000 0.000 0.000 0.000 0.000 0.000 0.000 0.000 0.000 0.000 0.000 0.000 0.000 0.000 0.000 0.000 0.000 0.000 0.000
