data/CoulombOnly/Outputs_CoulombOnly/release1HS_03CoulombOnly_null_INRAEaval_pft.asc
ncols  1001
nrows  301
xllcenter  1000.00
yllcenter -5000.00
cellsize  5.00
nodata_value -9999.00
[rows 145 to 173 of 301, columns 469 to 535 of 1001]
1.69814 1.69809 1.69800 1.69787 1.69770 1.69750 1.69725 1.69697 1.69665 1.69629 1.69590 1.69547 1.69500 1.69450 1.69397 1.69341 1.69281 1.69218 1.69152 1.69083 1.69011 1.68935 1.68858 1.68777 1.68693 1.68607 1.68519 1.68427 1.68334 1.68238 1.68139 1.68039 1.67936 1.67831 1.67724 1.67615 1.67504 1.67391 1.67277 1.67160 1.67042 1.66923 1.66802 1.66680 1.66556 1.66431 1.66304 1.66177 1.66048 1.65918 1.65788 1.65656 1.65524 1.65391 1.65257 1.65122 1.64987 1.64852 1.64716 1.64580 1.64443 1.64306 1.64169 1.64032 1.63895 1.63758 1.63621
1.87289 1.87096 1.86900 1.86702 1.86503 1.86301 1.86098 1.85894 1.85688 1.85480 1.85271 1.85060 1.84848 1.84635 1.84420 1.84204 1.83987 1.83769 1.83550 1.83330 1.83108 1.82886 1.82663 1.82439 1.82214 1.81989 1.81763 1.81536 1.81309 1.81081 1.80853 1.80624 1.80395 1.80166 1.79936 1.79707 1.79477 1.79247 1.79017 1.78786 1.78556 1.78326 1.78097 1.77867 1.77637 1.77408 1.77179 1.76951 1.76723 1.76495 1.76268 1.76042 1.75816 1.75590 1.75366 1.75142 1.74919 1.74697 1.74476 1.74255 1.74036 1.73817 1.73600 1.73384 1.73169 1.72955 1.72742
2.00492 2.00150 1.99809 1.99467 1.99125 1.98783 1.98441 1.98098 1.97756 1.97414 1.97072 1.96730 1.96388 1.96046 1.95705 1.95364 1.95023 1.94683 1.94343 1.94004 1.93665 1.93327 1.92989 1.92652 1.92316 1.91980 1.91645 1.91311 1.90978 1.90646 1.90314 1.89984 1.89655 1.89327 1.89000 1.88674 1.88349 1.88025 1.87703 1.87382 1.87062 1.86744 1.86427 1.86111 1.85797 1.85485 1.85174 1.84864 1.84557 1.84251 1.83946 1.83644 1.83343 1.83044 1.82746 1.82451 1.82158 1.81866 1.81576 1.81289 1.81003 1.80720 1.80438 1.80159 1.79882 1.79607 1.79334
2.09504 2.09061 2.08619 2.08177 2.07737 2.07298 2.06859 2.06422 2.05986 2.05551 2.05117 2.04684 2.04253 2.03822 2.03393 2.02966 2.02540 2.02115 2.01691 2.01270 2.00849 2.00431 2.00014 1.99598 1.99184 1.98772 1.98362 1.97953 1.97546 1.97142 1.96739 1.96337 1.95938 1.95541 1.95146 1.94753 1.94362 1.93973 1.93586 1.93201 1.92819 1.92439 1.92061 1.91685 1.91312 1.90941 1.90572 1.90206 1.89842 1.89481 1.89122 1.88766 1.88412 1.88061 1.87712 1.87366 1.87023 1.86682 1.86344 1.86009 1.85677 1.85347 1.85020 1.84696 1.84374 1.84056 1.83740
2.14339 2.13841 2.13345 2.12850 2.12357 2.11865 2.11375 2.10886 2.10400 2.09915 2.09431 2.08950 2.08470 2.07992 2.07516 2.07042 2.06570 2.06099 2.05631 2.05165 2.04701 2.04239 2.03779 2.03321 2.02866 2.02413 2.01961 2.01513 2.01066 2.00622 2.00180 1.99741 1.99304 1.98870 1.98438 1.98008 1.97582 1.97157 1.96736 1.96316 1.95900 1.95486 1.95075 1.94667 1.94261 1.93858 1.93458 1.93061 1.92667 1.92275 1.91887 1.91501 1.91118 1.90738 1.90362 1.89988 1.89617 1.89249 1.88885 1.88523 1.88164 1.87809 1.87457 1.87108 1.86762 1.86420 1.86080
2.14948 2.14444 2.13941 2.13440 2.12941 2.12443 2.11947 2.11452 2.10959 2.10468 2.09979 2.09492 2.09006 2.08522 2.08041 2.07561 2.07083 2.06607 2.06134 2.05662 2.05192 2.04725 2.04260 2.03797 2.03336 2.02878 2.02421 2.01968 2.01516 2.01067 2.00620 2.00176 1.99734 1.99295 1.98858 1.98424 1.97992 1.97563 1.97137 1.96713 1.96292 1.95874 1.95458 1.95045 1.94635 1.94228 1.93824 1.93422 1.93023 1.92628 1.92235 1.91845 1.91458 1.91074 1.90693 1.90315 1.89940 1.89568 1.89199 1.88834 1.88471 1.88112 1.87756 1.87403 1.87053 1.86706 1.86363
2.11310 2.10847 2.10386 2.09925 2.09466 2.09008 2.08551 2.08095 2.07641 2.07188 2.06736 2.06285 2.05836 2.05388 2.04942 2.04497 2.04054 2.03612 2.03172 2.02734 2.02297 2.01862 2.01429 2.00997 2.00567 2.00139 1.99713 1.99289 1.98867 1.98447 1.98029 1.97612 1.97198 1.96786 1.96376 1.95969 1.95563 1.95160 1.94758 1.94360 1.93963 1.93569 1.93177 1.92788 1.92401 1.92016 1.91634 1.91254 1.90877 1.90502 1.90130 1.89761 1.89394 1.89030 1.88669 1.88310 1.87954 1.87601 1.87250 1.86903 1.86558 1.86216 1.85877 1.85540 1.85207 1.84877 1.84549
2.03473 2.03099 2.02724 2.02350 2.01976 2.01602 2.01228 2.00855 2.00482 2.00108 1.99736 1.99363 1.98991 1.98620 1.98249 1.97878 1.97509 1.97139 1.96771 1.96403 1.96036 1.95669 1.95304 1.94939 1.94575 1.94212 1.93850 1.93489 1.93130 1.92771 1.92413 1.92057 1.91702 1.91348 1.90995 1.90644 1.90294 1.89945 1.89598 1.89253 1.88909 1.88566 1.88225 1.87886 1.87548 1.87212 1.86878 1.86545 1.86215 1.85886 1.85559 1.85234 1.84911 1.84590 1.84270 1.83953 1.83638 1.83325 1.83014 1.82706 1.82399 1.82095 1.81793 1.81493 1.81196 1.80901 1.80608
1.91399 1.91157 1.90914 1.90669 1.90423 1.90175 1.89925 1.89675 1.89423 1.89170 1.88916 1.88660 1.88404 1.88147 1.87888 1.87629 1.87369 1.87108 1.86846 1.86583 1.86320 1.86056 1.85792 1.85527 1.85262 1.84996 1.84730 1.84464 1.84197 1.83930 1.83664 1.83397 1.83129 1.82862 1.82595 1.82328 1.82062 1.81795 1.81529 1.81263 1.80997 1.80732 1.80467 1.80203 1.79939 1.79676 1.79413 1.79152 1.78891 1.78630 1.78371 1.78112 1.77855 1.77598 1.77342 1.77088 1.76834 1.76582 1.76331 1.76081 1.75833 1.75585 1.75339 1.75095 1.74852 1.74611 1.74371
1.74878 1.74807 1.74732 1.74653 1.74571 1.74486 1.74397 1.74305 1.74210 1.74111 1.74010 1.73905 1.73797 1.73687 1.73573 1.73457 1.73338 1.73216 1.73092 1.72965 1.72836 1.72705 1.72571 1.72435 1.72297 1.72156 1.72014 1.71870 1.71724 1.71576 1.71426 1.71274 1.71121 1.70967 1.70811 1.70654 1.70495 1.70335 1.70174 1.70011 1.69848 1.69683 1.69518 1.69352 1.69185 1.69017 1.68849 1.68680 1.68511 1.68341 1.68171 1.68000 1.67829 1.67658 1.67487 1.67316 1.67145 1.66974 1.66803 1.66632 1.66462 1.66292 1.66122 1.65953 1.65784 1.65616 1.65448
1.52889 1.53012 1.53130 1.53242 1.53348 1.53450 1.53546 1.53636 1.53722 1.53803 1.53878 1.53949 1.54015 1.54076 1.54133 1.54185 1.54233 1.54276 1.54315 1.54350 1.54380 1.54407 1.54430 1.54449 1.54465 1.54476 1.54484 1.54489 1.54490 1.54488 1.54483 1.54475 1.54464 1.54450 1.54433 1.54413 1.54391 1.54366 1.54338 1.54309 1.54277 1.54242 1.54206 1.54168 1.54127 1.54085 1.54041 1.53996 1.53949 1.53900 1.53850 1.53798 1.53746 1.53692 1.53637 1.53581 1.53524 1.53466 1.53408 1.53348 1.53289 1.53229 1.53168 1.53107 1.53045 1.52984 1.52922
1.12712 1.13227 1.13735 1.14237 1.14732 1.15221 1.15703 1.16179 1.16648 1.17111 1.17567 1.18017 1.18461 1.18899 1.19330 1.19755 1.20174 1.20587 1.20994 1.21395 1.21790 1.22179 1.22563 1.22940 1.23312 1.23678 1.24039 1.24393 1.24742 1.25086 1.25424 1.25757 1.26084 1.26406 1.26723 1.27034 1.27341 1.27642 1.27938 1.28228 1.28514 1.28795 1.29071 1.29342 1.29609 1.29870 1.30128 1.30380 1.30629 1.30873 1.31113 1.31348 1.31580 1.31808 1.32032 1.32252 1.32468 1.32681 1.32890 1.33097 1.33299 1.33499 1.33695 1.33889 1.34079 1.34267 1.34452
0.92134 0.92786 0.93431 0.94069 0.94700 0.95325 0.95942 0.96552 0.97156 0.97753 0.98342 0.98925 0.99501 1.00070 1.00633 1.01188 1.01737 1.02280 1.02815 1.03345 1.03867 1.04384 1.04894 1.05398 1.05895 1.06387 1.06873 1.07352 1.07826 1.08294 1.08757 1.09214 1.09665 1.10111 1.10552 1.10988 1.11419 1.11845 1.12266 1.12683 1.13095 1.13502 1.13906 1.14304 1.14699 1.15089 1.15475 1.15857 1.16235 1.16608 1.16978 1.17344 1.17706 1.18064 1.18418 1.18768 1.19115 1.19458 1.19798 1.20133 1.20466 1.20795 1.21120 1.21442 1.21760 1.22075 1.22387
0.70475 0.71279 0.72076 0.72869 0.73656 0.74437 0.75212 0.75981 0.76745 0.77502 0.78252 0.78996 0.79734 0.80465 0.81189 0.81907 0.82617 0.83321 0.84018 0.84707 0.85390 0.86065 0.86734 0.87395 0.88049 0.88696 0.89335 0.89968 0.90593 0.91211 0.91822 0.92426 0.93022 0.93611 0.94194 0.94769 0.95337 0.95898 0.96452 0.96999 0.97540 0.98073 0.98600 0.99121 0.99634 1.00142 1.00643 1.01138 1.01627 1.02109 1.02586 1.03057 1.03523 1.03983 1.04437 1.04886 1.05330 1.05769 1.06203 1.06632 1.07056 1.07476 1.07892 1.08303 1.08710 1.09113 1.09513
0.48469 0.49345 0.50220 0.51095 0.51969 0.52841 0.53713 0.54582 0.55449 0.56314 0.57176 0.58035 0.58892 0.59744 0.60593 0.61439 0.62280 0.63116 0.63948 0.64776 0.65598 0.66415 0.67227 0.68034 0.68835 0.69630 0.70419 0.71203 0.71980 0.72751 0.73515 0.74273 0.75025 0.75770 0.76508 0.77239 0.77964 0.78681 0.79392 0.80096 0.80793 0.81483 0.82166 0.82842 0.83511 0.84173 0.84828 0.85476 0.86117 0.86751 0.87378 0.87998 0.88611 0.89218 0.89818 0.90411 0.90997 0.91577 0.92151 0.92717 0.93278 0.93832 0.94380 0.94922 0.95457 0.95987 0.96511
0.28704 0.29507 0.30317 0.31135 0.31959 0.32789 0.33625 0.34467 0.35314 0.36166 0.37023 0.37883 0.38747 0.39614 0.40483 0.41355 0.42229 0.43105 0.43982 0.44860 0.45738 0.46617 0.47495 0.48372 0.49249 0.50125 0.50999 0.51871 0.52741 0.53608 0.54473 0.55334 0.56193 0.57048 0.57899 0.58746 0.59589 0.60428 0.61262 0.62091 0.62915 0.63734 0.64547 0.65356 0.66158 0.66955 0.67746 0.68531 0.69310 0.70082 0.70849 0.71609 0.72363 0.73110 0.73851 0.74585 0.75313 0.76034 0.76748 0.77456 0.78157 0.78852 0.79539 0.80221 0.80895 0.81563 0.82225
0.13953 0.14536 0.15132 0.15741 0.16364 0.17000 0.17649 0.18311 0.18985 0.19671 0.20370 0.21080 0.21801 0.22533 0.23276 0.24029 0.24791 0.25564 0.26345 0.27136 0.27934 0.28740 0.29554 0.30375 0.31203 0.32037 0.32876 0.33721 0.34571 0.35425 0.36284 0.37146 0.38011 0.38879 0.39749 0.40622 0.41496 0.42371 0.43247 0.44124 0.45000 0.45877 0.46753 0.47627 0.48501 0.49373 0.50243 0.51111 0.51976 0.52839 0.53698 0.54554 0.55407 0.56256 0.57101 0.57942 0.58779 0.59611 0.60438 0.61261 0.62078 0.62891 0.63698 0.64499 0.65295 0.66086 0.66871
0.05396 0.05712 0.06042 0.06386 0.06743 0.07115 0.07500 0.07900 0.08314 0.08743 0.09186 0.09644 0.10116 0.10603 0.11105 0.11622 0.12153 0.12698 0.13258 0.13832 0.14421 0.15023 0.15639 0.16268 0.16911 0.17567 0.18236 0.18917 0.19610 0.20315 0.21032 0.21760 0.22498 0.23247 0.24007 0.24775 0.25553 0.26340 0.27135 0.27938 0.28749 0.29567 0.30391 0.31222 0.32059 0.32900 0.33747 0.34598 0.35454 0.36312 0.37174 0.38039 0.38906 0.39776 0.40646 0.41518 0.42391 0.43264 0.44137 0.45010 0.45883 0.46754 0.47624 0.48493 0.49360 0.50225 0.51087
0.01695 0.01821 0.01956 0.02099 0.02251 0.02412 0.02583 0.02763 0.02953 0.03154 0.03366 0.03589 0.03824 0.04070 0.04329 0.04600 0.04884 0.05180 0.05490 0.05814 0.06151 0.06503 0.06868 0.07248 0.07642 0.08051 0.08474 0.08912 0.09366 0.09833 0.10316 0.10814 0.11326 0.11853 0.12395 0.12952 0.13523 0.14108 0.14707 0.15320 0.15947 0.16587 0.17240 0.17906 0.18585 0.19276 0.19979 0.20694 0.21419 0.22156 0.22903 0.23660 0.24427 0.25203 0.25988 0.26781 0.27582 0.28391 0.29207 0.30029 0.30858 0.31692 0.32532 0.33376 0.34225 0.35079 0.35935
0.00485 0.00524 0.00566 0.00611 0.00661 0.00714 0.00771 0.00833 0.00899 0.00971 0.01048 0.01131 0.01219 0.01314 0.01416 0.01524 0.01640 0.01763 0.01895 0.02035 0.02183 0.02341 0.02509 0.02686 0.02873 0.03071 0.03279 0.03499 0.03731 0.03975 0.04230 0.04498 0.04780 0.05074 0.05381 0.05702 0.06037 0.06386 0.06750 0.07127 0.07519 0.07926 0.08348 0.08784 0.09236 0.09702 0.10184 0.10680 0.11191 0.11717 0.12258 0.12814 0.13384 0.13968 0.14566 0.15179 0.15805 0.16445 0.17098 0.17763 0.18442 0.19133 0.19835 0.20550 0.21275 0.22012 0.22759
0.00175 0.00184 0.00194 0.00205 0.00218 0.00232 0.00247 0.00264 0.00282 0.00303 0.00325 0.00350 0.00376 0.00406 0.00437 0.00472 0.00509 0.00550 0.00594 0.00642 0.00694 0.00750 0.00810 0.00875 0.00945 0.01021 0.01102 0.01189 0.01282 0.01382 0.01489 0.01603 0.01724 0.01854 0.01992 0.02139 0.02295 0.02460 0.02635 0.02820 0.03016 0.03223 0.03441 0.03671 0.03912 0.04166 0.04432 0.04711 0.05003 0.05309 0.05628 0.05961 0.06309 0.06670 0.07046 0.07437 0.07842 0.08262 0.08697 0.09147 0.09613 0.10093 0.10588 0.11098 0.11624 0.12164 0.12719
0.00114 0.00115 0.00117 0.00119 0.00121 0.00124 0.00127 0.00131 0.00135 0.00139 0.00145 0.00151 0.00157 0.00165 0.00173 0.00182 0.00192 0.00204 0.00216 0.00230 0.00245 0.00261 0.00280 0.00300 0.00322 0.00345 0.00372 0.00400 0.00431 0.00465 0.00501 0.00541 0.00584 0.00631 0.00682 0.00736 0.00795 0.00859 0.00928 0.01002 0.01081 0.01166 0.01257 0.01355 0.01460 0.01572 0.01691 0.01819 0.01954 0.02098 0.02251 0.02414 0.02586 0.02769 0.02961 0.03165 0.03380 0.03606 0.03844 0.04095 0.04358 0.04633 0.04922 0.05224 0.05540 0.05869 0.06213
0.00102 0.00101 0.00101 0.00101 0.00101 0.00102 0.00103 0.00104 0.00106 0.00108 0.00111 0.00114 0.00117 0.00118 0.00117 0.00119 0.00121 0.00123 0.00126 0.00129 0.00132 0.00136 0.00140 0.00145 0.00151 0.00157 0.00165 0.00173 0.00181 0.00191 0.00202 0.00214 0.00227 0.00242 0.00258 0.00275 0.00295 0.00316 0.00339 0.00364 0.00391 0.00421 0.00454 0.00489 0.00527 0.00569 0.00614 0.00663 0.00716 0.00773 0.00834 0.00900 0.00971 0.01048 0.01130 0.01219 0.01313 0.01414 0.01523 0.01638 0.01762 0.01893 0.02033 0.02181 0.02339 0.02506 0.02684
0.00100 0.00100 0.00100 0.00100 0.00100 0.00100 0.00101 0.00101 0.00101 0.00102 0.00102 0.00102 0.00103 0.00103 0.00102 0.00102 0.00101 0.00101 0.00102 0.00104 0.00106 0.00108 0.00110 0.00113 0.00116 0.00120 0.00123 0.00121 0.00122 0.00124 0.00126 0.00129 0.00132 0.00135 0.00139 0.00144 0.00149 0.00155 0.00162 0.00169 0.00177 0.00186 0.00196 0.00208 0.00220 0.00233 0.00248 0.00265 0.00283 0.00302 0.00324 0.00348 0.00373 0.00401 0.00432 0.00465 0.00501 0.00540 0.00582 0.00628 0.00677 0.00731 0.00789 0.00851 0.00918 0.00990 0.01068
0.00100 0.00100 0.00100 0.00100 0.00100 0.00100 0.00100 0.00100 0.00100 0.00100 0.00100 0.00100 0.00100 0.00100 0.00100 0.00100 0.00100 0.00100 0.00100 0.00101 0.00101 0.00101 0.00102 0.00102 0.00103 0.00103 0.00104 0.00103 0.00102 0.00101 0.00102 0.00104 0.00106 0.00108 0.00111 0.00113 0.00117 0.00121 0.00125 0.00128 0.00124 0.00125 0.00127 0.00130 0.00133 0.00136 0.00140 0.00144 0.00149 0.00155 0.00162 0.00169 0.00177 0.00186 0.00196 0.00207 0.00219 0.00232 0.00247 0.00263 0.00280 0.00299 0.00321 0.00344 0.00369 0.00396 0.00426
0.00100 0.00100 0.00100 0.00100 0.00100 0.00100 0.00100 0.00100 0.00100 0.00100 0.00100 0.00100 0.00100 0.00100 0.00100 0.00100 0.00100 0.00100 0.00100 0.00100 0.00100 0.00100 0.00100 0.00100 0.00100 0.00100 0.00100 0.00100 0.00100 0.00100 0.00100 0.00101 0.00101 0.00101 0.00102 0.00102 0.00103 0.00103 0.00104 0.00104 0.00103 0.00103 0.00102 0.00104 0.00106 0.00108 0.00111 0.00114 0.00118 0.00122 0.00127 0.00132 0.00130 0.00127 0.00129 0.00132 0.00134 0.00138 0.00142 0.00146 0.00151 0.00157 0.00164 0.00171 0.00179 0.00188 0.00199
0.00100 0.00100 0.00100 0.00100 0.00100 0.00100 0.00100 0.00100 0.00100 0.00100 0.00100 0.00100 0.00100 0.00100 0.00100 0.00100 0.00100 0.00100 0.00100 0.00100 0.00100 0.00100 0.00100 0.00100 0.00100 0.00100 0.00100 0.00100 0.00100 0.00100 0.00100 0.00100 0.00100 0.00100 0.00100 0.00100 0.00100 0.00100 0.00100 0.00100 0.00100 0.00100 0.00100 0.00101 0.00101 0.00101 0.00102 0.00102 0.00103 0.00103 0.00104 0.00105 0.00104 0.00104 0.00103 0.00104 0.00106 0.00109 0.00112 0.00116 0.00120 0.00125 0.00130 0.00136 0.00138 0.00130 0.00132
0.00100 0.00100 0.00100 0.00100 0.00100 0.00100 0.00100 0.00100 0.00100 0.00100 0.00100 0.00100 0.00100 0.00100 0.00100 0.00100 0.00100 0.00100 0.00100 0.00100 0.00100 0.00100 0.00100 0.00100 0.00100 0.00100 0.00100 0.00100 0.00100 0.00100 0.00100 0.00100 0.00100 0.00100 0.00100 0.00100 0.00100 0.00100 0.00100 0.00100 0.00100 0.00100 0.00100 0.00100 0.00100 0.00100 0.00100 0.00100 0.00100 0.00100 0.00100 0.00100 0.00100 0.00100 0.00100 0.00101 0.00101 0.00101 0.00102 0.00102 0.00103 0.00104 0.00104 0.00105 0.00105 0.00104 0.00104
0.00100 0.00100 0.00100 0.00100 0.00100 0.00100 0.00100 0.00100 0.00100 0.00100 0.00100 0.00100 0.00100 0.00100 0.00100 0.00100 0.00100 0.00100 0.00100 0.00100 0.00100 0.00100 0.00100 0.00100 0.00100 0.00100 0.00100 0.00100 0.00100 0.00100 0.00100 0.00100 0.00100 0.00100 0.00100 0.00100 0.00100 0.00100 0.00100 0.00100 0.00100 0.00100 0.00100 0.00100 0.00100 0.00100 0.00100 0.00100 0.00100 0.00100 0.00100 0.00100 0.00100 0.00100 0.00100 0.00100 0.00100 0.00100 0.00100 0.00100 0.00100 0.00100 0.00100 0.00100 0.00101 0.00100 0.00101
