data/CoulombOnly/Outputs_CoulombOnly/release1HS_03CoulombOnly_null_avaflow_pfv.asc
ncols 1002
nrows 302
xllcenter 995.00
yllcenter -5005.00
cellsize 5.00
NODATA_value -9999.000
[rows 155 to 185 of 302, columns 497 to 567 of 1002]
83.968 83.580 83.375 83.019 82.827 82.449 82.104 81.885 81.540 81.320 80.980 80.723 80.405 80.188 79.921 79.607 79.349 79.024 78.804 78.458 78.216 77.902 77.573 77.364 77.050 76.732 76.518 76.200 75.886 75.577 75.371 75.044 74.734 74.522 74.211 73.893 73.576 73.263 73.053 72.739 72.427 72.112 71.805 71.506 71.284 70.972 70.676 70.361 70.053 69.740 69.431 69.112 68.797 68.485 68.256 67.939 67.536 67.295 66.979 66.654 66.341 66.027 65.698 65.388 65.071 64.750 64.424 64.102 63.774 63.446 63.129
83.545 83.299 82.994 82.743 82.427 82.213 81.855 81.646 81.300 81.072 80.742 80.503 80.272 79.927 79.699 79.353 79.129 78.866 78.548 78.211 77.969 77.665 77.424 77.117 76.889 76.599 76.279 76.051 75.738 75.424 75.211 74.896 74.583 74.284 74.062 73.760 73.439 73.205 72.907 72.599 72.285 72.048 71.740 71.433 71.140 70.833 70.529 70.220 69.994 69.680 69.372 69.054 68.739 68.431 68.120 67.793 67.479 67.170 66.931 66.595 66.291 65.961 65.653 65.330 65.011 64.689 64.367 64.044 63.721 63.405 63.068
82.651 82.439 82.214 81.998 81.776 81.443 81.201 80.969 80.733 80.504 80.272 80.037 79.810 79.460 79.226 79.002 78.675 78.453 78.202 78.012 77.658 77.463 77.108 76.926 76.590 76.280 76.086 75.778 75.563 75.253 74.944 74.628 74.420 74.108 73.793 73.578 73.246 72.939 72.722 72.413 72.090 71.784 71.581 71.278 70.971 70.667 70.366 70.032 69.726 69.509 69.188 68.880 68.568 68.248 67.935 67.629 67.305 66.978 66.756 66.434 66.130 65.814 65.495 65.172 64.849 64.524 64.209 63.883 63.543 63.227 62.898
81.778 81.546 81.326 81.100 80.877 80.650 80.413 80.185 79.954 79.726 79.496 79.262 79.032 78.811 78.579 78.276 78.045 77.812 77.593 77.289 77.064 76.767 76.540 76.317 76.032 75.801 75.524 75.311 75.002 74.781 74.479 74.179 73.958 73.642 73.411 73.106 72.800 72.576 72.272 71.969 71.737 71.436 71.128 70.832 70.524 70.217 69.990 69.682 69.377 69.071 68.827 68.514 68.204 67.890 67.572 67.263 67.016 66.702 66.397 66.070 65.757 65.442 65.199 64.891 64.567 64.238 63.913 63.577 63.248 63.011 62.687
80.385 80.151 79.917 79.678 79.444 79.210 78.978 78.743 78.508 78.280 78.049 77.814 77.582 77.349 77.120 76.891 76.607 76.379 76.149 75.868 75.638 75.411 75.119 74.887 74.599 74.369 74.137 73.844 73.614 73.383 73.083 72.852 72.617 72.325 72.093 71.802 71.505 71.269 71.028 70.738 70.498 70.268 69.966 69.718 69.416 69.164 68.930 68.621 68.376 68.138 67.891 67.590 67.349 67.028 66.787 66.544 66.240 65.985 65.678 65.437 65.120 64.798 64.554 64.230 63.913 63.654 63.342 63.086 62.779 62.456 62.137
79.442 79.203 79.004 78.769 78.531 78.295 78.057 77.815 77.611 77.375 77.137 76.904 76.667 76.437 76.199 75.960 75.721 75.479 75.235 74.996 74.751 74.510 74.267 74.032 73.791 73.545 73.299 73.060 72.821 72.522 72.273 72.031 71.783 71.544 71.303 71.060 70.768 70.515 70.277 69.984 69.730 69.487 69.237 68.939 68.688 68.436 68.132 67.876 67.573 67.322 67.006 66.757 66.508 66.205 65.949 65.643 65.390 65.077 64.827 64.572 64.272 64.012 63.695 63.446 63.125 62.875 62.559 62.247 61.987 61.675 61.357
78.765 78.562 78.315 78.094 77.849 77.630 77.383 77.134 76.912 76.672 76.419 76.199 75.950 75.698 75.482 75.233 74.979 74.731 74.512 74.264 74.007 73.754 73.498 73.240 72.984 72.755 72.511 72.254 72.001 71.744 71.493 71.237 70.980 70.721 70.464 70.205 69.943 69.679 69.418 69.161 68.902 68.602 68.333 68.075 67.812 67.549 67.281 66.970 66.709 66.437 66.171 65.861 65.590 65.320 65.056 64.735 64.466 64.195 63.873 63.605 63.281 63.013 62.692 62.423 62.104 61.833 61.521 61.251 60.938 60.614 60.361
78.420 78.199 77.957 77.731 77.506 77.252 77.023 76.801 76.544 76.305 76.073 75.840 75.574 75.331 75.097 74.830 74.586 74.326 74.077 73.811 73.560 73.297 73.045 72.786 72.540 72.270 72.001 71.751 71.478 71.212 70.952 70.676 70.406 70.135 69.862 69.581 69.302 69.032 68.755 68.478 68.196 67.918 67.641 67.358 67.079 66.797 66.520 66.238 65.960 65.679 65.402 65.125 64.843 64.562 64.284 64.002 63.723 63.441 63.169 62.888 62.556 62.273 61.989 61.707 61.374 61.087 60.760 60.479 60.139 59.854 59.523
77.658 77.436 77.204 76.966 76.725 76.472 76.214 75.959 75.702 75.452 75.198 74.950 74.715 74.484 74.259 74.034 73.808 73.554 73.323 73.089 72.819 72.588 72.359 72.074 71.842 71.634 71.355 71.131 70.905 70.633 70.408 70.128 69.900 69.625 69.393 69.120 68.876 68.604 68.358 68.083 67.836 67.557 67.304 67.023 66.765 66.479 66.197 65.926 65.642 65.349 65.077 64.794 64.495 64.197 63.903 63.606 63.322 63.029 62.719 62.415 62.105 61.802 61.494 61.176 60.862 60.547 60.229 59.907 59.576 59.247 58.918
76.570 76.316 76.060 75.803 75.544 75.282 75.020 74.753 74.485 74.213 74.008 73.758 73.570 73.369 73.168 72.961 72.751 72.538 72.322 72.103 71.881 71.658 71.437 71.210 70.979 70.751 70.519 70.285 70.045 69.807 69.563 69.320 69.076 68.827 68.579 68.327 68.054 67.796 67.536 67.254 66.981 66.702 66.432 66.146 65.881 65.578 65.313 65.026 64.764 64.476 64.189 63.932 63.647 63.355 63.108 62.824 62.540 62.245 61.950 61.703 61.415 61.123 60.831 60.534 60.238 59.940 59.646 59.347 59.046 58.742 58.437
76.622 76.362 76.099 75.846 75.592 75.332 75.072 74.808 74.542 74.271 73.996 73.713 73.426 73.145 72.866 72.589 72.308 72.025 71.739 71.455 71.171 70.898 70.632 70.362 70.083 69.784 69.487 69.194 68.903 68.611 68.312 68.026 67.739 67.463 67.175 66.892 66.607 66.320 66.032 65.744 65.466 65.212 64.993 64.733 64.464 64.246 63.972 63.705 63.479 63.201 62.923 62.693 62.409 62.125 61.882 61.598 61.347 61.058 60.762 60.509 60.212 59.915 59.659 59.357 59.092 58.791 58.483 58.177 57.912 57.606 57.287
74.797 74.527 74.250 74.027 73.848 73.670 73.504 73.324 73.153 72.979 72.796 72.682 72.502 72.298 72.142 71.916 71.711 71.488 71.264 71.051 70.841 70.639 70.433 70.213 69.972 69.718 69.463 69.184 68.904 68.620 68.332 68.053 67.776 67.501 67.217 66.936 66.654 66.368 66.080 65.792 65.503 65.200 64.894 64.590 64.285 63.983 63.690 63.397 63.099 62.798 62.493 62.185 61.864 61.540 61.217 60.896 60.571 60.247 59.923 59.592 59.252 58.892 58.547 58.210 57.859 57.495 57.215 56.940 56.658 56.371 56.019
74.735 74.543 74.258 73.959 73.653 73.385 73.121 72.893 72.651 72.391 72.115 71.839 71.561 71.282 71.002 70.718 70.419 70.122 69.819 69.516 69.214 68.914 68.614 68.311 67.984 67.655 67.368 67.184 66.941 66.760 66.587 66.336 66.156 65.979 65.805 65.615 65.413 65.180 64.942 64.677 64.404 64.131 63.853 63.581 63.348 63.097 62.888 62.662 62.468 62.269 62.059 61.826 61.547 61.243 60.938 60.620 60.290 59.968 59.714 59.472 59.217 58.939 58.597 58.244 57.870 57.521 57.180 56.876 56.557 56.230 55.905
73.479 73.202 72.915 72.623 72.331 72.037 71.735 71.435 71.141 70.841 70.539 70.207 70.043 69.824 69.663 69.499 69.338 69.190 69.040 68.890 68.744 68.576 68.435 68.217 67.961 67.599 67.318 67.080 66.775 66.476 66.235 65.950 65.650 65.342 65.032 64.714 64.419 64.134 63.844 63.551 63.246 62.931 62.619 62.308 61.996 61.683 61.371 61.041 60.717 60.393 60.070 59.746 59.453 59.267 58.989 58.723 58.447 58.240 57.971 57.743 57.446 57.188 56.874 56.590 56.307 55.985 55.701 55.423 55.143 54.874 54.610
71.873 71.566 71.258 70.940 70.621 70.302 70.048 69.881 69.771 69.679 69.970 70.137 69.940 69.617 69.282 68.905 68.619 68.367 68.138 67.856 67.576 67.277 66.976 66.667 66.360 66.051 65.728 65.402 65.074 64.771 64.470 64.167 63.862 63.551 63.337 63.119 62.960 62.745 62.573 62.349 62.179 62.012 61.845 61.674 61.470 61.239 60.976 60.664 60.313 59.972 59.608 59.306 59.044 58.836 58.679 58.455 58.149 57.868 57.460 57.079 56.751 56.395 56.057 55.712 55.363 55.043 54.716 54.384 54.047 53.706 53.359
70.756 70.496 70.220 69.939 69.645 69.358 69.075 69.561 69.313 69.049 68.648 68.276 67.961 67.679 67.412 67.131 66.857 66.633 66.321 66.003 65.714 65.432 65.170 64.895 64.615 64.325 64.116 63.908 63.703 63.507 63.314 63.207 63.122 63.388 63.122 62.779 62.388 62.020 61.682 61.549 61.339 61.046 60.791 60.471 60.112 59.819 59.495 59.216 58.905 58.589 58.273 57.949 57.617 57.279 56.937 56.605 56.260 55.926 55.581 55.235 54.914 54.648 54.274 53.989 53.700 53.409 53.116 52.821 52.520 52.209 51.896
0.000 0.000 0.000 0.000 0.000 0.000 0.000 0.000 0.000 0.000 0.000 0.000 0.000 0.000 0.000 0.000 0.000 0.000 0.000 0.000 0.000 0.000 0.000 0.000 0.000 0.000 0.000 0.000 0.000 0.000 0.000 0.000 0.000 0.000 0.000 0.000 0.000 0.000 0.000 0.000 0.000 0.000 0.000 54.146 54.366 54.299 54.251 53.989 53.751 53.478 53.192 52.879 52.546 52.222 51.913 51.692 51.513 51.751 51.638 51.391 51.015 50.616 50.155 49.874 49.564 49.171 48.753 48.387 48.022 48.408 48.070
0.000 0.000 0.000 0.000 0.000 0.000 0.000 0.000 0.000 0.000 0.000 0.000 0.000 0.000 0.000 0.000 0.000 0.000 0.000 0.000 0.000 0.000 0.000 0.000 0.000 0.000 0.000 0.000 0.000 0.000 0.000 0.000 0.000 0.000 0.000 0.000 0.000 0.000 0.000 0.000 0.000 0.000 0.000 0.000 0.000 0.000 0.000 0.000 0.000 0.000 0.000 0.000 0.000 0.000 0.000 0.000 0.000 0.000 0.000 0.000 0.000 0.000 0.000 0.000 0.000 0.000 0.000 0.000 0.000 0.000 0.000
0.000 0.000 0.000 0.000 0.000 0.000 0.000 0.000 0.000 0.000 0.000 0.000 0.000 0.000 0.000 0.000 0.000 0.000 0.000 0.000 0.000 0.000 0.000 0.000 0.000 0.000 0.000 0.000 0.000 0.000 0.000 0.000 0.000 0.000 0.000 0.000 0.000 0.000 0.000 0.000 0.000 0.000 0.000 0.000 0.000 0.000 0.000 0.000 0.000 0.000 0.000 0.000 0.000 0.000 0.000 0.000 0.000 0.000 0.000 0.000 0.000 0.000 0.000 0.000 0.000 0.000 0.000 0.000 0.000 0.000 0.000
0.000 0.000 0.000 0.000 0.000 0.000 0.000 0.000 0.000 0.000 0.000 0.000 0.000 0.000 0.000 0.000 0.000 0.000 0.000 0.000 0.000 0.000 0.000 0.000 0.000 0.000 0.000 0.000 0.000 0.000 0.000 0.000 0.000 0.000 0.000 0.000 0.000 0.000 0.000 0.000 0.000 0.000 0.000 0.000 0.000 0.000 0.000 0.000 0.000 0.000 0.000 0.000 0.000 0.000 0.000 0.000 0.000 0.000 0.000 0.000 0.000 0.000 0.000 0.000 0.000 0.000 0.000 0.000 0.000 0.000 0.000
0.000 0.000 0.000 0.000 0.000 0.000 0.000 0.000 0.000 0.000 0.000 0.000 0.000 0.000 0.000 0.000 0.000 0.000 0.000 0.000 0.000 0.000 0.000 0.000 0.000 0.000 0.000 0.000 0.000 0.000 0.000 0.000 0.000 0.000 0.000 0.000 0.000 0.000 0.000 0.000 0.000 0.000 0.000 0.000 0.000 0.000 0.000 0.000 0.000 0.000 0.000 0.000 0.000 0.000 0.000 0.000 0.000 0.000 0.000 0.000 0.000 0.000 0.000 0.000 0.000 0.000 0.000 0.000 0.000 0.000 0.000
0.000 0.000 0.000 0.000 0.000 0.000 0.000 0.000 0.000 0.000 0.000 0.000 0.000 0.000 0.000 0.000 0.000 0.000 0.000 0.000 0.000 0.000 0.000 0.000 0.000 0.000 0.000 0.000 0.000 0.000 0.000 0.000 0.000 0.000 0.000 0.000 0.000 0.000 0.000 0.000 0.000 0.000 0.000 0.000 0.000 0.000 0.000 0.000 0.000 0.000 0.000 0.000 0.000 0.000 0.000 0.000 0.000 0.000 0.000 0.000 0.000 0.000 0.000 0.000 0.000 0.000 0.000 0.000 0.000 0.000 0.000
0.000 0.000 0.000 0.000 0.000 0.000 0.000 0.000 0.000 0.000 0.000 0.000 0.000 0.000 0.000 0.000 0.000 0.000 0.000 0.000 0.000 0.000 0.000 0.000 0.000 0.000 0.000 0.000 0.000 0.000 0.000 0.000 0.000 0.000 0.000 0.000 0.000 0.000 0.000 0.000 0.000 0.000 0.000 0.000 0.000 0.000 0.000 0.000 0.000 0.000 0.000 0.000 0.000 0.000 0.000 0.000 0.000 0.000 0.000 0.000 0.000 0.000 0.000 0.000 0.000 0.000 0.000 0.000 0.000 0.000 0.000
0.000 0.000 0.000 0.000 0.000 0.000 0.000 0.000 0.000 0.000 0.000 0.000 0.000 0.000 0.000 0.000 0.000 0.000 0.000 0.000 0.000 0.000 0.000 0.000 0.000 0.000 0.000 0.000 0.000 0.000 0.000 0.000 0.000 0.000 0.000 0.000 0.000 0.000 0.000 0.000 0.000 0.000 0.000 0.000 0.000 0.000 0.000 0.000 0.000 0.000 0.000 0.000 0.000 0.000 0.000 0.000 0.000 0.000 0.000 0.000 0.000 0.000 0.000 0.000 0.000 0.000 0.000 0.000 0.000 0.000 0.000
0.000 0.000 0.000 0.000 0.000 0.000 0.000 0.000 0.000 0.000 0.000 0.000 0.000 0.000 0.000 0.000 0.000 0.000 0.000 0.000 0.000 0.000 0.000 0.000 0.000 0.000 0.000 0.000 0.000 0.000 0.000 0.000 0.000 0.000 0.000 0.000 0.000 0.000 0.000 0.000 0.000 0.000 0.000 0.000 0.000 0.000 0.000 0.000 0.000 0.000 0.000 0.000 0.000 0.000 0.000 0.000 0.000 0.000 0.000 0.000 0.000 0.000 0.000 0.000 0.000 0.000 0.000 0.000 0.000 0.000 0.000
0.000 0.000 0.000 0.000 0.000 0.000 0.000 0.000 0.000 0.000 0.000 0.000 0.000 0.000 0.000 0.000 0.000 0.000 0.000 0.000 0.000 0.000 0.000 0.000 0.000 0.000 0.000 0.000 0.000 0.000 0.000 0.000 0.000 0.000 0.000 0.000 0.000 0.000 0.000 0.000 0.000 0.000 0.000 0.000 0.000 0.000 0.000 0.000 0.000 0.000 0.000 0.000 0.000 0.000 0.000 0.000 0.000 0.000 0.000 0.000 0.000 0.000 0.000 0.000 0.000 0.000 0.000 0.000 0.000 0.000 0.000
0.000 0.000 0.000 0.000 0.000 0.000 0.000 0.000 0.000 0.000 0.000 0.000 0.000 0.000 0.000 0.000 0.000 0.000 0.000 0.000 0.000 0.000 0.000 0.000 0.000 0.000 0.000 0.000 0.000 0.000 0.000 0.000 0.000 0.000 0.000 0.000 0.000 0.000 0.000 0.000 0.000 0.000 0.000 0.000 0.000 0.000 0.000 0.000 0.000 0.000 0.000 0.000 0.000 0.000 0.000 0.000 0.000 0.000 0.000 0.000 0.000 0.000 0.000 0.000 0.000 0.000 0.000 0.000 0.000 0.000 0.000
0.000 0.000 0.000 0.000 0.000 0.000 0.000 0.000 0.000 0.000 0.000 0.000 0.000 0.000 0.000 0.000 0.000 0.000 0.000 0.000 0.000 0.000 0.000 0.000 0.000 0.000 0.000 0.000 0.000 0.000 0.000 0.000 0.000 0.000 0.000 0.000 0.000 0.000 0.000 0.000 0.000 0.000 0.000 0.000 0.000 0.000 0.000 0.000 0.000 0.000 0.000 0.000 0.000 0.000 0.000 0.000 0.000 0.000 0.000 0.000 0.000 0.000 0.000 0.000 0.000 0.000 0.000 0.000 0.000 0.000 0.000
0.000 0.000 0.000 0.000 0.000 0.000 0.000 0.000 0.000 0.000 0.000 0.000 0.000 0.000 0.000 0.000 0.000 0.000 0.000 0.000 0.000 0.000 0.000 0.000 0.000 0.000 0.000 0.000 0.000 0.000 0.000 0.000 0.000 0.000 0.000 0.000 0.000 0.000 0.000 0.000 0.000 0.000 0.000 0.000 0.000 0.000 0.000 0.000 0.000 0.000 0.000 0.000 0.000 0.000 0.000 0.000 0.000 0.000 0.000 0.000 0.000 0.000 0.000 0.000 0.000 0.000 0.000 0.000 0.000 0.000 0.000
0.000 0.000 0.000 0.000 0.000 0.000 0.000 0.000 0.000 0.000 0.000 0.000 0.000 0.000 0.000 0.000 0.000 0.000 0.000 0.000 0.000 0.000 0.000 0.000 0.000 0.000 0.000 0.000 0.000 0.000 0.000 0.000 0.000 0.000 0.000 0.000 0.000 0.000 0.000 0.000 0.000 0.000 0.000 0.000 0.000 0.000 0.000 0.000 0.000 0.000 0.000 0.000 0.000 0.000 0.000 0.000 0.000 0.000 0.000 0.000 0.000 0.000 0.000 0.000 0.000 0.000 0.000 0.000 0.000 0.000 0.000
0.000 0.000 0.000 0.000 0.000 0.000 0.000 0.000 0.000 0.000 0.000 0.000 0.000 0.000 0.000 0.000 0.000 0.000 0.000 0.000 0.000 0.000 0.000 0.000 0.000 0.000 0.000 0.000 0.000 0.000 0.000 0.000 0.000 0.000 0.000 0.000 0.000 0.000 0.000 0.000 0.000 0.000 0.000 0.000 0.000 0.000 0.000 0.000 0.000 0.000 0.000 0.000 0.000 0.000 0.000 0.000 0.000 0.000 0.000 0.000 0.000 0.000 0.000 0.000 0.000 0.000 0.000 0.000 0.000 0.000 0.000
