data/CoulombOnly/Outputs_CoulombOnly/release1HS_03CoulombOnly_null_avaflow_pfv.asc
ncols 1002
nrows 302
xllcenter 995.00
yllcenter -5005.00
cellsize 5.00
NODATA_value -9999.000
[rows 124 to 154 of 302, columns 355 to 425 of 1002]
0.000 0.000 0.000 0.000 0.000 0.000 0.000 0.000 0.000 0.000 0.000 0.000 0.000 0.000 0.000 0.000 0.000 0.000 0.000 0.000 0.000 0.000 0.000 0.000 0.000 0.000 0.000 0.000 0.000 0.000 0.000 0.000 0.000 0.000 0.000 0.000 0.000 0.000 0.000 0.000 0.000 0.000 0.000 0.000 0.000 0.000 0.000 0.000 0.000 0.000 0.000 0.000 0.000 0.000 0.000 0.000 0.000 0.000 0.000 0.000 0.000 0.000 0.000 0.000 0.000 0.000 0.000 0.000 0.000 0.000 0.000
0.000 0.000 0.000 0.000 0.000 0.000 0.000 0.000 0.000 0.000 0.000 0.000 0.000 0.000 0.000 0.000 0.000 0.000 0.000 0.000 0.000 0.000 0.000 0.000 0.000 0.000 0.000 0.000 0.000 0.000 0.000 0.000 0.000 0.000 0.000 0.000 0.000 0.000 0.000 0.000 0.000 0.000 0.000 0.000 0.000 0.000 0.000 0.000 0.000 0.000 0.000 0.000 0.000 0.000 0.000 0.000 0.000 0.000 0.000 0.000 0.000 0.000 0.000 0.000 0.000 0.000 0.000 0.000 0.000 0.000 0.000
0.000 0.000 0.000 0.000 0.000 0.000 0.000 0.000 0.000 0.000 0.000 0.000 0.000 0.000 0.000 0.000 0.000 0.000 0.000 0.000 0.000 0.000 0.000 0.000 0.000 0.000 0.000 0.000 0.000 0.000 0.000 0.000 0.000 0.000 0.000 0.000 0.000 0.000 0.000 0.000 0.000 0.000 0.000 0.000 0.000 0.000 0.000 0.000 0.000 0.000 0.000 0.000 0.000 0.000 0.000 0.000 0.000 0.000 0.000 0.000 0.000 0.000 0.000 0.000 0.000 0.000 0.000 0.000 0.000 0.000 0.000
0.000 0.000 0.000 0.000 0.000 0.000 0.000 0.000 0.000 0.000 0.000 0.000 0.000 0.000 0.000 0.000 0.000 0.000 0.000 0.000 0.000 0.000 0.000 0.000 0.000 0.000 0.000 0.000 0.000 0.000 0.000 0.000 0.000 0.000 0.000 0.000 0.000 0.000 0.000 0.000 0.000 0.000 0.000 0.000 0.000 0.000 0.000 0.000 0.000 0.000 0.000 0.000 0.000 0.000 0.000 0.000 0.000 0.000 0.000 0.000 0.000 0.000 0.000 0.000 0.000 0.000 0.000 0.000 0.000 0.000 0.000
0.000 0.000 0.000 0.000 0.000 0.000 0.000 0.000 0.000 0.000 0.000 0.000 0.000 0.000 0.000 0.000 0.000 0.000 0.000 0.000 0.000 0.000 0.000 0.000 0.000 0.000 0.000 0.000 0.000 0.000 0.000 0.000 0.000 0.000 0.000 0.000 0.000 0.000 0.000 0.000 0.000 0.000 0.000 0.000 0.000 0.000 0.000 0.000 0.000 0.000 0.000 0.000 0.000 0.000 0.000 0.000 0.000 0.000 0.000 0.000 0.000 0.000 0.000 0.000 0.000 0.000 0.000 0.000 0.000 0.000 0.000
0.000 0.000 0.000 0.000 0.000 0.000 0.000 0.000 0.000 0.000 0.000 0.000 0.000 0.000 0.000 0.000 0.000 0.000 0.000 0.000 0.000 0.000 0.000 0.000 0.000 0.000 0.000 0.000 0.000 0.000 0.000 0.000 0.000 0.000 0.000 0.000 0.000 0.000 0.000 0.000 0.000 0.000 0.000 0.000 0.000 0.000 0.000 0.000 0.000 0.000 0.000 0.000 0.000 0.000 0.000 0.000 0.000 0.000 0.000 0.000 0.000 0.000 0.000 0.000 0.000 0.000 0.000 0.000 0.000 0.000 101.909
0.000 0.000 0.000 0.000 0.000 0.000 0.000 0.000 0.000 0.000 0.000 0.000 0.000 0.000 0.000 0.000 0.000 0.000 0.000 0.000 0.000 0.000 0.000 0.000 0.000 0.000 0.000 0.000 0.000 0.000 0.000 0.000 0.000 0.000 117.983 0.000 0.000 0.000 0.000 0.000 0.000 0.000 0.000 0.000 0.000 109.365 0.000 0.000 0.000 111.881 0.000 0.000 0.000 110.960 0.000 0.000 0.000 0.000 110.287 0.000 0.000 103.492 110.258 101.216 101.826 107.972 108.003 109.789 100.799 102.237 104.753
0.000 0.000 0.000 0.000 0.000 0.000 0.000 149.653 0.000 0.000 0.000 0.000 144.487 0.000 0.000 0.000 0.000 140.761 0.000 0.000 0.000 0.000 0.000 134.828 0.000 0.000 0.000 124.628 0.000 129.474 0.000 0.000 121.818 116.825 117.249 125.690 118.067 117.630 122.408 111.470 111.141 119.802 109.698 110.424 112.833 115.445 110.337 110.896 111.966 114.509 113.226 113.504 113.913 112.443 112.008 112.157 111.997 112.276 111.686 111.310 111.236 111.387 111.358 110.439 111.230 111.325 110.927 110.289 110.159 109.629 108.956
0.000 0.000 151.843 160.914 153.620 161.188 154.346 151.486 154.883 148.969 148.736 151.345 143.755 144.045 144.312 144.902 144.052 143.487 142.452 141.020 139.939 139.104 137.901 136.987 134.664 134.227 134.232 128.601 128.853 129.136 129.207 128.876 128.198 127.048 126.073 126.009 125.470 124.656 123.509 122.637 121.807 120.881 120.083 119.270 118.449 118.157 117.828 117.541 117.078 117.111 117.423 116.259 114.975 114.348 114.898 115.497 115.528 114.084 112.899 112.962 113.385 112.592 112.749 112.784 113.126 112.017 112.268 111.865 111.554 110.802 111.022
172.152 170.277 168.158 166.503 165.957 163.910 163.264 161.229 159.621 158.392 154.837 152.909 151.582 150.241 148.906 147.657 146.405 145.465 143.991 142.546 140.794 139.895 138.752 138.251 137.531 136.281 136.289 134.892 133.832 133.072 131.262 130.005 129.867 129.455 127.445 125.957 126.126 125.461 124.083 123.375 123.024 123.162 122.340 121.072 120.306 119.980 118.869 119.078 118.315 120.390 119.390 117.833 116.391 115.481 119.669 120.376 119.988 119.552 119.588 120.293 120.288 121.820 115.343 116.176 117.484 118.031 119.149 120.926 122.119 120.385 117.813
175.793 173.200 170.084 167.457 165.941 165.843 163.939 163.533 162.894 161.091 157.654 160.780 156.287 155.512 156.202 157.469 151.900 153.006 148.617 149.835 152.706 147.280 151.204 146.741 147.405 145.766 147.661 143.227 147.529 142.716 147.660 144.025 139.130 145.491 138.510 136.966 139.217 139.953 140.204 139.855 138.560 136.562 138.687 139.076 134.765 132.210 134.669 135.722 135.796 135.752 135.312 136.874 136.042 134.861 134.927 134.693 135.695 136.008 135.383 134.856 135.879 137.214 137.686 133.822 132.492 133.580 135.578 137.572 137.714 135.584 130.215
197.947 195.267 193.527 192.501 190.760 190.585 187.587 185.553 182.814 181.026 180.599 182.197 179.473 179.443 182.266 182.658 176.549 179.830 180.812 177.471 175.665 177.151 173.152 172.307 172.188 174.423 170.278 164.044 170.609 164.068 159.110 166.781 163.998 163.568 155.944 160.858 157.512 153.051 161.091 156.272 152.728 157.741 157.294 155.116 158.832 156.562 155.504 157.684 157.622 157.033 153.877 153.944 152.457 152.096 155.942 156.939 158.333 150.597 151.377 153.275 155.137 155.073 155.738 156.144 156.913 151.522 154.755 154.826 155.412 154.284 152.940
207.815 206.779 205.910 205.768 204.779 205.044 205.204 203.083 204.017 204.575 204.908 208.179 201.299 210.736 208.843 203.939 204.293 205.266 206.862 209.617 204.740 204.232 205.548 205.769 188.635 185.030 196.591 187.854 201.733 193.497 191.979 191.226 191.402 195.444 194.817 180.237 190.741 185.676 186.390 183.381 181.890 188.309 188.935 178.846 175.729 180.608 180.944 181.289 180.708 173.553 173.513 173.709 181.020 180.119 178.815 180.327 182.025 176.630 170.120 172.652 174.711 177.254 178.777 179.423 168.685 172.988 176.603 178.836 178.526 167.790 165.103
193.999 194.112 194.277 194.022 194.183 195.414 193.854 195.387 195.542 195.564 196.318 198.952 196.951 201.426 200.898 200.373 203.390 202.067 202.777 205.918 204.707 204.757 204.267 206.749 204.381 207.439 202.187 211.054 206.948 209.452 208.867 211.365 208.429 208.300 206.586 210.105 205.376 213.410 209.046 210.470 204.922 202.697 205.167 206.770 204.176 203.363 206.446 204.777 205.743 205.611 207.024 205.033 208.192 198.037 199.564 201.900 203.045 205.315 205.620 196.667 199.747 203.021 202.188 189.010 192.318 197.748 201.781 197.242 191.069 190.511 187.194
180.208 178.320 178.246 178.696 178.899 177.885 179.038 178.787 180.360 180.994 181.014 183.061 182.933 183.196 185.259 185.797 183.654 188.161 188.150 190.190 188.929 188.702 189.565 191.091 191.120 190.851 193.972 196.525 195.951 199.777 197.076 200.093 197.544 201.876 198.832 203.853 198.779 204.167 198.672 198.704 201.422 202.437 201.329 203.144 199.657 202.394 204.309 204.790 205.148 205.315 206.226 206.547 208.691 202.469 203.714 205.517 205.515 204.135 202.050 204.326 206.534 208.063 203.517 202.381 203.837 205.762 206.815 206.645 201.213 198.934 194.869
201.587 202.995 197.326 198.648 197.998 193.443 195.044 186.822 188.937 189.000 183.537 184.505 181.358 181.546 185.645 179.458 180.293 175.265 177.891 177.663 177.244 176.823 179.557 178.583 180.429 180.429 182.140 182.689 182.418 184.141 185.873 187.090 187.467 189.497 187.669 186.780 187.711 189.469 189.344 190.606 190.136 191.426 189.591 190.644 189.217 192.824 194.358 195.794 193.739 194.785 195.301 195.557 198.492 197.693 198.787 198.716 198.424 200.008 200.772 202.021 202.778 200.864 200.195 201.101 201.601 201.398 200.668 203.206 200.205 197.353 192.846
212.596 214.320 207.655 210.282 203.353 217.279 207.890 210.740 203.081 205.183 197.949 198.896 195.472 190.080 194.542 193.194 190.446 188.582 191.884 199.912 186.395 196.881 182.927 194.531 194.543 192.019 191.329 189.244 186.943 189.490 186.412 183.808 180.153 178.816 184.198 179.689 180.828 180.340 182.004 180.828 182.447 182.557 183.977 185.023 184.461 186.796 185.867 187.282 188.595 189.732 190.600 188.593 189.458 189.866 191.609 194.245 196.429 192.046 193.485 194.485 197.483 199.534 194.514 196.166 198.551 199.493 199.510 198.537 198.279 197.398 193.102
226.399 228.285 223.499 225.138 219.196 213.833 214.391 209.890 211.618 221.230 214.120 217.525 211.765 213.226 209.270 209.614 205.023 206.253 207.881 202.112 197.925 199.403 196.009 210.430 202.806 208.734 209.514 207.695 203.436 206.709 204.324 201.877 199.116 197.672 200.467 197.696 197.270 194.688 192.547 198.358 193.184 192.069 190.559 193.692 192.195 190.344 189.109 186.865 184.793 183.875 182.890 184.242 185.004 189.963 189.348 185.928 187.829 188.908 190.086 190.171 190.632 192.227 192.166 192.508 191.908 193.299 195.439 197.471 193.461 192.107 189.733
232.618 253.495 230.578 249.767 243.617 237.874 236.223 226.631 233.335 223.128 228.926 220.770 226.573 223.955 225.527 221.572 221.287 226.763 210.930 221.335 213.606 218.589 212.630 227.794 223.697 227.184 221.973 221.417 214.321 219.536 217.853 213.876 211.994 222.817 213.923 212.073 211.285 221.961 218.432 212.442 209.091 207.450 215.407 209.179 209.003 206.982 214.581 211.955 210.563 209.167 207.593 199.918 198.051 196.566 194.409 197.310 201.383 201.627 202.112 202.488 202.479 202.323 204.202 204.534 204.200 204.692 204.883 204.183 201.405 197.195 191.984
246.799 242.551 245.247 240.632 235.287 253.756 233.002 252.440 255.654 246.250 252.887 245.879 249.788 243.777 247.778 242.208 247.053 247.423 243.079 237.001 242.668 236.123 232.176 236.816 228.523 222.366 218.222 226.005 220.859 217.501 214.664 247.567 244.803 217.413 214.236 211.558 244.129 240.480 231.998 214.234 210.295 238.159 217.546 212.631 211.883 210.328 207.464 233.548 231.659 229.880 228.355 220.118 211.631 212.062 210.523 211.703 209.590 208.668 209.379 209.756 210.058 226.660 216.909 216.593 215.814 215.658 216.703 214.960 211.973 207.265 201.902
273.811 274.035 272.535 270.092 265.453 265.556 253.503 265.568 253.408 265.845 252.463 266.255 255.950 242.156 255.258 242.039 247.227 249.241 251.624 257.395 251.355 255.313 253.522 238.757 254.465 240.832 237.011 252.214 243.548 234.917 233.373 228.739 242.713 239.772 232.574 230.035 229.642 226.953 239.149 234.305 230.295 227.980 237.771 233.023 231.628 229.962 227.913 226.407 225.312 225.341 224.581 237.208 237.135 230.189 228.649 237.084 229.299 229.542 230.734 229.418 227.849 217.347 219.031 219.252 219.260 219.773 221.128 217.932 216.517 213.075 207.415
248.744 255.803 248.305 240.807 267.380 240.854 267.694 258.459 268.337 259.529 268.710 261.970 257.358 262.943 256.809 261.648 257.154 260.822 255.190 265.216 257.619 246.643 252.472 253.710 256.122 252.135 250.407 245.184 252.203 249.377 247.863 244.869 243.129 250.088 246.650 245.676 245.160 244.417 239.344 251.689 247.884 244.347 241.715 245.785 244.595 242.671 239.608 237.214 235.394 233.869 233.221 236.856 235.287 232.517 232.252 225.500 226.107 227.416 225.896 225.821 221.774 222.913 226.493 226.273 225.059 219.268 219.324 219.839 218.899 214.934 208.844
240.501 228.493 241.018 231.784 241.343 229.109 234.408 244.538 235.994 246.549 237.113 245.615 239.221 245.492 239.391 232.485 234.379 232.904 240.515 236.772 240.430 238.818 232.314 241.393 234.959 233.806 230.492 239.779 233.000 232.461 231.123 231.257 236.823 232.894 232.622 232.298 231.686 229.959 229.659 231.860 231.367 231.015 232.669 231.856 232.376 231.339 232.203 231.932 232.113 232.796 224.229 227.498 225.776 226.967 231.205 227.710 229.634 231.896 231.574 232.135 224.716 229.903 231.407 233.297 233.571 226.174 225.532 227.047 226.432 222.477 217.356
245.784 242.909 239.897 242.387 240.706 244.704 242.953 244.872 244.700 238.562 243.587 238.964 244.883 240.553 239.212 235.976 229.266 235.613 231.223 239.186 234.425 230.078 231.336 234.873 232.690 231.250 231.518 237.254 235.910 235.479 234.659 235.090 240.327 237.500 237.316 236.635 235.950 234.896 235.582 237.220 237.711 238.337 238.635 237.544 237.961 236.886 238.286 237.843 238.059 238.727 228.618 233.712 233.314 234.645 242.051 233.938 236.322 237.909 237.643 238.958 231.618 236.040 238.896 240.666 241.052 233.255 232.724 233.308 232.595 228.643 224.388
246.590 248.015 248.404 246.653 245.272 249.206 247.642 249.325 249.324 243.143 247.734 243.529 241.529 246.165 244.486 239.485 232.736 239.517 234.879 243.271 238.234 233.613 235.170 238.636 236.134 234.696 235.249 241.472 240.442 239.170 238.351 238.792 244.946 242.189 240.913 240.130 239.414 240.811 242.025 242.813 243.390 243.045 242.768 241.152 241.114 240.794 242.220 241.518 241.705 242.263 233.012 239.768 237.445 238.894 241.944 238.815 241.125 241.238 241.273 242.770 235.346 240.473 243.213 243.804 233.925 237.073 236.558 237.372 236.591 232.467 227.739
248.065 249.482 251.416 248.060 246.616 250.655 249.048 250.606 250.709 245.788 248.778 245.994 244.054 249.109 247.292 241.454 235.345 240.965 236.237 244.644 239.610 234.957 237.455 239.972 237.374 235.873 237.430 242.740 241.938 240.536 239.618 240.061 246.124 243.462 242.199 241.291 240.536 243.540 244.005 244.341 244.751 244.436 244.089 242.350 241.628 243.222 243.011 242.514 242.745 243.317 235.305 242.283 238.539 239.979 243.065 240.296 242.461 241.279 242.108 243.732 236.310 241.629 244.391 244.254 235.645 238.237 237.530 238.387 237.606 233.425 228.729
248.023 249.452 251.788 248.032 246.548 250.609 248.942 250.475 250.446 247.024 248.747 246.223 244.297 249.614 247.675 241.705 236.339 240.997 236.301 244.689 239.615 235.003 237.857 240.009 237.400 235.865 237.755 242.785 241.971 240.588 239.642 240.082 246.148 243.533 242.349 241.349 240.548 243.921 243.984 244.365 244.744 244.478 244.197 242.440 241.514 243.677 242.538 242.212 242.707 243.364 235.578 242.517 238.518 239.957 243.122 240.372 242.470 240.995 241.976 243.697 236.292 241.598 244.326 243.878 235.748 238.372 237.489 238.337 237.554 233.365 228.648
247.258 248.612 251.621 247.160 245.735 249.794 248.189 249.380 249.492 246.741 248.113 246.081 244.185 249.310 247.474 241.589 236.249 240.363 235.751 244.021 239.045 234.475 237.745 239.390 236.825 235.283 237.635 242.190 241.136 239.939 239.017 239.465 245.590 243.020 241.847 240.839 240.009 243.726 243.410 243.816 244.180 243.947 244.084 242.057 241.122 243.242 241.784 241.574 242.216 242.934 235.510 242.436 238.071 239.542 242.489 239.982 242.029 240.728 241.488 243.294 235.923 241.195 243.919 243.323 235.482 238.225 237.148 238.027 237.269 233.114 228.440
248.312 244.777 241.680 243.954 242.302 246.374 244.394 244.997 245.335 243.925 244.681 244.573 246.293 247.403 245.903 240.462 234.391 237.536 233.299 241.204 236.527 232.244 236.541 236.893 234.359 232.916 236.291 239.589 237.823 236.899 236.252 236.715 242.973 240.471 239.285 238.258 237.571 241.776 239.822 240.085 241.108 241.211 242.801 240.140 238.931 240.853 239.399 239.229 239.851 240.565 234.307 241.186 235.557 237.102 239.764 237.266 239.279 239.004 239.345 241.006 233.762 238.723 241.443 240.916 242.572 236.995 234.995 235.966 235.294 231.202 226.573
237.037 241.300 243.995 240.067 238.194 237.484 240.017 240.338 240.870 240.275 240.737 241.238 239.158 230.627 242.052 237.932 231.466 234.969 230.918 237.179 233.915 229.843 233.619 233.906 231.342 229.912 233.177 235.680 232.783 232.877 232.016 232.346 238.295 235.906 234.529 233.372 233.401 237.030 234.966 235.174 235.384 236.672 239.310 236.854 235.271 236.296 235.376 234.701 234.982 235.632 230.974 237.187 231.435 233.263 234.789 232.570 233.850 234.517 234.263 235.324 229.334 233.196 236.209 236.135 237.695 233.398 230.278 231.025 230.355 226.491 221.926
255.044 253.643 247.269 254.381 246.578 254.031 246.469 252.252 247.005 253.026 247.931 252.927 251.026 253.857 251.386 246.490 237.058 235.336 250.710 238.532 232.133 249.361 237.632 232.966 245.549 242.047 233.940 246.420 242.330 240.360 239.024 237.459 231.461 241.080 238.693 237.123 235.308 233.764 231.974 236.488 236.892 230.890 227.129 233.311 231.983 231.398 232.191 231.720 230.672 231.013 226.332 231.612 226.814 228.723 230.002 227.433 227.942 229.012 228.217 228.626 224.734 226.712 228.325 228.282 229.349 227.950 223.799 224.214 222.762 219.080 214.984
