data/CoulombOnly/Outputs_CoulombOnly/release1HS_03CoulombOnly_null_TRENT2D_pft.asc
ncols     1001
nrows      301
cellsize  5.000
xllcenter         1000.00
yllcenter        -5000.00
NODATA_value       nan
[rows 155 to 185 of 301, columns 70 to 139 of 1001]
1.805501 1.815450 1.825396 1.835340 1.845281 1.855219 1.865153 1.875915 1.886672 1.898256 1.909835 1.922240 1.933812 1.944548 1.955281 1.965178 1.975070 1.984128 1.993180 2.003055 2.012095 2.021129 2.030985 2.040834 2.051506 2.062999 2.074484 2.085961 2.099089 2.112206 2.126973 2.141730 2.157306 2.173700 2.190911 2.209769 2.229443 2.249104 2.269581 2.290872 2.312150 2.332586 2.353835 2.375070 2.395461 2.415010 2.437854 2.460682 2.483493 2.504633 2.524102 2.544382 2.561339 2.574973 2.588593 2.599723 2.607534 2.612029 2.611558 2.606949 2.599030 2.585328 2.567496 2.546364 2.520282 2.490081 2.454112 2.413206 2.367366 2.315771
1.750499 1.757125 1.764576 1.771195 1.779468 1.786908 1.795174 1.804264 1.811689 1.818280 1.824035 1.828954 1.833867 1.837115 1.841186 1.844421 1.846819 1.850041 1.853254 1.857290 1.861317 1.865337 1.870177 1.875837 1.881488 1.887959 1.894419 1.902527 1.910624 1.918709 1.927611 1.937330 1.947036 1.955900 1.965579 1.974416 1.984067 1.995360 2.007465 2.020382 2.033282 2.044511 2.054896 2.066091 2.077270 2.080989 2.082215 2.081775 2.079669 2.075073 2.068815 2.060070 2.048841 2.035129 2.018112 1.998620 1.975829 1.949742 1.921186 1.888516 1.850912 1.807557 1.758456 1.703614 1.641394 1.573447 1.499780 1.419577 1.334490 1.245345
1.689739 1.695529 1.700483 1.706262 1.711206 1.714484 1.716095 1.716870 1.716808 1.716739 1.715834 1.714092 1.711512 1.708925 1.706330 1.704558 1.701947 1.700157 1.698359 1.697381 1.697224 1.697056 1.698537 1.700007 1.702295 1.704571 1.706835 1.709915 1.714640 1.720180 1.725706 1.732873 1.740024 1.746331 1.751794 1.758896 1.764326 1.765602 1.764381 1.762318 1.759415 1.754017 1.747781 1.739054 1.729491 1.719918 1.709510 1.696617 1.682067 1.665037 1.644707 1.621079 1.594981 1.564771 1.531276 1.493680 1.449520 1.400449 1.344006 1.281846 1.213155 1.139586 1.061966 0.981124 0.897064 0.812252 0.726691 0.641201 0.556604 0.476171
1.633170 1.634799 1.634761 1.633054 1.629679 1.624637 1.619588 1.612870 1.605314 1.597751 1.590180 1.582601 1.574184 1.566588 1.558984 1.551371 1.544579 1.538608 1.532627 1.527465 1.523122 1.519598 1.520209 1.523295 1.526367 1.528595 1.531637 1.535492 1.537675 1.539841 1.539506 1.537500 1.534651 1.530132 1.524771 1.518570 1.510701 1.503646 1.494925 1.486192 1.474970 1.462913 1.449195 1.432996 1.415141 1.394810 1.372007 1.345910 1.316525 1.283858 1.246269 1.203765 1.156355 1.103227 1.044390 0.980676 0.912918 0.842760 0.771028 0.697727 0.623681 0.550528 0.478271 0.409360 0.343792 0.282379 0.226747 0.176071 0.131157 0.095254
1.574138 1.566614 1.556590 1.544896 1.531533 1.517331 1.502291 1.488074 1.473018 1.459616 1.445375 1.432788 1.420191 1.407586 1.396633 1.385670 1.374698 1.364546 1.362683 1.362467 1.362237 1.361993 1.361735 1.360632 1.360343 1.357552 1.353089 1.348612 1.342463 1.335472 1.328468 1.321450 1.312763 1.303237 1.292872 1.281670 1.267978 1.253452 1.236442 1.217777 1.196635 1.173845 1.148584 1.120035 1.088204 1.053096 1.013073 0.968968 0.919967 0.866902 0.810603 0.751079 0.689976 0.627301 0.564697 0.501349 0.438895 0.378155 0.320758 0.266701 0.216792 0.171025 0.130208 0.094329 0.068254 0.046279 0.029206 0.017023 0.008910 0.006474
1.502647 1.482633 1.460949 1.436762 1.413400 1.389199 1.365822 1.342437 1.321539 1.301465 1.283875 1.267109 1.251165 1.235212 1.220912 1.217399 1.214703 1.211994 1.209272 1.206535 1.202124 1.196870 1.190773 1.183004 1.175222 1.167426 1.158789 1.149311 1.139821 1.127835 1.115840 1.102180 1.086859 1.069878 1.051241 1.030950 1.009008 0.984595 0.958538 0.929195 0.896572 0.859854 0.820694 0.776633 0.729326 0.679603 0.627471 0.574578 0.520109 0.466526 0.412196 0.358758 0.307846 0.259458 0.214404 0.172681 0.135095 0.101638 0.074738 0.053568 0.035678 0.021873 0.012140 0.007277 0.004846 0.002421 0.000000 0.000000 0.000000 nan
1.407014 1.365343 1.324498 1.285311 1.249445 1.216901 1.187678 1.163438 1.141686 1.121590 1.102318 1.083870 1.078711 1.074371 1.070018 1.065652 1.059612 1.052729 1.045003 1.036435 1.027854 1.018432 1.008168 0.997894 0.985950 0.973169 0.958722 0.944268 0.927324 0.909549 0.890118 0.869033 0.846299 0.821919 0.794247 0.764114 0.731528 0.695670 0.656550 0.614999 0.571024 0.525455 0.479119 0.432841 0.385805 0.339654 0.295207 0.252463 0.212237 0.174525 0.140139 0.108257 0.081315 0.060923 0.043007 0.028371 0.017004 0.009705 0.006463 0.004035 0.001612 0.000000 0.000000 0.000000 nan nan nan nan nan nan
1.250545 1.187193 1.135492 1.092944 1.057883 1.027810 1.000229 0.974306 0.950874 0.944071 0.938090 0.932928 0.926092 0.918412 0.909060 0.898866 0.889491 0.879276 0.868220 0.856324 0.843589 0.829187 0.814778 0.798706 0.781801 0.763236 0.743843 0.722797 0.700100 0.674932 0.647297 0.617201 0.584652 0.549656 0.513044 0.474822 0.435820 0.396042 0.356315 0.316642 0.277846 0.240747 0.205345 0.172454 0.141256 0.112562 0.086369 0.065927 0.049593 0.034919 0.022711 0.013772 0.008091 0.005656 0.003228 0.000806 0.000000 0.000000 0.000000 nan nan nan nan nan nan nan nan nan nan nan
1.030601 0.968036 0.922131 0.884553 0.851136 0.820213 0.810935 0.804977 0.797345 0.788869 0.779552 0.769394 0.758394 0.747386 0.736369 0.723681 0.710987 0.696624 0.681425 0.666222 0.649356 0.630831 0.611477 0.589641 0.566155 0.541024 0.513425 0.483365 0.452502 0.420015 0.386734 0.352664 0.318634 0.285469 0.252349 0.220919 0.191179 0.162306 0.135121 0.110440 0.087441 0.068569 0.052999 0.039091 0.026842 0.017872 0.009736 0.007292 0.004855 0.001616 0.000000 0.000000 0.000000 nan nan nan nan nan nan nan nan nan nan nan nan nan nan nan nan nan
0.774538 0.722773 0.687680 0.680089 0.672490 0.664882 0.655599 0.644642 0.633677 0.622705 0.610894 0.598243 0.585587 0.571262 0.556101 0.540107 0.523280 0.503963 0.483818 0.462019 0.438570 0.413475 0.386738 0.358365 0.330014 0.301690 0.273393 0.245128 0.218545 0.192821 0.167956 0.143950 0.121626 0.100161 0.082015 0.065541 0.051556 0.039235 0.028575 0.019570 0.012215 0.008132 0.006497 0.003244 0.000810 0.000000 0.000000 0.000000 nan nan nan nan nan nan nan nan nan nan nan nan nan nan nan nan nan nan nan nan nan nan
0.548164 0.540587 0.531335 0.521241 0.511142 0.499369 0.488424 0.476640 0.463186 0.449728 0.433769 0.416977 0.399354 0.380070 0.359128 0.337362 0.313945 0.291371 0.267981 0.244609 0.222084 0.199580 0.177925 0.157122 0.136343 0.117242 0.098168 0.082420 0.068344 0.055937 0.044374 0.033655 0.024598 0.017198 0.010633 0.008986 0.006526 0.004073 0.000813 0.000000 0.000000 0.000000 nan nan nan nan nan nan nan nan nan nan nan nan nan nan nan nan nan nan nan nan nan nan nan nan nan nan nan nan
0.384923 0.374010 0.362259 0.349670 0.336244 0.321982 0.306052 0.290123 0.272529 0.254106 0.235688 0.217278 0.198877 0.180485 0.162106 0.143739 0.126218 0.110373 0.095373 0.082046 0.070392 0.059579 0.048781 0.038826 0.029711 0.022262 0.016473 0.010696 0.009862 0.008209 0.004919 0.002456 0.000000 0.000000 0.000000 nan nan nan nan nan nan nan nan nan nan nan nan nan nan nan nan nan nan nan nan nan nan nan nan nan nan nan nan nan nan nan nan nan nan nan
0.201383 0.189648 0.177079 0.164511 0.151109 0.137711 0.125152 0.111763 0.099215 0.087506 0.074971 0.064111 0.054091 0.044912 0.036573 0.029073 0.023243 0.018249 0.014090 0.010766 0.009929 0.009093 0.006607 0.003300 0.000824 0.000000 0.000000 0.000000 nan nan nan nan nan nan nan nan nan nan nan nan nan nan nan nan nan nan nan nan nan nan nan nan nan nan nan nan nan nan nan nan nan nan nan nan nan nan nan nan nan nan
0.042649 0.038459 0.035106 0.031753 0.028402 0.025051 0.022538 0.019191 0.016680 0.014171 0.012497 0.009992 0.006657 0.003326 0.000831 0.000000 0.000000 0.000000 0.000000 0.000000 nan nan nan nan nan nan nan nan nan nan nan nan nan nan nan nan nan nan nan nan nan nan nan nan nan nan nan nan nan nan nan nan nan nan nan nan nan nan nan nan nan nan nan nan nan nan nan nan nan nan
0.000000 0.000000 0.000000 0.000000 0.000000 nan nan nan nan nan nan nan nan nan nan nan nan nan nan nan nan nan nan nan nan nan nan nan nan nan nan nan nan nan nan nan nan nan nan nan nan nan nan nan nan nan nan nan nan nan nan nan nan nan nan nan nan nan nan nan nan nan nan nan nan nan nan nan nan nan
nan nan nan nan nan nan nan nan nan nan nan nan nan nan nan nan nan nan nan nan nan nan nan nan nan nan nan nan nan nan nan nan nan nan nan nan nan nan nan nan nan nan nan nan nan nan nan nan nan nan nan nan nan nan nan nan nan nan nan nan nan nan nan nan nan nan nan nan nan nan
nan nan nan nan nan nan nan nan nan nan nan nan nan nan nan nan nan nan nan nan nan nan nan nan nan nan nan nan nan nan nan nan nan nan nan nan nan nan nan nan nan nan nan nan nan nan nan nan nan nan nan nan nan nan nan nan nan nan nan nan nan nan nan nan nan nan nan nan nan nan
nan nan nan nan nan nan nan nan nan nan nan nan nan nan nan nan nan nan nan nan nan nan nan nan nan nan nan nan nan nan nan nan nan nan nan nan nan nan nan nan nan nan nan nan nan nan nan nan nan nan nan nan nan nan nan nan nan nan nan nan nan nan nan nan nan nan nan nan nan nan
nan nan nan nan nan nan nan nan nan nan nan nan nan nan nan nan nan nan nan nan nan nan nan nan nan nan nan nan nan nan nan nan nan nan nan nan nan nan nan nan nan nan nan nan nan nan nan nan nan nan nan nan nan nan nan nan nan nan nan nan nan nan nan nan nan nan nan nan nan nan
nan nan nan nan nan nan nan nan nan nan nan nan nan nan nan nan nan nan nan nan nan nan nan nan nan nan nan nan nan nan nan nan nan nan nan nan nan nan nan nan nan nan nan nan nan nan nan nan nan nan nan nan nan nan nan nan nan nan nan nan nan nan nan nan nan nan nan nan nan nan
nan nan nan nan nan nan nan nan nan nan nan nan nan nan nan nan nan nan nan nan nan nan nan nan nan nan nan nan nan nan nan nan nan nan nan nan nan nan nan nan nan nan nan nan nan nan nan nan nan nan nan nan nan nan nan nan nan nan nan nan nan nan nan nan nan nan nan nan nan nan
nan nan nan nan nan nan nan nan nan nan nan nan nan nan nan nan nan nan nan nan nan nan nan nan nan nan nan nan nan nan nan nan nan nan nan nan nan nan nan nan nan nan nan nan nan nan nan nan nan nan nan nan nan nan nan nan nan nan nan nan nan nan nan nan nan nan nan nan nan nan
nan nan nan nan nan nan nan nan nan nan nan nan nan nan nan nan nan nan nan nan nan nan nan nan nan nan nan nan nan nan nan nan nan nan nan nan nan nan nan nan nan nan nan nan nan nan nan nan nan nan nan nan nan nan nan nan nan nan nan nan nan nan nan nan nan nan nan nan nan nan
nan nan nan nan nan nan nan nan nan nan nan nan nan nan nan nan nan nan nan nan nan nan nan nan nan nan nan nan nan nan nan nan nan nan nan nan nan nan nan nan nan nan nan nan nan nan nan nan nan nan nan nan nan nan nan nan nan nan nan nan nan nan nan nan nan nan nan nan nan nan
nan nan nan nan nan nan nan nan nan nan nan nan nan nan nan nan nan nan nan nan nan nan nan nan nan nan nan nan nan nan nan nan nan nan nan nan nan nan nan nan nan nan nan nan nan nan nan nan nan nan nan nan nan nan nan nan nan nan nan nan nan nan nan nan nan nan nan nan nan nan
nan nan nan nan nan nan nan nan nan nan nan nan nan nan nan nan nan nan nan nan nan nan nan nan nan nan nan nan nan nan nan nan nan nan nan nan nan nan nan nan nan nan nan nan nan nan nan nan nan nan nan nan nan nan nan nan nan nan nan nan nan nan nan nan nan nan nan nan nan nan
nan nan nan nan nan nan nan nan nan nan nan nan nan nan nan nan nan nan nan nan nan nan nan nan nan nan nan nan nan nan nan nan nan nan nan nan nan nan nan nan nan nan nan nan nan nan nan nan nan nan nan nan nan nan nan nan nan nan nan nan nan nan nan nan nan nan nan nan nan nan
nan nan nan nan nan nan nan nan nan nan nan nan nan nan nan nan nan nan nan nan nan nan nan nan nan nan nan nan nan nan nan nan nan nan nan nan nan nan nan nan nan nan nan nan nan nan nan nan nan nan nan nan nan nan nan nan nan nan nan nan nan nan nan nan nan nan nan nan nan nan
nan nan nan nan nan nan nan nan nan nan nan nan nan nan nan nan nan nan nan nan nan nan nan nan nan nan nan nan nan nan nan nan nan nan nan nan nan nan nan nan nan nan nan nan nan nan nan nan nan nan nan nan nan nan nan nan nan nan nan nan nan nan nan nan nan nan nan nan nan nan
nan nan nan nan nan nan nan nan nan nan nan nan nan nan nan nan nan nan nan nan nan nan nan nan nan nan nan nan nan nan nan nan nan nan nan nan nan nan nan nan nan nan nan nan nan nan nan nan nan nan nan nan nan nan nan nan nan nan nan nan nan nan nan nan nan nan nan nan nan nan
nan nan nan nan nan nan nan nan nan nan nan nan nan nan nan nan nan nan nan nan nan nan nan nan nan nan nan nan nan nan nan nan nan nan nan nan nan nan nan nan nan nan nan nan nan nan nan nan nan nan nan nan nan nan nan nan nan nan nan nan nan nan nan nan nan nan nan nan nan nan
