data/CoulombOnly/Outputs_CoulombOnly/release1HS_03CoulombOnly_null_minVoellmyv2_pfv.asc
ncols 1001
nrows 301
xllcenter 1000.00
yllcenter -5000.00
cellsize 5.00
nodata_value nan
[rows 135 to 161 of 301, columns 420 to 479 of 1001]
100.340889 100.776595 101.126766 101.422333 101.642166 101.563390 101.188636 100.757772 100.312718 99.856098 99.389612 98.914342 98.431348 97.941193 97.444408 96.941424 96.432586 95.917985 95.397938 94.872477 94.341666 93.805561 93.264188 92.717521 92.165515 91.608101 91.045190 90.476816 89.902766 89.322956 88.737310 88.145680 87.547900 86.943938 86.333549 85.716600 85.092948 84.462446 83.824935 83.180245 82.528263 81.868854 81.201956 80.527555 79.845735 79.156915 78.480461 77.829267 77.175846 76.579407 76.173262 75.903011 75.638595 75.374915 75.111765 74.848905 74.586083 74.323081 74.059692 73.795756
101.200984 101.426007 101.638712 101.842476 101.998876 101.873938 101.464228 101.006753 100.541214 100.068579 99.589526 99.104570 98.614017 98.118118 97.616934 97.110559 96.599175 96.082620 95.561133 95.034571 94.502974 93.966341 93.424652 92.877866 92.325920 91.768718 91.206171 90.638170 90.064678 89.485519 88.900493 88.309555 87.712491 87.109087 86.499295 85.882737 85.259422 84.628943 83.991242 83.345989 82.692971 82.032030 81.362847 80.685204 79.998887 79.303681 78.599364 77.885797 77.163076 76.529797 76.121234 75.848315 75.581001 75.314176 75.047692 74.781414 74.515223 74.249009 73.982641 73.716008
101.489381 101.687816 101.883364 102.077019 102.228522 102.101245 101.690285 101.232626 100.767792 100.296291 99.818818 99.335802 98.847582 98.354569 97.856832 97.354460 96.847487 96.335859 95.819452 95.298260 94.772056 94.240855 93.704522 93.162924 92.616038 92.063684 91.505707 90.942139 90.372712 89.797427 89.215967 88.628445 88.034482 87.433917 86.826763 86.212662 85.591418 84.962827 84.326805 83.682993 83.031151 82.371037 81.702414 81.025076 80.338721 79.643074 78.937871 78.222858 77.497984 76.825205 76.341395 75.992609 75.648865 75.305446 75.010609 74.742756 74.474843 74.206785 73.938507 73.669944
101.809563 102.021261 102.234635 102.450579 102.625997 102.520606 102.127887 101.685916 101.234399 100.773959 100.305333 99.829181 99.345742 98.855641 98.359044 97.856233 97.347385 96.832887 96.312568 95.786697 95.255165 94.718300 94.175860 93.627882 93.074356 92.515259 91.950550 91.380143 90.803918 90.221792 89.633666 89.039379 88.438799 87.831755 87.218081 86.597605 85.970125 85.335447 84.693482 84.043893 83.386452 82.720922 82.047160 81.364907 80.673858 79.973935 79.264816 78.546432 77.818742 77.144023 76.659619 76.311400 75.968801 75.627122 75.286695 74.947785 74.610607 74.275383 73.942286 73.650869
102.527864 102.748464 102.962920 103.172149 103.335401 103.213348 102.801465 102.340804 101.871431 101.394418 100.910157 100.419116 99.921647 99.418221 98.908955 98.393901 97.873467 97.347572 96.816224 96.279614 95.737803 95.190661 94.638190 94.080362 93.517127 92.948415 92.374140 91.794210 91.208513 90.617056 90.019600 89.415991 88.806067 88.189676 87.566756 86.937090 86.300418 85.656539 85.005469 84.346828 83.680421 83.006234 82.323872 81.633378 80.934471 80.227053 79.511063 78.786453 78.053543 77.374979 76.888747 76.540677 76.199796 75.861423 75.525739 75.192846 74.862758 74.535425 74.210744 73.888563
103.225061 103.424410 103.620157 103.812766 103.960916 103.823045 103.395060 102.919211 102.435958 101.945904 101.449428 100.946742 100.438280 99.924255 99.404776 98.879783 98.349860 97.814663 97.274258 96.728701 96.177995 95.622121 95.061041 94.494694 93.923003 93.345873 92.763212 92.174910 91.580830 90.980840 90.374893 89.762868 89.144503 88.519633 87.888099 87.249865 86.604703 85.952351 85.292687 84.625654 83.950853 83.268388 82.577915 81.879506 81.173024 80.458432 79.735835 79.005297 78.267302 77.584927 77.096784 76.748541 76.408813 76.072806 75.740527 75.411889 75.086696 74.764699 74.445649 74.129277
103.827425 104.013462 104.197370 104.379206 104.517463 104.368770 103.928724 103.441559 102.947629 102.447258 101.941052 101.429184 100.911739 100.388960 99.861146 99.328050 98.789814 98.246677 97.698576 97.145401 96.587141 96.023764 95.455214 94.881420 94.302302 93.717761 93.127693 92.532018 91.930695 91.323494 90.710274 90.090881 89.465183 88.833018 88.194349 87.548940 86.896567 86.237086 85.570493 84.896564 84.215114 83.526228 82.829665 82.125436 81.413586 80.694134 79.967233 79.233096 78.492279 77.808179 77.319850 76.972630 76.634541 76.300562 75.970494 75.644090 75.321067 75.001145 74.684042 74.369498
104.359663 104.537144 104.713229 104.888206 105.020301 104.863982 104.415126 103.919271 103.416918 102.908970 102.394929 101.875619 101.350697 100.821007 100.285984 99.745814 99.200887 98.651032 98.096160 97.536277 96.971360 96.401369 95.826249 95.245931 94.660326 94.069345 93.472877 92.870823 92.263063 91.649461 91.029883 90.404288 89.772502 89.134335 88.489657 87.838339 87.180235 86.515407 85.843568 85.164595 84.478606 83.785368 83.084921 82.377322 81.662619 80.940957 80.212548 79.477697 78.736970 78.053943 77.567855 77.223625 76.888665 76.557659 76.230297 75.906276 75.585263 75.266967 74.951121 74.637481
104.822467 104.996790 105.170513 105.344096 105.474351 105.314529 104.860506 104.359173 103.851121 103.337589 102.817803 102.292704 101.761877 101.226326 100.685376 100.139242 99.588323 99.032516 98.471672 97.905815 97.334935 96.759005 96.177980 95.591798 95.000388 94.403661 93.801501 93.193812 92.580490 91.961435 91.336534 90.705675 90.068747 89.425682 88.776440 88.120793 87.458627 86.789969 86.114717 85.432814 84.744213 84.048991 83.347199 82.638864 81.924219 81.203402 80.476747 79.744433 79.006977 78.327869 77.846501 77.507344 77.177137 76.850513 76.527099 76.206542 75.888568 75.572895 75.259273 74.947485
105.224379 105.403375 105.581804 105.758937 105.892047 105.732978 105.276901 104.772565 104.261288 103.743072 103.218553 102.688433 102.152516 101.611083 101.064786 100.513115 99.956267 99.394522 98.828011 98.256477 97.679947 97.098413 96.511841 95.920178 95.323374 94.721364 94.114071 93.501421 92.883339 92.259732 91.630513 90.995593 90.355019 89.708638 89.056289 88.398013 87.733780 87.063536 86.387251 85.705006 85.016844 84.322778 83.623062 82.917719 82.206953 81.490834 80.769540 80.043128 79.311763 78.638908 78.164155 77.831632 77.507543 77.186492 76.868138 76.552179 76.238325 75.926360 75.616072 75.307277
105.580572 105.767802 105.954226 106.138489 106.278504 106.121895 105.664913 105.158003 104.642843 104.120044 103.590919 103.055461 102.513997 101.967061 101.414908 100.857260 100.294793 99.727525 99.155248 98.578075 97.996047 97.409190 96.817511 96.220985 95.619591 95.013291 94.402038 93.785780 93.164456 92.538000 91.906401 91.269807 90.627882 89.980944 89.328744 88.671378 88.008908 87.341354 86.668701 85.991112 85.308511 84.620964 83.928468 83.230965 82.528411 81.820772 81.107873 80.389639 79.666127 79.000822 78.533713 78.208807 77.891641 77.576907 77.264317 76.953601 76.644557 76.336983 76.030701 75.725546
106.103831 106.257152 106.414498 106.574758 106.693982 106.519545 106.047419 105.528051 105.001929 104.469303 103.931775 103.387968 102.839413 102.285059 101.726445 101.162500 100.593607 100.020465 99.442468 98.859769 98.272490 97.680719 97.084522 96.483964 95.879101 95.270260 94.657686 94.041565 93.421656 92.797873 92.170150 91.538444 90.902695 90.262812 89.618706 88.970403 88.317689 87.660429 86.998631 86.332067 85.660657 84.984215 84.302669 83.615793 82.923519 82.225660 81.522040 80.812501 80.097075 79.439518 78.980429 78.663479 78.353610 78.045549 77.739028 77.433888 77.129900 76.826996 76.524964 76.223665
107.655668 107.778249 107.900849 108.024207 108.104753 107.892727 107.384690 106.833231 106.278966 105.722160 105.161643 104.597639 104.029846 103.457581 102.880646 102.298852 101.712276 101.120565 100.523460 99.920854 99.312653 98.698785 98.079206 97.453882 96.822794 96.185950 95.543367 94.895069 94.241108 93.581538 92.916414 92.245789 91.569740 90.888695 90.202746 89.512475 88.818754 88.159313 87.503840 86.844214 86.180003 85.510873 84.836569 84.156897 83.471659 82.780589 82.083485 81.380143 80.670617 80.018931 79.566544 79.256772 78.953630 78.651778 78.351014 78.051167 77.752070 77.453590 77.155607 76.858053
109.679563 109.798401 109.917089 110.035923 110.111137 109.888810 109.366140 108.801114 108.235025 107.667670 107.099089 106.529150 105.957338 105.383465 104.807880 104.229802 103.649015 103.065949 102.479754 101.890355 101.297924 100.701607 100.101879 99.497866 98.889897 98.277130 97.660073 97.037750 96.410267 95.777439 95.138680 94.493747 93.842557 93.184779 92.519911 91.847625 91.167574 90.479384 89.782635 89.077092 88.362385 87.637824 86.902889 86.157739 85.401288 84.633402 83.853496 83.061216 82.256139 81.504594 80.951280 80.539469 80.130549 79.720470 79.309260 78.947057 78.648578 78.350884 78.053775 77.757084
111.686638 111.811263 111.935762 112.060071 112.139725 111.916534 111.387584 110.815636 110.242842 109.669565 109.095241 108.519701 107.943167 107.364987 106.785257 106.203894 105.620424 105.035030 104.447417 103.857218 103.264731 102.669433 102.071120 101.470045 100.865540 100.257789 99.646464 99.031350 98.412483 97.789358 97.162170 96.530355 95.894028 95.252771 94.606418 93.954926 93.297743 92.634943 91.966200 91.291115 90.609454 89.921235 89.225896 88.523143 87.812677 87.094178 86.367293 85.631657 84.887052 84.200480 83.720138 83.386234 83.055912 82.723771 82.389784 82.053926 81.716176 81.376515 81.034932 80.691417
113.740761 113.864440 113.988170 114.111541 114.189708 113.959783 113.419437 112.835727 112.251970 111.668259 111.083999 110.499335 109.913956 109.327502 108.740200 108.151554 107.561343 106.969828 106.376405 105.780999 105.183718 104.584041 103.981998 103.377484 102.770082 102.159991 101.546764 100.930271 100.310556 99.687081 99.060131 98.429116 97.794129 97.154825 96.511106 95.862744 95.209548 94.551305 93.887848 93.218836 92.544277 91.863577 91.176953 90.483769 89.783854 89.077118 88.362997 87.641299 86.912034 86.243289 85.786251 85.479919 85.177803 84.874283 84.569581 84.263603 83.956147 83.647576 83.337570 83.026127
111.686612 111.811238 111.935737 112.060045 112.139700 111.916509 111.387559 110.815611 110.242818 109.669541 109.095217 108.519677 107.943144 107.364964 106.785233 106.203871 105.620401 105.035007 104.447394 103.857195 103.264708 102.669411 102.071097 101.470023 100.865517 100.257767 99.646441 99.031327 98.412461 97.789336 97.162148 96.530333 95.894006 95.252749 94.606396 93.954904 93.297721 92.634921 91.966178 91.291093 90.609432 89.921213 89.225874 88.523121 87.812655 87.094156 86.367272 85.631635 84.887030 84.200458 83.720117 83.386212 83.055890 82.723750 82.389762 82.053904 81.716154 81.376493 81.034911 80.691395
109.679546 109.798385 109.917072 110.035907 110.111120 109.888794 109.366124 108.801098 108.235010 107.667654 107.099073 106.529135 105.957323 105.383450 104.807865 104.229787 103.649000 103.065934 102.479740 101.890341 101.297910 100.701593 100.101865 99.497853 98.889883 98.277116 97.660060 97.037737 96.410254 95.777426 95.138667 94.493734 93.842544 93.184767 92.519899 91.847613 91.167562 90.479372 89.782623 89.077081 88.362374 87.637813 86.902878 86.157727 85.401276 84.633390 83.853485 83.061205 82.256128 81.504583 80.951269 80.539458 80.130537 79.720458 79.309249 78.947051 78.648572 78.350877 78.053769 77.757079
107.655634 107.778216 107.900816 108.024174 108.104720 107.892695 107.384658 106.833199 106.278935 105.722129 105.161612 104.597609 104.029816 103.457551 102.880616 102.298822 101.712246 101.120536 100.523431 99.920825 99.312624 98.698756 98.079177 97.453854 96.822766 96.185922 95.543340 94.895042 94.241081 93.581511 92.916388 92.245764 91.569715 90.888671 90.202723 89.512454 88.818735 88.159303 87.503831 86.844206 86.179995 85.510865 84.836561 84.156889 83.471651 82.780582 82.083478 81.380135 80.670609 80.018923 79.566536 79.256764 78.953622 78.651770 78.351005 78.051157 77.752061 77.453581 77.155599 76.858044
106.103801 106.257124 106.414471 106.574733 106.693957 106.519521 106.047397 105.528029 105.001907 104.469283 103.931755 103.387949 102.839395 102.285041 101.726427 101.162482 100.593590 100.020448 99.442451 98.859753 98.272474 97.680704 97.084507 96.483950 95.879087 95.270247 94.657673 94.041553 93.421644 92.797861 92.170139 91.538433 90.902684 90.262801 89.618695 88.970393 88.317679 87.660419 86.998621 86.332057 85.660647 84.984204 84.302659 83.615782 82.923509 82.225650 81.522029 80.812490 80.097065 79.439508 78.980418 78.663469 78.353600 78.045538 77.739018 77.433876 77.129888 76.826984 76.524950 76.223652
105.580553 105.767783 105.954208 106.138470 106.278485 106.121877 105.664895 105.157985 104.642825 104.120026 103.590901 103.055444 102.513980 101.967044 101.414891 100.857243 100.294777 99.727509 99.155232 98.578059 97.996032 97.409175 96.817496 96.220970 95.619576 95.013276 94.402024 93.785765 93.164442 92.537986 91.906387 91.269793 90.627868 89.980931 89.328730 88.671365 88.008895 87.341341 86.668688 85.991099 85.308498 84.620951 83.928455 83.230952 82.528398 81.820759 81.107860 80.389625 79.666113 79.000808 78.533698 78.208792 77.891626 77.576892 77.264301 76.953585 76.644541 76.336967 76.030684 75.725529
105.224358 105.403354 105.581783 105.758917 105.892026 105.732957 105.276881 104.772545 104.261268 103.743052 103.218533 102.688414 102.152497 101.611064 101.064767 100.513096 99.956249 99.394503 98.827993 98.256459 97.679929 97.098395 96.511823 95.920160 95.323356 94.721347 94.114054 93.501404 92.883322 92.259715 91.630496 90.995577 90.355003 89.708622 89.056273 88.397997 87.733765 87.063521 86.387235 85.704990 85.016829 84.322762 83.623046 82.917704 82.206937 81.490818 80.769524 80.043112 79.311747 78.638891 78.164138 77.831614 77.507525 77.186473 76.868119 76.552160 76.238306 75.926342 75.616054 75.307259
104.822444 104.996768 105.170490 105.344074 105.474329 105.314507 104.860485 104.359151 103.851100 103.337568 102.817782 102.292683 101.761856 101.226306 100.685356 100.139222 99.588303 99.032496 98.471652 97.905795 97.334915 96.758985 96.177960 95.591778 95.000369 94.403642 93.801482 93.193793 92.580471 91.961416 91.336516 90.705656 90.068729 89.425664 88.776422 88.120775 87.458609 86.789951 86.114699 85.432796 84.744195 84.048972 83.347181 82.638846 81.924201 81.203384 80.476729 79.744415 79.006958 78.327850 77.846481 77.507325 77.177117 76.850493 76.527079 76.206522 75.888548 75.572875 75.259253 74.947465
104.359640 104.537121 104.713206 104.888183 105.020278 104.863959 104.415104 103.919248 103.416896 102.908947 102.394907 101.875597 101.350675 100.820986 100.285962 99.745792 99.200865 98.651011 98.096139 97.536256 96.971339 96.401348 95.826228 95.245910 94.660306 94.069324 93.472856 92.870802 92.263042 91.649441 91.029862 90.404267 89.772481 89.134315 88.489637 87.838319 87.180214 86.515387 85.843548 85.164575 84.478585 83.785348 83.084900 82.377302 81.662598 80.940936 80.212527 79.477676 78.736950 78.053922 77.567834 77.223604 76.888643 76.557638 76.230275 75.906255 75.585241 75.266945 74.951099 74.637460
103.827404 104.013441 104.197349 104.379184 104.517441 104.368748 103.928702 103.441537 102.947608 102.447236 101.941031 101.429163 100.911717 100.388938 99.861125 99.328029 98.789793 98.246656 97.698555 97.145379 96.587120 96.023743 95.455193 94.881399 94.302281 93.717740 93.127672 92.531997 91.930674 91.323473 90.710253 90.090860 89.465162 88.832997 88.194328 87.548919 86.896546 86.237065 85.570472 84.896543 84.215093 83.526207 82.829644 82.125415 81.413564 80.694113 79.967212 79.233074 78.492258 77.808157 77.319829 76.972608 76.634519 76.300540 75.970473 75.644068 75.321045 75.001123 74.684020 74.369476
103.225046 103.424395 103.620141 103.812750 103.960899 103.823029 103.395043 102.919193 102.435941 101.945886 101.449410 100.946724 100.438262 99.924237 99.404758 98.879765 98.349842 97.814645 97.274240 96.728683 96.177977 95.622103 95.061022 94.494675 93.922984 93.345855 92.763194 92.174892 91.580812 90.980821 90.374874 89.762849 89.144484 88.519614 87.888080 87.249846 86.604684 85.952331 85.292668 84.625634 83.950834 83.268368 82.577895 81.879486 81.173004 80.458412 79.735815 79.005277 78.267281 77.584907 77.096763 76.748520 76.408791 76.072784 75.740504 75.411866 75.086672 74.764674 74.445623 74.129249
102.527866 102.748465 102.962919 103.172146 103.335397 103.213343 102.801459 102.340798 101.871424 101.394410 100.910149 100.419107 99.921638 99.418212 98.908945 98.393891 97.873457 97.347561 96.816214 96.279604 95.737792 95.190650 94.638179 94.080351 93.517115 92.948402 92.374127 91.794197 91.208500 90.617042 90.019587 89.415977 88.806053 88.189662 87.566741 86.937075 86.300403 85.656524 85.005453 84.346812 83.680404 83.006216 82.323854 81.633360 80.934452 80.227033 79.511042 78.786432 78.053521 77.374955 76.888722 76.540650 76.199767 75.861392 75.525705 75.192810 74.862719 74.535382 74.210697 73.888511
