data/CoulombOnly/Outputs_CoulombOnly/release1HS_03CoulombOnly_null_minVoellmyv2_pft.asc
ncols 1001
nrows 301
xllcenter 1000.00
yllcenter -5000.00
cellsize 5.00
nodata_value nan
[rows 140 to 167 of 301, columns 567 to 629 of 1001]
1.635466 1.646930 1.658517 1.670243 1.682114 1.694156 1.706378 1.718796 1.731428 1.744299 1.757428 1.770834 1.784543 1.798579 1.812978 1.827764 1.842969 1.858630 1.874798 1.891500 1.908806 1.926754 1.945406 1.964831 1.985105 2.006311 2.028538 2.051885 2.076466 2.102425 2.129897 2.159053 2.190093 2.223241 2.258753 2.296956 2.338205 2.382954 2.431745 2.485280 2.544453 2.610409 2.684760 2.769818 2.869185 3.094202 3.661736 4.174556 4.603249 4.923219 5.123798 5.209552 5.166964 5.033188 4.830618 4.507762 4.124747 3.674553 3.158757 2.574986 1.928811 1.283762 0.764610
1.728689 1.738736 1.748933 1.759284 1.769802 1.780510 1.791415 1.802534 1.813888 1.825501 1.837392 1.849584 1.862104 1.874984 1.888252 1.901939 1.916080 1.930731 1.945915 1.961700 1.978120 1.995242 2.013133 2.031855 2.051485 2.072107 2.093814 2.116719 2.140928 2.166570 2.193801 2.222786 2.253714 2.286811 2.322331 2.360593 2.401945 2.446843 2.495828 2.549567 2.608943 2.675098 2.749601 2.834714 2.933922 3.064902 3.682849 4.250417 4.731842 5.101751 5.343831 5.456971 5.451037 5.315774 5.101642 4.801140 4.414585 3.956203 3.428455 2.826071 2.141453 1.421260 0.819445
1.807180 1.815840 1.824663 1.833652 1.842823 1.852202 1.861801 1.871642 1.881747 1.892140 1.902848 1.913897 1.925317 1.937139 1.949406 1.962142 1.975391 1.989201 2.003607 2.018666 2.034430 2.050951 2.068293 2.086533 2.105737 2.125989 2.147376 2.170008 2.193992 2.219450 2.246533 2.275395 2.306239 2.339267 2.374735 2.412943 2.454261 2.499110 2.548028 2.601696 2.660978 2.727016 2.801368 2.886287 2.985135 3.103613 3.675154 4.298813 4.834402 5.255689 5.541570 5.687381 5.717386 5.597452 5.363661 5.081156 4.697283 4.233731 3.696119 3.079144 2.365756 1.573662 0.877084
1.870355 1.877627 1.885089 1.892759 1.900659 1.908811 1.917238 1.925963 1.935011 1.944408 1.954181 1.964356 1.974962 1.986035 1.997607 2.009705 2.022377 2.035654 2.049584 2.064209 2.079583 2.095750 2.112786 2.130740 2.149684 2.169697 2.190868 2.213291 2.237076 2.262345 2.289234 2.317892 2.348528 2.381330 2.416556 2.454506 2.495527 2.540077 2.588680 2.642036 2.701014 2.766782 2.840911 2.925659 3.024347 3.142453 3.640450 4.319475 4.913586 5.384310 5.714657 5.895512 5.943391 5.842566 5.641653 5.371633 4.972684 4.505919 3.960051 3.330291 2.596425 1.740892 0.938754
1.917645 1.923823 1.930266 1.936995 1.944028 1.951384 1.959082 1.967144 1.975588 1.984435 1.993706 2.003427 2.013620 2.024310 2.035524 2.047295 2.059655 2.072649 2.086308 2.100671 2.115789 2.131712 2.148484 2.166184 2.184854 2.204589 2.225458 2.247554 2.270986 2.295875 2.322359 2.350591 2.380746 2.413056 2.447760 2.485173 2.525670 2.569709 2.617873 2.670858 2.729590 2.795253 2.869455 2.954403 3.053338 3.171407 3.576062 4.310008 4.959385 5.482166 5.850817 6.075888 6.147808 6.077894 5.888731 5.625152 5.239259 4.771240 4.220030 3.579427 2.830007 1.922581 1.006116
1.951872 1.957605 1.963651 1.970020 1.976725 1.983773 1.991174 1.998939 2.007080 2.015619 2.024564 2.033934 2.043749 2.054065 2.064935 2.076385 2.088440 2.101130 2.114490 2.128558 2.143379 2.158994 2.175453 2.192811 2.211138 2.230504 2.250988 2.272683 2.295702 2.320160 2.346195 2.373956 2.403579 2.435307 2.469443 2.506337 2.546415 2.590170 2.638213 2.691290 2.750348 2.816552 2.891454 2.977180 3.076742 3.194807 3.491075 4.283853 4.992081 5.570654 5.990026 6.244903 6.340537 6.305717 6.120231 5.829358 5.480155 5.021531 4.469972 3.822088 3.060572 2.115932 1.080839
1.979905 1.985503 1.991385 1.997548 2.003999 2.010753 2.017819 2.025207 2.032937 2.041033 2.049509 2.058398 2.067714 2.077495 2.087757 2.098538 2.109865 2.121772 2.134297 2.147483 2.161380 2.176040 2.191522 2.207892 2.225236 2.243630 2.263186 2.284005 2.306217 2.329964 2.355414 2.382758 2.412211 2.444025 2.478493 2.515944 2.556787 2.601478 2.650578 2.704793 2.764955 2.832150 2.907785 2.993887 3.093567 3.211030 3.374740 4.225885 4.991904 5.622976 6.094601 6.372160 6.502402 6.487378 6.325700 6.028510 5.700563 5.254470 4.709667 4.061922 3.292165 2.326075 1.170611
1.999317 2.003392 2.007654 2.012123 2.016821 2.021769 2.026995 2.032553 2.038594 2.045156 2.052256 2.059914 2.068152 2.076969 2.086360 2.096340 2.106920 2.118148 2.130072 2.142747 2.156239 2.170614 2.185945 2.202316 2.219819 2.238549 2.258613 2.280128 2.303224 2.328049 2.354769 2.383580 2.414748 2.448465 2.484963 2.524519 2.567463 2.614186 2.665151 2.720955 2.782334 2.850286 2.926034 3.011170 3.108298 3.221365 3.357387 4.173676 4.998073 5.680394 6.187562 6.511284 6.658065 6.657803 6.495235 6.246950 5.932195 5.462296 4.920901 4.277957 3.504744 2.539513 1.278365
2.020729 2.024197 2.027912 2.031891 2.036155 2.040721 2.045607 2.050847 2.056454 2.062465 2.068899 2.075788 2.083169 2.091078 2.099554 2.108641 2.118354 2.128733 2.139823 2.151714 2.164570 2.178478 2.193512 2.209757 2.227268 2.246080 2.266277 2.287964 2.311255 2.336277 2.363185 2.392130 2.423293 2.456894 2.493159 2.532381 2.574936 2.621244 2.671756 2.726834 2.787144 2.853659 2.927561 3.010498 3.104550 3.213110 3.342590 4.083360 4.977026 5.713250 6.255025 6.609904 6.764735 6.781222 6.654600 6.406484 6.081912 5.651041 5.119300 4.489919 3.724327 2.783829 1.445757
1.990945 1.995654 2.000831 2.006476 2.012608 2.019227 2.026345 2.033880 2.041781 2.050079 2.058794 2.067951 2.077585 2.087714 2.098381 2.109623 2.121500 2.134049 2.147300 2.161293 2.176070 2.191679 2.208169 2.225598 2.244032 2.263544 2.284209 2.306131 2.329406 2.354157 2.380519 2.408658 2.438750 2.471003 2.505686 2.543092 2.583577 2.627584 2.675636 2.728383 2.786645 2.851423 2.924063 3.006607 3.101628 3.213015 3.347236 4.118981 5.052992 5.814125 6.378568 6.742910 6.921064 6.942774 6.822990 6.576472 6.243334 5.822258 5.295290 4.674721 3.914092 3.000721 1.653697
1.977795 1.981812 1.986355 1.991431 1.997051 2.003227 2.009962 2.017276 2.025171 2.033664 2.042770 2.052496 2.062862 2.073885 2.085586 2.098045 2.111291 2.125350 2.140206 2.155739 2.171966 2.188911 2.206605 2.225089 2.244432 2.264788 2.286221 2.308806 2.332627 2.357788 2.384398 2.412594 2.442535 2.474416 2.508462 2.544972 2.584266 2.626711 2.672723 2.722911 2.778550 2.840925 2.911457 2.992272 3.086193 3.197342 3.333147 4.130662 5.178879 5.973138 6.530090 6.876303 7.053925 7.081561 6.982412 6.749603 6.405534 6.016655 5.523255 4.930667 4.197453 3.319550 2.063492
1.990974 1.995683 2.000861 2.006506 2.012638 2.019256 2.026373 2.033907 2.041808 2.050104 2.058818 2.067974 2.077608 2.087736 2.098402 2.109642 2.121518 2.134066 2.147316 2.161307 2.176082 2.191688 2.208175 2.225600 2.244031 2.263545 2.284209 2.306134 2.329406 2.354153 2.380519 2.408656 2.438748 2.471001 2.505687 2.543091 2.583581 2.627589 2.675637 2.728380 2.786643 2.851423 2.924065 3.006611 3.101631 3.213022 3.347248 4.118972 5.052975 5.814100 6.378530 6.742852 6.921042 6.942688 6.822907 6.576514 6.243449 5.822248 5.295126 4.674725 3.913974 3.000809 1.653728
2.020728 2.024195 2.027908 2.031886 2.036148 2.040712 2.045597 2.050835 2.056441 2.062451 2.068884 2.075773 2.083153 2.091062 2.099538 2.108624 2.118338 2.128717 2.139807 2.151697 2.164553 2.178460 2.193495 2.209742 2.227255 2.246069 2.266269 2.287958 2.311251 2.336275 2.363184 2.392131 2.423295 2.456897 2.493163 2.532386 2.574942 2.621251 2.671764 2.726840 2.787149 2.853662 2.927562 3.010496 3.104547 3.213107 3.342585 4.083363 4.977021 5.713224 6.254965 6.609805 6.764652 6.781089 6.654979 6.406406 6.081934 5.651105 5.119350 4.489951 3.724335 2.783782 1.445705
1.999316 2.003390 2.007652 2.012121 2.016817 2.021765 2.026991 2.032548 2.038588 2.045149 2.052249 2.059906 2.068143 2.076956 2.086344 2.096322 2.106900 2.118126 2.130048 2.142721 2.156212 2.170585 2.185916 2.202286 2.219790 2.238521 2.258587 2.280106 2.303205 2.328033 2.354756 2.383572 2.414741 2.448460 2.484960 2.524518 2.567465 2.614190 2.665157 2.720962 2.782343 2.850295 2.926043 3.011178 3.108307 3.221372 3.357388 4.173663 4.998060 5.680359 6.187522 6.511241 6.657994 6.657758 6.495168 6.246890 5.932194 5.462334 4.920944 4.278032 3.504838 2.539570 1.278410
1.979915 1.985513 1.991395 1.997558 2.004010 2.010763 2.017830 2.025217 2.032946 2.041042 2.049517 2.058405 2.067721 2.077501 2.087762 2.098542 2.109869 2.121774 2.134298 2.147483 2.161378 2.176037 2.191518 2.207888 2.225230 2.243624 2.263180 2.283999 2.306210 2.329959 2.355409 2.382753 2.412206 2.444022 2.478488 2.515940 2.556783 2.601475 2.650576 2.704795 2.764959 2.832155 2.907788 2.993889 3.093568 3.211029 3.374738 4.225866 4.991871 5.622932 6.094521 6.372063 6.502300 6.487346 6.325729 6.028540 5.700580 5.254503 4.709735 4.062011 3.292256 2.326171 1.170726
1.951885 1.957620 1.963668 1.970039 1.976745 1.983795 1.991197 1.998963 2.007104 2.015644 2.024589 2.033958 2.043773 2.054093 2.064964 2.076414 2.088470 2.101162 2.114523 2.128592 2.143412 2.159028 2.175487 2.192845 2.211170 2.230536 2.251018 2.272713 2.295730 2.320185 2.346216 2.373973 2.403594 2.435320 2.469453 2.506344 2.546420 2.590172 2.638213 2.691289 2.750343 2.816546 2.891448 2.977174 3.076734 3.194796 3.491064 4.283819 4.992024 5.570579 5.989947 6.244815 6.340459 6.305668 6.120216 5.829362 5.480188 5.021582 4.470070 3.822219 3.060697 2.116027 1.080951
1.917640 1.923820 1.930266 1.936998 1.944033 1.951391 1.959092 1.967155 1.975601 1.984450 1.993724 2.003446 2.013641 2.024332 2.035548 2.047320 2.059682 2.072676 2.086336 2.100700 2.115818 2.131742 2.148515 2.166213 2.184883 2.204618 2.225486 2.247582 2.271013 2.295900 2.322382 2.350612 2.380763 2.413072 2.447774 2.485185 2.525680 2.569717 2.617876 2.670859 2.729587 2.795249 2.869451 2.954397 3.053329 3.171393 3.576014 4.309946 4.959330 5.482091 5.850740 6.075845 6.147781 6.077869 5.888735 5.625166 5.239275 4.771311 4.220149 3.579539 2.830101 1.922675 1.006239
1.870342 1.877616 1.885079 1.892751 1.900653 1.908807 1.917236 1.925963 1.935014 1.944413 1.954188 1.964365 1.974973 1.986048 1.997622 2.009722 2.022397 2.035676 2.049607 2.064235 2.079611 2.095779 2.112816 2.130770 2.149714 2.169727 2.190899 2.213323 2.237107 2.262376 2.289264 2.317922 2.348556 2.381356 2.416581 2.454528 2.495547 2.540094 2.588694 2.642047 2.701022 2.766784 2.840908 2.925653 3.024335 3.142433 3.640401 4.319406 4.913512 5.384219 5.714579 5.895459 5.943330 5.842539 5.641662 5.371656 4.972702 4.506006 3.960166 3.330389 2.596518 1.740992 0.938876
1.807172 1.815832 1.824656 1.833645 1.842817 1.852197 1.861798 1.871640 1.881745 1.892140 1.902849 1.913900 1.925321 1.937145 1.949413 1.962151 1.975402 1.989213 2.003621 2.018682 2.034448 2.050971 2.068315 2.086556 2.105762 2.126014 2.147403 2.170035 2.194021 2.219478 2.246562 2.275424 2.306267 2.339294 2.374761 2.412967 2.454283 2.499130 2.548045 2.601710 2.660989 2.727021 2.801369 2.886281 2.985123 3.103594 3.675083 4.298729 4.834298 5.255598 5.541495 5.687318 5.717358 5.597423 5.363653 5.081156 4.697321 4.233812 3.696216 3.079255 2.365850 1.573763 0.877207
1.728686 1.738733 1.748931 1.759282 1.769799 1.780507 1.791412 1.802532 1.813886 1.825500 1.837391 1.849584 1.862104 1.874985 1.888254 1.901942 1.916085 1.930737 1.945922 1.961707 1.978130 1.995253 2.013145 2.031869 2.051500 2.072124 2.093832 2.116737 2.140948 2.166590 2.193821 2.222806 2.253735 2.286831 2.322350 2.360613 2.401963 2.446859 2.495842 2.549578 2.608951 2.675101 2.749602 2.834709 2.933909 3.064844 3.682775 4.250326 4.731748 5.101655 5.343745 5.456925 5.450986 5.315720 5.101618 4.801142 4.414637 3.956275 3.428557 2.826199 2.141561 1.421366 0.819564
1.635473 1.646937 1.658523 1.670248 1.682117 1.694159 1.706381 1.718798 1.731430 1.744302 1.757431 1.770838 1.784546 1.798582 1.812981 1.827768 1.842973 1.858634 1.874803 1.891505 1.908811 1.926759 1.945412 1.964837 1.985112 2.006318 2.028546 2.051894 2.076476 2.102436 2.129908 2.159065 2.190104 2.223253 2.258765 2.296967 2.338215 2.382962 2.431751 2.485285 2.544455 2.610407 2.684753 2.769806 2.869170 3.094138 3.661650 4.174451 4.603145 4.923107 5.123683 5.209491 5.166910 5.033141 4.830585 4.507773 4.124823 3.674658 3.158887 2.575109 1.928914 1.283875 0.764729
1.526402 1.539505 1.552685 1.565959 1.579344 1.592850 1.606507 1.620326 1.634324 1.648525 1.662950 1.677624 1.692572 1.707819 1.723395 1.739327 1.755646 1.772391 1.789606 1.807319 1.825596 1.844471 1.864004 1.884266 1.905321 1.927246 1.950133 1.974080 1.999187 2.025599 2.053442 2.082892 2.114142 2.147414 2.182956 2.221103 2.262205 2.306712 2.355203 2.408347 2.467057 2.532516 2.606365 2.691009 2.790228 3.094501 3.610512 4.071038 4.446086 4.721771 4.886010 4.954088 4.892096 4.726360 4.511621 4.206846 3.830527 3.390445 2.889856 2.330623 1.731077 1.159873 0.711775
1.399674 1.414672 1.429702 1.444794 1.459945 1.475181 1.490515 1.505959 1.521539 1.537278 1.553191 1.569304 1.585642 1.602233 1.619104 1.636286 1.653815 1.671731 1.690061 1.708857 1.728159 1.748025 1.768501 1.789651 1.811546 1.834261 1.857881 1.882494 1.908203 1.935150 1.963455 1.993283 2.024822 2.058285 2.093927 2.132047 2.173027 2.217305 2.265421 2.318086 2.376195 2.440956 2.514057 2.597966 2.696722 3.063702 3.529021 3.936837 4.263581 4.496178 4.626662 4.662488 4.582781 4.429303 4.205968 3.902013 3.533250 3.106255 2.625198 2.097204 1.549438 1.047390 0.659893
1.255183 1.272052 1.288959 1.305930 1.322951 1.340044 1.357214 1.374468 1.391829 1.409309 1.426924 1.444693 1.462640 1.480789 1.499167 1.517802 1.536725 1.555973 1.575591 1.595603 1.616075 1.637035 1.658559 1.680697 1.703513 1.727083 1.751487 1.776818 1.803194 1.830707 1.859516 1.889762 1.921623 1.955316 1.991086 2.029226 2.070089 2.114112 2.161839 2.213975 2.271400 2.335331 2.407497 2.490453 2.588511 3.003609 3.418488 3.775314 4.056449 4.249440 4.351850 4.353545 4.274773 4.133606 3.891625 3.592640 3.235542 2.825743 2.369083 1.877367 1.383240 0.944152 0.608357
1.095982 1.114242 1.132618 1.151109 1.169720 1.188440 1.207270 1.226216 1.245290 1.264489 1.283825 1.303309 1.322955 1.342781 1.362806 1.383053 1.403544 1.424315 1.445401 1.466825 1.488645 1.510890 1.533632 1.556911 1.580796 1.605358 1.630677 1.656840 1.683953 1.712129 1.741500 1.772212 1.804440 1.838382 1.874298 1.912454 1.953204 1.996966 2.044283 2.095841 2.152514 2.215531 2.286629 2.368480 2.512335 2.913112 3.277707 3.586987 3.826292 3.984207 4.069405 4.052362 3.948653 3.798299 3.571553 3.283155 2.941065 2.551974 2.123591 1.671827 1.230797 0.848196 0.556770
0.927688 0.946529 0.965598 0.984888 1.004394 1.024110 1.044030 1.064152 1.084471 1.104988 1.125703 1.146617 1.167737 1.189067 1.210618 1.232402 1.254433 1.276744 1.299342 1.322259 1.345535 1.369197 1.393291 1.417876 1.442996 1.468719 1.495116 1.522269 1.550285 1.579255 1.609321 1.640613 1.673302 1.707579 1.743700 1.781916 1.822572 1.866086 1.912978 1.963908 2.019780 2.081799 2.151731 2.232363 2.438524 2.791524 3.108979 3.373892 3.574168 3.701041 3.759943 3.725032 3.625755 3.473601 3.252472 2.976178 2.652010 2.286746 1.889986 1.480158 1.090113 0.757721 0.504700
0.756294 0.774920 0.793867 0.813133 0.832713 0.852605 0.872806 0.893318 0.914136 0.935253 0.956665 0.978380 1.000391 1.022694 1.045298 1.068209 1.091421 1.114964 1.138831 1.163055 1.187639 1.212633 1.238048 1.263926 1.290314 1.317266 1.344842 1.373112 1.402153 1.432076 1.462978 1.495001 1.528306 1.563074 1.599510 1.637898 1.678564 1.721894 1.768401 1.818754 1.873804 1.934793 2.003511 2.082900 2.334020 2.642015 2.914976 3.139328 3.304486 3.405584 3.435145 3.396980 3.308332 3.148094 2.934999 2.673734 2.370020 2.031344 1.668432 1.301150 0.959089 0.671310 0.451931
0.586511 0.604357 0.622569 0.641154 0.660118 0.679470 0.699208 0.719332 0.739859 0.760778 0.782095 0.803815 0.825931 0.848457 0.871381 0.894715 0.918459 0.942612 0.967197 0.992207 1.017657 1.043570 1.069965 1.096864 1.124298 1.152305 1.180932 1.210248 1.240303 1.271188 1.302989 1.335835 1.369863 1.405239 1.442151 1.480861 1.521678 1.564963 1.611222 1.661080 1.715414 1.775426 1.842977 1.921194 2.201430 2.466627 2.698544 2.886140 3.020779 3.099887 3.112139 3.069945 2.978196 2.822146 2.621320 2.377406 2.096403 1.786131 1.458534 1.133404 0.835875 0.587851 0.398289
