data/CoulombOnly/Outputs_CoulombOnly/release1HS_03CoulombOnly_null_RAMMSUSER_pft.asc
ncols        998
nrows        298
xllcorner    1007.500000004988
yllcorner    -4992.499999998512
cellsize     5.000000000000
[rows 126 to 146 of 298, columns 528 to 575 of 998]
nan nan nan nan nan nan nan nan nan nan nan nan nan nan nan nan nan nan nan nan nan nan nan nan nan nan nan nan nan nan nan nan nan nan nan nan nan nan nan nan nan nan nan nan nan nan nan nan
nan nan nan nan nan nan nan nan nan nan nan nan nan nan nan nan nan nan nan nan nan nan nan nan nan nan nan nan nan nan nan nan nan nan nan 8.6737281890236772597e-06 2.3965110813151113689e-05 4.234323205309920013e-05 6.4304309489671140909e-05 8.9198183559346944094e-05 0.00011805328540503978729 0.00014892562467139214277 0.00018369058670941740274 0.00022235487995203584433 0.00026273788535036146641 0.00030740472720935940742 0.00035308313090354204178 0.00040217483183369040489
nan nan nan nan nan nan nan nan nan nan nan nan nan nan nan nan 5.2567943384929094464e-06 3.3009851904353126884e-05 6.8027162342332303524e-05 0.0001102709429687820375 0.00016209675231948494911 0.0002253944112453609705 0.00030311467708088457584 0.00039625639328733086586 0.00050707207992672920227 0.00063850387232378125191 0.00079136423300951719284 0.00098686187993735074997 0.001191051676869392395 0.0014213264221325516701 0.0016815958078950643539 0.001973245060071349144 0.0022978472989052534103 0.0026561573613435029984 0.0030477375257760286331 0.0034732278436422348022 0.0039373878389596939087 0.0044512897729873657227 0.0050258920527994632721 0.0056559736840426921844 0.0063289590179920196533 0.0070364880375564098358 0.0077727977186441421509 0.0085345041006803512573 0.0093133207410573959351 0.010104057379066944122 0.010898657143115997314 0.011693555861711502075
nan nan 2.7762338504544459283e-05 7.0572998083662241697e-05 0.00012347706069704145193 0.00019229539611842483282 0.00027961930027231574059 0.00038951882743276655674 0.00052659446373581886292 0.0006992398994043469429 0.00092541793128475546837 0.0011743853101506829262 0.0014662431785836815834 0.0018125686328858137131 0.0022289538756012916565 0.0027358122169971466064 0.0033515398390591144562 0.0040658758953213691711 0.0048725339584052562714 0.005772656761109828949 0.0067723738029599189758 0.0078796986490488052368 0.0090982932597398757935 0.010425855405628681183 0.01186359114944934845 0.013408477418124675751 0.015060811303555965424 0.016827689483761787415 0.018699962645769119263 0.020675331354141235352 0.022746840491890907288 0.024911817163228988647 0.027165487408638000488 0.029500732198357582092 0.03191105276346206665 0.03440397605299949646 0.037117671221494674683 0.040062628686428070068 0.043217685073614120483 0.046497344970703125 0.049814883619546890259 0.053131345659494400024 0.056432440876960754395 0.059710510075092315674 0.062942832708358764648 0.066116422414779663086 0.069225385785102844238 0.07226924598217010498
0.0024499271530658006668 0.0030878046527504920959 0.003827752312645316124 0.0046780025586485862732 0.0056460211053490638733 0.0067467549815773963928 0.0079892026260495185852 0.0093783149495720863342 0.010917319916188716888 0.012610419653356075287 0.014461544342339038849 0.016464306041598320007 0.018623610958456993103 0.021003533154726028442 0.023793652653694152832 0.026965660974383354187 0.030475150793790817261 0.034207846969366073608 0.038086235523223876953 0.042088739573955535889 0.046205103397369384766 0.050421196967363357544 0.054730724543333053589 0.059130467474460601807 0.063617646694183349609 0.06817677617073059082 0.072803184390068054199 0.077501192688941955566 0.08226846158504486084 0.087102629244327545166 0.091997742652893066406 0.096943333745002746582 0.10193085670471191406 0.10695392638444900513 0.11200761795043945312 0.11709049344062805176 0.12221253663301467896 0.12734656035900115967 0.13249772787094116211 0.13766197860240936279 0.14281901717185974121 0.14795880019664764404 0.15308015048503875732 0.15818056464195251465 0.16324163973331451416 0.16825798153877258301 0.17369067668914794922 0.1790275275707244873
0.022689806297421455383 0.026018992066383361816 0.0295240059494972229 0.033194728195667266846 0.037018761038780212402 0.040989961475133895874 0.045090347528457641602 0.049307614564895629883 0.053640294820070266724 0.05808569490909576416 0.062630124390125274658 0.067267239093780517578 0.07200702279806137085 0.07686474919319152832 0.081838794052600860596 0.086897842586040496826 0.092043630778789520264 0.09727106243371963501 0.10257284343242645264 0.10800275206565856934 0.11446920782327651978 0.12089879065752029419 0.12733970582485198975 0.13370822370052337646 0.14009325206279754639 0.14640009403228759766 0.15266841650009155273 0.15892773866653442383 0.16514512896537780762 0.17133808135986328125 0.17748565971851348877 0.18360388278961181641 0.18970587849617004395 0.19575445353984832764 0.20178854465484619141 0.20778207480907440186 0.2137498706579208374 0.21971276402473449707 0.22561934590339660645 0.23138090968132019043 0.23712642490863800049 0.2428690791130065918 0.24865086376667022705 0.25442832708358764648 0.26023527979850769043 0.26602438092231750488 0.2717984616756439209 0.27755922079086303711
0.066680021584033966064 0.071255326271057128906 0.076456993818283081055 0.082186341285705566406 0.087930016219615936279 0.093693494796752929688 0.099436007440090179443 0.10514357686042785645 0.11081293225288391113 0.11647131294012069702 0.12222521007061004639 0.12792651355266571045 0.13354749977588653564 0.13912436366081237793 0.1446602940559387207 0.15084177255630493164 0.15709452331066131592 0.16342668235301971436 0.16982124745845794678 0.17627628147602081299 0.18277542293071746826 0.18931379914283752441 0.19589103758335113525 0.20249126851558685303 0.20914414525032043457 0.21590147912502288818 0.22271974384784698486 0.22955344617366790771 0.23639623820781707764 0.24323514103889465332 0.25007066130638122559 0.25689747929573059082 0.26371544599533081055 0.27052852511405944824 0.27733013033866882324 0.28412285447120666504 0.29090046882629394531 0.29765060544013977051 0.30435821413993835449 0.31103935837745666504 0.31766480207443237305 0.32428008317947387695 0.3308251798152923584 0.33733847737312316895 0.34381082653999328613 0.35023355484008789062 0.35659840703010559082 0.3629201352596282959
0.12243504077196121216 0.12920260429382324219 0.13607126474380493164 0.14303268492221832275 0.15008153021335601807 0.15720976889133453369 0.16440913081169128418 0.17167082428932189941 0.17902158200740814209 0.18647547066211700439 0.19399999082088470459 0.20160745084285736084 0.20925967395305633545 0.21692839264869689941 0.2246240079402923584 0.23232361674308776855 0.2400265038013458252 0.24773162603378295898 0.25543028116226196289 0.26311787962913513184 0.27079448103904724121 0.27845561504364013672 0.2860978245735168457 0.29371926188468933105 0.30133616924285888672 0.30893483757972717285 0.31649258732795715332 0.32402628660202026367 0.33155167102813720703 0.33902192115783691406 0.34649372100830078125 0.35389447212219238281 0.36129498481750488281 0.36860662698745727539 0.37588605284690856934 0.38309022784233093262 0.39021122455596923828 0.39732396602630615234 0.40436434745788574219 0.41133534908294677734 0.41825124621391296387 0.42510879039764404297 0.43191295862197875977 0.43866208195686340332 0.44532135128974914551 0.45192188024520874023 0.45845091342926025391 0.46490392088890075684
0.21122258901596069336 0.21982713043689727783 0.22846364974975585938 0.23713369667530059814 0.24580900371074676514 0.25450107455253601074 0.26320666074752807617 0.2719134986400604248 0.28061050176620483398 0.28927633166313171387 0.29789647459983825684 0.30647125840187072754 0.31503412127494812012 0.32355454564094543457 0.33203166723251342773 0.3404992520809173584 0.3488814234733581543 0.35724464058876037598 0.36554643511772155762 0.37383434176445007324 0.38206893205642700195 0.39026427268981933594 0.3983847200870513916 0.40646910667419433594 0.41445028781890869141 0.42241713404655456543 0.43030509352684020996 0.43810316920280456543 0.44586971402168273926 0.4535802304744720459 0.46119904518127441406 0.46873337030410766602 0.47620671987533569336 0.48364296555519104004 0.49100881814956665039 0.49831384420394897461 0.50554883480072021484 0.5127074122428894043 0.51981049776077270508 0.52685272693634033203 0.53381586074829101562 0.54069840908050537109 0.54755586385726928711 0.55436110496520996094 0.56109333038330078125 0.56774997711181640625 0.57431906461715698242 0.58090722560882568359
0.33558428287506103516 0.34513989090919494629 0.35465547442436218262 0.36410930752754211426 0.37348613142967224121 0.38278776407241821289 0.39202404022216796875 0.40116265416145324707 0.41028198599815368652 0.41926807165145874023 0.42823988199234008789 0.43709805607795715332 0.4458701014518737793 0.45460814237594604492 0.46322855353355407715 0.47177863121032714844 0.48031225800514221191 0.48873677849769592285 0.49704864621162414551 0.50530058145523071289 0.51349157094955444336 0.52160018682479858398 0.52962267398834228516 0.537567138671875 0.54544150829315185547 0.55324590206146240234 0.56098449230194091797 0.56865721940994262695 0.57628023624420166016 0.58385121822357177734 0.59136921167373657227 0.59883654117584228516 0.60622626543045043945 0.61357128620147705078 0.62086009979248046875 0.62808340787887573242 0.63528954982757568359 0.64246934652328491211 0.64958536624908447266 0.65658015012741088867 0.66365164518356323242 0.67061829566955566406 0.67749059200286865234 0.68441981077194213867 0.69123685359954833984 0.69801169633865356445 0.70474922657012939453 0.71141654253005981445
0.48914816975593566895 0.49854615330696105957 0.50779795646667480469 0.51691240072250366211 0.52597367763519287109 0.53494399785995483398 0.54380369186401367188 0.55254667997360229492 0.56118845939636230469 0.56973874568939208984 0.57821583747863769531 0.58664268255233764648 0.59499156475067138672 0.60327243804931640625 0.61150288581848144531 0.61967957019805908203 0.62778735160827636719 0.6358439326286315918 0.64385408163070678711 0.65181404352188110352 0.65973049402236938477 0.66758614778518676758 0.6754322052001953125 0.68323504924774169922 0.69097888469696044922 0.69864159822463989258 0.70624941587448120117 0.71391457319259643555 0.7215092778205871582 0.728992462158203125 0.73651927709579467773 0.74403858184814453125 0.75143152475357055664 0.75887036323547363281 0.7662665247917175293 0.77356302738189697266 0.78094774484634399414 0.78821915388107299805 0.79549962282180786133 0.80274683237075805664 0.80993491411209106445 0.81713986396789550781 0.82427841424942016602 0.83138525485992431641 0.83849465847015380859 0.84549582004547119141 0.85253769159317016602 0.85952961444854736328
0.65975499153137207031 0.66823256015777587891 0.67661195993423461914 0.68494367599487304688 0.69322198629379272461 0.70140123367309570312 0.70950871706008911133 0.71754622459411621094 0.72551709413528442383 0.73347479104995727539 0.74141895771026611328 0.74929887056350708008 0.75713831186294555664 0.76493340730667114258 0.77274292707443237305 0.7805468440055847168 0.78832411766052246094 0.79606413841247558594 0.80379766225814819336 0.81157851219177246094 0.81933462619781494141 0.82701891660690307617 0.83480584621429443359 0.84257501363754272461 0.85028606653213500977 0.8581371307373046875 0.86590480804443359375 0.87373644113540649414 0.8815670013427734375 0.88936394453048706055 0.89724111557006835938 0.90504020452499389648 0.91291636228561401367 0.92072713375091552734 0.92856621742248535156 0.93639570474624633789 0.94418501853942871094 0.95197492837905883789 0.95975512266159057617 0.96745085716247558594 0.97517389059066772461 0.98277246952056884766 0.99045425653457641602 0.99796134233474731445 1.0054337978363037109 1.0129196643829345703 1.0202572345733642578 1.0274888277053833008
0.83894425630569458008 0.84670943021774291992 0.85455644130706787109 0.8623873591423034668 0.87017643451690673828 0.8780835270881652832 0.88599115610122680664 0.89387094974517822266 0.90184885263442993164 0.90982085466384887695 0.91778540611267089844 0.92584496736526489258 0.93387758731842041016 0.94190782308578491211 0.95003867149353027344 0.95811611413955688477 0.96621191501617431641 0.97437530755996704102 0.98250752687454223633 0.99063295125961303711 0.99885058403015136719 1.0069828033447265625 1.0151871442794799805 1.023404240608215332 1.031576991081237793 1.0398317575454711914 1.0480756759643554688 1.0562679767608642578 1.0645767450332641602 1.0727586746215820312 1.0810753107070922852 1.0893114805221557617 1.0975701808929443359 1.1057904958724975586 1.1140551567077636719 1.1221859455108642578 1.1304132938385009766 1.1384655237197875977 1.1466237306594848633 1.1545929908752441406 1.1625969409942626953 1.1705282926559448242 1.1782553195953369141 1.1860198974609375 1.1937170028686523438 1.2012324333190917969 1.2085461616516113281 1.2159411907196044922
1.0388309955596923828 1.0467225313186645508 1.0546197891235351562 1.0625033378601074219 1.0704066753387451172 1.0783652067184448242 1.0863040685653686523 1.0942271947860717773 1.1022728681564331055 1.1102637052536010742 1.11822509765625 1.126347661018371582 1.1343984603881835938 1.1424403190612792969 1.1506159305572509766 1.1587730646133422852 1.1668709516525268555 1.1751577854156494141 1.1834039688110351562 1.1916190385818481445 1.200018763542175293 1.208342432975769043 1.216739654541015625 1.2252051830291748047 1.2335768938064575195 1.2421891689300537109 1.2506159543991088867 1.2592688798904418945 1.2677435874938964844 1.2763833999633789062 1.2848994731903076172 1.2935357093811035156 1.3019635677337646484 1.310626983642578125 1.3190551996231079102 1.3274731636047363281 1.3359503746032714844 1.3441767692565917969 1.3524376153945922852 1.3606604337692260742 1.3686840534210205078 1.3766367435455322266 1.3845542669296264648 1.3922762870788574219 1.3998105525970458984 1.4072231054306030273 1.4146480560302734375 1.4218651056289672852
1.2581994533538818359 1.2656942605972290039 1.2732651233673095703 1.2808206081390380859 1.2883750200271606445 1.2960504293441772461 1.3037121295928955078 1.3113524913787841797 1.3191705942153930664 1.3269736766815185547 1.3347404003143310547 1.3427578210830688477 1.350729823112487793 1.3587245941162109375 1.3669188022613525391 1.3751394748687744141 1.3833452463150024414 1.3918023109436035156 1.4001845121383666992 1.4087390899658203125 1.4173058271408081055 1.4259396791458129883 1.4346520900726318359 1.4433442354202270508 1.4521899223327636719 1.460946202278137207 1.4697765111923217773 1.4786576032638549805 1.4873371124267578125 1.4963065385818481445 1.5050772428512573242 1.5137702226638793945 1.5225752592086791992 1.5311946868896484375 1.5397759675979614258 1.5483719110488891602 1.5567699670791625977 1.5649760961532592773 1.5733530521392822266 1.5815654993057250977 1.5895174741744995117 1.5972543954849243164 1.6049551963806152344 1.6126155853271484375 1.6200579404830932617 1.6272808313369750977 1.6342850923538208008 1.6410712003707885742
1.4861619472503662109 1.4933127164840698242 1.5005632638931274414 1.5079156160354614258 1.5152714252471923828 1.5227292776107788086 1.5303397178649902344 1.5379986763000488281 1.5457236766815185547 1.5536944866180419922 1.5616290569305419922 1.5697616338729858398 1.5780107975006103516 1.5862380266189575195 1.5947756767272949219 1.6032394170761108398 1.6119061708450317383 1.6205196380615234375 1.629380345344543457 1.6380372047424316406 1.647057652473449707 1.6558430194854736328 1.6648244857788085938 1.6737998723983764648 1.6826180219650268555 1.691681981086730957 1.700596928596496582 1.7093755006790161133 1.7184422016143798828 1.7272735834121704102 1.7359461784362792969 1.7446678876876831055 1.7534742355346679688 1.7620722055435180664 1.7704507112503051758 1.7787272930145263672 1.7871695756912231445 1.7954223155975341797 1.8034795522689819336 1.8113372325897216797 1.8189733028411865234 1.8265490531921386719 1.8340485095977783203 1.8413381576538085938 1.8484098911285400391 1.8552585840225219727 1.8618795871734619141 1.8682682514190673828
1.7049285173416137695 1.7131481170654296875 1.7214424610137939453 1.7297903299331665039 1.7383292913436889648 1.7468345165252685547 1.7556051015853881836 1.7642490863800048828 1.7732349634170532227 1.7820162773132324219 1.7911055088043212891 1.800127863883972168 1.8091630935668945312 1.8183690309524536133 1.8274058103561401367 1.8366756439208984375 1.8458836078643798828 1.8549398183822631836 1.8643356561660766602 1.8735227584838867188 1.882569432258605957 1.8918149471282958984 1.9010955095291137695 1.9101510047912597656 1.9190489053726196289 1.9281477928161621094 1.9372339248657226562 1.9461696147918701172 1.9549061059951782227 1.9634546041488647461 1.9722623825073242188 1.9809395074844360352 1.9894598722457885742 1.9978162050247192383 2.0060024261474609375 2.0140109062194824219 2.0220654010772705078 2.0299658775329589844 2.0376861095428466797 2.0452163219451904297 2.0525465011596679688 2.05966949462890625 2.0665791034698486328 2.073268890380859375 2.0797321796417236328 2.0859625339508056641 2.0920171737670898438 2.0978107452392578125
1.9174286127090454102 1.9274277687072753906 1.9372376203536987305 1.9471832513809204102 1.9572738409042358398 1.9672572612762451172 1.9772642850875854492 1.9874198436737060547 1.997465968132019043 2.0073931217193603516 2.0176022052764892578 2.0277435779571533203 2.0376884937286376953 2.0475008487701416016 2.0575373172760009766 2.0676014423370361328 2.0775249004364013672 2.0872435569763183594 2.0967869758605957031 2.1066796779632568359 2.1164460182189941406 2.1260700225830078125 2.1355447769165039062 2.1448636054992675781 2.1541273593902587891 2.1634843349456787109 2.1727111339569091797 2.1818001270294189453 2.1907460689544677734 2.1995456218719482422 2.2081954479217529297 2.2166924476623535156 2.2252538204193115234 2.2336623668670654297 2.2418951988220214844 2.2499468326568603516 2.2578103542327880859 2.2654736042022705078 2.2729413509368896484 2.2802035808563232422 2.2872521877288818359 2.2940783500671386719 2.3006711006164550781 2.3070123195648193359 2.3130860328674316406 2.3188917636871337891 2.3244194984436035156 2.3296566009521484375
2.11627960205078125 2.1270937919616699219 2.1378612518310546875 2.1485724449157714844 2.1592428684234619141 2.1701772212982177734 2.181049346923828125 2.1918516159057617188 2.2025763988494873047 2.2132019996643066406 2.2237007617950439453 2.2340757846832275391 2.2447357177734375 2.2553088665008544922 2.26578521728515625 2.276157379150390625 2.2864184379577636719 2.2965617179870605469 2.3065829277038574219 2.3166079521179199219 2.3266699314117431641 2.3365838527679443359 2.3463695049285888672 2.3560328483581542969 2.3655729293823242188 2.3749852180480957031 2.3842663764953613281 2.3934130668640136719 2.4024236202239990234 2.4112951755523681641 2.420024871826171875 2.4286673069000244141 2.437213897705078125 2.4455890655517578125 2.453784942626953125 2.4617941379547119141 2.4696061611175537109 2.4772098064422607422 2.4845921993255615234 2.4917399883270263672 2.4986391067504882812 2.5052702426910400391 2.5116147994995117188 2.5176606178283691406 2.5233995914459228516 2.5289134979248046875 2.5341842174530029297 2.5391280651092529297
2.3094577789306640625 2.320560455322265625 2.3316466808319091797 2.3426938056945800781 2.3537580966949462891 2.3649232387542724609 2.3760559558868408203 2.3871479034423828125 2.3981916904449462891 2.4091799259185791016 2.4201047420501708984 2.4309594631195068359 2.4417366981506347656 2.4524285793304443359 2.4630284309387207031 2.4735293388366699219 2.4839258193969726562 2.4942119121551513672 2.5044162273406982422 2.5146653652191162109 2.5247890949249267578 2.5347831249237060547 2.544643402099609375 2.5543670654296875 2.5639519691467285156 2.5733952522277832031 2.5826945304870605469 2.5918462276458740234 2.6008465290069580078 2.6096909046173095703 2.6183757781982421875 2.6268949508666992188 2.6352405548095703125 2.6434011459350585938 2.6513702869415283203 2.65914154052734375 2.6667039394378662109 2.6740446090698242188 2.6811470985412597656 2.6879932880401611328 2.6945638656616210938 2.7008333206176757812 2.7068116664886474609 2.7125151157379150391 2.7180459499359130859 2.7232837677001953125 2.7281484603881835938 2.7326090335845947266
2.4618203639984130859 2.4730751514434814453 2.4843351840972900391 2.4955961704254150391 2.5068511962890625 2.5180933475494384766 2.5293147563934326172 2.5405068397521972656 2.5516617298126220703 2.562770843505859375 2.5738248825073242188 2.5848166942596435547 2.5957372188568115234 2.6065769195556640625 2.6173288822174072266 2.6280450820922851562 2.6386969089508056641 2.6492447853088378906 2.6596820354461669922 2.6700026988983154297 2.6802008152008056641 2.6902709007263183594 2.7002079486846923828 2.7100064754486083984 2.7196621894836425781 2.7291665077209472656 2.7385118007659912109 2.7476918697357177734 2.7567000389099121094 2.7655298709869384766 2.7741732597351074219 2.7826201915740966797 2.7908589839935302734 2.7988793849945068359 2.8068146705627441406 2.8146188259124755859 2.8222260475158691406 2.8296177387237548828 2.8367640972137451172 2.8436272144317626953 2.8501820564270019531 2.8564014434814453125 2.8622581958770751953 2.8677244186401367188 2.8728055953979492188 2.8776044845581054688 2.8820211887359619141 2.8861870765686035156
