data/CoulombOnly/Outputs_CoulombOnly/release1HS_03CoulombOnly_null_TRENT2D_pfv.asc
ncols 1001
nrows  301
cellsize  5.000
xllcenter     1000.00
yllcenter    -5000.00
NODATA_value nan
[rows 136 to 169 of 301, columns 0 to 76 of 1001]
nan nan nan nan nan nan nan 9.337 15.272 17.365 19.345 20.912 22.365 23.702 24.856 25.917 26.949 27.926 28.810 29.633 30.391 31.070 31.664 32.142 32.517 32.762 32.883 32.881 32.755 32.519 32.181 31.759 31.267 30.777 30.710 30.670 30.713 30.850 31.054 31.285 31.549 31.838 32.141 32.450 32.769 33.091 33.421 33.752 34.085 34.416 34.749 35.080 35.409 35.737 36.065 36.389 36.711 37.031 37.346 37.661 37.970 38.276 38.579 38.875 39.169 39.458 39.740 40.021 40.297 40.566 40.830 41.091 41.345 41.592 41.832 42.067 42.294
nan nan nan nan nan nan nan 10.157 16.582 19.396 22.047 24.218 26.364 28.577 30.842 33.080 35.404 37.437 39.443 41.913 43.931 45.801 47.856 49.839 51.590 53.397 54.889 56.302 57.328 58.060 58.747 59.295 59.316 58.927 58.091 56.968 55.482 53.758 51.922 50.084 48.250 46.512 44.871 43.381 42.046 40.846 39.825 38.987 38.409 37.913 37.622 37.484 37.435 37.455 37.524 37.639 37.780 37.950 38.141 38.349 38.569 38.797 39.034 39.278 39.529 39.784 40.042 40.305 40.571 40.838 41.106 41.373 41.642 41.911 42.180 42.450 42.717
nan nan nan nan nan nan nan 10.212 16.657 19.701 22.480 24.991 27.541 30.091 32.757 35.510 38.560 40.936 43.474 46.536 49.044 51.498 54.244 56.688 59.182 61.623 63.826 66.028 68.361 70.275 72.087 73.782 75.657 77.392 79.017 80.092 81.168 82.565 83.810 84.458 84.977 84.768 84.347 82.961 81.035 79.092 76.658 73.955 70.881 67.861 64.711 61.722 59.025 56.561 54.325 52.284 50.459 48.821 47.395 46.162 45.190 44.339 43.666 43.188 42.859 42.649 42.522 42.455 42.439 42.465 42.531 42.625 42.742 42.881 43.036 43.205 43.385
nan nan nan nan nan nan nan 10.204 16.668 19.736 22.551 25.169 27.847 30.557 33.438 36.305 39.700 42.497 45.205 48.046 50.974 53.822 56.521 59.074 61.949 63.943 65.674 68.139 71.102 73.327 75.558 77.828 78.724 80.079 81.504 83.764 86.071 87.424 88.469 90.479 91.776 92.782 94.803 95.788 97.491 98.277 99.804 100.354 101.712 101.977 103.046 102.825 102.977 102.095 99.839 97.669 94.543 91.394 88.395 84.904 80.824 76.851 73.024 69.348 65.924 62.817 60.014 57.501 55.314 53.370 51.707 50.385 49.246 48.317 47.658 47.163 46.797
nan nan nan nan nan nan nan 10.200 16.674 19.747 22.562 25.199 27.884 30.706 33.630 36.585 40.078 42.930 45.754 49.307 52.151 54.810 57.832 59.829 62.491 65.471 67.950 70.092 72.090 74.273 76.701 79.060 80.371 81.651 83.332 85.836 87.456 88.724 89.868 91.255 93.515 95.169 97.099 98.459 100.249 101.522 101.903 102.898 104.101 105.419 106.988 108.723 110.083 110.640 111.502 112.878 114.539 115.196 116.064 117.307 117.454 117.801 117.345 117.201 114.725 112.061 109.281 106.237 101.586 97.111 92.625 87.622 82.712 77.889 73.436 69.503 66.011
nan nan nan nan nan nan nan 10.200 16.681 19.740 22.550 25.171 27.831 30.701 33.649 36.666 40.144 42.973 45.756 49.326 52.219 54.996 58.098 60.154 62.415 65.533 67.995 70.794 73.231 75.612 77.015 78.730 80.074 82.555 84.131 85.455 87.813 89.565 91.474 92.936 94.542 96.113 97.961 99.619 100.253 101.330 103.174 103.801 105.134 106.958 107.447 108.773 110.617 111.346 112.731 114.561 115.345 116.894 118.565 119.883 120.136 121.166 123.050 123.871 123.846 124.932 126.466 126.988 128.153 128.769 129.549 129.357 129.722 128.797 125.118 122.106 117.650
nan nan nan nan nan nan nan 10.201 16.684 19.737 22.536 25.123 27.756 31.246 33.737 36.770 40.141 42.869 46.197 49.073 52.277 55.082 58.073 60.168 62.486 65.577 68.048 70.868 73.368 74.962 76.564 77.935 80.099 81.743 83.187 85.476 87.335 89.130 90.816 92.486 94.251 96.152 97.842 98.987 100.372 102.117 103.383 105.078 106.782 107.965 108.138 109.365 111.351 112.500 112.903 114.114 116.221 117.840 118.646 118.838 120.352 122.558 124.055 124.670 124.606 126.018 128.174 129.416 129.870 129.798 131.197 133.461 134.920 135.454 135.327 134.938 136.402
nan nan nan nan nan nan nan 10.201 16.685 19.735 22.529 25.086 27.694 31.197 33.821 37.022 40.143 42.876 46.272 49.257 52.480 55.191 57.713 60.102 63.277 65.967 68.502 70.730 72.980 75.417 76.913 78.657 80.190 81.619 83.119 85.292 87.136 88.954 90.661 92.520 94.187 95.163 96.265 98.265 99.453 101.086 102.460 104.171 104.968 106.241 108.299 109.843 110.694 112.240 113.652 115.621 116.967 117.766 118.169 118.622 120.310 121.870 123.951 125.411 126.313 126.861 127.088 127.241 128.931 131.589 133.010 134.889 135.898 136.518 137.003 137.362 137.592
nan nan nan nan nan nan nan 10.200 16.685 19.734 22.524 25.055 27.643 31.154 34.102 36.715 39.960 42.724 46.131 49.130 52.202 55.052 57.548 60.250 63.303 65.857 67.814 69.865 71.968 74.404 77.111 78.618 80.146 82.341 83.957 85.340 86.756 88.230 89.975 91.612 93.586 95.589 96.817 98.392 100.206 101.459 103.354 104.420 106.077 107.860 109.125 110.196 110.691 112.126 113.709 115.783 117.301 118.306 118.955 119.677 120.420 121.072 121.593 123.384 125.141 127.554 128.811 130.625 131.950 133.144 134.170 134.974 135.846 136.807 137.834 138.854 139.743
nan nan nan nan nan nan nan 10.199 16.686 19.732 22.520 25.029 28.330 30.932 33.566 36.724 39.815 43.146 45.983 49.237 52.031 54.902 57.503 60.871 63.594 65.502 67.548 69.646 71.772 73.867 76.402 78.114 79.617 81.592 83.227 84.815 87.236 88.635 89.730 91.278 93.013 94.946 96.798 98.054 99.866 101.133 102.909 103.875 105.504 107.467 109.001 109.906 110.295 111.674 113.371 115.512 117.084 118.150 118.869 119.666 120.409 121.089 121.635 122.556 123.575 124.688 126.828 128.540 130.387 132.793 134.169 136.096 137.551 138.914 140.290 141.664 142.994
nan nan nan nan nan nan nan 10.199 16.687 19.731 22.516 25.007 28.310 30.926 33.520 36.681 39.702 43.082 45.911 49.164 51.939 54.776 57.463 60.760 63.309 65.261 67.321 69.424 71.559 73.672 75.965 78.617 80.386 81.863 84.305 86.003 87.471 89.056 90.618 92.346 94.262 95.990 97.093 98.611 100.370 101.724 102.457 103.868 105.908 107.410 108.264 109.811 111.066 113.030 114.548 115.491 116.235 116.931 117.556 118.437 119.291 121.183 122.388 123.891 125.999 127.214 129.491 130.772 132.343 133.812 135.169 136.328 137.559 138.899 140.324 141.796 143.263
nan nan nan nan nan nan nan 10.200 16.688 19.731 22.511 24.994 28.297 30.932 33.493 36.658 39.635 43.055 45.878 49.033 51.876 55.177 57.682 60.832 63.159 65.128 67.184 69.257 71.377 73.507 75.681 78.370 80.132 81.682 84.077 85.752 87.121 88.676 90.182 91.959 93.830 95.744 96.580 97.890 99.840 101.304 103.244 104.514 106.199 107.063 108.679 110.655 112.045 113.234 113.926 114.270 115.772 117.405 119.447 120.528 122.256 123.653 124.706 125.663 126.657 127.645 128.570 129.630 130.831 132.172 133.478 134.704 136.038 137.491 139.052 140.664 142.270
nan nan nan nan nan nan nan 10.202 16.690 19.737 22.516 24.996 28.296 30.971 33.490 37.274 39.872 43.249 46.255 49.191 52.043 55.238 57.802 60.921 63.050 65.079 67.226 69.289 71.323 73.462 75.510 78.209 79.955 81.560 83.878 85.548 86.988 88.485 90.017 91.755 93.554 95.500 96.323 97.629 99.610 101.037 102.964 104.901 106.324 106.912 108.296 110.425 112.016 112.943 113.379 114.759 117.102 118.497 120.404 121.630 122.581 123.335 123.922 124.572 125.386 126.266 127.158 128.221 129.386 130.704 132.013 133.266 134.647 136.157 137.758 139.401 141.034
nan nan nan nan nan nan nan 10.216 16.702 19.735 22.537 25.033 28.344 31.000 33.547 37.335 39.941 43.336 46.354 49.292 52.143 55.350 57.905 61.044 63.192 65.232 67.393 69.476 71.495 73.646 75.717 78.387 80.148 81.708 83.898 85.572 86.873 88.297 89.760 91.417 92.906 94.339 95.242 95.976 96.486 97.530 97.858 97.876 97.949 97.580 97.209 96.473 95.263 93.874 92.753 91.897 91.305 90.213 89.147 88.237 87.459 86.330 85.163 84.097 83.205 82.416 81.614 80.791 79.693 78.943 78.370 77.851 77.490 77.196 76.754 76.459 76.324
nan nan nan nan nan nan nan 7.182 15.899 15.896 19.912 19.715 23.109 25.479 24.764 28.019 27.258 30.469 32.684 31.523 34.740 33.520 36.669 35.373 38.439 40.833 39.046 42.164 40.421 43.437 45.799 43.661 46.651 44.599 47.580 45.578 48.300 50.573 48.240 50.906 48.739 51.326 53.408 51.011 53.498 51.219 53.495 51.399 53.522 55.229 53.029 54.933 52.947 54.625 56.068 54.050 55.421 53.660 54.831 53.326 54.301 55.169 53.718 54.285 53.137 53.493 53.870 52.819 52.793 51.999 51.755 51.154 50.631 49.832 49.341 47.393 47.176
nan nan nan nan nan nan nan 10.216 16.702 19.735 22.537 25.033 28.344 31.000 33.547 37.335 39.941 43.336 46.354 49.292 52.143 55.350 57.905 61.044 63.192 65.232 67.393 69.476 71.495 73.646 75.717 78.387 80.148 81.708 83.898 85.572 86.873 88.297 89.760 91.417 92.906 94.339 95.242 95.976 96.486 97.530 97.858 97.876 97.949 97.580 97.209 96.473 95.263 93.874 92.753 91.897 91.305 90.213 89.147 88.237 87.459 86.330 85.163 84.097 83.205 82.416 81.614 80.791 79.693 78.943 78.370 77.851 77.490 77.196 76.754 76.459 76.324
nan nan nan nan nan nan nan 10.202 16.690 19.737 22.516 24.996 28.296 30.971 33.490 37.274 39.872 43.249 46.255 49.191 52.043 55.238 57.802 60.921 63.050 65.079 67.226 69.289 71.323 73.462 75.510 78.209 79.955 81.560 83.878 85.548 86.988 88.485 90.017 91.755 93.554 95.500 96.323 97.629 99.610 101.037 102.964 104.901 106.324 106.912 108.296 110.425 112.016 112.943 113.379 114.759 117.102 118.497 120.404 121.630 122.581 123.335 123.922 124.572 125.386 126.266 127.158 128.221 129.386 130.704 132.013 133.266 134.647 136.157 137.758 139.401 141.034
nan nan nan nan nan nan nan 10.200 16.688 19.731 22.511 24.994 28.297 30.932 33.493 36.658 39.635 43.055 45.878 49.033 51.876 55.177 57.682 60.832 63.159 65.128 67.184 69.257 71.377 73.507 75.681 78.370 80.132 81.682 84.077 85.752 87.121 88.676 90.182 91.959 93.830 95.744 96.580 97.890 99.840 101.304 103.244 104.514 106.199 107.063 108.679 110.655 112.045 113.234 113.926 114.270 115.772 117.405 119.447 120.528 122.256 123.653 124.706 125.663 126.657 127.645 128.570 129.630 130.831 132.172 133.478 134.704 136.038 137.491 139.052 140.664 142.270
nan nan nan nan nan nan nan 10.199 16.687 19.731 22.516 25.007 28.310 30.926 33.520 36.681 39.702 43.082 45.911 49.164 51.939 54.776 57.463 60.760 63.309 65.261 67.321 69.424 71.559 73.672 75.965 78.617 80.386 81.863 84.305 86.003 87.471 89.056 90.618 92.346 94.262 95.990 97.093 98.611 100.370 101.724 102.457 103.868 105.908 107.410 108.264 109.811 111.066 113.030 114.548 115.491 116.235 116.931 117.556 118.437 119.291 121.183 122.388 123.891 125.999 127.214 129.491 130.772 132.343 133.812 135.169 136.328 137.559 138.899 140.324 141.796 143.263
nan nan nan nan nan nan nan 10.199 16.686 19.732 22.520 25.029 28.330 30.932 33.566 36.724 39.815 43.146 45.983 49.237 52.031 54.902 57.503 60.871 63.594 65.502 67.548 69.646 71.772 73.867 76.402 78.114 79.617 81.592 83.227 84.815 87.236 88.635 89.730 91.278 93.013 94.946 96.798 98.054 99.866 101.133 102.909 103.875 105.504 107.467 109.001 109.906 110.295 111.674 113.371 115.512 117.084 118.150 118.869 119.666 120.409 121.089 121.635 122.556 123.575 124.688 126.828 128.540 130.387 132.793 134.169 136.096 137.551 138.914 140.290 141.664 142.994
nan nan nan nan nan nan nan 10.200 16.685 19.734 22.524 25.055 27.643 31.154 34.102 36.715 39.960 42.724 46.131 49.130 52.202 55.052 57.548 60.250 63.303 65.857 67.814 69.865 71.968 74.404 77.111 78.618 80.146 82.341 83.957 85.340 86.756 88.230 89.975 91.612 93.586 95.589 96.817 98.392 100.206 101.459 103.354 104.420 106.077 107.860 109.125 110.196 110.691 112.126 113.709 115.783 117.301 118.306 118.955 119.677 120.420 121.072 121.593 123.384 125.141 127.554 128.811 130.625 131.950 133.144 134.170 134.974 135.846 136.807 137.834 138.854 139.743
nan nan nan nan nan nan nan 10.201 16.685 19.735 22.529 25.086 27.694 31.197 33.821 37.022 40.143 42.876 46.272 49.257 52.480 55.191 57.713 60.102 63.277 65.967 68.502 70.730 72.980 75.417 76.913 78.657 80.190 81.619 83.119 85.292 87.136 88.954 90.661 92.520 94.187 95.163 96.265 98.265 99.453 101.086 102.460 104.171 104.968 106.241 108.299 109.843 110.694 112.240 113.652 115.621 116.967 117.766 118.169 118.622 120.310 121.870 123.951 125.411 126.313 126.861 127.088 127.241 128.931 131.589 133.010 134.889 135.898 136.518 137.003 137.362 137.592
nan nan nan nan nan nan nan 10.201 16.684 19.737 22.536 25.123 27.756 31.246 33.737 36.770 40.141 42.869 46.197 49.073 52.277 55.082 58.073 60.168 62.486 65.577 68.048 70.868 73.368 74.962 76.564 77.935 80.099 81.743 83.187 85.476 87.335 89.130 90.816 92.486 94.251 96.152 97.842 98.987 100.372 102.117 103.383 105.078 106.782 107.965 108.138 109.365 111.351 112.500 112.903 114.114 116.221 117.840 118.646 118.838 120.352 122.558 124.055 124.670 124.606 126.018 128.174 129.416 129.870 129.798 131.197 133.461 134.920 135.454 135.327 134.938 136.402
nan nan nan nan nan nan nan 10.200 16.681 19.740 22.550 25.171 27.831 30.701 33.649 36.666 40.144 42.973 45.756 49.326 52.219 54.996 58.098 60.154 62.415 65.533 67.995 70.794 73.231 75.612 77.015 78.730 80.074 82.555 84.131 85.455 87.813 89.565 91.474 92.936 94.542 96.113 97.961 99.619 100.253 101.330 103.174 103.801 105.134 106.958 107.447 108.773 110.617 111.346 112.731 114.561 115.345 116.894 118.565 119.883 120.136 121.166 123.050 123.871 123.846 124.932 126.466 126.988 128.153 128.769 129.549 129.357 129.722 128.797 125.118 122.106 117.650
nan nan nan nan nan nan nan 10.200 16.674 19.747 22.562 25.199 27.884 30.706 33.630 36.585 40.078 42.930 45.754 49.307 52.151 54.810 57.832 59.829 62.491 65.471 67.950 70.092 72.090 74.273 76.701 79.060 80.371 81.651 83.332 85.836 87.456 88.724 89.868 91.255 93.515 95.169 97.099 98.459 100.249 101.522 101.903 102.898 104.101 105.419 106.988 108.723 110.083 110.640 111.502 112.878 114.539 115.196 116.064 117.307 117.454 117.801 117.345 117.201 114.725 112.061 109.281 106.237 101.586 97.111 92.625 87.622 82.712 77.889 73.436 69.503 66.011
nan nan nan nan nan nan nan 10.204 16.668 19.736 22.551 25.169 27.847 30.557 33.438 36.305 39.700 42.497 45.205 48.046 50.974 53.822 56.521 59.074 61.949 63.943 65.674 68.139 71.102 73.327 75.558 77.828 78.724 80.079 81.504 83.764 86.071 87.424 88.469 90.479 91.776 92.782 94.803 95.788 97.491 98.277 99.804 100.354 101.712 101.977 103.046 102.825 102.977 102.095 99.839 97.669 94.543 91.394 88.395 84.904 80.824 76.851 73.024 69.348 65.924 62.816 60.014 57.501 55.314 53.370 51.707 50.385 49.246 48.317 47.658 47.163 46.797
nan nan nan nan nan nan nan 10.212 16.657 19.701 22.480 24.991 27.541 30.091 32.757 35.510 38.560 40.936 43.474 46.536 49.044 51.498 54.244 56.688 59.182 61.623 63.826 66.028 68.361 70.275 72.087 73.782 75.657 77.392 79.017 80.092 81.168 82.565 83.810 84.458 84.977 84.768 84.347 82.961 81.035 79.092 76.658 73.955 70.881 67.861 64.711 61.722 59.025 56.561 54.325 52.284 50.459 48.821 47.395 46.162 45.190 44.339 43.666 43.188 42.859 42.649 42.522 42.455 42.439 42.465 42.531 42.625 42.742 42.881 43.036 43.205 43.385
nan nan nan nan nan nan nan 10.157 16.582 19.396 22.047 24.218 26.364 28.577 30.842 33.080 35.404 37.437 39.443 41.913 43.931 45.801 47.856 49.839 51.590 53.397 54.889 56.302 57.328 58.060 58.747 59.295 59.316 58.927 58.091 56.968 55.482 53.758 51.922 50.084 48.250 46.512 44.871 43.381 42.046 40.846 39.825 38.987 38.409 37.913 37.622 37.484 37.435 37.455 37.524 37.639 37.780 37.950 38.141 38.349 38.569 38.797 39.034 39.278 39.529 39.784 40.042 40.305 40.571 40.838 41.106 41.373 41.642 41.911 42.180 42.450 42.717
nan nan nan nan nan nan nan 9.337 15.272 17.365 19.345 20.912 22.365 23.702 24.856 25.917 26.949 27.926 28.810 29.633 30.391 31.070 31.664 32.142 32.517 32.762 32.883 32.881 32.755 32.519 32.181 31.759 31.267 30.777 30.710 30.670 30.713 30.850 31.054 31.285 31.549 31.838 32.141 32.450 32.769 33.091 33.421 33.752 34.085 34.416 34.749 35.080 35.409 35.737 36.065 36.389 36.711 37.031 37.346 37.661 37.970 38.276 38.579 38.875 39.169 39.458 39.740 40.021 40.297 40.566 40.830 41.091 41.345 41.592 41.832 42.067 42.294
nan nan nan nan nan nan nan nan 4.991 8.927 12.354 14.900 16.706 18.082 19.233 20.185 20.988 21.625 22.148 22.578 22.911 23.174 23.365 23.485 23.906 24.401 24.890 25.342 25.820 26.288 26.748 27.171 27.596 28.016 28.440 28.862 29.276 29.684 30.085 30.480 30.869 31.263 31.648 32.023 32.389 32.757 33.116 33.463 33.809 34.148 34.485 34.812 35.138 35.456 35.772 36.079 36.387 36.686 36.981 37.272 37.558 37.836 38.110 38.377 38.637 38.888 39.134 39.371 39.599 39.818 40.031 40.237 40.435 40.625 40.810 40.987 41.159
nan nan nan nan nan nan nan nan nan 13.469 16.800 18.953 21.315 22.839 23.797 25.313 26.094 27.147 27.429 27.707 27.757 27.528 27.149 26.606 25.880 24.980 24.636 24.967 25.295 25.691 26.109 26.518 26.913 27.317 27.719 28.123 28.527 28.933 29.336 29.733 30.124 30.507 30.880 31.243 31.606 31.960 32.303 32.644 32.977 33.306 33.625 33.940 34.249 34.551 34.845 35.135 35.417 35.693 35.959 36.218 36.468 36.704 36.928 37.141 37.346 37.544 37.737 37.924 38.106 38.287 38.467 38.644 38.819 38.993 39.164 39.333 39.497
nan nan nan nan nan nan nan nan nan nan 10.809 13.927 15.916 17.739 18.893 19.565 20.358 20.810 21.184 21.467 21.611 21.663 21.660 21.581 21.469 21.357 21.948 22.518 23.078 23.622 24.154 24.676 25.178 25.672 26.153 26.623 27.080 27.520 27.946 28.359 28.767 29.164 29.549 29.922 30.285 30.641 30.988 31.324 31.654 31.975 32.288 32.593 32.890 33.178 33.458 33.725 33.979 34.215 34.430 34.620 34.788 34.948 35.114 35.300 35.511 35.733 35.957 36.181 36.405 36.622 36.833 37.036 37.231 37.416 37.587 37.726 37.822
nan nan nan nan nan nan nan nan nan nan nan nan nan 8.681 13.705 15.847 17.439 18.740 19.531 20.049 20.434 20.550 20.585 20.488 20.312 20.037 19.765 20.044 20.707 21.339 21.947 22.529 23.082 23.615 24.128 24.627 25.111 25.581 26.036 26.477 26.903 27.315 27.712 28.099 28.474 28.836 29.185 29.521 29.847 30.161 30.462 30.744 31.009 31.245 31.444 31.594 31.689 31.762 31.843 31.978 32.215 32.498 32.774 33.039 33.293 33.535 33.767 33.986 34.192 34.385 34.561 34.715 34.839 34.925 34.983 35.004 34.946
nan nan nan nan nan nan nan nan nan nan nan nan nan nan nan nan nan nan nan nan nan 16.706 18.638 19.623 20.425 21.078 21.611 22.051 22.354 22.577 22.730 22.821 22.813 22.854 22.895 23.038 23.211 23.275 23.316 23.287 23.139 22.951 23.340 23.693 24.025 24.322 24.572 24.777 24.931 25.041 25.080 25.017 24.816 24.443 23.805 22.963 21.896 20.573 18.917 16.864 15.365 15.341 15.537 15.614 15.185 13.925 12.119 10.718 9.506 8.532 7.526 6.168 4.489 1.952 nan nan nan
