data/CoulombOnly/Outputs_CoulombOnly/release1HS_03CoulombOnly_null_TRENT2D_pfv.asc
ncols 1001
nrows  301
cellsize  5.000
xllcenter     1000.00
yllcenter    -5000.00
NODATA_value nan
[rows 136 to 169 of 301, columns 616 to 692 of 1001]
28.671 27.936 27.177 26.392 25.579 24.735 23.856 22.940 21.983 20.986 20.345 19.739 19.146 18.559 17.974 17.381 16.777 16.156 15.509 14.832 14.120 13.363 12.549 11.652 10.679 9.612 8.428 7.091 5.559 3.789 1.835 0.044 nan nan nan nan nan nan nan nan nan nan nan nan nan nan nan nan nan nan nan nan nan nan nan nan nan nan nan nan nan nan nan nan nan nan nan nan nan nan nan nan nan nan nan nan nan
29.166 28.441 27.692 26.918 26.115 25.281 24.414 23.509 22.562 21.570 20.778 20.173 19.580 18.995 18.410 17.820 17.219 16.598 15.957 15.289 14.586 13.843 13.038 12.170 11.230 10.201 9.064 7.788 6.336 4.666 2.774 0.804 nan nan nan nan nan nan nan nan nan nan nan nan nan nan nan nan nan nan nan nan nan nan nan nan nan nan nan nan nan nan nan nan nan nan nan nan nan nan nan nan nan nan nan nan nan
29.600 28.884 28.145 27.381 26.589 25.767 24.911 24.017 23.082 22.101 21.129 20.526 19.936 19.354 18.772 18.183 17.582 16.965 16.328 15.665 14.965 14.226 13.441 12.597 11.682 10.684 9.584 8.359 6.971 5.381 3.362 1.223 nan nan nan nan nan nan nan nan nan nan nan nan nan nan nan nan nan nan nan nan nan nan nan nan nan nan nan nan nan nan nan nan nan nan nan nan nan nan nan nan nan nan nan nan nan
29.979 29.272 28.541 27.786 27.004 26.192 25.348 24.466 23.543 22.573 21.553 20.812 20.224 19.643 19.061 18.472 17.873 17.258 16.623 15.959 15.267 14.539 13.769 12.943 12.050 11.077 10.009 8.820 7.486 5.914 4.130 2.137 0.253 nan nan nan nan nan nan nan nan nan nan nan nan nan nan nan nan nan nan nan nan nan nan nan nan nan nan nan nan nan nan nan nan nan nan nan nan nan nan nan nan nan nan nan nan
30.309 29.609 28.886 28.139 27.366 26.564 25.729 24.858 23.946 22.989 21.979 21.043 20.454 19.872 19.288 18.699 18.100 17.484 16.847 16.188 15.502 14.783 14.024 13.213 12.337 11.385 10.343 9.176 7.874 6.406 4.723 2.795 0.773 nan nan nan nan nan nan nan nan nan nan nan nan nan nan nan nan nan nan nan nan nan nan nan nan nan nan nan nan nan nan nan nan nan nan nan nan nan nan nan nan nan nan nan nan
30.594 29.901 29.185 28.446 27.681 26.887 26.061 25.200 24.298 23.352 22.354 21.298 20.638 20.052 19.466 18.874 18.271 17.654 17.020 16.364 15.682 14.969 14.218 13.417 12.557 11.617 10.592 9.471 8.225 6.816 5.200 3.329 1.276 nan nan nan nan nan nan nan nan nan nan nan nan nan nan nan nan nan nan nan nan nan nan nan nan nan nan nan nan nan nan nan nan nan nan nan nan nan nan nan nan nan nan nan nan
30.840 30.153 29.444 28.711 27.954 27.167 26.350 25.497 24.606 23.670 22.683 21.638 20.790 20.200 19.608 19.011 18.406 17.788 17.153 16.498 15.817 15.105 14.359 13.564 12.712 11.795 10.799 9.710 8.502 7.139 5.574 3.760 1.713 nan nan nan nan nan nan nan nan nan nan nan nan nan nan nan nan nan nan nan nan nan nan nan nan nan nan nan nan nan nan nan nan nan nan nan nan nan nan nan nan nan nan nan nan
31.049 30.368 29.666 28.940 28.189 27.410 26.600 25.756 24.874 23.947 22.971 21.937 20.932 20.335 19.738 19.136 18.526 17.904 17.264 16.606 15.921 15.207 14.460 13.675 12.838 11.938 10.960 9.892 8.712 7.388 5.871 4.111 2.090 0.102 nan nan nan nan nan nan nan nan nan nan nan nan nan nan nan nan nan nan nan nan nan nan nan nan nan nan nan nan nan nan nan nan nan nan nan nan nan nan nan nan nan nan nan
31.227 30.552 29.856 29.137 28.392 27.620 26.817 25.981 25.106 24.189 23.223 22.199 21.109 20.484 19.879 19.269 18.652 18.021 17.373 16.706 16.017 15.303 14.558 13.775 12.945 12.054 11.088 10.034 8.876 7.583 6.110 4.396 2.413 0.322 nan nan nan nan nan nan nan nan nan nan nan nan nan nan nan nan nan nan nan nan nan nan nan nan nan nan nan nan nan nan nan nan nan nan nan nan nan nan nan nan nan nan nan
31.376 30.707 30.017 29.304 28.566 27.801 27.005 26.175 25.309 24.399 23.442 22.428 21.348 20.670 20.058 19.438 18.809 18.168 17.511 16.837 16.142 15.422 14.671 13.884 13.053 12.163 11.203 10.156 9.010 7.736 6.297 4.626 2.684 0.578 nan nan nan nan nan nan nan nan nan nan nan nan nan nan nan nan nan nan nan nan nan nan nan nan nan nan nan nan nan nan nan nan nan nan nan nan nan nan nan nan nan nan nan
31.498 30.835 30.151 29.444 28.713 27.954 27.165 26.342 25.483 24.581 23.631 22.626 21.555 20.916 20.296 19.668 19.029 18.378 17.711 17.026 16.319 15.587 14.824 14.026 13.185 12.289 11.325 10.279 9.136 7.871 6.451 4.816 2.907 0.805 nan nan nan nan nan nan nan nan nan nan nan nan nan nan nan nan nan nan nan nan nan nan nan nan nan nan nan nan nan nan nan nan nan nan nan nan nan nan nan nan nan nan nan
31.595 30.937 30.258 29.557 28.832 28.080 27.297 26.481 25.628 24.733 23.790 22.792 21.865 21.246 20.619 19.981 19.331 18.667 17.986 17.287 16.566 15.819 15.041 14.228 13.371 12.462 11.486 10.431 9.281 8.014 6.594 4.980 3.091 0.994 nan nan nan nan nan nan nan nan nan nan nan nan nan nan nan nan nan nan nan nan nan nan nan nan nan nan nan nan nan nan nan nan nan nan nan nan nan nan nan nan nan nan nan
31.669 31.014 30.340 29.644 28.924 28.177 27.400 26.590 25.742 24.852 23.915 22.941 22.314 21.678 21.033 20.376 19.708 19.026 18.327 17.611 16.873 16.110 15.317 14.488 13.617 12.693 11.703 10.633 9.468 8.187 6.755 5.134 3.256 1.155 nan nan nan nan nan nan nan nan nan nan nan nan nan nan nan nan nan nan nan nan nan nan nan nan nan nan nan nan nan nan nan nan nan nan nan nan nan nan nan nan nan nan nan
31.720 31.069 30.397 29.705 28.988 28.245 27.472 26.666 25.822 24.936 24.168 23.522 22.866 22.200 21.525 20.841 20.146 19.440 18.720 17.984 17.228 16.448 15.641 14.798 13.914 12.979 11.979 10.898 9.721 8.425 6.980 5.342 3.458 1.336 nan nan nan nan nan nan nan nan nan nan nan nan nan nan nan nan nan nan nan nan nan nan nan nan nan nan nan nan nan nan nan nan nan nan nan nan nan nan nan nan nan nan nan
31.749 31.099 30.429 29.738 29.023 28.281 27.510 26.706 25.964 25.323 24.670 24.005 23.329 22.641 21.942 21.234 20.517 19.790 19.051 18.298 17.528 16.736 15.917 15.066 14.174 13.232 12.226 11.141 9.960 8.658 7.206 5.561 3.665 1.518 nan nan nan nan nan nan nan nan nan nan nan nan nan nan nan nan nan nan nan nan nan nan nan nan nan nan nan nan nan nan nan nan nan nan nan nan nan nan nan nan nan nan nan
31.721 31.069 30.398 29.705 28.988 28.245 27.472 26.666 25.822 24.937 24.168 23.522 22.866 22.200 21.525 20.841 20.146 19.440 18.720 17.984 17.228 16.448 15.640 14.798 13.914 12.979 11.979 10.898 9.720 8.425 6.980 5.342 3.458 1.336 nan nan nan nan nan nan nan nan nan nan nan nan nan nan nan nan nan nan nan nan nan nan nan nan nan nan nan nan nan nan nan nan nan nan nan nan nan nan nan nan nan nan nan
31.669 31.015 30.341 29.644 28.925 28.178 27.401 26.590 25.742 24.853 23.915 22.941 22.314 21.678 21.032 20.376 19.707 19.025 18.327 17.611 16.873 16.110 15.317 14.488 13.616 12.693 11.703 10.632 9.468 8.187 6.754 5.133 3.256 1.155 nan nan nan nan nan nan nan nan nan nan nan nan nan nan nan nan nan nan nan nan nan nan nan nan nan nan nan nan nan nan nan nan nan nan nan nan nan nan nan nan nan nan nan
31.596 30.937 30.259 29.558 28.833 28.081 27.298 26.482 25.629 24.733 23.790 22.792 21.864 21.246 20.618 19.980 19.330 18.666 17.986 17.286 16.565 15.818 15.041 14.227 13.371 12.462 11.486 10.431 9.281 8.014 6.593 4.980 3.091 0.994 nan nan nan nan nan nan nan nan nan nan nan nan nan nan nan nan nan nan nan nan nan nan nan nan nan nan nan nan nan nan nan nan nan nan nan nan nan nan nan nan nan nan nan
31.499 30.835 30.151 29.445 28.714 27.955 27.166 26.343 25.483 24.581 23.631 22.625 21.554 20.915 20.295 19.667 19.028 18.377 17.710 17.025 16.318 15.586 14.823 14.025 13.184 12.288 11.324 10.279 9.136 7.870 6.450 4.816 2.906 0.805 nan nan nan nan nan nan nan nan nan nan nan nan nan nan nan nan nan nan nan nan nan nan nan nan nan nan nan nan nan nan nan nan nan nan nan nan nan nan nan nan nan nan nan
31.376 30.708 30.018 29.305 28.567 27.801 27.006 26.176 25.309 24.399 23.441 22.427 21.347 20.669 20.057 19.437 18.808 18.166 17.510 16.836 16.141 15.421 14.670 13.883 13.052 12.162 11.202 10.156 9.009 7.736 6.296 4.626 2.684 0.578 nan nan nan nan nan nan nan nan nan nan nan nan nan nan nan nan nan nan nan nan nan nan nan nan nan nan nan nan nan nan nan nan nan nan nan nan nan nan nan nan nan nan nan
31.228 30.553 29.857 29.137 28.393 27.621 26.818 25.981 25.106 24.189 23.222 22.198 21.108 20.484 19.879 19.269 18.652 18.020 17.372 16.705 16.016 15.301 14.556 13.773 12.944 12.052 11.086 10.033 8.875 7.582 6.109 4.396 2.413 0.322 nan nan nan nan nan nan nan nan nan nan nan nan nan nan nan nan nan nan nan nan nan nan nan nan nan nan nan nan nan nan nan nan nan nan nan nan nan nan nan nan nan nan nan
31.050 30.369 29.667 28.941 28.190 27.410 26.600 25.756 24.873 23.946 22.970 21.935 20.932 20.335 19.737 19.136 18.526 17.903 17.263 16.605 15.920 15.206 14.459 13.673 12.836 11.936 10.959 9.890 8.711 7.387 5.870 4.111 2.089 0.102 nan nan nan nan nan nan nan nan nan nan nan nan nan nan nan nan nan nan nan nan nan nan nan nan nan nan nan nan nan nan nan nan nan nan nan nan nan nan nan nan nan nan nan
30.840 30.153 29.444 28.712 27.954 27.167 26.349 25.497 24.605 23.669 22.681 21.636 20.789 20.199 19.607 19.010 18.405 17.787 17.152 16.497 15.816 15.104 14.358 13.563 12.711 11.793 10.798 9.709 8.501 7.138 5.573 3.760 1.713 nan nan nan nan nan nan nan nan nan nan nan nan nan nan nan nan nan nan nan nan nan nan nan nan nan nan nan nan nan nan nan nan nan nan nan nan nan nan nan nan nan nan nan nan
30.595 29.901 29.185 28.446 27.680 26.886 26.060 25.199 24.297 23.351 22.352 21.296 20.636 20.050 19.465 18.873 18.270 17.653 17.018 16.363 15.681 14.968 14.216 13.416 12.556 11.616 10.592 9.470 8.224 6.816 5.200 3.329 1.276 nan nan nan nan nan nan nan nan nan nan nan nan nan nan nan nan nan nan nan nan nan nan nan nan nan nan nan nan nan nan nan nan nan nan nan nan nan nan nan nan nan nan nan nan
30.309 29.608 28.886 28.139 27.365 26.563 25.728 24.857 23.945 22.987 21.977 21.041 20.453 19.870 19.287 18.697 18.099 17.482 16.845 16.186 15.501 14.782 14.023 13.212 12.336 11.384 10.342 9.176 7.874 6.406 4.723 2.796 0.773 nan nan nan nan nan nan nan nan nan nan nan nan nan nan nan nan nan nan nan nan nan nan nan nan nan nan nan nan nan nan nan nan nan nan nan nan nan nan nan nan nan nan nan nan
29.979 29.271 28.541 27.785 27.003 26.191 25.346 24.465 23.542 22.572 21.552 20.811 20.223 19.642 19.060 18.471 17.872 17.256 16.621 15.958 15.265 14.538 13.768 12.942 12.049 11.076 10.009 8.819 7.486 5.914 4.131 2.138 0.254 nan nan nan nan nan nan nan nan nan nan nan nan nan nan nan nan nan nan nan nan nan nan nan nan nan nan nan nan nan nan nan nan nan nan nan nan nan nan nan nan nan nan nan nan
29.600 28.884 28.144 27.380 26.588 25.765 24.909 24.016 23.081 22.100 21.128 20.525 19.935 19.353 18.771 18.182 17.581 16.964 16.326 15.664 14.964 14.225 13.440 12.595 11.681 10.683 9.584 8.358 6.971 5.381 3.363 1.225 nan nan nan nan nan nan nan nan nan nan nan nan nan nan nan nan nan nan nan nan nan nan nan nan nan nan nan nan nan nan nan nan nan nan nan nan nan nan nan nan nan nan nan nan nan
29.165 28.440 27.691 26.916 26.114 25.280 24.413 23.507 22.561 21.570 20.778 20.172 19.579 18.994 18.409 17.819 17.218 16.597 15.955 15.288 14.585 13.842 13.037 12.169 11.229 10.200 9.064 7.788 6.336 4.666 2.774 0.804 nan nan nan nan nan nan nan nan nan nan nan nan nan nan nan nan nan nan nan nan nan nan nan nan nan nan nan nan nan nan nan nan nan nan nan nan nan nan nan nan nan nan nan nan nan
28.670 27.935 27.176 26.391 25.578 24.734 23.855 22.940 21.983 20.986 20.345 19.739 19.146 18.558 17.973 17.380 16.776 16.155 15.508 14.831 14.120 13.363 12.548 11.652 10.678 9.612 8.428 7.091 5.559 3.789 1.836 0.044 nan nan nan nan nan nan nan nan nan nan nan nan nan nan nan nan nan nan nan nan nan nan nan nan nan nan nan nan nan nan nan nan nan nan nan nan nan nan nan nan nan nan nan nan nan
28.111 27.367 26.599 25.805 24.983 24.129 23.241 22.316 21.344 20.452 19.821 19.218 18.625 18.037 17.449 16.856 16.248 15.620 14.970 14.290 13.563 12.786 11.948 11.036 10.020 8.898 7.651 6.233 4.600 2.729 0.781 nan nan nan nan nan nan nan nan nan nan nan nan nan nan nan nan nan nan nan nan nan nan nan nan nan nan nan nan nan nan nan nan nan nan nan nan nan nan nan nan nan nan nan nan nan nan
27.489 26.739 25.964 25.163 24.333 23.472 22.575 21.630 20.627 19.808 19.192 18.595 18.007 17.419 16.831 16.233 15.622 14.996 14.336 13.644 12.908 12.103 11.233 10.287 9.243 8.081 6.724 5.190 3.427 1.503 nan nan nan nan nan nan nan nan nan nan nan nan nan nan nan nan nan nan nan nan nan nan nan nan nan nan nan nan nan nan nan nan nan nan nan nan nan nan nan nan nan nan nan nan nan nan nan
26.811 26.056 25.277 24.472 23.636 22.761 21.840 20.860 19.809 19.051 18.448 17.862 17.282 16.699 16.116 15.519 14.903 14.264 13.600 12.886 12.125 11.301 10.390 9.400 8.304 7.069 5.651 3.872 1.931 0.086 nan nan nan nan nan nan nan nan nan nan nan nan nan nan nan nan nan nan nan nan nan nan nan nan nan nan nan nan nan nan nan nan nan nan nan nan nan nan nan nan nan nan nan nan nan nan nan
26.086 25.331 24.547 23.730 22.873 21.968 21.006 19.975 18.860 18.181 17.593 17.016 16.443 15.868 15.283 14.687 14.066 13.424 12.738 12.009 11.211 10.351 9.413 8.350 7.174 5.837 4.294 2.542 0.386 nan nan nan nan nan nan nan nan nan nan nan nan nan nan nan nan nan nan nan nan nan nan nan nan nan nan nan nan nan nan nan nan nan nan nan nan nan nan nan nan nan nan nan nan nan nan nan nan
25.314 24.546 23.742 22.896 22.003 21.052 20.035 18.937 17.792 17.200 16.629 16.061 15.495 14.923 14.342 13.739 13.114 12.448 11.745 10.978 10.153 9.240 8.245 7.130 5.810 4.328 2.629 0.879 nan nan nan nan nan nan nan nan nan nan nan nan nan nan nan nan nan nan nan nan nan nan nan nan nan nan nan nan nan nan nan nan nan nan nan nan nan nan nan nan nan nan nan nan nan nan nan nan nan
