data/CoulombOnly/Outputs_CoulombOnly/release1HS_null_03CoulombOnly_faSavageHutterFoamGamma_pft.asc
ncols 1001
nrows 301
xllcenter 1000
yllcenter -5000
cellsize 5
NODATA_value -9999
[rows 93 to 123 of 301, columns 420 to 489 of 1001]
-9999 -9999 -9999 -9999 -9999 -9999 -9999 -9999 -9999 -9999 -9999 -9999 -9999 -9999 -9999 -9999 -9999 -9999 -9999 -9999 -9999 -9999 -9999 -9999 -9999 -9999 -9999 -9999 -9999 -9999 -9999 -9999 -9999 -9999 -9999 -9999 -9999 -9999 -9999 -9999 -9999 -9999 -9999 -9999 -9999 -9999 -9999 -9999 -9999 -9999 -9999 -9999 -9999 -9999 -9999 -9999 -9999 -9999 -9999 -9999 -9999 -9999 -9999 -9999 -9999 -9999 -9999 -9999 -9999 -9999
-9999 -9999 -9999 -9999 -9999 -9999 -9999 -9999 -9999 -9999 -9999 -9999 -9999 -9999 -9999 -9999 -9999 -9999 -9999 -9999 -9999 -9999 -9999 -9999 -9999 -9999 -9999 -9999 -9999 -9999 -9999 -9999 -9999 -9999 -9999 -9999 -9999 -9999 -9999 -9999 -9999 -9999 -9999 -9999 -9999 -9999 -9999 -9999 -9999 -9999 -9999 -9999 -9999 -9999 -9999 -9999 -9999 -9999 -9999 -9999 -9999 -9999 -9999 -9999 -9999 -9999 -9999 -9999 -9999 -9999
-9999 -9999 -9999 -9999 -9999 -9999 -9999 -9999 -9999 -9999 -9999 -9999 -9999 -9999 -9999 -9999 -9999 -9999 -9999 -9999 -9999 -9999 -9999 -9999 -9999 -9999 -9999 -9999 -9999 -9999 -9999 -9999 -9999 -9999 -9999 -9999 -9999 -9999 -9999 -9999 -9999 -9999 -9999 -9999 -9999 -9999 -9999 -9999 -9999 -9999 -9999 -9999 -9999 -9999 -9999 -9999 -9999 -9999 -9999 -9999 -9999 -9999 -9999 -9999 -9999 -9999 -9999 -9999 -9999 -9999
-9999 -9999 -9999 -9999 -9999 -9999 -9999 -9999 -9999 -9999 -9999 -9999 -9999 -9999 -9999 -9999 -9999 -9999 -9999 -9999 -9999 -9999 -9999 -9999 -9999 -9999 -9999 -9999 -9999 -9999 -9999 -9999 -9999 -9999 -9999 -9999 -9999 -9999 -9999 -9999 -9999 -9999 -9999 -9999 -9999 -9999 -9999 -9999 -9999 -9999 -9999 -9999 -9999 -9999 -9999 -9999 -9999 -9999 -9999 -9999 -9999 -9999 -9999 -9999 -9999 -9999 -9999 -9999 -9999 -9999
-9999 -9999 -9999 -9999 -9999 -9999 -9999 -9999 -9999 -9999 -9999 -9999 -9999 -9999 -9999 -9999 -9999 -9999 -9999 -9999 -9999 -9999 -9999 -9999 -9999 -9999 -9999 -9999 -9999 -9999 -9999 -9999 -9999 -9999 -9999 -9999 -9999 -9999 -9999 -9999 -9999 -9999 -9999 -9999 -9999 -9999 -9999 -9999 -9999 -9999 -9999 -9999 -9999 -9999 -9999 -9999 -9999 -9999 -9999 -9999 -9999 -9999 -9999 -9999 -9999 -9999 -9999 -9999 -9999 -9999
-9999 -9999 -9999 -9999 -9999 -9999 -9999 -9999 -9999 -9999 -9999 -9999 -9999 -9999 -9999 -9999 -9999 -9999 -9999 -9999 -9999 -9999 -9999 -9999 -9999 -9999 -9999 -9999 -9999 -9999 -9999 -9999 -9999 -9999 -9999 -9999 -9999 -9999 -9999 -9999 -9999 -9999 -9999 -9999 -9999 -9999 -9999 -9999 -9999 -9999 -9999 -9999 -9999 -9999 -9999 -9999 -9999 -9999 -9999 -9999 -9999 -9999 -9999 -9999 -9999 -9999 -9999 -9999 -9999 -9999
-9999 -9999 -9999 -9999 -9999 -9999 -9999 -9999 -9999 -9999 -9999 -9999 -9999 -9999 -9999 -9999 -9999 -9999 -9999 -9999 -9999 -9999 -9999 -9999 -9999 -9999 -9999 -9999 -9999 -9999 -9999 -9999 -9999 -9999 -9999 -9999 -9999 -9999 -9999 -9999 -9999 -9999 -9999 -9999 -9999 -9999 -9999 -9999 -9999 -9999 -9999 -9999 -9999 -9999 -9999 -9999 -9999 -9999 -9999 -9999 -9999 -9999 -9999 -9999 -9999 -9999 -9999 -9999 -9999 -9999
1e-06 1e-06 1e-06 1e-06 1e-06 1.00001e-06 1e-06 1e-06 1.00001e-06 1e-06 1.00001e-06 1.00001e-06 1.00001e-06 1e-06 1e-06 1.00001e-06 1.00001e-06 1.00001e-06 1e-06 1e-06 1.00001e-06 1.00001e-06 1e-06 1e-06 1.00002e-06 1.00001e-06 1e-06 1e-06 1.00001e-06 1.00001e-06 1.00001e-06 1.00001e-06 1.00001e-06 1.00001e-06 1.00001e-06 1.00001e-06 1.00001e-06 1.00001e-06 1.00001e-06 1e-06 9.99999e-07 9.9999e-07 1.00001e-06 1.00001e-06 1e-06 1.00001e-06 1.00001e-06 1.00001e-06 9.99998e-07 1e-06 1e-06 1.00003e-06 1.00001e-06 1.00001e-06 1.00001e-06 1.00001e-06 1e-06 1e-06 1e-06 1e-06 1e-06 1e-06 1e-06 1e-06 1e-06 1e-06 1e-06 1e-06 1e-06 1e-06
1e-06 1e-06 1e-06 1e-06 1e-06 1e-06 1.00001e-06 1.00001e-06 9.99999e-07 1e-06 1e-06 1e-06 9.99998e-07 1e-06 1.00001e-06 1.00001e-06 1e-06 1.00001e-06 1.00001e-06 1.00001e-06 1e-06 1.00001e-06 1.00001e-06 1.00001e-06 9.99998e-07 1.00001e-06 1.00001e-06 9.99996e-07 9.99984e-07 1.00096e-06 9.99981e-07 1.00001e-06 9.99967e-07 9.99999e-07 1.00001e-06 9.99963e-07 9.99985e-07 9.99951e-07 9.99921e-07 9.98985e-07 9.97286e-07 9.97619e-07 9.98158e-07 9.97553e-07 9.96118e-07 9.95839e-07 9.97181e-07 9.95556e-07 9.95207e-07 9.95312e-07 9.97857e-07 9.98044e-07 9.97341e-07 9.97258e-07 9.9749e-07 9.98636e-07 9.993e-07 9.99608e-07 9.99781e-07 9.99897e-07 9.99938e-07 9.99988e-07 9.99999e-07 1.00001e-06 1.00001e-06 1.00001e-06 1.00001e-06 9.99999e-07 9.99992e-07 9.99989e-07
1e-06 1e-06 1e-06 1e-06 1e-06 1e-06 1.00001e-06 1.00001e-06 1e-06 1e-06 1.00001e-06 1.00001e-06 1e-06 1.00001e-06 1.00001e-06 1.00001e-06 1.00001e-06 1.00001e-06 1.00001e-06 9.99991e-07 9.99982e-07 9.9999e-07 1.00002e-06 9.99977e-07 1.00223e-06 9.9998e-07 9.99976e-07 9.98873e-07 9.9883e-07 9.98701e-07 9.97281e-07 9.97329e-07 9.96805e-07 9.90175e-07 9.98166e-07 9.96227e-07 9.89707e-07 9.95746e-07 9.99879e-07 9.99174e-07 9.99571e-07 1.0001e-06 1.00001e-06 1.00018e-06 9.99846e-07 9.99737e-07 9.99578e-07 1.00009e-06 1.00009e-06 1.00013e-06 1.00007e-06 9.99194e-07 9.99166e-07 9.99102e-07 9.99035e-07 9.99419e-07 9.99627e-07 9.99711e-07 9.99724e-07 9.99872e-07 9.99849e-07 9.99943e-07 1.00003e-06 1.00002e-06 1.00002e-06 1.00002e-06 1.00002e-06 1.00001e-06 1.00001e-06 1.00001e-06
1e-06 1e-06 1e-06 1e-06 1e-06 1.00001e-06 1.00001e-06 1.00001e-06 1e-06 1e-06 1.00001e-06 1.00059e-06 9.99971e-07 1.00001e-06 1.00122e-06 9.99985e-07 9.99992e-07 1.00279e-06 9.99587e-07 9.99592e-07 9.95618e-07 9.96261e-07 9.97725e-07 9.93109e-07 9.9789e-07 9.91848e-07 9.99755e-07 9.9478e-07 1.00006e-06 9.99966e-07 1.00009e-06 1e-06 9.99593e-07 1.00009e-06 1.00013e-06 9.98539e-07 1.0002e-06 9.99837e-07 9.97915e-07 9.99266e-07 1.00009e-06 1.00005e-06 9.99746e-07 9.99911e-07 9.99771e-07 9.9995e-07 1.00006e-06 1.00006e-06 1.00005e-06 1.00005e-06 1.00005e-06 1.00006e-06 1.00006e-06 1.00007e-06 1.00007e-06 1.00005e-06 1.00003e-06 1.00003e-06 1.00002e-06 9.99999e-07 1.00001e-06 1.00001e-06 1.00001e-06 1.00001e-06 1.00001e-06 1.00001e-06 1.00001e-06 1.00001e-06 1.00001e-06 1.00001e-06
1e-06 1e-06 1e-06 1e-06 1.00003e-06 1.00068e-06 1.00161e-06 1.00331e-06 9.99956e-07 9.9995e-07 1.00045e-06 1.00015e-06 9.92351e-07 9.97397e-07 9.99635e-07 9.93395e-07 9.9112e-07 9.99135e-07 9.9626e-07 9.94669e-07 9.99949e-07 1e-06 9.99981e-07 1.00002e-06 9.98659e-07 1.00008e-06 9.96164e-07 1.00026e-06 9.99726e-07 9.99594e-07 1.00006e-06 9.99638e-07 1.00006e-06 1.00008e-06 9.99958e-07 1.00006e-06 1.00015e-06 1.0001e-06 9.99951e-07 1.00005e-06 1.00006e-06 1.00005e-06 1.00004e-06 1.00001e-06 1.00003e-06 1.00003e-06 1.00004e-06 1.00003e-06 1.00003e-06 1.00002e-06 1.00002e-06 1.00002e-06 1.00001e-06 1.00001e-06 1.00001e-06 1.00001e-06 1.00001e-06 1e-06 1.00001e-06 1.00001e-06 1.00001e-06 1.00001e-06 1.00001e-06 1.00001e-06 1.00001e-06 1.00001e-06 1.00001e-06 1.00001e-06 1e-06 1e-06
9.99972e-07 9.99972e-07 9.9995e-07 1.00002e-06 1.00108e-06 9.98717e-07 9.97013e-07 9.94771e-07 9.88841e-07 9.91369e-07 9.9879e-07 9.99569e-07 9.99626e-07 1.00004e-06 9.99736e-07 9.99381e-07 9.99949e-07 1.00007e-06 9.94315e-07 9.99791e-07 9.99807e-07 9.99716e-07 1.00007e-06 9.99944e-07 1.00005e-06 1.00012e-06 1.00005e-06 1.00013e-06 9.9993e-07 1.00005e-06 1.0001e-06 1.00004e-06 1.00005e-06 1.00004e-06 1.00004e-06 1.00004e-06 1.00004e-06 1.00001e-06 1.00003e-06 1.00003e-06 1.00003e-06 1.00003e-06 1.00002e-06 1.00003e-06 1.00002e-06 1.00002e-06 1.00002e-06 1.00002e-06 1.00002e-06 1.00002e-06 1.00001e-06 1.00001e-06 1.00001e-06 1.00001e-06 1.00001e-06 1.00001e-06 1.00001e-06 1.00001e-06 1.00001e-06 1.00001e-06 1.00001e-06 1.00001e-06 1e-06 1e-06 1e-06 1e-06 1e-06 1e-06 1e-06 1e-06
9.90366e-07 9.89969e-07 9.83229e-07 9.895e-07 9.99747e-07 9.9243e-07 1.00042e-06 9.99889e-07 9.99064e-07 9.98784e-07 9.98643e-07 9.9964e-07 1.00013e-06 9.99747e-07 9.99474e-07 1.00006e-06 9.99955e-07 9.9997e-07 1.00003e-06 9.9989e-07 1.00005e-06 9.99976e-07 1.00001e-06 9.99977e-07 1.00003e-06 9.99976e-07 1.00003e-06 9.99974e-07 1.00003e-06 1.00003e-06 1e-06 1.00002e-06 1.00003e-06 1e-06 1.00002e-06 1.00002e-06 1.00002e-06 1.00002e-06 1.00002e-06 1.00002e-06 1.00001e-06 1.00002e-06 1.00002e-06 1.00002e-06 1.00002e-06 1.00002e-06 1.00002e-06 1.00002e-06 1.00002e-06 1.00001e-06 1.00001e-06 1.00001e-06 1.00001e-06 1e-06 1e-06 1.00001e-06 1e-06 1e-06 1e-06 1e-06 1e-06 1e-06 1e-06 1e-06 1e-06 1e-06 1e-06 1e-06 1e-06 1e-06
9.95998e-07 9.99673e-07 9.99019e-07 9.98404e-07 9.99514e-07 9.99541e-07 9.99315e-07 9.99429e-07 9.99754e-07 1.00001e-06 1.00004e-06 9.99965e-07 9.99838e-07 1.00004e-06 1.00002e-06 9.99926e-07 1.00003e-06 1.00003e-06 1.00004e-06 1.00001e-06 9.99979e-07 1.00003e-06 9.99981e-07 1.00003e-06 1.00004e-06 1.00002e-06 1.00003e-06 1.00002e-06 1.00002e-06 1.00002e-06 1.00002e-06 1.00002e-06 1.00001e-06 1.00002e-06 1.00002e-06 1.00002e-06 1.00001e-06 1.00002e-06 1.00002e-06 1.00002e-06 1.00002e-06 1.00001e-06 1.00002e-06 1.00002e-06 1.00002e-06 1.00002e-06 1.00002e-06 1.00001e-06 1.00001e-06 1.00001e-06 1.00001e-06 1e-06 1e-06 1e-06 1e-06 1e-06 1e-06 1e-06 1e-06 1e-06 1e-06 1e-06 1e-06 1e-06 1e-06 1e-06 1e-06 1e-06 1e-06 1e-06
9.9969e-07 9.99734e-07 9.99675e-07 9.99699e-07 9.99838e-07 9.99965e-07 9.99989e-07 1.00004e-06 1.00001e-06 9.99981e-07 9.99913e-07 1.00004e-06 1.00002e-06 9.99968e-07 1.00002e-06 1.00002e-06 1e-06 1.00002e-06 9.99988e-07 1.00003e-06 1.00002e-06 1.00003e-06 1.00002e-06 1.00002e-06 1.00001e-06 1.00002e-06 1.00001e-06 1.00002e-06 1.00002e-06 1.00001e-06 1.00002e-06 1.00002e-06 1.00001e-06 1.00002e-06 1.00002e-06 1.00002e-06 1.00002e-06 1.00002e-06 1.00002e-06 1.00002e-06 1.00001e-06 1.00001e-06 1.00002e-06 1.00002e-06 1.00001e-06 1.00001e-06 1.00001e-06 1.00001e-06 1.00001e-06 1.00001e-06 1.00001e-06 1e-06 1e-06 1e-06 1e-06 1e-06 1e-06 1e-06 1e-06 1e-06 1e-06 1e-06 1e-06 1e-06 1e-06 1e-06 1e-06 1e-06 1e-06 1e-06
9.99892e-07 9.99955e-07 9.99985e-07 1.00002e-06 1.00002e-06 1.00001e-06 9.99985e-07 9.99971e-07 9.99998e-07 1.00003e-06 1.00001e-06 9.99996e-07 1.00001e-06 1.00002e-06 9.99999e-07 1.00002e-06 1.00002e-06 1.00003e-06 1.00002e-06 9.99998e-07 1.00001e-06 1.00001e-06 1.00001e-06 1.00002e-06 1.00002e-06 1.00002e-06 1.00002e-06 1.00002e-06 1.00001e-06 1.00002e-06 1.00002e-06 1.00002e-06 1.00002e-06 1.00002e-06 1.00002e-06 1.00002e-06 1.00002e-06 1.00002e-06 1.00002e-06 1.00002e-06 1.00001e-06 1.00001e-06 1.00002e-06 1.00001e-06 1.00001e-06 1.00001e-06 1.00001e-06 1.00001e-06 1.00001e-06 1.00001e-06 1e-06 1e-06 1e-06 1e-06 1e-06 1e-06 1e-06 1e-06 1e-06 1e-06 1e-06 1e-06 1e-06 1e-06 1e-06 1e-06 1e-06 1e-06 1e-06 1e-06
1.00001e-06 1.00001e-06 9.99983e-07 9.9997e-07 9.99965e-07 1.00001e-06 1.00003e-06 1.00001e-06 1e-06 9.99988e-07 1.00002e-06 1.00001e-06 1e-06 1.00001e-06 1.00002e-06 1e-06 1.00002e-06 1.00001e-06 1.00001e-06 1.00001e-06 1.00002e-06 1.00002e-06 1.00002e-06 1.00001e-06 1.00001e-06 1.00001e-06 1.00001e-06 1.00002e-06 1.00001e-06 1.00001e-06 1.00002e-06 1.00002e-06 1.00002e-06 1.00002e-06 1.00002e-06 1.00002e-06 1.00002e-06 1.00002e-06 1.00002e-06 1.00002e-06 1.00002e-06 1.00001e-06 1.00001e-06 1.00001e-06 1.00001e-06 1.00001e-06 1.00001e-06 1.00001e-06 1.00001e-06 1.00001e-06 1e-06 1e-06 1e-06 1e-06 1e-06 1e-06 1e-06 1e-06 1e-06 1e-06 1e-06 1e-06 1e-06 1e-06 1e-06 1e-06 1e-06 1e-06 1e-06 1e-06
9.9997e-07 1e-06 1.00001e-06 1.00001e-06 1.00001e-06 9.99998e-07 9.99991e-07 1.00001e-06 1.00001e-06 1.00001e-06 1e-06 1.00002e-06 1.00001e-06 1.00001e-06 1.00001e-06 1.00001e-06 1.00001e-06 1.00002e-06 1.00002e-06 1.00001e-06 1.00002e-06 1.00002e-06 1.00002e-06 1.00001e-06 1.00001e-06 1.00001e-06 1.00001e-06 1.00002e-06 1.00002e-06 1.00002e-06 1.00002e-06 1.00002e-06 1.00001e-06 1.00001e-06 1.00001e-06 1.00002e-06 1.00001e-06 1.00001e-06 1.00002e-06 1.00001e-06 1.00001e-06 1.00001e-06 1.00001e-06 1.00001e-06 1.00001e-06 1.00001e-06 1.00001e-06 1.00001e-06 1.00001e-06 1.00001e-06 1e-06 1e-06 1e-06 1e-06 1e-06 1e-06 1e-06 1e-06 1e-06 1e-06 1e-06 1e-06 1e-06 1e-06 1e-06 1e-06 1e-06 1e-06 1e-06 1e-06
1.00001e-06 1e-06 9.9999e-07 1.00001e-06 1.00002e-06 1.00001e-06 1.00001e-06 1.00001e-06 1.00001e-06 1.00001e-06 1.00001e-06 1.00002e-06 1.00001e-06 1.00001e-06 1.00002e-06 1.00001e-06 1.00001e-06 1.00001e-06 1.00001e-06 1.00001e-06 1.00001e-06 1.00001e-06 1.00002e-06 1.00001e-06 1.00001e-06 1.00001e-06 1.00002e-06 1.00002e-06 1.00002e-06 1.00002e-06 1.00002e-06 1.00002e-06 1.00001e-06 1.00001e-06 1.00001e-06 1.00001e-06 1.00001e-06 1.00001e-06 1.00002e-06 1.00001e-06 1.00001e-06 1.00001e-06 1.00001e-06 1.00001e-06 1.00001e-06 1.00001e-06 1.00001e-06 1.00001e-06 1.00001e-06 1.00001e-06 1e-06 1e-06 1e-06 1e-06 1e-06 1e-06 1e-06 1e-06 1e-06 1e-06 1e-06 1e-06 1e-06 1e-06 1e-06 1e-06 1e-06 1e-06 1e-06 1e-06
1.00001e-06 1.00001e-06 1.00001e-06 1e-06 1e-06 1.00001e-06 1.00001e-06 1.00001e-06 1.00001e-06 1.00001e-06 1.00001e-06 1.00001e-06 1.00001e-06 1.00001e-06 1.00001e-06 1.00001e-06 1.00001e-06 1.00001e-06 1.00001e-06 1.00002e-06 1.00001e-06 1.00001e-06 1.00001e-06 1.00001e-06 1.00001e-06 1.00001e-06 1.00002e-06 1.00001e-06 1.00001e-06 1.00001e-06 1.00001e-06 1.00001e-06 1.00001e-06 1.00001e-06 1.00001e-06 1.00001e-06 1.00001e-06 1.00001e-06 1.00001e-06 1.00001e-06 1.00001e-06 1.00001e-06 1.00001e-06 1.00001e-06 1.00001e-06 1.00001e-06 1.00001e-06 1.00001e-06 1.00001e-06 1.00001e-06 1e-06 1e-06 1e-06 1e-06 1e-06 1e-06 1e-06 1e-06 1e-06 1e-06 1e-06 1e-06 1e-06 1e-06 1e-06 1e-06 1e-06 1e-06 1e-06 1e-06
1e-06 9.99993e-07 1.00001e-06 1.00001e-06 1.00001e-06 1.00001e-06 1.00001e-06 1.00001e-06 1.00001e-06 1.00001e-06 1.00001e-06 1.00001e-06 1.00001e-06 1.00001e-06 1.00001e-06 1.00002e-06 1.00001e-06 1.00001e-06 1.00001e-06 1.00002e-06 1.00001e-06 1.00001e-06 1.00001e-06 1.00001e-06 1.00001e-06 1.00001e-06 1.00002e-06 1.00001e-06 1.00001e-06 1.00001e-06 1.00001e-06 1.00001e-06 1.00001e-06 1.00001e-06 1.00001e-06 1.00001e-06 1.00001e-06 1.00001e-06 1.00001e-06 1.00001e-06 1.00001e-06 1.00001e-06 1.00001e-06 1.00001e-06 1.00001e-06 1.00001e-06 1.00001e-06 1.00001e-06 1.00001e-06 1.00001e-06 1e-06 1e-06 1e-06 1e-06 1e-06 1e-06 1e-06 1e-06 1e-06 1e-06 1e-06 1e-06 1e-06 1e-06 1e-06 1e-06 1e-06 1e-06 1e-06 1e-06
1.00001e-06 1e-06 9.99997e-07 1.00001e-06 1.00001e-06 1.00001e-06 1.00001e-06 1.00001e-06 1.00001e-06 1.00001e-06 1.00001e-06 1.00001e-06 1.00001e-06 1.00001e-06 1.00001e-06 1.00001e-06 1.00001e-06 1.00001e-06 1.00001e-06 1.00001e-06 1.00001e-06 1.00001e-06 1.00001e-06 1.00002e-06 1.00001e-06 1.00001e-06 1.00001e-06 1.00001e-06 1.00001e-06 1.00001e-06 1.00001e-06 1.00001e-06 1.00001e-06 1.00001e-06 1.00001e-06 1.00001e-06 1.00001e-06 1.00001e-06 1.00001e-06 1.00001e-06 1.00001e-06 1.00001e-06 1.00001e-06 1.00001e-06 1.00001e-06 1.00001e-06 1.00001e-06 1.00001e-06 1.00001e-06 1.00001e-06 1e-06 1e-06 1e-06 1e-06 1e-06 1e-06 1e-06 1e-06 1e-06 1e-06 1e-06 1e-06 1e-06 1e-06 1e-06 1e-06 1e-06 1e-06 1e-06 1e-06
1.00001e-06 1.00001e-06 1.00001e-06 9.99999e-07 1.00001e-06 1.00001e-06 1.00001e-06 1.00001e-06 1.00001e-06 1.00001e-06 1.00001e-06 1.00001e-06 1.00001e-06 1.00001e-06 1.00001e-06 1.00001e-06 1.00001e-06 1.00001e-06 1.00001e-06 1.00001e-06 1.00001e-06 1.00001e-06 1.00001e-06 1.00002e-06 1.00001e-06 1.00001e-06 1.00001e-06 1.00001e-06 1.00001e-06 1.00001e-06 1.00001e-06 1.00001e-06 1.00001e-06 1.00001e-06 1.00001e-06 1.00001e-06 1.00001e-06 1.00001e-06 1.00001e-06 1.00001e-06 1.00001e-06 1.00001e-06 1.00001e-06 1.00001e-06 1.00001e-06 1.00001e-06 1.00001e-06 1.00001e-06 1.00001e-06 1.00001e-06 1e-06 1e-06 1e-06 1e-06 1e-06 1e-06 1e-06 1e-06 1e-06 1e-06 1e-06 1e-06 1e-06 1e-06 1e-06 1e-06 1e-06 1e-06 1e-06 1e-06
1e-06 1.00001e-06 1.00001e-06 1.00001e-06 1e-06 1e-06 1.00001e-06 1.00001e-06 1.00001e-06 1.00001e-06 1.00001e-06 1.00001e-06 1.00001e-06 1.00001e-06 1.00001e-06 1.00001e-06 1.00001e-06 1.00001e-06 1.00002e-06 1.00001e-06 1e-06 1.00001e-06 1.00001e-06 1.00001e-06 1.00001e-06 1.00001e-06 1.00001e-06 1.00001e-06 1.00001e-06 1.00001e-06 1.00001e-06 1.00001e-06 1.00001e-06 1.00001e-06 1.00001e-06 1.00001e-06 1.00001e-06 1.00001e-06 1.00001e-06 1.00001e-06 1.00001e-06 1.00001e-06 1.00001e-06 1.00001e-06 1.00001e-06 1.00001e-06 1.00001e-06 1.00001e-06 1.00001e-06 1.00001e-06 1e-06 1e-06 1e-06 1e-06 1e-06 1e-06 1e-06 1e-06 1e-06 1e-06 1e-06 1e-06 1e-06 1e-06 1e-06 1e-06 1e-06 1e-06 1e-06 1e-06
1e-06 1e-06 1.00001e-06 1.00001e-06 1e-06 1e-06 1.00001e-06 1.00001e-06 1.00001e-06 1.00001e-06 1.00001e-06 1.00001e-06 1.00001e-06 1.00001e-06 1.00002e-06 1.00001e-06 1.00001e-06 1.00001e-06 1.00001e-06 1.00001e-06 1e-06 1.00001e-06 1.00002e-06 1.00001e-06 1.00001e-06 1.00001e-06 1.00001e-06 1.00001e-06 1.00001e-06 1.00001e-06 1.00001e-06 1.00001e-06 1.00001e-06 1.00001e-06 1.00001e-06 1.00001e-06 1.00001e-06 1.00001e-06 1.00001e-06 1.00001e-06 1.00001e-06 1.00001e-06 1.00001e-06 1.00001e-06 1.00001e-06 1.00001e-06 1.00001e-06 1.00001e-06 1.00001e-06 1.00001e-06 1e-06 1e-06 1e-06 1e-06 1e-06 1e-06 1e-06 1e-06 1e-06 1e-06 1e-06 1e-06 1e-06 1e-06 1e-06 1e-06 1e-06 1e-06 1e-06 1e-06
1.00001e-06 1.00001e-06 1e-06 1.00001e-06 1.00001e-06 1.00001e-06 1.00001e-06 1.00001e-06 1.00001e-06 1.00001e-06 1.00001e-06 1.00001e-06 1.00001e-06 1.00001e-06 1.00001e-06 1.00001e-06 1.00001e-06 1.00001e-06 1.00001e-06 1.00001e-06 1.00001e-06 1.00001e-06 1.00001e-06 1.00001e-06 1.00001e-06 1.00001e-06 1.00001e-06 1.00001e-06 1.00001e-06 1.00001e-06 1.00002e-06 1.00002e-06 1.00001e-06 1.00001e-06 1.00001e-06 1.00001e-06 1.00001e-06 1.00001e-06 1.00001e-06 1.00001e-06 1.00001e-06 1.00001e-06 1.00001e-06 1.00001e-06 1.00001e-06 1.00001e-06 1.00001e-06 1.00001e-06 1.00001e-06 1.00001e-06 1e-06 1e-06 1e-06 1e-06 1e-06 1e-06 1e-06 1e-06 1e-06 1e-06 1e-06 1e-06 1e-06 1e-06 1e-06 1e-06 1e-06 1e-06 1e-06 1e-06
1.00001e-06 1e-06 1e-06 1e-06 1e-06 1.00001e-06 1.00001e-06 1.00001e-06 1.00001e-06 1.00001e-06 1.00001e-06 1.00001e-06 1.00001e-06 1.00001e-06 1.00001e-06 1.00001e-06 1.00001e-06 1.00001e-06 1.00001e-06 1.00001e-06 1.00001e-06 1.00001e-06 1.00001e-06 1.00001e-06 1.00001e-06 1.00001e-06 1.00001e-06 1.00001e-06 1.00001e-06 1.00001e-06 1.00002e-06 1.00002e-06 1.00001e-06 1.00001e-06 1.00002e-06 1.00002e-06 1.00001e-06 1.00001e-06 1.00001e-06 1.00001e-06 1.00001e-06 1.00001e-06 1.00001e-06 1.00001e-06 1.00001e-06 1.00001e-06 1.00001e-06 1.00001e-06 1.00001e-06 1.00001e-06 1e-06 1e-06 1e-06 1e-06 1e-06 1e-06 1e-06 1e-06 1e-06 1e-06 1e-06 1e-06 1e-06 1e-06 1e-06 1e-06 1e-06 1e-06 1e-06 1e-06
1.00001e-06 1.00001e-06 1e-06 1.00001e-06 1.00001e-06 1.00001e-06 1.00001e-06 1.00001e-06 1.00001e-06 1.00001e-06 1.00001e-06 1.00001e-06 1.00001e-06 1.00001e-06 1.00001e-06 1.00002e-06 1.00001e-06 1.00001e-06 1.00001e-06 1.00001e-06 1.00001e-06 1.00001e-06 1.00001e-06 1.00001e-06 1.00001e-06 1.00001e-06 1.00001e-06 1.00002e-06 1.00001e-06 1.00001e-06 1.00001e-06 1.00001e-06 1.00001e-06 1.00001e-06 1.00002e-06 1.00001e-06 1.00001e-06 1.00001e-06 1.00001e-06 1.00001e-06 1.00001e-06 1.00001e-06 1.00001e-06 1.00001e-06 1.00001e-06 1.00001e-06 1.00001e-06 1.00001e-06 1.00001e-06 1.00001e-06 1e-06 1e-06 1e-06 1e-06 1e-06 1e-06 1e-06 1e-06 1e-06 1e-06 1e-06 1e-06 1e-06 1e-06 1e-06 1e-06 1e-06 1e-06 1e-06 1e-06
1e-06 1e-06 1e-06 1e-06 1e-06 1.00001e-06 1.00001e-06 1.00001e-06 1.00001e-06 1.00001e-06 1.00001e-06 1.00001e-06 1.00001e-06 1.00001e-06 1.00001e-06 1.00002e-06 1.00001e-06 1e-06 1.00001e-06 1.00002e-06 1.00001e-06 1.00001e-06 1.00001e-06 1.00001e-06 1.00001e-06 1.00001e-06 1.00001e-06 1.00002e-06 1.00001e-06 1.00001e-06 1.00001e-06 1.00001e-06 1.00001e-06 1.00001e-06 1.00001e-06 1.00001e-06 1.00001e-06 1.00001e-06 1.00001e-06 1.00001e-06 1.00001e-06 1.00001e-06 1.00001e-06 1.00001e-06 1.00001e-06 1.00001e-06 1.00001e-06 1.00001e-06 1.00001e-06 1e-06 1e-06 1e-06 1e-06 1e-06 1e-06 1e-06 1e-06 1e-06 1e-06 1e-06 1e-06 1e-06 1e-06 1e-06 1e-06 1e-06 1e-06 1e-06 1e-06 1e-06
1e-06 1e-06 1e-06 1e-06 1e-06 1.00001e-06 1.00001e-06 1.00001e-06 1.00001e-06 1.00001e-06 1.00001e-06 1.00001e-06 1.00001e-06 1.00001e-06 1.00001e-06 1.00001e-06 1.00001e-06 1.00001e-06 1.00001e-06 1.00001e-06 1.00001e-06 1.00001e-06 1.00001e-06 1.00001e-06 1e-06 1.00001e-06 1.00001e-06 1.00002e-06 1.00001e-06 1.00001e-06 1.00001e-06 1.00001e-06 1.00001e-06 1.00001e-06 1.00001e-06 1.00001e-06 1.00001e-06 1.00001e-06 1.00001e-06 1.00001e-06 1.00001e-06 1.00001e-06 1.00001e-06 1.00001e-06 1.00001e-06 1.00001e-06 1.00001e-06 1.00001e-06 1.00001e-06 1e-06 1e-06 1e-06 1e-06 1e-06 1e-06 1e-06 1e-06 1e-06 1e-06 1e-06 1e-06 1e-06 1e-06 1e-06 1e-06 1e-06 1e-06 1e-06 1e-06 1e-06
