data/CoulombOnly/Outputs_CoulombOnly/release1HS_03CoulombOnly_null_TRENT2D_pfv.asc
ncols 1001
nrows  301
cellsize  5.000
xllcenter     1000.00
yllcenter    -5000.00
NODATA_value nan
[rows 136 to 169 of 301, columns 231 to 307 of 1001]
nan nan nan nan nan nan nan nan nan nan nan nan nan nan nan nan nan nan nan nan nan nan nan nan nan nan nan nan nan nan nan nan nan nan nan nan nan nan nan nan nan nan nan nan nan nan nan nan nan nan nan nan nan nan nan nan nan nan nan nan nan nan nan nan nan nan nan nan nan nan nan nan nan nan nan nan nan
nan nan nan nan nan nan nan nan nan nan nan nan nan nan nan nan nan nan nan nan nan nan nan nan nan nan nan nan nan nan nan nan nan nan nan nan nan nan nan nan nan nan nan nan nan nan nan nan nan nan nan nan nan nan nan nan nan nan nan nan nan nan nan nan nan nan nan nan nan nan nan nan nan nan nan nan nan
nan nan nan nan nan nan nan nan nan nan nan nan nan nan nan nan nan nan nan nan nan nan nan nan nan nan nan nan nan nan nan nan nan nan nan nan nan nan nan nan nan nan nan nan nan nan nan nan nan nan nan nan nan nan nan nan nan nan nan nan nan nan nan nan nan nan nan nan nan nan nan nan nan nan nan nan nan
nan nan nan nan nan nan nan nan nan nan nan nan nan nan nan nan nan nan nan nan nan nan nan nan nan nan nan nan nan nan nan nan nan nan nan nan nan nan nan nan nan nan nan nan nan nan nan nan nan nan nan nan nan nan nan nan nan nan nan nan nan nan nan nan nan nan nan nan nan nan nan nan nan nan nan nan nan
nan nan nan nan nan nan nan nan nan nan nan nan nan nan nan nan nan nan nan nan nan nan nan nan nan nan nan nan nan nan nan nan nan nan nan nan nan nan nan nan nan nan nan nan nan nan nan nan nan nan nan nan nan nan nan nan nan nan nan nan nan nan nan nan nan nan nan nan nan nan nan nan nan nan nan nan nan
nan nan nan nan nan nan nan nan nan nan nan nan nan nan nan nan nan nan nan nan nan nan nan nan nan nan nan nan nan nan nan nan nan nan nan nan nan nan nan nan nan nan nan nan nan nan nan nan nan nan nan nan nan nan nan nan nan nan nan nan nan nan nan nan nan nan nan nan nan nan nan nan nan nan nan nan nan
109.579 75.442 70.955 71.144 76.726 71.526 71.734 71.917 76.436 72.284 72.468 72.653 72.841 73.029 73.217 73.406 73.596 73.786 73.977 74.167 74.360 74.541 74.717 87.890 75.056 75.216 75.369 75.515 75.652 75.779 75.894 75.995 76.080 76.148 76.199 76.231 76.228 76.068 75.547 74.010 69.835 62.773 52.889 38.261 26.331 18.309 14.266 12.288 1.862 nan nan nan nan nan nan nan nan nan nan nan nan nan nan nan nan nan nan nan nan nan nan nan nan nan nan nan nan
78.056 79.264 74.579 74.703 90.183 74.969 75.098 75.163 86.846 75.249 75.316 75.402 75.507 75.624 75.751 75.883 76.021 76.163 76.307 76.450 76.591 76.732 77.860 77.013 77.156 77.301 77.448 77.597 77.749 77.901 78.056 78.211 78.349 78.488 78.632 78.766 78.827 78.810 78.852 78.983 79.143 79.298 79.444 79.574 79.680 79.792 79.907 79.969 80.011 80.039 80.052 80.050 80.033 79.999 79.951 79.892 79.827 79.767 79.702 79.645 79.593 79.514 79.402 79.252 79.057 78.786 78.350 77.759 76.828 71.151 62.362 46.674 32.801 20.927 14.861 12.983 9.294
77.953 76.410 76.347 76.321 76.326 76.364 76.416 76.464 76.528 76.606 76.688 76.771 76.855 76.946 77.044 77.151 77.264 77.384 77.507 77.633 77.759 77.886 78.014 78.143 78.271 78.399 78.528 78.655 78.779 78.904 79.030 79.154 79.280 79.409 79.536 79.660 79.785 79.911 80.031 80.149 80.268 80.390 80.520 80.644 80.768 80.895 81.022 81.145 81.274 81.397 81.519 81.633 81.747 81.843 81.955 82.077 82.201 82.310 82.393 82.462 82.549 82.629 82.665 82.656 82.630 126.484 82.562 82.492 82.341 82.294 82.267 82.228 82.167 82.071 81.944 81.925 64.680
155.632 153.722 151.292 147.019 141.415 135.891 129.142 122.425 115.595 109.009 102.818 97.106 91.760 87.022 83.705 82.021 80.936 80.244 79.826 79.559 79.393 79.301 79.256 117.843 79.268 79.307 79.361 79.429 79.508 94.049 79.687 79.787 79.892 80.001 80.113 80.231 80.350 80.471 80.595 80.721 80.847 80.974 81.101 81.231 81.362 81.492 81.625 81.757 81.886 82.018 82.146 82.279 82.408 120.106 82.662 82.789 82.916 83.041 83.166 83.291 83.416 83.536 83.653 83.772 83.875 83.973 113.904 84.184 84.286 84.392 117.089 84.595 84.692 84.780 84.863 84.964 85.066
222.849 223.903 225.825 226.322 227.607 227.477 228.486 226.059 224.112 221.241 217.618 211.870 203.631 196.684 185.809 174.699 163.156 152.355 143.119 135.069 127.561 120.971 115.144 110.042 105.849 102.103 98.955 96.345 94.098 92.270 90.774 89.533 88.499 87.636 118.154 86.327 85.814 85.405 85.057 84.774 84.542 84.351 84.195 84.066 83.976 83.911 83.860 83.844 83.826 83.841 83.858 83.884 83.926 83.968 84.026 103.203 84.150 84.223 105.568 88.755 84.462 84.552 84.639 84.727 84.825 84.922 85.016 85.110 85.210 85.307 85.402 85.495 85.585 85.678 85.773 85.868 85.961
228.574 230.466 230.531 232.537 232.744 234.905 235.175 237.306 236.703 239.250 243.481 243.959 246.331 248.431 247.677 250.721 251.357 249.266 252.083 245.600 246.479 240.790 236.516 229.505 224.219 218.305 210.452 203.115 194.599 184.662 174.852 166.034 155.942 148.249 141.749 135.089 128.976 124.249 119.443 115.501 112.099 108.205 105.290 103.081 101.028 99.394 97.908 96.696 95.664 94.765 94.023 93.354 92.803 92.295 91.878 91.487 91.158 90.855 90.597 90.366 90.163 89.986 89.827 89.697 89.574 89.482 89.389 89.325 89.258 89.213 89.167 89.141 89.105 89.091 89.069 89.069 89.058
77.193 77.368 77.537 77.699 77.881 78.051 78.217 78.378 78.556 78.719 78.877 79.030 79.185 79.338 79.489 79.640 79.791 79.945 80.100 80.275 80.447 80.624 80.802 80.992 81.185 81.372 81.561 81.737 81.923 82.110 82.286 82.480 82.680 82.884 83.082 83.273 83.483 83.680 83.897 84.120 84.347 84.576 84.799 85.027 85.252 85.468 85.691 85.894 86.104 86.304 86.501 86.696 86.878 87.064 87.235 87.410 87.573 87.728 87.885 88.026 88.172 88.307 88.437 88.564 88.682 88.804 88.912 89.028 89.132 89.238 89.339 89.436 89.535 89.624 89.721 89.811 89.897
77.858 77.941 78.031 78.125 78.220 78.320 78.424 78.531 78.639 78.751 78.864 78.980 79.097 79.216 79.335 79.457 79.579 79.704 79.831 79.958 80.086 80.214 80.342 80.470 80.597 80.724 80.858 80.994 81.131 81.272 81.414 81.559 81.708 81.858 82.005 82.161 82.318 82.476 82.636 82.799 82.960 83.122 83.289 83.457 83.620 83.781 83.949 84.115 84.274 84.441 84.606 84.767 84.932 85.096 85.254 85.418 85.579 85.733 85.896 86.053 86.208 86.367 86.518 86.676 86.829 86.981 87.136 87.284 87.438 87.588 87.734 87.886 88.034 88.179 88.327 88.475 88.619
78.500 78.619 78.738 78.859 78.981 79.103 79.225 79.350 79.474 79.600 79.726 79.853 79.980 80.107 80.235 80.359 80.486 80.616 80.745 80.872 81.003 81.134 81.265 81.398 81.528 81.656 81.796 81.925 82.064 82.199 82.337 82.479 82.625 82.762 82.896 83.051 83.197 83.344 83.493 83.623 83.770 83.921 84.074 84.227 84.360 84.510 84.661 84.814 84.946 85.096 85.247 85.399 85.532 85.681 85.832 85.982 86.130 86.273 86.423 86.572 86.720 86.863 87.012 87.160 87.306 87.451 87.600 87.745 87.889 88.033 88.176 88.320 88.467 88.613 88.757 88.898 89.039
77.859 77.942 78.031 78.125 78.221 78.321 78.425 78.532 78.640 78.751 78.865 78.980 79.098 79.216 79.336 79.457 79.580 79.705 79.832 79.958 80.087 80.215 80.343 80.470 80.598 80.725 80.858 80.995 81.132 81.273 81.414 81.560 81.708 81.858 82.005 82.161 82.318 82.476 82.637 82.799 82.960 83.122 83.290 83.458 83.620 83.781 83.949 84.115 84.274 84.441 84.607 84.768 84.932 85.096 85.254 85.418 85.580 85.733 85.897 86.053 86.208 86.367 86.518 86.676 86.829 86.982 87.136 87.284 87.438 87.588 87.734 87.886 88.034 88.178 88.327 88.475 88.618
77.194 77.368 77.537 77.699 77.881 78.051 78.218 78.378 78.557 78.719 78.877 79.030 79.186 79.338 79.489 79.640 79.791 79.945 80.100 80.275 80.447 80.624 80.802 80.992 81.184 81.372 81.561 81.737 81.922 82.110 82.286 82.480 82.680 82.884 83.081 83.272 83.482 83.680 83.896 84.119 84.347 84.575 84.799 85.027 85.251 85.468 85.690 85.893 86.104 86.304 86.501 86.696 86.878 87.065 87.236 87.410 87.574 87.729 87.886 88.027 88.173 88.308 88.438 88.565 88.683 88.805 88.913 89.029 89.133 89.239 89.340 89.438 89.536 89.626 89.722 89.813 89.898
228.574 230.467 230.531 232.537 232.747 234.906 235.177 237.306 236.705 239.251 243.482 243.958 246.331 248.432 247.682 250.735 251.377 249.298 252.126 245.654 246.532 240.863 236.590 229.603 224.343 218.449 210.606 203.281 194.776 184.851 175.024 166.205 156.082 148.367 141.857 135.184 129.052 124.314 119.501 115.552 112.144 108.242 105.319 103.105 101.049 99.413 97.923 96.710 95.676 94.777 94.033 93.364 92.811 92.303 91.885 91.494 91.165 90.861 90.602 90.371 90.168 89.990 89.831 89.701 89.578 89.485 89.392 89.328 89.261 89.216 89.170 89.144 89.107 89.093 89.071 89.071 89.060
222.853 223.906 225.824 226.321 227.605 227.515 228.513 226.079 224.131 221.270 217.657 211.928 203.726 196.808 185.959 174.876 163.338 152.535 143.283 135.233 127.705 121.101 115.254 110.141 105.934 102.177 99.017 96.400 94.146 92.307 138.151 89.561 88.522 87.656 124.081 86.341 85.828 85.417 85.067 84.783 84.549 84.358 84.201 84.071 83.981 83.915 83.864 83.848 83.829 83.844 83.861 85.737 83.928 89.522 84.028 110.872 84.151 84.225 97.942 87.754 84.463 84.553 100.006 84.728 84.827 84.923 85.017 85.111 85.211 85.308 85.403 85.495 85.586 85.679 85.774 85.869 85.962
155.654 153.740 151.316 147.041 141.444 135.922 129.177 242.830 115.647 109.056 102.878 97.180 94.867 87.107 83.763 82.066 80.960 80.262 99.973 79.570 79.402 79.307 79.262 79.253 79.272 79.311 79.364 79.432 79.510 79.595 79.690 79.789 79.894 80.003 80.115 80.233 80.351 80.472 80.596 80.722 80.848 80.976 81.102 81.232 81.363 81.493 81.626 81.759 81.887 82.019 82.147 118.317 82.409 158.371 82.663 82.790 82.917 83.042 134.208 83.292 83.416 85.160 83.654 83.772 83.876 83.973 84.076 84.184 136.458 84.391 106.697 84.595 84.692 84.780 84.863 84.964 85.066
77.969 76.412 76.349 76.323 76.328 76.367 76.419 76.468 76.532 76.610 76.691 76.774 76.858 76.948 77.047 77.153 84.707 77.386 77.509 77.635 77.761 77.888 78.017 78.146 78.274 78.402 78.531 78.657 78.782 78.906 79.032 79.156 79.282 79.411 79.538 79.662 79.786 79.912 80.032 80.150 80.269 80.391 80.521 80.645 80.769 80.896 81.023 81.146 81.274 81.397 81.519 81.632 81.746 81.842 81.954 82.075 82.199 82.307 82.390 82.458 82.545 82.626 82.661 82.651 118.845 82.592 82.570 82.515 82.359 82.301 82.282 82.253 82.194 82.088 81.951 81.936 81.910
120.453 74.485 74.591 113.382 89.178 74.977 75.106 75.169 75.204 75.252 75.319 75.405 75.509 75.625 75.751 75.884 76.022 76.164 76.308 76.452 76.594 76.735 95.487 77.016 77.158 77.303 77.448 77.597 77.748 77.901 78.049 78.208 78.348 78.487 78.632 78.764 78.814 78.796 78.841 78.976 79.135 79.289 79.434 79.563 79.670 79.783 79.898 79.959 80.000 80.027 80.039 80.037 80.019 79.985 79.936 79.875 79.812 79.753 79.688 79.647 79.596 79.516 79.404 79.254 79.059 78.784 78.363 77.779 76.757 71.022 61.860 45.765 31.739 20.287 14.629 12.736 8.982
108.349 75.430 80.197 71.144 135.404 71.527 71.735 71.919 72.103 72.287 72.471 72.657 72.845 73.033 73.222 73.411 73.600 73.791 73.981 74.171 74.363 74.544 74.720 74.892 75.058 75.218 75.372 75.517 75.654 75.780 75.895 75.996 76.081 76.149 76.199 76.230 76.227 76.065 75.541 74.003 69.822 62.757 52.287 37.782 25.941 18.073 14.182 12.182 3.332 nan nan nan nan nan nan nan nan nan nan nan nan nan nan nan nan nan nan nan nan nan nan nan nan nan nan nan nan
nan nan nan nan nan nan nan nan nan nan nan nan nan nan nan nan nan nan nan nan nan nan nan nan nan nan nan nan nan nan nan nan nan nan nan nan nan nan nan nan nan nan nan nan nan nan nan nan nan nan nan nan nan nan nan nan nan nan nan nan nan nan nan nan nan nan nan nan nan nan nan nan nan nan nan nan nan
nan nan nan nan nan nan nan nan nan nan nan nan nan nan nan nan nan nan nan nan nan nan nan nan nan nan nan nan nan nan nan nan nan nan nan nan nan nan nan nan nan nan nan nan nan nan nan nan nan nan nan nan nan nan nan nan nan nan nan nan nan nan nan nan nan nan nan nan nan nan nan nan nan nan nan nan nan
nan nan nan nan nan nan nan nan nan nan nan nan nan nan nan nan nan nan nan nan nan nan nan nan nan nan nan nan nan nan nan nan nan nan nan nan nan nan nan nan nan nan nan nan nan nan nan nan nan nan nan nan nan nan nan nan nan nan nan nan nan nan nan nan nan nan nan nan nan nan nan nan nan nan nan nan nan
nan nan nan nan nan nan nan nan nan nan nan nan nan nan nan nan nan nan nan nan nan nan nan nan nan nan nan nan nan nan nan nan nan nan nan nan nan nan nan nan nan nan nan nan nan nan nan nan nan nan nan nan nan nan nan nan nan nan nan nan nan nan nan nan nan nan nan nan nan nan nan nan nan nan nan nan nan
nan nan nan nan nan nan nan nan nan nan nan nan nan nan nan nan nan nan nan nan nan nan nan nan nan nan nan nan nan nan nan nan nan nan nan nan nan nan nan nan nan nan nan nan nan nan nan nan nan nan nan nan nan nan nan nan nan nan nan nan nan nan nan nan nan nan nan nan nan nan nan nan nan nan nan nan nan
nan nan nan nan nan nan nan nan nan nan nan nan nan nan nan nan nan nan nan nan nan nan nan nan nan nan nan nan nan nan nan nan nan nan nan nan nan nan nan nan nan nan nan nan nan nan nan nan nan nan nan nan nan nan nan nan nan nan nan nan nan nan nan nan nan nan nan nan nan nan nan nan nan nan nan nan nan
nan nan nan nan nan nan nan nan nan nan nan nan nan nan nan nan nan nan nan nan nan nan nan nan nan nan nan nan nan nan nan nan nan nan nan nan nan nan nan nan nan nan nan nan nan nan nan nan nan nan nan nan nan nan nan nan nan nan nan nan nan nan nan nan nan nan nan nan nan nan nan nan nan nan nan nan nan
nan nan nan nan nan nan nan nan nan nan nan nan nan nan nan nan nan nan nan nan nan nan nan nan nan nan nan nan nan nan nan nan nan nan nan nan nan nan nan nan nan nan nan nan nan nan nan nan nan nan nan nan nan nan nan nan nan nan nan nan nan nan nan nan nan nan nan nan nan nan nan nan nan nan nan nan nan
nan nan nan nan nan nan nan nan nan nan nan nan nan nan nan nan nan nan nan nan nan nan nan nan nan nan nan nan nan nan nan nan nan nan nan nan nan nan nan nan nan nan nan nan nan nan nan nan nan nan nan nan nan nan nan nan nan nan nan nan nan nan nan nan nan nan nan nan nan nan nan nan nan nan nan nan nan
nan nan nan nan nan nan nan nan nan nan nan nan nan nan nan nan nan nan nan nan nan nan nan nan nan nan nan nan nan nan nan nan nan nan nan nan nan nan nan nan nan nan nan nan nan nan nan nan nan nan nan nan nan nan nan nan nan nan nan nan nan nan nan nan nan nan nan nan nan nan nan nan nan nan nan nan nan
nan nan nan nan nan nan nan nan nan nan nan nan nan nan nan nan nan nan nan nan nan nan nan nan nan nan nan nan nan nan nan nan nan nan nan nan nan nan nan nan nan nan nan nan nan nan nan nan nan nan nan nan nan nan nan nan nan nan nan nan nan nan nan nan nan nan nan nan nan nan nan nan nan nan nan nan nan
