data/CoulombOnly/Outputs_CoulombOnly/release1HS_null_03CoulombOnly_faSavageHutterFoamGamma_pft.asc
ncols 1001
nrows 301
xllcenter 1000
yllcenter -5000
cellsize 5
NODATA_value -9999
[rows 93 to 123 of 301, columns 70 to 139 of 1001]
-9999 -9999 -9999 -9999 -9999 -9999 -9999 -9999 -9999 -9999 -9999 -9999 -9999 -9999 -9999 -9999 -9999 -9999 -9999 -9999 -9999 -9999 -9999 -9999 -9999 -9999 -9999 -9999 -9999 -9999 -9999 -9999 -9999 -9999 -9999 -9999 -9999 -9999 -9999 -9999 -9999 -9999 -9999 -9999 -9999 -9999 -9999 -9999 -9999 -9999 -9999 -9999 -9999 -9999 -9999 -9999 -9999 -9999 -9999 -9999 -9999 -9999 -9999 -9999 -9999 -9999 -9999 -9999 -9999 -9999
-9999 -9999 -9999 -9999 -9999 -9999 -9999 -9999 -9999 -9999 -9999 -9999 -9999 -9999 -9999 -9999 -9999 -9999 -9999 -9999 -9999 -9999 -9999 -9999 -9999 -9999 -9999 -9999 -9999 -9999 -9999 -9999 -9999 -9999 -9999 -9999 -9999 -9999 -9999 -9999 -9999 -9999 -9999 -9999 -9999 -9999 -9999 -9999 -9999 -9999 -9999 -9999 -9999 -9999 -9999 -9999 -9999 -9999 -9999 -9999 -9999 -9999 -9999 -9999 -9999 -9999 -9999 -9999 -9999 -9999
-9999 -9999 -9999 -9999 -9999 -9999 -9999 -9999 -9999 -9999 -9999 -9999 -9999 -9999 -9999 -9999 -9999 -9999 -9999 -9999 -9999 -9999 -9999 -9999 -9999 -9999 -9999 -9999 -9999 -9999 -9999 -9999 -9999 -9999 -9999 -9999 -9999 -9999 -9999 -9999 -9999 -9999 -9999 -9999 -9999 -9999 -9999 -9999 -9999 -9999 -9999 -9999 -9999 -9999 -9999 -9999 -9999 -9999 -9999 -9999 -9999 -9999 -9999 -9999 -9999 -9999 -9999 -9999 -9999 -9999
-9999 -9999 -9999 -9999 -9999 -9999 -9999 -9999 -9999 -9999 -9999 -9999 -9999 -9999 -9999 -9999 -9999 -9999 -9999 -9999 -9999 -9999 -9999 -9999 -9999 -9999 -9999 -9999 -9999 -9999 -9999 -9999 -9999 -9999 -9999 -9999 -9999 -9999 -9999 -9999 -9999 -9999 -9999 -9999 -9999 -9999 -9999 -9999 -9999 -9999 -9999 -9999 -9999 -9999 -9999 -9999 -9999 -9999 -9999 -9999 -9999 -9999 -9999 -9999 -9999 -9999 -9999 -9999 -9999 -9999
-9999 -9999 -9999 -9999 -9999 -9999 -9999 -9999 -9999 -9999 -9999 -9999 -9999 -9999 -9999 -9999 -9999 -9999 -9999 -9999 -9999 -9999 -9999 -9999 -9999 -9999 -9999 -9999 -9999 -9999 -9999 -9999 -9999 -9999 -9999 -9999 -9999 -9999 -9999 -9999 -9999 -9999 -9999 -9999 -9999 -9999 -9999 -9999 -9999 -9999 -9999 -9999 -9999 -9999 -9999 -9999 -9999 -9999 -9999 -9999 -9999 -9999 -9999 -9999 -9999 -9999 -9999 -9999 -9999 -9999
-9999 -9999 -9999 -9999 -9999 -9999 -9999 -9999 -9999 -9999 -9999 -9999 -9999 -9999 -9999 -9999 -9999 -9999 -9999 -9999 -9999 -9999 -9999 -9999 -9999 -9999 -9999 -9999 -9999 -9999 -9999 -9999 -9999 -9999 -9999 -9999 -9999 -9999 -9999 -9999 -9999 -9999 -9999 -9999 -9999 -9999 -9999 -9999 -9999 -9999 -9999 -9999 -9999 -9999 -9999 -9999 -9999 -9999 -9999 -9999 -9999 -9999 -9999 -9999 -9999 -9999 -9999 -9999 -9999 -9999
-9999 -9999 -9999 -9999 -9999 -9999 -9999 -9999 -9999 -9999 -9999 -9999 -9999 -9999 -9999 -9999 -9999 -9999 -9999 -9999 -9999 -9999 -9999 -9999 -9999 -9999 -9999 -9999 -9999 -9999 -9999 -9999 -9999 -9999 -9999 -9999 -9999 -9999 -9999 -9999 -9999 -9999 -9999 -9999 -9999 -9999 -9999 -9999 -9999 -9999 -9999 -9999 -9999 -9999 -9999 -9999 -9999 -9999 -9999 -9999 -9999 -9999 -9999 -9999 -9999 -9999 -9999 -9999 -9999 -9999
1e-06 9.99998e-07 1e-06 1e-06 9.99999e-07 1e-06 1e-06 9.99999e-07 9.99997e-07 1e-06 9.99998e-07 1e-06 1e-06 1e-06 1e-06 1e-06 9.99999e-07 1e-06 9.99999e-07 1e-06 1e-06 9.99998e-07 1e-06 9.99999e-07 1e-06 1e-06 9.99995e-07 1e-06 1e-06 9.99998e-07 1e-06 1e-06 1.00001e-06 1e-06 1e-06 1e-06 1.00001e-06 1e-06 1e-06 1e-06 1e-06 1e-06 1.00001e-06 1.00001e-06 9.99991e-07 9.99996e-07 1.00001e-06 1e-06 9.99999e-07 1e-06 1e-06 1e-06 1e-06 1e-06 1e-06 1.00001e-06 1e-06 1e-06 1e-06 1e-06 1e-06 1e-06 1e-06 1e-06 1e-06 1e-06 1e-06 1e-06 1e-06 1e-06
1e-06 1e-06 1e-06 1e-06 1e-06 1e-06 1e-06 1e-06 1e-06 9.99999e-07 1e-06 9.99999e-07 1e-06 1e-06 1e-06 1e-06 9.99998e-07 9.99999e-07 9.99999e-07 1e-06 1e-06 1e-06 1e-06 1e-06 1e-06 9.99999e-07 9.99999e-07 9.99999e-07 1e-06 1e-06 1e-06 9.99994e-07 1e-06 1e-06 9.99999e-07 1e-06 1e-06 9.99999e-07 1e-06 1e-06 1e-06 1e-06 1e-06 9.99999e-07 1e-06 1e-06 1e-06 1e-06 1e-06 9.99999e-07 9.99999e-07 9.99999e-07 1e-06 9.99999e-07 9.99999e-07 1e-06 1e-06 9.99999e-07 1e-06 1e-06 9.99998e-07 1e-06 1e-06 1e-06 1e-06 1e-06 1e-06 1e-06 1e-06 1e-06
1e-06 9.99996e-07 1e-06 1e-06 1e-06 1e-06 1e-06 1e-06 1e-06 1e-06 9.99997e-07 1e-06 1e-06 1e-06 1e-06 1e-06 9.99998e-07 1e-06 9.99999e-07 1e-06 1e-06 9.99999e-07 1e-06 1e-06 1e-06 9.99999e-07 1e-06 1e-06 1e-06 1e-06 9.99999e-07 1e-06 1e-06 1e-06 1e-06 1e-06 9.99996e-07 9.99999e-07 1e-06 1e-06 1e-06 1e-06 1e-06 1e-06 9.99998e-07 1e-06 9.99999e-07 1e-06 1e-06 9.99999e-07 1e-06 1e-06 1e-06 1e-06 1e-06 9.99997e-07 1e-06 1e-06 1e-06 1e-06 1e-06 1e-06 1e-06 9.99999e-07 9.99999e-07 1e-06 1e-06 1e-06 1e-06 1e-06
1e-06 9.99999e-07 1e-06 1e-06 1e-06 1e-06 1e-06 1e-06 9.99999e-07 1e-06 1e-06 1e-06 1e-06 1e-06 9.99998e-07 1e-06 1e-06 1e-06 1e-06 9.99999e-07 9.99999e-07 9.99999e-07 1e-06 1e-06 1e-06 1e-06 1e-06 1e-06 1e-06 1e-06 1e-06 1e-06 1e-06 1e-06 9.99999e-07 1e-06 1e-06 1e-06 9.99999e-07 1e-06 1e-06 1e-06 1e-06 9.99999e-07 1e-06 1e-06 9.99999e-07 1e-06 1e-06 1e-06 1e-06 1e-06 9.99999e-07 1e-06 9.99999e-07 1e-06 1e-06 9.99999e-07 1e-06 1e-06 1e-06 1e-06 1e-06 1e-06 9.99999e-07 1e-06 1e-06 9.99999e-07 1e-06 1e-06
1e-06 1e-06 1e-06 9.99999e-07 1e-06 1e-06 1e-06 1e-06 1e-06 1e-06 1e-06 1e-06 1e-06 1e-06 9.99999e-07 1e-06 1e-06 1e-06 9.99998e-07 1e-06 1e-06 9.99999e-07 1e-06 9.99999e-07 1e-06 9.99998e-07 1e-06 1e-06 1e-06 1e-06 9.99999e-07 9.99999e-07 1e-06 1e-06 9.99998e-07 1e-06 9.99999e-07 1e-06 1e-06 9.99999e-07 1e-06 9.99998e-07 1e-06 9.99999e-07 1e-06 1e-06 1e-06 1e-06 1e-06 1e-06 9.99998e-07 1e-06 1e-06 1e-06 1e-06 9.99999e-07 1e-06 9.99999e-07 1e-06 1e-06 1e-06 1e-06 1e-06 1e-06 1e-06 1e-06 1e-06 1e-06 1e-06 1e-06
1e-06 9.99999e-07 1e-06 9.99999e-07 1e-06 1e-06 1e-06 1e-06 9.99999e-07 1e-06 1e-06 1e-06 1e-06 1e-06 1e-06 1e-06 1e-06 1e-06 1e-06 1e-06 1e-06 1e-06 1e-06 1e-06 1e-06 9.99999e-07 1e-06 9.99998e-07 1e-06 1e-06 1e-06 1e-06 1e-06 1e-06 1e-06 9.99999e-07 1e-06 9.99998e-07 1e-06 1e-06 1e-06 9.99999e-07 1e-06 1e-06 1e-06 1e-06 1e-06 9.99998e-07 1e-06 1e-06 1e-06 1e-06 1e-06 1e-06 9.99999e-07 1e-06 1e-06 1e-06 1e-06 1e-06 1e-06 1e-06 1e-06 1e-06 1e-06 1e-06 9.99999e-07 1e-06 1e-06 1e-06
1e-06 1e-06 1e-06 9.99998e-07 1e-06 1e-06 1e-06 1e-06 1e-06 1e-06 1e-06 1e-06 1e-06 1e-06 9.99999e-07 1e-06 1e-06 1e-06 9.99998e-07 1e-06 1e-06 1e-06 1e-06 1e-06 1e-06 9.99999e-07 1e-06 1e-06 1e-06 1e-06 9.99999e-07 9.99998e-07 1e-06 1e-06 1e-06 9.99999e-07 1e-06 9.99997e-07 9.99999e-07 1e-06 1e-06 1e-06 1e-06 1e-06 1e-06 1e-06 1e-06 1e-06 1e-06 1e-06 1e-06 1e-06 1e-06 1e-06 1e-06 1e-06 1e-06 1e-06 1e-06 1e-06 9.99999e-07 1e-06 1e-06 9.99997e-07 1e-06 1e-06 1e-06 1e-06 1e-06 1e-06
9.99999e-07 1e-06 1e-06 9.99998e-07 1e-06 1e-06 1e-06 1e-06 1e-06 1e-06 1e-06 1e-06 1e-06 1e-06 1e-06 1e-06 1e-06 1e-06 1e-06 1e-06 1e-06 1e-06 1e-06 1e-06 1e-06 9.99999e-07 9.99999e-07 1e-06 1e-06 1e-06 1e-06 9.99998e-07 1e-06 1e-06 1e-06 9.99999e-07 1e-06 9.99998e-07 1e-06 9.99999e-07 1e-06 1e-06 1e-06 1e-06 1e-06 1e-06 1e-06 9.99999e-07 1e-06 1e-06 1e-06 1e-06 1e-06 1e-06 9.99999e-07 9.99999e-07 1e-06 9.99997e-07 1e-06 1e-06 1e-06 1e-06 1e-06 9.99998e-07 1e-06 1e-06 1e-06 9.99999e-07 1e-06 1e-06
1e-06 1e-06 1e-06 9.99999e-07 1e-06 9.99999e-07 1e-06 1e-06 1e-06 1e-06 9.99998e-07 1e-06 1e-06 1e-06 1e-06 1e-06 1e-06 1e-06 9.99998e-07 1e-06 1e-06 1e-06 1e-06 1e-06 1e-06 9.99999e-07 9.99999e-07 1e-06 1e-06 1e-06 1e-06 1e-06 9.99999e-07 1e-06 1e-06 9.99999e-07 1e-06 9.99999e-07 1e-06 9.99999e-07 1e-06 1e-06 1e-06 1e-06 1e-06 1e-06 1e-06 9.99999e-07 1e-06 1e-06 1e-06 9.99999e-07 1e-06 1e-06 9.99999e-07 9.99999e-07 1e-06 9.99999e-07 1e-06 1e-06 1e-06 1e-06 1e-06 9.99997e-07 1e-06 1e-06 1e-06 1e-06 1e-06 1e-06
9.99997e-07 1.0027e-06 9.99991e-07 9.99997e-07 1e-06 1e-06 1e-06 1e-06 9.99999e-07 1e-06 1e-06 9.99999e-07 9.99999e-07 9.99999e-07 9.99999e-07 1e-06 1e-06 1e-06 1e-06 1e-06 1e-06 9.99999e-07 1e-06 1e-06 1e-06 9.99999e-07 1e-06 1e-06 1e-06 1e-06 1e-06 9.99998e-07 9.99999e-07 1e-06 1e-06 9.99999e-07 1e-06 9.99999e-07 1e-06 9.99999e-07 1e-06 1e-06 1e-06 1e-06 1e-06 1e-06 1e-06 9.99999e-07 1e-06 1e-06 1e-06 1e-06 1e-06 1e-06 9.99999e-07 9.99999e-07 1e-06 1e-06 1e-06 1e-06 9.99999e-07 1e-06 1e-06 9.99997e-07 1e-06 1e-06 1e-06 1e-06 1e-06 1e-06
9.53279e-07 9.99832e-07 9.98967e-07 9.99989e-07 1.00001e-06 9.99975e-07 9.9998e-07 9.99971e-07 1.00001e-06 1e-06 1.00001e-06 1e-06 1e-06 9.99999e-07 1e-06 1e-06 1e-06 1e-06 9.99997e-07 1e-06 1e-06 1e-06 1e-06 1e-06 1e-06 1e-06 1e-06 1e-06 1e-06 1e-06 1e-06 9.99997e-07 1e-06 1e-06 1e-06 9.99999e-07 1e-06 1e-06 1e-06 9.99999e-07 9.99999e-07 1e-06 1e-06 1e-06 1e-06 1e-06 1e-06 9.99999e-07 1e-06 1e-06 1e-06 1e-06 1e-06 1e-06 9.99999e-07 9.99999e-07 1e-06 1e-06 1e-06 1e-06 1e-06 1e-06 1e-06 9.99997e-07 1e-06 1e-06 1e-06 1e-06 1e-06 1e-06
9.99319e-07 1.0026e-06 9.58021e-07 1.01461e-06 9.53961e-07 1.00397e-06 9.93101e-07 9.94427e-07 1.00015e-06 9.99998e-07 1.00089e-06 9.99989e-07 1.00001e-06 1e-06 1.00001e-06 1e-06 9.99999e-07 1e-06 9.99996e-07 1e-06 9.99999e-07 1e-06 1e-06 9.99999e-07 1e-06 9.99999e-07 9.99999e-07 1e-06 9.99999e-07 1e-06 1e-06 9.99999e-07 1e-06 1e-06 1e-06 9.99999e-07 1e-06 1e-06 9.99999e-07 9.99999e-07 9.99999e-07 1e-06 1e-06 1e-06 1e-06 1e-06 1e-06 9.99999e-07 1e-06 1e-06 1e-06 1e-06 1e-06 1e-06 9.99999e-07 9.99999e-07 1e-06 1e-06 1e-06 1e-06 1e-06 1e-06 1e-06 9.99997e-07 1e-06 1e-06 1e-06 1e-06 1e-06 1e-06
9.99926e-07 9.99561e-07 9.9521e-07 9.96859e-07 9.99968e-07 1.00143e-06 1.00265e-06 1.00964e-06 9.79102e-07 9.89385e-07 9.96624e-07 9.93602e-07 1.00032e-06 1e-06 1.0011e-06 9.99985e-07 1.00001e-06 1e-06 1.00001e-06 1e-06 1e-06 1e-06 1e-06 9.99997e-07 1e-06 1e-06 1e-06 9.99998e-07 1e-06 9.99998e-07 9.99999e-07 9.99999e-07 9.99998e-07 1e-06 1e-06 1e-06 1e-06 1e-06 9.99997e-07 1e-06 9.99999e-07 1e-06 1e-06 1e-06 1e-06 1e-06 1e-06 9.99999e-07 1e-06 1e-06 1e-06 1e-06 1e-06 1e-06 9.99999e-07 9.99999e-07 1e-06 1e-06 1e-06 1e-06 1e-06 1e-06 1e-06 9.99997e-07 1e-06 1e-06 1e-06 1e-06 1e-06 1e-06
9.99906e-07 9.99379e-07 1.00033e-06 9.99891e-07 9.99614e-07 9.9807e-07 1.00046e-06 1.00038e-06 9.9979e-07 9.99735e-07 1.00275e-06 9.88946e-07 9.80335e-07 9.87494e-07 9.97818e-07 9.9117e-07 1.00032e-06 9.99991e-07 1.00107e-06 9.99975e-07 9.99998e-07 1e-06 1e-06 1e-06 1e-06 9.99998e-07 9.99999e-07 9.99999e-07 9.99999e-07 1e-06 1e-06 1e-06 9.99999e-07 1e-06 1e-06 1e-06 1e-06 1e-06 9.99999e-07 9.99997e-07 1e-06 1e-06 1e-06 1e-06 1e-06 1e-06 1e-06 9.99999e-07 1e-06 1e-06 1e-06 1e-06 1e-06 1e-06 9.99999e-07 9.99999e-07 1e-06 1e-06 1e-06 1e-06 1e-06 1e-06 1e-06 9.99997e-07 1e-06 1e-06 1e-06 1e-06 1e-06 1e-06
1.00008e-06 9.99893e-07 9.99639e-07 9.99966e-07 9.99538e-07 1.00029e-06 9.99963e-07 9.99672e-07 9.98638e-07 1.00014e-06 9.99018e-07 9.99558e-07 1.0003e-06 1.00166e-06 1.0022e-06 9.90961e-07 9.80653e-07 9.89035e-07 9.96985e-07 9.88339e-07 1.00002e-06 9.9991e-07 1.00006e-06 9.99947e-07 9.99995e-07 9.99999e-07 1e-06 9.99998e-07 1e-06 9.99998e-07 1e-06 9.99999e-07 1e-06 1e-06 1e-06 1e-06 1e-06 1e-06 9.99999e-07 9.99997e-07 1e-06 1e-06 9.99999e-07 1e-06 1e-06 1e-06 1e-06 9.99999e-07 1e-06 1e-06 9.99999e-07 1e-06 1e-06 1e-06 9.99999e-07 9.99999e-07 1e-06 1e-06 1e-06 1e-06 1e-06 1e-06 1e-06 9.99997e-07 1e-06 1e-06 1e-06 1e-06 1e-06 1e-06
9.99897e-07 1.00003e-06 9.99889e-07 1.00008e-06 9.99893e-07 9.99686e-07 9.99995e-07 9.99649e-07 1.00028e-06 9.99911e-07 9.9975e-07 9.98877e-07 1.0001e-06 9.99651e-07 9.99718e-07 9.9841e-07 9.98491e-07 9.99494e-07 1.00148e-06 9.85799e-07 9.58399e-07 1.01648e-06 9.62053e-07 1.00554e-06 9.96922e-07 1.00349e-06 1.00003e-06 1.00055e-06 9.99996e-07 1.00001e-06 9.99999e-07 1e-06 9.99999e-07 9.99999e-07 1e-06 1e-06 9.99999e-07 9.99999e-07 1e-06 1e-06 1e-06 1e-06 1e-06 1e-06 1e-06 1e-06 1e-06 1e-06 1e-06 1e-06 1e-06 1e-06 1e-06 1e-06 1e-06 1e-06 1e-06 9.99999e-07 1e-06 1e-06 1e-06 1e-06 1e-06 9.99997e-07 1e-06 1e-06 1e-06 1e-06 1e-06 1e-06
1.00002e-06 1e-06 1.00002e-06 9.99914e-07 1.00003e-06 9.99939e-07 1.00009e-06 9.99936e-07 9.99716e-07 9.99961e-07 9.99749e-07 1.00015e-06 1.00003e-06 9.99519e-07 1.0002e-06 1.00004e-06 9.9996e-07 9.9912e-07 9.97715e-07 1.00023e-06 9.99887e-07 1.00032e-06 1.00098e-06 9.88309e-07 9.77881e-07 1.01328e-06 9.47786e-07 1.00983e-06 9.93427e-07 1.00066e-06 1.00004e-06 1.00017e-06 9.99985e-07 1e-06 1e-06 1e-06 1e-06 9.99999e-07 9.99999e-07 1e-06 1e-06 1e-06 1e-06 1e-06 1e-06 1e-06 1e-06 1e-06 1e-06 1e-06 1e-06 1e-06 1e-06 1e-06 9.99997e-07 1e-06 1e-06 1e-06 1e-06 1e-06 9.99998e-07 1e-06 1e-06 9.99997e-07 1e-06 1e-06 1e-06 1e-06 1e-06 1e-06
1.00001e-06 1.00003e-06 1.00001e-06 1.00002e-06 9.99946e-07 1.00002e-06 9.99946e-07 1.00003e-06 9.99939e-07 1.00007e-06 9.99979e-07 9.99765e-07 1e-06 9.99772e-07 1.00014e-06 9.99868e-07 9.99505e-07 1.00016e-06 1.00002e-06 9.99737e-07 9.98973e-07 1.00013e-06 9.98635e-07 9.98599e-07 9.99912e-07 1.00051e-06 9.98719e-07 9.96237e-07 1.00815e-06 9.9415e-07 9.97843e-07 9.88469e-07 9.84661e-07 1.00009e-06 1.00326e-06 1.00002e-06 1.00001e-06 1e-06 1e-06 1e-06 1e-06 1e-06 1e-06 1e-06 1e-06 1e-06 9.99999e-07 1e-06 1e-06 1e-06 1e-06 1e-06 1e-06 1e-06 1e-06 9.99998e-07 1e-06 1e-06 1e-06 1e-06 9.99998e-07 1e-06 1e-06 9.99999e-07 1e-06 1e-06 1e-06 1e-06 1e-06 1e-06
1.00002e-06 1.00001e-06 1.00003e-06 1e-06 1.00002e-06 1e-06 1.00002e-06 1e-06 1.00002e-06 9.99941e-07 1.00002e-06 9.99954e-07 1.00007e-06 9.99954e-07 1.00006e-06 9.99957e-07 9.99776e-07 1.00009e-06 9.99903e-07 9.99545e-07 1.00009e-06 9.99997e-07 9.99482e-07 1.00016e-06 9.998e-07 9.99836e-07 9.98998e-07 9.97651e-07 9.97933e-07 9.98797e-07 9.99694e-07 1.00335e-06 1.00921e-06 9.49473e-07 1.01259e-06 9.50493e-07 9.93257e-07 1.00005e-06 1.00009e-06 1.00231e-06 1e-06 1e-06 1e-06 1e-06 1e-06 1e-06 1e-06 9.99999e-07 1e-06 9.99999e-07 1e-06 1e-06 1e-06 9.99999e-07 1e-06 1e-06 1e-06 9.99998e-07 1e-06 1e-06 1e-06 9.99998e-07 1e-06 1e-06 1e-06 1e-06 1e-06 9.99999e-07 1e-06 1e-06
1e-06 1.00002e-06 1e-06 1.00002e-06 1.00001e-06 1.00002e-06 1.00001e-06 1.00002e-06 1.00001e-06 1.00002e-06 1e-06 1.00002e-06 9.99962e-07 1.00002e-06 9.99921e-07 1.00004e-06 9.99951e-07 1.00007e-06 9.99948e-07 9.99734e-07 1.00002e-06 9.99832e-07 1.00011e-06 1.00001e-06 9.99622e-07 1.00014e-06 9.99899e-07 9.99793e-07 9.99072e-07 1.00012e-06 9.9955e-07 9.9939e-07 1.00017e-06 1.00008e-06 9.99572e-07 1.00335e-06 1.0077e-06 1.00596e-06 9.68019e-07 1.012e-06 9.58951e-07 9.91094e-07 1.00012e-06 1.00008e-06 1.0016e-06 1.00004e-06 1.00001e-06 1e-06 1e-06 1.00001e-06 9.99999e-07 9.99998e-07 1e-06 9.99999e-07 1e-06 1e-06 1e-06 1e-06 1e-06 1e-06 1e-06 9.99999e-07 1e-06 1e-06 1e-06 1e-06 1e-06 9.99999e-07 1e-06 9.99997e-07
1.00002e-06 1e-06 1.00002e-06 1e-06 1.00002e-06 1e-06 1.00002e-06 1.00002e-06 1.00002e-06 1e-06 1.00002e-06 1.00002e-06 1.00003e-06 1.00002e-06 1.00001e-06 1.00001e-06 1.00001e-06 9.99919e-07 1.00002e-06 9.99912e-07 1.00004e-06 9.99924e-07 1.00006e-06 9.99974e-07 9.99737e-07 1.00003e-06 9.99813e-07 9.99526e-07 1.00004e-06 9.9991e-07 9.99358e-07 1.00007e-06 1.00001e-06 9.99512e-07 9.98798e-07 1.00036e-06 1.00026e-06 1.00019e-06 9.99901e-07 9.99771e-07 1.00252e-06 9.99791e-07 1.00126e-06 9.71905e-07 1.00883e-06 9.69185e-07 9.97898e-07 1.00478e-06 1.00004e-06 1.00139e-06 9.99995e-07 1e-06 1.00002e-06 1e-06 1.00001e-06 1e-06 1e-06 9.99999e-07 1e-06 1e-06 1e-06 1e-06 1e-06 9.99999e-07 1e-06 9.99999e-07 9.99997e-07 1e-06 1e-06 1e-06
1.00001e-06 1.00001e-06 1.00001e-06 1.00002e-06 1e-06 1.00002e-06 1.00001e-06 1.00003e-06 1.00001e-06 1.00002e-06 1.00002e-06 1.00002e-06 1.00002e-06 1.00002e-06 1.00002e-06 1.00002e-06 1.00003e-06 1.00001e-06 1.00002e-06 1.00002e-06 1.00002e-06 1e-06 9.99887e-07 1.00001e-06 9.99906e-07 1.00005e-06 9.99925e-07 1.00008e-06 9.99926e-07 9.99727e-07 1.00006e-06 9.99824e-07 9.99442e-07 1.00007e-06 9.99943e-07 9.99386e-07 1.00009e-06 9.99673e-07 9.99663e-07 9.98684e-07 9.99989e-07 1.00014e-06 9.99931e-07 9.99733e-07 1.00142e-06 1.00549e-06 1.00558e-06 1.01608e-06 9.39653e-07 1.00782e-06 9.7056e-07 9.99564e-07 1.00136e-06 1.00005e-06 1.00019e-06 1.00063e-06 9.99993e-07 1.00001e-06 1e-06 1e-06 1.00001e-06 1e-06 1e-06 9.99999e-07 9.99999e-07 1e-06 9.99999e-07 9.99999e-07 1e-06 9.99999e-07
1.00001e-06 1.00001e-06 1.00001e-06 1.00001e-06 1.00001e-06 9.99997e-07 1.00002e-06 1e-06 1.00002e-06 1.00001e-06 1.00002e-06 1.00001e-06 1.00001e-06 1.00002e-06 1.00002e-06 1.00003e-06 1e-06 1.00001e-06 1e-06 1.00003e-06 9.99994e-07 1.00003e-06 9.99979e-07 1.00003e-06 9.99974e-07 1.00003e-06 9.9999e-07 9.99831e-07 9.99995e-07 9.99824e-07 1.00003e-06 9.99866e-07 1.00009e-06 9.99925e-07 9.99665e-07 1.00004e-06 9.99936e-07 9.99402e-07 9.9997e-07 9.99862e-07 9.99223e-07 1.0001e-06 9.99984e-07 9.99587e-07 9.98415e-07 1.00036e-06 1.00013e-06 9.99881e-07 9.99887e-07 1.00065e-06 1.00457e-06 9.98713e-07 1.00774e-06 9.19148e-07 9.84745e-07 1.00868e-06 9.9249e-07 1.00016e-06 1.0022e-06 1.00007e-06 1.00031e-06 1.00022e-06 1e-06 1e-06 1e-06 1e-06 1.00001e-06 1e-06 9.99999e-07 1e-06
1.00001e-06 1.00001e-06 1.00002e-06 1.00001e-06 1.00001e-06 1.00001e-06 1.00001e-06 1.00002e-06 1.00001e-06 1.00002e-06 1.00001e-06 1.00001e-06 1.00002e-06 1.00002e-06 1.00001e-06 1.00001e-06 1.00002e-06 9.99989e-07 1.00002e-06 9.99993e-07 1.00002e-06 9.99981e-07 1.00002e-06 9.99976e-07 1.00002e-06 9.99959e-07 1.00002e-06 9.99943e-07 1.00004e-06 9.99924e-07 1.00005e-06 9.99979e-07 1.00007e-06 9.99958e-07 9.99761e-07 1e-06 9.99779e-07 1.00002e-06 9.99815e-07 1.00012e-06 9.99874e-07 9.99579e-07 1.00011e-06 1.00001e-06 9.9961e-07 1.00016e-06 9.99709e-07 9.99576e-07 9.98813e-07 9.99883e-07 9.99374e-07 9.99703e-07 1.00007e-06 1.00025e-06 9.98568e-07 9.99556e-07 1.01922e-06 9.77455e-07 1.01413e-06 9.28866e-07 9.94288e-07 9.9237e-07 9.99499e-07 1.00033e-06 1.00272e-06 1.00006e-06 1.00041e-06 1.00074e-06 9.99991e-07 1.00001e-06
