data/CoulombOnly/Outputs_CoulombOnly/release1HS_03CoulombOnly_null_MPM_pfv
ncols        1002
nrows        302
xllcenter    1000
yllcenter    -5000
cellsize     5.0
NODATA_value -9999
[rows 124 to 154 of 302, columns 426 to 496 of 1002]
-9999.00 -9999.00 -9999.00 -9999.00 -9999.00 -9999.00 -9999.00 -9999.00 -9999.00 -9999.00 -9999.00 -9999.00 -9999.00 -9999.00 -9999.00 -9999.00 -9999.00 -9999.00 -9999.00 -9999.00 -9999.00 -9999.00 -9999.00 -9999.00 -9999.00 -9999.00 -9999.00 -9999.00 -9999.00 -9999.00 -9999.00 -9999.00 -9999.00 -9999.00 -9999.00 -9999.00 -9999.00 -9999.00 -9999.00 -9999.00 -9999.00 -9999.00 -9999.00 -9999.00 -9999.00 -9999.00 -9999.00 -9999.00 -9999.00 -9999.00 -9999.00 -9999.00 -9999.00 -9999.00 -9999.00 -9999.00 -9999.00 -9999.00 -9999.00 -9999.00 -9999.00 -9999.00 -9999.00 -9999.00 -9999.00 -9999.00 -9999.00 -9999.00 -9999.00 -9999.00 -9999.00
-9999.00 -9999.00 -9999.00 -9999.00 -9999.00 -9999.00 -9999.00 -9999.00 -9999.00 -9999.00 -9999.00 -9999.00 -9999.00 -9999.00 -9999.00 -9999.00 -9999.00 -9999.00 -9999.00 -9999.00 -9999.00 -9999.00 -9999.00 -9999.00 -9999.00 -9999.00 -9999.00 -9999.00 -9999.00 -9999.00 -9999.00 -9999.00 -9999.00 -9999.00 -9999.00 -9999.00 -9999.00 -9999.00 -9999.00 -9999.00 -9999.00 -9999.00 -9999.00 -9999.00 -9999.00 -9999.00 -9999.00 -9999.00 -9999.00 -9999.00 -9999.00 -9999.00 -9999.00 -9999.00 -9999.00 -9999.00 -9999.00 -9999.00 -9999.00 -9999.00 -9999.00 -9999.00 -9999.00 -9999.00 -9999.00 -9999.00 -9999.00 -9999.00 -9999.00 -9999.00 -9999.00
-9999.00 -9999.00 -9999.00 -9999.00 -9999.00 -9999.00 -9999.00 -9999.00 -9999.00 -9999.00 -9999.00 -9999.00 -9999.00 -9999.00 -9999.00 -9999.00 -9999.00 -9999.00 -9999.00 -9999.00 -9999.00 -9999.00 -9999.00 -9999.00 -9999.00 -9999.00 -9999.00 -9999.00 -9999.00 -9999.00 -9999.00 -9999.00 -9999.00 -9999.00 -9999.00 -9999.00 -9999.00 -9999.00 -9999.00 -9999.00 -9999.00 -9999.00 -9999.00 -9999.00 -9999.00 -9999.00 -9999.00 -9999.00 -9999.00 -9999.00 -9999.00 -9999.00 -9999.00 -9999.00 -9999.00 -9999.00 -9999.00 -9999.00 -9999.00 -9999.00 -9999.00 -9999.00 -9999.00 -9999.00 -9999.00 -9999.00 -9999.00 -9999.00 -9999.00 -9999.00 -9999.00
-9999.00 -9999.00 -9999.00 -9999.00 -9999.00 -9999.00 -9999.00 -9999.00 -9999.00 -9999.00 -9999.00 -9999.00 -9999.00 -9999.00 -9999.00 -9999.00 -9999.00 -9999.00 -9999.00 -9999.00 -9999.00 -9999.00 -9999.00 -9999.00 -9999.00 -9999.00 -9999.00 -9999.00 -9999.00 -9999.00 -9999.00 -9999.00 -9999.00 -9999.00 -9999.00 -9999.00 -9999.00 -9999.00 -9999.00 -9999.00 -9999.00 -9999.00 -9999.00 -9999.00 -9999.00 -9999.00 -9999.00 -9999.00 -9999.00 -9999.00 -9999.00 -9999.00 -9999.00 -9999.00 -9999.00 -9999.00 -9999.00 -9999.00 -9999.00 -9999.00 -9999.00 -9999.00 -9999.00 -9999.00 -9999.00 -9999.00 -9999.00 -9999.00 -9999.00 -9999.00 -9999.00
-9999.00 -9999.00 -9999.00 -9999.00 -9999.00 -9999.00 -9999.00 -9999.00 -9999.00 -9999.00 -9999.00 -9999.00 -9999.00 -9999.00 -9999.00 -9999.00 -9999.00 -9999.00 -9999.00 -9999.00 -9999.00 -9999.00 -9999.00 -9999.00 -9999.00 -9999.00 -9999.00 -9999.00 -9999.00 -9999.00 -9999.00 -9999.00 -9999.00 -9999.00 -9999.00 -9999.00 -9999.00 -9999.00 -9999.00 -9999.00 -9999.00 -9999.00 -9999.00 -9999.00 -9999.00 -9999.00 -9999.00 -9999.00 -9999.00 -9999.00 -9999.00 -9999.00 -9999.00 -9999.00 -9999.00 -9999.00 -9999.00 -9999.00 -9999.00 -9999.00 -9999.00 -9999.00 -9999.00 -9999.00 -9999.00 -9999.00 -9999.00 -9999.00 -9999.00 -9999.00 -9999.00
-9999.00 -9999.00 -9999.00 -9999.00 -9999.00 -9999.00 -9999.00 -9999.00 -9999.00 -9999.00 -9999.00 -9999.00 -9999.00 -9999.00 -9999.00 -9999.00 -9999.00 -9999.00 -9999.00 -9999.00 -9999.00 -9999.00 -9999.00 -9999.00 -9999.00 -9999.00 -9999.00 -9999.00 -9999.00 -9999.00 -9999.00 -9999.00 -9999.00 -9999.00 -9999.00 -9999.00 -9999.00 -9999.00 -9999.00 -9999.00 -9999.00 -9999.00 -9999.00 -9999.00 -9999.00 -9999.00 -9999.00 -9999.00 -9999.00 -9999.00 -9999.00 -9999.00 -9999.00 -9999.00 -9999.00 -9999.00 -9999.00 -9999.00 -9999.00 -9999.00 -9999.00 -9999.00 -9999.00 -9999.00 -9999.00 -9999.00 -9999.00 -9999.00 -9999.00 -9999.00 -9999.00
-9999.00 -9999.00 -9999.00 -9999.00 -9999.00 -9999.00 -9999.00 -9999.00 -9999.00 -9999.00 -9999.00 -9999.00 -9999.00 -9999.00 -9999.00 -9999.00 -9999.00 -9999.00 -9999.00 -9999.00 -9999.00 -9999.00 -9999.00 -9999.00 -9999.00 -9999.00 -9999.00 -9999.00 -9999.00 -9999.00 -9999.00 -9999.00 -9999.00 -9999.00 -9999.00 -9999.00 -9999.00 -9999.00 -9999.00 -9999.00 -9999.00 -9999.00 -9999.00 -9999.00 -9999.00 -9999.00 -9999.00 -9999.00 -9999.00 -9999.00 -9999.00 -9999.00 -9999.00 -9999.00 -9999.00 -9999.00 -9999.00 -9999.00 -9999.00 -9999.00 -9999.00 -9999.00 -9999.00 -9999.00 -9999.00 -9999.00 -9999.00 -9999.00 -9999.00 -9999.00 -9999.00
-9999.00 -9999.00 -9999.00 -9999.00 -9999.00 -9999.00 -9999.00 -9999.00 -9999.00 -9999.00 -9999.00 -9999.00 -9999.00 -9999.00 -9999.00 -9999.00 -9999.00 -9999.00 -9999.00 -9999.00 -9999.00 -9999.00 -9999.00 -9999.00 -9999.00 -9999.00 -9999.00 -9999.00 -9999.00 -9999.00 -9999.00 -9999.00 -9999.00 -9999.00 -9999.00 -9999.00 -9999.00 -9999.00 -9999.00 -9999.00 -9999.00 -9999.00 -9999.00 -9999.00 -9999.00 -9999.00 -9999.00 -9999.00 -9999.00 -9999.00 -9999.00 -9999.00 -9999.00 -9999.00 -9999.00 -9999.00 -9999.00 -9999.00 -9999.00 -9999.00 -9999.00 -9999.00 -9999.00 -9999.00 -9999.00 -9999.00 -9999.00 -9999.00 -9999.00 -9999.00 -9999.00
-9999.00 -9999.00 -9999.00 -9999.00 -9999.00 -9999.00 -9999.00 -9999.00 -9999.00 -9999.00 -9999.00 -9999.00 -9999.00 -9999.00 -9999.00 -9999.00 -9999.00 -9999.00 -9999.00 -9999.00 -9999.00 -9999.00 -9999.00 -9999.00 -9999.00 -9999.00 -9999.00 -9999.00 -9999.00 -9999.00 -9999.00 -9999.00 -9999.00 -9999.00 -9999.00 -9999.00 -9999.00 -9999.00 -9999.00 -9999.00 -9999.00 -9999.00 -9999.00 -9999.00 -9999.00 -9999.00 -9999.00 -9999.00 -9999.00 -9999.00 -9999.00 -9999.00 -9999.00 -9999.00 -9999.00 -9999.00 -9999.00 -9999.00 -9999.00 -9999.00 -9999.00 -9999.00 -9999.00 -9999.00 -9999.00 -9999.00 -9999.00 -9999.00 -9999.00 -9999.00 -9999.00
-9999.00 -9999.00 -9999.00 -9999.00 -9999.00 -9999.00 -9999.00 -9999.00 -9999.00 -9999.00 -9999.00 -9999.00 -9999.00 -9999.00 -9999.00 -9999.00 -9999.00 -9999.00 -9999.00 -9999.00 -9999.00 -9999.00 -9999.00 -9999.00 -9999.00 -9999.00 -9999.00 -9999.00 -9999.00 -9999.00 -9999.00 -9999.00 -9999.00 -9999.00 -9999.00 -9999.00 -9999.00 -9999.00 -9999.00 -9999.00 -9999.00 -9999.00 -9999.00 -9999.00 -9999.00 -9999.00 -9999.00 -9999.00 -9999.00 -9999.00 -9999.00 -9999.00 -9999.00 -9999.00 -9999.00 -9999.00 -9999.00 -9999.00 -9999.00 -9999.00 -9999.00 -9999.00 -9999.00 -9999.00 -9999.00 -9999.00 -9999.00 -9999.00 -9999.00 -9999.00 -9999.00
-9999.00 -9999.00 -9999.00 -9999.00 -9999.00 -9999.00 -9999.00 -9999.00 -9999.00 -9999.00 -9999.00 -9999.00 -9999.00 -9999.00 -9999.00 -9999.00 -9999.00 -9999.00 -9999.00 -9999.00 -9999.00 -9999.00 -9999.00 -9999.00 -9999.00 -9999.00 -9999.00 -9999.00 -9999.00 -9999.00 -9999.00 -9999.00 -9999.00 -9999.00 -9999.00 -9999.00 -9999.00 -9999.00 -9999.00 -9999.00 -9999.00 -9999.00 -9999.00 -9999.00 -9999.00 -9999.00 -9999.00 -9999.00 -9999.00 -9999.00 -9999.00 -9999.00 -9999.00 -9999.00 -9999.00 -9999.00 -9999.00 -9999.00 -9999.00 -9999.00 -9999.00 -9999.00 -9999.00 -9999.00 -9999.00 -9999.00 -9999.00 -9999.00 -9999.00 -9999.00 -9999.00
-9999.00 -9999.00 -9999.00 -9999.00 -9999.00 -9999.00 -9999.00 -9999.00 -9999.00 -9999.00 -9999.00 -9999.00 -9999.00 -9999.00 -9999.00 -9999.00 -9999.00 -9999.00 -9999.00 -9999.00 -9999.00 -9999.00 -9999.00 -9999.00 -9999.00 -9999.00 -9999.00 -9999.00 -9999.00 -9999.00 -9999.00 -9999.00 -9999.00 -9999.00 -9999.00 -9999.00 -9999.00 -9999.00 -9999.00 -9999.00 -9999.00 -9999.00 -9999.00 -9999.00 -9999.00 -9999.00 -9999.00 -9999.00 -9999.00 -9999.00 -9999.00 -9999.00 -9999.00 -9999.00 -9999.00 -9999.00 -9999.00 -9999.00 -9999.00 -9999.00 -9999.00 -9999.00 -9999.00 -9999.00 -9999.00 -9999.00 -9999.00 -9999.00 -9999.00 -9999.00 -9999.00
-9999.00 -9999.00 -9999.00 -9999.00 -9999.00 -9999.00 -9999.00 -9999.00 -9999.00 -9999.00 -9999.00 -9999.00 -9999.00 -9999.00 -9999.00 -9999.00 -9999.00 -9999.00 -9999.00 -9999.00 -9999.00 -9999.00 -9999.00 -9999.00 -9999.00 -9999.00 -9999.00 -9999.00 -9999.00 -9999.00 -9999.00 -9999.00 -9999.00 -9999.00 -9999.00 -9999.00 -9999.00 -9999.00 -9999.00 -9999.00 -9999.00 -9999.00 -9999.00 -9999.00 -9999.00 -9999.00 -9999.00 -9999.00 -9999.00 -9999.00 -9999.00 -9999.00 -9999.00 -9999.00 -9999.00 -9999.00 -9999.00 -9999.00 -9999.00 -9999.00 -9999.00 72.07 71.88 71.61 71.35 71.04 70.83 70.59 70.32 70.05 69.78
-9999.00 -9999.00 -9999.00 -9999.00 -9999.00 -9999.00 -9999.00 -9999.00 -9999.00 -9999.00 -9999.00 -9999.00 -9999.00 -9999.00 -9999.00 -9999.00 -9999.00 -9999.00 -9999.00 -9999.00 -9999.00 -9999.00 -9999.00 -9999.00 -9999.00 -9999.00 -9999.00 -9999.00 -9999.00 -9999.00 -9999.00 -9999.00 -9999.00 -9999.00 -9999.00 -9999.00 -9999.00 -9999.00 -9999.00 -9999.00 -9999.00 -9999.00 -9999.00 -9999.00 -9999.00 -9999.00 -9999.00 -9999.00 -9999.00 -9999.00 -9999.00 -9999.00 -9999.00 74.36 74.14 73.85 73.60 73.37 73.11 72.84 72.56 72.27 72.00 71.71 71.44 71.18 70.92 70.66 70.40 70.14 69.87
-9999.00 -9999.00 -9999.00 -9999.00 -9999.00 -9999.00 -9999.00 -9999.00 -9999.00 -9999.00 -9999.00 -9999.00 -9999.00 -9999.00 -9999.00 -9999.00 -9999.00 -9999.00 -9999.00 -9999.00 -9999.00 -9999.00 -9999.00 -9999.00 -9999.00 -9999.00 -9999.00 -9999.00 -9999.00 -9999.00 -9999.00 -9999.00 -9999.00 -9999.00 -9999.00 -9999.00 -9999.00 -9999.00 -9999.00 -9999.00 -9999.00 -9999.00 77.65 77.14 76.74 76.48 76.21 75.95 75.69 75.47 75.20 74.96 74.73 74.48 74.23 73.97 73.71 73.46 73.19 72.93 72.64 72.37 72.09 71.81 71.52 71.24 70.98 70.72 70.46 70.19 69.91
-9999.00 -9999.00 -9999.00 -9999.00 -9999.00 -9999.00 -9999.00 -9999.00 -9999.00 -9999.00 -9999.00 -9999.00 -9999.00 -9999.00 -9999.00 -9999.00 -9999.00 -9999.00 -9999.00 -9999.00 -9999.00 -9999.00 -9999.00 -9999.00 -9999.00 -9999.00 -9999.00 -9999.00 -9999.00 -9999.00 84.72 84.20 83.66 83.11 82.55 82.04 81.47 80.91 80.32 79.67 79.07 78.39 77.78 77.22 76.86 76.59 76.32 76.06 75.80 75.55 75.29 75.04 74.80 74.55 74.30 74.04 73.77 73.51 73.24 72.97 72.70 72.43 72.15 71.88 71.59 71.31 71.02 70.75 70.49 70.22 69.96
-9999.00 -9999.00 -9999.00 -9999.00 -9999.00 -9999.00 -9999.00 -9999.00 -9999.00 -9999.00 -9999.00 -9999.00 -9999.00 -9999.00 -9999.00 -9999.00 -9999.00 91.83 91.32 90.96 90.65 90.12 89.60 88.99 88.43 87.90 87.32 86.70 86.16 85.67 85.11 84.52 83.96 83.39 82.81 82.20 81.59 80.98 80.37 79.72 79.11 78.43 77.79 77.25 76.90 76.64 76.39 76.13 75.86 75.59 75.34 75.09 74.83 74.59 74.33 74.07 73.82 73.56 73.29 73.02 72.77 72.50 72.23 71.95 71.67 71.39 71.10 70.82 70.54 70.27 70.01
100.46 100.53 100.08 99.58 99.08 98.52 97.97 97.43 96.88 96.37 95.81 95.58 95.07 94.55 94.03 93.49 92.94 92.41 91.86 91.31 90.76 90.21 89.66 89.14 88.59 88.06 87.46 86.92 86.36 85.78 85.21 84.62 84.03 83.42 82.85 82.24 81.61 80.99 80.38 79.72 79.10 78.42 77.79 77.25 76.91 76.69 76.45 76.19 75.92 75.66 75.39 75.13 74.88 74.63 74.37 74.12 73.87 73.62 73.35 73.09 72.83 72.57 72.29 72.02 71.75 71.47 71.18 70.89 70.61 70.33 70.07
101.27 100.74 100.28 99.80 99.32 98.80 98.31 97.78 97.26 96.74 96.22 95.69 95.17 94.63 94.08 93.58 93.04 92.52 92.00 91.45 90.90 90.36 89.81 89.26 88.68 88.12 87.52 86.95 86.39 85.83 85.26 84.70 84.11 83.51 82.91 82.28 81.66 81.03 80.38 79.74 79.11 78.50 77.90 77.34 76.99 76.75 76.51 76.25 75.99 75.73 75.46 75.20 74.93 74.68 74.43 74.18 73.93 73.68 73.42 73.16 72.90 72.63 72.36 72.09 71.81 71.53 71.25 70.97 70.68 70.39 70.13
101.46 100.95 100.44 99.91 99.40 98.89 98.35 97.83 97.30 96.77 96.26 95.76 95.24 94.70 94.18 93.67 93.14 92.59 92.05 91.50 90.94 90.37 89.81 89.25 88.72 88.16 87.62 87.06 86.51 85.93 85.31 84.72 84.11 83.51 82.88 82.26 81.64 81.03 80.44 79.83 79.19 78.55 77.91 77.35 77.00 76.81 76.56 76.30 76.05 75.79 75.53 75.27 75.00 74.74 74.49 74.24 73.99 73.73 73.47 73.22 72.95 72.69 72.42 72.14 71.87 71.59 71.31 71.02 70.73 70.45 70.17
101.48 100.96 100.43 99.91 99.38 98.88 98.37 97.86 97.35 96.83 96.32 95.81 95.27 94.74 94.21 93.67 93.11 92.57 92.02 91.49 90.95 90.41 89.86 89.31 88.79 88.19 87.63 87.08 86.50 85.91 85.30 84.71 84.10 83.49 82.87 82.28 81.68 81.07 80.46 79.83 79.19 78.56 77.91 77.35 77.01 76.86 76.59 76.35 76.10 75.84 75.58 75.31 75.05 74.78 74.53 74.29 74.03 73.77 73.52 73.26 72.99 72.73 72.46 72.19 71.91 71.63 71.35 71.07 70.79 70.50 70.21
101.50 100.95 100.43 99.92 99.39 98.88 98.44 98.00 97.44 96.87 96.34 95.80 95.25 94.72 94.19 93.66 93.12 92.58 92.06 91.52 90.97 90.42 89.87 89.31 88.77 88.18 87.62 87.06 86.48 85.90 85.31 84.70 84.11 83.50 82.89 82.29 81.68 81.06 80.44 79.84 79.18 78.55 77.90 77.35 77.02 76.91 76.63 76.40 76.14 75.88 75.62 75.36 75.09 74.83 74.58 74.33 74.07 73.81 73.55 73.29 73.03 72.76 72.50 72.23 72.00 71.67 71.39 71.11 70.82 70.54 70.25
101.49 101.37 100.91 100.41 99.79 99.18 98.63 98.08 97.52 96.97 96.42 95.87 95.33 94.78 94.23 93.68 93.15 92.86 92.40 91.86 91.23 90.60 89.99 89.39 88.82 88.23 87.65 87.09 86.49 85.89 85.31 84.70 84.12 83.90 83.29 82.59 81.90 81.18 80.48 79.85 79.17 78.56 77.92 77.35 77.04 76.94 76.66 76.65 76.37 76.06 75.71 75.39 75.13 74.86 74.61 74.35 74.10 73.84 73.59 73.32 73.06 73.16 72.89 72.48 72.11 71.74 71.42 71.14 70.86 70.57 70.28
102.15 101.58 101.01 100.45 99.86 99.27 98.70 98.12 97.55 97.00 96.44 95.89 95.33 95.47 94.88 94.38 93.74 93.16 92.54 91.93 91.32 90.72 90.11 89.49 88.90 88.28 87.70 87.10 86.50 86.76 86.11 85.42 84.71 84.05 83.37 82.69 81.99 81.30 80.59 79.94 79.22 78.57 77.92 77.37 77.80 77.58 77.24 76.87 76.52 76.17 75.82 75.48 75.16 74.89 74.64 74.38 74.12 73.87 73.61 74.09 73.72 73.35 72.98 72.61 72.22 71.83 71.45 71.17 70.88 70.59 70.30
102.21 101.64 101.09 100.50 99.90 99.30 98.73 98.15 98.35 97.71 97.22 96.69 96.17 95.59 95.04 94.45 93.85 93.24 92.62 92.00 91.39 90.77 90.16 89.52 88.93 89.04 88.63 88.04 87.42 86.83 86.19 85.52 84.87 84.16 83.49 82.77 82.06 81.36 80.65 79.98 79.26 79.58 79.00 78.39 77.98 77.64 77.31 76.98 76.63 76.26 75.91 75.53 75.18 74.90 74.65 75.37 75.09 74.76 74.43 74.12 73.78 73.43 73.08 72.71 72.30 71.88 71.47 71.18 70.90 71.72 71.36
102.25 101.67 101.14 100.67 100.31 99.82 99.36 98.82 98.34 97.82 97.28 96.75 96.22 95.68 95.12 94.55 93.92 93.31 92.81 92.44 91.99 91.48 90.93 90.41 89.82 89.28 88.70 88.12 87.50 86.88 86.24 85.58 84.93 84.35 83.95 83.34 82.86 82.31 81.69 81.09 80.46 79.77 79.10 78.48 78.04 77.71 77.38 77.05 76.76 76.57 76.47 76.27 76.13 75.88 75.68 75.40 75.11 74.82 74.50 74.19 73.84 73.49 73.14 72.84 72.65 72.53 72.33 72.16 71.90 71.68 71.40
102.28 101.69 101.10 100.61 100.23 99.79 99.32 98.86 98.34 97.83 97.34 96.82 96.26 95.73 95.14 94.56 93.96 93.34 92.71 92.28 91.80 91.34 90.87 90.35 89.83 89.26 88.73 88.15 87.55 86.91 86.27 85.60 84.96 84.25 83.55 82.96 82.69 82.19 81.56 81.02 80.45 79.80 79.10 78.53 78.08 77.75 77.42 77.07 76.72 76.36 75.98 76.09 76.06 75.78 75.60 75.35 75.12 74.81 74.53 74.21 73.89 73.52 73.15 72.78 72.37 71.94 72.21 72.07 71.81 71.61 71.36
102.28 101.69 101.10 100.51 99.92 99.32 99.34 98.80 98.27 97.81 97.32 96.79 96.23 95.68 95.13 94.55 93.93 93.32 92.69 92.07 91.44 90.81 90.18 90.29 89.72 89.19 88.65 88.08 87.50 86.89 86.24 85.58 84.94 84.24 83.55 82.84 82.12 81.40 80.69 80.80 80.29 79.65 79.05 78.47 78.04 77.73 77.37 77.04 76.71 76.34 75.97 75.59 75.22 74.91 74.66 75.27 75.02 74.74 74.48 74.18 73.86 73.49 73.13 72.76 72.36 71.94 71.51 71.19 71.63 71.44 71.25
102.24 101.67 101.10 100.51 99.92 99.31 98.74 98.15 97.57 97.01 97.24 96.67 96.17 95.60 95.02 94.45 93.88 93.27 92.66 92.03 91.41 90.78 90.17 89.54 88.94 88.33 87.74 87.99 87.39 86.79 86.16 85.49 84.85 84.18 83.51 82.80 82.10 81.39 80.68 79.99 79.27 78.60 77.93 78.30 77.91 77.61 77.30 76.98 76.64 76.30 75.94 75.57 75.20 74.91 74.65 74.40 74.14 74.63 74.37 74.07 73.75 73.42 73.08 72.71 72.33 71.92 71.50 71.18 70.90 70.60 70.32
102.16 101.59 100.99 100.42 99.87 99.27 98.72 98.13 97.55 97.00 96.45 95.89 95.34 94.78 94.91 94.35 93.74 93.15 92.54 91.93 91.32 90.71 90.12 89.50 88.91 88.29 87.71 87.11 86.52 85.90 85.75 85.35 84.73 84.10 83.41 82.71 82.00 81.31 80.62 79.96 79.24 78.58 77.92 77.37 77.05 76.97 77.14 76.80 76.51 76.20 75.85 75.50 75.16 74.88 74.63 74.38 74.13 73.87 73.61 73.34 73.69 73.31 72.95 72.60 72.27 71.88 71.47 71.17 70.88 70.59 70.30
101.49 100.95 100.81 100.32 99.77 99.20 98.66 98.08 97.52 96.99 96.43 95.87 95.33 94.79 94.24 93.68 93.14 92.59 92.42 91.81 91.19 90.59 90.03 89.42 88.83 88.24 87.68 87.11 86.50 85.90 85.31 84.71 84.12 83.82 83.18 82.53 81.86 81.19 80.49 79.87 79.18 78.56 77.91 77.36 77.04 76.95 76.66 76.45 76.37 76.01 75.69 75.39 75.13 74.85 74.61 74.35 74.10 73.84 73.59 73.32 73.06 72.79 72.72 72.46 72.11 71.74 71.42 71.14 70.85 70.56 70.27
