data/CoulombOnly/Outputs_CoulombOnly/release1HS_03_null_samosat_pfv.asc
ncols         1000
nrows         300
xllcenter     1000
yllcenter     -5000
cellsize      5
NODATA_value  -9999
[rows 140 to 174 of 300, columns 79 to 157 of 1000]
42.2148 42.6473 42.8621 43.0974 43.5097 43.7242 44.1545 44.3674 44.6437 44.8896 45.1108 45.5479 45.7664 45.9851 46.4205 46.6384 46.8895 47.3311 47.5491 47.7701 48.0325 48.4188 48.5344 48.9669 49.1881 49.4095 49.6496 50.021 50.3036 50.5276 50.7543 51.2107 51.2103 51.4706 51.7271 52.1846 52.4083 52.6329 52.6664 52.7403 52.8314 53.0614 53.1011 53.1011 53.2764 53.3389 53.7869 53.7869 53.828 53.8659 54.092 54.092 54.348 54.5147 54.5147 54.6129 54.7032 54.668 54.6758 54.6604 54.005 0 0 0 0 0 0 0 0 0 0 0 0 0 0 0 0 0 0
42.3022 42.6473 42.916 43.1373 43.5233 43.7595 44.1545 44.3807 44.6003 45.0053 45.2221 45.4416 45.8618 46.0771 46.305 46.7276 46.9422 47.1562 47.4413 47.7969 47.9498 48.242 48.6082 48.8263 49.0443 49.3824 49.7042 49.9255 50.1945 50.5692 50.7835 50.986 51.2755 51.6253 51.8451 52.0695 52.3347 52.784 53.0065 53.0088 53.2951 53.7844 54.0079 54.2259 54.2378 54.3156 54.4144 54.6388 54.6745 54.6745 54.8359 54.8844 55.1061 55.3242 55.3242 55.3723 55.5832 55.6735 55.6833 55.7756 55.865 56.073 56.1908 56.1499 56.1748 56.1838 56.2294 55.9768 55.9768 0 0 0 0 0 0 0 0 0 0
42.3168 42.5405 42.8055 43.1985 43.4442 43.8571 44.0772 44.4014 44.7242 45.0053 45.3224 45.5545 45.8618 46.1364 46.3676 46.7276 46.9529 47.1912 47.4114 47.7969 48.0162 48.2319 48.4686 48.861 49.0768 49.2931 49.5658 49.9367 50.1487 50.3602 50.7735 50.9872 51.202 51.4177 51.6698 52.0608 52.277 52.4912 52.7565 53.163 53.382 53.6 53.834 54.0935 54.5573 54.774 54.99 55.0942 55.3463 55.7889 56.0089 56.0089 56.0591 56.0591 56.1833 56.1928 56.1928 56.3417 56.552 56.7954 56.7954 56.8396 56.8814 57.0894 57.1539 57.1844 57.4593 57.474 57.581 57.6812 57.7451 57.7795 57.9967 57.9967 57.9503 58.0206 58.0438 58.2458 58.2458
42.3127 42.5309 42.806 43.195 43.435 43.8571 44.0772 44.3125 44.7242 44.9389 45.1663 45.5734 45.7881 46.0189 46.428 46.6478 46.8742 47.292 47.5103 47.7302 48.006 48.375 48.593 48.8512 49.1194 49.3539 49.5716 49.9367 50.1487 50.375 50.5889 50.8188 51.2009 51.4141 51.628 51.8405 52.0936 52.3511 52.6681 52.8659 53.1235 53.3914 53.6691 53.9507 54.2046 54.4668 54.7381 55.1052 55.3183 55.5296 55.7742 56.0486 56.2656 56.4773 56.8158 57.0563 57.2648 57.4684 57.4947 57.5234 57.6619 57.6619 57.8447 57.8447 57.9635 58.008 58.2088 58.2088 58.4223 58.4799 58.6762 58.7657 58.9613 58.9613 59.0081 59.0864 59.2225 59.3315 59.4371
42.2693 42.4933 42.7395 43.1204 43.3596 43.7595 43.9759 44.23 44.6219 44.8429 45.1132 45.5174 45.7369 45.9984 46.4014 46.6175 46.8543 47.292 47.493 47.714 47.9541 48.3727 48.5927 48.8127 49.0418 49.4526 49.6641 49.8801 50.0935 50.337 50.7214 50.9345 51.158 51.3818 51.6315 51.8641 52.0902 52.3076 52.6681 52.872 53.0795 53.2949 53.558 53.8169 54.0811 54.3411 54.5945 54.8345 55.0927 55.3507 55.6043 55.8507 56.1082 56.362 56.6131 56.8515 57.0665 57.2994 57.5646 57.8738 58.0687 58.2608 58.4693 58.6789 59.0788 59.0788 59.092 59.092 59.228 59.4225 59.4225 59.5583 59.5583 59.6976 59.82 59.8644 59.8799 60.0616 60.242
42.2401 42.6179 42.8611 43.0934 43.4811 43.7595 44.0462 44.3121 44.6219 44.9067 45.1514 45.4952 45.7489 45.986 46.3643 46.5815 46.823 47.0429 47.431 47.655 47.8827 48.2733 48.4801 48.6938 48.9259 49.4526 49.5637 49.7863 50.0101 50.2623 50.6836 50.8871 51.1044 51.3222 51.5505 51.7807 52.1857 52.4031 52.6213 52.8308 53.0465 53.2714 53.636 53.8333 54.0305 54.2651 54.4887 54.7069 54.9412 55.1906 55.441 55.6901 55.9315 56.1819 56.4212 56.6702 56.9234 57.1669 57.4004 57.6234 57.836 58.0436 58.2603 58.4764 58.709 58.938 59.1532 59.3502 59.5371 59.7251 59.9092 60.1899 60.4685 60.6404 60.8138 60.8138 60.9216 61.0998 61.0998
42.3368 42.5315 42.971 43.1699 43.376 43.8179 44.0146 44.4528 44.6582 44.8622 45.2934 45.4962 45.8248 46.0674 46.3217 46.6674 46.8774 47.1416 47.361 47.7197 47.9305 48.1722 48.3882 48.7534 48.9601 49.1804 49.5238 49.7509 49.9779 50.1887 50.5919 50.7985 51.0069 51.2132 51.4238 51.6394 52.0163 52.2274 52.4416 52.6582 52.877 53.1072 53.636 53.734 53.9417 54.1514 54.3611 54.5686 54.7756 55.0144 55.2549 55.5598 55.7625 55.9926 56.2384 56.4784 56.7095 56.9405 57.1699 57.4006 57.6314 57.8503 58.0744 58.2982 58.5178 58.7332 58.9447 59.1521 59.3556 59.56 59.7578 59.9526 60.138 60.316 60.4884 60.6761 60.8639 61.0444 61.2168
42.1398 42.3738 42.7525 43.0216 43.378 43.6378 43.8883 44.2094 44.5228 44.8367 45.0417 45.3851 45.6685 45.8262 46.2359 46.463 46.6777 47.1014 47.3223 47.5408 48.0318 48.174 48.4019 48.6192 48.8358 49.2359 49.4668 49.6884 49.9041 50.2568 50.4533 50.6944 51.0088 51.2127 51.4178 51.6493 51.8625 52.0887 52.4269 52.6324 52.8373 53.0458 53.2491 53.6038 53.8039 54.0061 54.2157 54.4452 54.6768 54.9151 55.1555 55.3972 55.6301 55.8588 56.0863 56.3102 56.5297 56.7469 56.9659 57.1832 57.3961 57.6191 57.838 58.0543 58.263 58.4744 58.6829 58.8893 59.0929 59.2953 59.4959 59.6985 59.8982 60.0949 60.2891 60.4791 60.667 60.852 61.0348
42.1305 42.3647 42.7525 42.9835 43.378 43.5874 43.83 44.2094 44.4343 44.8367 45.0417 45.2716 45.6685 45.8726 46.0935 46.3399 46.7024 46.9154 47.1613 47.5372 47.7431 47.9658 48.2114 48.5751 48.7806 49.0008 49.242 49.6089 49.8088 50.0182 50.2515 50.4999 50.8461 51.0471 51.2566 51.4761 51.7195 51.971 52.2802 52.4789 52.6851 52.914 53.1461 53.3787 53.6189 53.8536 54.0922 54.3206 54.5475 54.7718 55.0009 55.2357 55.4802 55.6992 55.9232 56.1436 56.363 56.5929 56.8177 57.0326 57.2452 57.4575 57.6693 57.8814 58.0905 58.2939 58.4927 58.6912 58.8885 59.0838 59.2772 59.4728 59.6748 59.8748 60.073 60.2698 60.4648 60.6587 60.8507
42.2381 42.5334 42.8295 43.1824 43.3966 43.7334 44.0411 44.2569 44.6866 44.8985 45.1257 45.542 45.7536 45.9685 46.2814 46.6044 46.8154 47.0823 47.4527 47.6604 47.8671 48.1333 48.5037 48.7073 48.9103 49.1491 49.5486 49.756 49.9493 50.1516 50.3861 50.7932 50.9914 51.1771 51.3749 51.665 51.8743 52.1741 52.3861 52.5787 52.7771 52.978 53.3104 53.5181 53.7577 53.9689 54.1592 54.3505 54.5433 54.7392 55.0688 55.25 55.433 55.6149 55.8298 56.046 56.2676 56.4816 56.6939 56.9081 57.1209 57.3319 57.539 57.7441 57.9466 58.1483 58.3489 58.5518 58.7597 58.9675 59.1742 59.3784 59.5808 59.7814 59.9804 60.1776 60.3733 60.5677 60.7609
42.2422 42.4895 42.8824 43.1257 43.3516 43.7363 43.9846 44.2112 44.6021 44.8367 45.0653 45.4512 45.6833 45.9107 46.2797 46.5233 46.7448 47.1189 47.3521 47.5718 47.7977 48.1611 48.3921 48.6076 48.8332 49.1956 49.4165 49.6374 49.8501 50.0869 50.4317 50.6514 50.8697 51.0815 51.3116 51.665 51.8743 52.0972 52.3128 52.5196 52.7388 52.976 53.3104 53.5181 53.7277 53.9306 54.1221 54.3216 54.5531 54.7818 55.0688 55.2302 55.4511 55.662 55.8723 56.0831 56.2953 56.5099 56.7349 56.9571 57.1751 57.3923 57.6102 57.8252 58.0364 58.2452 58.4514 58.6555 58.8573 59.0568 59.2547 59.4541 59.6544 59.854 60.052 60.2486 60.4443 60.6383 60.8309
42.2422 42.4538 42.8824 43.0947 43.3807 43.7363 43.948 44.2822 44.5878 44.8071 45.1462 45.4355 45.6554 45.9839 46.2797 46.4917 46.7773 47.1189 47.3285 47.555 47.8779 48.1611 48.3782 48.606 48.9134 49.1956 49.4153 49.6417 49.8694 50.1661 50.5682 50.8064 50.9717 51.1474 51.364 51.8026 51.9927 52.1873 52.3651 52.5519 52.7505 52.9824 53.3221 53.5055 53.71 53.9448 54.1794 54.4142 54.6373 54.8658 55.0899 55.3143 55.5437 55.7721 55.9967 56.2226 56.4465 56.6683 56.8905 57.1113 57.3374 57.5578 57.7746 57.9945 58.2143 58.4308 58.6418 58.8512 59.0654 59.2764 59.4826 59.6834 59.882 60.0776 60.2731 60.4654 60.6554 60.8423 61.0265
42.1928 42.5747 42.8179 43.0465 43.4301 43.6701 44.0345 44.2697 44.5112 44.8599 45.098 45.5234 45.7141 45.9366 46.3901 46.6006 46.7902 47.2536 47.4669 47.6604 47.8665 48.3195 48.5316 48.7295 48.9339 49.3731 49.5797 49.7848 49.9861 50.1914 50.607 50.8075 51.0111 51.2163 51.4236 51.8026 51.9927 52.1873 52.4052 52.6212 52.8576 53.0882 53.3221 53.5559 53.7944 54.0285 54.287 54.4952 54.721 54.9451 55.1722 55.4101 55.6563 55.8955 56.1286 56.3618 56.6155 56.8642 57.1093 57.343 57.5676 57.7948 58.0325 58.2599 58.4797 58.7043 58.9245 59.1378 59.3481 59.5588 59.7667 59.9747 60.1801 60.3807 60.574 60.7626 60.9362 61.1041 61.2687
42.285 42.5052 42.7371 43.1507 43.3711 43.7995 44.0172 44.2373 44.6618 44.881 45.1016 45.5234 45.7446 45.9673 46.3901 46.6086 46.8302 47.2536 47.4669 47.6854 47.9002 48.3195 48.5316 48.7417 48.95 49.3731 49.5797 49.7873 49.992 50.2023 50.4887 50.7337 51.0356 51.2416 51.4526 51.7379 52.0005 52.2217 52.4763 52.7039 52.9386 53.1689 53.4854 53.6903 53.9008 54.1349 54.3786 54.6233 54.8727 55.1224 55.3671 55.6256 55.8797 56.1346 56.3779 56.6157 56.8542 57.0863 57.3324 57.6021 57.8326 58.0783 58.3211 58.5533 58.7674 58.9726 59.1775 59.3767 59.5714 59.7614 59.9603 60.1885 60.3706 60.471 60.6835 60.7474 60.9403 61.0192 61.2098
42.285 42.5211 42.7572 43.1507 43.3997 43.7995 44.0351 44.2665 44.6618 44.9175 45.1358 45.4017 45.7791 45.9935 46.2711 46.6341 46.8462 47.1255 47.3676 47.6942 47.9044 48.2235 48.446 48.6711 48.8948 49.3525 49.4929 49.7176 49.9661 50.2055 50.537 50.7649 51.0356 51.298 51.5367 51.7715 52.0794 52.3049 52.5344 52.7624 53.0351 53.3116 53.5726 53.8158 54.0763 54.3416 54.5982 54.8553 55.232 55.4393 55.6417 55.8409 56.0908 56.3562 56.602 56.8452 57.082 57.387 57.5786 57.7969 58.0373 58.3341 58.5391 58.6189 58.879 58.9968 59.0533 59.2807 59.2807 59.3142 59.4247 59.6117 59.7952 59.9809 59.9979 59.9987 59.972 60.1556 60.2502
42.2506 42.565 42.8669 43.1459 43.4182 43.819 44.0047 44.2099 44.6423 44.838 45.0473 45.4692 45.6716 45.8893 46.3022 46.5055 46.7496 46.9822 47.3539 47.6392 47.8874 48.1949 48.4736 48.7514 48.9904 49.2401 49.5975 49.8238 50.0551 50.304 50.5441 50.848 51.063 51.3377 51.6678 51.9456 52.2031 52.4634 52.7265 53.1261 53.3465 53.5567 53.7646 53.9854 54.2381 54.4824 54.7562 55.0412 55.3664 55.5823 55.7933 56.016 56.2532 56.5072 56.728 56.8419 57.06 57.2336 57.4472 57.5121 57.7238 57.7579 57.8703 58.0683 58.2632 58.4599 58.4599 58.2785 58.4882 58.4882 58.6582 58.7114 58.7808 58.8781 59.1469 59.355 59.355 59.4308 59.4308
42.2845 42.502 42.7218 43.1229 43.3591 43.7539 43.9969 44.2293 44.6308 44.8784 45.1047 45.5375 45.7632 45.9807 46.4025 46.6169 46.841 47.0694 47.4609 47.6749 47.9318 48.1822 48.5232 48.7373 49.0816 49.3499 49.5978 49.8483 50.299 50.5223 50.7376 50.9553 51.2024 51.5984 51.8171 52.036 52.2541 52.5097 52.8459 53.1783 53.4389 53.6634 53.8823 54.1001 54.3184 54.7944 55.0161 55.0549 55.3385 55.4336 55.7504 55.7853 56.0286 56.0286 56.0913 56.2377 56.6367 56.8469 56.8469 56.9196 56.9196 56.9042 57.1066 57.1629 57.1846 57.2644 57.3968 57.6181 57.658 57.7221 57.7257 58.053 58.0531 58.008 58.0305 57.8935 57.9292 57.9641 58.1681
42.0995 42.5296 42.7476 43.1786 43.3949 43.618 44.0377 44.2667 44.6844 44.8982 45.1491 45.5453 45.7589 46.0479 46.4025 46.614 46.9584 47.2104 47.4293 47.652 48.0818 48.2975 48.5206 48.7621 49.1665 49.387 49.6095 49.9159 50.2806 50.5019 50.7219 50.9698 51.4303 51.656 51.8826 52.1086 52.285 52.785 53.0121 53.2404 53.2982 53.5609 53.6916 53.9686 54.0118 54.2541 54.4805 54.5165 54.6322 54.8948 55.1149 55.3358 55.3358 55.4434 55.4434 55.4516 55.6665 55.7177 55.7782 55.9045 56.2076 56.2076 56.0894 56.1886 56.4266 56.4266 56.2214 55.8667 0 0 0 0 0 0 0 0 0 0 0
42.1347 42.529 42.7982 43.1786 43.466 43.6954 43.9142 44.3505 44.5668 44.7866 45.2191 45.4344 45.6611 46.0841 46.2995 46.5419 46.9606 47.1803 47.4072 47.706 48.0674 48.2858 48.7012 48.9276 49.1562 49.385 49.6127 49.8413 50.1827 50.5184 50.7475 50.9721 51.1976 51.5225 51.75 51.8907 52.1533 52.3807 52.4398 52.6697 52.72 52.9982 53.0873 53.3157 53.543 53.7727 53.8477 53.8969 53.8326 53.9407 54.163 54.2151 54.3289 54.4297 54.6977 54.7001 54.7953 54.7121 54.7121 54.3467 54.1165 0 0 0 0 0 0 0 0 0 0 0 0 0 0 0 0 0 0
42.188 42.4081 42.8361 43.0507 43.4821 43.6964 43.9303 44.3459 44.5608 44.8247 45.2132 45.4289 45.763 45.9869 46.2114 46.6605 46.8856 47.1115 47.3379 47.627 47.9662 48.2447 48.4719 48.9207 49.1513 49.2242 49.4798 49.7082 49.8666 50.327 50.3488 50.6203 50.8463 51.0728 51.1838 51.2015 51.4633 51.7042 51.9351 52.1689 52.2889 52.2991 52.2248 52.4013 52.8319 52.8804 52.8804 53.0193 53.1203 53.357 53.357 53.1461 53.1461 52.2745 0 0 0 0 0 0 0 0 0 0 0 0 0 0 0 0 0 0 0 0 0 0 0 0 0
42.014 42.4503 42.6683 42.8879 43.3257 43.546 43.9866 44.2072 44.429 44.6849 45.0407 45.3027 45.7686 45.9913 46.2166 46.663 46.8898 46.9714 47.2245 47.4496 47.5985 48.0566 48.2825 48.3392 48.5794 48.8055 49.0321 49.1838 49.4079 49.4079 49.8605 50.0883 50.3181 50.3181 50.6775 50.6775 50.5986 50.7754 51.2383 51.2383 51.2889 51.405 51.4859 51.7472 51.7472 51.5328 51.5328 51.1309 0 0 0 0 0 0 0 0 0 0 0 0 0 0 0 0 0 0 0 0 0 0 0 0 0 0 0 0 0 0 0
41.9841 42.4603 42.6782 42.8982 43.3329 43.5528 43.9927 44.2139 44.3115 44.5632 45.0026 45.0756 45.373 45.5945 46.0379 46.0902 46.3471 46.5675 47.0135 47.0135 47.1936 47.6355 47.6355 47.7982 48.0246 48.4832 48.4833 48.5859 48.8206 48.8206 48.9288 49.1677 49.3966 49.4412 49.6716 49.7194 49.8195 50.1151 50.3503 50.3503 49.8979 49.6727 0 0 0 0 0 0 0 0 0 0 0 0 0 0 0 0 0 0 0 0 0 0 0 0 0 0 0 0 0 0 0 0 0 0 0 0 0
41.9559 42.1715 42.3006 42.748 42.9643 43.3982 43.4227 43.7216 43.9374 44.3727 44.5902 44.5902 45.0198 45.2338 45.4494 45.554 45.7748 45.9963 46.2206 46.2893 46.5312 46.7609 46.7609 46.9251 47.1109 47.3371 47.7958 47.7995 47.8501 47.931 47.9818 48.4807 48.4807 48.2865 48.2551 0 0 0 0 0 0 0 0 0 0 0 0 0 0 0 0 0 0 0 0 0 0 0 0 0 0 0 0 0 0 0 0 0 0 0 0 0 0 0 0 0 0 0 0
41.5789 41.7909 42.0044 42.2366 42.6632 42.874 43.0863 43.146 43.361 43.7956 44.0134 44.0134 44.0923 44.5335 44.7529 44.7529 44.7053 45.0933 45.3156 45.7622 45.7622 46.0123 46.0123 46.0207 46.4102 46.6401 46.8699 46.8699 46.3898 0 0 0 0 0 0 0 0 0 0 0 0 0 0 0 0 0 0 0 0 0 0 0 0 0 0 0 0 0 0 0 0 0 0 0 0 0 0 0 0 0 0 0 0 0 0 0 0 0 0
41.0096 41.0096 41.1061 41.5289 41.7388 42.1652 42.1652 42.1168 42.3304 42.6952 42.9109 43.3429 43.5586 43.572 43.791 43.8396 43.9452 44.1657 44.6145 44.8389 44.8389 44.1033 0 0 0 0 0 0 0 0 0 0 0 0 0 0 0 0 0 0 0 0 0 0 0 0 0 0 0 0 0 0 0 0 0 0 0 0 0 0 0 0 0 0 0 0 0 0 0 0 0 0 0 0 0 0 0 0 0
39.9609 40.167 40.5822 40.7896 40.9993 41.0988 41.2102 41.2816 41.4405 41.7839 41.9995 42.4288 42.6462 42.6462 41.8857 0 0 0 0 0 0 0 0 0 0 0 0 0 0 0 0 0 0 0 0 0 0 0 0 0 0 0 0 0 0 0 0 0 0 0 0 0 0 0 0 0 0 0 0 0 0 0 0 0 0 0 0 0 0 0 0 0 0 0 0 0 0 0 0
39.0448 39.2535 39.6708 39.8816 39.8816 0 0 0 0 0 0 0 0 0 0 0 0 0 0 0 0 0 0 0 0 0 0 0 0 0 0 0 0 0 0 0 0 0 0 0 0 0 0 0 0 0 0 0 0 0 0 0 0 0 0 0 0 0 0 0 0 0 0 0 0 0 0 0 0 0 0 0 0 0 0 0 0 0 0
0 0 0 0 0 0 0 0 0 0 0 0 0 0 0 0 0 0 0 0 0 0 0 0 0 0 0 0 0 0 0 0 0 0 0 0 0 0 0 0 0 0 0 0 0 0 0 0 0 0 0 0 0 0 0 0 0 0 0 0 0 0 0 0 0 0 0 0 0 0 0 0 0 0 0 0 0 0 0
0 0 0 0 0 0 0 0 0 0 0 0 0 0 0 0 0 0 0 0 0 0 0 0 0 0 0 0 0 0 0 0 0 0 0 0 0 0 0 0 0 0 0 0 0 0 0 0 0 0 0 0 0 0 0 0 0 0 0 0 0 0 0 0 0 0 0 0 0 0 0 0 0 0 0 0 0 0 0
0 0 0 0 0 0 0 0 0 0 0 0 0 0 0 0 0 0 0 0 0 0 0 0 0 0 0 0 0 0 0 0 0 0 0 0 0 0 0 0 0 0 0 0 0 0 0 0 0 0 0 0 0 0 0 0 0 0 0 0 0 0 0 0 0 0 0 0 0 0 0 0 0 0 0 0 0 0 0
0 0 0 0 0 0 0 0 0 0 0 0 0 0 0 0 0 0 0 0 0 0 0 0 0 0 0 0 0 0 0 0 0 0 0 0 0 0 0 0 0 0 0 0 0 0 0 0 0 0 0 0 0 0 0 0 0 0 0 0 0 0 0 0 0 0 0 0 0 0 0 0 0 0 0 0 0 0 0
0 0 0 0 0 0 0 0 0 0 0 0 0 0 0 0 0 0 0 0 0 0 0 0 0 0 0 0 0 0 0 0 0 0 0 0 0 0 0 0 0 0 0 0 0 0 0 0 0 0 0 0 0 0 0 0 0 0 0 0 0 0 0 0 0 0 0 0 0 0 0 0 0 0 0 0 0 0 0
0 0 0 0 0 0 0 0 0 0 0 0 0 0 0 0 0 0 0 0 0 0 0 0 0 0 0 0 0 0 0 0 0 0 0 0 0 0 0 0 0 0 0 0 0 0 0 0 0 0 0 0 0 0 0 0 0 0 0 0 0 0 0 0 0 0 0 0 0 0 0 0 0 0 0 0 0 0 0
0 0 0 0 0 0 0 0 0 0 0 0 0 0 0 0 0 0 0 0 0 0 0 0 0 0 0 0 0 0 0 0 0 0 0 0 0 0 0 0 0 0 0 0 0 0 0 0 0 0 0 0 0 0 0 0 0 0 0 0 0 0 0 0 0 0 0 0 0 0 0 0 0 0 0 0 0 0 0
0 0 0 0 0 0 0 0 0 0 0 0 0 0 0 0 0 0 0 0 0 0 0 0 0 0 0 0 0 0 0 0 0 0 0 0 0 0 0 0 0 0 0 0 0 0 0 0 0 0 0 0 0 0 0 0 0 0 0 0 0 0 0 0 0 0 0 0 0 0 0 0 0 0 0 0 0 0 0
