data/CoulombOnly/Outputs_CoulombOnly/release1HS_03CoulombOnly_null_minVoellmyv2_pfv.asc
ncols 1001
nrows 301
xllcenter 1000.00
yllcenter -5000.00
cellsize 5.00
nodata_value nan
[rows 135 to 161 of 301, columns 480 to 539 of 1001]
73.531179 73.265848 72.999695 72.732660 72.464700 72.195770 71.925859 71.654915 71.382925 71.109869 70.835728 70.560494 70.284156 70.006681 69.728083 69.448334 69.167433 68.885350 68.602113 68.317670 68.032025 67.745189 67.457123 67.167824 66.877280 66.585495 66.292451 65.998129 65.702512 65.405591 65.107353 64.807778 64.516723 64.248852 63.980784 63.712463 63.443906 63.175148 62.906236 62.637238 62.368107 62.098851 61.829482 61.560009 61.290423 61.020719 60.750878 60.480876 60.210677 59.940273 59.669730 59.398877 59.127643 58.856248 58.584372 58.312175 58.039460 57.766398 57.492706 57.218550
73.448984 73.181465 72.913363 72.644587 72.375079 72.104782 71.833643 71.561629 71.288691 71.014818 70.739974 70.464126 70.187255 69.909357 69.630390 69.350333 69.069188 68.786913 68.503506 68.218935 67.933207 67.646269 67.358139 67.068785 66.778180 66.486313 66.200787 65.935591 65.670435 65.405324 65.140432 64.875695 64.611161 64.346924 64.082871 63.819153 63.555573 63.292276 63.029121 62.766052 62.503054 62.240093 61.977127 61.714105 61.450971 61.187666 60.924110 60.660210 60.396145 60.131641 59.866744 59.601421 59.335634 59.069235 58.802461 58.535007 58.266871 57.998166 57.728827 57.458750
73.401014 73.131657 72.861820 72.591438 72.320440 72.048779 71.776397 71.503250 71.229289 70.954467 70.678752 70.402099 70.124486 69.845870 69.566220 69.285517 69.003730 68.720826 68.436787 68.151599 67.865227 67.577639 67.288849 66.998787 66.724847 66.467314 66.210624 65.954729 65.699437 65.444613 65.190199 64.936035 64.682050 64.428098 64.174141 63.920144 63.665991 63.411668 63.157107 62.902231 62.646958 62.391255 62.135256 61.878649 61.621661 61.364055 61.106009 60.847217 60.588031 60.328126 60.067477 59.806267 59.544386 59.281740 59.018330 58.754145 58.489181 58.223423 57.956856 57.689457
73.380902 73.110424 72.839380 72.567728 72.295417 72.022406 71.748658 71.474133 71.198788 70.922594 70.645509 70.367495 70.088528 69.808565 69.527578 69.245538 68.962415 68.678183 68.392809 68.106269 67.818538 67.529597 67.257042 67.012782 66.768435 66.523944 66.279261 66.034334 65.789120 65.543568 65.297610 65.051183 64.804359 64.557105 64.309229 64.060932 63.812029 63.562570 63.312507 63.061868 62.810500 62.558665 62.306024 62.052731 61.798851 61.544174 61.288706 61.032613 60.775814 60.518211 60.259805 60.000615 59.740636 59.479863 59.218288 58.955891 58.692657 58.428560 58.163572 57.897664
73.568737 73.251116 72.935553 72.621908 72.310069 72.020372 71.745357 71.469499 71.192764 70.915121 70.636541 70.356996 70.076452 69.794883 69.512274 69.228597 68.943827 68.657943 68.370914 68.082731 67.822202 67.583993 67.345286 67.106040 66.866392 66.626207 66.385388 66.144127 65.902266 65.659780 65.416818 65.173131 64.928983 64.684113 64.438670 64.192620 63.945773 63.698509 63.450477 63.201672 62.952329 62.702301 62.451505 62.199943 61.947617 61.694728 61.441057 61.186597 60.931350 60.675302 60.418447 60.160776 59.902268 59.642913 59.382687 59.121567 58.859540 58.596670 58.333035 58.068428
73.815324 73.503560 73.193780 72.885784 72.579423 72.274530 71.971000 71.668715 71.367567 71.067492 70.768413 70.470281 70.173040 69.876673 69.581173 69.296035 69.011777 68.726530 68.440251 68.152925 67.879391 67.643372 67.406975 67.169972 66.932335 66.694315 66.455542 66.216392 65.976475 65.736166 65.495048 65.253558 65.011309 64.768427 64.525050 64.280903 64.036051 63.790748 63.544686 63.297878 63.050333 62.802143 62.553322 62.303737 62.053384 61.802266 61.550371 61.297685 61.044196 60.789889 60.534749 60.278744 60.021849 59.764034 59.505500 59.246068 58.985653 58.724203 58.461697 58.198547
74.057272 73.747169 73.438991 73.132569 72.827768 72.524463 72.222541 71.921907 71.622472 71.324163 71.026878 70.730567 70.435115 70.140428 69.846407 69.552925 69.259852 68.967046 68.674359 68.381670 68.088802 67.795618 67.501977 67.207734 66.951457 66.716232 66.480273 66.243898 66.006693 65.769152 65.530831 65.291825 65.052369 64.812139 64.571145 64.329617 64.087436 63.844495 63.600800 63.356352 63.111153 62.865205 62.618528 62.371101 62.122863 61.873792 61.623941 61.373287 61.121789 60.869412 60.616128 60.361898 60.106679 59.850571 59.593713 59.335781 59.076704 58.816811 58.555957 58.293819
74.325826 74.015968 73.707737 73.400970 73.095529 72.791302 72.488185 72.186071 71.884877 71.584535 71.284977 70.986130 70.687937 70.390338 70.093279 69.796675 69.500470 69.204573 68.908874 68.613270 68.317618 68.021771 67.725562 67.428857 67.131515 66.833415 66.534463 66.249035 66.015175 65.780486 65.544965 65.308867 65.072131 64.834586 64.596246 64.357120 64.117217 63.876634 63.635299 63.393138 63.150145 62.906311 62.661617 62.416042 62.169637 61.922464 61.674389 61.425374 61.175379 60.924357 60.672390 60.419733 60.165952 59.910985 59.655251 59.398497 59.140401 58.881653 58.621600 58.360463
74.637336 74.328645 74.021252 73.715013 73.409812 73.105505 72.801982 72.499156 72.196918 71.895168 71.593841 71.292842 70.992077 70.691489 70.390980 70.090478 69.789922 69.489214 69.188301 68.887096 68.585532 68.283526 67.981031 67.677969 67.374271 67.069879 66.764740 66.458789 66.151994 65.844279 65.552396 65.318521 65.083768 64.848145 64.611665 64.374336 64.136156 63.897125 63.657231 63.416462 63.174800 62.932223 62.688700 62.444193 62.198671 61.952501 61.705360 61.457127 61.207731 60.957499 60.706416 60.454046 60.200648 59.946464 59.690806 59.434467 59.176789 58.918071 58.658235 58.397224
74.999777 74.693430 74.388108 74.083665 73.779982 73.476939 73.174432 72.872366 72.570655 72.269205 71.967919 71.666713 71.365517 71.064256 70.762830 70.461211 70.159273 69.856987 69.554274 69.251058 68.947286 68.642891 68.337817 68.032010 67.725406 67.417947 67.109586 66.800258 66.489941 66.178553 65.866079 65.552444 65.237641 64.921596 64.614044 64.377127 64.139258 63.900425 63.660611 63.419813 63.178367 62.935924 62.692441 62.447862 62.202126 61.955599 61.708257 61.459636 61.209695 60.959388 60.707619 60.454659 60.201022 59.945676 59.689947 59.432456 59.174384 58.914542 58.654221 58.392097
75.421407 75.118122 74.815546 74.513611 74.212172 73.911145 73.610417 73.309927 73.009550 72.709237 72.408909 72.108477 71.807869 71.507017 71.205854 70.904312 70.602333 70.299844 69.996788 69.693114 69.388766 69.083658 68.777787 68.471045 68.163436 67.854865 67.545294 67.234699 66.923005 66.610185 66.296177 65.980954 65.664467 65.346675 65.027541 64.707024 64.385073 64.061655 63.736736 63.410270 63.142183 62.898092 62.653284 62.407254 62.159907 61.911551 61.662709 61.412361 61.160798 60.908787 60.654994 60.400706 60.144955 59.888236 59.630297 59.371339 59.110942 58.849852 58.586900 58.323499
75.923041 75.622944 75.323264 75.023920 74.724826 74.425893 74.127046 73.828214 73.529313 73.230275 72.931036 72.631526 72.331709 72.031500 71.730824 71.429657 71.127925 70.825575 70.522558 70.218820 69.914290 69.608969 69.302761 68.995623 68.687523 68.378425 68.068266 67.757011 67.444606 67.131022 66.816211 66.500120 66.182723 65.863979 65.543841 65.222282 64.899263 64.574735 64.248657 63.920984 63.591686 63.260747 62.928107 62.593722 62.257559 61.919563 61.579672 61.284409 61.029917 60.774108 60.516719 60.259330 59.999573 59.740298 59.478499 59.216954 58.953299 58.689025 58.423580 58.156279
76.560803 76.263735 75.966822 75.669961 75.373051 75.076092 74.778935 74.481607 74.183967 73.886028 73.587693 73.288904 72.989660 72.689863 72.389470 72.088480 71.786800 71.484383 71.181200 70.877241 70.572420 70.266705 69.960055 69.652427 69.343785 69.034092 68.723302 68.411389 68.098299 67.784009 67.468472 67.151648 66.833505 66.514008 66.193111 65.870778 65.546971 65.221657 64.894794 64.566339 64.236228 63.904412 63.570852 63.235497 62.898314 62.559257 62.218279 61.875344 61.530424 61.183443 60.834356 60.483115 60.129669 59.773986 59.416025 59.055704 58.692964 58.327745 57.960058 57.607468
77.460750 77.164598 76.868546 76.572493 76.276382 75.980075 75.683599 75.386812 75.089650 74.792097 74.494100 74.195572 73.896468 73.596746 73.296373 72.995319 72.693513 72.390920 72.087498 71.783202 71.478003 71.171859 70.864730 70.556585 70.247386 69.937089 69.625669 69.313092 68.999326 68.684326 68.368056 68.050485 67.731578 67.411272 67.089504 66.766237 66.441437 66.115064 65.787073 65.457437 65.126110 64.793054 64.458231 64.121592 63.783100 63.442712 63.100383 62.756064 62.409713 62.061280 61.710714 61.357969 61.002990 60.645728 60.286129 59.924130 59.559718 59.192803 58.823320 58.451207
80.345985 79.998573 79.649160 79.297747 78.944328 78.588930 78.231560 77.872064 77.510440 77.146696 76.780851 76.412918 76.042919 75.670961 75.297194 74.921497 74.543914 74.164656 73.783884 73.401460 73.017925 72.633133 72.255885 71.942178 71.627913 71.312949 70.997234 70.680674 70.363207 70.044728 69.725186 69.404510 69.082714 68.759660 68.435333 68.109671 67.782622 67.454146 67.124198 66.792695 66.459666 66.124966 65.788563 65.450515 65.110655 64.768947 64.425355 64.079881 63.732439 63.382945 63.031352 62.677639 62.321719 61.963536 61.603071 61.240197 60.874951 60.507172 60.136869 59.763929
82.713354 82.398878 82.083228 81.765839 81.447056 81.126694 80.804702 80.481301 80.156081 79.829526 79.501169 79.171242 78.839680 78.506325 78.171494 77.834730 77.496502 77.156376 76.814607 76.471060 76.125730 75.778708 75.429808 75.079264 74.726804 74.372699 74.016704 73.659006 73.299523 72.938210 72.575304 72.210549 71.844120 71.476116 71.106434 70.735160 70.362384 69.988197 69.612692 69.235963 68.858147 68.479571 68.100451 67.721357 67.343219 66.988829 66.640935 66.293074 65.944709 65.595475 65.245135 64.893500 64.540442 64.185775 63.829420 63.471285 63.111239 62.749190 62.385042 62.018753
80.345963 79.998551 79.649138 79.297725 78.944306 78.588909 78.231539 77.872042 77.510418 77.146675 76.780829 76.412896 76.042897 75.670940 75.297172 74.921476 74.543893 74.164635 73.783863 73.401439 73.017904 72.633113 72.255850 71.942163 71.627890 71.312951 70.997236 70.680679 70.363194 70.044724 69.725178 69.404494 69.082713 68.759650 68.435314 68.109671 67.782620 67.454151 67.124205 66.792681 66.459655 66.124954 65.788564 65.450497 65.110642 64.768937 64.425334 64.079890 63.732423 63.382932 63.031364 62.677628 62.321709 61.963544 61.603045 61.240223 60.874923 60.507178 60.136843 59.763908
77.460744 77.164593 76.868540 76.572487 76.276375 75.980069 75.683593 75.386807 75.089644 74.792091 74.494094 74.195566 73.896462 73.596741 73.296367 72.995313 72.693508 72.390914 72.087491 71.783196 71.477996 71.171853 70.864723 70.556580 70.247380 69.937085 69.625664 69.313087 68.999320 68.684320 68.368050 68.050480 67.731572 67.411267 67.089497 66.766230 66.441428 66.115055 65.787065 65.457429 65.126103 64.793047 64.458225 64.121588 63.783095 63.442705 63.100375 62.756055 62.409707 62.061272 61.710706 61.357963 61.002985 60.645722 60.286122 59.924124 59.559709 59.192796 58.823312 58.451198
76.560796 76.263729 75.966814 75.669954 75.373043 75.076084 74.778927 74.481599 74.183959 73.886021 73.587684 73.288894 72.989651 72.689854 72.389461 72.088470 71.786789 71.484373 71.181190 70.877229 70.572408 70.266693 69.960044 69.652416 69.343774 69.034077 68.723288 68.411370 68.098286 67.783992 67.468455 67.151632 66.833486 66.513988 66.193093 65.870760 65.546953 65.221638 64.894775 64.566320 64.236208 63.904394 63.570833 63.235477 62.898293 62.559237 62.218257 61.875325 61.530403 61.183424 60.834338 60.483094 60.129646 59.773964 59.416005 59.055682 58.692942 58.327724 57.960035 57.607448
75.923027 75.622930 75.323250 75.023905 74.724813 74.425880 74.127032 73.828198 73.529299 73.230260 72.931020 72.631508 72.331691 72.031480 71.730804 71.429638 71.127905 70.825554 70.522539 70.218801 69.914270 69.608945 69.302741 68.995605 68.687507 68.378406 68.068251 67.756994 67.444590 67.131002 66.816186 66.500098 66.182700 65.863961 65.543820 65.222261 64.899242 64.574715 64.248637 63.920965 63.591664 63.260724 62.928088 62.593704 62.257541 61.919543 61.579655 61.284366 61.029882 60.774067 60.516685 60.259290 59.999539 59.740257 59.478463 59.216913 58.953262 58.688980 58.423539 58.156242
75.421390 75.118105 74.815529 74.513593 74.212153 73.911127 73.610399 73.309909 73.009534 72.709223 72.408892 72.108456 71.807846 71.506995 71.205831 70.904291 70.602310 70.299829 69.996773 69.693096 69.388745 69.083638 68.777769 68.471029 68.163417 67.854847 67.545276 67.234683 66.922991 66.610165 66.296158 65.980937 65.664449 65.346654 65.027523 64.706999 64.385054 64.061644 63.736722 63.410259 63.142105 62.898023 62.653213 62.407179 62.159829 61.911480 61.662635 61.412283 61.160726 60.908711 60.654914 60.400631 60.144875 59.888161 59.630217 59.371263 59.110861 58.849774 58.586825 58.323418
74.999758 74.693411 74.388089 74.083644 73.779960 73.476918 73.174410 72.872342 72.570632 72.269184 71.967898 71.666692 71.365495 71.064233 70.762804 70.461184 70.159247 69.856960 69.554248 69.251034 68.947261 68.642865 68.337792 68.031989 67.725383 67.417924 67.109557 66.800227 66.489910 66.178531 65.866057 65.552423 65.237622 64.921569 64.613957 64.377038 64.139168 63.900333 63.660517 63.419726 63.178278 62.935832 62.692347 62.447765 62.202026 61.955505 61.708160 61.459535 61.209599 60.959289 60.707515 60.454560 60.200919 59.945569 59.689844 59.432348 59.174280 58.914433 58.654115 58.391993
74.637315 74.328625 74.021231 73.714991 73.409791 73.105485 72.801962 72.499137 72.196898 71.895148 71.593819 71.292818 70.992056 70.691471 70.390963 70.090465 69.789910 69.489208 69.188293 68.887086 68.585522 68.283522 67.981023 67.677956 67.374258 67.069870 66.764718 66.458770 66.151971 65.844258 65.552309 65.318433 65.083679 64.848055 64.611573 64.374242 64.136060 63.897028 63.657132 63.416360 63.174696 62.932116 62.688590 62.444081 62.198556 61.952392 61.705247 61.457011 61.207612 60.957384 60.706298 60.453924 60.200530 59.946341 59.690679 59.434344 59.176662 58.917946 58.658105 58.397098
74.325804 74.015947 73.707718 73.400950 73.095511 72.791283 72.488167 72.186051 71.884859 71.584517 71.284958 70.986106 70.687910 70.390310 70.093248 69.796646 69.500440 69.204540 68.908848 68.613234 68.317567 68.021707 67.725499 67.428795 67.131462 66.833355 66.534396 66.248976 66.015106 65.780417 65.544895 65.308788 65.072050 64.834503 64.596161 64.357034 64.117129 63.876536 63.635198 63.393036 63.150040 62.906204 62.661507 62.415929 62.169530 61.922354 61.674275 61.425257 61.175258 60.924233 60.672271 60.419610 60.165824 59.910853 59.655124 59.398365 59.140264 58.881519 58.621462 58.360328
74.057250 73.747147 73.438971 73.132549 72.827745 72.524439 72.222517 71.921882 71.622443 71.324129 71.026843 70.730529 70.435074 70.140386 69.846359 69.552862 69.259781 68.966969 68.674281 68.381582 68.088707 67.795518 67.501862 67.207617 66.951455 66.716229 66.480261 66.243885 66.006678 65.769128 65.530806 65.291789 65.052332 64.812100 64.571104 64.329565 64.087382 63.844439 63.600742 63.356290 63.111088 62.865138 62.618449 62.371018 62.122777 61.873702 61.623857 61.373200 61.121697 60.869317 60.616028 60.361794 60.106570 59.850467 59.593605 59.335667 59.076586 58.816696 58.555837 58.293693
73.815295 73.503528 73.193746 72.885747 72.579382 72.274486 71.970951 71.668662 71.367508 71.067426 70.768341 70.470203 70.172955 69.876578 69.581070 69.296281 69.012031 68.726785 68.440508 68.153179 67.879493 67.643468 67.407071 67.170060 66.932423 66.694395 66.455613 66.216463 65.976536 65.736226 65.495106 65.253607 65.011356 64.768463 64.525084 64.280934 64.036071 63.790765 63.544701 63.297890 63.050341 62.802139 62.553314 62.303725 62.053369 61.802247 61.550348 61.297657 61.044164 60.789852 60.534707 60.278697 60.021797 59.763977 59.505448 59.246010 58.985589 58.724133 58.461631 58.198475
73.568681 73.251055 72.935487 72.621837 72.309992 72.020393 71.745382 71.469526 71.192792 70.915153 70.636578 70.357035 70.076500 69.794943 69.512340 69.228666 68.943896 68.658015 68.370995 68.082827 67.822397 67.584184 67.345471 67.106219 66.866570 66.626378 66.385552 66.144290 65.902422 65.659934 65.416964 65.173274 64.929118 64.684246 64.438793 64.192740 63.945890 63.698617 63.450581 63.201772 62.952419 62.702387 62.451587 62.200020 61.947690 61.694789 61.441113 61.186649 60.931397 60.675344 60.418483 60.160807 59.902294 59.642933 59.382701 59.121575 58.859543 58.596675 58.333034 58.068420
