data/CoulombOnly/Outputs_CoulombOnly/release1HS_null_03CoulombOnly_faSavageHutterFoam_pft.asc
xllcenter 1000
yllcenter -5000
nrows 301
ncols 1001
NODATA_value -9999
cellsize 5
[rows 124 to 154 of 301, columns 350 to 419 of 1001]
1.0131e-06 1.01303e-06 1.01259e-06 1.01207e-06 1.01188e-06 1.01145e-06 1.01105e-06 1.01048e-06 1.01033e-06 1.01003e-06 1.00965e-06 1.00976e-06 1.00948e-06 1.00941e-06 1.00949e-06 1.00965e-06 1.00931e-06 1.00909e-06 1.00893e-06 1.00895e-06 1.00856e-06 1.0084e-06 1.00851e-06 1.00866e-06 1.00818e-06 1.00773e-06 1.00809e-06 1.00739e-06 1.00753e-06 1.00751e-06 1.00754e-06 1.00686e-06 1.00683e-06 1.00655e-06 1.00686e-06 1.00661e-06 1.00634e-06 1.0062e-06 1.00602e-06 1.00611e-06 1.00573e-06 1.00578e-06 1.00532e-06 1.00559e-06 1.00527e-06 1.00529e-06 1.00487e-06 1.00481e-06 1.00459e-06 1.00485e-06 1.00438e-06 1.00398e-06 1.00448e-06 1.00412e-06 1.00419e-06 1.0038e-06 1.00398e-06 1.00392e-06 1.00372e-06 1.00358e-06 1.00328e-06 1.00331e-06 1.00323e-06 1.00321e-06 1.00301e-06 1.00315e-06 1.00283e-06 1.00266e-06 1.00254e-06 1.00275e-06
1.00923e-06 1.00942e-06 1.00957e-06 1.00971e-06 1.00955e-06 1.00994e-06 1.01012e-06 1.01043e-06 1.00996e-06 1.00964e-06 1.00959e-06 1.00899e-06 1.00926e-06 1.00924e-06 1.00906e-06 1.00904e-06 1.00862e-06 1.00886e-06 1.00859e-06 1.00819e-06 1.00829e-06 1.00811e-06 1.00819e-06 1.00727e-06 1.00767e-06 1.00737e-06 1.00775e-06 1.00731e-06 1.00703e-06 1.00693e-06 1.0066e-06 1.00689e-06 1.00685e-06 1.00632e-06 1.00615e-06 1.00592e-06 1.00588e-06 1.00622e-06 1.00591e-06 1.00568e-06 1.00526e-06 1.00562e-06 1.00528e-06 1.00495e-06 1.00482e-06 1.0048e-06 1.00484e-06 1.00474e-06 1.00439e-06 1.00436e-06 1.00469e-06 1.00408e-06 1.00407e-06 1.00364e-06 1.00412e-06 1.00357e-06 1.00366e-06 1.00342e-06 1.00359e-06 1.00357e-06 1.00345e-06 1.00304e-06 1.00318e-06 1.00272e-06 1.00277e-06 1.00277e-06 1.00261e-06 1.00235e-06 1.00239e-06 1.00242e-06
1.01036e-06 1.01002e-06 1.00977e-06 1.00952e-06 1.00946e-06 1.00945e-06 1.00917e-06 1.00933e-06 1.00948e-06 1.00921e-06 1.00911e-06 1.00873e-06 1.0086e-06 1.0087e-06 1.0087e-06 1.00843e-06 1.00804e-06 1.00786e-06 1.00792e-06 1.00812e-06 1.00799e-06 1.00755e-06 1.0076e-06 1.00691e-06 1.00745e-06 1.00727e-06 1.00683e-06 1.00664e-06 1.00633e-06 1.00672e-06 1.00662e-06 1.00613e-06 1.00625e-06 1.00555e-06 1.00606e-06 1.00594e-06 1.00524e-06 1.00522e-06 1.0055e-06 1.00524e-06 1.00519e-06 1.00507e-06 1.00478e-06 1.00512e-06 1.00464e-06 1.00444e-06 1.00464e-06 1.00434e-06 1.00423e-06 1.00381e-06 1.00406e-06 1.00388e-06 1.00383e-06 1.0037e-06 1.00355e-06 1.00358e-06 1.00296e-06 1.00321e-06 1.00324e-06 1.00311e-06 1.00295e-06 1.00291e-06 1.0033e-06 1.00288e-06 1.00268e-06 1.0028e-06 1.00244e-06 1.00262e-06 1.00258e-06 9.44421e-07
1.00992e-06 1.00972e-06 1.00956e-06 1.00911e-06 1.00897e-06 1.00931e-06 1.00895e-06 1.00902e-06 1.00906e-06 1.00865e-06 1.0086e-06 1.00847e-06 1.00846e-06 1.00819e-06 1.00819e-06 1.00773e-06 1.00776e-06 1.0082e-06 1.00791e-06 1.00736e-06 1.00703e-06 1.0072e-06 1.00717e-06 1.00726e-06 1.00668e-06 1.00688e-06 1.00639e-06 1.00683e-06 1.00651e-06 1.00611e-06 1.00611e-06 1.00607e-06 1.00592e-06 1.00593e-06 1.00535e-06 1.00548e-06 1.0055e-06 1.00529e-06 1.00519e-06 1.00497e-06 1.00499e-06 1.0048e-06 1.00467e-06 1.00479e-06 1.00444e-06 1.00432e-06 1.00432e-06 1.00419e-06 1.00395e-06 1.00405e-06 1.00368e-06 1.00374e-06 1.00365e-06 1.00349e-06 1.00317e-06 1.00341e-06 1.00329e-06 1.00329e-06 1.00326e-06 9.72206e-07 1.00261e-06 9.63187e-07 9.56081e-07 1.0096e-06 1.00191e-06 9.77088e-07 -1.01067e-06 1.02753e-06 8.99572e-07 -2.19665e-06
1.0092e-06 1.00956e-06 1.00936e-06 1.00902e-06 1.00873e-06 1.00891e-06 1.009e-06 1.00841e-06 1.00853e-06 1.00813e-06 1.00839e-06 1.00828e-06 1.00806e-06 1.00774e-06 1.00765e-06 1.00783e-06 1.00805e-06 1.00716e-06 1.00703e-06 1.00708e-06 1.00736e-06 1.00709e-06 1.00671e-06 1.00649e-06 1.00654e-06 1.00656e-06 1.00623e-06 1.00621e-06 1.00621e-06 1.00584e-06 1.00579e-06 1.00597e-06 1.00525e-06 1.00565e-06 1.00536e-06 1.00544e-06 1.00492e-06 1.00528e-06 1.00499e-06 1.00493e-06 1.00463e-06 1.0045e-06 1.00456e-06 1.00413e-06 1.00404e-06 1.00396e-06 1.00434e-06 1.00388e-06 9.93731e-07 1.00492e-06 1.00358e-06 1.00393e-06 1.00008e-06 1.00336e-06 1.00348e-06 9.69803e-07 -2.29011e-07 9.84509e-07 7.62587e-08 -2.57432e-06 2.02132e-06 1.22215e-06 2.43568e-07 -1.47761e-05 1.81591e-06 6.49543e-07 -1.25935e-05 1.57447e-05 1.74017e-05 1.57311e-05
1.00931e-06 1.00876e-06 1.00847e-06 1.00882e-06 1.00887e-06 1.00843e-06 1.0085e-06 1.00788e-06 1.00838e-06 1.00818e-06 1.00789e-06 1.00776e-06 1.00744e-06 1.0078e-06 1.00781e-06 1.00738e-06 1.00697e-06 1.00707e-06 1.00736e-06 1.00691e-06 1.00664e-06 1.00665e-06 1.00659e-06 1.00676e-06 1.00615e-06 1.00627e-06 1.00617e-06 1.00609e-06 1.00575e-06 1.00559e-06 1.00565e-06 1.00586e-06 1.00527e-06 1.00506e-06 1.00525e-06 1.00517e-06 1.00488e-06 1.00494e-06 1.00447e-06 1.00503e-06 1.00465e-06 1.00467e-06 1.00434e-06 1.00413e-06 1.00454e-06 9.74257e-07 1.00357e-06 9.9627e-07 4.76974e-07 -2.68305e-06 1.12873e-06 9.33172e-07 -2.20032e-06 -9.25579e-06 1.11202e-06 -5.34726e-06 -2.13969e-05 1.47062e-05 1.29002e-05 1.34559e-05 -3.41704e-05 2.08805e-05 1.60928e-05 2.07282e-05 6.58696e-05 0.000135903 0.000107572 0.000156845 0.000160893 0.000215306
1.00852e-06 1.00864e-06 1.0087e-06 1.00831e-06 1.00866e-06 1.00784e-06 1.00795e-06 1.00824e-06 1.00795e-06 1.00776e-06 1.00736e-06 1.00769e-06 1.00771e-06 1.00737e-06 1.00692e-06 1.00696e-06 1.00719e-06 1.00691e-06 1.00679e-06 1.00631e-06 1.00683e-06 1.00647e-06 1.00609e-06 1.00598e-06 1.00628e-06 1.0062e-06 1.00546e-06 1.00561e-06 1.00577e-06 1.0059e-06 1.00577e-06 1.00623e-06 1.00522e-06 1.00526e-06 1.0052e-06 1.00439e-06 1.00462e-06 9.78449e-07 7.29957e-07 1.00643e-06 9.95501e-07 6.62341e-07 -1.15856e-06 1.17037e-06 1.03235e-06 -2.14351e-06 -2.41112e-05 1.19759e-05 1.27764e-05 -1.44358e-05 -3.83129e-05 1.98952e-05 4.83824e-06 -1.42805e-05 5.75319e-05 0.000118112 0.000121478 0.000173155 0.000189456 0.000236541 0.000211356 0.000274427 0.000361603 0.000371594 0.000391281 0.000493376 0.000526967 0.000521061 0.000627951 0.000692179
1.00838e-06 1.00864e-06 1.00876e-06 1.00782e-06 1.00812e-06 1.0082e-06 1.00837e-06 1.00756e-06 1.0075e-06 1.00756e-06 1.00781e-06 1.00728e-06 1.00751e-06 1.00727e-06 1.00726e-06 1.00709e-06 1.00743e-06 1.00674e-06 1.0069e-06 1.00679e-06 1.00725e-06 1.00564e-06 1.0065e-06 1.00441e-06 8.97533e-07 1.00519e-06 9.99681e-07 8.59434e-07 -8.03311e-08 1.0387e-06 9.32911e-07 -6.72056e-07 -5.5822e-06 1.22542e-06 -1.93696e-07 -1.10388e-05 -3.7763e-05 2.70848e-06 -5.05616e-06 -2.44135e-05 1.31818e-05 1.2495e-05 -7.19227e-06 1.25335e-05 4.87686e-05 5.20742e-05 7.82672e-05 0.000174151 0.000234636 0.000251887 0.000258189 0.000319823 0.000355235 0.00036399 0.000405814 0.000537072 0.000583603 0.000568409 0.000698117 0.000780666 0.000831846 0.00080504 0.000997898 0.0010728 0.00107593 0.00128558 0.00141128 0.00149893 0.00146337 0.00174249
1.00889e-06 1.00867e-06 1.00772e-06 1.00792e-06 1.00835e-06 1.00876e-06 1.00663e-06 1.00722e-06 1.00786e-06 9.98545e-07 8.50937e-07 1.00673e-06 9.96498e-07 8.34696e-07 -1.96811e-07 1.02834e-06 9.02641e-07 -3.29866e-07 -7.93188e-06 1.24512e-06 7.93904e-08 -7.7109e-06 -2.99618e-05 2.35415e-06 -3.39172e-06 -2.23768e-05 8.41067e-06 7.98562e-06 -5.99925e-06 -2.92444e-05 2.69882e-05 2.52059e-05 1.67827e-05 6.23626e-05 7.35676e-05 0.000126322 0.000148408 0.000138875 0.000224255 0.000248956 0.0002579 0.000344951 0.000384311 0.000401791 0.000405787 0.000568845 0.000662613 0.000676446 0.000806534 0.000879194 0.000914256 0.000927545 0.00116541 0.00129071 0.00130487 0.00129769 0.00162906 0.00175946 0.00171745 0.00206464 0.00219308 0.00221083 0.00257619 0.00280534 0.00298836 0.00290012 0.00338955 0.00355828 0.00359386 0.00411322
-3.39983e-06 1.1381e-06 8.90506e-07 -2.48175e-06 -1.48346e-05 1.85399e-06 -1.44657e-07 -1.04562e-05 -3.60279e-05 4.54533e-06 -1.53536e-06 -2.14047e-05 1.25641e-05 1.19998e-05 -3.10448e-06 -1.24609e-05 3.22812e-05 2.59663e-05 4.08502e-05 6.52349e-05 6.92437e-05 0.000109898 0.00014411 0.000143727 0.00019482 0.000233553 0.000243977 0.000236794 0.000339826 0.000356746 0.000336382 0.000463545 0.000519452 0.000551255 0.000548774 0.000703594 0.000745901 0.000736349 0.000741214 0.00102131 0.00107822 0.0010523 0.00137312 0.00155793 0.00171035 0.00158199 0.00201741 0.00206587 0.00209063 0.00256883 0.0028136 0.00303764 0.00287036 0.00348449 0.0035456 0.00363558 0.00425183 0.00452945 0.00454203 0.00518275 0.0055761 0.00589597 0.00578198 0.00655813 0.00682872 0.00690419 0.00774825 0.00820923 0.00855255 0.008336
4.36453e-05 6.83763e-05 7.93388e-05 9.07331e-05 0.000127486 0.000146519 0.000134968 0.000194188 0.000221785 0.00022303 0.000274053 0.000309078 0.000320249 0.000309544 0.000406074 0.000432323 0.00043887 0.000415146 0.000567135 0.00059559 0.000594224 0.000725096 0.00077969 0.000810128 0.000797313 0.00100288 0.00107576 0.00111485 0.00100954 0.00141235 0.00157817 0.00158026 0.00186372 0.00199282 0.00206023 0.00193987 0.00257367 0.00282971 0.00284851 0.00327194 0.00350777 0.00387606 0.0037607 0.00451007 0.00474605 0.00471425 0.00552496 0.00594366 0.00644272 0.00614866 0.00714372 0.00748643 0.00750274 0.00857274 0.0091087 0.00963227 0.010265 0.0108467 0.011445 0.0112307 0.0125171 0.0129422 0.0131066 0.0144382 0.0151407 0.015752 0.0156932 0.0174672 0.0180764 0.017758
0.00052868 0.000681506 0.000710571 0.000708185 0.000823527 0.000878408 0.000902967 0.000882336 0.00107237 0.00113878 0.00116352 0.00111125 0.0014042 0.00146135 0.00144466 0.00171124 0.00182728 0.00187928 0.00183342 0.00227275 0.0023959 0.00241391 0.00226164 0.00298302 0.00309951 0.00308792 0.00370454 0.00396537 0.0043424 0.00401843 0.00508625 0.00524748 0.00534613 0.00616813 0.00657244 0.00714825 0.00686217 0.00824583 0.00854807 0.00849648 0.00987748 0.0105818 0.0107116 0.0108041 0.0124296 0.013122 0.0129648 0.0146062 0.0151426 0.0152428 0.0169556 0.0179927 0.0187806 0.0184671 0.0204548 0.0215325 0.0212323 0.0233163 0.0239966 0.0243558 0.0263672 0.0274032 0.028327 0.028178 0.0308599 0.0319711 0.0317935 0.0340702 0.0356874 0.0356011
0.0025489 0.00253083 0.00287832 0.00303975 0.00310134 0.00298839 0.00358131 0.00373142 0.00373696 0.00356152 0.00450012 0.00461995 0.00447631 0.00532651 0.00558221 0.0055751 0.00531173 0.00672761 0.00696214 0.00691273 0.00804214 0.00842404 0.0085688 0.00840896 0.0101409 0.010505 0.010636 0.0120582 0.0128454 0.0128233 0.0143923 0.0153837 0.0157605 0.0157828 0.0181848 0.0193089 0.0194383 0.021098 0.0221293 0.0235681 0.0230607 0.025816 0.0261403 0.0264044 0.0289873 0.0302755 0.0304359 0.0328389 0.0343386 0.0356997 0.0354044 0.0382007 0.0390335 0.0395943 0.0424349 0.0439549 0.0444133 0.0471236 0.0485131 0.0498079 0.0494333 0.0533831 0.055041 0.0549403 0.0581268 0.0599285 0.0608464 0.0636112 0.0652902 0.0662163
0.00931866 0.00973095 0.00984624 0.00938718 0.0111007 0.0114555 0.0112804 0.0127192 0.0133068 0.0135773 0.0133617 0.0154276 0.0160369 0.0156247 0.0177903 0.0186372 0.0189179 0.0187245 0.0215746 0.0221302 0.0222298 0.0247452 0.0258217 0.0259144 0.0282272 0.0296442 0.0301837 0.0302884 0.0340997 0.0353069 0.0351228 0.0385957 0.0403625 0.042544 0.0412844 0.0454098 0.0456899 0.046127 0.0501298 0.0515785 0.0519033 0.0555981 0.0574155 0.0598449 0.0591813 0.063287 0.0651974 0.0650692 0.068962 0.0699902 0.0707981 0.074763 0.0769579 0.0782392 0.0804186 0.0830398 0.084713 0.0844937 0.0898369 0.0920682 0.0924415 0.0966564 0.0988823 0.100477 0.104034 0.105541 0.106519 0.108643 0.111339 0.11244
0.0284103 0.0279173 0.0314732 0.0324569 0.0315879 0.0351364 0.0363283 0.0366695 0.0392671 0.0405639 0.0412903 0.0403858 0.0455512 0.0474061 0.0474205 0.0509975 0.0527221 0.0527959 0.0559681 0.0579895 0.0590376 0.058497 0.0638862 0.065824 0.0655798 0.0706578 0.0730671 0.0761121 0.0784134 0.079742 0.0828941 0.0820077 0.0867625 0.0881124 0.0889204 0.0940266 0.0966056 0.0993432 0.101511 0.1045 0.107185 0.106734 0.111992 0.113228 0.114598 0.119496 0.121321 0.122789 0.12769 0.130271 0.132348 0.132095 0.138757 0.140958 0.139848 0.146418 0.149504 0.150551 0.155386 0.158531 0.160815 0.164809 0.166811 0.167363 0.169684 0.174033 0.175563 0.177264 0.181033 0.182951
0.0800095 0.0806781 0.0790199 0.0866176 0.0891683 0.0890058 0.0940774 0.0964276 0.0961177 0.10068 0.102879 0.106645 0.11024 0.111851 0.113524 0.112366 0.119963 0.122834 0.123422 0.127902 0.130839 0.134268 0.133114 0.139954 0.144645 0.143077 0.149009 0.150406 0.151396 0.157836 0.160695 0.161906 0.16769 0.171716 0.174846 0.174516 0.180666 0.183701 0.183825 0.189983 0.19163 0.193868 0.199559 0.202788 0.204508 0.207476 0.212104 0.214701 0.214378 0.222296 0.225749 0.227224 0.232554 0.236925 0.238849 0.243321 0.246017 0.249119 0.253308 0.254912 0.255089 0.257274 0.262305 0.264047 0.2627 0.270242 0.274223 0.272617 0.28052 0.284721
0.183771 0.186584 0.191011 0.195296 0.197114 0.198878 0.197329 0.206782 0.210371 0.210847 0.216273 0.21901 0.221332 0.226533 0.230561 0.234838 0.233421 0.241601 0.243031 0.242307 0.250786 0.254028 0.25532 0.261829 0.264294 0.266346 0.272541 0.276969 0.279858 0.279856 0.287084 0.290846 0.291239 0.297973 0.298327 0.301335 0.307331 0.310543 0.313699 0.319417 0.321877 0.323624 0.322524 0.33221 0.335586 0.33916 0.344701 0.347218 0.350555 0.355546 0.358559 0.362491 0.366272 0.368451 0.372146 0.37595 0.376643 0.376057 0.375811 0.383601 0.384792 0.383694 0.391503 0.395523 0.393748 0.401548 0.407593 0.412957 0.416693 0.420823
0.357952 0.363437 0.36579 0.369313 0.374104 0.378304 0.38304 0.381253 0.390012 0.391139 0.391536 0.400938 0.402463 0.401247 0.409709 0.412061 0.414677 0.421209 0.42491 0.430259 0.429404 0.435528 0.437719 0.438665 0.444927 0.448443 0.44799 0.45397 0.45399 0.458555 0.463757 0.464094 0.468586 0.473805 0.476825 0.477707 0.477068 0.486409 0.48772 0.488083 0.497261 0.500372 0.505554 0.510078 0.513092 0.518661 0.521932 0.52265 0.52704 0.529962 0.530356 0.527694 0.528373 0.534016 0.532403 0.532811 0.540911 0.541552 0.540839 0.548154 0.552557 0.550836 0.55802 0.564077 0.57115 0.574308 0.5777 0.583791 0.585517 0.587105
0.615598 0.615132 0.623734 0.624564 0.623 0.631247 0.6318 0.635515 0.640815 0.644188 0.648012 0.647011 0.650458 0.655953 0.654739 0.659128 0.660434 0.66033 0.665199 0.662747 0.667631 0.671397 0.669266 0.674165 0.677922 0.67617 0.680965 0.686525 0.691025 0.689304 0.688822 0.69644 0.696229 0.696352 0.703231 0.70583 0.713248 0.714266 0.715457 0.721985 0.723324 0.725155 0.731268 0.732715 0.731581 0.726719 0.72567 0.73139 0.72872 0.728934 0.734191 0.733358 0.733316 0.736919 0.736801 0.737249 0.742938 0.746609 0.746517 0.750972 0.756422 0.765074 0.765959 0.768093 0.774608 0.774801 0.773053 0.767533 0.766056 0.771415
0.946425 0.949653 0.945843 0.948044 0.952141 0.951295 0.95195 0.950588 0.95139 0.953161 0.948129 0.954309 0.953315 0.947632 0.95344 0.95416 0.949276 0.955249 0.957317 0.957819 0.953352 0.950926 0.95836 0.955961 0.956198 0.962314 0.964628 0.967382 0.969847 0.968414 0.976205 0.973205 0.971732 0.980318 0.977968 0.978286 0.985365 0.98332 0.980222 0.985282 0.983935 0.980215 0.972482 0.972597 0.974373 0.971443 0.969693 0.971806 0.969352 0.97016 0.972147 0.974039 0.974715 0.976503 0.977776 0.978779 0.978666 0.982369 0.991192 0.989254 0.989491 0.996465 0.993295 0.989264 0.981771 0.977854 0.981695 0.978052 0.975782 0.976355
1.31611 1.30851 1.31676 1.31093 1.30115 1.30811 1.30361 1.2947 1.30081 1.29866 1.29717 1.28633 1.28075 1.28717 1.28134 1.28282 1.28445 1.27978 1.28088 1.28233 1.27981 1.29031 1.28413 1.2801 1.29053 1.28198 1.27493 1.2833 1.27891 1.27607 1.28312 1.27831 1.27226 1.27854 1.27409 1.26725 1.25678 1.25091 1.25468 1.24774 1.24743 1.24682 1.24141 1.24315 1.2407 1.24026 1.23958 1.23692 1.23532 1.23502 1.23291 1.2342 1.24349 1.23836 1.23689 1.24449 1.23714 1.23382 1.23929 1.23355 1.2269 1.21682 1.21006 1.21267 1.20695 1.20338 1.20294 1.20183 1.19936 1.19858
1.69672 1.69168 1.67831 1.67134 1.67459 1.66302 1.65389 1.65822 1.65067 1.6527 1.64976 1.64211 1.64972 1.64097 1.6348 1.64818 1.6356 1.62808 1.63862 1.62719 1.62242 1.63062 1.62173 1.61279 1.618 1.60996 1.60056 1.58868 1.57817 1.57954 1.57006 1.56205 1.56465 1.55576 1.55504 1.55014 1.54217 1.534 1.53388 1.52697 1.37899 1.52317 1.52008 1.52076 1.51242 1.50932 1.51097 1.50447 1.50187 1.51115 1.50189 1.49611 1.50135 1.49321 1.4868 1.49055 1.48198 1.47306 1.46022 1.45205 1.45238 1.4441 1.43907 1.43606 1.43286 1.42888 1.42573 1.42137 1.4183 1.41371
2.21152 2.04264 2.03112 2.04113 2.02704 2.01426 2.02356 2.00872 1.99851 2.01006 1.99746 1.9906 2.00079 1.98717 1.97598 1.98223 1.97073 1.95807 1.96108 1.94985 1.9386 1.92314 1.91156 1.91045 1.89949 1.89019 1.8911 1.88058 1.87376 1.86696 1.85548 1.84714 1.84266 1.833 1.68402 1.82329 1.81811 1.81489 1.80816 1.80001 1.8018 1.7885 1.7812 1.78061 1.76828 1.76351 1.7706 1.75873 1.75088 1.75397 1.74361 1.73253 1.7192 1.70884 1.70612 1.69559 1.68614 1.68565 1.67631 1.67029 1.66436 1.65943 1.65407 1.64745 1.64051 1.63558 1.62909 1.62297 1.62022 1.61202
2.35684 2.35052 2.34151 2.35363 2.3394 2.3264 2.33866 2.32154 2.30691 2.31049 2.29741 2.28403 2.28633 2.27397 2.26062 2.24388 2.23145 2.22769 2.21387 2.20298 2.1996 2.18647 2.17741 2.16918 2.15788 2.15229 2.14363 2.1359 2.13449 2.12156 2.10961 2.1083 2.09516 2.08311 2.0797 2.0674 2.057 2.0543 2.04157 2.03218 2.03307 2.01622 2.00645 2.00669 1.99261 1.98206 1.98341 1.97054 1.95899 1.94465 1.93272 1.92868 1.91763 1.90817 1.89865 1.88766 1.88 1.87294 1.86555 1.85836 1.85077 1.84289 1.83495 1.82636 1.81873 1.81482 1.80335 1.79508 1.79185 1.78018
2.61096 2.59489 2.57989 2.58467 2.5733 2.55891 2.56086 2.54752 2.53551 2.51705 2.50749 2.50033 2.4859 2.47553 2.47002 2.45624 2.44854 2.43629 2.42172 2.41634 2.40246 2.39267 2.39388 2.37711 2.3646 2.36194 2.34449 2.33307 2.3317 2.31566 2.30326 2.30403 2.28656 2.2731 2.27197 2.25366 2.24176 2.23951 2.22191 2.2096 2.2088 2.18913 2.17825 2.17882 2.16287 2.14945 2.13461 2.12341 2.11652 2.10353 2.09429 2.08327 2.07369 2.06535 2.05433 2.04263 2.03588 2.02508 2.01351 2.00534 1.99474 1.98491 1.97747 1.96687 1.9566 1.95521 1.93778 1.92781 1.92674 1.91001
2.77236 2.75158 2.73826 2.72192 2.7117 2.70126 2.68575 2.67652 2.67163 2.65542 2.6508 2.63675 2.62259 2.61455 2.60336 2.59008 2.58628 2.57228 2.55701 2.55832 2.53838 2.525 2.52684 2.50588 2.49231 2.49162 2.47052 2.45735 2.45793 2.43717 2.42347 2.42409 2.40328 2.3896 2.38992 2.36884 2.35599 2.35678 2.33573 2.32232 2.32318 2.30023 2.28651 2.28166 2.26682 2.2539 2.2404 2.23108 2.21725 2.20544 2.19673 2.18403 2.17258 2.16442 2.15277 2.13999 2.13285 2.11959 2.10802 2.10006 2.08711 2.07505 2.07401 2.05603 2.04364 2.04252 2.02334 2.01224 2.01063 1.99224
2.82551 2.80371 2.79333 2.77558 2.7662 2.74999 2.73505 2.73044 2.71784 2.70242 2.69641 2.68499 2.67019 2.66205 2.64968 2.63246 2.62872 2.61678 2.60349 2.60975 2.58744 2.5715 2.57092 2.54914 2.53518 2.53736 2.51425 2.49903 2.50012 2.47767 2.4636 2.46372 2.44228 2.42841 2.40258 2.40744 2.394 2.36941 2.3742 2.36186 2.33605 2.34051 2.32765 2.31155 2.28457 2.28966 2.27712 2.26587 2.2527 2.23986 2.23088 2.21792 2.20629 2.19697 2.18511 2.1724 2.16442 2.15117 2.13943 2.13058 2.11818 2.10525 2.10373 2.08551 2.07288 2.05061 2.05307 2.04188 2.01846 2.02066
2.77025 2.74978 2.73699 2.72095 2.71027 2.70037 2.6849 2.67568 2.67068 2.65448 2.64774 2.63541 2.62109 2.61401 2.60271 2.58904 2.58719 2.57386 2.55878 2.5609 2.54047 2.52724 2.52905 2.50775 2.49326 2.49323 2.47159 2.45828 2.45894 2.43769 2.42429 2.42518 2.40412 2.3902 2.3911 2.36974 2.35709 2.3578 2.33693 2.32369 2.32434 2.3011 2.28732 2.28237 2.26727 2.25469 2.24088 2.23094 2.21756 2.20578 2.19681 2.18451 2.17298 2.16444 2.1529 2.14003 2.13276 2.11967 2.10821 2.10028 2.08748 2.07527 2.06864 2.0564 2.04386 2.04283 2.0238 2.01274 2.01106 1.99278
2.61015 2.59388 2.57853 2.58384 2.57174 2.55818 2.56041 2.54694 2.53446 2.51678 2.50706 2.49953 2.48481 2.4749 2.47017 2.45665 2.45016 2.43736 2.42372 2.41838 2.40446 2.39463 2.39487 2.37831 2.36573 2.36465 2.34621 2.33487 2.33279 2.31703 2.3049 2.30487 2.28778 2.27444 2.2766 2.25485 2.24286 2.24475 2.22318 2.21084 2.20963 2.19013 2.17933 2.17986 2.16362 2.15033 2.13558 2.12453 2.11726 2.10502 2.09551 2.08476 2.07505 2.06676 2.05572 2.04331 2.03725 2.02557 2.01453 2.00644 1.99572 1.98598 1.97843 1.96753 1.95745 1.95593 1.93865 1.92864 1.92755 1.91069
2.19759 2.34988 2.34035 2.35243 2.33764 2.32481 2.33715 2.32016 2.3058 2.30934 2.29562 2.28317 2.28644 2.27332 2.25915 2.24303 2.23003 2.22688 2.21307 2.20232 2.19976 2.18627 2.17768 2.17012 2.15894 2.15356 2.14531 2.13698 2.13614 2.12288 2.11047 2.10973 2.09697 2.08444 2.08137 2.0688 2.05902 2.05637 2.04323 2.033 2.03486 2.01711 2.00739 2.00766 1.99355 1.98364 1.98438 1.9719 1.95983 1.94587 1.93437 1.93043 1.91875 1.90957 1.89965 1.88874 1.88202 1.87447 1.86664 1.85952 1.85189 1.84363 1.83545 1.82722 1.81985 1.81933 1.80449 1.79629 1.79589 1.78127
2.0506 2.04113 2.02938 2.03839 2.02555 2.01224 2.0221 2.00678 1.99662 2.00802 1.99445 1.98878 1.99874 1.9841 1.9732 1.97967 1.96804 1.95538 1.9585 1.94731 1.93576 1.92128 1.91055 1.90985 1.89794 1.88857 1.88985 1.88012 1.87366 1.8672 1.85575 1.84751 1.84368 1.8335 1.68429 1.82419 1.81863 1.81559 1.8091 1.80077 1.80242 1.78905 1.78245 1.78096 1.76963 1.76487 1.77183 1.75994 1.75198 1.75452 1.74417 1.73334 1.72004 1.70991 1.70745 1.69651 1.68745 1.68624 1.67696 1.67064 1.66504 1.66004 1.65481 1.64858 1.64204 1.63727 1.63019 1.62381 1.62103 1.61251
