data/CoulombOnly/Outputs_CoulombOnly/release1HS_03CoulombOnly_null_RAMMSUSER_pfv.asc
ncols        998
nrows        298
xllcorner    1007.500000004988
yllcorner    -4992.499999998512
cellsize     5.000000000000
[rows 132 to 153 of 298, columns 588 to 636 of 998]
16.23075103759765625 16.074411392211914062 15.907321929931640625 15.7305908203125 15.540820121765136719 15.343105316162109375 15.132948875427246094 14.910307884216308594 14.67522430419921875 14.427691459655761719 14.167600631713867188 13.8953857421875 13.610617637634277344 13.312669754028320312 12.977983474731445312 12.65358734130859375 12.281658172607421875 11.930304527282714844 11.523470878601074219 11.095691680908203125 10.647800445556640625 10.180301666259765625 9.6933145523071289062 9.1097517013549804688 8.4931268692016601562 7.8464956283569335938 7.1717200279235839844 6.3533582687377929688 5.4937448501586914062 4.4579486846923828125 3.0648622512817382812 1.0633143186569213867 nan nan nan nan nan nan nan nan nan nan nan nan nan nan nan nan nan
19.367570877075195312 19.170658111572265625 18.962038040161132812 18.747791290283203125 18.52249908447265625 18.285991668701171875 18.039583206176757812 17.78514862060546875 17.519422531127929688 17.242418289184570312 16.953958511352539062 16.653778076171875 16.341375350952148438 16.016704559326171875 15.678743362426757812 15.326154708862304688 14.959382057189941406 14.579409599304199219 14.183889389038085938 13.7696533203125 13.3393096923828125 12.888310432434082031 12.418232917785644531 11.923302650451660156 11.383451461791992188 10.835711479187011719 10.224233627319335938 9.5732431411743164062 8.8859071731567382812 8.0847110748291015625 7.3209218978881835938 6.3248515129089355469 5.2554497718811035156 3.8523910045623779297 1.8604536056518554688 nan nan nan nan nan nan nan nan nan nan nan nan nan nan
22.177295684814453125 21.943056106567382812 21.702976226806640625 21.453050613403320312 21.1935577392578125 20.926586151123046875 20.65209197998046875 20.367889404296875 20.073991775512695312 19.77034759521484375 19.456684112548828125 19.13274383544921875 18.798030853271484375 18.451669692993164062 18.09278106689453125 17.72247314453125 17.341442108154296875 16.94522857666015625 16.530958175659179688 16.107446670532226562 15.662775039672851562 15.203372955322265625 14.720952033996582031 14.223629951477050781 13.702312469482421875 13.156550407409667969 12.585564613342285156 11.987689971923828125 11.358663558959960938 10.686842918395996094 9.9705448150634765625 9.168048858642578125 8.2990970611572265625 7.3691501617431640625 6.2894959449768066406 5.0177240371704101562 3.2398383617401123047 0.23965546488761901855 nan nan nan nan nan nan nan nan nan nan nan
24.702066421508789062 24.437597274780273438 24.164606094360351562 23.883213043212890625 23.595338821411132812 23.301244735717773438 22.99872589111328125 22.687833786010742188 22.368558883666992188 22.040699005126953125 21.704004287719726562 21.358356475830078125 21.003244400024414062 20.63785552978515625 20.26116180419921875 19.872041702270507812 19.474981307983398438 19.065174102783203125 18.638647079467773438 18.203420639038085938 17.749532699584960938 17.282680511474609375 16.7937164306640625 16.292581558227539062 15.768796920776367188 15.222195625305175781 14.652559280395507812 14.058190345764160156 13.437114715576171875 12.785978317260742188 12.099282264709472656 11.374154090881347656 10.605252265930175781 9.7799959182739257812 8.876476287841796875 7.8990082740783691406 6.7149629592895507812 5.3928785324096679688 3.5826325416564941406 0.54890882968902587891 nan nan nan nan nan nan nan nan nan
26.985370635986328125 26.689661026000976562 26.386415481567382812 26.075811386108398438 25.761987686157226562 25.440876007080078125 25.112440109252929688 24.776678085327148438 24.433553695678710938 24.082965850830078125 23.7247467041015625 23.359029769897460938 22.98516845703125 22.602384567260742188 22.210203170776367188 21.807176589965820312 21.391698837280273438 20.967132568359375 20.531862258911132812 20.079336166381835938 19.619785308837890625 19.139673233032226562 18.651426315307617188 18.142374038696289062 17.613977432250976562 17.070587158203125 16.504047393798828125 15.913321495056152344 15.296533584594726562 14.651219367980957031 13.975912094116210938 13.268741607666015625 12.519803047180175781 11.732219696044921875 10.892704010009765625 9.9950113296508789062 9.0234622955322265625 7.9343929290771484375 6.6678266525268554688 5.1606998443603515625 3.0958728790283203125 nan nan nan nan nan nan nan nan
29.042446136474609375 28.716566085815429688 28.388704299926757812 28.054281234741210938 27.71341705322265625 27.366186141967773438 27.015666961669921875 26.658580780029296875 26.29485321044921875 25.92449951171875 25.547002792358398438 25.161989212036132812 24.769403457641601562 24.368734359741210938 23.958642959594726562 23.5384521484375 23.112119674682617188 22.675296783447265625 22.225055694580078125 21.765096664428710938 21.2933502197265625 20.806850433349609375 20.307798385620117188 19.794513702392578125 19.262159347534179688 18.713891983032226562 18.148431777954101562 17.560205459594726562 16.947628021240234375 16.30831146240234375 15.640094757080078125 14.945176124572753906 14.211497306823730469 13.4416656494140625 12.625569343566894531 11.763502120971679688 10.842251777648925781 9.8562231063842773438 8.7822895050048828125 7.5848474502563476562 6.1422257423400878906 4.3860392570495605469 1.5211063623428344727 nan nan nan nan nan nan
30.88040924072265625 30.531179428100585938 30.179613113403320312 29.822340011596679688 29.459444046020507812 29.091566085815429688 28.7204437255859375 28.343408584594726562 27.960580825805664062 27.571620941162109375 27.176164627075195312 26.773967742919921875 26.365083694458007812 25.948534011840820312 25.523607254028320312 25.089723587036132812 24.649188995361328125 24.200439453125 23.739255905151367188 23.267297744750976562 22.787143707275390625 22.289613723754882812 21.785556793212890625 21.263141632080078125 20.725496292114257812 20.175333023071289062 19.60588836669921875 19.0162811279296875 18.405019760131835938 17.770208358764648438 17.109033584594726562 16.417226791381835938 15.695906639099121094 14.939505577087402344 14.143891334533691406 13.302486419677734375 12.413115501403808594 11.467520713806152344 10.454926490783691406 9.3558645248413085938 8.1574792861938476562 6.7376408576965332031 5.0020112991333007812 2.4779443740844726562 nan nan nan nan nan
32.512393951416015625 32.142925262451171875 31.76847076416015625 31.391597747802734375 31.011266708374023438 30.625829696655273438 30.235143661499023438 29.839328765869140625 29.438543319702148438 29.032976150512695312 28.621931076049804688 28.204559326171875 27.78104400634765625 27.351634979248046875 26.915300369262695312 26.470947265625 26.01753997802734375 25.553564071655273438 25.083787918090820312 24.603483200073242188 24.108480453491210938 23.608608245849609375 23.089475631713867188 22.564352035522460938 22.02071380615234375 21.459171295166015625 20.887096405029296875 20.295625686645507812 19.683666229248046875 19.049337387084960938 18.390142440795898438 17.70273590087890625 16.989484786987304688 16.243879318237304688 15.460485458374023438 14.637295722961425781 13.771990776062011719 12.854203224182128906 11.878055572509765625 10.832857131958007812 9.7036256790161132812 8.4734973907470703125 7.0555462837219238281 5.3170952796936035156 2.9260332584381103516 nan nan nan nan
33.94824981689453125 33.5600433349609375 33.1674041748046875 32.773281097412109375 32.375701904296875 31.973726272583007812 31.567319869995117188 31.156427383422851562 30.74124908447265625 30.322322845458984375 29.898008346557617188 29.467578887939453125 29.030918121337890625 28.589351654052734375 28.141202926635742188 27.68593597412109375 27.221624374389648438 26.747495651245117188 26.267000198364257812 25.777492523193359375 25.272928237915039062 24.764377593994140625 24.23752593994140625 23.7045745849609375 23.1529083251953125 22.587766647338867188 22.009532928466796875 21.412700653076171875 20.797231674194335938 20.16165924072265625 19.5037384033203125 18.820812225341796875 18.109104156494140625 17.368795394897460938 16.597387313842773438 15.787344932556152344 14.934807777404785156 14.040201187133789062 13.091726303100585938 12.082652091979980469 11.0036468505859375 9.8347368240356445312 8.5593328475952148438 7.114013671875 5.3441944122314453125 2.6735630035400390625 nan nan nan
35.193721771240234375 34.78830718994140625 34.3818511962890625 33.971485137939453125 33.558116912841796875 33.14363861083984375 32.725078582763671875 32.3022308349609375 31.87520599365234375 31.443897247314453125 31.007846832275390625 30.566741943359375 30.120363235473632812 29.667657852172851562 29.208330154418945312 28.74100494384765625 28.265794754028320312 27.786275863647460938 27.296243667602539062 26.793224334716796875 26.287282943725585938 25.765506744384765625 25.235654830932617188 24.689769744873046875 24.136165618896484375 23.564464569091796875 22.976253509521484375 22.376901626586914062 21.758584976196289062 21.12093353271484375 20.46202850341796875 19.779214859008789062 19.069162368774414062 18.335430145263671875 17.569631576538085938 16.767858505249023438 15.929497718811035156 15.05025482177734375 14.122326850891113281 13.139458656311035156 12.09146881103515625 10.971171379089355469 9.7554883956909179688 8.4267625808715820312 6.8873314857482910156 4.9381451606750488281 1.9267481565475463867 nan nan
36.2505645751953125 35.8320465087890625 35.411952972412109375 34.988735198974609375 34.565814971923828125 34.13942718505859375 33.709568023681640625 33.27605438232421875 32.8385772705078125 32.397266387939453125 31.951740264892578125 31.501384735107421875 31.0462493896484375 30.585338592529296875 30.117967605590820312 29.643297195434570312 29.159788131713867188 28.669561386108398438 28.173307418823242188 27.665006637573242188 27.148250579833984375 26.622102737426757812 26.082744598388671875 25.53424072265625 24.972097396850585938 24.392595291137695312 23.8055267333984375 23.200366973876953125 22.57732391357421875 21.936222076416015625 21.275981903076171875 20.594251632690429688 19.888093948364257812 19.153839111328125 18.39083099365234375 17.598711013793945312 16.767978668212890625 15.89788055419921875 14.986025810241699219 14.022336006164550781 13.000104904174804688 11.9126129150390625 10.739043235778808594 9.46891021728515625 8.0726032257080078125 6.3970026969909667969 4.2091565132141113281 0.024161901324987411499 nan
37.1226806640625 36.69183349609375 36.26276397705078125 35.83068084716796875 35.397602081298828125 34.9630889892578125 34.52519989013671875 34.083744049072265625 33.638729095458984375 33.189952850341796875 32.736888885498046875 32.279338836669921875 31.816843032836914062 31.348421096801757812 30.873844146728515625 30.39154052734375 29.900621414184570312 29.406698226928710938 28.9030609130859375 28.386816024780273438 27.867097854614257812 27.333414077758789062 26.790903091430664062 26.23485565185546875 25.669954299926757812 25.087495803833007812 24.49371337890625 23.88610076904296875 23.260709762573242188 22.61737823486328125 21.955646514892578125 21.273572921752929688 20.56838226318359375 19.836719512939453125 19.07550048828125 18.289661407470703125 17.463254928588867188 16.606311798095703125 15.704756736755371094 14.755830764770507812 13.753498077392578125 12.687819480895996094 11.548612594604492188 10.317286491394042969 8.9774427413940429688 7.488269805908203125 5.6207799911499023438 2.9987394809722900391 nan
37.81673431396484375 37.3790283203125 36.940319061279296875 36.503200531005859375 36.063480377197265625 35.620800018310546875 35.177898406982421875 34.731761932373046875 34.281829833984375 33.82785797119140625 33.3697052001953125 32.9066314697265625 32.438159942626953125 31.963695526123046875 31.481901168823242188 30.99755096435546875 30.50518798828125 30.003843307495117188 29.492542266845703125 28.977884292602539062 28.449550628662109375 27.913702011108398438 27.366222381591796875 26.8085174560546875 26.235593795776367188 25.655309677124023438 25.057628631591796875 24.443304061889648438 23.816677093505859375 23.173297882080078125 22.510894775390625 21.828205108642578125 21.122442245483398438 20.391971588134765625 19.6387786865234375 18.853271484375 18.034772872924804688 17.18119049072265625 16.289579391479492188 15.351948738098144531 14.363672256469726562 13.316990852355957031 12.199805259704589844 11.001056671142578125 9.7017955780029296875 8.2790164947509765625 6.6106500625610351562 4.4315867424011230469 0.077817209064960479736
38.34234619140625 37.900272369384765625 37.458873748779296875 37.01663970947265625 36.573215484619140625 36.129150390625 35.682048797607421875 35.23184967041015625 34.778106689453125 34.320556640625 33.859195709228515625 33.393192291259765625 32.9219970703125 32.4452056884765625 31.961416244506835938 31.470119476318359375 30.97473907470703125 30.47219085693359375 29.958667755126953125 29.438180923461914062 28.9098663330078125 28.367464065551757812 27.8209228515625 27.257373809814453125 26.686817169189453125 26.101663589477539062 25.4997100830078125 24.888502120971679688 24.260953903198242188 23.615686416625976562 22.952487945556640625 22.27010345458984375 21.565980911254882812 20.837366104125976562 20.080718994140625 19.300533294677734375 18.486528396606445312 17.6389617919921875 16.750164031982421875 15.821976661682128906 14.845371246337890625 13.810871124267578125 12.715102195739746094 11.536196708679199219 10.267182350158691406 8.8826007843017578125 7.3063321113586425781 5.3996763229370117188 2.4336457252502441406
38.71192169189453125 38.26747894287109375 37.825611114501953125 37.38144683837890625 36.937984466552734375 36.492214202880859375 36.043613433837890625 35.591892242431640625 35.13668060302734375 34.677898406982421875 34.21515655517578125 33.747707366943359375 33.275295257568359375 32.7969970703125 32.311786651611328125 31.818838119506835938 31.321973800659179688 30.8178863525390625 30.302721023559570312 29.781070709228515625 29.251155853271484375 28.707677841186523438 28.159557342529296875 27.595239639282226562 27.023031234741210938 26.437236785888671875 25.834661483764648438 25.222494125366210938 24.59471893310546875 23.949382781982421875 23.286394119262695312 22.604345321655273438 21.901010513305664062 21.173877716064453125 20.419706344604492188 19.63994598388671875 18.830789566040039062 17.985578536987304688 17.10448455810546875 16.183225631713867188 15.214513778686523438 14.191789627075195312 13.104775428771972656 11.946851730346679688 10.697475433349609375 9.3394498825073242188 7.838558197021484375 6.0341596603393554688 3.4801046848297119141
38.943302154541015625 38.500354766845703125 38.0596771240234375 37.61653900146484375 37.173503875732421875 36.7286834716796875 36.280826568603515625 35.829578399658203125 35.374973297119140625 34.916534423828125 34.45359039306640625 33.98603057861328125 33.5129241943359375 33.0334014892578125 32.5467681884765625 32.056793212890625 31.559869766235351562 31.0529022216796875 30.537843704223632812 30.017740249633789062 29.483858108520507812 28.944967269897460938 28.391712188720703125 27.83148193359375 27.253498077392578125 26.670785903930664062 26.070980072021484375 25.4546356201171875 24.826097488403320312 24.182455062866210938 23.520666122436523438 22.839221954345703125 22.13610076904296875 21.40897369384765625 20.65667724609375 19.881267547607421875 19.072019577026367188 18.23217010498046875 17.352390289306640625 16.436861038208007812 15.474720001220703125 14.459275245666503906 13.382195472717285156 12.235748291015625 11.001229286193847656 9.6621389389038085938 8.1964893341064453125 6.4614410400390625 4.1098589897155761719
39.062255859375 38.622325897216796875 38.1819305419921875 37.741855621337890625 37.29921722412109375 36.85388946533203125 36.407073974609375 35.957401275634765625 35.503650665283203125 35.0457763671875 34.5830230712890625 34.114582061767578125 33.643398284912109375 33.166385650634765625 32.6826171875 32.191070556640625 31.690093994140625 31.187658309936523438 30.674314498901367188 30.149194717407226562 29.621404647827148438 29.077783584594726562 28.529390335083007812 27.963628768920898438 27.393587112426757812 26.805944442749023438 26.205514907836914062 25.594396591186523438 24.966043472290039062 24.3208465576171875 23.658342361450195312 22.977029800415039062 22.275213241577148438 21.550874710083007812 20.801153182983398438 20.022052764892578125 19.217061996459960938 18.377630233764648438 17.504398345947265625 16.5890960693359375 15.628976821899414062 14.619581222534179688 13.550593376159667969 12.407500267028808594 11.184461593627929688 9.8579664230346679688 8.4076013565063476562 6.7057061195373535156 4.4933156967163085938
39.104022979736328125 38.66446685791015625 38.226741790771484375 37.78659820556640625 37.345172882080078125 36.902675628662109375 36.457042694091796875 36.008007049560546875 35.55512237548828125 35.0979766845703125 34.6363525390625 34.1693115234375 33.696269989013671875 33.21807098388671875 32.735797882080078125 32.246257781982421875 31.747488021850585938 31.24098968505859375 30.7301483154296875 30.207094192504882812 29.6765594482421875 29.136592864990234375 28.584857940673828125 28.023412704467773438 27.450624465942382812 26.861013412475585938 26.26554107666015625 25.65271759033203125 25.023172378540039062 24.37732696533203125 23.714992523193359375 23.034698486328125 22.332166671752929688 21.609174728393554688 20.861669540405273438 20.085714340209960938 19.277217864990234375 18.44252777099609375 17.568078994750976562 16.654050827026367188 15.698175430297851562 14.689469337463378906 13.62293243408203125 12.486205101013183594 11.265595436096191406 9.9436893463134765625 8.4996652603149414062 6.8362054824829101562 4.667285919189453125
39.1058502197265625 38.666385650634765625 38.22867584228515625 37.788555145263671875 37.34725189208984375 36.904788970947265625 36.459186553955078125 36.010189056396484375 35.557342529296875 35.1002349853515625 34.638660430908203125 34.1716766357421875 33.698688507080078125 33.220378875732421875 32.73816680908203125 32.248699188232421875 31.750019073486328125 31.243396759033203125 30.7326507568359375 30.209705352783203125 29.679052352905273438 29.139219284057617188 28.587377548217773438 28.026094436645507812 27.453214645385742188 26.863798141479492188 26.26825714111328125 25.655376434326171875 25.02579498291015625 24.3799285888671875 23.717889785766601562 23.037599563598632812 22.3350982666015625 21.61183929443359375 20.864421844482421875 20.088596343994140625 19.279954910278320312 18.4454803466796875 17.570981979370117188 16.6572113037109375 15.701391220092773438 14.692812919616699219 13.626192092895507812 12.489734649658203125 11.269230842590332031 9.9475221633911132812 8.5037689208984375 6.8402009010314941406 4.6711025238037109375
39.06893157958984375 38.629032135009765625 38.188915252685546875 37.74889373779296875 37.306316375732421875 36.861053466796875 36.414684295654296875 35.96512603759765625 35.511505126953125 35.0537567138671875 34.591159820556640625 34.122894287109375 33.651332855224609375 33.17450714111328125 32.6909332275390625 32.19963836669921875 31.698894500732421875 31.196094512939453125 30.683061599731445312 30.15756988525390625 29.630138397216796875 29.086977005004882812 28.53821563720703125 27.973001480102539062 27.402650833129882812 26.814748764038085938 26.2150115966796875 25.603702545166015625 24.975214004516601562 24.329959869384765625 23.667409896850585938 22.986120223999023438 22.284387588500976562 21.56023406982421875 20.810810089111328125 20.032152175903320312 19.226655960083007812 18.38787078857421875 17.51445770263671875 16.599178314208984375 15.639288902282714844 14.630216598510742188 13.561898231506347656 12.419713973999023438 11.196953773498535156 9.8710832595825195312 8.4216909408569335938 6.7189736366271972656 4.5062451362609863281
38.95674896240234375 38.5141754150390625 38.07353973388671875 37.630462646484375 37.18801116943359375 36.743305206298828125 36.29558563232421875 35.844486236572265625 35.390041351318359375 34.93180084228515625 34.469097137451171875 34.0017852783203125 33.52899169921875 33.0497894287109375 32.56357574462890625 32.072872161865234375 31.576381683349609375 31.069950103759765625 30.554151535034179688 30.034633636474609375 29.501493453979492188 28.961904525756835938 28.409543991088867188 27.848682403564453125 27.271434783935546875 26.688550949096679688 26.088321685791015625 25.471647262573242188 24.844594955444335938 24.200834274291992188 23.539033889770507812 22.8576202392578125 22.154682159423828125 21.427890777587890625 20.674228668212890625 19.899534225463867188 19.091352462768554688 18.2508697509765625 17.37261199951171875 16.457118988037109375 15.495177268981933594 14.480556488037109375 13.40305328369140625 12.258375167846679688 11.024668693542480469 9.6869688034057617188 8.2231931686401367188 6.4867882728576660156 4.1343708038330078125
38.734111785888671875 38.289936065673828125 37.84815216064453125 37.403987884521484375 36.961238861083984375 36.515567779541015625 36.0670623779296875 35.61548614501953125 35.160465240478515625 34.70186614990234375 34.239376068115234375 33.772258758544921875 33.30016326904296875 32.822307586669921875 32.337554931640625 31.845228195190429688 31.347230911254882812 30.84384918212890625 30.329477310180664062 29.80678558349609375 29.277805328369140625 28.733369827270507812 28.186388015747070312 27.621160507202148438 27.050445556640625 26.463909149169921875 25.861112594604492188 25.250497817993164062 24.622335433959960938 23.976795196533203125 23.31378936767578125 22.6318206787109375 21.92877960205078125 21.202173233032226562 20.448833465576171875 19.667356491088867188 18.859743118286132812 18.013666152954101562 17.134845733642578125 16.213710784912109375 15.245381355285644531 14.223958969116210938 13.137544631958007812 11.981230735778808594 10.733218193054199219 9.377338409423828125 7.8777608871459960938 6.0720715522766113281 3.5169627666473388672
