data/RealTopo/Outputs_RealTopo/realWog_02RealTopo_null_INRAEaval_pft.asc
ncols        490
nrows        555
xllcenter    167455.
yllcenter    361955.
cellsize     5.
nodata_value  -9999
[rows 435 to 463 of 555, columns 335 to 401 of 490]
2.44083 2.51239 2.35726 2.25351 2.34677 2.21264 2.34659 2.88689 3.36682 3.99346 4.74991 5.90578 6.67055 6.68118 6.49338 5.67603 4.46521 4.13379 4.67483 4.47581 4.04082 3.26839 2.59004 2.45375 2.46938 2.53361 2.60916 2.67344 2.69831 2.70589 2.72360 2.69435 2.60968 2.47431 2.35568 2.12682 1.91141 1.67937 1.50464 1.50000 1.50000 1.49972 0.80228 0.54650 0.37409 0.22391 0.11578 0.05897 0.02762 0.00773 0.00137 0.00100 0.00100 0.00100 0.00100 0.00100 0.00100 0.00100 0.00100 0.00100 0.00100 0.00100 0.00100 0.00100 0.00100 0.00100 0.00100
2.18764 2.39396 2.37054 2.27299 2.31068 2.38289 2.34855 2.54930 3.09544 3.65114 4.24733 5.27166 5.76571 6.69211 6.49867 5.53239 5.38999 5.10004 4.99988 4.86322 4.37310 3.60915 2.81839 2.48689 2.44530 2.51361 2.56130 2.64955 2.73269 2.75379 2.80388 2.79231 2.72840 2.57292 2.42187 2.26805 2.01207 1.80139 1.60152 1.50000 1.50000 1.50377 1.49943 0.68172 0.45692 0.28266 0.14901 0.07235 0.03650 0.01225 0.00215 0.00100 0.00100 0.00100 0.00100 0.00100 0.00100 0.00100 0.00100 0.00100 0.00100 0.00100 0.00100 0.00100 0.00100 0.00100 0.00100
1.91893 2.13396 2.32335 2.29393 2.28216 2.41531 2.38255 2.35556 2.73091 3.33345 3.90624 4.81565 5.59615 6.05877 6.45509 5.69901 5.25973 5.10073 5.26908 5.18116 4.68651 3.91783 3.07383 2.50359 2.42281 2.46256 2.53671 2.62530 2.72703 2.80662 2.86202 2.84712 2.81326 2.71072 2.55439 2.35182 2.15882 1.91215 1.69787 1.55284 1.50000 1.50000 1.49972 0.81464 0.56645 0.35143 0.19275 0.08968 0.04761 0.01833 0.00364 0.00101 0.00100 0.00100 0.00100 0.00100 0.00100 0.00100 0.00100 0.00100 0.00100 0.00100 0.00100 0.00100 0.00100 0.00100 0.00100
1.74564 1.90467 2.17607 2.23789 2.22679 2.27899 2.32073 2.27570 2.56997 3.00223 3.56974 4.41032 5.19639 5.77043 6.15553 5.82512 5.26022 5.02032 5.19439 5.27002 4.96005 4.29170 3.35313 2.67290 2.42421 2.41783 2.52147 2.62599 2.74109 2.83069 2.87251 2.89332 2.88484 2.79392 2.66333 2.49112 2.26006 2.02487 1.80085 1.66309 1.50409 1.50000 1.50000 1.49943 0.71200 0.45485 0.25051 0.11427 0.06053 0.02542 0.00589 0.00103 0.00100 0.00100 0.00100 0.00100 0.00100 0.00100 0.00100 0.00100 0.00100 0.00100 0.00100 0.00100 0.00100 0.00100 0.00100
1.64927 1.72753 1.96533 2.10625 2.13323 2.12043 2.14559 2.16078 2.33806 2.76729 3.23847 4.02040 4.79322 5.30791 5.71389 5.70752 5.13409 4.99864 5.30036 5.39896 5.30447 4.56788 3.67704 2.89826 2.40520 2.39625 2.47801 2.59756 2.73236 2.82468 2.89468 2.93606 2.90175 2.87292 2.76932 2.61023 2.38651 2.15496 1.91607 1.71185 1.58430 1.50000 1.50000 1.49971 0.85136 0.58290 0.33360 0.15202 0.07484 0.03414 0.00866 0.00136 0.00100 0.00100 0.00100 0.00100 0.00100 0.00100 0.00100 0.00100 0.00100 0.00100 0.00100 0.00100 0.00100 0.00100 0.00100
1.55793 1.57815 1.70071 1.85157 1.89971 1.84528 1.88733 1.96972 2.11301 2.49759 3.01790 3.67751 4.32666 4.94612 5.39956 5.45737 5.04976 4.79805 5.31851 5.58169 5.26222 4.92819 4.02229 3.16159 2.55533 2.32273 2.41300 2.56205 2.70454 2.81215 2.89528 2.94651 2.96884 2.92334 2.88317 2.72707 2.50989 2.25765 2.03474 1.80685 1.59762 1.50000 1.50000 1.50000 1.49942 0.75680 0.45078 0.20694 0.09406 0.04507 0.01258 0.00221 0.00100 0.00100 0.00100 0.00100 0.00100 0.00100 0.00100 0.00100 0.00100 0.00100 0.00100 0.00100 0.00100 0.00100 0.00100
1.51090 1.50352 1.50744 1.56649 1.65160 1.66280 1.74446 1.90855 1.98980 2.39769 2.80453 3.37793 3.96405 4.50135 4.97842 5.12901 4.84854 4.61054 5.10738 5.40837 5.33962 5.15722 4.37075 3.45944 2.76559 2.27762 2.33852 2.49592 2.66315 2.81166 2.90454 2.96237 3.01428 2.98759 2.94727 2.82449 2.62607 2.36619 2.13389 1.93035 1.71735 1.55258 1.50000 1.50000 1.49970 0.88274 0.62946 0.28587 0.11805 0.05879 0.01751 0.00365 0.00101 0.00100 0.00100 0.00100 0.00100 0.00100 0.00100 0.00100 0.00100 0.00100 0.00100 0.00100 0.00100 0.00100 0.00100
1.50000 1.50000 1.50000 1.50896 1.56192 1.60479 1.69635 1.84723 1.95881 2.27066 2.63610 3.12535 3.68386 4.16273 4.59953 4.75960 4.54624 4.30537 4.81535 5.13506 5.31225 5.27546 4.68150 3.83017 3.03241 2.43261 2.26221 2.40804 2.60800 2.78011 2.91072 2.98387 3.02938 3.04506 3.02911 2.92330 2.73448 2.47707 2.23263 2.03485 1.85206 1.66590 1.53727 1.50000 1.50000 1.49942 0.79634 0.43037 0.15552 0.07713 0.02361 0.00532 0.00101 0.00100 0.00100 0.00100 0.00100 0.00100 0.00100 0.00100 0.00100 0.00100 0.00100 0.00100 0.00100 0.00100 0.00100
1.50000 1.50000 1.50000 1.50000 1.52032 1.58020 1.62676 1.72915 1.87420 2.16221 2.50812 2.92400 3.41073 3.85505 4.23951 4.37633 4.26778 3.85592 4.36187 4.96999 5.38408 5.47740 4.94769 4.15161 3.34795 2.64511 2.22870 2.32028 2.53070 2.71728 2.87833 2.99045 3.04627 3.09951 3.07916 3.02854 2.86223 2.59405 2.35219 2.12107 1.93680 1.79013 1.60396 1.51406 1.50000 1.50000 1.49941 0.60873 0.23178 0.10584 0.03170 0.00723 0.00102 0.00100 0.00100 0.00100 0.00100 0.00100 0.00100 0.00100 0.00100 0.00100 0.00100 0.00100 0.00100 0.00100 0.00100
1.50000 1.50000 1.50000 1.53340 1.53800 1.55249 1.56761 1.64218 1.78930 2.07153 2.36977 2.73125 3.19611 3.62733 3.99293 4.07174 3.89735 3.42885 3.95478 4.67304 5.16471 5.50577 5.16350 4.40038 3.67513 2.95569 2.39557 2.22142 2.40520 2.63122 2.82842 2.96570 3.07227 3.12802 3.11474 3.06760 2.99663 2.77108 2.47807 2.22311 2.01922 1.88359 1.74921 1.56775 1.50000 1.50000 1.49969 0.76589 0.33704 0.15248 0.04369 0.01014 0.00136 0.00100 0.00100 0.00100 0.00100 0.00100 0.00100 0.00100 0.00100 0.00100 0.00100 0.00100 0.00100 0.00100 0.00100
1.50000 1.50000 1.50768 1.56363 1.53450 1.51065 1.52055 1.58805 1.73144 2.00530 2.24290 2.53991 3.01537 3.47711 3.81735 3.83988 3.56129 2.97875 3.47967 4.28713 4.94135 5.42766 5.29156 4.63911 3.97088 3.29683 2.56290 2.26539 2.27359 2.51043 2.75862 2.93024 3.09179 3.12935 3.15204 3.17910 3.09012 2.86100 2.53812 2.35399 2.16293 1.96667 1.83964 1.69774 1.59886 1.50000 1.50000 1.49943 0.46728 0.21200 0.06535 0.01424 0.00274 0.00101 0.00100 0.00100 0.00100 0.00100 0.00100 0.00100 0.00100 0.00100 0.00100 0.00100 0.00100 0.00100 0.00100
1.54499 1.50000 1.50000 1.50313 1.50260 1.50000 1.50000 1.52389 1.71753 1.96916 2.13827 2.36405 2.83940 3.31892 3.68361 3.64369 3.26052 2.64189 3.08134 3.89035 4.61601 5.11894 5.22868 4.79703 4.18934 3.59791 2.77642 2.38631 2.23836 2.39636 2.65411 2.87172 3.05745 3.16681 3.20672 3.21542 3.16097 2.99968 2.67215 2.40098 2.25053 2.10436 1.97047 1.84034 1.62745 1.55271 1.50000 1.49969 0.62514 0.25456 0.09773 0.02093 0.00503 0.00118 0.00101 0.00100 0.00100 0.00100 0.00100 0.00100 0.00100 0.00100 0.00100 0.00100 0.00100 0.00100 0.00100
1.61710 1.50000 1.50000 1.50000 1.50000 1.50000 1.50000 1.51741 1.72044 1.96040 2.07667 2.21372 2.65810 3.17171 3.56709 3.50157 3.06882 2.38998 2.75125 3.46322 4.18724 4.80247 5.04321 4.85249 4.37641 3.91876 3.07272 2.53681 2.37764 2.28480 2.51034 2.76657 2.98327 3.18474 3.26066 3.22652 3.23036 3.09579 2.80023 2.47643 2.29277 2.18244 2.10494 1.95403 1.78185 1.55053 1.50481 1.50000 1.49948 0.31430 0.12758 0.03215 0.00787 0.00174 0.00102 0.00100 0.00100 0.00100 0.00100 0.00100 0.00100 0.00100 0.00100 0.00100 0.00100 0.00100 0.00100
1.67891 1.52711 1.53117 1.51542 1.50000 1.50000 1.50000 1.54656 1.74876 1.96209 2.03958 2.11073 2.46693 2.99235 3.45398 3.41680 2.90483 2.17985 2.48255 3.09983 3.70358 4.38337 4.84472 4.87236 4.50671 4.21143 3.34672 2.76018 2.56067 2.37783 2.34095 2.63001 2.88387 3.09609 3.23408 3.34368 3.31976 3.21943 2.91238 2.54836 2.34443 2.21512 2.14227 2.06672 1.94940 1.77565 1.50762 1.50000 1.49973 0.47135 0.18139 0.04997 0.01369 0.00356 0.00145 0.00100 0.00100 0.00100 0.00100 0.00100 0.00100 0.00100 0.00100 0.00100 0.00100 0.00100 0.00100
1.74325 1.58866 1.57655 1.58172 1.50710 1.50000 1.50605 1.59003 1.78642 1.97252 2.01879 2.03504 2.28702 2.78860 3.27762 3.29567 2.81393 2.01542 2.36098 2.76837 3.23128 3.91263 4.45098 4.75159 4.47960 4.36296 3.71190 2.98939 2.73894 2.49660 2.40500 2.45586 2.75816 2.97141 3.23379 3.35642 3.41118 3.31276 2.99597 2.67079 2.38159 2.23848 2.15601 2.09073 2.05732 1.93564 1.69511 1.50000 1.50000 1.49941 0.27752 0.06643 0.02351 0.00737 0.00274 0.00104 0.00100 0.00100 0.00100 0.00100 0.00100 0.00100 0.00100 0.00100 0.00100 0.00100 0.00100
1.79017 1.61150 1.59239 1.60869 1.56033 1.50000 1.53409 1.63350 1.82110 1.99283 2.01206 1.97636 2.11869 2.54255 3.05540 3.16489 2.73735 1.96060 2.29899 2.61154 2.87983 3.46779 4.04156 4.33273 4.21731 4.47407 3.83207 3.09635 2.91393 2.66916 2.51997 2.40397 2.61089 2.85504 3.12064 3.29793 3.41209 3.52328 3.13682 2.75344 2.43276 2.28940 2.16063 2.10681 2.08596 2.03715 1.88463 1.61666 1.50000 1.49972 0.43152 0.11858 0.03926 0.01253 0.00542 0.00256 0.00100 0.00100 0.00100 0.00100 0.00100 0.00100 0.00100 0.00100 0.00100 0.00100 0.00100
1.83988 1.65935 1.62115 1.58545 1.56358 1.52495 1.55405 1.65738 1.87204 2.01646 1.99568 1.92462 1.97289 2.27703 2.79759 3.04428 2.74211 1.97354 2.29256 2.60364 2.61756 3.04994 3.57766 3.87571 3.92630 4.27725 3.80480 3.15749 3.10385 2.88339 2.63220 2.51940 2.43061 2.68764 3.02545 3.21528 3.54395 3.52310 3.24683 2.84248 2.50931 2.28582 2.16231 2.10393 2.07796 2.08921 2.02340 1.78792 1.60557 1.50000 1.49945 0.24108 0.06687 0.01997 0.00704 0.00511 0.00100 0.00100 0.00100 0.00100 0.00100 0.00100 0.00100 0.00100 0.00100 0.00100 0.00100
1.86812 1.71547 1.60604 1.54964 1.53618 1.53738 1.55034 1.70729 1.91100 2.02768 1.96665 1.87430 1.88220 2.02885 2.46112 2.75130 2.62327 2.04583 2.28480 2.61008 2.52019 2.70498 3.15765 3.42284 3.49021 3.75342 3.81816 3.07252 3.18905 3.00424 2.75116 2.63968 2.46350 2.43481 2.80793 3.17683 3.39494 3.66255 3.44598 2.94502 2.60306 2.34233 2.21468 2.07307 2.01157 2.07901 2.04741 1.88770 1.79474 1.55727 1.49974 0.41866 0.11640 0.03110 0.00965 0.00744 0.00101 0.00100 0.00100 0.00100 0.00100 0.00100 0.00100 0.00100 0.00100 0.00100 0.00100
1.66231 1.56989 1.55188 1.54410 1.52480 1.50749 1.55036 1.73971 1.95090 2.02559 1.94174 1.84724 1.82627 1.84833 2.15805 2.42186 2.40836 2.02336 2.25387 2.58919 2.50975 2.41257 2.82158 3.01764 2.96929 3.23979 3.47860 2.81993 3.12329 3.08085 2.84851 2.73255 2.55499 2.45876 2.51797 2.97979 3.30443 3.66195 3.56905 3.02319 2.70444 2.43693 2.25802 2.10510 1.96130 1.97057 2.00928 1.90930 1.92162 1.70770 1.50190 1.49948 0.22018 0.05202 0.01487 0.00977 0.00107 0.00100 0.00100 0.00100 0.00100 0.00100 0.00100 0.00100 0.00100 0.00100 0.00100
1.55200 1.51393 1.55293 1.54926 1.51169 1.50000 1.57584 1.76833 1.99755 2.00934 1.92020 1.85811 1.78162 1.77658 1.91541 2.08196 2.06850 1.85067 2.18376 2.55126 2.52121 2.17937 2.55325 2.71852 2.58638 2.72185 2.93313 2.48966 2.78985 2.91420 2.87239 2.78637 2.61113 2.51710 2.40098 2.59774 3.10459 3.75809 3.68705 3.13177 2.72508 2.54194 2.34031 2.19339 1.99338 1.84244 1.85044 1.80729 1.87727 1.73942 1.50001 1.49975 0.40029 0.08594 0.02396 0.01223 0.00173 0.00100 0.00100 0.00100 0.00100 0.00100 0.00100 0.00100 0.00100 0.00100 0.00100
1.51238 1.50000 1.50732 1.51233 1.50666 1.50672 1.57161 1.80215 2.04405 2.00089 1.94696 1.87992 1.82579 1.73400 1.82570 1.84962 1.74509 1.63391 2.11240 2.57359 2.49766 2.04355 2.28951 2.47364 2.29635 2.30893 2.37108 1.99003 2.23156 2.51585 2.60204 2.65616 2.55927 2.29072 2.24678 2.32135 2.69077 3.66649 3.74998 3.30128 2.79758 2.54342 2.40843 2.33100 2.04374 1.88274 1.76780 1.67228 1.79468 1.78683 1.62886 1.50000 1.49950 0.15732 0.04206 0.01501 0.00267 0.00100 0.00100 0.00100 0.00100 0.00100 0.00100 0.00100 0.00100 0.00100 0.00100
1.50000 1.50000 1.50000 1.52627 1.51382 1.50309 1.57214 1.83632 2.08666 1.96131 1.98699 1.89280 1.89997 1.73823 1.77276 1.79735 1.59512 1.53303 2.22070 2.71956 2.57481 1.98529 1.88120 2.02757 2.01233 1.99884 2.03058 1.73837 1.93196 2.14012 2.14112 2.23516 2.23149 2.04997 1.98223 2.12624 2.36796 3.22398 3.77925 3.38169 2.84182 2.54924 2.47876 2.40237 2.20270 1.92990 1.70005 1.66428 1.83779 1.80008 1.82422 1.62754 1.49977 0.33273 0.06907 0.01680 0.00361 0.00101 0.00100 0.00100 0.00100 0.00100 0.00100 0.00100 0.00100 0.00100 0.00100
1.56060 1.50000 1.50000 1.50414 1.50283 1.50000 1.57767 1.87277 2.13871 1.91225 1.98042 1.93178 1.99010 1.74575 1.70391 1.70305 1.65634 1.68440 2.22821 2.74059 2.59766 1.97379 1.87650 1.58693 1.63491 1.77060 1.76932 1.68850 1.77881 1.88714 1.66798 1.62767 1.69764 1.76471 1.69068 1.81649 2.00265 2.88014 3.66041 3.41122 2.94389 2.54636 2.44776 2.47833 2.29359 1.99207 1.74373 1.69388 1.79450 1.78706 1.89509 1.78979 1.51431 1.49954 0.11975 0.02251 0.00472 0.00101 0.00100 0.00100 0.00100 0.00100 0.00100 0.00100 0.00100 0.00100 0.00100
1.97222 1.50000 1.50000 1.50000 1.50003 1.50000 1.58995 1.91149 2.16849 1.85276 1.77134 1.86698 2.03713 1.80773 1.67472 1.75578 1.73193 1.74224 2.18215 2.70157 2.56410 2.00051 1.95893 1.65489 1.57715 1.78907 1.68588 1.53315 1.61216 1.57924 1.50000 1.50000 1.50611 1.50510 1.50000 1.50713 1.63307 2.56363 3.35995 3.44078 2.97648 2.59100 2.41852 2.55977 2.38922 2.02968 1.74827 1.66956 1.65531 1.67417 1.67092 1.63399 1.50988 1.49978 0.20947 0.03551 0.00590 0.00102 0.00100 0.00100 0.00100 0.00100 0.00100 0.00100 0.00100 0.00100 0.00100
2.33175 1.50005 1.50000 1.50000 1.52469 1.50386 1.61348 1.96595 2.21280 1.84993 1.80524 1.91130 2.07575 1.83711 1.65767 1.77533 1.76655 1.78661 2.08588 2.62815 2.49576 2.01674 2.03525 1.61308 1.59275 1.83245 1.66848 1.74606 1.57976 1.50000 1.50000 1.50000 1.50000 1.50000 1.50000 1.53794 1.54819 2.45829 3.23909 3.28401 2.97244 2.59632 2.44245 2.55921 2.47545 2.08388 1.80189 1.64226 1.52209 1.50089 1.50000 1.50003 1.50001 1.49974 0.30754 0.04370 0.00709 0.00107 0.00100 0.00100 0.00100 0.00100 0.00100 0.00100 0.00100 0.00100 0.00100
2.56894 1.55350 1.50000 1.50000 1.51018 1.50652 1.64085 2.01260 2.24736 1.89305 1.87896 2.02229 2.21175 1.88027 1.62020 1.70891 1.76647 1.80318 2.00070 2.51478 2.34560 1.92166 2.01418 1.80833 1.62442 1.56829 1.55305 1.90752 1.50000 1.50000 1.53385 1.50867 1.57928 1.55840 1.54652 1.59487 1.56433 2.10165 2.88674 3.05965 2.91269 2.56606 2.31493 2.58372 2.62138 2.09174 1.86633 1.77417 1.50044 1.50000 1.53070 1.55494 1.50000 1.49974 0.45563 0.05542 0.01057 0.00123 0.00100 0.00100 0.00100 0.00100 0.00100 0.00100 0.00100 0.00100 0.00100
2.75609 1.94995 1.50000 1.50000 1.50000 1.50000 1.63551 1.99848 2.21633 1.85461 2.01089 2.16859 2.29442 1.92930 1.64016 1.74784 1.81191 1.81581 1.88346 2.38702 2.17304 1.70538 2.18702 2.01936 1.62323 1.50000 1.72632 1.70951 1.50000 1.50000 1.85203 1.64596 1.69546 1.63193 1.59216 1.59408 1.54873 1.84721 2.53971 2.82429 2.68628 2.44626 2.14658 2.55098 2.72005 2.15311 1.75849 1.65911 1.58096 1.69839 1.96598 2.06110 1.53701 1.50000 1.49955 0.09412 0.01920 0.00181 0.00100 0.00100 0.00100 0.00100 0.00100 0.00100 0.00100 0.00100 0.00100
2.83411 2.17459 1.50000 1.50000 1.50000 1.51821 1.63055 1.92886 2.10659 1.83953 2.11504 2.31961 2.42841 2.05025 1.61391 1.71914 1.79616 1.72410 1.73087 2.29889 2.05872 1.74680 2.09875 2.05765 1.60150 1.50000 1.55314 1.50005 1.50013 1.50000 1.90388 1.71521 1.77120 1.69320 1.53409 1.50000 1.50000 1.72839 2.34967 2.58778 2.51083 2.32420 1.84877 2.38970 2.85448 2.36772 1.54887 1.50007 1.53083 1.52104 1.50660 1.72430 1.57387 1.50000 1.49974 0.09097 0.01577 0.00165 0.00100 0.00100 0.00100 0.00100 0.00100 0.00100 0.00100 0.00100 0.00100
2.67118 2.35658 1.60331 1.50000 1.50000 1.50029 1.56604 1.80292 1.94040 1.81425 2.28827 2.44170 2.46466 2.11880 1.60727 1.71634 1.75656 1.67710 1.65993 2.22007 1.98707 1.61396 2.03544 1.94624 2.01310 1.56113 1.50000 1.50000 1.50598 1.56765 1.88294 1.76930 1.84919 1.77023 1.63695 1.66906 1.58145 1.71631 2.25359 2.48899 2.42508 2.21353 1.62019 2.04798 2.86489 2.65434 1.67066 1.50011 1.50032 1.50000 1.50000 1.62167 1.52451 1.50000 1.49973 0.10385 0.01272 0.00141 0.00100 0.00100 0.00100 0.00100 0.00100 0.00100 0.00100 0.00100 0.00100
