data/RealTopo/Outputs_RealTopo/realWog_02RealTopo_null_INRAEaval_pft.asc
ncols        490
nrows        555
xllcenter    167455.
yllcenter    361955.
cellsize     5.
nodata_value  -9999
[rows 406 to 434 of 555, columns 268 to 334 of 490]
0.75707 0.78842 0.79999 0.83507 0.88748 0.93424 0.95396 1.13868 1.44654 1.75261 1.78868 1.86271 1.70672 1.74547 1.64234 1.71278 1.75297 1.64947 1.53731 1.50000 1.50000 1.50000 1.50133 1.53139 1.54137 1.59175 1.53130 1.50458 1.59878 1.78240 2.08467 2.44647 2.59968 2.40421 2.59606 2.68616 2.48177 2.12210 1.88604 1.50000 1.50000 1.50000 1.52407 1.50000 1.50000 1.50000 1.49944 0.53305 1.04940 1.81204 2.92603 3.52936 2.63991 1.23772 1.69442 1.71864 1.52865 1.86287 2.50025 2.88665 2.49634 2.61025 2.51737 3.29116 3.96684 4.13405 4.21628
0.72313 0.75820 0.79572 0.80202 0.84704 0.87948 0.93276 1.49940 1.49972 1.61890 1.73471 1.83325 1.85845 1.77836 1.58299 1.62403 1.61131 1.51937 1.50063 1.50000 1.50000 1.50000 1.50000 1.50002 1.50000 1.50462 1.50000 1.50000 1.54293 1.72431 1.92610 2.23573 2.45622 2.52179 2.56050 2.51905 2.59899 2.27889 2.00888 1.54283 1.50000 1.50000 1.58511 1.51515 1.50000 1.50000 1.49969 0.68965 1.16028 1.26111 2.63426 2.96645 2.36958 1.03053 1.69535 1.83385 1.67120 1.28142 1.96462 2.64893 2.81726 2.79622 2.87619 3.29967 3.80442 3.95817 4.21651
0.67296 0.70706 0.76380 0.80162 0.83608 0.85503 0.87040 1.49943 1.50000 1.50067 1.69238 1.78148 1.79555 1.62389 1.50000 1.51744 1.51078 1.50000 1.50000 1.50000 1.50000 1.50000 1.50000 1.50000 1.51255 1.50000 1.50000 1.50000 1.52296 1.65345 1.87300 2.05963 2.31300 2.41912 2.69665 2.68076 2.44082 2.59739 2.16404 1.68536 1.50000 1.50000 1.52433 1.50264 1.50000 1.50000 1.50000 1.49940 1.40060 1.64852 1.50875 2.47286 2.06598 1.25392 1.26356 1.93126 1.97223 1.70003 1.90896 2.06090 2.47118 2.75592 3.18235 3.32714 3.53639 3.76151 4.13634
0.65308 0.67530 0.73084 0.76254 0.80323 0.83490 0.86351 0.90834 1.49942 1.50000 1.58770 1.64591 1.61426 1.59412 1.53692 1.52974 1.50000 1.50000 1.50000 1.50000 1.50492 1.50001 1.50000 1.50000 1.53663 1.54224 1.53828 1.53419 1.53390 1.61604 1.80934 1.95522 2.13456 2.29449 2.57853 2.86499 2.56621 2.46708 2.46683 1.88351 1.50000 1.50000 1.50000 1.50000 1.50000 1.50000 1.50000 1.50000 1.49948 2.01477 1.77265 2.20373 1.65773 1.43989 1.25118 1.21036 1.98571 2.11011 2.10182 2.09538 2.39343 2.55815 3.00667 3.30468 3.35961 3.70063 4.04091
0.62291 0.64948 0.67742 0.72861 0.77776 0.79713 0.85058 0.88879 0.92571 1.49970 1.50000 1.51632 1.53837 1.54811 1.52561 1.51996 1.56201 1.54929 1.53733 1.51187 1.50046 1.50000 1.50000 1.50000 1.54518 1.58206 1.56376 1.55119 1.59092 1.63731 1.74407 1.88565 2.07764 2.19706 2.50631 2.73459 2.80839 2.58361 2.62498 2.05250 1.54104 1.50000 1.60938 1.59061 1.50000 1.50000 1.50000 1.50000 1.49976 1.87157 2.18485 1.94660 1.30014 1.42409 1.36902 1.36694 1.26816 2.08121 2.34079 2.37415 2.27415 2.57222 2.71018 3.28542 3.56737 3.63452 3.82850
0.62855 0.64956 0.65398 0.70304 0.74091 0.77655 0.81448 0.84391 0.89137 1.49942 1.50000 1.50000 1.50000 1.50000 1.50000 1.58163 1.64953 1.67831 1.65146 1.60927 1.53472 1.51102 1.52638 1.54356 1.57538 1.61941 1.62794 1.58175 1.59347 1.63742 1.71250 1.82234 1.99025 2.13351 2.35138 2.69281 2.94317 2.84688 2.66311 2.28252 1.62995 1.53813 1.62820 1.75891 1.61594 1.50000 1.50000 1.50000 1.50000 1.58772 2.21494 1.76785 1.21174 1.41424 1.57732 1.52960 1.38845 1.55408 2.23035 2.47160 2.17861 2.48708 2.86189 3.31490 3.45649 3.60147 3.87089
0.58243 0.62594 0.66780 0.67800 0.71565 0.75449 0.76995 0.81403 0.85977 0.88505 1.49970 1.50000 1.50000 1.50000 1.51126 1.64221 1.67781 1.68238 1.69023 1.64724 1.68311 1.58041 1.58029 1.60801 1.61423 1.65577 1.68251 1.61737 1.63077 1.63152 1.67584 1.75655 1.87207 2.05892 2.40747 2.77452 2.79986 2.94196 2.93519 2.46910 1.73430 1.60018 1.54053 1.61781 1.68224 1.66866 1.50012 1.50000 1.50000 1.64347 2.02840 1.45918 1.17173 1.42240 1.48817 1.50327 1.46344 1.54327 1.99091 2.55261 2.55196 2.35893 2.87632 3.27000 3.42637 3.51905 3.88159
0.57438 0.60314 0.63235 0.67761 0.70605 0.73127 0.75646 0.79159 0.82766 0.85359 1.49943 1.50000 1.50000 1.55577 1.60065 1.64276 1.67572 1.65708 1.66640 1.66831 1.76403 1.73207 1.63339 1.66028 1.65852 1.69831 1.77141 1.67057 1.66472 1.67037 1.68872 1.69383 1.80907 1.97248 2.31468 2.81617 2.78773 2.84747 3.11779 2.69040 1.85115 1.66071 1.61819 1.52875 1.57276 1.62563 1.53378 1.50000 1.68528 1.60248 1.76628 1.19624 1.19484 1.44478 1.28214 1.40715 1.58641 1.71998 1.95311 2.46734 2.70889 2.54904 2.90422 3.20631 3.34796 3.42025 3.75824
0.53577 0.58682 0.61543 0.64162 0.68658 0.72606 0.75046 0.78117 0.80586 0.83801 0.85644 1.49942 1.50000 1.57816 1.64686 1.65198 1.67867 1.68275 1.66925 1.60419 1.68107 1.68504 1.63093 1.69192 1.69200 1.71452 1.70602 1.63624 1.63732 1.70838 1.71250 1.69724 1.76387 1.92937 2.18605 2.74719 2.83376 2.76676 3.09360 3.00167 2.09937 1.69296 1.65376 1.57032 1.50011 1.52349 1.62342 1.54826 1.80760 1.72737 1.87150 1.49952 1.36156 1.45111 1.51669 1.49976 1.56374 1.69603 1.92787 2.46736 2.76018 2.83768 3.00861 3.15654 3.22429 3.28454 3.57391
0.49975 0.54437 0.59249 0.62749 0.65078 0.69102 0.73712 0.75609 0.78685 0.83961 0.86950 0.90181 1.49971 1.50000 1.61876 1.67812 1.68590 1.71476 1.71599 1.60229 1.59368 1.59616 1.61976 1.72373 1.78717 1.76419 1.71740 1.69159 1.68320 1.70656 1.73062 1.72047 1.78698 1.93688 2.13105 2.61769 2.70335 2.71041 3.15200 3.16227 2.25851 1.70303 1.69770 1.63066 1.52782 1.50000 1.54574 1.61492 1.85782 1.86226 1.72003 1.51333 1.49972 1.49974 1.70842 1.50000 1.52642 1.71126 1.99808 2.36272 2.70980 2.86891 2.94513 3.10882 3.19230 3.13015 3.40840
0.46972 0.50855 0.57064 0.60718 0.62542 0.66183 0.70935 0.75497 0.78387 0.81322 0.87028 0.90197 1.49944 1.50000 1.62060 1.69185 1.67144 1.70699 1.70317 1.57248 1.50967 1.60141 1.68415 1.76802 1.83228 1.84403 1.79039 1.73767 1.72423 1.73442 1.72770 1.73725 1.78575 1.96601 2.11621 2.52288 2.63158 2.70434 3.14351 3.20583 2.38744 1.76611 1.76081 1.66216 1.58712 1.51756 1.55703 1.69015 1.87816 1.86616 1.61633 1.50007 1.50000 1.50000 1.51750 1.50534 1.60314 1.74608 1.90124 2.27839 2.59287 2.81137 3.00497 3.05704 3.16188 3.02172 3.21023
0.45779 0.49582 0.53506 0.57577 0.61437 0.63692 0.67862 0.73655 0.77926 0.80252 0.84709 0.88637 0.92470 1.49943 1.50000 1.56017 1.59571 1.63527 1.61806 1.52928 1.50000 1.60510 1.73194 1.82032 1.89731 1.93440 1.90356 1.82507 1.77390 1.78928 1.73986 1.71976 1.80152 1.98622 2.08917 2.49668 2.69028 2.72427 3.04787 3.21218 2.64955 1.89014 1.77451 1.70526 1.60644 1.54247 1.55521 1.66369 1.88378 1.87599 1.69876 1.58892 1.50000 1.50000 1.50000 1.50000 1.68658 1.78237 1.79561 2.20592 2.50832 2.75229 3.07327 3.07241 3.10573 2.91493 3.01188
0.43349 0.47359 0.52175 0.54389 0.57506 0.62823 0.66317 0.69719 0.75093 0.78672 0.82770 0.87289 0.92026 0.95758 1.49973 1.50000 1.50031 1.50789 1.52340 1.50397 1.50372 1.63341 1.76178 1.85033 1.94100 2.02318 2.02574 1.93197 1.86673 1.81998 1.77648 1.74078 1.74574 1.95238 2.06057 2.49750 2.71548 2.76424 3.04370 3.28701 2.84388 1.97296 1.78954 1.75937 1.64109 1.54552 1.55513 1.63415 1.87909 1.90880 1.69997 1.60842 1.55935 1.51843 1.55407 1.54597 1.67365 1.75202 1.70419 2.14615 2.49796 2.69496 3.11002 3.10704 3.04652 2.73932 2.80332
0.40819 0.44839 0.48845 0.54360 0.56140 0.60386 0.65316 0.68320 0.71238 0.76444 0.80512 0.88111 0.90361 0.90245 1.49948 1.50000 1.50000 1.50000 1.50013 1.50000 1.52464 1.64517 1.79582 1.93912 2.00993 2.08690 2.14544 2.09773 1.94699 1.90429 1.83713 1.77050 1.73943 1.92105 2.00482 2.45489 2.73209 2.81028 3.03412 3.29996 2.94552 2.08059 1.83877 1.80844 1.68175 1.59151 1.57210 1.62160 1.84313 1.92320 1.73486 1.65846 1.65954 1.60803 1.61996 1.58737 1.52937 1.61692 1.64916 2.10208 2.43628 2.64936 3.06110 3.07175 3.08636 2.72855 2.62641
0.38642 0.41959 0.45969 0.50271 0.55569 0.59806 0.61082 0.64081 0.67810 0.73976 0.78057 0.85490 0.88475 0.93766 0.97202 1.49972 1.50000 1.50000 1.50000 1.50000 1.58447 1.71532 1.83196 1.96347 2.10283 2.19876 2.22567 2.23466 2.09139 2.01327 1.92139 1.83950 1.73310 1.90620 1.94306 2.38830 2.71137 2.83787 3.04146 3.27489 3.02387 2.25538 1.91875 1.85267 1.75018 1.69498 1.60770 1.59164 1.77193 1.87461 1.75353 1.70738 1.71998 1.67973 1.67800 1.64377 1.57213 1.51209 1.60633 2.05609 2.39897 2.58271 3.01536 3.02993 3.17609 2.79680 2.44706
0.35795 0.38858 0.42357 0.46338 0.50726 0.54863 0.59750 0.59540 0.65131 0.74608 0.79155 0.79335 0.88913 1.01848 1.06540 1.49944 1.50000 1.50000 1.50000 1.54751 1.64006 1.74546 1.87166 1.99466 2.17618 2.29371 2.39675 2.39790 2.25682 2.17462 2.01935 1.91445 1.73843 1.91355 1.91037 2.32240 2.65407 2.84538 3.04919 3.23268 3.06143 2.46575 2.09584 1.90867 1.81289 1.74980 1.69784 1.61614 1.68685 1.74446 1.61203 1.64013 1.74460 1.70716 1.73946 1.68464 1.58669 1.50501 1.74463 2.19572 2.45058 2.56548 2.94624 2.96806 3.16768 2.89645 2.54112
0.31789 0.34872 0.39329 0.44632 0.48163 0.49871 0.54697 0.59288 0.67154 0.72442 0.76697 0.79387 0.90899 1.02460 1.10676 1.18917 1.49940 1.50000 1.50677 1.58726 1.68903 1.76675 1.89509 2.04360 2.24102 2.40355 2.54521 2.62094 2.45704 2.34256 2.16976 2.03295 1.76334 1.92569 1.87101 2.27176 2.64204 2.82717 3.00448 3.09805 2.97776 2.55716 2.09170 1.89169 1.87570 1.80583 1.74988 1.68199 1.63560 1.67795 1.58765 1.64192 1.77370 1.78054 1.74962 1.67766 1.64964 1.50000 2.01974 2.77504 3.02389 3.02553 3.14705 3.10558 3.31376 3.01826 2.57230
0.26081 0.32372 0.37141 0.41172 0.45360 0.50279 0.52568 0.57272 0.65276 0.70141 0.75376 0.80170 0.90067 1.00737 1.09819 1.17690 1.27725 1.49970 1.50000 1.63860 1.72835 1.82671 1.97312 2.10368 2.27599 2.48330 2.67713 2.84662 2.65598 2.55906 2.32555 2.18939 1.82796 1.92490 1.85780 2.24064 2.59402 2.71233 2.85349 2.79351 2.71608 2.42185 1.94250 1.90726 1.86563 1.85146 1.76314 1.75442 1.66521 1.70914 1.59558 1.70442 1.84495 1.88322 1.81875 1.72877 1.91727 2.08861 2.58800 3.19407 3.11969 2.59585 2.77319 2.95474 3.24023 2.98380 2.59035
0.24515 0.28634 0.33936 0.38587 0.42185 0.48013 0.52592 0.56845 0.62920 0.66841 0.74187 0.82668 0.90755 0.98880 1.06715 1.13086 1.22910 1.49942 1.50764 1.64472 1.74436 1.89314 2.01366 2.18554 2.38943 2.59952 2.80206 3.04897 2.89111 2.79319 2.55462 2.35638 1.90598 1.99159 1.90384 2.19529 2.48589 2.59277 2.61944 2.36029 2.24224 2.10342 1.88696 1.92709 1.93675 1.87454 1.80608 1.78269 1.71583 1.72766 1.71403 1.75951 2.09906 2.23923 2.11373 1.80786 1.58992 1.52525 1.56118 1.89564 1.95558 1.96026 2.54704 2.73962 3.16937 2.98305 2.70436
0.21887 0.25111 0.29568 0.33829 0.38148 0.42465 0.49328 0.55732 0.60547 0.68585 0.74749 0.80543 0.88945 0.97422 1.02533 1.13443 1.23085 1.34018 1.50510 1.66762 1.76953 1.96460 2.10427 2.29775 2.53181 2.76425 2.96789 3.24011 3.12184 3.08798 2.77788 2.62102 2.08604 2.10962 2.02818 2.16991 2.34584 2.28853 2.22638 1.95722 1.87085 1.88236 1.83340 1.90435 1.99495 1.92697 1.87242 1.84807 1.81795 2.04278 2.09463 2.02304 1.83873 1.67862 1.56168 1.53254 1.50000 1.50000 1.50000 1.50217 1.52621 1.77427 2.38549 2.70072 3.12618 3.09414 2.79742
0.17815 0.21462 0.25462 0.29669 0.34677 0.40551 0.45114 0.50973 0.58261 0.65646 0.72600 0.79324 0.88552 0.94906 1.02062 1.14910 1.22570 1.33569 1.49945 1.67655 1.85547 2.07584 2.26440 2.47034 2.78037 2.97268 3.09628 3.48472 3.41771 3.37905 3.05151 2.87382 2.26374 2.23413 2.15668 2.17673 2.19965 1.97892 1.90586 1.76132 1.75040 1.83140 1.77653 1.80923 1.92311 2.08835 2.06311 1.98636 1.85315 1.61926 1.52683 1.51902 1.51257 1.64785 1.69941 1.67077 1.63146 1.50000 1.50000 1.50000 1.50000 1.77527 2.17330 2.60733 3.03417 3.13054 2.81803
0.13246 0.16905 0.20588 0.24915 0.30374 0.34297 0.40554 0.46370 0.53329 0.60188 0.66594 0.75887 0.87110 0.96148 1.03718 1.15070 1.21997 1.38185 1.51761 1.75399 1.97485 2.27028 2.46810 2.71815 3.03776 3.23006 3.34180 3.67515 3.74024 3.79345 3.49854 3.28891 2.56293 2.43567 2.38830 2.21300 2.06382 1.79051 1.74987 1.66229 1.72373 1.82460 1.86417 1.88262 2.01424 2.18158 2.16340 1.95964 1.82768 1.66980 1.50000 1.50000 1.51784 1.63674 1.65042 1.64165 1.55805 1.51887 1.50000 1.50000 1.50000 1.57528 1.98363 2.38556 2.91973 3.13045 2.80227
0.09879 0.11560 0.15116 0.18916 0.23324 0.30533 0.35298 0.39365 0.48337 0.54873 0.61502 0.71155 0.81034 0.96775 1.02709 1.10657 1.29861 1.46718 1.66083 1.89948 2.12643 2.41237 2.70422 3.00621 3.19720 3.56537 3.75595 3.97993 4.18705 4.41261 4.31105 4.30550 3.47128 3.22094 3.12680 2.73910 2.38830 2.12011 1.99513 1.86320 1.81373 1.81543 1.86074 1.89778 2.00940 2.09073 2.08873 2.13597 2.00528 1.80816 1.52003 1.50000 1.50000 1.51680 1.59926 1.68677 1.50000 1.54471 1.58240 1.50000 1.50000 1.51342 1.85595 2.21500 2.74289 3.00226 2.86005
0.06679 0.09151 0.10293 0.14399 0.18495 0.22842 0.27075 0.34673 0.35668 0.47761 0.59975 0.67635 0.76516 0.90813 1.05245 1.18886 1.36165 1.54237 1.74559 2.01597 2.25582 2.54506 2.95120 3.23384 3.81622 4.68712 5.67054 6.22609 6.35132 6.00428 5.36296 4.53035 2.89910 2.63990 2.89743 2.59114 2.01928 1.69936 1.64179 1.60262 1.54609 1.51879 1.61707 1.73531 1.89828 2.20446 2.28889 2.24498 2.12294 1.91264 1.58856 1.50000 1.50000 1.50000 1.56259 1.67397 1.59775 1.52266 1.51358 1.50000 1.50000 1.50000 1.77344 2.08545 2.55125 2.84482 2.89871
0.05073 0.06647 0.08379 0.10310 0.14012 0.15667 0.20144 0.26231 0.31830 0.40183 0.50352 0.60682 0.72110 0.84827 1.04601 1.21313 1.43313 1.61100 1.80616 2.07128 2.36561 2.75628 3.35964 4.32811 5.45552 6.05122 6.37166 6.46196 6.28640 5.66469 4.66367 3.68772 2.23657 1.73634 1.62330 1.58087 1.68698 1.62552 1.56861 1.50000 1.50754 1.50000 1.61404 1.76368 2.02066 2.19128 2.37832 2.35807 2.20809 2.05362 1.70128 1.50000 1.50000 1.50000 1.55153 1.70829 1.66743 1.50000 1.50000 1.50000 1.50000 1.50000 1.72975 1.96929 2.36668 2.77033 2.81699
0.03826 0.04957 0.06717 0.07985 0.09839 0.12700 0.16930 0.20999 0.27223 0.33584 0.42126 0.52467 0.63989 0.76829 0.93677 1.14017 1.39715 1.59369 1.84512 2.12616 2.63867 3.59383 4.65305 5.12650 5.42935 5.67625 5.75961 5.49871 4.75297 3.42074 2.21533 1.93493 1.53886 1.50000 1.54763 1.64309 1.81326 1.76334 1.69472 1.56214 1.57322 1.51443 1.59808 1.74985 2.00657 2.23371 2.35007 2.43775 2.30620 2.14127 1.80842 1.55012 1.50000 1.50000 1.53006 1.74501 1.70447 1.50000 1.50122 1.50000 1.50000 1.50387 1.71710 1.87514 2.20727 2.60525 2.68933
0.02791 0.03585 0.04590 0.05817 0.07023 0.09363 0.12531 0.16082 0.20503 0.25797 0.32746 0.40932 0.50543 0.61363 0.77331 0.97134 1.16168 1.38920 1.72132 2.23738 2.97930 3.84151 4.35923 4.69810 4.85472 4.82744 4.40762 3.67175 2.51342 1.86096 1.94531 2.02526 1.89377 1.69753 1.68766 1.71585 1.94031 1.84915 1.72268 1.55812 1.53925 1.50139 1.50201 1.70176 1.93243 2.17844 2.28245 2.43924 2.31360 2.22694 1.96377 1.67807 1.50039 1.50000 1.52235 1.71482 1.71144 1.62005 1.50000 1.50000 1.50000 1.51535 1.71922 1.83774 2.05087 2.38615 2.63791
0.02009 0.02547 0.03337 0.04238 0.05423 0.07078 0.09198 0.11983 0.15386 0.19470 0.24385 0.30765 0.37947 0.46242 0.56995 0.68569 0.82540 1.01501 1.29956 1.78507 2.35793 2.83926 3.36076 3.74402 3.80355 3.37780 2.56065 1.86613 1.59317 1.83613 2.07451 2.18411 2.11307 1.88668 1.65724 1.67336 1.87258 1.84468 1.75157 1.55081 1.57016 1.50015 1.50000 1.58605 1.81580 1.97625 2.10968 2.32376 2.26847 2.25841 2.01635 1.86570 1.56039 1.54047 1.53818 1.68923 1.83625 1.66888 1.50105 1.50000 1.50000 1.51593 1.71718 1.83916 1.95059 2.17636 2.49046
0.01231 0.01638 0.02179 0.02772 0.03782 0.05010 0.06547 0.08428 0.11298 0.14734 0.18870 0.24381 0.30442 0.36950 0.44651 0.52515 0.61828 0.73453 0.83867 0.90222 0.92413 1.14600 1.73433 2.38812 2.42622 1.71982 1.50000 1.55655 1.58744 1.82579 1.94977 2.14040 2.14563 1.85991 1.65843 1.58815 1.75070 1.84235 1.76483 1.66366 1.60577 1.50921 1.50000 1.50035 1.62902 1.77543 1.96699 2.16198 2.09924 2.18358 2.09633 1.95567 1.70424 1.62869 1.58737 1.66292 1.87042 1.68145 1.52624 1.50000 1.50000 1.52930 1.71804 1.85189 1.93851 2.02311 2.28526
