data/RealTopo/Outputs_RealTopo/realWog_02RealTopo_null_INRAEaval_pft.asc
ncols        490
nrows        555
xllcenter    167455.
yllcenter    361955.
cellsize     5.
nodata_value  -9999
[rows 377 to 405 of 555, columns 268 to 334 of 490]
0.82650 0.98452 1.35947 1.65200 1.26854 1.01830 0.86440 0.80918 0.80729 0.82820 0.91380 1.16920 1.40763 1.54644 1.78828 2.02918 2.24209 1.92563 1.86928 2.06388 1.97112 1.65528 1.17975 1.00051 1.06611 0.94987 0.88416 0.95022 1.08605 1.03863 1.07087 1.07903 1.03526 0.86833 0.61657 0.51133 0.30441 0.22231 0.22002 0.19745 0.16894 0.62360 1.19775 0.70664 0.39298 0.50102 0.63736 0.85384 1.41333 2.58422 4.28717 5.88029 8.13890 11.48060 12.71130 11.71039 5.27192 4.04518 3.59521 4.11483 3.64071 2.73725 1.67810 1.35531 2.10253 2.22047 2.36428
0.81850 0.95492 1.33946 1.60118 1.28626 1.04815 0.87600 0.81203 0.79675 0.82303 0.91404 1.11048 1.33673 1.46172 1.69003 1.99561 2.25297 2.25952 1.69130 2.18543 1.92804 1.70094 1.21545 1.10078 1.08659 1.03466 0.93487 0.99154 1.10177 1.00430 1.04596 1.07506 1.06700 0.90846 0.60662 0.52342 0.32635 0.23652 0.23363 0.20382 0.17879 0.47804 1.13335 0.79808 0.33917 0.45078 0.59938 0.79202 1.23712 2.42916 4.23269 5.75499 8.07355 11.96484 10.54233 10.31129 4.09254 3.67487 3.10080 4.60182 3.93027 3.05347 2.12924 1.16732 1.35744 1.91615 2.04261
0.83556 0.94410 1.32150 1.57718 1.32463 1.09738 0.93718 0.84548 0.80117 0.79361 0.92371 1.07083 1.24720 1.39333 1.59191 1.87545 2.19734 2.29761 1.82092 2.20163 2.02926 1.83162 1.30887 1.15668 1.15451 1.17768 1.04075 1.04652 1.09859 1.01834 1.03776 1.05394 1.10788 0.95372 0.60686 0.53294 0.33947 0.25385 0.24990 0.20569 0.20052 0.33967 1.02289 0.92409 0.32697 0.39853 0.52968 0.72115 1.15136 2.24334 4.09246 5.82269 8.20085 10.84093 9.98702 7.92880 3.37852 2.95130 4.32580 4.88104 4.43588 3.80874 2.64103 1.81963 1.09022 1.21126 1.51168
0.82680 0.96314 1.29519 1.48462 1.34812 1.14711 0.98744 0.87307 0.87207 0.81591 0.92127 1.04320 1.18652 1.31795 1.47929 1.76532 2.13665 2.35955 2.22974 2.23634 2.22408 1.99696 1.63700 1.15758 1.06446 1.22083 1.16462 1.10553 1.10268 1.04611 1.02210 1.02755 1.09994 1.01895 0.58838 0.53551 0.34845 0.26777 0.26457 0.22471 0.22688 0.24192 0.89789 1.01162 0.35656 0.37420 0.54657 0.70408 1.04812 2.07430 3.86366 5.84884 8.41592 10.77158 8.60023 7.11886 3.33808 3.51105 4.32766 4.33922 4.65694 3.86223 3.34563 2.36845 1.50894 1.29382 1.19314
0.90335 0.93381 1.22212 1.38195 1.35250 1.17813 1.04026 0.95105 0.91969 0.87292 0.93471 1.03061 1.14105 1.23351 1.38129 1.69204 2.03778 2.28931 2.35157 1.99659 2.39636 2.16915 1.80763 1.31209 1.14705 1.17797 1.22384 1.18277 1.12857 1.07293 1.00624 1.01910 1.12763 1.05432 0.62769 0.55094 0.38368 0.28117 0.26971 0.24568 0.24162 0.20988 0.77587 0.98982 0.37995 0.39257 0.53884 0.67475 1.01352 1.85288 3.70340 6.02831 9.07933 10.21613 7.08546 6.57544 3.96620 3.60412 4.12396 4.27063 4.26528 3.79512 3.55049 3.05083 2.24944 1.78970 1.18396
1.05432 1.07276 1.16534 1.33650 1.32924 1.19298 1.03867 1.02618 0.99970 0.93794 0.96597 1.02875 1.11712 1.20789 1.31056 1.58437 1.91499 2.16907 2.33603 1.68813 2.30974 2.40518 2.00758 1.72700 1.44866 1.20934 1.27890 1.27284 1.18572 1.09718 1.01121 1.02352 1.14664 1.07281 0.66109 0.58012 0.42638 0.29296 0.27825 0.27333 0.24955 0.23962 0.64216 1.03907 0.43100 0.42386 0.49241 0.60847 0.82692 1.88030 3.86025 5.94666 9.92576 7.79823 7.32158 5.34596 3.29828 4.43262 4.88647 3.87405 4.18458 3.93065 3.56100 3.65319 2.65311 2.09967 1.85371
1.15439 1.14917 1.17934 1.24706 1.30107 1.21653 1.06207 1.04310 1.06499 0.99434 0.99379 1.03896 1.11959 1.17575 1.26920 1.48214 1.79283 2.10504 2.40944 2.01749 2.43048 2.52534 2.25058 1.91280 1.74072 1.51418 1.44654 1.35063 1.26367 1.13898 1.05715 1.04003 1.15651 1.11323 0.69257 0.60736 0.46145 0.32964 0.29503 0.29727 0.27911 0.24482 0.56917 1.07124 0.48679 0.38630 0.46407 0.50990 0.66331 1.97495 3.92179 6.40222 10.45829 7.26734 5.81670 4.06741 3.08484 4.20700 5.11744 4.47189 3.60103 3.23088 3.31610 3.15519 2.99573 2.48762 2.24099
1.21055 1.22030 1.24287 1.23288 1.28678 1.25784 1.10184 1.07073 1.08480 1.04246 1.03568 1.07092 1.13694 1.16912 1.24315 1.40158 1.70660 2.09299 2.41412 2.33030 2.33435 2.52277 2.03276 2.06683 2.07660 1.78178 1.55228 1.47905 1.33291 1.18682 1.10448 1.05777 1.17262 1.13094 0.70870 0.62714 0.47563 0.35884 0.31776 0.32184 0.30977 0.27317 0.50202 0.94939 0.49468 0.36308 0.45512 0.46622 0.64761 1.81627 4.11137 6.97051 9.47330 6.69095 5.44701 3.43381 3.44853 3.29542 4.09541 4.65745 4.45843 4.01980 3.30045 2.81509 2.93082 2.86838 2.59497
1.23955 1.27744 1.30625 1.31240 1.31521 1.32440 1.19545 1.09115 1.06823 1.09594 1.07542 1.09055 1.15373 1.17464 1.23459 1.34970 1.63180 2.05884 2.38528 2.36933 2.30763 2.55212 2.11952 2.03046 2.04393 1.87017 1.73720 1.61973 1.43169 1.27193 1.12682 1.11684 1.15269 1.11788 0.75564 0.64864 0.49227 0.37001 0.34183 0.34194 0.33096 0.31783 0.46331 0.77481 0.47969 0.33508 0.43016 0.49555 0.56398 1.68195 4.10895 7.70342 9.21368 6.89776 5.28405 2.94439 3.79688 3.16255 3.49238 5.16781 5.32309 4.81199 3.70967 2.96801 2.76627 2.86527 2.74580
1.24529 1.26138 1.33383 1.36204 1.35819 1.35468 1.26897 1.12901 1.12306 1.11657 1.09971 1.12972 1.15075 1.17642 1.22827 1.32942 1.56039 1.96900 2.27547 2.32485 2.37238 2.56257 2.16638 1.83663 2.04109 1.99893 1.81754 1.76292 1.57196 1.35973 1.24602 1.21059 1.18589 1.13010 0.81774 0.67055 0.53091 0.38609 0.36002 0.36364 0.35053 0.32000 0.48176 0.64121 0.44860 0.31879 0.40855 0.48912 0.52537 1.56512 4.20291 8.26973 8.82821 6.60509 4.72189 2.77437 3.52357 4.09505 3.83164 4.55677 5.32239 4.90552 4.35697 3.44048 2.77926 2.69697 2.65916
1.23093 1.29630 1.36173 1.38847 1.40568 1.39866 1.32790 1.22035 1.20609 1.16618 1.12614 1.14603 1.16868 1.20004 1.22893 1.30623 1.49749 1.84884 2.12297 2.22130 2.35665 2.60671 2.29714 1.89809 1.94593 2.08353 1.99970 1.89196 1.71057 1.50685 1.34466 1.28092 1.22391 1.17021 0.88528 0.72746 0.57972 0.42727 0.37359 0.38881 0.37047 0.36830 0.49371 0.55953 0.40195 0.32657 0.40400 0.45571 0.51651 1.46963 4.26946 9.07002 7.58425 6.33192 3.82630 2.63406 3.07322 3.67241 4.36407 4.83886 5.51078 5.50487 4.47396 3.75734 3.07677 2.75775 2.58826
1.20586 1.29219 1.40170 1.43222 1.42245 1.44812 1.41179 1.32896 1.30292 1.25543 1.17600 1.15297 1.17147 1.19040 1.21913 1.27202 1.46167 1.76702 2.03724 2.17094 2.37444 2.67686 2.53241 2.34073 2.11230 2.28044 2.15729 1.96931 1.81391 1.64533 1.45741 1.37390 1.31049 1.24129 0.98302 0.79644 0.64106 0.47806 0.39783 0.41308 0.38201 0.40753 0.49656 0.51598 0.36491 0.33087 0.41212 0.44204 0.49779 1.36743 4.44625 9.50519 8.42125 5.61710 2.80464 2.44646 2.64799 3.28917 4.29776 4.99162 5.72902 5.84697 4.72365 3.92990 3.30265 2.83327 2.66284
1.17789 1.27931 1.40891 1.44626 1.43557 1.45685 1.47049 1.43509 1.39155 1.32698 1.24444 1.18601 1.17342 1.18472 1.19185 1.24321 1.41766 1.71713 1.99347 2.21606 2.50585 2.65172 2.64228 2.37154 2.32179 2.46052 2.33368 2.12890 1.93655 1.77395 1.57594 1.44974 1.38697 1.31394 1.10403 0.88660 0.71856 0.54809 0.43666 0.43142 0.39094 0.41306 0.47173 0.48034 0.35001 0.32907 0.39240 0.44215 0.49590 1.34090 4.51760 8.29176 7.30874 6.12897 2.65437 2.26127 2.66653 3.32553 4.06622 4.65868 5.48862 6.03052 5.33544 4.24796 3.28034 2.77040 2.63121
1.15960 1.26670 1.36911 1.42936 1.43735 1.45171 1.47596 1.48631 1.47146 1.40233 1.32132 1.21265 1.18627 1.18574 1.16547 1.19662 1.34372 1.61997 1.92015 2.22835 2.56316 2.68020 2.64861 2.61240 2.49921 2.46567 2.46497 2.30167 2.06745 1.88575 1.70261 1.53250 1.45097 1.35929 1.22306 0.99519 0.79812 0.62176 0.49852 0.45654 0.40803 0.40025 0.46865 0.42950 0.35838 0.34123 0.37025 0.42932 0.50751 1.40390 4.08737 7.20192 6.96339 6.49197 2.42637 2.26189 2.57015 3.03162 3.68429 4.46222 5.11366 5.60376 5.80466 4.68119 3.66394 3.15704 2.86397
1.11866 1.22712 1.33769 1.41148 1.43879 1.45069 1.48915 1.51165 1.49923 1.49372 1.40732 1.27829 1.21094 1.18646 1.15463 1.15124 1.23870 1.48384 1.80393 2.16044 2.58810 2.69960 2.67059 2.70880 2.47200 2.44565 2.58096 2.44043 2.22794 2.01483 1.83095 1.64172 1.52642 1.38368 1.32090 1.12435 0.91178 0.71656 0.56663 0.48750 0.42711 0.39729 0.48134 0.40328 0.37803 0.34805 0.35847 0.40817 0.51935 1.52248 3.41783 6.79310 7.63663 6.58285 2.38970 2.22657 2.25733 2.58926 3.24893 4.15567 5.04129 5.32907 5.55398 5.16566 3.90458 3.52376 3.15987
1.09424 1.18445 1.29831 1.38244 1.42044 1.45255 1.51147 1.54462 1.54444 1.53215 1.48480 1.37071 1.27354 1.22602 1.16173 1.12307 1.13504 1.34712 1.66484 2.02610 2.54799 2.69326 2.72589 2.70479 2.54365 2.44308 2.51817 2.59234 2.40043 2.12148 1.92413 1.77986 1.59108 1.47319 1.47676 1.30165 1.10145 0.83046 0.65764 0.51905 0.45113 0.41568 0.48135 0.40856 0.37914 0.35557 0.35877 0.40399 0.52906 1.65567 3.51785 6.33640 7.11045 5.93086 2.13054 2.06993 2.19995 2.71967 3.25082 3.90304 4.57721 5.26472 4.62268 5.56329 4.56363 3.60012 3.04484
1.08184 1.15890 1.26358 1.34449 1.41033 1.44521 1.50252 1.54254 1.55801 1.56900 1.54599 1.43935 1.36055 1.30038 1.18497 1.12675 1.10419 1.19918 1.49424 1.86329 2.43712 2.69613 2.72578 2.79168 2.73309 2.40654 2.52604 2.67983 2.53864 2.19415 2.01949 1.90185 1.73027 1.56569 1.52384 1.42820 1.33152 1.07387 0.80987 0.60353 0.50085 0.44002 0.47567 0.42040 0.37872 0.36675 0.36490 0.39717 0.53511 1.78464 3.73047 5.81586 6.99324 5.05520 1.89777 2.18355 2.42154 2.63540 3.08197 3.69392 4.24230 5.33220 4.72564 5.52321 4.54516 3.90309 3.19691
1.06982 1.12653 1.22784 1.31383 1.38334 1.44378 1.49595 1.52076 1.56028 1.59374 1.60974 1.53477 1.42362 1.38178 1.25709 1.14678 1.12146 1.14936 1.33313 1.66210 2.24950 2.60209 2.68426 2.87290 2.78167 2.59626 2.49094 2.62972 2.65303 2.41154 2.16980 1.97947 1.84009 1.65885 1.45963 1.41884 1.43815 1.34982 1.13192 0.77929 0.57193 0.49260 0.49202 0.43863 0.37573 0.38107 0.37553 0.39225 0.53137 1.88826 4.45392 5.14617 6.51178 4.28399 1.94910 2.16986 2.40462 2.47706 2.72845 3.18008 3.86666 4.68294 4.91718 5.28056 4.33708 3.64643 3.67865
1.04942 1.09324 1.17844 1.25904 1.36717 1.42106 1.46448 1.54484 1.56964 1.62545 1.69146 1.61187 1.47908 1.44183 1.30731 1.23696 1.14253 1.14899 1.24753 1.49992 1.99486 2.42716 2.57255 2.86559 2.93142 2.69931 2.48122 2.47069 2.66720 2.61498 2.35287 2.09141 1.96006 1.78973 1.53976 1.45049 1.64739 1.49945 1.50548 1.49974 1.49948 0.63090 0.52139 0.46644 0.38095 0.39862 0.38274 0.38891 0.51830 2.05769 4.39493 5.58188 5.93901 3.95919 1.94143 2.18683 2.33546 2.35394 2.36468 2.68846 3.47953 3.68566 4.60139 4.46089 5.55400 3.83569 3.65909
1.05529 1.05699 1.15890 1.26451 1.32350 1.38743 1.45789 1.53504 1.60255 1.67033 1.71889 1.69065 1.58437 1.55463 1.43140 1.33673 1.17544 1.14847 1.23511 1.41721 1.82130 2.15450 2.52436 2.77494 3.03315 2.72084 2.62194 2.58642 2.61630 2.72220 2.58212 2.26819 2.05541 1.91591 1.65589 1.49945 1.60683 1.66061 1.73933 1.50000 1.50000 1.49948 0.54795 0.50600 0.40915 0.41215 0.38524 0.38171 0.50725 2.23988 4.63612 5.67686 5.47392 3.41028 2.01497 2.21697 2.19725 2.31496 2.47014 2.65634 3.36039 3.60818 4.52664 3.69904 5.26615 4.94827 3.89897
1.01859 1.05615 1.13738 1.23138 1.36025 1.41096 1.43512 1.49758 1.61813 1.66837 1.73777 1.71203 1.65419 1.66078 1.56596 1.47498 1.28064 1.15912 1.25515 1.38932 1.70934 1.98580 2.34973 2.66459 2.91332 2.84759 2.68349 2.69934 2.84183 2.64772 2.56138 2.47741 2.22745 2.06999 1.82569 1.52798 1.50000 1.58721 1.87935 1.64695 1.50000 1.49968 0.64963 0.54559 0.44564 0.41101 0.38066 0.37759 0.50860 2.40130 5.04592 5.69617 4.78913 2.75283 2.04668 2.32654 2.27408 2.17559 2.42798 2.62900 2.92100 4.00441 4.26067 3.84880 4.75091 5.30897 4.52121
1.00875 1.05152 1.11316 1.23504 1.34643 1.39966 1.40712 1.49362 1.60804 1.64561 1.75344 1.73208 1.66778 1.72968 1.63793 1.63344 1.40785 1.18753 1.25871 1.37598 1.67511 1.86350 2.20758 2.57776 2.80968 2.84885 2.66028 2.77149 2.91571 2.79034 2.51137 2.52197 2.33017 2.21566 1.96242 1.65934 1.50000 1.50000 1.95860 1.92055 1.50000 1.50000 1.49942 0.61032 0.48894 0.41602 0.37646 0.37738 0.53916 2.62742 4.91695 5.14712 4.25435 2.02708 1.94276 2.27614 2.24997 2.27960 2.37429 2.68593 2.92768 3.66998 4.40525 5.18622 4.88508 4.88989 4.66570
0.97684 1.00943 1.05438 1.18991 1.33909 1.41973 1.43706 1.52417 1.60186 1.65121 1.76199 1.74922 1.67998 1.75011 1.71534 1.73594 1.56534 1.21983 1.26108 1.41522 1.69261 1.79926 2.06049 2.39473 2.77393 2.90090 2.70150 2.75716 2.94572 2.86512 2.56899 2.56533 2.42403 2.29781 2.05713 1.76284 1.52410 1.50000 1.85193 2.01656 1.50337 1.50000 1.49968 0.71797 0.53801 0.42851 0.39042 0.38706 0.61077 2.68956 4.83397 4.96380 3.75820 1.72745 1.70527 1.92305 2.42010 2.52276 2.41370 2.53291 2.88975 3.49420 4.46407 5.13549 5.00021 4.75472 4.62099
0.94066 0.96129 1.00333 1.12004 1.29072 1.40292 1.47169 1.53080 1.62158 1.70370 1.75643 1.79058 1.70121 1.78017 1.75830 1.81303 1.68993 1.30309 1.31465 1.43211 1.74088 1.81729 1.93741 2.33459 2.68077 2.94421 2.74564 2.69974 2.99520 3.03961 2.81316 2.49439 2.43582 2.37057 2.19226 1.96013 1.52629 1.50000 1.63926 2.01555 1.62624 1.50000 1.50000 1.49945 0.57889 0.46106 0.41614 0.40488 0.69114 2.38738 4.85012 4.81960 3.49478 1.68075 1.81895 2.13734 2.30311 2.42167 2.47542 2.41727 2.59332 3.18758 4.21615 4.93556 5.31706 4.86844 4.77732
0.90508 0.94163 0.97552 1.01678 1.19933 1.34762 1.43604 1.54305 1.63530 1.74018 1.75812 1.80708 1.69811 1.80123 1.74898 1.82120 1.84738 1.38570 1.35058 1.43848 1.75596 1.83600 1.88132 2.16387 2.39277 2.82487 2.87994 2.65811 3.13751 3.18418 2.81919 2.67802 2.65736 2.46640 2.25415 2.07529 1.74105 1.50000 1.50000 1.88482 1.73668 1.50002 1.50000 1.49968 0.69115 0.50697 0.43647 0.41533 0.69936 2.26191 4.92790 4.65564 3.22000 1.72489 1.76778 2.14170 2.29531 2.33216 2.27284 2.40773 2.43706 2.82286 3.57211 4.66771 5.28611 4.35508 4.72034
0.88171 0.90663 0.93519 0.96913 1.06759 1.24879 1.37891 1.51175 1.66839 1.75969 1.76259 1.83466 1.66111 1.79074 1.72565 1.86728 1.97739 1.47197 1.37748 1.42927 1.75811 1.89006 1.88366 1.93695 2.00890 2.33476 2.75017 2.50925 3.09186 3.07425 3.00636 2.62579 2.73983 2.56817 2.34381 2.11147 1.93250 1.62828 1.50000 1.68175 1.66196 1.50026 1.50000 1.50000 1.49946 0.56836 0.46893 0.39530 0.71061 2.29278 4.83414 4.53314 3.11338 1.74618 1.71346 2.09841 2.27649 2.18351 2.26525 2.37525 2.40782 2.65350 3.10208 4.19769 5.13158 4.65161 4.36351
0.84670 0.88180 0.90715 0.92677 0.97666 1.08645 1.26045 1.48002 1.65184 1.82149 1.84866 1.93987 1.70351 1.83365 1.77127 1.86864 1.98364 1.56052 1.49973 1.49974 1.60301 1.72969 1.78596 1.84178 1.82155 1.94547 2.20142 2.39865 2.76490 2.83765 2.98242 2.62375 2.59903 2.69201 2.51310 2.12534 2.08123 1.77812 1.50714 1.58132 1.52563 1.50000 1.50000 1.50000 1.49969 0.65011 0.51077 0.38333 0.71048 2.28600 4.72263 4.42974 3.11574 1.76956 1.63717 1.77344 2.24693 2.36202 2.43754 2.36574 2.37772 2.68242 2.75346 3.68391 4.85185 4.79912 4.21295
0.81810 0.83608 0.87559 0.91019 0.94932 0.96896 1.13629 1.35359 1.62244 1.86865 1.85439 1.98635 1.74871 1.86132 1.78641 1.78589 1.92220 1.62677 1.50000 1.50000 1.58844 1.58804 1.58243 1.62442 1.65597 1.70587 1.78585 1.87910 2.07633 2.45427 2.66126 2.77298 2.58536 2.74044 2.59899 2.43223 2.04857 1.86632 1.59949 1.56733 1.50000 1.50000 1.50000 1.50000 1.50000 1.49944 0.57878 0.45664 0.78837 2.08975 3.71642 4.19693 3.06634 1.74816 1.72197 1.66518 2.08396 2.43795 2.53043 2.48496 2.21106 2.01634 2.80732 3.53984 4.61205 4.63375 4.39549
0.78915 0.80087 0.81212 0.88408 0.91944 0.94760 0.99968 1.26585 1.54244 1.82397 1.80467 1.95346 1.72005 1.74697 1.66004 1.73746 1.88970 1.84284 1.59796 1.50894 1.51424 1.52406 1.53697 1.55161 1.61847 1.65299 1.62094 1.59895 1.80344 2.05133 2.34732 2.74941 2.59472 2.62562 2.72192 2.57723 2.21433 1.99735 1.72913 1.50627 1.50168 1.50000 1.50000 1.50000 1.50000 1.49969 0.65924 0.46897 0.97397 2.53722 2.76882 3.78265 2.69233 1.68837 1.79488 1.81302 1.64624 2.52522 2.43354 2.13498 2.28226 2.31635 2.89190 3.21493 4.22632 4.39402 4.19020
