data/RealTopo/Outputs_RealTopo/realwog_02_null_flo2d_pft.asc
ncols         490
nrows         555
xllcorner     167452.5
yllcorner     361952.5
cellsize      5
NODATA_value  -9999
[rows 374 to 407 of 555, columns 308 to 384 of 490]
1.242 0.723 1.498 1.409 0.582 -9999 -9999 -9999 -9999 0.43 1.05 1.697 2.045 3.264 10.816 14.487 10.809 7.15 5.188 5.904 6.289 4.831 4.496 4.511 5.146 5.069 4.126 4.376 3.416 2.43 2.093 1.11 0.701 0.552 0.66 0.74 0.388 0.29 0.426 -9999 -9999 -9999 -9999 -9999 -9999 -9999 -9999 -9999 -9999 -9999 -9999 -9999 -9999 -9999 -9999 -9999 -9999 -9999 -9999 -9999 -9999 -9999 -9999 -9999 -9999 -9999 -9999 -9999 -9999 -9999 -9999 -9999 -9999 -9999 -9999 -9999 -9999
0.763 0.923 1.363 1.569 0.622 -9999 -9999 -9999 -9999 -9999 0.581 1.512 2.046 3.033 8.38 12.648 12.877 9.158 6.079 5.045 5.623 5.862 4.96 3.785 3.604 4.448 4.426 5.148 4.589 3.073 2.595 1.448 1.059 1.005 0.758 0.846 0.356 0.382 0.421 -9999 -9999 -9999 -9999 -9999 -9999 -9999 -9999 -9999 -9999 -9999 -9999 -9999 -9999 -9999 -9999 -9999 -9999 -9999 -9999 -9999 -9999 -9999 -9999 -9999 -9999 -9999 -9999 -9999 -9999 -9999 -9999 -9999 -9999 -9999 -9999 -9999 -9999
0.351 0.988 1.399 1.693 0.626 -9999 -9999 -9999 -9999 -9999 -9999 0.981 1.848 2.493 7.944 11.937 14.606 11.191 7.474 3.524 3.026 6.148 6.063 4.121 2.063 2.792 2.751 4.593 5.402 4.207 3.635 2.41 1.712 1.494 1.371 0.725 0.654 0.513 0.545 -9999 -9999 -9999 -9999 -9999 -9999 -9999 -9999 -9999 -9999 -9999 -9999 -9999 -9999 -9999 -9999 -9999 -9999 -9999 -9999 -9999 -9999 -9999 -9999 -9999 -9999 -9999 -9999 -9999 -9999 -9999 -9999 -9999 -9999 -9999 -9999 -9999 -9999
-9999 0.736 1.596 1.685 0.56 -9999 0.478 0.225 -9999 -9999 -9999 0.418 1.381 2.628 6.73 12.07 15.588 13.23 8.666 3.221 2.47 4.457 7.718 6.754 2.683 2.14 2.055 2.626 4.443 4.757 4.67 3.751 2.374 1.785 1.541 1.075 0.845 0.429 0.661 0.469 -9999 -9999 -9999 -9999 -9999 -9999 -9999 -9999 -9999 -9999 -9999 -9999 -9999 -9999 -9999 -9999 -9999 -9999 -9999 -9999 -9999 -9999 -9999 -9999 -9999 -9999 -9999 -9999 -9999 -9999 -9999 -9999 -9999 -9999 -9999 -9999 -9999
-9999 0.674 1.73 1.551 0.562 -9999 0.413 0.558 0.393 -9999 0.245 0.297 0.592 2.22 5.492 11.939 15.557 12.749 7.637 3.141 2.394 2.174 6.259 7.745 4.786 2.789 2.542 1.987 2.068 3.38 4.204 4.099 2.733 1.84 1.678 1.258 0.931 0.675 0.664 0.398 0.403 -9999 -9999 -9999 -9999 -9999 -9999 -9999 -9999 -9999 -9999 -9999 -9999 -9999 -9999 -9999 -9999 -9999 -9999 -9999 -9999 -9999 -9999 -9999 -9999 -9999 -9999 -9999 -9999 -9999 -9999 -9999 -9999 -9999 -9999 -9999 -9999
0.267 0.498 1.798 1.322 0.628 -9999 -9999 0.482 0.659 0.524 0.471 0.379 0.55 1.267 4.534 10.285 14.631 11.445 5.701 3.772 2.787 2.194 2.397 7.1 7.628 4.923 3.345 2.814 1.329 2.145 3.56 4.295 3.568 2.211 1.884 1.475 1.294 1.111 0.578 0.438 0.46 -9999 -9999 -9999 -9999 -9999 -9999 -9999 -9999 -9999 -9999 -9999 -9999 -9999 -9999 -9999 -9999 -9999 -9999 -9999 -9999 -9999 -9999 -9999 -9999 -9999 -9999 -9999 -9999 -9999 -9999 -9999 -9999 -9999 -9999 -9999 -9999
-9999 0.356 1.647 1.234 0.391 -9999 -9999 -9999 0.572 0.751 0.766 0.5 0.551 0.986 4.451 11.195 14.347 10.998 6.951 5.03 3.044 2.562 1.492 2.048 7.127 7.092 6.912 5.475 3.065 1.62 2.83 4.199 3.745 2.557 1.874 1.698 1.797 1.343 0.699 0.549 0.565 -9999 -9999 -9999 -9999 -9999 -9999 -9999 -9999 -9999 -9999 -9999 -9999 -9999 -9999 -9999 -9999 -9999 -9999 -9999 -9999 -9999 -9999 -9999 -9999 -9999 -9999 -9999 -9999 -9999 -9999 -9999 -9999 -9999 -9999 -9999 -9999
-9999 0.38 1.362 1.518 0.418 -9999 -9999 -9999 0.291 0.712 0.78 0.769 0.523 0.818 5.29 12.773 13.593 11.527 7.994 6.033 4.175 3.049 1.926 1.136 3.49 5.069 7.618 7.532 6.109 3.049 2.554 3.293 4.317 3.33 2.216 2.003 2.206 1.248 0.827 0.521 0.672 -9999 -9999 -9999 -9999 -9999 -9999 -9999 -9999 -9999 -9999 -9999 -9999 -9999 -9999 -9999 -9999 -9999 -9999 -9999 -9999 -9999 -9999 -9999 -9999 -9999 -9999 -9999 -9999 -9999 -9999 -9999 -9999 -9999 -9999 -9999 -9999
0.319 0.348 0.869 1.912 0.738 -9999 -9999 -9999 0.296 0.438 0.656 0.829 0.714 1.151 7.681 13.545 12.852 9.239 7.344 6.74 4.69 3.686 2.709 1.619 1.183 1.384 2.93 5.922 7.442 6.944 5.413 3.228 4.08 3.951 2.744 3.166 2.465 1.34 0.935 0.899 0.684 -9999 -9999 -9999 -9999 -9999 -9999 -9999 -9999 -9999 -9999 -9999 -9999 -9999 -9999 -9999 -9999 -9999 -9999 -9999 -9999 -9999 -9999 -9999 -9999 -9999 -9999 -9999 -9999 -9999 -9999 -9999 -9999 -9999 -9999 -9999 -9999
0.471 0.232 0.752 1.773 1.364 0.376 -9999 -9999 0.43 0.305 0.653 0.765 0.806 1.625 7.419 13.915 12.814 9.659 7.343 6.566 6.161 4.976 3.34 2.155 0.754 0.409 0.323 2.861 5.978 7.569 8.217 6.37 4.596 4.286 3.504 3.725 3.22 2.398 1.737 1.265 0.914 -9999 -9999 -9999 -9999 -9999 -9999 -9999 -9999 -9999 -9999 -9999 -9999 -9999 -9999 -9999 -9999 -9999 -9999 -9999 -9999 -9999 -9999 -9999 -9999 -9999 -9999 -9999 -9999 -9999 -9999 -9999 -9999 -9999 -9999 -9999 -9999
0.484 -9999 0.445 1.617 1.634 0.548 -9999 -9999 0.355 0.523 0.544 0.924 0.632 2.811 8.68 13.147 10.939 9.977 6.747 4.78 4.715 4.783 4.737 3.547 1.616 0.718 0.439 1.099 3.311 4.716 6.951 8.305 7.303 5.588 4.384 4.203 3.99 3.52 2.914 2.252 1.206 0.431 -9999 -9999 -9999 -9999 -9999 -9999 -9999 -9999 -9999 -9999 -9999 -9999 -9999 -9999 -9999 -9999 -9999 -9999 -9999 -9999 -9999 -9999 -9999 -9999 -9999 -9999 -9999 -9999 -9999 -9999 -9999 -9999 -9999 -9999 -9999
0.467 0.309 0.423 1.536 1.779 0.628 -9999 -9999 0.359 0.69 0.885 1.103 1.26 3.966 9.283 11.982 8.325 8.208 5.97 3.928 4.321 4.927 5.552 4.885 3.188 1.72 1.072 0.9 1.714 2.645 4.113 6.136 7.131 6.711 6.091 5.423 4.962 4.497 3.749 3.018 1.989 0.932 -9999 -9999 -9999 -9999 -9999 -9999 -9999 -9999 -9999 -9999 -9999 -9999 -9999 -9999 -9999 -9999 -9999 -9999 -9999 -9999 -9999 -9999 -9999 -9999 -9999 -9999 -9999 -9999 -9999 -9999 -9999 -9999 -9999 -9999 -9999
0.631 0.352 0.587 1.558 1.798 0.796 0.329 -9999 -9999 0.515 0.876 1.171 1.622 4.843 10.086 11.702 8.141 6.162 6.205 5.621 5.255 5.45 5.385 5.415 4.532 3.052 2.007 1.096 1.163 1.433 2.445 3.955 5.33 6.533 6.221 5.671 4.98 4.374 3.586 3.046 2.494 1.506 0.365 -9999 -9999 -9999 -9999 -9999 -9999 -9999 -9999 -9999 -9999 -9999 -9999 -9999 -9999 -9999 -9999 -9999 -9999 -9999 -9999 -9999 -9999 -9999 -9999 -9999 -9999 -9999 -9999 -9999 -9999 -9999 -9999 -9999 -9999
0.783 0.434 0.702 1.459 1.806 0.8 0.474 0.4 -9999 0.331 0.749 1.204 1.564 5.531 10.319 11.28 7.978 5.196 4.161 4.762 5.068 5.173 5.976 5.369 4.662 3.766 2.936 2.018 1.291 1.114 1.383 2.087 3.595 6.282 6.997 6.19 5.134 4.109 3.035 3.682 3.161 2.127 0.895 -9999 -9999 -9999 -9999 -9999 -9999 -9999 -9999 -9999 -9999 -9999 -9999 -9999 -9999 -9999 -9999 -9999 -9999 -9999 -9999 -9999 -9999 -9999 -9999 -9999 -9999 -9999 -9999 -9999 -9999 -9999 -9999 -9999 -9999
0.949 0.798 0.832 1.604 1.709 0.818 0.788 0.706 -9999 0.448 0.805 1.102 2.498 5.785 10.566 11.622 7.968 4.605 3.417 4.501 5.128 5.364 6.178 5.572 4.707 4.044 3.309 2.549 1.886 1.428 1.121 0.992 1.46 3.229 5.874 7.074 6.083 4.848 4.053 3.322 2.952 2.828 2.066 0.819 0.372 -9999 -9999 -9999 -9999 -9999 -9999 -9999 -9999 -9999 -9999 -9999 -9999 -9999 -9999 -9999 -9999 -9999 -9999 -9999 -9999 -9999 -9999 -9999 -9999 -9999 -9999 -9999 -9999 -9999 -9999 -9999 -9999
1.178 1.026 1.115 1.999 1.124 0.711 1.172 1.058 0.375 -9999 0.818 1.447 4.754 9.573 12.303 11.399 7.189 4.252 3.567 4.685 5.55 5.73 6.031 6.098 5.54 4.707 3.943 3.049 2.242 1.6 1.248 0.993 1.159 1.635 2.955 5.047 7.106 7.688 6.059 4.007 2.606 2.542 2.261 1.64 0.714 -9999 -9999 -9999 -9999 -9999 -9999 -9999 -9999 -9999 -9999 -9999 -9999 -9999 -9999 -9999 -9999 -9999 -9999 -9999 -9999 -9999 -9999 -9999 -9999 -9999 -9999 -9999 -9999 -9999 -9999 -9999 -9999
1.197 1.061 1.435 1.94 0.762 0.603 1.072 1.166 0.538 -9999 -9999 2.496 7.211 11.566 12.715 10.075 6.251 3.526 2.766 3.436 5.438 6.178 5.422 5.033 4.408 3.964 3.889 3.642 2.761 1.866 1.348 1.282 1.26 1.467 2.088 3.489 4.809 6.395 7.287 5.66 3.527 2.366 2.073 1.671 0.933 0.43 -9999 -9999 -9999 -9999 -9999 -9999 -9999 -9999 -9999 -9999 -9999 -9999 -9999 -9999 -9999 -9999 -9999 -9999 -9999 -9999 -9999 -9999 -9999 -9999 -9999 -9999 -9999 -9999 -9999 -9999 -9999
1.258 1.29 1.647 1.507 0.709 0.613 0.893 1.054 0.763 0.383 0.364 3.939 8.83 11.494 11.627 8.581 5.097 2.611 1.985 2.328 3.935 6.677 6.015 4.502 3.875 3.405 3.499 3.263 2.94 2.431 1.669 1.29 1.171 1.47 1.887 2.728 3.405 4.181 6.221 7.331 5.748 3.669 2.703 2.075 1.385 0.591 -9999 -9999 -9999 -9999 -9999 -9999 -9999 -9999 -9999 -9999 -9999 -9999 -9999 -9999 -9999 -9999 -9999 -9999 -9999 -9999 -9999 -9999 -9999 -9999 -9999 -9999 -9999 -9999 -9999 -9999 -9999
1.418 1.472 1.55 1.288 0.975 0.787 0.644 1.022 0.877 0.776 0.897 3.747 8.573 11.308 9.854 6.06 3.288 2.039 1.667 1.929 3.135 6.662 6.958 4.552 3.727 3.709 3.682 3.027 2.734 2.573 2.112 1.454 1.133 1.323 1.73 2.476 3.399 4.284 5.468 6.357 6.768 5.581 3.753 2.518 1.56 0.675 -9999 -9999 -9999 -9999 -9999 -9999 -9999 -9999 -9999 -9999 -9999 -9999 -9999 -9999 -9999 -9999 -9999 -9999 -9999 -9999 -9999 -9999 -9999 -9999 -9999 -9999 -9999 -9999 -9999 -9999 -9999
1.127 1.394 1.375 1.305 1.019 0.809 0.699 0.761 1.138 1.02 1.422 3.874 8.723 11.044 8.569 4.843 3.2 2.629 1.892 1.698 2.347 5.208 7.468 5.768 4.163 3.573 3.724 3.478 2.97 2.633 2.416 1.93 1.354 1.105 1.309 2.128 3.157 3.741 4.611 5.309 6.645 7.057 4.997 2.703 1.62 1.028 -9999 -9999 -9999 -9999 -9999 -9999 -9999 -9999 -9999 -9999 -9999 -9999 -9999 -9999 -9999 -9999 -9999 -9999 -9999 -9999 -9999 -9999 -9999 -9999 -9999 -9999 -9999 -9999 -9999 -9999 -9999
1.263 1.524 1.343 1.255 1.156 0.811 0.748 0.773 1.151 1.011 1.817 3.556 8.366 10.816 8.295 5.269 3.737 3.111 2.296 1.643 1.694 3.393 7.667 6.522 4.319 3.595 3.228 3.239 3.395 2.929 2.542 2.231 1.821 1.201 0.909 1.599 2.61 3.22 3.938 4.757 6.055 7.558 6.95 4.203 2.492 1.246 0.4 -9999 -9999 -9999 -9999 -9999 -9999 -9999 -9999 -9999 -9999 -9999 -9999 -9999 -9999 -9999 -9999 -9999 -9999 -9999 -9999 -9999 -9999 -9999 -9999 -9999 -9999 -9999 -9999 -9999 -9999
1.546 1.625 1.319 1.313 1.306 0.854 0.707 0.825 1.149 1.007 1.645 4.03 7.334 10.026 8.316 5.534 4.128 3.4 2.727 1.995 1.529 2.114 7.668 6.811 3.495 3.917 3.855 3.457 3.417 3.061 2.739 2.243 1.929 1.674 1.176 1.077 2.108 2.813 3.374 3.915 5.281 7.23 8.108 6.239 3.706 2.2 0.771 0.416 -9999 -9999 -9999 -9999 -9999 -9999 -9999 -9999 -9999 -9999 -9999 -9999 -9999 -9999 -9999 -9999 -9999 -9999 -9999 -9999 -9999 -9999 -9999 -9999 -9999 -9999 -9999 -9999 -9999
1.689 1.318 1.163 1.394 1.416 0.929 0.752 1.04 1.041 0.994 1.792 4.129 6.872 9.42 7.983 5.521 4.346 3.427 2.819 2.641 2.134 2.072 6.776 7.418 3.901 3.067 4.335 4.026 3.514 3.148 2.934 2.358 1.904 2.071 1.431 0.892 1.514 2.487 3.071 3.515 4.184 6.677 7.109 7.304 5.554 3.601 1.587 0.544 0.494 -9999 -9999 -9999 -9999 -9999 -9999 -9999 -9999 -9999 -9999 -9999 -9999 -9999 -9999 -9999 -9999 -9999 -9999 -9999 -9999 -9999 -9999 -9999 -9999 -9999 -9999 -9999 -9999
2.036 1.485 1.115 1.548 1.537 0.933 0.97 1.273 1.091 0.887 1.842 4.122 6.549 9.28 7.839 5.374 4.371 3.917 3.185 2.943 2.826 1.967 3.714 8.082 5.512 3.367 4.064 4.26 4.075 3.635 3.241 3.156 2.412 2.145 1.899 1.243 1.102 2.173 2.75 3.252 3.92 5.864 6.804 6.417 6.259 5.362 2.684 1.252 0.871 0.516 -9999 -9999 -9999 -9999 -9999 -9999 -9999 -9999 -9999 -9999 -9999 -9999 -9999 -9999 -9999 -9999 -9999 -9999 -9999 -9999 -9999 -9999 -9999 -9999 -9999 -9999 -9999
2.391 1.817 1.321 1.655 1.488 1.005 1.218 1.466 0.835 0.813 1.634 4.444 7.453 9.926 7.86 5.245 3.994 3.573 3.261 2.876 3.078 2.731 2.888 6.793 7.271 5.675 4.803 4.698 4.601 4.48 4.075 3.742 3.008 2.452 2.229 2.024 1.691 1.667 2.485 2.87 3.18 5.05 7.233 6.244 5.452 5.832 4.397 2.713 1.875 0.945 0.478 -9999 -9999 -9999 -9999 -9999 -9999 -9999 -9999 -9999 -9999 -9999 -9999 -9999 -9999 -9999 -9999 -9999 -9999 -9999 -9999 -9999 -9999 -9999 -9999 -9999 -9999
3.023 2.063 1.598 1.611 1.304 1.156 1.463 1.398 0.666 0.513 1.899 5.017 7.612 9.767 8.244 5.504 3.474 3.441 3.626 3.382 3.136 3.037 3.064 5.487 7.719 6.772 5.679 5.09 4.595 4.417 4.265 4.129 3.687 3.297 2.925 2.631 2.311 1.753 2.253 2.535 2.669 4.08 6.274 6.469 5.304 5.124 4.895 3.685 2.766 2.053 1.201 0.619 -9999 -9999 -9999 -9999 -9999 -9999 -9999 -9999 -9999 -9999 -9999 -9999 -9999 -9999 -9999 -9999 -9999 -9999 -9999 -9999 -9999 -9999 -9999 -9999 -9999
3.558 2.251 1.832 1.548 1.322 1.534 1.561 1.157 0.488 0.292 2.717 5.754 8.052 9.144 7.51 5.78 5.043 4.625 4.053 3.894 3.768 3.257 3.178 4.146 6.497 6.754 5.996 5.391 4.826 4.353 4.114 4.099 4.001 3.707 3.501 2.613 2.479 2.099 1.831 2.186 2.461 3.373 5.515 7.017 6.306 5.148 4.9 4.362 3.378 2.781 2.266 1.548 0.464 -9999 -9999 -9999 -9999 -9999 -9999 -9999 -9999 -9999 -9999 -9999 -9999 -9999 -9999 -9999 -9999 -9999 -9999 -9999 -9999 -9999 -9999 -9999 -9999
3.913 2.586 1.986 1.607 1.448 1.642 1.407 1.053 0.604 0.557 3.232 6.01 8.108 8.45 7.551 5.9 5.338 5.2 4.383 3.641 3.654 3.373 3.192 3.406 4.996 7.574 6.113 4.85 4.501 4.104 3.805 3.838 3.771 3.469 3.437 3.25 2.801 2.331 2.087 1.909 2.228 2.658 4.517 6.454 6.868 5.656 4.798 4.817 3.612 2.875 2.67 2.179 1.436 0.603 -9999 -9999 -9999 -9999 -9999 -9999 -9999 -9999 -9999 -9999 -9999 -9999 -9999 -9999 -9999 -9999 -9999 -9999 -9999 -9999 -9999 -9999 -9999
3.953 3.135 2.169 1.932 1.487 1.549 1.247 1.005 0.782 0.845 3.13 5.946 7.756 7.648 6.938 5.49 4.847 4.825 3.78 3.222 3.081 2.922 3.086 3.349 4.367 6.895 6.795 4.999 4.135 3.731 3.659 3.721 3.733 3.427 3.339 3.562 3.272 2.644 2.193 1.859 2.002 2.3 3.78 5.75 7.074 5.435 4.131 3.96 3.765 3.093 2.512 2.516 2.271 1.366 0.444 -9999 -9999 -9999 -9999 -9999 -9999 -9999 -9999 -9999 -9999 -9999 -9999 -9999 -9999 -9999 -9999 -9999 -9999 -9999 -9999 -9999 -9999
3.925 3.253 2.468 2.141 1.629 1.373 1.217 1.104 0.813 0.946 2.948 6.57 7.995 7.054 6.069 5.38 4.305 4.242 3.645 3.237 2.779 2.54 2.603 3.143 4.156 5.923 7.623 5.888 4.649 3.484 3.461 3.603 3.879 3.826 3.448 3.557 3.427 2.722 2.508 1.924 1.766 2.216 3.48 5.255 6.72 5.531 4.228 3.367 4.122 3.193 2.534 2.161 1.999 1.879 1.005 0.36 -9999 -9999 -9999 -9999 -9999 -9999 -9999 -9999 -9999 -9999 -9999 -9999 -9999 -9999 -9999 -9999 -9999 -9999 -9999 -9999 -9999
3.714 3.301 2.831 2.372 1.895 1.377 1.225 1.156 0.661 0.695 2.103 7.455 8.405 6.585 3.985 5.148 4.76 4.488 3.958 3.582 2.756 2.299 1.634 2.016 3.165 5.42 7.54 6.656 5.058 3.799 3.365 3.514 3.709 4.076 3.636 3.237 3.401 3.13 2.815 2.166 1.831 2.028 3.682 4.485 7.344 4.728 3.089 3.387 4.228 4.027 2.601 2.116 1.794 1.923 1.39 0.627 0.469 -9999 -9999 -9999 -9999 -9999 -9999 -9999 -9999 -9999 -9999 -9999 -9999 -9999 -9999 -9999 -9999 -9999 -9999 -9999 -9999
3.648 3.538 3.048 2.803 2.139 1.775 1.276 1.22 1.129 0.59 1.475 7.74 8.805 5.734 2.575 3.371 5.931 4.559 4.174 3.616 2.412 1.813 1.41 1.742 2.29 5.306 6.961 6.44 5.617 3.894 3.128 3.048 3.226 3.815 3.971 2.942 2.803 3.391 2.967 2.703 2.359 2.029 3.134 5.063 6.689 5.262 3.791 3.948 3.958 3.706 2.715 2.545 2.036 1.92 1.678 1.348 0.64 -9999 -9999 -9999 -9999 -9999 -9999 -9999 -9999 -9999 -9999 -9999 -9999 -9999 -9999 -9999 -9999 -9999 -9999 -9999 -9999
3.667 3.744 3.392 3.074 2.387 1.953 1.47 0.977 0.924 0.386 3.061 8.246 8.142 7.389 2.491 2.065 5.741 4.984 3.703 3.249 3.257 2.097 1.727 1.34 2.071 4.889 6.227 6.641 6.054 4.382 3.053 2.994 3.315 4.263 4.074 3.634 3.054 3.32 3.384 2.622 2.527 2.514 2.465 5.207 6.536 5.716 4.649 4.018 3.501 3.383 3.668 3.094 2.319 2.017 1.964 1.67 1.199 0.497 -9999 -9999 -9999 -9999 -9999 -9999 -9999 -9999 -9999 -9999 -9999 -9999 -9999 -9999 -9999 -9999 -9999 -9999 -9999
3.644 3.759 3.782 3.291 2.8 2.161 1.755 1.224 0.537 0.285 2.989 8.505 6.895 8.076 3.193 2.127 4.616 5.669 4.412 3.777 2.963 1.946 1.392 1.056 1.58 3.233 5.851 6.723 6.105 5.42 3.885 3.5 3.399 4.365 4.278 3.846 3.317 3.628 3.487 2.895 2.698 2.446 2.766 5.554 6.807 5.457 4.225 4.041 4.074 3.592 3.735 3.703 2.622 2.267 2.017 1.681 1.464 0.698 -9999 -9999 -9999 -9999 -9999 -9999 -9999 -9999 -9999 -9999 -9999 -9999 -9999 -9999 -9999 -9999 -9999 -9999 -9999
