data/RealTopo/Outputs_RealTopo/realWog_02RealTopo_null_INRAEaval_pfv.asc
ncols        490
nrows        555
xllcenter    167455.
yllcenter    361955.
cellsize     5.
nodata_value  -9999
[rows 145 to 173 of 555, columns 132 to 197 of 490]
4.40238 4.81540 5.30886 6.00670 7.10490 8.03142 8.57829 9.03719 9.53040 9.89517 9.66733 9.98148 10.48881 11.08806 12.42160 14.09562 14.92621 15.50957 16.05018 16.76186 17.09186 16.71833 16.91784 17.07505 17.22412 17.49180 17.72526 17.94661 18.16777 18.39355 18.54212 18.63462 19.01962 19.07746 18.95765 18.71074 18.13061 17.30751 15.97324 11.99461 5.39174 3.15472 0.10704 0.00000 0.00000 0.00000 0.00000 0.00000 0.00000 0.00000 0.00000 0.00000 0.00000 0.00000 0.00000 0.00000 0.00000 0.00000 0.00000 0.00000 0.00000 0.00000 0.00000 0.00000 0.00000 0.00000
5.08104 5.46144 6.07336 7.19195 8.24076 8.78612 9.21915 9.66649 10.09535 10.10306 10.07103 10.58664 11.09360 12.11091 14.01474 14.96033 15.62976 16.15061 16.70162 17.23501 16.99185 17.07921 17.25499 17.41789 17.62906 17.95443 18.19563 18.41814 18.61831 18.82617 18.98728 18.96257 19.41918 19.37391 19.32830 19.12335 18.61617 17.94298 17.13123 14.04701 6.16441 4.61069 0.99331 0.00000 0.00000 0.00000 0.00000 0.00000 0.00000 0.00000 0.00000 0.00000 0.00000 0.00000 0.00000 0.00000 0.00000 0.00000 0.00000 0.00000 0.00000 0.00000 0.00000 0.00000 0.00000 0.00000
5.70338 6.19984 7.33430 8.48473 9.11395 9.42295 9.83342 10.23168 10.45706 10.33520 10.66393 11.16362 11.86257 13.49403 14.94468 15.78185 16.25811 16.81760 17.46809 17.35733 17.20169 17.44109 17.62857 17.85128 18.09919 18.40898 18.68126 18.89495 19.06902 19.25007 19.42479 19.48926 19.56218 19.84956 19.68844 19.64247 19.10514 18.52934 18.06244 15.67243 6.99521 5.30925 3.37876 0.00000 0.00000 0.00000 0.00000 0.00000 0.00000 0.00000 0.00000 0.00000 0.00000 0.00000 0.00000 0.00000 0.00000 0.00000 0.00000 0.00000 0.00000 0.00000 0.00000 0.00000 0.00000 0.00000
6.47809 7.54748 8.71393 9.48421 9.76246 10.06840 10.44918 10.77966 10.69750 10.76572 11.26058 11.74012 12.94886 14.83819 15.79193 16.40305 16.93948 17.59778 17.65761 17.35276 17.63027 17.88312 18.08871 18.31279 18.55329 18.80599 19.04063 19.23258 19.42485 19.60352 19.77494 19.85409 19.89150 20.20376 20.12994 20.05036 19.56181 19.06418 18.80869 16.92945 8.15568 6.04020 5.90023 0.29982 0.00000 0.00000 0.00000 0.00000 0.00000 0.00000 0.00000 0.00000 0.00000 0.00000 0.00000 0.00000 0.00000 0.00000 0.00000 0.00000 0.00000 0.00000 0.00000 0.00000 0.00000 0.00000
7.96123 8.95725 9.73139 10.14224 10.43867 10.73643 11.04516 11.16031 10.93861 11.31629 11.81454 12.49540 14.25262 15.69920 16.52187 16.99905 17.52273 17.99862 17.64852 17.82516 18.14840 18.41743 18.57926 18.78867 19.02779 19.28888 19.48695 19.64911 19.79667 19.94826 20.14359 20.26204 20.29416 20.36202 20.69231 20.30287 19.97665 19.53012 19.38324 17.87240 9.47055 6.84305 6.93755 2.97777 0.00000 0.00000 0.00000 0.00000 0.00000 0.00000 0.00000 0.00000 0.00000 0.00000 0.00000 0.00000 0.00000 0.00000 0.00000 0.00000 0.00000 0.00000 0.00000 0.00000 0.00000 0.00000
9.35467 9.99760 10.38866 10.76670 11.13291 11.45216 11.62995 11.42215 11.36591 11.87473 12.33984 13.56721 15.39142 16.49386 17.11016 17.75580 18.46619 18.28302 18.01914 18.42211 18.75504 19.00401 19.15799 19.32403 19.53563 19.77554 19.96350 20.09741 20.17116 20.27524 20.44439 20.57212 20.71527 20.76378 20.84059 20.61782 20.31066 19.95969 19.75095 18.41428 10.87693 7.64714 7.65160 6.89930 1.42649 0.00000 0.00000 0.00000 0.00000 0.00000 0.00000 0.00000 0.00000 0.00000 0.00000 0.00000 0.00000 0.00000 0.00000 0.00000 0.00000 0.00000 0.00000 0.00000 0.00000 0.00000
10.26208 10.68654 11.00138 11.42773 11.87096 12.20832 12.10780 11.64750 11.89230 12.41583 13.00096 14.68819 16.22970 17.15455 17.67376 18.28236 18.58608 18.28454 18.62982 18.99896 19.30485 19.53644 19.70293 19.86424 20.05245 20.25139 20.38189 20.48062 20.56843 20.64723 20.76981 20.93608 21.08468 20.98386 20.94657 21.09661 20.68337 20.32302 19.99282 18.95312 12.36849 8.01439 7.74156 7.28724 5.76154 0.48457 0.00000 0.00000 0.00000 0.00000 0.00000 0.00000 0.00000 0.00000 0.00000 0.00000 0.00000 0.00000 0.00000 0.00000 0.00000 0.00000 0.00000 0.00000 0.00000 0.00000
10.83530 11.22963 11.57004 12.03006 12.58241 12.81423 12.28690 11.96178 12.42049 12.90153 13.88441 15.79677 17.00482 17.72553 18.39468 19.08881 18.89018 18.73857 19.16216 19.49182 19.79512 20.03249 20.19677 20.35404 20.55673 20.75403 20.83918 20.91214 21.00262 21.06573 21.16136 21.32795 21.46325 21.51395 21.39400 21.36204 21.14918 20.61086 20.37928 19.50492 13.81743 8.35201 7.55887 6.85442 6.00923 4.66539 1.75198 0.00000 0.00000 0.00000 0.00000 0.00000 0.00000 0.00000 0.00000 0.00000 0.00000 0.00000 0.00000 0.00000 0.00000 0.00000 0.00000 0.00000 0.00000 0.00000
11.37345 11.74728 12.11722 12.59372 13.25720 13.30152 12.46049 12.42865 12.94352 13.43937 14.98760 16.60923 17.67367 18.21882 18.92454 19.22977 18.99051 19.27370 19.61214 19.94880 20.23095 20.44547 20.64911 20.81192 20.98596 21.16867 21.27480 21.34283 21.42230 21.52059 21.62935 21.79510 21.91710 21.95196 21.50499 21.48162 21.60556 20.89634 20.76638 20.04383 15.07092 8.37304 7.06296 6.00817 5.34588 4.64085 4.53272 4.22046 3.92497 3.98988 5.80530 3.64391 2.08369 2.70733 2.01960 0.00000 0.00000 0.00000 0.00000 0.00000 0.00000 0.00000 0.00000 0.00000 0.00000 0.00000
11.98662 12.35881 12.73919 13.24458 13.91465 13.42309 12.64683 12.92919 13.44315 14.09268 15.91207 17.31581 18.22265 18.84211 19.48522 19.32462 19.31940 19.74663 20.05003 20.37591 20.66283 20.91833 21.13314 21.26885 21.42399 21.60203 21.71469 21.79262 21.87330 21.97580 22.08510 22.26971 22.40341 22.36930 21.97741 21.97119 22.07183 21.32946 21.21839 20.32735 16.04863 8.36986 6.40774 5.12007 4.21699 3.86205 4.40598 4.41830 4.46344 4.61815 6.58577 4.35772 0.00000 0.00000 0.00000 0.00000 0.00000 0.00000 0.00000 0.00000 0.00000 0.00000 0.00000 0.00000 0.00000 0.00000
12.63012 12.99182 13.37079 13.96374 14.26287 13.28974 13.00642 13.43414 13.86856 14.99736 16.88186 17.99343 18.69013 19.49285 19.80293 19.57618 19.81130 20.16537 20.46740 20.79731 21.09414 21.34456 21.52954 21.68342 21.85557 22.05968 22.20522 22.30045 22.35210 22.44207 22.55274 22.68023 22.77941 22.76160 22.63610 22.07110 22.09551 21.74748 21.32065 20.36422 16.82442 8.56195 5.75998 4.11262 3.07491 3.50142 4.32388 4.29835 4.46870 4.55601 6.21038 4.19773 2.53449 0.00000 0.00000 0.00000 0.00000 0.00000 0.00000 0.00000 0.00000 0.00000 0.00000 0.00000 0.00000 0.00000
13.19793 13.58021 13.94812 14.57675 14.11857 13.32569 13.48344 13.90730 14.33751 16.10910 17.65519 18.61421 19.17116 19.87306 19.82448 19.86315 20.28471 20.59462 20.89015 21.18161 21.45476 21.67977 21.86833 22.06239 22.26868 22.48904 22.64031 22.76700 22.84683 22.98069 23.10473 23.16794 23.21454 23.21112 23.12654 22.26176 22.54894 22.26744 21.46033 20.31282 17.58215 9.85851 6.11944 3.08960 2.96069 3.81757 4.47413 4.37327 4.50774 4.72157 5.60904 4.07159 2.50140 0.00000 0.00000 0.00000 0.00000 0.00000 0.00000 0.00000 0.00000 0.00000 0.00000 0.00000 0.00000 0.00000
13.70749 14.10409 14.56694 14.95851 13.97768 13.66337 13.99425 14.38411 14.96091 16.94957 18.31317 19.16619 19.82797 20.40227 20.13193 20.31028 20.71863 21.02056 21.32561 21.61776 21.89281 22.12419 22.34882 22.58161 22.77186 22.97854 23.14779 23.28662 23.37644 23.51044 23.62726 23.69188 23.73952 23.74411 23.56199 22.77144 22.89123 22.51885 21.88202 21.04124 18.37505 12.02303 6.94107 2.12793 2.69945 3.89002 4.69574 4.49136 4.44890 4.88626 5.28201 3.76006 2.15747 1.52867 1.35970 1.04542 0.64887 0.00000 0.00000 0.00000 0.00000 0.00000 0.00000 0.00000 0.00000 0.00000
14.15823 14.53487 15.18962 14.90113 14.02640 14.13192 14.49094 14.85437 15.70608 17.83855 18.92824 19.63349 20.56735 20.60324 20.46352 20.78812 21.14496 21.45747 21.76745 22.05662 22.32816 22.60455 22.85856 23.05640 23.20088 23.45808 23.69111 23.80229 23.87280 23.99322 24.11057 24.16336 24.17548 24.12151 23.88617 23.44403 22.84953 22.67295 22.26815 21.35772 19.15146 14.26664 8.34648 2.04796 2.21009 3.15705 3.70444 3.47678 4.03445 4.76578 4.89933 3.30484 2.20973 1.85891 1.63361 0.00000 0.00000 0.00000 0.00000 0.00000 0.00000 0.00000 0.00000 0.00000 0.00000 0.00000
14.59980 15.02293 15.63124 14.67821 14.32676 14.63845 15.00373 15.36084 16.48851 18.50606 19.49233 20.07561 20.85862 20.58498 20.80054 21.25319 21.60238 21.93147 22.25579 22.53982 22.80108 23.08690 23.33400 23.52243 23.67645 23.92822 24.08802 24.17120 24.29594 24.45668 24.54316 24.55065 24.53584 24.45317 24.27203 23.99829 23.08950 22.95977 22.57842 21.88560 20.32155 16.26321 9.68900 2.32808 1.93254 2.36904 2.71707 2.90088 3.72105 4.19369 3.84335 3.01451 2.46999 0.00000 0.00000 0.00000 0.00000 0.00000 0.00000 0.00000 0.00000 0.00000 0.00000 0.00000 0.00000 0.00000
14.99367 15.63632 15.64644 14.66804 14.75498 15.12682 15.50988 15.87163 17.30809 19.21751 20.06234 20.63853 21.35801 20.97748 21.24809 21.67225 22.00294 22.35261 22.71432 23.00480 23.28464 23.52510 23.71972 23.87278 24.06016 24.27457 24.38317 24.50404 24.63943 24.80234 24.84622 24.97316 25.06857 24.96326 24.73574 24.42421 23.72742 23.12664 23.15262 22.27087 21.15315 18.42600 11.18854 2.94448 1.74264 2.31269 3.04097 3.32178 3.56858 3.59584 3.08570 2.74793 2.24243 0.00000 0.00000 0.00000 0.00000 0.00000 0.00000 0.00000 0.00000 0.00000 0.00000 0.00000 0.00000 0.00000
15.41599 16.16179 15.33048 14.90589 15.18193 15.55009 15.95243 16.42765 18.04104 19.85618 20.60937 21.29498 21.75361 21.36333 21.63940 22.04052 22.38413 22.77097 23.11611 23.38478 23.67173 23.91325 24.12746 24.24290 24.37454 24.51998 24.65639 24.83466 24.95923 25.14078 25.32002 25.63862 25.51008 25.32882 25.03099 24.77489 24.29977 23.15936 23.52592 22.70465 21.86671 19.08408 13.26696 4.02252 1.82787 2.65351 3.34150 3.74576 3.86423 3.64642 3.10859 2.70221 1.97191 0.00000 0.00000 0.00000 0.00000 0.00000 0.00000 0.00000 0.00000 0.00000 0.00000 0.00000 0.00000 0.00000
15.93443 16.23123 15.15619 15.24066 15.57657 15.93485 16.36479 17.05035 18.81426 20.39343 21.07449 21.84114 21.84883 21.72731 22.06995 22.50245 22.86583 23.25871 23.53989 23.80841 24.05052 24.26667 24.43850 24.58433 24.74069 24.90043 25.02910 25.21248 25.40053 25.67273 25.93975 26.02983 25.63700 25.60995 25.44873 25.13169 24.61200 23.65729 23.28101 23.00035 22.24358 19.47368 15.20671 6.06612 1.69422 2.72751 3.39452 3.78159 4.02577 3.63264 3.02543 2.37593 0.00000 0.00000 0.00000 0.00000 0.00000 0.00000 0.00000 0.00000 0.00000 0.00000 0.00000 0.00000 0.00000 0.00000
16.50358 15.92458 15.29047 15.58093 15.92874 16.27291 16.81438 17.70782 19.65636 20.89087 21.53842 22.39586 22.03226 22.11081 22.51084 22.97072 23.36269 23.76176 23.98797 24.21721 24.41745 24.62329 24.77502 24.95677 25.10075 25.22449 25.36303 25.66439 25.95468 26.16948 26.21253 26.00962 25.82261 25.97962 25.78669 25.28419 24.84876 24.22119 23.10622 23.44242 22.82711 20.83341 16.69250 8.85654 2.19620 2.76342 3.47805 3.66906 3.76101 3.35742 2.89883 2.13872 0.00000 0.00000 0.00000 0.00000 0.00000 0.00000 0.00000 0.00000 0.00000 0.00000 0.00000 0.00000 0.00000 0.00000
16.65215 15.57560 15.57580 15.90728 16.27949 16.66843 17.41328 18.46287 20.47175 21.36188 21.96379 22.80880 22.24348 22.52822 22.97983 23.41982 23.78554 24.09820 24.30472 24.54757 24.77576 24.97466 25.14641 25.29689 25.40758 25.54645 25.80851 26.25092 26.42573 26.32856 26.18313 26.02196 26.09040 26.25110 25.81880 25.44332 25.07404 24.51563 23.26622 23.35696 23.43622 21.90375 18.79368 12.35279 4.31778 3.08980 3.70194 3.81365 3.64747 3.17064 2.74303 0.00000 0.00000 0.00000 0.00000 0.00000 0.00000 0.00000 0.00000 0.00000 0.00000 0.00000 0.00000 0.00000 0.00000 0.00000
16.36464 15.60639 15.89564 16.22792 16.60532 17.39372 18.19800 19.14247 21.11586 21.81001 22.36462 23.12332 22.51541 22.94235 23.40679 23.83670 24.21408 24.48905 24.70180 24.91443 25.11648 25.26202 25.43290 25.61626 25.85477 26.11240 26.43743 26.67350 26.55244 26.29285 26.12614 26.18257 26.39344 26.38573 25.84617 25.69958 25.31414 24.75947 23.68858 22.94775 24.19900 22.62755 20.64760 15.30719 7.46406 2.76862 3.60352 4.03750 3.53918 2.84868 2.18164 0.00000 0.00000 0.00000 0.00000 0.00000 0.00000 0.00000 0.00000 0.00000 0.00000 0.00000 0.00000 0.00000 0.00000 0.00000
16.00467 15.91005 16.24083 16.59987 17.09784 18.38426 19.01614 19.84856 21.74597 22.25744 22.78474 23.50885 22.87990 23.35450 23.82521 24.24743 24.61348 24.84364 25.05990 25.27781 25.43443 25.65227 25.93582 26.17668 26.43296 26.66176 26.79537 26.78120 26.58881 26.37342 26.28337 26.52591 26.74033 26.35833 25.99094 25.88474 25.50811 25.36045 23.68624 23.00952 24.06017 23.34472 22.11198 18.05360 11.02025 4.39628 4.01834 4.22583 3.75800 2.98326 1.80145 0.00000 0.00000 0.00000 0.00000 0.00000 0.00000 0.00000 0.00000 0.00000 0.00000 0.00000 0.00000 0.00000 0.00000 0.00000
15.89640 16.24507 16.61345 17.07543 17.86304 19.22549 19.74359 20.57427 22.32832 22.73039 23.23581 23.85675 23.27726 23.77280 24.23824 24.61999 24.96334 25.22264 25.45605 25.65307 25.95813 26.32696 26.57127 26.83389 27.03097 27.00954 26.89233 26.79869 26.73812 26.58086 26.62323 26.85492 26.67939 26.16885 26.14088 26.03447 25.78810 25.96207 23.76998 22.35081 24.20374 24.41275 23.30373 20.55114 14.62134 6.99802 4.40355 4.52020 3.88589 2.69939 0.00000 0.00000 0.00000 0.00000 0.00000 0.00000 0.00000 0.00000 0.00000 0.00000 0.00000 0.00000 0.00000 0.00000 0.00000 0.00000
16.06620 16.51597 16.95852 17.60259 18.61065 19.82022 20.41174 21.39562 22.85595 23.25897 23.73811 24.29976 23.69513 24.18385 24.64353 25.01341 25.33205 25.62728 25.94025 26.26275 26.62481 26.80255 26.90022 27.18773 27.38115 27.18965 26.99122 26.86993 26.94084 26.77427 26.92143 26.80942 26.39595 26.22659 26.26930 26.15978 26.02793 25.85201 24.63796 22.52168 23.68614 24.91827 24.16448 22.69415 17.82694 10.14805 5.41772 4.81874 4.07590 2.56087 0.00000 0.00000 0.00000 0.00000 0.00000 0.00000 0.00000 0.00000 0.00000 0.00000 0.00000 0.00000 0.00000 0.00000 0.00000 0.00000
16.26787 16.72098 17.29982 18.10730 19.36676 20.25889 21.08937 22.37110 23.37075 23.79575 24.28806 24.75096 24.14455 24.62169 25.11156 25.50196 25.86071 26.14932 26.44869 26.71915 26.90021 27.00097 27.21473 27.46449 27.50133 27.34578 27.15439 27.18920 27.20276 27.02277 26.93303 26.49819 26.35410 26.46538 26.48007 26.41216 26.23370 25.95902 25.23627 22.79104 23.61960 24.72473 24.64517 24.12100 20.77538 13.70267 7.90527 5.24091 4.44468 2.97319 0.00000 0.00000 0.00000 0.00000 0.00000 0.00000 0.00000 0.00000 0.00000 0.00000 0.00000 0.00000 0.00000 0.00000 0.00000 0.00000
16.44038 16.87036 17.54491 18.95121 20.06906 20.73990 21.81623 23.09578 23.81556 24.28413 24.83640 25.11187 24.67295 25.10339 25.69925 26.08442 26.42818 26.71300 26.90221 27.04500 27.16812 27.19461 27.35820 27.58934 27.71721 27.73649 27.54742 27.54953 27.20797 26.95827 26.61236 26.52480 26.67104 26.75564 26.71328 26.63836 26.50886 26.33888 25.59108 23.57505 24.20854 24.65487 25.20872 24.74977 22.94434 17.23236 10.83138 6.46289 4.89763 3.40893 1.87179 0.00000 0.00000 0.00000 0.00000 0.00000 0.00000 0.00000 0.00000 0.00000 0.00000 0.00000 0.00000 0.00000 0.00000 0.00000
16.77382 17.21308 18.15794 19.72070 20.68215 21.28940 22.34993 23.64699 24.23807 24.75060 25.30910 25.51760 25.40095 25.27634 26.18905 26.63395 27.01496 27.29378 27.30511 27.32643 27.50925 27.74008 27.87105 27.86902 27.92776 28.00647 27.88050 27.51731 26.90946 26.66757 26.58740 26.82548 26.89936 26.83515 26.79341 26.84204 26.84182 26.76343 26.09778 23.60579 24.08467 25.20120 24.96839 25.67037 24.73714 20.56142 13.97331 8.99158 5.52239 4.24892 2.53137 0.00000 0.00000 0.00000 0.00000 0.00000 0.00000 0.00000 0.00000 0.00000 0.00000 0.00000 0.00000 0.00000 0.00000 0.00000
17.32734 17.87466 18.33360 19.92255 21.16579 21.77873 22.76991 24.14691 24.65561 25.19103 25.75546 25.84017 25.86192 25.38507 26.62390 27.12321 27.56240 28.09731 28.44163 28.48790 28.53135 28.91372 29.41836 29.87108 29.51216 29.01481 28.09095 27.02998 26.54292 26.61654 26.80007 26.96341 26.87306 26.70134 26.83291 27.02306 27.08362 27.02024 26.43089 24.38169 24.16142 25.53539 24.94467 25.98849 25.40397 22.99428 17.11172 11.91512 7.60731 5.33128 3.46027 0.00000 0.00000 0.00000 0.00000 0.00000 0.00000 0.00000 0.00000 0.00000 0.00000 0.00000 0.00000 0.00000 0.00000 0.00000
17.60169 18.25892 18.62228 19.60777 21.59352 22.19629 23.15870 24.57131 25.06501 25.63380 26.21283 26.09469 26.04272 25.89434 27.08478 27.53990 27.99142 28.31010 28.80453 29.24394 29.72096 29.92042 29.86979 30.26312 29.66387 28.72702 27.24987 26.44344 26.43406 26.67123 26.80111 26.81011 26.78667 26.73388 26.97499 27.12245 27.15156 27.11163 26.75449 25.06038 24.06716 25.55428 25.13697 26.15574 25.53246 24.18449 20.27550 15.08822 10.44604 6.59379 4.92523 0.00000 0.00000 0.00000 0.00000 0.00000 0.00000 0.00000 0.00000 0.00000 0.00000 0.00000 0.00000 0.00000 0.00000 0.00000
