data/RealTopo/Outputs_RealTopo/realwog_02_null_flo2d_pfv.asc
ncols         490
nrows         555
xllcorner     167452.5
yllcorner     361952.5
cellsize      5
NODATA_value  -9999
[rows 340 to 373 of 555, columns 231 to 307 of 490]
-9999 -9999 -9999 -9999 -9999 -9999 -9999 -9999 -9999 -9999 -9999 -9999 -9999 -9999 -9999 -9999 -9999 -9999 -9999 -9999 -9999 -9999 -9999 -9999 -9999 -9999 -9999 -9999 -9999 -9999 -9999 -9999 -9999 -9999 -9999 -9999 0.707 1.248 1.784 2.521 2.04 1.449 1.551 1.772 2.313 2.659 2.246 2.193 2.653 3.289 4.2 4.648 3.384 2.341 2.347 2.619 3.038 3.578 3.354 3.813 4.631 5.185 5.863 6.117 5.852 5.337 4.873 4.562 4.323 4.004 3.729 3.659 3.359 3.025 2.648 2.267 1.76
-9999 -9999 -9999 -9999 -9999 -9999 -9999 -9999 -9999 -9999 -9999 -9999 -9999 -9999 -9999 -9999 -9999 -9999 -9999 -9999 -9999 -9999 -9999 -9999 -9999 -9999 -9999 -9999 -9999 -9999 -9999 -9999 -9999 -9999 -9999 -9999 0.72 1.251 1.962 2.625 2.257 1.664 1.582 1.5 1.826 2.614 2.688 2.419 2.185 2.851 3.675 4.53 3.836 2.977 2.428 2.464 3.078 3.607 3.03 2.678 3.418 4.194 4.79 5.768 6.448 6.24 5.735 5.545 5.407 5.221 5.174 5.143 5.131 4.849 4.523 3.99 3.314
-9999 -9999 -9999 -9999 -9999 -9999 -9999 -9999 -9999 -9999 -9999 -9999 -9999 -9999 -9999 -9999 -9999 -9999 -9999 -9999 -9999 -9999 -9999 -9999 -9999 -9999 -9999 -9999 -9999 -9999 -9999 -9999 -9999 -9999 -9999 -9999 0.818 1.462 2.309 2.752 2.512 1.441 1.2 1.361 1.683 2.124 3.189 2.734 2.529 2.627 3.684 4.17 3.806 3.376 2.893 2.761 3.111 3.764 3.719 2.306 2.156 2.881 3.657 4.451 5.341 6.052 5.947 5.339 5.601 5.953 6.017 6.521 6.706 7.077 6.961 6.743 6.201
-9999 -9999 -9999 -9999 -9999 -9999 -9999 -9999 -9999 -9999 -9999 -9999 -9999 -9999 -9999 -9999 -9999 -9999 -9999 -9999 -9999 -9999 -9999 -9999 -9999 -9999 -9999 -9999 -9999 -9999 -9999 -9999 -9999 -9999 -9999 0.484 1.12 1.952 2.777 3.024 2.138 1.148 0.97 1.386 1.778 1.928 2.865 3.215 3.048 3.441 3.97 3.56 3.911 4.115 3.227 2.854 3.293 3.811 4.123 2.628 1.704 1.946 2.571 3.189 3.895 5.248 6.754 5.732 4.82 4.294 4.685 5.19 5.57 5.813 6.022 6.127 6.152
-9999 -9999 -9999 -9999 -9999 -9999 -9999 -9999 -9999 -9999 -9999 -9999 -9999 -9999 -9999 -9999 -9999 -9999 -9999 -9999 -9999 -9999 -9999 -9999 -9999 -9999 -9999 -9999 -9999 -9999 -9999 -9999 -9999 -9999 -9999 0.813 1.512 2.357 3.08 2.938 1.452 0.816 0.745 1.391 1.826 1.973 2.488 3.623 3.797 4.737 4.084 3.095 3.641 4.466 3.728 3.046 3.512 4.076 4.444 3.115 1.632 1.558 2.187 2.211 2.833 3.864 6.356 6.207 4.96 4.163 3.666 3.225 3.48 3.677 4.177 4.663 5.089
-9999 -9999 -9999 -9999 -9999 -9999 -9999 -9999 -9999 -9999 -9999 -9999 -9999 -9999 -9999 -9999 -9999 -9999 -9999 -9999 -9999 -9999 -9999 -9999 -9999 -9999 -9999 -9999 -9999 -9999 -9999 -9999 -9999 -9999 0.502 1.209 2.191 2.981 3.351 1.818 0.992 0.518 0.904 1.384 1.949 2.205 2.353 3.164 4.119 4.769 3.996 3.211 3.349 4.319 4.341 3.417 3.799 4.183 4.914 3.47 1.826 1.424 1.99 1.887 2.179 3.195 4.495 6.442 5.648 4.506 3.663 3.102 2.78 2.841 2.769 3.1 3.429
-9999 -9999 -9999 -9999 -9999 -9999 -9999 -9999 -9999 -9999 -9999 -9999 -9999 -9999 -9999 -9999 -9999 -9999 -9999 -9999 -9999 -9999 -9999 -9999 -9999 -9999 -9999 -9999 -9999 -9999 -9999 -9999 -9999 -9999 0.957 1.816 2.704 3.447 2.503 1.192 0.685 -9999 0.835 1.099 1.75 2.01 2.128 2.734 4.389 4.407 3.952 3.31 3.302 3.853 4.304 3.673 3.896 4.041 5.133 3.545 1.976 1.416 1.69 1.873 1.599 2.376 3.359 4.864 6.355 5.919 4.393 3.205 2.631 2.522 2.694 2.97 2.971
-9999 -9999 -9999 -9999 -9999 -9999 -9999 -9999 -9999 -9999 -9999 -9999 -9999 -9999 -9999 -9999 -9999 -9999 -9999 -9999 -9999 -9999 -9999 -9999 -9999 -9999 -9999 -9999 -9999 -9999 -9999 -9999 -9999 0.35 1.477 2.395 3.245 3.191 1.353 0.841 0.68 -9999 0.846 0.852 1.398 2.045 2.243 2.693 4.524 4.813 4.321 3.709 3.338 3.737 4.272 3.866 3.808 4.137 4.931 3.581 1.975 1.414 1.453 1.954 1.607 1.573 2.52 3.557 4.768 6.229 5.749 4.455 3.583 2.881 2.604 2.56 2.597
-9999 -9999 -9999 -9999 -9999 -9999 -9999 -9999 -9999 -9999 -9999 -9999 -9999 -9999 -9999 -9999 -9999 -9999 -9999 -9999 -9999 -9999 -9999 -9999 -9999 -9999 -9999 -9999 -9999 -9999 -9999 -9999 -9999 0.76 1.972 2.846 3.492 2.041 1.189 0.815 0.444 -9999 0.639 0.764 0.958 1.717 2.163 2.51 3.779 4.983 4.163 3.734 3.369 3.675 4.326 3.741 3.975 4.737 4.643 3.896 2.046 1.462 1.469 1.89 2.034 1.283 1.505 2.501 3.45 4.633 6.51 5.824 4.452 3.611 2.968 2.819 2.672
-9999 -9999 -9999 -9999 -9999 -9999 -9999 -9999 -9999 -9999 -9999 -9999 -9999 -9999 -9999 -9999 -9999 -9999 -9999 -9999 -9999 -9999 -9999 -9999 -9999 -9999 -9999 -9999 -9999 -9999 -9999 -9999 -9999 0.977 2.571 3.58 3.26 1.321 1.291 0.838 -9999 0.467 0.357 0.651 0.846 1.49 2.116 2.521 3.269 4.993 4.14 3.844 3.499 3.578 4.438 3.696 4.37 5.091 4.652 4.222 2.33 1.572 1.475 2.04 2.443 1.434 1.021 1.448 2.373 3.297 4.951 6.38 6.186 4.376 3.765 3.139 3.033
-9999 -9999 -9999 -9999 -9999 -9999 -9999 -9999 -9999 -9999 -9999 -9999 -9999 -9999 -9999 -9999 -9999 -9999 -9999 -9999 -9999 -9999 -9999 -9999 -9999 -9999 -9999 -9999 -9999 -9999 -9999 -9999 0.521 1.258 3.146 3.821 2.509 1.172 1.419 0.639 -9999 0.433 0.546 -9999 0.867 1.504 1.618 2.66 2.987 4.83 4.532 4.336 3.751 3.554 4.589 3.798 4.612 4.647 5.036 4.27 2.281 1.583 1.47 2.235 3.115 1.764 0.857 0.653 1.284 2.281 3.375 5.014 6.236 6.338 4.702 3.803 3.261
-9999 -9999 -9999 -9999 -9999 -9999 -9999 -9999 -9999 -9999 -9999 -9999 -9999 -9999 -9999 -9999 -9999 -9999 -9999 -9999 -9999 -9999 -9999 -9999 -9999 -9999 -9999 -9999 -9999 -9999 -9999 -9999 0.529 1.493 3.33 3.288 1.991 1.283 1.246 0.486 -9999 -9999 0.627 -9999 0.875 1.394 1.53 2.546 2.942 4.371 4.847 4.583 3.92 3.709 4.878 3.878 4.342 4.168 5.615 4.244 2.088 1.508 1.596 2.118 3.242 1.894 0.933 0.588 0.365 1.165 2.317 3.636 4.762 6.562 6.042 4.569 3.725
-9999 -9999 -9999 -9999 -9999 -9999 -9999 -9999 -9999 -9999 -9999 -9999 -9999 -9999 -9999 -9999 -9999 -9999 -9999 -9999 -9999 -9999 -9999 -9999 -9999 -9999 -9999 -9999 -9999 -9999 -9999 -9999 0.523 1.589 3.363 2.911 2.113 1.5 1.096 -9999 -9999 -9999 0.523 -9999 0.682 1.285 1.545 2.299 2.942 4.074 5.444 5.036 4.474 3.983 4.979 3.816 3.519 4.207 6.068 3.995 2.238 1.49 1.522 2.106 3.283 1.723 0.988 0.547 -9999 -9999 0.789 2.523 3.596 4.918 6.736 5.694 4.54
-9999 -9999 -9999 -9999 -9999 -9999 -9999 -9999 -9999 -9999 -9999 -9999 -9999 -9999 -9999 -9999 -9999 -9999 -9999 -9999 -9999 -9999 -9999 -9999 -9999 -9999 -9999 -9999 -9999 -9999 -9999 0.219 0.835 1.858 3.283 2.854 2.568 1.677 1.091 -9999 -9999 -9999 0.557 -9999 0.657 1.065 1.437 2.378 2.947 3.809 5.364 5.433 4.954 4.157 4.662 3.739 3.215 4.225 6.253 3.653 2.142 1.567 1.536 2.409 3.51 1.8 1.046 -9999 -9999 -9999 -9999 0.611 2.689 3.881 5.633 6.441 6.029
-9999 -9999 -9999 -9999 -9999 -9999 -9999 -9999 -9999 -9999 -9999 -9999 -9999 -9999 -9999 -9999 -9999 -9999 -9999 -9999 -9999 -9999 -9999 -9999 -9999 -9999 -9999 -9999 -9999 -9999 -9999 0.521 1.091 2.188 3.281 2.936 2.885 2.114 1.177 -9999 -9999 -9999 0.52 0.524 0.687 1.001 1.275 2.016 2.893 3.442 4.685 5.55 5.014 4.356 4.281 3.833 3.58 4.166 5.779 4.704 2.182 1.719 1.477 2.27 3.103 1.831 0.86 -9999 -9999 -9999 -9999 0.316 1.23 3.033 4.18 6.042 6.725
-9999 -9999 -9999 -9999 -9999 -9999 -9999 -9999 -9999 -9999 -9999 -9999 -9999 -9999 -9999 -9999 -9999 -9999 -9999 -9999 -9999 -9999 -9999 -9999 -9999 -9999 -9999 -9999 -9999 -9999 0.504 1.005 1.437 1.938 3.32 3.099 2.817 2.253 1.248 0.484 -9999 -9999 0.544 0.527 0.752 1.011 1.257 1.533 2.596 3.524 4.464 5.787 5.192 4.593 4.124 3.788 3.603 4.419 5.311 5.082 2.568 1.751 1.301 2.001 3.024 2.26 0.685 -9999 -9999 -9999 -9999 0.361 1.009 2.161 3.24 4.582 5.542
-9999 -9999 -9999 -9999 -9999 -9999 -9999 -9999 -9999 -9999 -9999 -9999 -9999 -9999 -9999 -9999 -9999 -9999 -9999 -9999 -9999 -9999 -9999 -9999 -9999 -9999 -9999 -9999 -9999 -9999 0.793 1.31 1.733 1.45 3.057 3.377 2.995 2.452 1.515 0.651 0.515 -9999 0.573 0.529 0.808 1.117 1.356 1.408 1.848 3.269 4.584 5.848 5.585 4.734 4.309 3.943 3.367 4.014 4.85 4.373 2.561 1.628 1.25 1.909 2.885 2.603 1.003 -9999 -9999 -9999 -9999 0.477 1.082 2.256 3.046 2.918 4.106
-9999 -9999 -9999 -9999 -9999 -9999 -9999 -9999 -9999 -9999 -9999 -9999 -9999 -9999 -9999 -9999 -9999 -9999 -9999 -9999 -9999 -9999 -9999 -9999 -9999 -9999 -9999 -9999 -9999 0.491 1.165 1.566 1.68 1.209 2.441 3.209 3.232 2.699 1.767 0.85 0.513 0.511 0.58 0.667 0.763 1.194 1.366 1.591 1.382 2.658 4.666 5.837 6.083 4.876 4.698 4.031 3.346 3.761 5.216 4.952 2.313 1.472 1.172 1.792 2.851 3.018 1.227 -9999 -9999 -9999 -9999 0.622 1.47 2.586 3.438 1.471 2.796
-9999 -9999 -9999 -9999 -9999 -9999 -9999 -9999 -9999 -9999 -9999 -9999 -9999 -9999 -9999 -9999 -9999 -9999 -9999 -9999 -9999 -9999 -9999 -9999 -9999 -9999 -9999 -9999 0.502 0.904 1.402 1.795 1.021 1.192 1.853 3.036 3.729 3.397 2.198 1.166 0.533 0.494 0.645 0.737 0.749 1.199 1.526 1.53 1.383 2.25 4.39 5.677 6.133 5.211 4.7 4.012 3.457 3.898 5.468 5.104 2.331 1.493 1.171 1.473 2.882 3.206 1.452 -9999 -9999 -9999 -9999 0.486 1.579 2.822 3.779 1.01 1.124
-9999 -9999 -9999 -9999 -9999 -9999 -9999 -9999 -9999 -9999 -9999 -9999 -9999 -9999 -9999 -9999 -9999 -9999 -9999 -9999 -9999 -9999 -9999 -9999 -9999 -9999 -9999 -9999 0.549 1.329 1.773 1.464 0.916 1.326 1.639 2.509 3.827 3.795 2.542 1.464 0.813 0.506 0.695 0.724 0.751 1.157 1.654 1.457 1.279 2.01 3.576 5.166 6.065 5.8 4.595 3.942 3.474 3.942 5.631 4.669 2.211 1.579 1.012 1.242 3.093 3.613 1.395 -9999 -9999 -9999 -9999 -9999 1.663 3.842 2.708 0.67 0.814
-9999 -9999 -9999 -9999 -9999 -9999 -9999 -9999 -9999 -9999 -9999 -9999 -9999 -9999 -9999 -9999 -9999 -9999 -9999 -9999 -9999 -9999 -9999 -9999 -9999 -9999 -9999 0.487 1.238 1.674 1.743 0.886 1.037 1.437 1.625 1.541 3.563 3.97 3.085 1.708 0.717 0.522 0.681 0.769 0.733 1.064 1.6 1.566 1.116 1.784 2.913 4.531 6.171 6.236 4.724 3.901 3.401 4.254 5.798 4.273 2.156 1.717 0.741 0.865 3.127 3.784 0.933 -9999 -9999 -9999 -9999 -9999 1.583 4.282 2.188 -9999 -9999
-9999 -9999 -9999 -9999 -9999 -9999 -9999 -9999 -9999 -9999 -9999 -9999 -9999 -9999 -9999 -9999 -9999 -9999 -9999 -9999 -9999 -9999 -9999 -9999 -9999 -9999 0.507 1.14 1.519 1.91 0.773 0.808 1.318 1.292 1.344 1.585 2.649 4.158 3.765 2.428 0.998 0.522 0.742 0.847 0.973 0.977 1.445 1.562 1.052 1.607 2.531 4.061 6.181 6.443 4.784 3.883 3.549 4.708 5.726 3.902 2.127 1.496 0.603 0.686 2.974 4.092 1.139 -9999 -9999 -9999 -9999 -9999 1.426 4.163 2.422 -9999 -9999
-9999 -9999 -9999 -9999 -9999 -9999 -9999 -9999 -9999 -9999 -9999 -9999 -9999 -9999 -9999 -9999 -9999 -9999 -9999 -9999 -9999 -9999 -9999 -9999 -9999 -9999 0.822 1.546 2.042 1.09 0.784 0.887 1.229 1.42 1.299 1.621 2.069 3.857 4.321 3.167 1.282 0.702 0.621 0.967 1.032 1.016 1.355 1.644 1.136 1.417 2.209 3.797 6.15 6.66 4.867 3.841 3.73 4.916 5.665 3.624 2.217 1.378 0.572 -9999 2.403 4.379 1.995 0.458 -9999 -9999 -9999 -9999 1.172 3.788 2.844 0.386 -9999
-9999 -9999 -9999 -9999 -9999 -9999 -9999 -9999 -9999 -9999 -9999 -9999 -9999 -9999 -9999 -9999 -9999 -9999 -9999 -9999 -9999 -9999 -9999 -9999 -9999 0.509 1.412 1.936 1.675 0.87 0.853 0.921 1.199 1.528 1.577 1.598 1.918 2.219 4.689 4.142 2.208 0.818 0.695 1.094 1.191 1.2 1.151 1.567 1.299 1.282 1.842 3.63 6.036 6.619 5.024 3.74 3.539 4.988 5.519 3.483 2.1 1.294 0.662 -9999 1.499 4.158 2.938 1.048 -9999 -9999 -9999 -9999 0.85 3.333 3.583 0.905 0.471
-9999 -9999 -9999 -9999 -9999 -9999 -9999 -9999 -9999 -9999 -9999 -9999 -9999 -9999 -9999 -9999 -9999 -9999 -9999 -9999 -9999 -9999 -9999 -9999 0.518 1.095 1.688 1.845 1.136 0.834 0.856 0.964 1.041 1.402 1.815 1.91 1.617 1.953 4.356 4.631 3.219 0.996 0.708 1.237 1.333 1.361 1.17 1.413 1.478 1.215 1.746 3.415 5.942 6.534 5.139 3.763 3.347 5.145 5.724 3.536 1.983 1.229 0.723 -9999 1.013 3.697 3.532 1.836 0.477 -9999 -9999 -9999 0.647 2.974 4.023 1.31 0.544
-9999 -9999 -9999 -9999 -9999 -9999 -9999 -9999 -9999 -9999 -9999 -9999 -9999 -9999 -9999 -9999 -9999 -9999 -9999 -9999 -9999 -9999 -9999 -9999 0.721 1.447 1.864 1.452 1.05 0.84 0.833 0.892 1.039 1.279 1.787 2.183 1.545 1.773 3.337 4.564 3.849 1.945 0.769 1.208 1.541 1.464 1.287 1.313 1.489 1.276 1.609 3.079 5.775 6.632 5.304 3.964 3.386 5.115 5.863 3.914 1.962 1.141 0.695 -9999 0.677 2.849 3.967 2.446 0.534 -9999 -9999 -9999 0.696 2.663 4.16 1.683 0.551
0.53 0.66 0.643 0.51 0.208 -9999 -9999 -9999 -9999 -9999 -9999 -9999 -9999 -9999 -9999 -9999 -9999 -9999 -9999 -9999 -9999 -9999 -9999 0.509 1.028 1.769 1.625 1.431 1.149 0.994 0.903 0.885 1.194 1.324 1.885 2.314 1.652 1.776 2.407 4.46 4.615 3.151 1.333 1.077 1.485 1.535 1.361 1.266 1.391 1.216 1.641 2.905 5.616 6.717 5.5 4.196 3.388 4.945 6.014 4.437 2.188 1.112 0.634 -9999 0.481 1.981 4.125 2.902 1.051 -9999 -9999 -9999 0.57 2.337 4.093 1.88 -9999
-9999 0 0.509 0.584 0.615 0.497 -9999 -9999 -9999 -9999 -9999 -9999 -9999 -9999 -9999 -9999 -9999 -9999 -9999 -9999 -9999 -9999 -9999 0.536 1.343 1.759 1.551 1.342 1.173 1.083 0.803 0.732 1.144 1.46 1.986 2.163 2.078 1.829 2.212 4.03 4.863 3.703 1.87 1.221 1.483 1.73 1.545 1.13 1.271 1.189 1.7 2.667 5.437 6.507 5.611 4.466 3.528 4.727 6.195 4.959 2.499 1.128 0.53 -9999 -9999 1.538 3.978 3.47 1.658 0.498 -9999 -9999 0.616 2.495 4.008 2.057 0.483
-9999 -9999 0 0.531 0.559 0.582 0.568 0.529 -9999 -9999 -9999 -9999 -9999 -9999 -9999 -9999 -9999 -9999 -9999 -9999 -9999 -9999 -9999 0.603 1.386 1.68 1.514 1.314 1.208 1.046 0.847 0.729 1.048 1.518 2.234 1.939 1.98 1.936 2.187 3.539 5.346 4.773 2.649 1.596 1.376 1.762 1.611 1.08 1.166 1.182 1.637 2.449 5.395 6.151 5.503 4.662 3.779 4.547 6.307 5.3 2.757 1.176 -9999 -9999 -9999 1.112 3.373 3.606 2.213 1.081 0.528 -9999 1.043 3.073 3.932 2.025 0.499
-9999 -9999 -9999 0 0.558 0.562 0.562 0.542 0.51 -9999 -9999 -9999 -9999 -9999 -9999 -9999 -9999 -9999 -9999 -9999 -9999 -9999 -9999 0.637 1.204 1.66 1.476 1.299 1.193 1.23 1.02 0.799 0.909 1.344 2.393 1.926 1.665 2.094 2.228 3.164 4.913 5.025 3.257 1.849 1.621 1.777 1.509 1.191 1.101 1.112 1.52 2.43 5.408 5.939 5.34 4.703 3.841 4.275 6.441 5.567 2.878 1.236 0.501 -9999 -9999 0.703 2.948 3.582 2.385 1.309 0.825 0.406 1.985 3.469 3.436 1.772 0.529
-9999 -9999 -9999 -9999 -9999 0.517 0.529 0.559 0.563 0.552 -9999 -9999 -9999 -9999 -9999 -9999 -9999 -9999 -9999 -9999 -9999 -9999 0.504 0.71 1.11 1.626 1.421 1.299 1.296 1.345 1.161 0.782 0.82 1.283 2.398 2.171 1.631 1.876 2.205 2.745 3.927 4.718 3.339 2.111 1.915 1.717 1.538 1.286 0.964 0.949 1.523 2.503 5.268 5.836 5.258 4.699 3.974 4.055 6.657 5.957 2.915 1.326 -9999 -9999 -9999 0.631 2.569 3.874 2.838 1.644 1.069 1.307 2.492 3.534 3.013 1.504 0.612
-9999 0.143 0.501 0.516 0.493 0.488 0.569 0.547 0.594 0.555 0.548 -9999 -9999 -9999 -9999 -9999 -9999 -9999 -9999 -9999 -9999 -9999 0.544 0.758 1.194 1.517 1.475 1.273 1.327 1.424 1.35 0.884 0.77 1.263 2.219 2.347 1.73 1.796 2.171 2.795 3.409 4.642 3.629 2.237 2.042 1.858 1.607 1.268 0.883 0.996 1.571 2.555 4.992 5.871 5.25 4.737 4.128 3.967 6.626 6.256 3.246 1.044 -9999 -9999 -9999 0.516 2.061 3.963 3.271 2.054 1.272 1.815 2.647 3.401 2.754 1.363 0.773
0 0.483 0.506 0.557 0.526 0.503 0.559 0.553 0.585 0.555 0.546 0.55 0.538 -9999 -9999 -9999 -9999 -9999 -9999 -9999 -9999 0.534 0.564 0.868 1.288 1.506 1.614 1.368 1.262 1.447 1.508 1.118 0.865 1.281 2.005 2.671 1.913 1.681 2.069 2.729 3.228 4.338 4.116 2.71 2.128 1.94 1.587 1.217 0.896 1.097 1.658 2.655 4.743 5.981 5.334 4.777 4.156 3.951 6.611 6.423 4.094 1.028 -9999 -9999 0.465 0.459 1.776 3.878 3.696 2.436 1.513 2.652 2.789 3.29 2.614 1.281 0.882
-9999 -9999 0 0.534 0.531 0.559 0.513 0.556 0.555 0.553 0.535 0.541 0.561 0.558 -9999 -9999 -9999 -9999 -9999 -9999 -9999 0.53 0.57 1.02 1.192 1.495 1.584 1.512 1.14 1.323 1.579 1.255 1.086 1.368 1.755 2.835 2.082 1.628 2.065 2.47 3.102 4.162 4.502 3.398 2.374 2.073 1.641 1.15 0.88 1.208 1.743 2.876 4.75 5.924 5.617 4.812 4.191 4.028 6.758 6.521 4.678 1.636 -9999 0 0.53 0.644 1.577 3.87 4.056 2.884 1.981 3.168 3.092 3.317 2.516 1.23 0.722
