data/RealTopo/Outputs_RealTopo/realWog_02RealTopo_null_INRAEaval_pfv.asc
ncols        490
nrows        555
xllcenter    167455.
yllcenter    361955.
cellsize     5.
nodata_value  -9999
[rows 377 to 405 of 555, columns 330 to 395 of 490]
41.53647 40.97096 40.66522 39.01384 37.38953 35.39318 37.89289 39.71904 39.60217 39.58372 39.01189 37.16850 36.91175 35.55379 33.34038 28.89790 25.91383 24.01987 22.29856 20.59787 19.31385 17.88079 16.59071 15.75396 15.36732 14.18199 13.89687 13.04020 11.78806 10.57323 8.57330 9.04470 8.70513 6.51001 3.22120 0.00000 0.00000 0.00000 0.00000 0.00000 0.00000 0.00000 0.00000 0.00000 0.00000 0.00000 0.00000 0.00000 0.00000 0.00000 0.00000 0.00000 0.00000 0.00000 0.00000 0.00000 0.00000 0.00000 0.00000 0.00000 0.00000 0.00000 0.00000 0.00000 0.00000 0.00000
37.18422 41.76351 36.59516 38.17706 38.17387 38.71138 35.75273 37.61297 37.76748 38.69630 39.13883 37.52777 37.64950 35.95875 32.38721 30.38634 27.37621 24.55747 23.62918 22.16730 20.54002 18.83174 17.28518 16.00052 15.48293 14.31937 13.91218 12.95116 12.24341 11.13789 9.07710 9.41841 8.89800 7.13001 3.76066 0.00000 0.00000 0.00000 0.00000 0.00000 0.00000 0.00000 0.00000 0.00000 0.00000 0.00000 0.00000 0.00000 0.00000 0.00000 0.00000 0.00000 0.00000 0.00000 0.00000 0.00000 0.00000 0.00000 0.00000 0.00000 0.00000 0.00000 0.00000 0.00000 0.00000 0.00000
36.90759 37.16066 41.38318 35.01109 32.75592 34.75887 37.81834 34.85850 34.85195 37.79474 39.02278 38.30357 37.82145 34.83691 32.14406 31.47613 28.78615 25.96412 24.57203 23.62442 22.41763 19.40426 18.19448 17.48767 16.08680 14.91936 14.14996 13.18846 12.68154 11.73163 10.12199 9.11003 9.20049 7.74427 4.87049 0.00000 0.00000 0.00000 0.00000 0.00000 0.00000 0.00000 0.00000 0.00000 0.00000 0.00000 0.00000 0.00000 0.00000 0.00000 0.00000 0.00000 0.00000 0.00000 0.00000 0.00000 0.00000 0.00000 0.00000 0.00000 0.00000 0.00000 0.00000 0.00000 0.00000 0.00000
42.74746 32.49022 42.31160 39.16980 36.14597 33.65888 33.90801 35.12175 34.34943 35.45234 37.00575 37.97158 36.94595 33.44592 33.27401 32.96481 30.56198 27.29489 25.36560 25.26283 23.61118 20.17230 19.21673 18.35850 16.59834 15.16892 14.01366 13.37196 13.05223 12.53821 11.04628 9.01040 9.42026 7.75368 5.72130 3.00704 0.00000 0.00000 0.00000 0.00000 0.00000 0.00000 0.00000 0.00000 0.00000 0.00000 0.00000 0.00000 0.00000 0.00000 0.00000 0.00000 0.00000 0.00000 0.00000 0.00000 0.00000 0.00000 0.00000 0.00000 0.00000 0.00000 0.00000 0.00000 0.00000 0.00000
43.95132 36.71775 40.81505 39.83856 39.89127 38.46345 32.91675 30.42643 33.84753 33.99875 36.08307 36.90236 34.36800 33.23628 34.87684 33.88216 31.25068 27.43369 26.58533 26.24069 24.42174 22.29988 20.28690 18.89540 17.53617 15.72111 14.62744 13.97948 13.63422 13.22854 11.76040 9.96580 9.74312 8.00470 5.42540 3.59046 2.53876 0.00000 0.00000 0.00000 0.00000 0.00000 0.00000 0.00000 0.00000 0.00000 0.00000 0.00000 0.00000 0.00000 0.00000 0.00000 0.00000 0.00000 0.00000 0.00000 0.00000 0.00000 0.00000 0.00000 0.00000 0.00000 0.00000 0.00000 0.00000 0.00000
45.27660 43.62339 42.39004 41.32306 34.71939 36.31488 37.21169 33.75773 30.88805 33.08563 35.13692 35.92070 33.90291 33.96642 33.88542 32.63140 30.68748 28.33283 27.55013 27.28486 25.74906 23.99051 21.15579 19.44425 18.32560 16.33119 15.28953 14.90294 14.94391 13.95111 12.88443 11.38514 10.09679 8.58179 5.89122 4.14146 3.52996 0.00000 0.00000 0.00000 0.00000 0.00000 0.00000 0.00000 0.00000 0.00000 0.00000 0.00000 0.00000 0.00000 0.00000 0.00000 0.00000 0.00000 0.00000 0.00000 0.00000 0.00000 0.00000 0.00000 0.00000 0.00000 0.00000 0.00000 0.00000 0.00000
44.10872 44.18652 42.87584 40.42951 34.49696 33.53670 36.57559 36.43739 35.55935 32.35839 33.13284 34.69567 34.28422 34.01676 32.90137 31.16942 29.97753 29.34194 28.68061 27.78308 26.40507 24.58827 22.30376 20.49247 19.13449 17.36220 16.34546 16.08532 15.57382 14.23419 14.05995 12.56739 10.68616 8.95966 6.87289 5.30157 4.10684 0.00000 0.00000 0.00000 0.00000 0.00000 0.00000 0.00000 0.00000 0.00000 0.00000 0.00000 0.00000 0.00000 0.00000 0.00000 0.00000 0.00000 0.00000 0.00000 0.00000 0.00000 0.00000 0.00000 0.00000 0.00000 0.00000 0.00000 0.00000 0.00000
43.66248 41.96666 40.52248 39.39871 37.37585 33.95420 36.34357 35.84918 35.64191 37.24456 35.98867 34.19152 33.44326 33.46737 33.00441 32.24974 31.43529 30.70677 29.63457 28.93396 28.55208 25.92599 23.72096 21.79360 20.43793 18.22664 17.63075 16.66248 15.44685 14.87883 14.70577 13.37611 11.16512 8.98967 6.96170 5.99405 5.09108 3.14424 0.00000 0.00000 0.00000 0.00000 0.00000 0.00000 0.00000 0.00000 0.00000 0.00000 0.00000 0.00000 0.00000 0.00000 0.00000 0.00000 0.00000 0.00000 0.00000 0.00000 0.00000 0.00000 0.00000 0.00000 0.00000 0.00000 0.00000 0.00000
43.74911 42.23282 39.83488 38.94128 38.77486 36.48573 36.22613 36.02882 35.57162 36.82192 37.21958 36.52843 35.72225 35.23652 35.03794 35.36920 34.67583 32.98753 30.98610 29.90080 29.04864 26.59442 24.69841 23.30424 21.45443 19.04307 18.45826 16.96936 15.83724 15.70801 15.06251 13.95955 11.68089 9.20907 7.32777 6.30574 5.64343 3.96827 0.00000 0.00000 0.00000 0.00000 0.00000 0.00000 0.00000 0.00000 0.00000 0.00000 0.00000 0.00000 0.00000 0.00000 0.00000 0.00000 0.00000 0.00000 0.00000 0.00000 0.00000 0.00000 0.00000 0.00000 0.00000 0.00000 0.00000 0.00000
43.43342 43.34036 42.19450 40.15739 39.16978 38.42594 36.88442 36.07803 36.27008 36.66852 35.62785 36.12331 35.95321 36.57494 37.31255 37.48288 34.47037 32.86916 31.94370 31.10281 29.59044 27.03513 25.54726 24.37465 22.40199 20.76239 19.26249 17.79365 16.58503 15.87942 15.03941 14.39224 12.58287 10.05764 7.75291 6.58748 5.61417 3.92103 0.00000 0.00000 0.00000 0.00000 0.00000 0.00000 0.00000 0.00000 0.00000 0.00000 0.00000 0.00000 0.00000 0.00000 0.00000 0.00000 0.00000 0.00000 0.00000 0.00000 0.00000 0.00000 0.00000 0.00000 0.00000 0.00000 0.00000 0.00000
43.94481 43.66781 42.80725 41.72787 40.61701 39.14971 37.81596 37.25546 37.75739 37.17868 34.84347 35.92892 37.09702 37.54124 37.64757 36.35230 33.94348 34.10029 32.54588 30.20485 28.12205 26.59761 25.78760 24.94770 23.53637 22.13495 19.89245 18.41171 16.98322 15.68294 15.03009 14.73443 13.37957 10.87044 8.05293 6.63582 5.77721 3.73451 0.00000 0.00000 0.00000 0.00000 0.00000 0.00000 0.00000 0.00000 0.00000 0.00000 0.00000 0.00000 0.00000 0.00000 0.00000 0.00000 0.00000 0.00000 0.00000 0.00000 0.00000 0.00000 0.00000 0.00000 0.00000 0.00000 0.00000 0.00000
43.42714 42.93555 42.33525 41.98207 41.23537 40.21751 39.39760 39.03528 38.87017 37.86419 35.98315 34.84153 36.61752 37.79520 34.59437 32.96157 34.50066 34.79883 32.77515 31.92150 30.18018 28.18422 26.72390 25.39670 24.15815 22.58075 20.49740 18.89993 17.23033 15.78260 15.35536 14.87985 13.73603 11.77787 8.50651 6.56144 5.93116 3.66481 0.00000 0.00000 0.00000 0.00000 0.00000 0.00000 0.00000 0.00000 0.00000 0.00000 0.00000 0.00000 0.00000 0.00000 0.00000 0.00000 0.00000 0.00000 0.00000 0.00000 0.00000 0.00000 0.00000 0.00000 0.00000 0.00000 0.00000 0.00000
43.93989 45.20345 45.09872 43.60291 42.05144 41.30132 40.94370 40.40314 39.06619 38.03022 37.27287 35.64193 34.94892 35.96128 36.59283 36.57910 35.24363 34.61918 33.36439 32.21747 31.04114 29.94075 28.12439 26.62569 24.63609 22.66101 21.06028 19.47957 17.98119 16.81718 15.99840 15.16780 14.29074 12.80930 9.57400 7.02814 6.42152 3.92833 0.00000 0.00000 0.00000 0.00000 0.00000 0.00000 0.00000 0.00000 0.00000 0.00000 0.00000 0.00000 0.00000 0.00000 0.00000 0.00000 0.00000 0.00000 0.00000 0.00000 0.00000 0.00000 0.00000 0.00000 0.00000 0.00000 0.00000 0.00000
44.97003 45.58933 45.46628 43.43091 43.09248 42.86688 41.81658 40.74386 39.10026 38.27151 37.32584 36.26151 35.00975 35.92176 36.39714 35.72451 35.44615 32.62205 32.07806 31.29788 30.07314 29.26451 28.22922 27.44519 25.95062 24.09905 22.55285 21.06082 19.53763 18.15993 16.66250 15.42678 14.80270 13.64007 10.88208 7.72176 6.90226 4.54956 0.00000 0.00000 0.00000 0.00000 0.00000 0.00000 0.00000 0.00000 0.00000 0.00000 0.00000 0.00000 0.00000 0.00000 0.00000 0.00000 0.00000 0.00000 0.00000 0.00000 0.00000 0.00000 0.00000 0.00000 0.00000 0.00000 0.00000 0.00000
46.11469 45.66609 44.52390 42.94185 43.78208 43.36967 42.40607 41.20112 39.73063 38.58217 37.03858 36.38294 35.29161 35.37560 35.57080 34.30420 34.81149 34.93186 32.14236 30.52262 30.13893 29.68160 29.34207 28.40845 26.70883 25.50283 24.53718 22.84651 20.84154 19.08055 17.48154 16.09268 15.72591 14.73616 12.07086 8.52552 6.81518 4.98216 3.21836 0.00000 0.00000 0.00000 0.00000 0.00000 0.00000 0.00000 0.00000 0.00000 0.00000 0.00000 0.00000 0.00000 0.00000 0.00000 0.00000 0.00000 0.00000 0.00000 0.00000 0.00000 0.00000 0.00000 0.00000 0.00000 0.00000 0.00000
45.64310 44.91369 44.12875 43.20068 43.94804 43.32444 42.02716 40.85268 39.72932 38.31616 36.92266 36.57666 35.17731 34.71315 35.25644 34.97066 35.20614 34.12900 32.77716 31.50346 31.65346 30.92828 29.85841 29.17494 27.94577 27.02823 25.71395 23.57513 21.43467 19.79394 18.61044 17.30624 16.31661 15.12283 12.55101 9.38996 7.00330 5.46706 3.81620 0.00000 0.00000 0.00000 0.00000 0.00000 0.00000 0.00000 0.00000 0.00000 0.00000 0.00000 0.00000 0.00000 0.00000 0.00000 0.00000 0.00000 0.00000 0.00000 0.00000 0.00000 0.00000 0.00000 0.00000 0.00000 0.00000 0.00000
44.52310 45.57693 45.26300 44.51122 44.22481 42.96758 41.73464 40.44971 39.47780 38.36755 37.62661 37.08893 34.83093 34.18408 35.22629 35.14201 35.09792 33.71406 32.49100 31.81252 30.56439 30.28883 29.74585 29.44363 28.17225 27.12800 25.80326 23.69087 22.00176 20.80472 20.05912 18.61073 16.52095 15.14095 13.00204 10.57363 7.78007 5.94183 4.53603 0.00000 0.00000 0.00000 0.00000 0.00000 0.00000 0.00000 0.00000 0.00000 0.00000 0.00000 0.00000 0.00000 0.00000 0.00000 0.00000 0.00000 0.00000 0.00000 0.00000 0.00000 0.00000 0.00000 0.00000 0.00000 0.00000 0.00000
43.38153 47.59530 45.25747 44.37359 43.35301 41.77100 41.84833 40.50007 39.70927 38.99570 37.81701 36.70249 35.24649 33.64804 34.74465 35.06598 35.02562 33.72561 32.00286 31.92568 30.60039 29.70074 29.45101 29.10612 28.64654 27.74330 26.00932 24.00751 22.65155 21.58478 21.09966 19.48673 16.52657 14.83779 13.34504 11.64187 9.13539 6.88260 5.14163 3.24541 0.00000 0.00000 0.00000 0.00000 0.00000 0.00000 0.00000 0.00000 0.00000 0.00000 0.00000 0.00000 0.00000 0.00000 0.00000 0.00000 0.00000 0.00000 0.00000 0.00000 0.00000 0.00000 0.00000 0.00000 0.00000 0.00000
41.84725 47.15026 45.20921 42.55979 42.88704 41.86819 41.60303 40.51312 40.19264 39.21718 37.19348 36.89819 36.41832 33.60495 33.75384 34.59785 34.78259 33.90660 31.53503 32.20880 32.46821 30.11171 28.63571 29.22135 29.66380 27.90651 25.96906 24.37868 23.45745 22.82898 22.16116 19.97217 16.89083 14.68750 13.88787 12.71908 10.56304 7.71166 5.60119 3.79062 0.00000 0.00000 0.00000 0.00000 0.00000 0.00000 0.00000 0.00000 0.00000 0.00000 0.00000 0.00000 0.00000 0.00000 0.00000 0.00000 0.00000 0.00000 0.00000 0.00000 0.00000 0.00000 0.00000 0.00000 0.00000 0.00000
37.76517 45.86606 44.57609 40.43130 41.98663 41.59279 40.89839 40.10322 38.98188 38.20517 36.98257 36.78310 36.50667 34.27216 32.56397 33.82220 34.36793 34.02000 31.66974 32.21915 32.70304 32.54126 30.05433 29.40840 29.18079 27.48287 26.29276 24.99427 24.62115 24.22755 22.65750 20.03796 17.56698 15.19907 14.71283 13.79544 11.33605 8.47273 6.02179 4.19200 2.77891 0.00000 0.00000 0.00000 0.00000 0.00000 0.00000 0.00000 0.00000 0.00000 0.00000 0.00000 0.00000 0.00000 0.00000 0.00000 0.00000 0.00000 0.00000 0.00000 0.00000 0.00000 0.00000 0.00000 0.00000 0.00000
35.95462 43.37968 40.74458 40.06320 40.48613 40.57416 39.99931 39.24081 38.30376 37.95478 37.06605 36.27198 35.41489 34.23909 33.06632 33.01604 33.94355 34.25069 32.16067 31.43140 33.10751 32.93310 31.63100 30.16615 27.50686 26.57465 26.45771 25.99417 25.41612 23.96945 21.90118 20.04471 18.16770 16.57131 15.35925 13.91716 11.59581 9.22743 6.56988 4.54239 3.02591 0.00000 0.00000 0.00000 0.00000 0.00000 0.00000 0.00000 0.00000 0.00000 0.00000 0.00000 0.00000 0.00000 0.00000 0.00000 0.00000 0.00000 0.00000 0.00000 0.00000 0.00000 0.00000 0.00000 0.00000 0.00000
37.89272 39.86978 41.53546 40.70396 40.46982 40.62520 40.27047 39.71871 38.68275 37.79192 36.37199 35.10483 34.48692 34.22087 34.09451 32.86266 33.81078 34.50254 32.45925 30.93739 33.45303 33.45921 31.94437 31.95824 29.93888 27.87514 26.42704 25.35942 24.06957 22.83804 22.22517 20.96057 19.30881 18.02425 16.07755 14.41851 12.34827 10.13881 7.55596 5.26783 3.53281 0.00000 0.00000 0.00000 0.00000 0.00000 0.00000 0.00000 0.00000 0.00000 0.00000 0.00000 0.00000 0.00000 0.00000 0.00000 0.00000 0.00000 0.00000 0.00000 0.00000 0.00000 0.00000 0.00000 0.00000 0.00000
39.73179 38.72784 41.96585 41.79955 41.10279 40.84025 40.53820 40.09528 39.25004 38.16830 37.16950 36.08594 35.97766 35.12137 34.68426 33.91661 33.95282 34.33419 32.80096 31.13638 32.01400 32.84605 32.29381 31.64711 30.82402 29.23749 28.02056 26.38681 24.76718 24.08719 22.73021 21.06068 19.92735 18.69386 17.02044 15.29618 13.21525 11.11857 8.72617 6.26980 4.16410 2.76214 0.00000 0.00000 0.00000 0.00000 0.00000 0.00000 0.00000 0.00000 0.00000 0.00000 0.00000 0.00000 0.00000 0.00000 0.00000 0.00000 0.00000 0.00000 0.00000 0.00000 0.00000 0.00000 0.00000 0.00000
41.42656 39.34088 39.68227 42.20845 42.38914 41.75932 41.31828 40.65265 39.85960 39.26343 38.91640 37.78596 36.66033 35.13037 34.94979 34.59279 34.23066 34.04770 33.11838 31.11598 30.97985 32.72182 32.84321 32.03251 30.89875 30.65677 29.96579 28.51536 26.88728 24.81037 22.69896 21.58735 20.39297 19.28799 18.00564 16.15922 13.90834 11.89305 9.78778 7.43263 4.97960 3.25199 0.00000 0.00000 0.00000 0.00000 0.00000 0.00000 0.00000 0.00000 0.00000 0.00000 0.00000 0.00000 0.00000 0.00000 0.00000 0.00000 0.00000 0.00000 0.00000 0.00000 0.00000 0.00000 0.00000 0.00000
42.08148 40.55130 38.12454 42.39203 42.98903 41.73585 41.52951 41.03040 40.53146 40.06922 39.69205 38.36983 36.70731 35.63116 35.35489 35.24652 35.02394 34.10315 33.24502 31.04467 30.28540 31.41320 34.08616 33.68537 32.17230 32.21642 30.79481 29.59678 28.11929 26.26807 24.81582 23.66511 22.17413 20.99055 19.29974 17.22459 14.80314 12.68923 10.78416 8.44472 5.82890 3.78844 0.00000 0.00000 0.00000 0.00000 0.00000 0.00000 0.00000 0.00000 0.00000 0.00000 0.00000 0.00000 0.00000 0.00000 0.00000 0.00000 0.00000 0.00000 0.00000 0.00000 0.00000 0.00000 0.00000 0.00000
42.09884 41.33480 38.83570 39.84018 42.25854 41.17710 41.76087 41.12815 40.91126 40.15017 39.29982 38.20076 36.54633 36.20063 36.62442 35.77198 35.46849 34.41579 33.03564 30.81760 29.87839 30.15428 34.43616 33.89384 33.41151 31.79818 31.68648 30.54947 29.33531 28.56350 27.02364 25.32791 23.78134 22.21325 20.10538 17.91264 15.64471 13.48178 11.56446 9.35745 6.50294 3.63465 2.05393 0.00000 0.00000 0.00000 0.00000 0.00000 0.00000 0.00000 0.00000 0.00000 0.00000 0.00000 0.00000 0.00000 0.00000 0.00000 0.00000 0.00000 0.00000 0.00000 0.00000 0.00000 0.00000 0.00000
43.07626 41.78866 38.74696 37.94700 41.62854 41.44664 41.92147 41.10252 40.68113 40.43912 39.40022 38.79666 37.17934 36.43400 36.77742 35.74991 35.74009 34.50603 32.74126 30.06581 30.32029 28.78410 35.38011 35.60332 33.91155 30.98428 31.32232 31.41189 30.70177 29.49927 27.34392 26.65554 24.77446 22.58429 20.46880 18.57821 16.47565 14.37568 12.48376 10.25535 7.10045 4.74726 3.11473 0.00000 0.00000 0.00000 0.00000 0.00000 0.00000 0.00000 0.00000 0.00000 0.00000 0.00000 0.00000 0.00000 0.00000 0.00000 0.00000 0.00000 0.00000 0.00000 0.00000 0.00000 0.00000 0.00000
41.65867 41.18576 37.12309 37.58675 41.74214 42.23256 42.36785 42.22462 41.70045 41.84925 39.63881 38.31852 38.24995 36.76471 35.95866 35.74667 34.91130 33.88264 32.85899 29.72388 29.89816 28.80849 35.34534 34.49484 31.81130 31.08920 31.66657 32.98862 30.77768 29.48288 27.57726 26.77611 24.86093 22.83029 21.34453 19.69669 17.59762 15.65170 13.34157 10.76721 8.55632 6.08568 3.59862 0.00000 0.00000 0.00000 0.00000 0.00000 0.00000 0.00000 0.00000 0.00000 0.00000 0.00000 0.00000 0.00000 0.00000 0.00000 0.00000 0.00000 0.00000 0.00000 0.00000 0.00000 0.00000 0.00000
40.95336 39.94665 36.14305 38.24307 41.04226 41.26319 42.28095 42.70554 41.75536 40.92192 37.65542 36.73317 37.11032 36.25342 34.52643 34.53289 34.62679 33.81648 32.81475 30.89068 28.16615 29.82120 33.60505 33.28285 32.32927 32.50893 32.53704 31.99103 30.12668 29.50612 27.97969 26.49105 24.94425 23.36465 22.09155 20.54726 18.82081 16.55535 14.03589 12.33886 9.98865 6.91447 4.37545 2.64516 0.00000 0.00000 0.00000 0.00000 0.00000 0.00000 0.00000 0.00000 0.00000 0.00000 0.00000 0.00000 0.00000 0.00000 0.00000 0.00000 0.00000 0.00000 0.00000 0.00000 0.00000 0.00000
