data/RealTopo/Outputs_RealTopo/realWog_02RealTopo_null_INRAEaval_pft.asc
ncols        490
nrows        555
xllcenter    167455.
yllcenter    361955.
cellsize     5.
nodata_value  -9999
[rows 435 to 463 of 555, columns 268 to 334 of 490]
0.00739 0.01009 0.01397 0.01961 0.02830 0.03716 0.04816 0.05930 0.07676 0.09953 0.13297 0.17622 0.22884 0.29176 0.37180 0.44490 0.55221 0.74493 0.81284 0.82800 0.85631 0.90696 0.95929 1.49947 1.50207 1.50000 1.50000 1.50000 1.56251 1.66648 1.79375 2.07525 2.21835 1.94480 1.66704 1.51609 1.68543 1.79234 1.79924 1.72235 1.63545 1.55177 1.51441 1.50000 1.50705 1.62666 1.83135 2.00547 2.14059 2.08667 2.01400 1.93416 1.78424 1.76654 1.70476 1.63602 1.84944 1.80693 1.54493 1.54374 1.50000 1.53243 1.72631 1.87092 1.96109 1.92176 2.09602
0.00612 0.00675 0.00784 0.01061 0.01597 0.02392 0.03274 0.03936 0.04883 0.06387 0.08506 0.11058 0.15024 0.20675 0.27571 0.35356 0.49370 0.66565 0.71317 0.75861 0.81456 0.84851 0.89525 0.92380 1.49971 1.50000 1.50000 1.50000 1.52843 1.60653 1.70280 2.01969 2.24511 2.06009 1.70925 1.52795 1.59728 1.70642 1.71691 1.67355 1.60979 1.50609 1.50000 1.50000 1.50000 1.52522 1.68712 1.88567 2.01043 1.98616 1.86731 1.80945 1.84973 1.91278 1.82059 1.69991 1.81609 1.88736 1.65311 1.58895 1.52574 1.55732 1.71415 1.88388 1.99362 1.92921 1.92946
0.00619 0.00620 0.00660 0.00725 0.00938 0.01398 0.02021 0.02900 0.03874 0.04955 0.06397 0.08065 0.10438 0.13598 0.18564 0.26054 0.38847 0.52216 0.59162 0.65750 0.70987 0.77350 0.87607 0.96382 1.49941 1.50000 1.50002 1.61548 1.62863 1.65012 1.69636 1.92679 2.15224 2.06708 1.77039 1.58403 1.55827 1.61474 1.58021 1.56655 1.54136 1.50839 1.50000 1.50000 1.50000 1.50000 1.56322 1.69357 1.80310 1.85288 1.76362 1.62947 1.60909 1.70075 1.75797 1.66334 1.81411 1.85884 1.77670 1.53494 1.60753 1.58464 1.70244 1.87538 2.03617 1.97126 1.81777
0.00639 0.00607 0.00635 0.00613 0.00677 0.00883 0.01208 0.01806 0.02636 0.03595 0.04601 0.05842 0.07673 0.09911 0.13275 0.18225 0.27915 0.37854 0.45573 0.53025 0.56993 0.77197 0.87084 0.96589 1.10482 1.49969 1.50000 1.54676 1.65756 1.64679 1.53165 1.61516 1.93126 1.93821 1.78426 1.63959 1.56870 1.57547 1.53365 1.50081 1.50000 1.54843 1.50374 1.50000 1.50000 1.50000 1.50071 1.52958 1.64732 1.73509 1.70050 1.58586 1.50100 1.52864 1.60347 1.63723 1.76098 1.77518 1.77004 1.56863 1.63406 1.60383 1.69432 1.88414 2.06611 2.01892 1.76771
0.00666 0.00734 0.00819 0.00778 0.00759 0.00918 0.01112 0.01312 0.01695 0.02239 0.03045 0.04239 0.05795 0.07682 0.10164 0.14433 0.20798 0.25967 0.32028 0.41055 0.52835 0.65747 0.79025 0.91249 1.05985 1.49939 1.50000 1.50773 1.55299 1.52942 1.50000 1.50000 1.64024 1.66733 1.57104 1.51713 1.50170 1.50489 1.50858 1.50000 1.50000 1.50552 1.51153 1.54561 1.50000 1.50000 1.50000 1.50565 1.58640 1.67034 1.69177 1.58797 1.50000 1.50000 1.50858 1.52949 1.63204 1.71245 1.72379 1.65318 1.61629 1.63461 1.69751 1.88885 2.09747 2.05202 1.66971
0.00518 0.00683 0.00880 0.01022 0.01062 0.01126 0.01276 0.01399 0.01555 0.01768 0.02331 0.03082 0.04077 0.05568 0.07800 0.11593 0.15691 0.20007 0.25415 0.31546 0.43312 0.54727 0.69922 0.84441 0.97583 1.17544 1.49970 1.50000 1.50000 1.50379 1.50000 1.50000 1.50675 1.50521 1.50000 1.52005 1.52705 1.54143 1.51196 1.50006 1.51974 1.54490 1.59117 1.63048 1.50052 1.50000 1.50000 1.50000 1.52671 1.55167 1.62283 1.63925 1.50000 1.50000 1.50000 1.50000 1.61785 1.69789 1.69832 1.68043 1.63215 1.64652 1.71515 1.90063 2.12922 2.10156 1.66862
0.00315 0.00449 0.00618 0.00770 0.00883 0.00985 0.01169 0.01350 0.01495 0.01642 0.02061 0.02529 0.02959 0.04063 0.06196 0.08538 0.11094 0.15629 0.21522 0.27660 0.33671 0.43174 0.56819 0.71900 0.89829 1.09999 1.49941 1.50000 1.50000 1.50000 1.50000 1.50000 1.50000 1.50000 1.58220 1.69306 1.68888 1.68798 1.54738 1.50520 1.54932 1.58321 1.66738 1.72578 1.55028 1.50000 1.50000 1.50000 1.55127 1.57359 1.64231 1.71792 1.59036 1.51453 1.50000 1.50116 1.60497 1.67616 1.66471 1.69516 1.64622 1.64243 1.75045 1.91744 2.13972 2.15731 1.71662
0.00144 0.00214 0.00315 0.00432 0.00534 0.00605 0.00783 0.01068 0.01342 0.01547 0.01825 0.02246 0.02615 0.03611 0.04813 0.06023 0.08393 0.12267 0.17081 0.22559 0.29049 0.34968 0.42238 0.56694 0.73597 0.93749 1.18957 1.49969 1.56142 1.52571 1.50000 1.50000 1.50000 1.50000 1.64640 1.78692 1.78165 1.77763 1.61316 1.57528 1.61295 1.57529 1.69591 1.79916 1.62468 1.50540 1.51921 1.50924 1.57053 1.60452 1.66361 1.77912 1.66975 1.57815 1.50000 1.50000 1.55624 1.63450 1.61756 1.60789 1.62556 1.63672 1.76462 1.92782 2.12784 2.19057 1.76748
0.00101 0.00107 0.00167 0.00253 0.00317 0.00388 0.00517 0.00725 0.00959 0.01188 0.01410 0.01724 0.02340 0.03092 0.03716 0.04678 0.06686 0.09564 0.13545 0.18429 0.24010 0.29898 0.35811 0.42117 0.55242 0.74745 1.00891 1.49941 1.50306 1.57208 1.56807 1.50068 1.50000 1.50000 1.57946 1.64206 1.75438 1.83565 1.65139 1.66178 1.74871 1.64590 1.81080 1.84184 1.69323 1.50822 1.55106 1.53753 1.57839 1.61609 1.68122 1.85604 1.76756 1.66607 1.56867 1.50377 1.50311 1.58186 1.57967 1.54707 1.62210 1.65998 1.78413 1.94834 2.10490 2.19759 1.82404
0.00102 0.00101 0.00102 0.00117 0.00161 0.00214 0.00282 0.00397 0.00543 0.00743 0.00957 0.01166 0.01773 0.02188 0.02793 0.03819 0.05204 0.07341 0.10294 0.14705 0.19843 0.25045 0.30247 0.36618 0.44094 0.57581 0.79324 1.07415 1.49970 1.50863 1.62002 1.62019 1.56083 1.59931 1.57232 1.55142 1.62306 1.75151 1.66900 1.73015 1.84668 1.71448 1.73952 1.82247 1.73062 1.53963 1.58769 1.55510 1.59396 1.64168 1.70132 1.91784 1.87846 1.78196 1.66526 1.56723 1.50000 1.53465 1.54863 1.54221 1.61840 1.69394 1.80598 1.97159 2.09017 2.20298 1.88315
0.00101 0.00101 0.00102 0.00102 0.00103 0.00117 0.00156 0.00226 0.00309 0.00443 0.00581 0.00822 0.01165 0.01403 0.01910 0.02808 0.03845 0.05361 0.07549 0.10964 0.15485 0.20379 0.25685 0.31561 0.38334 0.46543 0.57769 0.81790 1.49941 1.54345 1.64639 1.59682 1.52983 1.51735 1.54778 1.50551 1.50761 1.60563 1.59860 1.61383 1.64642 1.54508 1.54522 1.74417 1.68143 1.52858 1.64490 1.52854 1.59393 1.64977 1.71558 1.97884 1.98589 1.89595 1.77047 1.67429 1.50000 1.50025 1.51877 1.53333 1.60353 1.70273 1.83858 1.98377 2.08393 2.19444 1.93943
0.00100 0.00101 0.00101 0.00102 0.00102 0.00101 0.00103 0.00154 0.00208 0.00293 0.00363 0.00604 0.00725 0.00936 0.01321 0.01950 0.02710 0.03781 0.05389 0.07806 0.11390 0.15890 0.21066 0.26574 0.32863 0.39854 0.49097 0.58032 0.81793 1.49971 1.54890 1.54070 1.50297 1.50000 1.50061 1.50603 1.50522 1.53356 1.53197 1.50818 1.50268 1.50451 1.50026 1.72760 1.69821 1.52032 1.64763 1.53874 1.56774 1.63246 1.69148 2.03426 2.06926 1.97085 1.87423 1.75118 1.50000 1.50042 1.50003 1.50000 1.59110 1.67661 1.87221 2.05529 2.10057 2.15832 1.99213
0.00100 0.00100 0.00101 0.00101 0.00102 0.00101 0.00101 0.00102 0.00125 0.00163 0.00247 0.00340 0.00408 0.00601 0.00828 0.01186 0.01727 0.02502 0.03503 0.05316 0.08033 0.12055 0.16903 0.21846 0.27913 0.33750 0.42260 0.51514 0.58899 1.49945 1.50000 1.50127 1.50000 1.50000 1.50000 1.50000 1.51415 1.51348 1.50092 1.50000 1.50722 1.50015 1.50000 1.72742 1.77498 1.52310 1.62542 1.57290 1.56965 1.59469 1.68067 1.98965 2.07085 1.93012 1.87988 1.80419 1.54671 1.50000 1.50000 1.50000 1.60454 1.68607 1.88496 2.12162 2.14480 2.11016 2.02507
0.00100 0.00100 0.00100 0.00101 0.00101 0.00102 0.00101 0.00101 0.00102 0.00103 0.00152 0.00169 0.00219 0.00317 0.00427 0.00658 0.00986 0.01444 0.02117 0.03416 0.05548 0.08590 0.12579 0.17448 0.22692 0.28522 0.35015 0.44335 0.53701 0.63138 1.49947 1.50000 1.50000 1.50000 1.50000 1.50000 1.50214 1.50047 1.50000 1.50000 1.54240 1.50398 1.50000 1.74721 1.81117 1.57720 1.64366 1.53591 1.52570 1.56271 1.65259 1.88074 1.96579 1.87479 1.82874 1.78743 1.58495 1.55099 1.50000 1.50562 1.62092 1.68058 1.91451 2.18607 2.19711 2.14498 2.01503
0.00100 0.00100 0.00100 0.00100 0.00100 0.00101 0.00101 0.00101 0.00101 0.00101 0.00101 0.00103 0.00137 0.00178 0.00248 0.00385 0.00571 0.00820 0.01240 0.02044 0.03469 0.05683 0.08784 0.12790 0.17357 0.22557 0.29801 0.37910 0.47046 0.59936 0.67206 1.49972 1.50000 1.50000 1.50000 1.50000 1.50000 1.52553 1.50040 1.50000 1.56472 1.54208 1.50002 1.71988 1.85529 1.61732 1.68064 1.50051 1.50000 1.50572 1.57799 1.72709 1.85474 1.82691 1.75947 1.61590 1.58109 1.59674 1.50000 1.51027 1.65581 1.66658 1.93069 2.27447 2.23440 2.20618 2.01270
0.00100 0.00100 0.00100 0.00100 0.00100 0.00101 0.00101 0.00101 0.00101 0.00101 0.00101 0.00101 0.00103 0.00121 0.00164 0.00234 0.00366 0.00519 0.00753 0.01188 0.02026 0.03525 0.05611 0.08780 0.12565 0.17158 0.22998 0.30158 0.40455 0.51779 0.66435 1.49946 1.50000 1.50000 1.50000 1.50000 1.50000 1.52731 1.50326 1.50000 1.57197 1.55554 1.50091 1.73355 1.85397 1.65024 1.70480 1.56465 1.52324 1.56012 1.50057 1.56154 1.75151 1.79509 1.71421 1.57257 1.60433 1.72569 1.50000 1.53472 1.68157 1.60892 1.96233 2.33310 2.29745 2.30857 2.01486
0.00100 0.00100 0.00100 0.00100 0.00100 0.00100 0.00101 0.00100 0.00102 0.00101 0.00101 0.00101 0.00101 0.00102 0.00111 0.00153 0.00228 0.00330 0.00457 0.00706 0.01179 0.01966 0.03435 0.05472 0.08202 0.12267 0.16623 0.22808 0.31679 0.42859 0.58528 0.75015 1.49971 1.50000 1.50000 1.50000 1.50000 1.50000 1.54574 1.52417 1.54363 1.55503 1.52648 1.72616 1.81564 1.70459 1.65765 1.57012 1.59117 1.59815 1.50000 1.50015 1.64779 1.79165 1.74351 1.56637 1.63794 1.76924 1.50000 1.59776 1.74779 1.54473 1.93357 2.37806 2.39659 2.43509 1.98005
0.00100 0.00100 0.00100 0.00100 0.00100 0.00100 0.00100 0.00101 0.00101 0.00101 0.00101 0.00101 0.00101 0.00101 0.00102 0.00103 0.00146 0.00213 0.00278 0.00393 0.00616 0.01030 0.01821 0.03050 0.05013 0.07476 0.11209 0.15809 0.22353 0.32901 0.47355 0.65661 1.49943 1.50000 1.50000 1.50000 1.50000 1.50000 1.55332 1.54453 1.52157 1.54270 1.56452 1.69375 1.77505 1.72039 1.63835 1.59001 1.58089 1.67681 1.52606 1.50000 1.55022 1.76343 1.77193 1.59488 1.65796 1.80128 1.55865 1.61541 1.79271 1.61397 1.91820 2.44352 2.47016 2.57047 1.93110
0.00100 0.00100 0.00100 0.00100 0.00100 0.00100 0.00100 0.00100 0.00100 0.00101 0.00101 0.00101 0.00101 0.00101 0.00101 0.00102 0.00104 0.00141 0.00176 0.00208 0.00301 0.00474 0.00868 0.01566 0.02619 0.04419 0.06708 0.09785 0.14673 0.21972 0.33035 0.49768 0.70877 1.49943 1.50000 1.50000 1.50000 1.50000 1.50126 1.51907 1.50000 1.53923 1.59474 1.63821 1.71341 1.68234 1.58639 1.57010 1.57898 1.70124 1.59566 1.53037 1.56603 1.75181 1.84848 1.68634 1.59956 1.73373 1.55716 1.57718 1.72613 1.64759 1.84225 2.45907 2.54193 2.70297 1.83115
0.00100 0.00100 0.00100 0.00100 0.00100 0.00100 0.00100 0.00100 0.00100 0.00100 0.00100 0.00101 0.00101 0.00101 0.00101 0.00101 0.00102 0.00103 0.00133 0.00143 0.00181 0.00249 0.00399 0.00708 0.01285 0.02291 0.03667 0.05604 0.08434 0.13070 0.20536 0.32859 0.51303 0.79613 1.49970 1.50000 1.50000 1.50000 1.50000 1.50000 1.52099 1.55582 1.52531 1.51693 1.63014 1.58883 1.52039 1.55707 1.60737 1.70876 1.65939 1.59469 1.51643 1.59984 1.80872 1.72686 1.59076 1.69934 1.56226 1.50732 1.61561 1.67032 1.71062 2.46688 2.56529 2.85311 1.97810
0.00100 0.00100 0.00100 0.00100 0.00100 0.00100 0.00100 0.00100 0.00100 0.00100 0.00100 0.00100 0.00101 0.00101 0.00101 0.00101 0.00101 0.00102 0.00109 0.00120 0.00148 0.00199 0.00252 0.00376 0.00591 0.01065 0.01763 0.02961 0.04598 0.07228 0.11537 0.19333 0.31826 0.53146 1.49944 1.50000 1.50000 1.50000 1.50000 1.50000 1.50499 1.50759 1.50000 1.50000 1.56521 1.52462 1.50000 1.54352 1.61637 1.65865 1.59904 1.59610 1.52149 1.50000 1.61609 1.68073 1.56112 1.65488 1.56032 1.50813 1.52821 1.54799 1.50695 2.43997 2.53408 2.96710 2.20253
0.00100 0.00100 0.00100 0.00100 0.00100 0.00100 0.00100 0.00100 0.00100 0.00100 0.00100 0.00100 0.00100 0.00100 0.00101 0.00101 0.00101 0.00101 0.00102 0.00103 0.00117 0.00167 0.00206 0.00265 0.00337 0.00483 0.00718 0.01314 0.02134 0.03628 0.05965 0.10105 0.16986 0.28576 0.48435 1.49945 1.50000 1.50115 1.50000 1.51170 1.50001 1.50000 1.50000 1.50000 1.51077 1.54412 1.53487 1.51526 1.56094 1.53470 1.50375 1.54426 1.50926 1.50000 1.55682 1.65504 1.62102 1.61004 1.57104 1.50545 1.50000 1.50000 1.52200 2.32997 2.43077 3.00001 2.44662
0.00100 0.00100 0.00100 0.00100 0.00100 0.00175 0.00100 0.00100 0.00100 0.00100 0.00100 0.00100 0.00100 0.00100 0.00100 0.00100 0.00100 0.00101 0.00101 0.00101 0.00101 0.00104 0.00139 0.00194 0.00262 0.00364 0.00443 0.00636 0.01011 0.01727 0.02780 0.04758 0.08596 0.15382 0.26353 0.45323 1.49946 1.50000 1.50088 1.52757 1.50000 1.50000 1.50000 1.50000 1.50000 1.53001 1.53050 1.50140 1.51909 1.53780 1.52966 1.52314 1.51074 1.50000 1.50040 1.50187 1.50000 1.52647 1.51863 1.50000 1.50000 1.50000 1.50022 2.14850 2.30073 2.96561 2.59986
0.00100 0.00100 0.00100 0.00100 0.00100 0.00101 0.00100 0.00100 0.00100 0.00100 0.00100 0.00100 0.00100 0.00100 0.00100 0.00100 0.00100 0.00100 0.00100 0.00100 0.00101 0.00101 0.00101 0.00103 0.00138 0.00223 0.00303 0.00406 0.00558 0.00806 0.01338 0.02235 0.04105 0.07384 0.12967 0.22525 0.43238 1.49946 1.50000 1.50058 1.50000 1.50000 1.50000 1.50000 1.50000 1.50010 1.51070 1.50995 1.52245 1.52275 1.50343 1.50000 1.50000 1.49976 1.49976 1.49979 1.49979 1.50042 1.50284 1.50000 1.50000 1.50000 1.50000 1.96155 2.11372 2.86042 2.74899
0.00100 0.00100 0.00100 0.00100 0.00100 0.00100 0.00100 0.00100 0.00100 0.00100 0.00100 0.00100 0.00100 0.00100 0.00100 0.00100 0.00100 0.00100 0.00100 0.00100 0.00100 0.00100 0.00100 0.00101 0.00101 0.00105 0.00157 0.00233 0.00333 0.00456 0.00722 0.01086 0.01929 0.03515 0.06588 0.11681 0.21689 0.41079 1.49946 1.50000 1.50036 1.50000 1.50000 1.50000 1.50000 1.50000 1.50000 1.50448 1.50029 1.50007 1.50000 1.49977 1.49946 0.21562 0.09890 0.09091 0.24315 1.49948 1.50000 1.50000 1.50000 1.50246 1.50000 1.74376 1.88223 2.67527 2.84113
0.00100 0.00100 0.00100 0.00100 0.00100 0.00100 0.00100 0.00100 0.00100 0.00100 0.00100 0.00100 0.00100 0.00100 0.00100 0.00100 0.00100 0.00100 0.00100 0.00100 0.00100 0.00100 0.00100 0.00100 0.00100 0.00101 0.00101 0.00114 0.00172 0.00230 0.00323 0.00505 0.00840 0.01511 0.02831 0.05140 0.09341 0.18106 0.36506 1.49946 1.50000 1.50000 1.50000 1.50000 1.50000 1.50000 1.50000 1.50000 1.49978 1.49978 1.49948 0.19290 0.09210 0.00802 0.01442 0.03228 0.10421 0.29777 1.49947 1.50000 1.50000 1.50000 1.50000 1.55139 1.65641 2.41002 2.84547
0.00100 0.00100 0.00100 0.00100 0.00100 0.00100 0.00100 0.00100 0.00100 0.00100 0.00100 0.00100 0.00100 0.00100 0.00100 0.00100 0.00100 0.00100 0.00100 0.00100 0.00100 0.00100 0.00100 0.00100 0.00100 0.00100 0.00100 0.00101 0.00101 0.00103 0.00134 0.00209 0.00312 0.00543 0.00957 0.01810 0.03348 0.06665 0.13729 0.29422 1.49946 1.49975 1.50000 1.50000 1.50000 1.49975 1.49976 1.49946 0.17077 0.09005 0.06351 0.00352 0.00543 0.00173 0.00398 0.00931 0.02857 0.08634 0.22585 1.49948 1.49977 1.49978 1.50000 1.50027 1.50713 2.09855 2.68902
0.00100 0.00100 0.00100 0.00100 0.00100 0.00100 0.00100 0.00100 0.00100 0.00100 0.00100 0.00100 0.00100 0.00100 0.00100 0.00100 0.00100 0.00100 0.00100 0.00100 0.00100 0.00100 0.00100 0.00100 0.00100 0.00100 0.00100 0.00100 0.00100 0.00100 0.00100 0.00101 0.00101 0.00112 0.00187 0.00351 0.00717 0.01507 0.03113 0.06816 0.16157 0.29421 1.49945 1.49974 1.49945 0.20174 0.09363 0.06451 0.00261 0.00417 0.00452 0.00100 0.00101 0.00101 0.00142 0.00316 0.00901 0.02179 0.04798 0.12062 0.28322 0.36042 1.49951 1.49977 1.50000 1.79524 2.41922
0.00100 0.00100 0.00100 0.00100 0.00100 0.00100 0.00100 0.00100 0.00100 0.00100 0.00100 0.00100 0.00100 0.00100 0.00100 0.00100 0.00100 0.00100 0.00100 0.00100 0.00100 0.00100 0.00100 0.00100 0.00100 0.00100 0.00100 0.00100 0.00100 0.00100 0.00100 0.00100 0.00100 0.00100 0.00100 0.00100 0.00101 0.00117 0.00226 0.00485 0.01068 0.02456 0.08587 0.08600 0.06971 0.00408 0.00628 0.00523 0.00100 0.00100 0.00100 0.00100 0.00100 0.00100 0.00100 0.00156 0.00545 0.01323 0.03293 0.09605 0.26060 0.36682 0.56025 0.94176 1.49971 1.51850 2.10214
