data/RealTopo/Outputs_RealTopo/realWog_02RealTopo_null_INRAEaval_pfv.asc
ncols        490
nrows        555
xllcenter    167455.
yllcenter    361955.
cellsize     5.
nodata_value  -9999
[rows 406 to 434 of 555, columns 264 to 329 of 490]
17.24986 17.98306 18.61711 19.27902 20.31405 21.11460 21.64308 22.33164 22.62273 23.22001 23.71593 24.32365 24.77487 25.43139 25.99186 26.34442 27.21918 27.00385 27.55796 27.80973 27.90277 28.93193 29.48928 29.51380 28.92499 28.60600 28.41340 28.58332 28.53266 28.65474 29.14094 28.93741 29.18058 29.52481 29.87107 30.00790 29.56985 30.07967 29.52227 29.58336 29.21414 29.31122 28.52499 28.57876 27.87965 27.49466 27.06383 26.84140 26.47784 25.93600 25.17655 23.95165 25.83048 26.95959 27.08102 31.39756 31.04725 35.01715 33.55221 28.91480 34.56133 37.84623 38.00849 36.95401 39.02329 39.81669
17.42209 18.08100 18.66515 19.33890 20.30854 21.31969 21.81418 22.65742 22.88264 23.49757 24.13326 24.57991 25.09649 25.57201 26.03908 26.27459 26.47660 27.00544 27.68680 27.74530 28.46960 29.12223 29.25816 29.23915 28.71378 28.17191 27.65237 28.87830 27.92367 28.27650 28.79534 28.16904 28.71253 28.98644 29.30718 29.54844 29.66035 30.27867 30.19284 29.90626 29.69053 29.06779 28.68811 28.28475 27.94079 27.22472 26.99867 26.93381 26.52932 26.04748 25.62560 24.99020 24.85290 26.22778 25.64274 31.95751 30.57381 33.51440 33.30621 30.65609 32.44260 36.67827 35.57234 36.34032 37.31637 38.64685
17.46927 18.17470 19.00554 19.94800 20.53201 21.38364 21.77658 22.46868 22.95456 23.78683 24.49956 24.60850 25.16045 25.19650 25.81943 26.03617 26.55857 27.38132 27.90544 27.76171 28.72604 28.86825 28.55899 28.22071 27.83682 27.54502 27.56442 28.22372 27.30407 27.64056 27.83464 27.44874 28.05670 28.41858 28.29513 28.91100 29.28461 29.75936 29.77211 29.53280 29.35498 28.94444 28.67007 28.08788 27.88732 27.23243 26.87697 27.23502 26.59501 26.19380 25.84170 25.13788 24.41466 25.51044 25.25960 30.45425 31.35074 32.46195 32.53419 33.64190 32.77849 33.28781 34.27788 34.89556 34.83553 35.85555
17.14479 18.12585 19.06873 19.78005 20.30091 21.08474 21.76911 22.36915 22.68218 23.49446 23.95040 24.35413 24.72094 24.83698 25.66006 26.16065 26.79424 27.11563 27.52450 27.82039 28.35079 28.21430 27.77451 27.44547 27.56984 27.61511 27.41910 27.39177 27.07586 27.03486 27.15374 27.22579 27.39274 27.64705 27.68032 28.38459 28.70105 29.49866 29.47807 29.56632 29.07188 28.94222 28.11743 27.96643 27.75399 27.35307 26.82041 26.93606 26.64647 26.15310 25.93049 25.25418 24.60274 25.57564 26.31285 28.65882 31.85220 32.01199 32.44222 32.37612 33.51633 31.78247 31.82806 33.78352 34.60392 35.23893
16.64571 17.68740 19.04229 19.89622 20.37150 20.99459 21.84372 22.13731 22.51509 23.12826 23.52843 24.17532 24.57477 24.91696 25.51722 26.19968 26.49557 26.94574 27.24692 27.41296 27.48375 27.31696 27.11693 26.98401 27.46668 27.37786 27.09226 27.04031 26.80619 26.61407 26.66032 26.75206 26.75726 26.93419 27.21884 27.63448 28.04758 29.08669 29.30648 29.63099 28.54173 28.38609 28.23621 27.99783 27.53651 27.08118 26.69575 26.35422 26.47825 26.10721 25.85294 25.60847 24.46149 25.09891 26.91661 28.82889 31.83955 31.75167 31.06261 30.77841 30.89990 31.35389 31.12240 31.36793 34.52418 35.21245
16.90525 17.96911 18.98379 19.35096 20.00538 20.86719 21.52644 21.99376 22.45307 22.77945 23.45254 23.97060 24.22888 24.72214 25.30688 25.93304 26.27184 26.83560 26.86482 26.60683 26.68184 26.62952 26.65999 26.76022 27.07820 26.98253 26.86374 26.65754 26.59996 26.43102 26.36104 26.46065 26.43799 26.56441 26.77122 27.08537 27.80672 28.72213 28.73371 28.62776 28.23996 27.86573 28.17298 27.81639 27.47533 27.09892 26.72012 26.44015 26.33866 25.98729 25.86171 25.88875 24.59809 24.56818 26.66801 29.48753 31.25327 30.60041 30.24827 30.75985 32.07859 32.80182 32.38439 30.08874 32.97182 34.00680
16.85728 17.68572 18.62192 19.43257 19.99570 20.57534 21.23197 21.89073 22.34131 22.74223 23.36131 23.66619 23.99531 24.44592 24.90443 25.31062 25.67535 26.06638 26.15794 25.96105 26.26669 26.51038 26.57569 26.54445 26.54926 26.70514 26.54432 26.31836 26.38093 26.25281 26.20743 26.34660 26.34621 26.46314 26.41096 26.86001 27.47168 28.09785 27.90139 27.88703 28.00764 27.73563 27.61926 27.70596 27.60961 27.23070 26.66211 26.75478 26.43097 26.21632 26.17894 26.27794 24.85984 23.95520 25.70304 30.46678 30.98108 29.51071 30.70698 31.16728 31.06314 31.76237 31.88428 30.39940 30.98456 33.05962
16.83276 17.27912 18.21127 19.13530 19.71497 20.39310 20.96013 21.53423 22.23655 22.71943 23.12705 23.52046 24.00832 24.30105 24.74450 24.98021 25.09559 25.30700 25.56653 25.73555 25.95656 26.37179 26.43294 26.33316 26.15450 26.20136 26.18545 26.07373 26.14419 25.99229 25.86558 26.06827 26.24973 26.19739 26.08937 26.65168 27.09704 27.56532 27.49178 27.29412 27.71291 27.85040 27.58863 27.62666 27.55441 27.15816 26.69862 26.71159 26.63129 26.39708 26.37507 26.26129 25.29617 24.42223 26.00509 31.59763 30.01019 27.76250 30.23952 30.59127 29.70229 30.40367 31.30476 30.30742 30.10164 31.47791
16.50488 17.10656 18.10885 18.97833 19.43741 20.14433 20.63906 21.12490 21.82933 22.45096 22.81044 23.42542 24.05329 24.24102 24.50642 24.63258 24.81202 25.10846 25.40781 25.56173 25.70216 26.00262 26.05021 26.17188 26.00807 26.12652 26.44019 26.25702 26.03003 25.89081 25.98663 26.17676 26.13264 25.99808 25.94970 26.32672 26.69037 26.97909 26.94017 26.71327 27.34829 27.84144 27.34015 26.98210 27.31624 27.35777 26.88486 26.66480 26.70790 26.45136 26.26827 26.19793 25.71635 24.83215 26.90798 29.95449 28.91455 26.67962 28.56091 29.71107 28.95539 29.06750 29.57499 29.30584 29.41261 29.91675
16.12478 16.88635 17.72815 18.50384 19.40955 20.21043 20.45455 20.88261 21.79920 22.37388 22.70933 23.25001 23.63498 23.96213 24.11740 24.44207 24.90775 25.14352 25.31327 25.41080 25.49938 25.60896 25.58963 25.83771 25.89927 26.00037 26.24534 26.01364 25.79724 25.76182 25.90516 25.87778 25.77528 25.74632 25.77086 25.95083 26.21789 26.46092 26.38958 26.43508 27.35322 27.58292 26.94342 26.89437 27.52067 27.42375 26.76306 26.68371 26.51243 26.58730 26.37213 26.28505 26.08780 25.88267 26.90477 28.92422 28.49608 26.96006 27.52178 28.91270 28.11811 28.06785 28.60180 29.00944 29.22387 29.65039
15.88656 16.58209 17.40273 18.25640 19.20753 19.85713 20.16855 20.72770 21.52367 22.05665 22.44327 22.93400 23.28407 23.67980 23.85272 24.31728 24.79904 24.80331 24.92302 25.23312 25.38148 25.27652 25.35548 25.65126 25.76980 25.77085 25.77136 25.78746 25.72462 25.57339 25.62064 25.65715 25.50065 25.39263 25.53396 25.69480 25.71319 25.85732 25.95144 26.08000 26.96079 27.17212 26.76627 27.08452 27.40697 26.99038 26.60633 26.57009 26.42477 26.52903 26.36101 25.98707 26.27084 26.55418 27.15161 28.13174 28.26502 27.51640 27.66534 28.31120 27.92926 27.86858 28.33718 28.89841 29.18932 29.53702
15.30638 16.10186 17.01387 17.83224 18.67550 19.48342 19.93466 20.42797 21.27553 21.71638 21.95185 22.62570 23.05935 23.35299 23.70807 24.11726 24.35371 24.50543 25.05753 25.24925 25.26785 25.05484 25.20117 25.44403 25.29322 25.18453 25.09163 25.24437 25.34730 25.23422 25.17690 25.30683 25.05586 25.05360 25.21238 25.27533 25.22474 25.45579 25.69253 25.63350 26.28739 26.81068 26.56871 26.82759 26.89632 26.88330 26.87833 26.61237 26.60069 26.63219 26.43274 26.02909 26.11959 26.31757 26.72492 27.42194 27.93518 27.89372 27.69838 27.69856 27.62772 27.79057 28.31310 28.80985 28.94639 29.21274
14.66854 15.74001 16.58256 17.38790 18.30435 19.17701 19.93371 20.34745 21.15239 21.45655 21.73080 22.64212 23.12432 23.19376 23.64266 23.91344 24.13703 24.48307 25.24506 25.27471 25.02969 24.69522 24.76323 24.91981 24.71941 24.71771 24.71733 24.81153 24.97511 24.96127 24.92207 24.95567 24.83477 24.95293 25.02366 25.15495 25.04187 25.14486 25.29090 25.34262 25.74042 26.18603 26.05921 26.25434 26.68710 27.06706 26.99716 26.65307 26.91259 26.84040 26.44649 26.03146 25.95038 26.06509 26.69232 27.44782 27.85396 27.84796 27.56419 27.37283 27.48982 27.77674 28.28733 28.63242 28.73615 28.94052
14.50476 15.26372 15.97915 16.91267 17.69627 18.61606 19.37227 19.92789 20.64722 20.93685 21.38270 22.63543 23.26416 23.13314 23.48561 24.00038 24.44644 24.26462 24.50782 24.94987 24.09676 23.62391 23.89651 24.13123 24.06261 23.97484 23.99442 24.23270 24.48343 24.51941 24.61895 24.66018 24.62277 24.64181 24.71811 24.91454 24.79675 24.94196 25.04325 25.20034 25.41896 25.67712 25.69186 25.73368 26.59025 27.14752 26.88463 26.71602 27.09475 26.73659 26.29910 26.06235 25.81684 25.94833 26.60717 27.12182 27.58141 27.73481 27.66171 27.44655 27.52671 27.77682 28.23544 28.59491 28.71901 28.84089
13.56375 14.29574 15.26820 16.44224 17.11585 18.14753 18.91286 19.55422 20.21294 21.04871 21.64129 23.06827 23.41319 23.03645 23.01861 24.20957 24.34317 23.36282 23.33586 23.84558 22.90561 22.61762 22.75467 23.10103 23.09706 23.20787 23.35918 23.81500 23.96276 24.18777 24.32616 24.43156 24.27997 24.23750 24.33631 24.60974 24.65514 24.75500 24.83175 25.05661 25.26129 25.28485 25.39089 25.32387 26.35329 27.02428 26.70171 26.63966 27.00870 26.83721 26.37819 26.23979 25.86489 25.95081 26.48186 26.91210 27.42672 27.74916 27.68771 27.44026 27.54903 28.00702 28.30580 28.44600 28.50085 28.70039
12.61518 13.82900 14.91004 16.10759 16.84851 18.07633 18.92356 19.42453 20.08245 20.89307 21.55109 22.72057 22.41395 22.19344 22.34665 23.53760 23.08835 22.22249 22.25012 22.52825 22.10260 21.84918 21.81811 22.20178 22.27526 22.62730 22.76021 23.19505 23.38515 23.65853 23.76272 24.03636 23.92880 23.94684 23.98284 24.26330 24.41936 24.45667 24.68795 24.95261 25.08182 24.95323 25.09138 25.10375 26.03204 26.52327 26.40130 26.58233 26.86091 26.84973 26.45886 26.24978 25.89560 26.06184 26.53902 26.91734 27.46681 27.75578 27.67853 27.72533 27.67324 28.27621 28.30870 27.99219 28.18952 28.66976
11.97941 13.54549 14.59122 15.66343 16.69676 17.66965 18.27606 18.94710 19.96253 20.46260 21.02780 21.55161 21.32725 21.58708 21.75743 22.17560 21.61407 21.09360 21.07002 21.18245 21.24583 21.33072 21.41691 21.54546 21.75496 22.11076 22.12290 22.38206 22.72173 23.00536 23.16467 23.42827 23.59058 23.66902 23.65213 23.89310 24.09119 24.28648 24.68994 24.65938 24.62773 24.75570 24.86888 25.09432 25.85066 26.25992 26.55005 26.63742 26.79718 26.86429 26.80291 26.20404 25.87887 26.04542 26.55288 26.74644 27.42353 27.80665 27.77111 28.13872 28.02861 28.22402 27.49224 27.14631 27.55870 27.94475
11.02038 12.77641 13.98831 15.08407 15.95405 16.72989 17.45132 18.32175 19.35122 19.84129 20.52473 20.87614 20.89844 21.28763 21.43097 21.46059 20.95522 20.50617 20.57718 20.73161 20.88618 21.09291 20.94557 20.83401 21.22220 21.37188 21.60685 21.86384 22.19716 22.44692 22.63023 22.95108 23.32862 23.44933 23.33167 23.61760 23.91093 24.15430 24.58220 24.33809 24.39319 24.70196 24.79953 25.24384 25.74145 26.38621 26.78371 26.81798 26.84411 26.82156 26.76841 26.13335 25.71487 25.93522 26.27499 26.68127 27.14332 27.68907 27.69800 27.85417 27.57714 27.42053 27.28365 27.46836 27.96689 28.39350
9.85807 11.32779 12.84219 13.81322 14.46418 15.59635 16.36064 17.36161 18.31913 19.07376 19.78287 20.23517 20.74499 20.79996 20.67245 20.75309 20.62918 20.40769 20.91202 20.84553 20.84184 20.79774 20.59134 20.41223 20.82931 20.75551 21.10677 21.23501 21.44048 21.79846 22.06364 22.47343 23.04791 23.14447 23.18827 23.55623 23.79002 23.85915 24.38851 24.07406 24.26723 24.56121 24.94038 25.51791 25.85158 26.60453 26.76697 26.95979 26.87387 27.12253 27.00858 26.32647 25.75861 25.92468 25.94597 26.19738 26.35939 26.84665 27.28214 27.75582 28.21013 28.55028 28.18542 28.28559 29.07066 29.19099
8.70296 10.07914 11.31737 12.17698 13.27408 14.62920 15.74480 16.91945 17.78600 18.31352 18.78692 19.34183 19.87172 19.92516 20.19216 20.53046 20.34696 20.22236 20.74260 20.33499 20.41199 20.31274 20.28459 20.08032 20.31922 20.09618 20.38890 20.55155 20.52693 20.96936 21.59244 21.96031 22.69255 22.72344 22.96738 23.13291 23.43668 23.51683 24.10121 23.83922 24.13393 24.71964 25.29658 25.88424 26.15244 26.44261 26.68582 27.04932 27.24757 27.10677 26.80957 25.99650 25.43689 25.23160 25.28142 25.61601 26.62597 27.56392 28.26211 28.46922 28.67234 28.46378 28.17839 28.16615 29.09379 29.02768
7.37657 8.60254 9.62018 10.77871 11.97127 13.19666 14.50895 15.69857 16.46217 17.23332 18.08614 18.62336 19.05490 19.35084 19.80365 20.17461 20.21143 20.02336 20.24457 20.07449 20.27400 19.95723 19.95019 19.48942 19.46496 19.10701 19.36594 19.53142 19.62333 20.30499 21.10117 21.40294 22.43599 22.56867 22.94853 22.97800 23.38253 23.47024 23.92010 23.64741 24.06791 25.08225 25.50112 26.09262 26.24356 26.25613 26.77704 27.07405 26.91713 26.18249 25.89742 25.79215 25.84558 25.83376 26.15620 26.31415 26.79641 27.34147 27.77999 28.02121 28.24630 28.32562 28.26689 28.26053 28.69564 28.78869
5.77812 6.90218 8.27901 9.61179 10.51277 11.80699 13.17446 14.36528 15.65831 16.44251 17.26045 18.03779 18.80234 19.16650 19.38376 19.47427 19.78546 19.42252 19.58403 19.99210 19.69159 19.23682 19.02060 18.39944 18.31313 18.12491 18.41488 18.47561 19.05764 19.87624 20.58096 20.96455 21.97323 22.16516 22.72495 22.69294 23.25023 23.38672 23.68172 23.73280 24.17391 25.36312 25.53089 26.09624 25.97383 26.01881 26.22232 26.27712 26.37233 26.28361 26.64892 26.61157 26.14531 25.67848 25.70685 25.81682 26.14326 26.96610 27.78893 28.04361 28.43203 28.57643 28.42398 28.51544 28.61027 28.71812
4.93693 5.65624 6.69017 7.93974 9.29179 10.54988 12.27907 13.35784 14.15769 15.01463 16.54656 16.88346 18.31734 19.04282 18.89283 19.02558 19.31011 19.19446 19.13582 19.18641 18.33706 18.01321 17.78185 17.36433 17.41825 17.55477 17.71269 18.28907 18.93492 19.56829 20.20686 20.54531 21.17675 21.57178 21.83560 21.94939 22.47729 22.76613 23.13435 23.62987 24.07620 24.74124 25.10003 25.50900 25.64892 25.80224 25.94719 26.35302 26.98126 26.76564 26.48623 26.01201 25.52160 25.38289 25.48528 25.67057 25.95428 26.68012 27.51969 28.16717 28.33286 28.51898 28.53110 28.72658 28.64047 28.68169
4.26067 4.84020 5.65455 6.59312 7.79905 8.98811 10.66408 11.85403 12.66098 14.41416 15.63919 16.29032 17.74941 17.70358 17.75593 18.21865 18.43318 18.59408 18.12999 18.06676 17.40382 17.22597 17.07898 16.90766 17.09304 17.33440 17.52445 18.13974 18.10128 18.44500 18.87016 19.51605 20.39620 21.14541 21.67398 22.19685 23.22297 23.34443 23.64964 24.23106 24.85485 25.33166 25.55619 25.86472 25.99045 26.15839 26.25274 26.68212 26.50577 26.19830 25.79958 25.79201 25.36673 25.23747 25.32490 25.57689 25.68676 26.30785 27.02452 28.04672 28.17134 28.46241 28.80101 28.92383 28.73784 28.79477
3.78424 4.29508 4.88902 5.72806 6.61270 7.74479 8.87428 10.52469 12.05172 13.81379 14.53705 15.47392 16.10949 16.66181 16.95375 17.16333 17.26634 17.44446 17.05416 16.99169 16.61154 16.89788 16.94598 17.05268 17.20049 17.08717 16.83601 16.79344 17.17907 18.28290 19.45087 20.38604 21.15766 21.80675 22.31466 22.81969 23.93446 24.51669 24.95084 25.64328 25.76742 25.71645 25.56690 25.81525 25.86105 25.89599 25.69855 26.05152 25.81137 25.79476 25.46725 25.52595 25.12485 24.98460 25.12435 25.31448 25.24935 25.97171 26.70230 27.55142 28.30407 28.46015 28.80755 28.75821 28.78740 28.89892
3.37705 3.74337 4.29899 5.00759 5.74606 6.61696 7.56170 8.85647 10.35055 11.49270 12.33561 13.36361 14.03908 14.83660 15.31655 15.66871 16.04042 16.57231 16.53011 16.22581 16.30483 16.89156 17.20431 17.09160 16.52956 15.92416 16.08161 17.06484 18.29400 19.33984 20.25684 21.11096 21.91657 23.08108 24.32898 25.06509 26.06140 25.53888 24.66197 24.81267 24.90518 25.05197 25.03660 25.19706 25.46358 25.50113 25.39028 25.61895 25.50821 25.34296 25.32825 25.24564 25.06817 25.03488 25.01293 25.03562 24.92803 25.69906 26.47073 26.89954 28.49457 28.22072 28.75061 28.81066 28.80984 28.89017
2.77058 3.24257 3.80199 4.26638 4.74983 5.55494 6.49641 7.54540 8.67723 9.57958 10.53942 11.55703 12.45760 13.27699 13.96374 14.44640 14.95005 15.48693 15.56577 15.94289 16.68014 16.88899 16.75878 16.31647 16.03989 16.50661 17.38187 18.25428 19.10095 19.97072 20.87299 21.86071 23.48784 24.71550 24.56634 24.55415 24.62983 24.20266 24.03243 24.20659 24.26777 24.83379 24.94533 25.28734 25.35495 25.51246 25.35465 25.32029 25.27346 25.07707 25.22909 25.09145 25.10054 24.84073 24.95849 24.68409 24.77595 25.36281 26.28422 26.49666 28.12120 28.21821 28.64663 28.90164 28.72525 28.86865
0.00000 0.00000 3.13171 3.58478 4.08157 4.69393 5.31269 6.19556 6.97347 7.78243 8.69496 9.76391 10.79016 11.83946 12.84385 13.48225 14.10244 14.69006 15.04223 15.90139 16.76349 16.78875 16.55358 16.25379 16.71281 17.57139 18.31517 18.99424 19.80389 20.76795 22.37471 23.22824 24.21159 23.80080 23.62298 23.79041 23.86880 23.94806 24.14835 24.12915 24.30893 24.76926 25.05460 25.35036 25.14622 25.46942 25.33439 24.97584 25.15672 25.21171 25.26850 24.94792 25.17874 24.85405 24.84128 24.47138 24.61581 24.89172 25.92320 26.29101 27.31021 28.41807 28.49696 29.02319 28.67302 28.84781
0.00000 0.00000 0.00000 0.00000 3.27368 3.78871 4.38685 5.06226 5.55249 6.26280 7.08940 8.12291 9.05158 10.12513 11.13560 12.04121 13.07917 14.14460 14.83149 16.01349 16.68356 15.95598 15.76666 16.43099 17.52572 18.41643 19.14094 19.82506 21.08239 23.41426 22.60772 23.11370 23.10812 23.19954 23.54878 23.84716 23.97942 24.19516 24.15058 24.33905 24.38992 24.68586 24.96332 25.08971 25.08855 25.24051 25.20069 24.84637 24.96679 25.19340 25.19885 25.20680 25.28556 24.84632 24.56372 24.37224 24.45201 24.55201 25.43585 26.24841 26.94851 28.38281 28.70316 28.82193 28.75135 28.80801
