data/RealTopo/Outputs_RealTopo/realWog_02RealTopo_null_INRAEaval_pfv.asc
ncols        490
nrows        555
xllcenter    167455.
yllcenter    361955.
cellsize     5.
nodata_value  -9999
[rows 406 to 434 of 555, columns 330 to 395 of 490]
41.06892 38.44923 35.16856 36.96261 39.50681 40.92936 41.22896 41.29544 39.89546 39.26444 36.69355 36.49755 36.30298 36.21872 34.16654 33.74888 34.49234 33.24449 32.57902 31.38857 28.00086 30.00936 33.38853 33.86667 33.24246 32.54677 32.32407 31.15741 30.41458 29.90062 28.29246 26.77138 25.67150 24.15154 23.16416 21.42177 19.29773 17.24204 15.76890 13.62965 10.68867 7.88769 4.97901 3.03833 0.00000 0.00000 0.00000 0.00000 0.00000 0.00000 0.00000 0.00000 0.00000 0.00000 0.00000 0.00000 0.00000 0.00000 0.00000 0.00000 0.00000 0.00000 0.00000 0.00000 0.00000 0.00000
38.45643 36.65447 33.81397 35.01939 38.44888 40.02189 40.71150 41.26066 40.63673 40.14607 37.01822 36.31366 36.83205 36.10024 34.12554 34.03338 33.87692 33.02200 32.50111 31.27487 27.76952 29.90550 33.84628 34.51198 33.69122 33.14723 32.88677 32.29392 29.95203 30.30730 28.69600 27.59752 26.49272 24.91025 23.98220 21.72148 20.05332 19.15591 17.08063 14.27073 11.77316 8.80341 5.88156 3.62038 0.00000 0.00000 0.00000 0.00000 0.00000 0.00000 0.00000 0.00000 0.00000 0.00000 0.00000 0.00000 0.00000 0.00000 0.00000 0.00000 0.00000 0.00000 0.00000 0.00000 0.00000 0.00000
36.43296 35.81733 32.58955 35.45137 37.92010 37.29779 40.15668 40.61782 40.51830 39.90028 36.81634 35.27030 36.27378 35.01698 33.99997 33.66966 33.21226 32.90628 32.35618 31.31463 28.63794 30.53706 34.56677 35.50243 34.78259 33.73225 32.76928 32.55773 29.75196 30.58621 29.61920 28.39031 26.57197 25.14947 23.89821 22.47314 21.75424 20.09256 17.47877 15.12109 12.62034 9.77039 6.84667 4.23448 2.69285 0.00000 0.00000 0.00000 0.00000 0.00000 0.00000 0.00000 0.00000 0.00000 0.00000 0.00000 0.00000 0.00000 0.00000 0.00000 0.00000 0.00000 0.00000 0.00000 0.00000 0.00000
36.14319 35.67542 32.43827 35.98511 37.61569 33.49210 39.14253 40.90061 39.77677 38.83203 36.18199 34.46135 35.38092 34.86124 33.92923 33.24309 33.05379 33.04153 32.99934 31.10777 28.98057 31.69528 34.97875 35.35704 34.64600 32.74297 31.73745 31.65105 30.96189 30.73319 29.77474 27.84841 26.55453 25.63660 24.92362 23.69358 22.33977 20.20839 18.17968 15.84983 13.37650 10.61057 7.71660 4.91047 3.06396 0.00000 0.00000 0.00000 0.00000 0.00000 0.00000 0.00000 0.00000 0.00000 0.00000 0.00000 0.00000 0.00000 0.00000 0.00000 0.00000 0.00000 0.00000 0.00000 0.00000 0.00000
35.74692 34.76961 34.06498 35.26549 36.58662 32.00540 37.26014 39.94330 38.57127 37.96316 35.98219 34.71775 34.92987 35.25451 33.85020 33.24781 33.31219 33.25210 32.70859 31.08960 29.43080 33.13065 35.51503 34.97115 33.70538 32.11564 31.91881 31.95000 31.58664 29.90419 28.86271 27.96978 27.97953 26.73719 25.60606 23.76249 22.22401 20.74537 19.01544 16.66471 14.25638 11.43215 8.65651 5.74399 3.53546 0.00000 0.00000 0.00000 0.00000 0.00000 0.00000 0.00000 0.00000 0.00000 0.00000 0.00000 0.00000 0.00000 0.00000 0.00000 0.00000 0.00000 0.00000 0.00000 0.00000 0.00000
34.10192 33.74019 33.98732 34.66310 35.15558 32.92818 35.68636 37.94654 37.72482 37.15241 36.19197 34.94742 34.46877 34.96100 34.05013 33.51705 33.06616 33.28394 32.81516 31.68524 30.55102 33.25647 34.56518 34.13447 33.40202 32.50177 32.76986 31.72253 30.37242 29.69520 29.41936 29.14140 28.47867 27.07564 25.62545 23.99992 22.73031 21.46725 19.70727 17.44513 15.12354 12.38198 9.52368 6.61914 4.22171 2.76247 0.00000 0.00000 0.00000 0.00000 0.00000 0.00000 0.00000 0.00000 0.00000 0.00000 0.00000 0.00000 0.00000 0.00000 0.00000 0.00000 0.00000 0.00000 0.00000 0.00000
32.75611 32.80395 33.22746 34.06604 34.43212 34.26736 34.90084 36.38678 37.88479 37.91426 36.54582 34.93989 34.44340 34.77592 34.16908 33.51461 32.88789 33.37732 33.12513 32.27240 31.31906 32.88640 34.36750 34.06099 33.58417 33.08360 32.09732 30.82913 30.69725 30.86629 29.90615 29.17624 28.34707 27.27419 25.93266 24.55365 23.28523 21.98391 20.31496 18.26563 15.98571 13.33928 10.56785 7.68651 5.01921 3.18341 0.00000 0.00000 0.00000 0.00000 0.00000 0.00000 0.00000 0.00000 0.00000 0.00000 0.00000 0.00000 0.00000 0.00000 0.00000 0.00000 0.00000 0.00000 0.00000 0.00000
31.59890 31.95373 32.70347 33.47805 34.11217 34.88282 34.59521 35.71534 37.19814 37.23107 36.45444 35.22181 34.63098 34.66426 34.37783 33.65305 33.02150 33.17889 33.22205 32.57522 31.86508 32.54947 33.94462 34.01920 33.43197 32.01361 31.51402 31.78717 31.72703 31.08408 30.03245 29.25952 28.71762 27.49285 26.66678 25.41345 23.79313 22.55544 21.21908 19.23826 16.87753 14.36578 11.73316 8.80438 5.85389 3.59812 0.00000 0.00000 0.00000 0.00000 0.00000 0.00000 0.00000 0.00000 0.00000 0.00000 0.00000 0.00000 0.00000 0.00000 0.00000 0.00000 0.00000 0.00000 0.00000 0.00000
30.64764 31.33968 32.08690 32.98219 33.76800 34.46467 34.60659 35.33725 36.11766 36.10966 35.94496 35.01497 34.27809 34.11517 34.34640 33.75042 33.18309 33.16528 33.01987 32.74192 32.39420 32.80521 33.80991 33.28458 32.16168 31.88843 32.56354 32.28547 31.47925 31.15597 30.43368 29.54928 28.99511 28.14748 27.37876 26.00344 24.41454 23.17754 21.82171 19.97109 17.67113 15.32231 12.74481 9.86007 6.78984 4.25839 2.78707 0.00000 0.00000 0.00000 0.00000 0.00000 0.00000 0.00000 0.00000 0.00000 0.00000 0.00000 0.00000 0.00000 0.00000 0.00000 0.00000 0.00000 0.00000 0.00000
30.08468 30.57283 31.25438 32.40237 33.42383 33.91545 34.50075 35.14491 35.54324 35.48971 35.61162 35.13191 34.26411 34.17079 34.11110 33.74361 33.54785 33.19268 32.83837 32.73370 32.84147 32.67154 32.23710 32.33105 32.70802 32.83739 32.78251 32.29201 31.58548 31.47442 30.67991 29.87560 29.27084 28.58616 27.77268 26.42601 25.00997 23.66253 22.18807 20.56492 18.46647 16.24474 13.82648 11.08283 7.97716 5.11648 3.26805 0.00000 0.00000 0.00000 0.00000 0.00000 0.00000 0.00000 0.00000 0.00000 0.00000 0.00000 0.00000 0.00000 0.00000 0.00000 0.00000 0.00000 0.00000 0.00000
29.36882 29.56239 30.41419 31.61389 32.96320 33.53570 34.22243 34.98899 35.25463 35.03529 35.31920 35.13311 34.04246 33.81015 33.78711 33.76880 33.71640 33.09310 33.05200 33.11080 32.23349 31.88416 32.41341 33.52598 33.52484 32.45042 32.44868 32.37476 31.88861 31.59510 31.01221 30.40090 29.61254 28.67874 28.09229 27.06374 25.68258 24.36596 22.96772 21.26984 19.28891 17.23622 14.86439 12.20955 9.10999 5.96877 3.75527 2.79207 0.00000 0.00000 0.00000 0.00000 0.00000 0.00000 0.00000 0.00000 0.00000 0.00000 0.00000 0.00000 0.00000 0.00000 0.00000 0.00000 0.00000 0.00000
28.74170 28.57503 29.65024 31.10978 32.47388 33.22980 33.92356 34.46710 34.84322 34.74076 34.52037 34.49399 33.82388 33.63666 33.84433 33.88826 33.50390 33.18270 32.78831 31.97716 31.99378 33.41394 33.69900 33.20819 32.96219 32.17185 32.24102 32.68250 32.21555 31.67327 31.29314 30.72017 29.94965 28.77593 28.61680 27.97156 26.35662 25.06831 23.68076 21.99779 20.19727 18.12701 15.77904 13.30751 10.32078 7.10250 4.47722 3.20708 0.00000 0.00000 0.00000 0.00000 0.00000 0.00000 0.00000 0.00000 0.00000 0.00000 0.00000 0.00000 0.00000 0.00000 0.00000 0.00000 0.00000 0.00000
28.50859 28.30847 29.33729 30.69319 31.78739 32.70707 33.37891 33.85624 34.21719 34.31051 34.12290 34.24122 34.18847 34.16801 34.16011 34.13003 33.46778 32.48911 31.95342 32.54108 33.73514 33.99572 33.13890 32.72151 32.74352 32.29461 32.20454 32.40915 32.11736 31.76596 31.44750 30.87533 30.10031 29.29634 29.21092 28.48795 26.93192 25.56658 24.37169 22.65806 20.88433 19.00676 16.80764 14.40103 11.53709 8.39810 5.48827 3.76686 0.00000 0.00000 0.00000 0.00000 0.00000 0.00000 0.00000 0.00000 0.00000 0.00000 0.00000 0.00000 0.00000 0.00000 0.00000 0.00000 0.00000 0.00000
28.53302 28.25798 28.63402 29.80074 31.10476 32.21834 32.99949 33.59651 33.91374 34.08358 34.23348 34.31106 34.20513 33.61626 32.94427 32.55526 32.39215 32.51440 33.25261 34.04416 33.41999 33.07336 32.89241 32.54481 32.55231 32.38143 32.30266 32.26894 32.30235 32.22329 31.97754 31.27119 30.37398 30.16474 29.54714 28.67268 27.49684 26.23756 25.27293 23.19778 21.39799 19.79314 17.86683 15.55358 12.70540 9.70512 6.61534 4.34705 3.02857 0.00000 0.00000 0.00000 0.00000 0.00000 0.00000 0.00000 0.00000 0.00000 0.00000 0.00000 0.00000 0.00000 0.00000 0.00000 0.00000 0.00000
28.50650 28.22320 28.26991 29.29971 30.55910 31.54916 32.34978 32.94836 33.27997 33.50944 33.68922 33.44849 32.91252 32.36527 32.30439 32.96828 33.66640 33.59999 33.37164 33.20915 33.04359 33.02268 32.94184 32.78177 32.86138 32.57520 32.48385 32.42810 32.73291 32.85612 32.47517 31.43005 30.51871 30.49299 29.87563 29.13233 28.10052 26.93660 25.81674 23.66245 21.76627 20.40221 18.69333 16.43796 13.99263 11.15953 7.91063 5.19719 3.57228 0.00000 0.00000 0.00000 0.00000 0.00000 0.00000 0.00000 0.00000 0.00000 0.00000 0.00000 0.00000 0.00000 0.00000 0.00000 0.00000 0.00000
28.44991 27.88847 27.38166 27.78629 29.04081 30.40309 31.46905 32.27631 32.65505 33.11174 33.53152 33.67092 33.16587 33.07505 33.26245 33.66693 33.41949 33.07525 33.07537 33.04803 33.03276 32.73486 32.52519 32.78260 32.63181 32.67402 32.48294 32.27404 32.73625 32.92535 32.39766 31.47843 30.65745 30.79005 30.86956 29.96106 28.62243 27.35478 26.18238 24.35005 22.23716 20.89243 19.39628 17.33524 15.27060 12.42835 9.29235 6.35372 4.15178 0.00000 0.00000 0.00000 0.00000 0.00000 0.00000 0.00000 0.00000 0.00000 0.00000 0.00000 0.00000 0.00000 0.00000 0.00000 0.00000 0.00000
27.70277 27.23862 26.74730 27.26208 28.67593 30.30651 31.33944 32.55508 33.05172 33.79855 34.39523 34.13585 33.18598 33.14342 32.92221 33.43456 33.63600 33.14703 33.38644 33.17402 32.89580 32.84714 32.54202 33.02059 33.10391 33.12226 32.42298 32.05796 32.44959 33.16808 32.53085 31.81831 31.22246 31.15726 31.72894 30.37850 28.78443 27.13320 26.39395 24.94302 23.03140 21.38776 20.00526 18.23082 16.14192 13.43841 10.50485 7.48401 4.86420 3.19794 0.00000 0.00000 0.00000 0.00000 0.00000 0.00000 0.00000 0.00000 0.00000 0.00000 0.00000 0.00000 0.00000 0.00000 0.00000 0.00000
28.24800 28.06934 27.28469 27.66139 28.46114 29.93641 30.94117 32.22495 32.79575 33.12630 33.70552 33.40593 32.96127 32.56469 32.47941 33.17707 33.33990 33.17973 33.57026 33.00024 33.26208 33.59118 32.65549 33.43719 33.52558 33.03868 32.36325 32.27652 32.81075 33.54001 32.83012 32.51598 31.78273 31.32559 31.23606 29.86307 28.59810 27.29763 25.71754 25.53917 23.77968 21.96949 20.54113 19.01609 16.93935 14.42125 11.71340 8.82691 6.00340 3.81920 0.00000 0.00000 0.00000 0.00000 0.00000 0.00000 0.00000 0.00000 0.00000 0.00000 0.00000 0.00000 0.00000 0.00000 0.00000 0.00000
28.73325 28.47025 27.28093 26.97349 27.37194 28.94513 30.34562 31.41407 32.25685 32.59128 33.24598 33.16461 32.81994 32.11744 32.43292 32.77734 33.01356 32.85318 33.57924 33.04088 33.20207 32.86419 32.46460 33.54883 33.33143 32.68454 32.55526 32.32555 32.99368 32.69576 32.52529 32.48360 31.61125 31.05533 30.47807 30.06965 28.76677 27.67265 25.97186 25.62063 24.32843 22.83423 21.18692 19.55480 17.65791 15.23269 12.67566 10.01744 7.20533 4.64346 3.15656 0.00000 0.00000 0.00000 0.00000 0.00000 0.00000 0.00000 0.00000 0.00000 0.00000 0.00000 0.00000 0.00000 0.00000 0.00000
28.74644 28.27109 27.14912 26.33399 26.73125 28.14862 29.66039 30.68975 31.68614 32.03271 33.06649 33.12152 32.30301 31.96985 32.90095 32.93328 32.87844 33.09082 33.43073 32.15905 32.78226 32.46679 32.62942 32.56001 32.43866 32.21282 32.22676 32.43593 32.41326 32.19252 32.07705 32.04004 31.48987 30.83678 30.45361 30.07704 29.11188 27.97559 27.03422 25.55470 24.94793 23.53623 21.92581 20.17172 18.52794 16.29582 13.85281 11.49746 8.60206 5.60390 3.76379 0.00000 0.00000 0.00000 0.00000 0.00000 0.00000 0.00000 0.00000 0.00000 0.00000 0.00000 0.00000 0.00000 0.00000 0.00000
28.85455 28.35616 27.22020 26.04665 26.32065 27.32683 28.76461 30.36150 30.97579 31.47097 32.64559 32.80605 31.92709 32.24934 33.49357 33.20230 33.17253 33.20080 33.37008 32.81530 33.13044 31.95998 31.49400 31.43230 31.94195 32.14361 31.47280 32.45778 32.16799 32.14129 32.20727 32.48583 31.72867 30.91167 30.60338 29.83651 29.16678 28.34216 27.53984 26.32775 24.57066 24.21429 22.73813 20.98379 19.25600 17.23110 15.13467 12.75039 9.83139 6.75381 4.39896 2.96678 0.00000 0.00000 0.00000 0.00000 0.00000 0.00000 0.00000 0.00000 0.00000 0.00000 0.00000 0.00000 0.00000 0.00000
29.02433 28.57136 27.25944 25.99648 25.75655 26.91167 27.87853 29.90684 30.36120 30.95664 32.18787 32.62932 32.02774 32.54923 33.36541 33.02582 32.84548 32.29719 32.99829 31.97292 31.58094 31.02999 30.95968 30.83405 31.66546 31.81860 31.30541 32.10085 32.52465 31.99625 32.50407 32.37951 31.67672 31.24220 31.01718 30.55162 29.64920 29.03672 27.98488 27.15125 24.77595 24.75811 23.28136 21.85998 19.98237 18.18711 16.33847 13.74917 11.13609 8.08311 5.19583 3.58581 0.00000 0.00000 0.00000 0.00000 0.00000 0.00000 0.00000 0.00000 0.00000 0.00000 0.00000 0.00000 0.00000 0.00000
29.00810 28.73102 27.49595 26.15651 25.23801 26.27579 27.14521 28.87774 29.94353 30.31454 31.48327 32.21691 32.27779 32.52980 33.17795 33.25576 32.13972 32.02481 31.99655 31.15746 30.80191 30.33501 30.59536 30.72574 31.44707 31.30793 31.31154 31.99895 32.54695 32.36935 32.19543 32.15392 32.03603 31.93197 31.28763 30.98957 29.76094 29.04435 28.12562 27.37807 25.47421 24.79286 23.88431 22.71920 20.89323 19.01877 17.03824 14.80648 12.35556 9.24497 5.99542 4.08074 0.00000 0.00000 0.00000 0.00000 0.00000 0.00000 0.00000 0.00000 0.00000 0.00000 0.00000 0.00000 0.00000 0.00000
28.88253 28.67962 27.69754 26.13942 25.09176 25.59122 26.80324 27.81306 29.28505 29.96521 30.83964 31.95756 32.53510 32.42249 32.81432 32.62115 31.34811 31.55626 30.82604 31.04695 30.38535 30.24924 30.38244 30.85256 30.86129 30.93603 31.47524 32.66526 32.37573 33.07518 32.28899 32.13739 32.40700 32.19094 30.95653 31.16832 30.02303 29.21868 28.66298 27.65151 26.38202 25.24992 23.97172 23.57188 21.83604 19.58011 17.95126 16.01584 13.43514 10.36508 7.00866 4.69329 2.91465 0.00000 0.00000 0.00000 0.00000 0.00000 0.00000 0.00000 0.00000 0.00000 0.00000 0.00000 0.00000 0.00000
28.77571 28.57096 27.72372 26.05739 25.17653 25.04651 26.51330 27.10658 28.69862 29.74097 30.22148 31.60060 32.46715 32.43648 32.03136 32.01106 31.03644 30.62723 30.62259 30.47934 29.96503 30.28747 30.25040 30.70799 30.83489 30.70264 31.96238 33.21225 32.02244 32.68324 32.50344 31.66638 31.46950 31.44893 31.18523 30.82432 30.31690 29.41135 28.79058 27.73985 27.11097 25.40244 25.23312 23.81683 22.11783 20.37006 18.70888 16.58876 14.06312 11.37080 8.15317 5.40916 3.41392 0.00000 0.00000 0.00000 0.00000 0.00000 0.00000 0.00000 0.00000 0.00000 0.00000 0.00000 0.00000 0.00000
28.72102 28.46701 27.63365 26.03948 24.85505 24.85380 25.79191 26.72380 28.13434 29.12718 29.94569 31.29077 32.29165 31.96750 31.40509 31.52525 30.81444 30.69298 30.82900 30.17971 30.00178 29.92154 30.95037 31.54759 31.33817 30.72498 32.02149 33.10945 31.17497 31.27427 31.91362 31.18560 30.57222 31.06913 31.52911 30.28843 30.19152 29.03479 28.76595 27.76689 27.10047 25.53626 25.13126 23.09607 22.53856 20.80694 18.91145 16.83895 14.67939 12.34555 9.40636 6.30739 4.15604 0.00000 0.00000 0.00000 0.00000 0.00000 0.00000 0.00000 0.00000 0.00000 0.00000 0.00000 0.00000 0.00000
28.77785 28.37705 27.61656 26.10019 24.48111 24.72675 25.18170 26.28901 27.13743 28.38954 29.98246 30.77509 31.99801 31.41079 31.38715 31.70600 31.12148 30.40936 30.58130 30.45486 30.52768 30.47064 31.80156 30.90977 30.70644 30.73654 31.24840 32.02553 30.19609 30.39665 31.33993 30.74757 30.59553 30.68493 30.68162 29.58562 29.70248 28.67525 28.68459 27.66074 26.83895 25.96619 25.41058 24.11704 22.54246 21.20997 19.45371 17.47375 15.49592 13.28635 10.54136 7.25465 4.84819 0.00000 0.00000 0.00000 0.00000 0.00000 0.00000 0.00000 0.00000 0.00000 0.00000 0.00000 0.00000 0.00000
28.81769 28.34715 27.57770 26.12945 24.33236 24.39280 24.97357 25.75131 26.45291 27.75051 29.58610 30.44363 31.24938 31.25207 31.26157 31.38330 30.88696 30.04977 30.48024 30.55153 30.63588 29.93202 30.52436 29.71336 30.02999 29.46480 29.55487 30.00611 29.71480 29.98822 30.44029 30.11502 30.41028 30.13203 30.08777 29.73823 29.72481 28.87015 28.67467 27.54226 26.96372 26.24329 25.42283 24.28321 22.66391 21.65153 20.10621 18.24744 16.20271 14.09192 11.51843 8.26019 5.53915 3.41827 0.00000 0.00000 0.00000 0.00000 0.00000 0.00000 0.00000 0.00000 0.00000 0.00000 0.00000 0.00000
28.79256 28.36697 27.50005 26.02723 24.14847 23.91971 24.70049 25.36230 26.06026 27.12159 29.24841 30.11199 30.66521 31.10217 30.99915 31.07861 30.61495 29.88678 29.85735 30.07387 30.08927 29.75032 30.82485 29.62697 29.01095 28.16501 28.63069 29.24716 29.41053 29.53774 29.78426 29.96395 30.25206 30.13347 30.22431 29.99659 29.51099 28.99155 28.61684 27.69998 27.18963 26.25711 25.47163 24.39848 23.22061 21.45537 20.93611 18.82868 16.93711 14.91543 12.49428 9.41327 6.31133 4.07806 0.00000 0.00000 0.00000 0.00000 0.00000 0.00000 0.00000 0.00000 0.00000 0.00000 0.00000 0.00000
