data/RealTopo/Outputs_RealTopo/realwog_02_null_flo2d_pft.asc
ncols         490
nrows         555
xllcorner     167452.5
yllcorner     361952.5
cellsize      5
NODATA_value  -9999
[rows 340 to 373 of 555, columns 231 to 307 of 490]
-9999 -9999 -9999 -9999 -9999 -9999 -9999 -9999 -9999 -9999 -9999 -9999 -9999 -9999 -9999 -9999 -9999 -9999 -9999 -9999 -9999 -9999 -9999 -9999 -9999 -9999 -9999 -9999 -9999 -9999 -9999 -9999 -9999 -9999 -9999 -9999 0.671 1.088 1.995 2.829 2.485 1.999 2.18 2.233 2.246 2.924 2.605 1.823 1.987 2.804 3.542 4.826 4.03 2.672 2.585 2.715 3.562 5.023 5.756 7.043 9.471 11.314 12.072 11.096 10.028 9.391 8.367 6.998 6.119 5.381 4.671 4.331 3.749 3.228 3.045 2.813 2.309
-9999 -9999 -9999 -9999 -9999 -9999 -9999 -9999 -9999 -9999 -9999 -9999 -9999 -9999 -9999 -9999 -9999 -9999 -9999 -9999 -9999 -9999 -9999 -9999 -9999 -9999 -9999 -9999 -9999 -9999 -9999 -9999 -9999 -9999 -9999 -9999 0.71 1.238 2.307 2.959 2.837 2.358 1.924 1.424 1.886 2.959 3.26 2.412 2.124 2.5 3.668 4.717 3.864 3.261 2.953 2.76 2.947 3.711 3.962 4.386 6.413 8.731 10.577 11.02 11.726 12.021 10.908 9.468 8.662 8.205 7.445 6.573 6.035 6.03 6.005 5.563 4.826
-9999 -9999 -9999 -9999 -9999 -9999 -9999 -9999 -9999 -9999 -9999 -9999 -9999 -9999 -9999 -9999 -9999 -9999 -9999 -9999 -9999 -9999 -9999 -9999 -9999 -9999 -9999 -9999 -9999 -9999 -9999 -9999 -9999 -9999 -9999 -9999 0.873 1.581 2.7 3.064 2.713 1.452 1.221 1.487 1.795 2.165 3.074 3.177 2.835 2.932 3.834 4.007 3.846 3.74 3.091 2.924 3.398 3.807 3.783 2.913 3.497 5.355 7.268 7.92 8.402 11.001 10.959 9.867 10.026 10.167 9.981 9.22 8.941 9.305 9.204 8.915 8.186
-9999 -9999 -9999 -9999 -9999 -9999 -9999 -9999 -9999 -9999 -9999 -9999 -9999 -9999 -9999 -9999 -9999 -9999 -9999 -9999 -9999 -9999 -9999 -9999 -9999 -9999 -9999 -9999 -9999 -9999 -9999 -9999 -9999 -9999 -9999 0.462 1.224 2.115 2.91 3.309 2.197 1.204 0.975 1.332 1.584 1.579 2.352 3.066 3.291 3.907 3.612 2.778 3.443 4.058 3.448 3.082 3.556 4.059 4.408 2.889 2.034 2.586 4.242 4.798 5.479 8.024 10.162 8.341 6.872 6.886 7.403 7.621 7.502 7.661 7.983 8.038 7.987
-9999 -9999 -9999 -9999 -9999 -9999 -9999 -9999 -9999 -9999 -9999 -9999 -9999 -9999 -9999 -9999 -9999 -9999 -9999 -9999 -9999 -9999 -9999 -9999 -9999 -9999 -9999 -9999 -9999 -9999 -9999 -9999 -9999 -9999 -9999 0.865 1.618 2.784 3.444 2.584 1.36 0.811 0.709 1.125 1.49 1.561 1.721 2.439 3.016 4.128 3.182 2.477 2.757 4.102 3.812 3.149 3.551 4.121 4.646 3.359 1.654 1.453 2.397 2.802 3.561 5.316 9.122 8.755 6.168 4.518 4.212 4.427 4.692 4.943 5.505 5.911 6.554
-9999 -9999 -9999 -9999 -9999 -9999 -9999 -9999 -9999 -9999 -9999 -9999 -9999 -9999 -9999 -9999 -9999 -9999 -9999 -9999 -9999 -9999 -9999 -9999 -9999 -9999 -9999 -9999 -9999 -9999 -9999 -9999 -9999 -9999 0.568 1.32 2.48 3.428 3.268 1.819 0.926 0.391 0.774 0.934 1.172 1.307 1.454 2.128 3.575 3.716 3.171 2.692 2.779 3.413 3.86 3.11 3.528 3.841 5.012 3.286 1.878 1.525 1.917 2.026 2.489 3.646 6.182 9.267 7.635 5.3 3.593 2.756 2.61 2.701 3.138 3.639 4.264
-9999 -9999 -9999 -9999 -9999 -9999 -9999 -9999 -9999 -9999 -9999 -9999 -9999 -9999 -9999 -9999 -9999 -9999 -9999 -9999 -9999 -9999 -9999 -9999 -9999 -9999 -9999 -9999 -9999 -9999 -9999 -9999 -9999 -9999 1.223 2.151 3.319 3.504 2.328 1.089 0.582 -9999 0.968 0.822 1.176 1.535 1.7 2.147 3.801 3.773 3.54 3.073 2.837 3.154 3.638 3.464 3.69 3.684 5.13 3.372 2.076 1.541 1.819 2.178 2.04 2.687 4.189 7.534 9.204 9.286 6.772 4.536 2.85 2.575 2.595 2.467 2.597
-9999 -9999 -9999 -9999 -9999 -9999 -9999 -9999 -9999 -9999 -9999 -9999 -9999 -9999 -9999 -9999 -9999 -9999 -9999 -9999 -9999 -9999 -9999 -9999 -9999 -9999 -9999 -9999 -9999 -9999 -9999 -9999 -9999 0.64 2.012 2.823 3.521 3.012 1.085 0.647 0.436 -9999 0.717 0.648 1.003 1.539 1.59 1.857 3.18 4.003 3.405 3.081 2.73 3.211 3.766 3.578 3.575 4.229 5.164 3.795 1.961 1.62 1.574 2.151 1.993 2.111 3.027 5.098 6.546 9.893 9.657 7.059 4.597 3.164 2.859 3.104 2.82
-9999 -9999 -9999 -9999 -9999 -9999 -9999 -9999 -9999 -9999 -9999 -9999 -9999 -9999 -9999 -9999 -9999 -9999 -9999 -9999 -9999 -9999 -9999 -9999 -9999 -9999 -9999 -9999 -9999 -9999 -9999 -9999 -9999 0.956 2.476 3.531 3.482 1.821 0.911 0.783 0.292 -9999 0.41 0.582 0.723 1.32 2.159 1.994 2.796 4.508 3.492 3.204 3.04 3.228 4.026 3.329 3.808 5.139 4.167 3.804 1.874 1.345 1.388 1.754 2.259 1.525 2.123 2.992 4.634 7.252 10.496 8.669 6.218 4.396 3.184 3.195 3.391
-9999 -9999 -9999 -9999 -9999 -9999 -9999 -9999 -9999 -9999 -9999 -9999 -9999 -9999 -9999 -9999 -9999 -9999 -9999 -9999 -9999 -9999 -9999 -9999 -9999 -9999 -9999 -9999 -9999 -9999 -9999 -9999 -9999 1.193 2.969 3.625 2.884 0.873 1.196 0.7 -9999 0.306 0.202 0.313 0.47 1.157 1.729 2.309 2.652 4.589 3.945 3.687 3.304 3.139 4.024 3.455 4.381 4.692 3.808 3.363 2.079 1.149 1.089 1.914 2.595 1.341 1.008 1.886 2.877 4.652 8.011 10.22 9.172 6.495 4.93 3.674 3.449
-9999 -9999 -9999 -9999 -9999 -9999 -9999 -9999 -9999 -9999 -9999 -9999 -9999 -9999 -9999 -9999 -9999 -9999 -9999 -9999 -9999 -9999 -9999 -9999 -9999 -9999 -9999 -9999 -9999 -9999 -9999 -9999 0.551 1.677 3.437 3.595 1.837 1.243 1.446 0.667 -9999 0.345 0.356 -9999 0.838 1.008 1.085 2.396 2.719 4.452 4.361 4.117 3.429 3.206 4.253 3.528 4.135 3.574 4.757 3.656 1.664 1.061 1.048 1.614 2.509 1.573 0.78 0.493 1.675 2.951 5.024 7.608 9.947 10.304 7.302 5.344 3.91
-9999 -9999 -9999 -9999 -9999 -9999 -9999 -9999 -9999 -9999 -9999 -9999 -9999 -9999 -9999 -9999 -9999 -9999 -9999 -9999 -9999 -9999 -9999 -9999 -9999 -9999 -9999 -9999 -9999 -9999 -9999 -9999 0.738 1.725 3.666 3.435 2.256 1.574 1.241 0.479 -9999 -9999 0.409 -9999 0.592 1.229 1.378 2.041 2.625 3.941 5.278 4.557 3.729 3.519 4.513 3.231 3.253 3.455 5.361 3.699 1.451 1.003 1.135 1.602 2.628 1.395 0.709 0.421 0.302 1.227 2.555 5.017 7.003 9.152 9.484 7.386 5.091
-9999 -9999 -9999 -9999 -9999 -9999 -9999 -9999 -9999 -9999 -9999 -9999 -9999 -9999 -9999 -9999 -9999 -9999 -9999 -9999 -9999 -9999 -9999 -9999 -9999 -9999 -9999 -9999 -9999 -9999 -9999 -9999 0.635 1.942 3.678 3.194 2.759 1.647 0.957 -9999 -9999 -9999 0.411 -9999 0.647 1.089 1.618 2.235 2.459 3.216 5.136 4.911 4.382 3.585 4.249 3.116 2.546 3.842 5.94 2.65 1.58 1.217 1.243 1.815 2.814 1.163 0.859 0.333 -9999 -9999 0.854 2.848 4.56 6.747 9.477 8.469 6.268
-9999 -9999 -9999 -9999 -9999 -9999 -9999 -9999 -9999 -9999 -9999 -9999 -9999 -9999 -9999 -9999 -9999 -9999 -9999 -9999 -9999 -9999 -9999 -9999 -9999 -9999 -9999 -9999 -9999 -9999 -9999 0.368 1.161 2.527 3.526 2.803 2.849 1.784 0.963 -9999 -9999 -9999 0.418 -9999 0.666 0.959 1.468 2.209 2.624 2.906 4.595 5.174 4.734 3.812 3.984 3.275 2.891 3.273 5.818 3.331 1.8 1.339 1.238 1.886 2.296 1.394 0.724 -9999 -9999 -9999 -9999 0.333 2.779 5.18 8.658 8.767 7.206
-9999 -9999 -9999 -9999 -9999 -9999 -9999 -9999 -9999 -9999 -9999 -9999 -9999 -9999 -9999 -9999 -9999 -9999 -9999 -9999 -9999 -9999 -9999 -9999 -9999 -9999 -9999 -9999 -9999 -9999 -9999 0.74 1.38 2.623 3.337 2.926 2.625 1.912 0.919 -9999 -9999 -9999 0.511 0.404 0.801 0.917 1.108 1.958 2.879 3.275 4.297 5.884 5.011 4.199 3.684 3.338 3.045 3.501 4.308 4.713 1.802 1.487 1.192 1.929 2.965 1.994 0.633 -9999 -9999 -9999 -9999 0.238 1.206 3.84 6.854 7.6 8.17
-9999 -9999 -9999 -9999 -9999 -9999 -9999 -9999 -9999 -9999 -9999 -9999 -9999 -9999 -9999 -9999 -9999 -9999 -9999 -9999 -9999 -9999 -9999 -9999 -9999 -9999 -9999 -9999 -9999 -9999 0.48 1.195 1.597 1.832 3.096 3.306 2.797 2.258 1.28 0.423 -9999 -9999 0.501 0.425 0.73 0.938 1.098 1.553 2.482 3.262 4.358 6.023 5.218 4.347 3.571 3.311 3.064 3.932 4.462 3.596 2.454 1.606 1.159 1.929 2.901 2.475 0.781 -9999 -9999 -9999 -9999 0.345 0.823 2.089 4.718 5.446 7.401
-9999 -9999 -9999 -9999 -9999 -9999 -9999 -9999 -9999 -9999 -9999 -9999 -9999 -9999 -9999 -9999 -9999 -9999 -9999 -9999 -9999 -9999 -9999 -9999 -9999 -9999 -9999 -9999 -9999 -9999 0.881 1.419 1.735 1.227 2.638 3.306 3.129 2.633 1.614 0.765 0.436 -9999 0.625 0.538 0.707 0.949 1.076 1.183 1.59 3.121 4.56 5.871 5.593 4.12 3.942 3.544 2.964 3.541 5.185 4.811 2.213 1.385 1.04 1.786 2.744 2.876 1.142 -9999 -9999 -9999 -9999 0.412 1.031 1.954 2.654 3.203 5.003
-9999 -9999 -9999 -9999 -9999 -9999 -9999 -9999 -9999 -9999 -9999 -9999 -9999 -9999 -9999 -9999 -9999 -9999 -9999 -9999 -9999 -9999 -9999 -9999 -9999 -9999 -9999 -9999 -9999 0.568 1.377 1.803 1.423 1.009 2.254 3.152 3.594 3.118 2.006 0.994 0.54 0.54 0.631 0.635 0.669 0.991 1.09 1.204 1.095 2.396 4.527 5.641 5.79 4.384 4.358 3.611 3.083 3.539 4.941 4.937 2.177 1.276 0.961 1.436 2.63 3.01 1.353 -9999 -9999 -9999 -9999 0.42 1.063 1.849 2.826 1.409 2.633
-9999 -9999 -9999 -9999 -9999 -9999 -9999 -9999 -9999 -9999 -9999 -9999 -9999 -9999 -9999 -9999 -9999 -9999 -9999 -9999 -9999 -9999 -9999 -9999 -9999 -9999 -9999 -9999 0.39 1.005 1.737 1.918 0.938 1.243 1.842 2.724 3.586 3.414 2.181 1.227 0.63 0.406 0.622 0.775 0.73 0.967 1.366 1.151 1.051 1.819 3.568 5.221 5.991 5.482 4.45 3.633 3.222 3.443 5.072 4.525 1.979 1.217 1.012 1.145 2.741 3.223 1.266 -9999 -9999 -9999 -9999 0.323 1.37 2.62 2.566 0.652 0.764
-9999 -9999 -9999 -9999 -9999 -9999 -9999 -9999 -9999 -9999 -9999 -9999 -9999 -9999 -9999 -9999 -9999 -9999 -9999 -9999 -9999 -9999 -9999 -9999 -9999 -9999 -9999 -9999 0.7 1.594 1.986 1.303 0.879 1.162 1.412 2.081 3.555 3.738 2.717 1.244 0.638 0.363 0.64 0.843 0.757 1.041 1.364 1.277 0.998 1.602 2.833 4.488 6.292 6.489 4.669 3.819 3.152 3.622 5.605 3.99 1.797 1.441 0.853 1.022 2.798 3.34 1.07 -9999 -9999 -9999 -9999 -9999 1.402 3.777 1.845 0.326 0.457
-9999 -9999 -9999 -9999 -9999 -9999 -9999 -9999 -9999 -9999 -9999 -9999 -9999 -9999 -9999 -9999 -9999 -9999 -9999 -9999 -9999 -9999 -9999 -9999 -9999 -9999 -9999 0.494 1.431 2.138 1.658 0.782 1.038 1.046 1.148 1.327 3.291 3.958 3.291 1.754 0.713 0.468 0.735 0.87 1.038 1.025 1.363 1.39 0.976 1.491 2.452 3.93 6.526 6.764 4.877 3.825 3.305 4.278 5.58 3.494 1.716 1.403 0.593 0.715 3.027 3.602 0.744 -9999 -9999 -9999 -9999 -9999 1.559 3.966 1.827 -9999 -9999
-9999 -9999 -9999 -9999 -9999 -9999 -9999 -9999 -9999 -9999 -9999 -9999 -9999 -9999 -9999 -9999 -9999 -9999 -9999 -9999 -9999 -9999 -9999 -9999 -9999 -9999 0.412 1.243 2.109 1.988 0.718 0.738 1.216 1.109 0.926 1.251 2.574 4.107 3.859 2.438 0.996 0.491 0.572 0.975 1.156 1.035 1.389 1.49 1.035 1.464 2.224 3.592 6.654 7.143 4.853 3.83 3.554 4.657 5.564 3.144 2.064 1.256 0.41 0.465 2.687 4.021 1.181 -9999 -9999 -9999 -9999 -9999 1.39 3.992 2.572 -9999 -9999
-9999 -9999 -9999 -9999 -9999 -9999 -9999 -9999 -9999 -9999 -9999 -9999 -9999 -9999 -9999 -9999 -9999 -9999 -9999 -9999 -9999 -9999 -9999 -9999 -9999 -9999 0.948 1.914 2.145 0.945 0.498 0.759 0.999 1.383 1.208 1.055 1.576 3.253 4.29 3.582 1.39 0.813 0.748 1.157 1.332 1.186 1.234 1.512 1.141 1.369 2.084 3.472 6.406 7.255 5.02 3.594 3.468 4.893 5.621 3.196 1.941 1.209 0.446 -9999 2.095 4.158 1.75 0.338 -9999 -9999 -9999 -9999 1.13 3.628 3.474 0.472 -9999
-9999 -9999 -9999 -9999 -9999 -9999 -9999 -9999 -9999 -9999 -9999 -9999 -9999 -9999 -9999 -9999 -9999 -9999 -9999 -9999 -9999 -9999 -9999 -9999 -9999 0.497 1.76 2.149 1.252 0.562 0.58 0.715 0.875 1.165 1.522 1.495 1.231 1.779 4.372 4.229 2.105 0.766 0.682 1.278 1.415 1.363 1.08 1.418 1.322 1.2 1.764 3.503 6.472 7.079 5.262 3.618 3.3 5.442 6.048 3.326 1.771 1.009 0.479 -9999 1.301 3.998 3.409 1.218 -9999 -9999 -9999 -9999 0.82 3.22 3.959 1.041 0.338
-9999 -9999 -9999 -9999 -9999 -9999 -9999 -9999 -9999 -9999 -9999 -9999 -9999 -9999 -9999 -9999 -9999 -9999 -9999 -9999 -9999 -9999 -9999 -9999 0.402 1.293 2.069 1.703 0.914 0.676 0.643 0.665 0.692 0.917 1.463 1.946 1.275 1.415 3.61 4.333 3.139 0.975 0.625 1.347 1.484 1.476 1.147 1.209 1.366 1.1 1.613 3.17 6.452 7.233 5.427 3.886 3.435 5.553 6.159 3.52 1.862 0.995 0.516 -9999 0.918 3.254 3.619 1.841 0.291 -9999 -9999 -9999 0.641 2.823 3.962 1.52 0.646
-9999 -9999 -9999 -9999 -9999 -9999 -9999 -9999 -9999 -9999 -9999 -9999 -9999 -9999 -9999 -9999 -9999 -9999 -9999 -9999 -9999 -9999 -9999 -9999 0.913 1.811 1.77 1.305 1.022 0.825 0.615 0.754 0.873 0.991 1.508 2.007 1.313 1.468 2.775 4.291 4.29 2 0.788 1.126 1.504 1.477 1.258 1.21 1.293 1.075 1.484 2.852 6.079 7.358 5.693 4.087 3.325 5.293 6.328 4.106 2.069 1.068 0.499 -9999 0.467 2.3 3.868 2.546 0.607 -9999 -9999 -9999 0.492 2.328 4.038 1.89 0.565
0.744 0.767 0.834 0.718 0.412 -9999 -9999 -9999 -9999 -9999 -9999 -9999 -9999 -9999 -9999 -9999 -9999 -9999 -9999 -9999 -9999 -9999 -9999 0.38 1.383 1.895 1.513 1.283 1.076 0.959 0.595 0.642 0.93 1.149 1.486 1.89 1.475 1.338 1.974 3.923 4.366 3.086 1.265 1.021 1.417 1.653 1.354 1.092 1.23 1.169 1.572 2.531 5.366 7.148 5.921 4.398 3.322 4.861 6.432 4.741 2.378 1.075 0.529 -9999 0.335 1.703 3.922 3.174 1.063 -9999 -9999 -9999 0.428 2.281 4.065 2.215 -9999
-9999 0.347 0.748 0.999 0.898 0.637 -9999 -9999 -9999 -9999 -9999 -9999 -9999 -9999 -9999 -9999 -9999 -9999 -9999 -9999 -9999 -9999 -9999 0.696 1.384 1.72 1.569 1.341 1.198 1.089 0.779 0.718 0.938 1.288 1.838 1.561 1.589 1.178 1.492 3.062 4.588 3.808 1.689 1.014 1.112 1.615 1.487 0.924 1.112 1.12 1.561 2.318 5.306 6.718 5.805 4.587 3.504 4.489 6.412 5.025 2.582 1.116 0.381 -9999 -9999 1.244 3.474 3.611 1.833 0.473 -9999 -9999 0.666 2.851 4.025 2.126 0.369
-9999 -9999 0.383 0.76 0.904 0.863 0.717 0.592 -9999 -9999 -9999 -9999 -9999 -9999 -9999 -9999 -9999 -9999 -9999 -9999 -9999 -9999 -9999 0.631 1.261 1.689 1.682 1.435 1.255 1.296 0.993 0.678 0.844 1.286 2.21 1.56 1.385 1.624 1.451 2.268 4.035 3.973 2.142 1.398 1.454 1.72 1.372 0.962 1.044 1.076 1.518 2.315 5.695 6.512 5.55 4.61 3.578 4.154 6.44 5.419 2.762 1.078 -9999 -9999 -9999 1.016 3.31 3.658 2.432 1.256 0.414 -9999 1.081 3.269 3.628 2.005 0.612
-9999 -9999 -9999 0.285 0.663 0.734 0.87 0.722 0.516 -9999 -9999 -9999 -9999 -9999 -9999 -9999 -9999 -9999 -9999 -9999 -9999 -9999 -9999 0.778 1.042 1.822 1.628 1.482 1.403 1.373 1.155 0.705 0.758 1.076 2.359 2.014 1.474 1.645 1.903 2.101 3.583 3.956 2.798 1.784 1.731 1.644 1.452 1.26 1.009 1.022 1.489 2.519 5.819 6.386 5.528 4.743 3.748 3.897 6.943 5.755 2.611 1.161 0.435 -9999 -9999 0.758 3.075 3.805 2.855 1.673 1.041 0.49 2.029 3.668 3.249 1.739 0.646
-9999 -9999 -9999 -9999 -9999 0.416 0.794 0.811 0.782 0.751 -9999 -9999 -9999 -9999 -9999 -9999 -9999 -9999 -9999 -9999 -9999 -9999 0.361 0.837 1.224 1.785 1.615 1.391 1.453 1.494 1.312 0.906 0.694 1.024 2.268 2.327 1.625 1.643 1.988 2.596 3.227 4.505 3.095 1.951 1.958 1.8 1.593 1.168 0.865 0.882 1.469 2.662 5.663 6.303 5.554 4.865 4.057 3.788 7.051 6.071 2.574 1.105 -9999 -9999 -9999 0.474 2.224 3.913 3.173 1.939 1.316 1.671 2.848 3.547 2.93 1.384 0.802
-9999 0.58 0.595 0.433 0.483 0.58 0.613 0.928 0.934 0.799 0.709 -9999 -9999 -9999 -9999 -9999 -9999 -9999 -9999 -9999 -9999 -9999 0.68 0.965 1.422 1.653 1.7 1.374 1.298 1.56 1.57 1.055 0.894 1.095 2.151 2.559 1.777 1.551 1.909 2.645 3.127 4.393 3.815 2.464 2.153 1.864 1.458 1.146 0.806 0.894 1.445 2.487 5.02 6.433 5.539 4.901 4.093 3.69 6.709 6.548 3.241 0.9 -9999 -9999 -9999 0.387 1.786 3.839 3.468 2.289 1.49 2.56 2.941 3.366 2.598 1.243 0.832
0.474 0.558 0.691 0.924 0.693 0.346 0.634 0.66 0.893 0.78 0.786 0.717 0.681 -9999 -9999 -9999 -9999 -9999 -9999 -9999 -9999 0.414 0.705 1.078 1.321 1.591 1.717 1.54 1.186 1.439 1.684 1.268 1.007 1.208 1.756 2.751 1.969 1.535 1.879 2.554 2.994 4.093 4.401 3.29 2.249 1.906 1.557 0.975 0.791 1.005 1.552 2.421 4.562 6.249 5.539 4.887 4.179 3.599 6.631 6.418 4.339 0.865 -9999 -9999 0.387 0.31 1.638 3.669 3.727 2.592 1.676 3.08 2.877 3.157 2.453 1.15 0.979
-9999 -9999 0.347 0.69 0.822 0.736 0.554 0.533 0.66 0.75 0.834 0.762 0.706 0.517 -9999 -9999 -9999 -9999 -9999 -9999 -9999 0.645 0.789 1.173 1.164 1.504 1.718 1.823 1.365 1.234 1.675 1.48 1.253 1.242 1.428 2.811 2.397 1.686 1.855 2.154 2.96 4.059 4.48 3.537 2.519 2.022 1.451 1.021 0.877 1.074 1.563 2.654 4.09 5.275 5.598 4.587 3.9 3.272 6.802 6.612 4.488 1.822 -9999 0.21 0.405 0.464 1.2 3.447 3.752 2.904 2.115 2.863 3.156 3.111 2.188 1.036 0.831
