data/RealTopo/Outputs_RealTopo/relWog_02RealTopo_null_minVoellmyv2_pfv.asc
ncols 490
nrows 555
xllcenter 167455.00
yllcenter 361955.00
cellsize 5.00
nodata_value nan
[rows 140 to 167 of 555, columns 126 to 188 of 490]
0.000000 0.000000 0.000000 0.000000 0.000000 0.000000 0.000000 0.000000 0.000000 0.000000 0.000000 0.000000 0.000000 0.000000 0.000000 0.000000 0.000000 0.000000 0.000000 0.255875 0.949249 2.040624 3.084191 3.969134 4.644742 6.342342 9.187796 11.158268 11.925241 12.590622 13.827912 14.779397 14.756672 14.451077 14.295162 14.470051 13.969281 13.956720 13.528876 12.656350 11.454561 10.182270 8.836393 7.315103 5.082509 1.668425 0.000000 0.000000 0.000000 0.000000 0.000000 0.000000 0.000000 0.000000 0.000000 0.000000 0.000000 0.000000 0.000000 0.000000 0.000000 0.000000 0.000000
0.000000 0.000000 0.000000 0.000000 0.000000 0.000000 0.000000 0.000000 0.000000 0.000000 0.000000 0.000000 0.000000 0.000000 0.000000 0.000000 0.000000 0.000000 0.157290 0.788419 1.639709 2.724174 3.724651 4.537842 5.754712 8.398865 10.982874 11.810935 12.553143 13.745568 14.816952 14.685221 14.608347 14.668518 14.725918 15.080723 14.230647 14.520314 14.380690 14.110298 13.535469 12.390791 10.961660 8.958571 6.806097 4.344544 0.532721 0.227194 0.000000 0.000000 0.000000 0.000000 0.000000 0.000000 0.000000 0.000000 0.000000 0.000000 0.000000 0.000000 0.000000 0.000000 0.000000
0.000000 0.000000 0.000000 0.000000 0.000000 0.000000 0.000000 0.000000 0.000000 0.000000 0.000000 0.000000 0.000000 0.000000 0.000000 0.000000 0.000000 0.004561 0.509996 1.272444 2.289499 3.344020 4.277818 5.282535 7.518642 10.622584 11.620679 12.368974 13.466678 14.793284 14.741809 14.657922 14.939205 15.061364 15.151818 15.110054 15.197839 14.903181 14.885493 14.463069 14.245861 13.790863 12.972414 11.058194 8.226917 6.833244 1.675482 1.163047 0.512556 0.000000 0.000000 0.000000 0.000000 0.000000 0.000000 0.000000 0.000000 0.000000 0.000000 0.000000 0.000000 0.000000 0.000000
0.000000 0.000000 0.000000 0.000000 0.000000 0.000000 0.000000 0.000000 0.000000 0.000000 0.000000 0.000000 0.000000 0.000000 0.000000 0.000000 0.000000 0.543415 1.174908 1.858556 2.938441 3.938088 4.838489 6.745306 9.913782 11.392660 12.127661 13.065399 14.694911 14.862953 14.672419 14.978437 15.182947 15.232067 15.318522 15.176947 15.800567 15.082088 15.200513 14.912808 14.742826 14.362033 13.822182 12.717106 10.647106 8.665835 4.189973 0.948999 0.686119 0.301873 0.000000 0.000000 0.000000 0.000000 0.000000 0.000000 0.000000 0.000000 0.000000 0.000000 0.000000 0.000000 0.000000
0.000000 0.000000 0.000000 0.000000 0.000000 0.000000 0.000000 0.000000 0.000000 0.000000 0.000000 0.000000 0.000000 0.000000 0.000000 0.000000 0.140819 0.684378 1.378769 2.502084 3.543643 4.478990 6.096405 9.002320 11.126023 11.891010 12.745673 14.536121 14.901145 14.651321 14.902210 15.143703 15.294334 15.416246 15.584540 15.719494 15.819820 15.631501 15.504015 15.383466 15.312687 14.938899 14.478557 13.676379 12.496875 10.326905 6.191801 1.653326 1.620212 1.035341 0.491883 0.297157 0.000000 0.000000 0.000000 0.000000 0.000000 0.000000 0.000000 0.000000 0.000000 0.000000 0.000000
0.000000 0.000000 0.000000 0.000000 0.000000 0.000000 0.000000 0.000000 0.000000 0.000000 0.000000 0.000000 0.000000 0.000000 0.000000 0.000000 0.317215 1.001142 1.928652 3.051472 4.075127 5.374773 7.924934 10.651428 11.587051 12.454997 14.183569 14.749900 14.478954 14.782437 15.006542 15.206999 15.435415 15.622191 15.797737 15.930172 15.843437 16.265573 15.728393 16.082976 15.767428 15.463270 14.909453 14.135628 13.141609 11.733208 8.121639 4.428526 2.365776 1.556352 1.136372 0.399428 0.452334 0.110604 0.000000 0.000000 0.000000 0.000000 0.000000 0.000000 0.000000 0.000000 0.000000
0.000000 0.000000 0.000000 0.000000 0.000000 0.000000 0.000000 0.000000 0.000000 0.000000 0.000000 0.000000 0.000000 0.000000 0.000000 0.450436 1.163718 1.244211 2.421532 3.476094 4.592540 6.754870 9.869430 11.155455 12.018355 13.453287 14.458471 14.252431 14.542233 14.826455 15.048543 15.343000 15.680657 15.910518 16.094750 16.227151 16.273849 16.428547 16.269998 16.448612 16.153495 15.743651 15.276912 14.589117 13.903677 12.990957 9.815146 6.686901 5.478710 3.060189 2.277804 1.356630 0.541590 0.437444 0.204343 0.092060 0.000000 0.000000 0.000000 0.000000 0.000000 0.000000 0.000000
0.000000 0.000000 0.000000 0.000000 0.000000 0.000000 0.000000 0.000000 0.000000 0.000000 0.000000 0.000000 0.000000 0.000000 0.000000 0.070120 0.661876 1.712898 2.855566 3.991481 5.765610 8.767240 10.687105 11.485245 12.612749 14.080219 14.070842 14.169379 14.561469 14.868835 15.190538 15.595639 15.954286 16.255645 16.448701 16.566818 16.608185 16.544500 16.889394 16.360586 16.601356 16.044522 15.705605 15.073993 14.613360 14.008894 11.212291 8.045166 8.537372 5.094401 3.518277 2.443925 1.319635 0.607232 0.479944 0.414755 0.080129 0.009565 0.000000 0.000000 0.000000 0.000000 0.000000
0.000000 0.000000 0.000000 0.000000 0.000000 0.000000 0.000000 0.000000 0.000000 0.000000 0.000000 0.000000 0.000000 0.000000 0.000000 0.254774 1.012665 2.214708 3.283219 4.680161 7.198224 10.032595 11.018623 11.998294 13.597111 13.811365 13.703464 14.206529 14.643140 15.023534 15.399725 15.811792 16.177424 16.475421 16.677176 16.832814 16.910456 16.923751 16.991680 16.912918 16.751171 16.678863 16.160488 15.551520 15.224052 14.750528 12.287392 9.274096 10.072209 7.700443 4.830662 3.497018 2.365534 1.654271 0.645107 0.640748 0.442812 0.142096 0.014901 0.000000 0.000000 0.000000 0.000000
0.000000 0.000000 0.000000 0.000000 0.000000 0.000000 0.000000 0.000000 0.000000 0.000000 0.000000 0.000000 0.000000 0.000000 0.000000 0.402743 1.525348 2.650236 3.838330 5.752935 8.881746 10.584912 11.415744 12.796930 13.584244 13.340995 13.771523 14.351502 14.843524 15.206512 15.585854 15.971698 16.351182 16.612780 16.841998 17.011675 17.115015 17.133968 17.125837 17.275226 16.815877 17.238302 16.541581 15.993276 15.728446 15.284797 13.123943 10.408226 11.072382 10.100486 6.313147 4.463220 3.425374 2.831533 1.684447 0.846699 0.721185 0.290428 0.017859 0.010675 0.000000 0.000000 0.000000
0.000000 0.000000 0.000000 0.000000 0.000000 0.000000 0.000000 0.000000 0.000000 0.000000 0.000000 0.000000 0.000000 0.000000 0.233789 0.935785 2.117397 3.122664 4.628772 7.216135 9.979200 10.876663 12.030547 13.469933 13.301115 13.334066 14.029606 14.653786 15.086332 15.448510 15.807494 16.202935 16.562431 16.829269 17.015743 17.142506 17.279447 17.357453 17.344927 17.435119 17.593674 17.171540 16.887773 16.336396 16.114538 15.610151 13.673341 11.236683 11.667572 11.404087 8.368784 5.441310 4.617558 4.128383 2.861945 1.583909 0.952414 0.710776 0.216950 0.021753 0.015337 0.000000 0.000000
0.000000 0.000000 0.000000 0.000000 0.000000 0.000000 0.000000 0.000000 0.000000 0.000000 0.000000 0.000000 0.013980 0.034179 0.545143 1.537362 2.673037 3.823348 5.735376 8.767909 10.525717 11.467873 13.058071 13.360933 13.076753 13.733565 14.405359 14.958595 15.358611 15.697766 16.050279 16.428782 16.766046 16.991483 17.123834 17.244947 17.376761 17.462137 17.580624 17.723770 17.614328 17.071195 17.162909 16.756973 16.325063 15.767526 14.149066 11.760566 11.902253 12.008532 10.985910 7.690302 5.836256 5.569348 4.223402 2.868294 1.831296 0.832547 0.498709 0.171699 0.017325 0.000000 0.000000
0.000000 0.000000 0.000000 0.000000 0.000000 0.000000 0.000000 0.000000 0.000000 0.000000 0.000000 0.286198 0.744167 0.401791 0.941365 2.149724 3.162331 4.596383 6.966735 9.827238 10.932790 12.261480 13.442872 13.228367 13.392285 14.103995 14.684947 15.196592 15.591278 15.917046 16.253040 16.629701 16.929914 17.102685 17.243728 17.377527 17.486863 17.609328 17.787780 17.763501 17.819438 17.758288 17.365201 17.197406 16.514137 16.035585 14.649014 12.349281 12.067010 11.924532 11.823303 10.699541 8.776759 7.863659 6.118292 4.617455 3.604286 2.360902 0.655247 0.045619 0.152500 0.000000 0.000000
0.000000 0.000000 0.000000 0.000000 0.000000 0.000000 0.000000 0.000000 0.000000 0.000000 0.000000 0.942109 0.882969 0.744612 1.529523 2.731171 3.718616 5.533811 8.417202 10.565027 11.529584 13.143368 13.385904 13.201912 13.777278 14.347687 14.907464 15.376346 15.735913 16.082305 16.427374 16.778643 17.045226 17.227217 17.370771 17.496666 17.646859 17.819932 18.001425 18.129736 18.252110 17.737222 17.400367 17.420528 16.804139 16.399152 15.104997 12.907736 12.204387 11.705147 11.832205 12.149476 11.995054 10.829021 8.786130 7.286878 6.308228 5.150022 1.654568 1.899962 2.430220 1.877333 0.814088
0.000000 0.000000 0.000000 0.000000 0.000000 0.000000 0.000000 0.000000 0.000000 0.000000 0.399042 1.087447 0.259061 0.964811 2.062546 3.175249 4.498305 6.696792 9.611497 10.997140 12.281854 13.416113 13.244988 13.408893 14.048688 14.572179 15.079213 15.506934 15.915987 16.262136 16.555799 16.874459 17.151431 17.344318 17.499376 17.644752 17.827569 18.052655 18.282435 18.445583 18.249100 17.914137 17.930365 17.672025 17.426554 16.779288 15.324156 13.113267 12.407574 11.679519 11.873991 12.495354 12.711916 12.031071 10.454542 9.413393 8.671553 7.540849 4.120430 2.695293 2.544484 2.125683 1.900650
0.000000 0.000000 0.000000 0.000000 0.000000 0.000000 0.000000 0.000000 0.000000 0.143792 1.703546 1.529500 0.879322 1.383251 2.625061 3.523791 5.242843 7.847954 10.317417 11.491969 13.065955 13.381232 13.269959 13.765848 14.287401 14.778469 15.271772 15.719297 16.109691 16.396790 16.675155 16.989895 17.289138 17.508261 17.684370 17.817623 17.984349 18.258354 18.492996 18.586351 18.384249 18.733255 18.107292 17.863655 17.905541 16.938217 15.244386 13.254494 12.634944 12.007737 12.188583 12.598686 12.700914 12.113356 10.570078 9.734095 8.937942 7.653597 4.288302 2.844607 2.348123 2.122313 1.911373
0.000000 0.000000 0.000000 0.000000 0.000000 0.000000 0.000000 0.000000 0.134759 1.596858 2.661840 0.655936 0.989945 1.927057 3.037706 4.059559 6.083369 9.024045 10.884537 12.128601 13.386033 13.265988 13.436442 14.066142 14.534516 15.012981 15.467347 15.877520 16.204329 16.483814 16.786618 17.133562 17.458087 17.692980 17.870523 18.019305 18.220882 18.470939 18.659344 18.746374 18.805941 18.865962 18.026077 17.984171 18.075754 16.980740 15.263900 13.519793 12.964671 12.852221 13.031077 12.932114 12.702039 12.036690 10.483702 9.563090 8.427859 6.957230 4.054685 2.771551 2.208575 1.862394 1.452802
0.000000 0.000000 0.000000 0.000000 0.000000 0.000000 0.000000 0.135620 1.071428 3.005442 2.735789 0.805909 1.489769 2.472471 3.317511 4.783866 7.231639 10.032575 11.309574 12.763212 13.481429 13.340656 13.757749 14.340269 14.790816 15.239497 15.668675 16.048528 16.358922 16.676550 17.023899 17.357179 17.658964 17.925641 18.122304 18.317813 18.536704 18.725466 18.893770 19.002920 19.076468 18.739118 18.706664 18.428865 18.082035 17.341762 15.794816 14.222633 13.535382 13.226739 13.079983 12.968606 12.839967 12.217567 10.473331 9.137789 7.874271 6.279461 3.766655 2.519916 1.858974 1.504587 1.078746
0.000000 0.000000 0.000000 0.000000 0.000000 0.000000 0.021282 0.850475 2.269200 3.553130 1.851600 1.584527 2.321745 3.112963 3.733159 5.535662 8.345208 10.613055 11.853499 13.422402 13.468655 13.526561 14.084023 14.603715 15.070670 15.521213 15.943457 16.311454 16.679270 17.038333 17.329813 17.597987 17.942579 18.253293 18.427368 18.611089 18.816148 18.994498 19.158453 19.270566 19.201940 18.766175 19.204739 18.345651 18.055834 17.834002 16.395837 15.108407 14.217299 13.250094 12.708822 12.516728 12.396121 11.705939 9.886460 8.353642 7.388442 5.513326 3.490235 2.472106 1.866563 1.585039 1.274136
0.000000 0.000000 0.000000 0.000000 0.000000 0.000000 0.505244 1.646289 3.467091 3.294323 1.939130 2.409192 3.179007 3.793583 4.304097 6.336336 9.396280 11.104626 12.572843 13.610902 13.349366 13.734523 14.385189 14.896467 15.383118 15.847027 16.258861 16.652890 17.053777 17.369148 17.597544 17.901859 18.271110 18.493770 18.639713 18.845071 19.072811 19.207053 19.305570 19.383210 19.295753 19.095349 19.170111 18.415444 18.034181 17.911390 17.266753 15.614493 15.053597 13.683447 12.713434 12.213886 11.707522 10.942968 9.247976 7.774612 6.542226 4.647145 3.053065 2.401680 1.929708 1.586638 1.052990
0.000000 0.000000 0.000000 0.000000 0.000000 0.154959 1.008731 2.361773 4.038067 2.738437 2.374428 3.187124 3.974396 4.458176 5.019103 7.187673 10.186895 11.508367 13.101509 13.714724 13.528537 14.072804 14.683337 15.178588 15.693338 16.190779 16.591735 17.018709 17.375757 17.647820 17.849139 18.158627 18.432498 18.590374 18.792344 19.025083 19.229648 19.301046 19.457211 19.579081 19.523226 19.381838 19.077764 19.266442 18.242367 18.464778 17.758124 16.420985 16.002504 14.358679 13.139659 12.317202 11.656837 10.925673 9.372787 7.363777 5.456027 3.734332 2.800802 2.121572 1.462755 0.873441 0.241706
0.000000 0.000000 0.000000 0.000000 0.000000 0.435851 1.531819 3.420608 3.777208 2.497452 2.889858 3.767783 4.548932 5.000091 5.726984 8.048479 10.874718 12.078480 13.640084 13.882968 13.783674 14.308802 14.887741 15.412923 16.009516 16.496923 16.891159 17.279974 17.605494 17.864658 18.064247 18.302229 18.487306 18.674474 18.911249 19.131575 19.318599 19.561361 19.887268 19.846199 19.757970 19.536805 19.326864 19.520809 18.815287 18.590694 18.177961 17.089062 16.281356 14.854497 13.642441 12.753092 12.192632 11.481719 9.937582 7.333510 4.990461 3.344562 2.518143 1.457366 0.544281 0.206153 0.000000
0.000000 0.000000 0.000000 0.000000 0.000529 0.708581 2.097989 4.076038 3.046916 2.590575 3.361017 4.169343 4.837757 5.216621 6.448732 8.952410 11.471466 12.736298 13.951903 13.867275 13.941871 14.511221 15.135551 15.738770 16.350653 16.761372 17.169406 17.515419 17.828913 18.035072 18.228280 18.431098 18.625925 18.837810 19.064078 19.337746 19.648111 20.040546 20.070089 19.866679 19.827877 19.801596 19.570511 19.166839 19.442184 18.188897 18.630774 17.150609 16.021433 15.385443 14.216170 13.378934 12.736036 11.931287 10.469561 7.850872 4.968605 3.172551 2.141871 0.745902 0.450809 0.225653 0.000000
0.000000 0.000000 0.000000 0.000000 0.090596 1.014221 2.885354 3.923346 2.545284 2.980041 3.849318 4.612105 5.222658 5.727092 7.204002 9.818667 11.891866 13.318603 14.142795 13.881347 14.146031 14.801234 15.482110 16.137716 16.693885 17.062434 17.417037 17.726943 18.005609 18.217803 18.452128 18.649283 18.808940 19.024264 19.363396 19.727501 20.007215 20.090277 19.874570 19.878252 19.995030 19.969931 19.695360 19.359518 19.518349 18.308903 18.667630 17.529982 16.229564 15.910359 14.946382 13.977433 13.209779 12.352906 10.821452 8.412587 5.154189 3.173327 1.765367 0.797307 0.365446 0.176091 0.000000
0.000000 0.000000 0.000000 0.000000 0.240679 1.356439 3.566535 3.068567 2.600226 3.437093 4.303354 5.024318 5.644244 6.319577 7.909844 10.688445 12.378663 13.855202 14.296956 13.909812 14.393523 15.163491 15.872189 16.509275 16.940829 17.263655 17.606038 17.939595 18.197971 18.456873 18.664352 18.820836 18.987398 19.349698 19.785273 19.975731 19.947099 19.810715 19.703065 19.928817 20.032906 19.779733 19.696840 19.634007 19.388887 19.248250 18.387230 18.217784 16.795538 16.459252 16.039533 14.733543 13.838960 12.822362 11.306407 9.047420 5.692465 3.389411 1.848634 0.894331 0.405190 0.154443 0.000000
0.000000 0.000000 0.000000 0.000000 0.428865 1.891125 3.531971 2.311506 2.816620 3.760080 4.656640 5.364197 6.156975 6.750332 8.718653 11.633946 12.779679 14.294441 14.461515 14.008327 14.702474 15.476387 16.179221 16.775396 17.149989 17.487556 17.834465 18.152969 18.389399 18.654767 18.861896 19.100857 19.399833 19.826255 19.988776 19.860232 19.671488 19.538197 19.658168 19.903675 19.813921 19.585628 19.635640 19.572243 19.302903 19.297197 18.358751 18.722042 17.437203 17.447015 16.786858 15.632215 14.260177 13.399922 12.092589 9.791088 6.660893 3.842904 2.012283 1.068477 0.595246 0.244025 0.000000
0.000000 0.000000 0.000000 0.000000 0.708710 2.606799 2.729619 2.159373 3.007247 3.917935 4.731276 5.521059 6.943319 7.375622 9.525311 12.328950 13.100159 14.642519 14.668189 14.221356 14.983020 15.778362 16.504407 17.060305 17.394749 17.718933 18.063228 18.327808 18.638925 18.985678 19.304398 19.598688 19.867064 19.996990 19.879568 19.640332 19.457170 19.450257 19.706225 19.828014 19.510516 19.502918 19.556219 19.526383 19.736441 19.024220 18.802596 18.610952 18.090258 18.109870 17.535128 16.396382 14.730628 14.083711 12.871052 10.833462 8.039837 4.581561 2.190369 1.191482 0.687520 0.290878 0.025302
0.000000 0.000000 0.000000 0.204787 1.256759 2.899616 2.160297 2.278138 3.264919 4.193091 4.874017 6.336069 7.687368 7.973564 10.250629 12.782671 13.375004 14.948838 15.116537 14.469727 15.255849 16.073377 16.782098 17.306708 17.663059 18.000604 18.275015 18.710073 19.200201 19.514233 19.826863 20.022739 20.022935 19.907088 19.722389 19.547496 19.407565 19.555726 19.725925 19.489705 19.204942 19.330720 19.392496 19.674540 19.821288 19.429210 19.449005 18.623763 18.902959 18.599262 18.289983 17.148060 15.558815 14.737848 13.705077 12.142475 9.478075 5.785238 2.777895 1.507661 0.830235 0.386877 0.076225
