data/RealTopo/Outputs_RealTopo/relWog_null_02RealTopo_faSavageHutterFoam_pft.asc
xllcenter 167455
yllcenter 361955
nrows 555
ncols 490
NODATA_value -9999
cellsize 5
[rows 174 to 202 of 555, columns 264 to 329 of 490]
1.0515e-05 1.08164e-05 1.01582e-05 9.9977e-06 1.02961e-05 9.99646e-06 9.99686e-06 9.99967e-06 9.99987e-06 1.00506e-05 1.04416e-05 9.99984e-06 9.99765e-06 1.00624e-05 1.02785e-05 1.00394e-05 1.14879e-05 1.05017e-05 1.03151e-05 1.0139e-05 1.16502e-05 1.10674e-05 1.39125e-05 1.2279e-05 9.75508e-06 1.00016e-05 1.0014e-05 9.96816e-06 6.56663e-06 4.52553e-05 -9999 -9999 -9999 -9999 -9999 -9999 -9999 -9999 -9999 -9999 -9999 -9999 -9999 -9999 -9999 -9999 -9999 -9999 -9999 -9999 -9999 -9999 -9999 -9999 -9999 -9999 -9999 -9999 -9999 -9999 -9999 -9999 -9999 -9999 -9999 -9999
1.1254e-05 1.13312e-05 1.03451e-05 1.00117e-05 1.00015e-05 1.00006e-05 9.99931e-06 1.00006e-05 9.99988e-06 9.99957e-06 1.00044e-05 9.98949e-06 9.99882e-06 1.00002e-05 1.00827e-05 1.06554e-05 1.08906e-05 1.00984e-05 9.94856e-06 1.03751e-05 1.28728e-05 1.13916e-05 1.32987e-05 1.33446e-05 9.87244e-06 1.00004e-05 9.99798e-06 9.99251e-06 7.72761e-06 3.21025e-05 -9999 -9999 -9999 -9999 -9999 -9999 -9999 -9999 -9999 -9999 -9999 -9999 -9999 -9999 -9999 -9999 -9999 -9999 -9999 -9999 -9999 -9999 -9999 -9999 -9999 -9999 -9999 -9999 -9999 -9999 -9999 -9999 -9999 -9999 -9999 -9999
1.17913e-05 1.1288e-05 9.97307e-06 9.99893e-06 9.99925e-06 9.99962e-06 9.99919e-06 9.99965e-06 9.99962e-06 9.99916e-06 9.99919e-06 1.00007e-05 9.99694e-06 1.00133e-05 1.0287e-05 1.09521e-05 1.04436e-05 9.93254e-06 1.00471e-05 1.1046e-05 1.33868e-05 1.11484e-05 1.28029e-05 1.34723e-05 1.07996e-05 9.96846e-06 9.99998e-06 1.00006e-05 9.99822e-06 8.87678e-06 -9999 -9999 -9999 -9999 -9999 -9999 -9999 -9999 -9999 -9999 -9999 -9999 -9999 -9999 -9999 -9999 -9999 -9999 -9999 -9999 -9999 -9999 -9999 -9999 -9999 -9999 -9999 -9999 -9999 -9999 -9999 -9999 -9999 -9999 -9999 -9999
1.12897e-05 1.14614e-05 1.08917e-05 1.03043e-05 9.97056e-06 9.99996e-06 1.00058e-05 1.00002e-05 9.99967e-06 1.00022e-05 1.00256e-05 1.00016e-05 9.997e-06 9.99452e-06 1.01046e-05 1.08937e-05 1.00826e-05 9.96882e-06 1.00525e-05 1.15986e-05 1.21656e-05 1.22905e-05 1.27685e-05 1.14663e-05 1.12357e-05 1.0042e-05 1.00003e-05 9.99998e-06 9.99924e-06 1.02447e-05 4.18882e-05 -9999 -9999 -9999 -9999 -9999 -9999 -9999 -9999 -9999 -9999 -9999 -9999 -9999 -9999 -9999 -9999 -9999 -9999 -9999 -9999 -9999 -9999 -9999 -9999 -9999 -9999 -9999 -9999 -9999 -9999 -9999 -9999 -9999 -9999 -9999
1.0349e-05 1.07967e-05 1.12078e-05 1.12453e-05 1.02781e-05 9.9638e-06 1.00002e-05 9.99929e-06 1.00004e-05 9.99995e-06 1.00026e-05 1.00184e-05 1.0007e-05 1.00552e-05 1.00531e-05 1.06442e-05 1.05675e-05 1.01913e-05 1.20086e-05 1.17618e-05 1.07939e-05 1.37749e-05 1.2349e-05 1.01246e-05 1.10492e-05 1.03784e-05 1.00187e-05 9.9967e-06 9.99992e-06 1.00001e-05 1.30577e-05 -9999 -9999 -9999 -9999 -9999 -9999 -9999 -9999 -9999 -9999 -9999 -9999 -9999 -9999 -9999 -9999 -9999 -9999 -9999 -9999 -9999 -9999 -9999 -9999 -9999 -9999 -9999 -9999 -9999 -9999 -9999 -9999 -9999 -9999 -9999
1.0004e-05 1.0025e-05 1.04752e-05 1.12146e-05 1.10137e-05 9.95e-06 1.00001e-05 9.99981e-06 9.99993e-06 9.99982e-06 1.01308e-05 1.05961e-05 9.98792e-06 9.99915e-06 1.00079e-05 1.01797e-05 1.04242e-05 1.06278e-05 1.32386e-05 1.21038e-05 1.11797e-05 1.5016e-05 1.39807e-05 1.00307e-05 1.03747e-05 1.14928e-05 1.0585e-05 9.92532e-06 1.00013e-05 9.99933e-06 1.00222e-05 4.2245e-05 -9999 -9999 -9999 -9999 -9999 -9999 -9999 -9999 -9999 -9999 -9999 -9999 -9999 -9999 -9999 -9999 -9999 -9999 -9999 -9999 -9999 -9999 -9999 -9999 -9999 -9999 -9999 -9999 -9999 -9999 -9999 -9999 -9999 -9999
9.99934e-06 9.99966e-06 1.00196e-05 1.02231e-05 1.08051e-05 1.04087e-05 9.9863e-06 9.99777e-06 9.99947e-06 9.99616e-06 9.99854e-06 9.98695e-06 9.99968e-06 9.99829e-06 1.00016e-05 9.99986e-06 9.99988e-06 1.02284e-05 1.20766e-05 1.4137e-05 1.56347e-05 1.54751e-05 1.22082e-05 9.55899e-06 1.01455e-05 1.14302e-05 1.09943e-05 9.91954e-06 1.00071e-05 9.99992e-06 8.84285e-06 2.13415e-05 -9999 -9999 -9999 -9999 -9999 -9999 -9999 -9999 -9999 -9999 -9999 -9999 -9999 -9999 -9999 -9999 -9999 -9999 -9999 -9999 -9999 -9999 -9999 -9999 -9999 -9999 -9999 -9999 -9999 -9999 -9999 -9999 -9999 -9999
1.00004e-05 9.99983e-06 1.00003e-05 1.00049e-05 1.00919e-05 1.03101e-05 9.99862e-06 1.00004e-05 1.00037e-05 1.00709e-05 1.0003e-05 9.99905e-06 1.00006e-05 9.99928e-06 9.99804e-06 9.99507e-06 9.99229e-06 9.84554e-06 1.09551e-05 1.38901e-05 1.67225e-05 1.42009e-05 1.06582e-05 9.97574e-06 1.01575e-05 1.09477e-05 1.05981e-05 9.99477e-06 9.99823e-06 9.99754e-06 1.00251e-05 8.23851e-06 -9999 -9999 -9999 -9999 -9999 -9999 -9999 -9999 -9999 -9999 -9999 -9999 -9999 -9999 -9999 -9999 -9999 -9999 -9999 -9999 -9999 -9999 -9999 -9999 -9999 -9999 -9999 -9999 -9999 -9999 -9999 -9999 -9999 -9999
1.00001e-05 1.00007e-05 1.00003e-05 1.00003e-05 1.00003e-05 9.99915e-06 1.00006e-05 1.00002e-05 9.99993e-06 9.99973e-06 1.00004e-05 9.99814e-06 9.9974e-06 1.00141e-05 1.01431e-05 1.01015e-05 1.00307e-05 1.00894e-05 1.12605e-05 1.24836e-05 1.30037e-05 1.2019e-05 1.00027e-05 1.02516e-05 1.19576e-05 1.18806e-05 1.08896e-05 9.87603e-06 9.95139e-06 1.00027e-05 1.0295e-05 1.2194e-05 1.70867e-05 -9999 -9999 -9999 -9999 -9999 -9999 -9999 -9999 -9999 -9999 -9999 -9999 -9999 -9999 -9999 -9999 -9999 -9999 -9999 -9999 -9999 -9999 -9999 -9999 -9999 -9999 -9999 -9999 -9999 -9999 -9999 -9999 -9999
9.9952e-06 9.99899e-06 1.00017e-05 9.9965e-06 9.99923e-06 1.00002e-05 9.99989e-06 9.99895e-06 9.99958e-06 9.99952e-06 9.99928e-06 1.00007e-05 1.00033e-05 1.00266e-05 1.12208e-05 1.4018e-05 1.40756e-05 1.08902e-05 1.01455e-05 1.12458e-05 1.1972e-05 1.06551e-05 9.95479e-06 1.08315e-05 1.29501e-05 1.28149e-05 1.20154e-05 1.24304e-05 1.05319e-05 9.95323e-06 1.0633e-05 1.20837e-05 1.50019e-05 -9999 -9999 -9999 -9999 -9999 -9999 -9999 -9999 -9999 -9999 -9999 -9999 -9999 -9999 -9999 -9999 -9999 -9999 -9999 -9999 -9999 -9999 -9999 -9999 -9999 -9999 -9999 -9999 -9999 -9999 -9999 -9999 -9999
9.99959e-06 9.99725e-06 9.99964e-06 9.99429e-06 1.00007e-05 1.00006e-05 9.99991e-06 9.99969e-06 1.00006e-05 1.00003e-05 9.99873e-06 9.99998e-06 9.99898e-06 9.99619e-06 1.00742e-05 1.26221e-05 1.72525e-05 1.4045e-05 9.90969e-06 1.00937e-05 1.13356e-05 1.02301e-05 9.98023e-06 1.0896e-05 1.28786e-05 1.27509e-05 1.15316e-05 1.37096e-05 1.33107e-05 1.06483e-05 9.96663e-06 1.08368e-05 1.40257e-05 1.5786e-05 -9999 -9999 -9999 -9999 -9999 -9999 -9999 -9999 -9999 -9999 -9999 -9999 -9999 -9999 -9999 -9999 -9999 -9999 -9999 -9999 -9999 -9999 -9999 -9999 -9999 -9999 -9999 -9999 -9999 -9999 -9999 -9999
1.00423e-05 1.00281e-05 9.96918e-06 9.99957e-06 1.0002e-05 9.96798e-06 9.99276e-06 1e-05 1.00005e-05 9.99973e-06 9.9995e-06 9.99973e-06 9.99898e-06 1.00002e-05 9.9951e-06 1.04379e-05 1.50743e-05 1.56061e-05 1.05975e-05 9.88445e-06 1.05092e-05 1.08905e-05 1.00888e-05 1.01648e-05 1.19537e-05 1.17363e-05 1.03832e-05 1.26148e-05 1.41306e-05 1.07075e-05 9.96337e-06 1.03754e-05 1.23457e-05 1.0453e-05 -9999 -9999 -9999 -9999 -9999 -9999 -9999 -9999 -9999 -9999 -9999 -9999 -9999 -9999 -9999 -9999 -9999 -9999 -9999 -9999 -9999 -9999 -9999 -9999 -9999 -9999 -9999 -9999 -9999 -9999 -9999 -9999
1.12586e-05 1.05966e-05 1.06632e-05 1.03391e-05 9.9754e-06 1.03386e-05 1.02194e-05 1.00123e-05 1.00008e-05 9.93836e-06 9.99373e-06 9.94416e-06 9.94138e-06 1.00069e-05 9.99734e-06 1.02762e-05 1.45079e-05 1.75866e-05 1.30377e-05 9.28756e-06 1.01186e-05 1.11106e-05 1.12428e-05 9.86874e-06 1.03546e-05 1.13395e-05 1.02833e-05 1.09414e-05 1.37023e-05 1.3596e-05 1.07384e-05 1.06587e-05 1.06951e-05 8.10197e-06 2.81966e-05 -9999 -9999 -9999 -9999 -9999 -9999 -9999 -9999 -9999 -9999 -9999 -9999 -9999 -9999 -9999 -9999 -9999 -9999 -9999 -9999 -9999 -9999 -9999 -9999 -9999 -9999 -9999 -9999 -9999 -9999 -9999
1.51084e-05 1.23282e-05 1.09744e-05 1.03957e-05 1.01238e-05 1.07717e-05 1.1732e-05 1.12218e-05 1.08285e-05 1.09304e-05 1.08378e-05 1.00376e-05 1.04373e-05 1.00552e-05 9.99281e-06 1.01453e-05 1.24829e-05 1.57315e-05 1.73747e-05 1.1076e-05 9.5326e-06 1.10264e-05 1.39743e-05 9.90621e-06 1.00309e-05 1.06345e-05 1.00646e-05 1.0103e-05 1.08084e-05 1.33118e-05 1.36668e-05 1.17625e-05 9.99756e-06 7.94603e-06 2.27308e-05 -9999 -9999 -9999 -9999 -9999 -9999 -9999 -9999 -9999 -9999 -9999 -9999 -9999 -9999 -9999 -9999 -9999 -9999 -9999 -9999 -9999 -9999 -9999 -9999 -9999 -9999 -9999 -9999 -9999 -9999 -9999
1.87111e-05 1.68707e-05 1.37732e-05 1.1525e-05 1.17433e-05 1.27101e-05 1.37637e-05 1.41755e-05 1.38109e-05 1.33802e-05 1.2606e-05 1.10063e-05 1.00472e-05 9.99064e-06 1.00048e-05 1.0009e-05 1.09029e-05 1.13305e-05 1.54963e-05 1.60533e-05 1.15193e-05 1.14998e-05 1.60649e-05 1.27492e-05 9.46931e-06 1.00013e-05 9.99838e-06 9.99949e-06 1.00088e-05 1.04538e-05 1.29401e-05 1.38167e-05 1.14099e-05 9.9819e-06 8.6092e-06 -9999 -9999 -9999 -9999 -9999 -9999 -9999 -9999 -9999 -9999 -9999 -9999 -9999 -9999 -9999 -9999 -9999 -9999 -9999 -9999 -9999 -9999 -9999 -9999 -9999 -9999 -9999 -9999 -9999 -9999 -9999
1.33344e-05 1.45766e-05 1.45328e-05 1.23336e-05 1.1708e-05 1.29e-05 1.35378e-05 1.3669e-05 1.16257e-05 1.12488e-05 1.09617e-05 1.05656e-05 9.97902e-06 1.00011e-05 9.99704e-06 1.00041e-05 1.01233e-05 1.01044e-05 1.13972e-05 1.38624e-05 1.18299e-05 1.08061e-05 1.50368e-05 1.54863e-05 1.08862e-05 9.92955e-06 1.00012e-05 9.99886e-06 9.99792e-06 1.00424e-05 1.0733e-05 1.21701e-05 1.19085e-05 9.96987e-06 1.00806e-05 2.04981e-05 -9999 -9999 -9999 -9999 -9999 -9999 -9999 -9999 -9999 -9999 -9999 -9999 -9999 -9999 -9999 -9999 -9999 -9999 -9999 -9999 -9999 -9999 -9999 -9999 -9999 -9999 -9999 -9999 -9999 -9999
1.00221e-05 1.01762e-05 1.18663e-05 1.14559e-05 1.03194e-05 1.15944e-05 1.26726e-05 1.2763e-05 1.06294e-05 1.00241e-05 9.99929e-06 9.99494e-06 9.99821e-06 9.98918e-06 9.99992e-06 9.99971e-06 1.00002e-05 9.99963e-06 1.00535e-05 1.04865e-05 1.06572e-05 9.92489e-06 1.18067e-05 1.2961e-05 1.18514e-05 1.02477e-05 9.8918e-06 9.99914e-06 1.00086e-05 1e-05 1.00503e-05 1.04282e-05 1.07091e-05 1.00145e-05 9.99757e-06 1.04925e-05 -9999 -9999 -9999 -9999 -9999 -9999 -9999 -9999 -9999 -9999 -9999 -9999 -9999 -9999 -9999 -9999 -9999 -9999 -9999 -9999 -9999 -9999 -9999 -9999 -9999 -9999 -9999 -9999 -9999 -9999
1.07016e-05 9.98927e-06 1.00677e-05 1.10575e-05 1.01588e-05 1.06853e-05 1.16695e-05 1.25629e-05 1.168e-05 1.04843e-05 1.00024e-05 1.05214e-05 9.97875e-06 9.9999e-06 9.99994e-06 1.00015e-05 9.99813e-06 1.00264e-05 1.00072e-05 9.99984e-06 1.00137e-05 9.96607e-06 1.0109e-05 1.05196e-05 1.11903e-05 1.13168e-05 1.03369e-05 1.00467e-05 1.01223e-05 9.98006e-06 9.91923e-06 9.91439e-06 1.00533e-05 1.07241e-05 1.08555e-05 9.45792e-06 1.2165e-05 -9999 -9999 -9999 -9999 -9999 -9999 -9999 -9999 -9999 -9999 -9999 -9999 -9999 -9999 -9999 -9999 -9999 -9999 -9999 -9999 -9999 -9999 -9999 -9999 -9999 -9999 -9999 -9999 -9999
1.40037e-05 9.85315e-06 9.99699e-06 1.01859e-05 1.1655e-05 1.16009e-05 1.04201e-05 1.10822e-05 1.23056e-05 1.05206e-05 9.94156e-06 1.1365e-05 1.10634e-05 9.88617e-06 9.69018e-06 1.00895e-05 9.98453e-06 1.00016e-05 9.99837e-06 9.99696e-06 1.00076e-05 1.01695e-05 1.01692e-05 9.77097e-06 1.04168e-05 1.08082e-05 1.07111e-05 1.13148e-05 1.11894e-05 1.00122e-05 1.07433e-05 1.18383e-05 1.2038e-05 1.17714e-05 1.42036e-05 1.27601e-05 1.12556e-05 -9999 -9999 -9999 -9999 -9999 -9999 -9999 -9999 -9999 -9999 -9999 -9999 -9999 -9999 -9999 -9999 -9999 -9999 -9999 -9999 -9999 -9999 -9999 -9999 -9999 -9999 -9999 -9999 -9999
1.87949e-05 1.18762e-05 9.96226e-06 1.00394e-05 1.12043e-05 1.16002e-05 1.01168e-05 1.01658e-05 1.21381e-05 1.0904e-05 9.96669e-06 1.09175e-05 1.25988e-05 1.08073e-05 1.12293e-05 1.22442e-05 1.06787e-05 9.91551e-06 9.99971e-06 1.00005e-05 9.99977e-06 1.00868e-05 1.10116e-05 1.07826e-05 1.1921e-05 1.28448e-05 1.13343e-05 1.173e-05 1.2952e-05 1.41924e-05 1.5777e-05 1.45526e-05 1.32165e-05 1.06238e-05 1.00528e-05 9.93038e-06 1.00167e-05 -9999 -9999 -9999 -9999 -9999 -9999 -9999 -9999 -9999 -9999 -9999 -9999 -9999 -9999 -9999 -9999 -9999 -9999 -9999 -9999 -9999 -9999 -9999 -9999 -9999 -9999 -9999 -9999 -9999
1.81493e-05 1.47483e-05 1.19029e-05 1.00317e-05 9.98396e-06 1.00983e-05 9.9697e-06 1.00125e-05 1.04236e-05 1.1023e-05 1.10494e-05 1.00291e-05 1.14106e-05 1.09847e-05 1.13465e-05 1.17405e-05 1.13541e-05 1.00839e-05 9.98625e-06 1.05352e-05 1.00052e-05 1.00732e-05 1.151e-05 1.24936e-05 1.47931e-05 1.72562e-05 1.6016e-05 1.3051e-05 1.06186e-05 1.45065e-05 1.50053e-05 1.15068e-05 1.10316e-05 9.88704e-06 9.97428e-06 1.04691e-05 1.00505e-05 1.03963e-05 -9999 -9999 -9999 -9999 -9999 -9999 -9999 -9999 -9999 -9999 -9999 -9999 -9999 -9999 -9999 -9999 -9999 -9999 -9999 -9999 -9999 -9999 -9999 -9999 -9999 -9999 -9999 -9999
1.54801e-05 1.70289e-05 1.3111e-05 9.97218e-06 9.88125e-06 9.99934e-06 1.00288e-05 1.00316e-05 9.92268e-06 1.01192e-05 1.13445e-05 9.82104e-06 1.00475e-05 9.89596e-06 1.00461e-05 9.92484e-06 9.84948e-06 1.0882e-05 1.01489e-05 1.23694e-05 1.38278e-05 9.94093e-06 1.03124e-05 1.07592e-05 1.12157e-05 1.18222e-05 1.45838e-05 1.38969e-05 9.21245e-06 1.09237e-05 1.43135e-05 1.14514e-05 1.18044e-05 1.02479e-05 9.98614e-06 1.02845e-05 1.00952e-05 1.00034e-05 -9999 -9999 -9999 -9999 -9999 -9999 -9999 -9999 -9999 -9999 -9999 -9999 -9999 -9999 -9999 -9999 -9999 -9999 -9999 -9999 -9999 -9999 -9999 -9999 -9999 -9999 -9999 -9999
1.23665e-05 1.72302e-05 1.71813e-05 1.34886e-05 1.14002e-05 9.68656e-06 1.00136e-05 1.12107e-05 1.09692e-05 1.02668e-05 1.18503e-05 1.0005e-05 1.00211e-05 1.01197e-05 9.97954e-06 9.94675e-06 1.01238e-05 1.33897e-05 1.28103e-05 1.17524e-05 1.19127e-05 1.01185e-05 1.00005e-05 9.99895e-06 9.99807e-06 1.00125e-05 1.11774e-05 1.3325e-05 1.12569e-05 1.02628e-05 1.39475e-05 1.24542e-05 1.23661e-05 1.05771e-05 9.96761e-06 1.00958e-05 1.07593e-05 1.02849e-05 1.02523e-05 -9999 -9999 -9999 -9999 -9999 -9999 -9999 -9999 -9999 -9999 -9999 -9999 -9999 -9999 -9999 -9999 -9999 -9999 -9999 -9999 -9999 -9999 -9999 -9999 -9999 -9999 -9999
1.01612e-05 1.27906e-05 1.84378e-05 1.77548e-05 1.44968e-05 1.28552e-05 1.23701e-05 1.14095e-05 1.03978e-05 1.00119e-05 1.06254e-05 1.0474e-05 9.99092e-06 9.98143e-06 9.9151e-06 1.05106e-05 1.33597e-05 1.05783e-05 1.10599e-05 1.02214e-05 1.00414e-05 9.99735e-06 1.00083e-05 9.98921e-06 9.99873e-06 1.00006e-05 1.01037e-05 1.15972e-05 1.34499e-05 1.09175e-05 1.21333e-05 1.32019e-05 1.25501e-05 1.12307e-05 9.99221e-06 1.00558e-05 1.1464e-05 1.2301e-05 1.19973e-05 -9999 -9999 -9999 -9999 -9999 -9999 -9999 -9999 -9999 -9999 -9999 -9999 -9999 -9999 -9999 -9999 -9999 -9999 -9999 -9999 -9999 -9999 -9999 -9999 -9999 -9999 -9999
1.00011e-05 1.0178e-05 1.35923e-05 1.72263e-05 1.42852e-05 1.29787e-05 1.13784e-05 1.19864e-05 1.14738e-05 1.00129e-05 1.00042e-05 1.00287e-05 9.93755e-06 1.04892e-05 1.07517e-05 1.01398e-05 1.00531e-05 9.89081e-06 1.00151e-05 9.99587e-06 9.99846e-06 1.03901e-05 1.10511e-05 1.00773e-05 9.84586e-06 9.96251e-06 9.998e-06 1.02402e-05 1.27635e-05 1.18837e-05 1.14538e-05 1.30247e-05 1.25662e-05 1.101e-05 1.00215e-05 1.00189e-05 1.12163e-05 1.31896e-05 1.50218e-05 1.03584e-05 -9999 -9999 -9999 -9999 -9999 -9999 -9999 -9999 -9999 -9999 -9999 -9999 -9999 -9999 -9999 -9999 -9999 -9999 -9999 -9999 -9999 -9999 -9999 -9999 -9999 -9999
1.00065e-05 9.99873e-06 1.02716e-05 1.2969e-05 1.36437e-05 1.31375e-05 1.02147e-05 9.85015e-06 9.83814e-06 9.98076e-06 9.96259e-06 9.99848e-06 1.2117e-05 1.39288e-05 1.04579e-05 1.00011e-05 9.99981e-06 9.99968e-06 9.99985e-06 1e-05 9.99939e-06 1.01224e-05 1.11768e-05 1.11625e-05 1.10531e-05 1.07859e-05 9.91504e-06 1.00043e-05 1.04348e-05 1.1619e-05 1.06858e-05 1.20972e-05 1.29378e-05 1.05101e-05 9.95958e-06 1.00056e-05 1.01059e-05 1.21463e-05 1.56751e-05 1.62628e-05 -9999 -9999 -9999 -9999 -9999 -9999 -9999 -9999 -9999 -9999 -9999 -9999 -9999 -9999 -9999 -9999 -9999 -9999 -9999 -9999 -9999 -9999 -9999 -9999 -9999 -9999
1.08863e-05 9.89971e-06 1.00012e-05 1.02873e-05 1.29202e-05 1.52889e-05 1.55847e-05 1.28422e-05 1.13415e-05 1.08229e-05 1.03766e-05 1.00502e-05 1.29911e-05 1.10473e-05 1.14497e-05 1.04936e-05 1.01912e-05 9.98834e-06 9.97044e-06 1.00015e-05 9.98882e-06 9.98015e-06 1.00131e-05 1.05374e-05 1.07003e-05 1.07396e-05 1.01643e-05 1e-05 1.00246e-05 1.01798e-05 1.00762e-05 1.06494e-05 1.20779e-05 1.06007e-05 9.96386e-06 1.00018e-05 9.99973e-06 1.02029e-05 1.28471e-05 1.6117e-05 -9999 -9999 -9999 -9999 -9999 -9999 -9999 -9999 -9999 -9999 -9999 -9999 -9999 -9999 -9999 -9999 -9999 -9999 -9999 -9999 -9999 -9999 -9999 -9999 -9999 -9999
1.10477e-05 9.79041e-06 9.90014e-06 1.00244e-05 1.0426e-05 1.48408e-05 1.90075e-05 1.55899e-05 1.40163e-05 1.45434e-05 1.29528e-05 1.30434e-05 1.14964e-05 1.07866e-05 1.1315e-05 1.06749e-05 1.0262e-05 1.06995e-05 1.04716e-05 1.0005e-05 1.00081e-05 1.02764e-05 1.02103e-05 9.98461e-06 1.00071e-05 1.019e-05 1.00098e-05 1.00051e-05 9.96114e-06 9.99995e-06 9.999e-06 1.00387e-05 1.03312e-05 1.10391e-05 1.00064e-05 1.00001e-05 9.99728e-06 1.00019e-05 1.02903e-05 1.17049e-05 1.68502e-05 -9999 -9999 -9999 -9999 -9999 -9999 -9999 -9999 -9999 -9999 -9999 -9999 -9999 -9999 -9999 -9999 -9999 -9999 -9999 -9999 -9999 -9999 -9999 -9999 -9999
1.03367e-05 1.0787e-05 1.45288e-05 1.44839e-05 1.11181e-05 1.06696e-05 1.31827e-05 1.20436e-05 1.16706e-05 1.32983e-05 1.47077e-05 1.36186e-05 1.00062e-05 1.05484e-05 1.01933e-05 1.00818e-05 1.00721e-05 1.07833e-05 1.08744e-05 9.91818e-06 9.9994e-06 1.00846e-05 1.10485e-05 1.00395e-05 1.00268e-05 1.08564e-05 1.18807e-05 1.12409e-05 1.02556e-05 9.88314e-06 9.99247e-06 1.00164e-05 9.95284e-06 1.00136e-05 9.95361e-06 9.9999e-06 9.99944e-06 1.00006e-05 9.98115e-06 9.79374e-06 1.08996e-05 -9999 -9999 -9999 -9999 -9999 -9999 -9999 -9999 -9999 -9999 -9999 -9999 -9999 -9999 -9999 -9999 -9999 -9999 -9999 -9999 -9999 -9999 -9999 -9999 -9999
