data/RealTopo/Outputs_RealTopo/relWog_02RealTopo_null_avaflow_pft.asc
ncols 491
nrows 556
xllcenter 167450.00
yllcenter 361950.00
cellsize 5.00
NODATA_value -9999.000
[rows 170 to 203 of 556, columns 77 to 153 of 491]
0.000 0.000 0.000 0.000 0.000 0.000 0.000 0.000 0.000 0.000 0.000 0.000 0.000 0.000 0.000 0.000 0.000 0.000 0.000 0.000 0.000 0.000 0.001 0.001 0.002 0.002 0.003 0.005 0.007 0.010 0.017 0.028 0.041 0.058 0.078 0.104 0.136 0.176 0.227 0.289 0.365 0.454 0.559 0.679 0.807 0.955 1.132 1.408 1.625 1.772 1.881 1.951 2.022 2.011 1.935 2.208 2.645 3.086 3.588 4.042 4.302 4.514 4.803 4.964 5.041 5.055 4.976 4.643 4.179 4.271 4.465 4.569 4.606 4.482 4.187 3.833 3.462
0.000 0.000 0.000 0.000 0.000 0.000 0.000 0.000 0.000 0.000 0.000 0.000 0.000 0.000 0.000 0.000 0.000 0.000 0.000 0.000 0.000 0.000 0.001 0.001 0.002 0.003 0.004 0.006 0.008 0.013 0.020 0.030 0.042 0.058 0.078 0.103 0.134 0.175 0.227 0.293 0.371 0.462 0.566 0.682 0.808 0.953 1.128 1.335 1.543 1.706 1.817 1.888 1.921 1.868 1.839 2.203 2.652 3.162 3.685 4.046 4.220 4.436 4.708 4.848 4.914 4.922 4.863 4.542 4.097 4.207 4.423 4.525 4.557 4.498 4.201 3.734 3.221
0.000 0.000 0.000 0.000 0.000 0.000 0.000 0.000 0.000 0.000 0.000 0.000 0.000 0.000 0.000 0.000 0.000 0.000 0.000 0.000 0.000 0.000 0.001 0.001 0.002 0.003 0.005 0.007 0.010 0.015 0.021 0.030 0.042 0.057 0.076 0.098 0.126 0.168 0.227 0.297 0.373 0.463 0.567 0.680 0.807 0.955 1.133 1.335 1.519 1.656 1.740 1.810 1.791 1.724 1.733 2.148 2.604 3.157 3.685 3.969 4.098 4.315 4.596 4.731 4.791 4.811 4.759 4.422 4.019 4.181 4.411 4.525 4.549 4.503 4.214 3.644 2.983
0.000 0.000 0.000 0.000 0.000 0.000 0.000 0.000 0.000 0.000 0.000 0.000 0.000 0.000 0.000 0.000 0.000 0.000 0.000 0.000 0.000 0.000 0.001 0.001 0.002 0.003 0.005 0.007 0.010 0.015 0.021 0.029 0.040 0.053 0.067 0.085 0.109 0.151 0.219 0.296 0.374 0.463 0.565 0.680 0.811 0.963 1.141 1.328 1.483 1.589 1.665 1.702 1.603 1.574 1.715 2.071 2.470 3.011 3.554 3.812 3.946 4.223 4.468 4.600 4.663 4.701 4.647 4.267 3.988 4.183 4.438 4.578 4.623 4.537 4.168 3.509 2.706
0.000 0.000 0.000 0.000 0.000 0.000 0.000 0.000 0.000 0.000 0.000 0.000 0.000 0.000 0.000 0.000 0.000 0.000 0.000 0.000 0.000 0.000 0.001 0.001 0.002 0.003 0.005 0.007 0.010 0.015 0.020 0.027 0.035 0.046 0.060 0.078 0.101 0.132 0.193 0.279 0.368 0.462 0.568 0.688 0.824 0.974 1.145 1.306 1.430 1.511 1.571 1.546 1.429 1.430 1.733 2.042 2.387 2.958 3.420 3.648 3.794 4.136 4.330 4.458 4.533 4.575 4.489 4.091 3.983 4.192 4.493 4.666 4.673 4.568 4.026 3.201 2.123
0.000 0.000 0.000 0.000 0.000 0.000 0.000 0.000 0.000 0.000 0.000 0.000 0.000 0.000 0.000 0.000 0.000 0.000 0.000 0.000 0.000 0.000 0.001 0.001 0.002 0.003 0.005 0.007 0.010 0.014 0.018 0.025 0.033 0.043 0.057 0.075 0.097 0.125 0.168 0.245 0.349 0.457 0.572 0.699 0.842 0.987 1.136 1.263 1.351 1.429 1.453 1.350 1.263 1.487 1.778 2.063 2.500 2.980 3.355 3.548 3.738 4.035 4.190 4.309 4.385 4.418 4.298 3.987 4.007 4.239 4.543 4.693 4.708 4.472 3.682 2.510 1.612
0.000 0.000 0.000 0.000 0.000 0.000 0.000 0.000 0.000 0.000 0.000 0.000 0.000 0.000 0.000 0.000 0.000 0.000 0.000 0.000 0.000 0.000 0.001 0.001 0.002 0.003 0.005 0.007 0.009 0.013 0.017 0.023 0.031 0.042 0.055 0.072 0.094 0.122 0.159 0.215 0.312 0.440 0.571 0.706 0.853 0.994 1.112 1.194 1.270 1.311 1.280 1.148 1.283 1.586 1.881 2.181 2.634 3.023 3.333 3.499 3.668 3.923 4.061 4.151 4.212 4.232 4.094 3.943 3.963 4.216 4.539 4.634 4.637 4.150 2.935 1.811 1.793
0.000 0.000 0.000 0.000 0.000 0.000 0.000 0.000 0.000 0.000 0.000 0.000 0.000 0.000 0.000 0.000 0.000 0.000 0.000 0.000 0.000 0.000 0.001 0.001 0.002 0.003 0.004 0.006 0.008 0.012 0.016 0.022 0.030 0.040 0.053 0.070 0.092 0.120 0.155 0.201 0.274 0.401 0.558 0.707 0.856 0.989 1.087 1.137 1.175 1.170 1.063 1.016 1.345 1.728 2.123 2.521 2.846 3.136 3.347 3.466 3.598 3.795 3.912 3.983 4.077 4.094 3.985 3.888 3.879 4.058 4.347 4.499 4.345 3.495 1.914 1.993 2.003
0.000 0.000 0.000 0.000 0.000 0.000 0.000 0.000 0.000 0.000 0.000 0.000 0.000 0.000 0.000 0.000 0.000 0.000 0.000 0.000 0.000 0.000 0.000 0.001 0.001 0.002 0.004 0.005 0.008 0.011 0.015 0.021 0.028 0.038 0.051 0.068 0.089 0.117 0.152 0.196 0.254 0.352 0.513 0.695 0.846 0.973 1.068 1.113 1.123 1.063 0.943 0.994 1.389 1.912 2.482 2.953 3.199 3.331 3.401 3.427 3.507 3.656 3.777 3.886 3.968 3.968 3.846 3.780 3.769 3.835 4.037 4.081 3.773 2.584 2.025 2.072 2.100
0.000 0.000 0.000 0.000 0.000 0.000 0.000 0.000 0.000 0.000 0.000 0.000 0.000 0.000 0.000 0.000 0.000 0.000 0.000 0.000 0.000 0.000 0.000 0.000 0.001 0.002 0.003 0.005 0.007 0.010 0.014 0.019 0.027 0.036 0.049 0.065 0.086 0.113 0.148 0.191 0.246 0.320 0.440 0.621 0.801 0.939 1.041 1.101 1.109 1.031 0.937 1.017 1.448 2.067 2.717 3.152 3.337 3.404 3.411 3.415 3.419 3.543 3.678 3.786 3.854 3.813 3.684 3.643 3.616 3.607 3.626 3.551 3.064 1.877 2.042 2.116 2.138
0.000 0.000 0.000 0.000 0.000 0.000 0.000 0.000 0.000 0.000 0.000 0.000 0.000 0.000 0.000 0.000 0.000 0.000 0.000 0.000 0.000 0.000 0.000 0.000 0.001 0.001 0.002 0.004 0.006 0.009 0.013 0.018 0.025 0.034 0.046 0.062 0.083 0.110 0.144 0.187 0.240 0.308 0.394 0.518 0.699 0.878 1.000 1.079 1.120 1.103 1.054 1.172 1.584 2.224 2.820 3.165 3.324 3.382 3.404 3.351 3.295 3.450 3.569 3.664 3.712 3.636 3.520 3.474 3.443 3.408 3.345 3.148 2.451 1.856 2.021 2.105 2.133
0.000 0.000 0.000 0.000 0.000 0.000 0.000 0.000 0.000 0.000 0.000 0.000 0.000 0.000 0.000 0.000 0.000 0.000 0.000 0.000 0.000 0.000 0.000 0.000 0.000 0.001 0.002 0.003 0.005 0.008 0.012 0.017 0.023 0.032 0.044 0.059 0.080 0.106 0.139 0.181 0.234 0.300 0.381 0.488 0.653 0.828 0.935 1.016 1.081 1.133 1.182 1.490 1.869 2.372 2.813 3.073 3.221 3.306 3.299 3.199 3.171 3.334 3.454 3.523 3.537 3.423 3.343 3.307 3.259 3.186 3.074 2.773 1.841 1.830 1.987 2.070 2.107
0.000 0.000 0.000 0.000 0.000 0.000 0.000 0.000 0.000 0.000 0.000 0.000 0.000 0.000 0.000 0.000 0.000 0.000 0.000 0.000 0.000 0.000 0.000 0.000 0.000 0.001 0.002 0.003 0.005 0.007 0.010 0.015 0.021 0.030 0.041 0.056 0.076 0.101 0.134 0.176 0.228 0.292 0.372 0.486 0.645 0.765 0.848 0.895 0.932 1.021 1.206 1.649 2.072 2.441 2.714 2.900 3.055 3.115 3.096 2.992 3.063 3.201 3.313 3.354 3.313 3.192 3.155 3.137 3.075 2.963 2.803 2.334 1.548 1.763 1.912 2.002 2.061
0.000 0.000 0.000 0.000 0.000 0.000 0.000 0.000 0.000 0.000 0.000 0.000 0.000 0.000 0.000 0.000 0.000 0.000 0.000 0.000 0.000 0.000 0.000 0.000 0.000 0.001 0.001 0.002 0.004 0.006 0.009 0.014 0.020 0.028 0.039 0.053 0.072 0.097 0.129 0.170 0.222 0.286 0.367 0.488 0.619 0.690 0.714 0.645 0.627 0.757 1.083 1.625 2.082 2.364 2.536 2.715 2.826 2.863 2.850 2.812 2.980 3.086 3.164 3.176 3.075 2.961 2.954 2.942 2.863 2.740 2.508 1.797 1.491 1.665 1.800 1.903 1.976
0.000 0.000 0.000 0.000 0.000 0.000 0.000 0.000 0.000 0.000 0.000 0.000 0.000 0.000 0.000 0.000 0.000 0.000 0.000 0.000 0.000 0.000 0.000 0.000 0.000 0.000 0.001 0.002 0.003 0.005 0.008 0.012 0.018 0.025 0.035 0.049 0.067 0.091 0.123 0.163 0.215 0.282 0.369 0.482 0.549 0.603 0.537 0.458 0.466 0.604 0.860 1.408 1.888 2.165 2.353 2.471 2.570 2.607 2.612 2.793 2.913 2.988 3.026 3.010 2.843 2.751 2.756 2.719 2.620 2.489 2.154 1.270 1.404 1.553 1.674 1.777 1.853
0.000 0.000 0.000 0.000 0.000 0.000 0.000 0.000 0.000 0.000 0.000 0.000 0.000 0.000 0.000 0.000 0.000 0.000 0.000 0.000 0.000 0.000 0.000 0.000 0.000 0.000 0.001 0.001 0.003 0.004 0.007 0.011 0.016 0.023 0.032 0.045 0.063 0.086 0.116 0.156 0.208 0.277 0.367 0.436 0.492 0.467 0.385 0.363 0.394 0.514 0.703 1.075 1.517 1.875 2.066 2.198 2.301 2.358 2.549 2.727 2.829 2.887 2.896 2.819 2.620 2.578 2.560 2.462 2.351 2.180 1.713 1.110 1.280 1.428 1.546 1.636 1.713
0.000 0.000 0.000 0.000 0.000 0.000 0.000 0.000 0.000 0.000 0.000 0.000 0.000 0.000 0.000 0.000 0.000 0.000 0.000 0.000 0.000 0.000 0.000 0.000 0.000 0.000 0.000 0.001 0.002 0.003 0.006 0.009 0.013 0.020 0.029 0.041 0.057 0.079 0.108 0.147 0.199 0.271 0.334 0.383 0.391 0.331 0.295 0.306 0.354 0.445 0.625 0.878 1.151 1.454 1.707 1.886 2.008 2.228 2.460 2.605 2.719 2.763 2.757 2.604 2.447 2.422 2.374 2.215 2.052 1.785 1.154 1.074 1.183 1.284 1.408 1.496 1.577
0.000 0.000 0.000 0.000 0.000 0.000 0.000 0.000 0.000 0.000 0.000 0.000 0.000 0.000 0.000 0.000 0.000 0.000 0.000 0.000 0.000 0.000 0.000 0.000 0.000 0.000 0.000 0.001 0.001 0.003 0.004 0.007 0.011 0.017 0.025 0.036 0.051 0.071 0.099 0.136 0.188 0.246 0.289 0.308 0.276 0.237 0.240 0.275 0.335 0.447 0.648 0.856 1.037 1.224 1.424 1.642 1.886 2.130 2.329 2.474 2.572 2.607 2.565 2.385 2.295 2.267 2.167 1.964 1.710 1.253 0.995 1.115 1.191 1.227 1.256 1.347 1.439
0.000 0.000 0.000 0.000 0.000 0.000 0.000 0.000 0.000 0.000 0.000 0.000 0.000 0.000 0.000 0.000 0.000 0.000 0.000 0.000 0.000 0.000 0.000 0.000 0.000 0.000 0.000 0.000 0.001 0.002 0.003 0.006 0.009 0.014 0.021 0.030 0.044 0.062 0.088 0.122 0.167 0.204 0.231 0.221 0.190 0.185 0.205 0.251 0.320 0.444 0.630 0.808 0.976 1.149 1.337 1.543 1.767 1.988 2.179 2.325 2.412 2.426 2.335 2.177 2.142 2.109 1.946 1.685 1.267 0.873 0.984 1.130 1.207 1.226 1.229 1.225 1.280
0.000 0.000 0.000 0.000 0.000 0.000 0.000 0.000 0.000 0.000 0.000 0.000 0.000 0.000 0.000 0.000 0.000 0.000 0.000 0.000 0.000 0.000 0.000 0.000 0.000 0.000 0.000 0.000 0.001 0.001 0.002 0.004 0.007 0.011 0.016 0.025 0.036 0.052 0.075 0.104 0.133 0.161 0.163 0.147 0.140 0.150 0.177 0.225 0.302 0.427 0.582 0.740 0.895 1.055 1.224 1.404 1.606 1.850 2.051 2.179 2.249 2.238 2.108 1.997 1.980 1.923 1.714 1.330 0.815 0.865 0.951 1.108 1.216 1.240 1.233 1.221 1.206
0.000 0.000 0.000 0.000 0.000 0.000 0.000 0.000 0.000 0.000 0.000 0.000 0.000 0.000 0.000 0.000 0.000 0.000 0.000 0.000 0.000 0.000 0.000 0.000 0.000 0.000 0.000 0.000 0.000 0.001 0.002 0.003 0.005 0.008 0.013 0.019 0.028 0.041 0.060 0.080 0.103 0.112 0.108 0.102 0.108 0.123 0.150 0.195 0.275 0.391 0.519 0.656 0.796 0.942 1.091 1.256 1.466 1.731 1.920 2.040 2.076 2.021 1.881 1.830 1.803 1.693 1.385 0.860 0.790 0.858 0.934 1.050 1.189 1.257 1.272 1.262 1.237
0.000 0.000 0.000 0.000 0.000 0.000 0.000 0.000 0.000 0.000 0.000 0.000 0.000 0.000 0.000 0.000 0.000 0.000 0.000 0.000 0.000 0.000 0.000 0.000 0.000 0.000 0.000 0.000 0.000 0.000 0.001 0.002 0.004 0.006 0.009 0.014 0.021 0.031 0.045 0.060 0.072 0.074 0.072 0.076 0.086 0.102 0.127 0.170 0.245 0.344 0.448 0.562 0.689 0.829 0.976 1.147 1.382 1.633 1.781 1.895 1.910 1.810 1.697 1.662 1.587 1.310 0.824 0.702 0.741 0.802 0.889 0.991 1.132 1.245 1.302 1.329 1.331
0.000 0.000 0.000 0.000 0.000 0.000 0.000 0.000 0.000 0.000 0.000 0.000 0.000 0.000 0.000 0.000 0.000 0.000 0.000 0.000 0.000 0.000 0.000 0.000 0.000 0.000 0.000 0.000 0.000 0.000 0.001 0.001 0.002 0.004 0.007 0.010 0.016 0.023 0.032 0.043 0.048 0.049 0.052 0.060 0.070 0.086 0.112 0.153 0.216 0.292 0.377 0.477 0.594 0.733 0.892 1.098 1.344 1.517 1.648 1.717 1.717 1.612 1.543 1.491 1.231 0.696 0.570 0.629 0.672 0.717 0.794 0.907 1.048 1.179 1.271 1.340 1.388
0.000 0.000 0.000 0.000 0.000 0.000 0.000 0.000 0.000 0.000 0.000 0.000 0.000 0.000 0.000 0.000 0.000 0.000 0.000 0.000 0.000 0.000 0.000 0.000 0.000 0.000 0.000 0.000 0.000 0.000 0.000 0.001 0.001 0.003 0.005 0.007 0.011 0.016 0.023 0.028 0.032 0.035 0.041 0.048 0.058 0.077 0.105 0.141 0.188 0.245 0.316 0.403 0.512 0.651 0.833 1.083 1.284 1.397 1.484 1.505 1.438 1.384 1.382 1.254 0.718 0.287 0.393 0.478 0.529 0.579 0.663 0.780 0.909 1.049 1.167 1.266 1.354
0.000 0.000 0.000 0.000 0.000 0.000 0.000 0.000 0.000 0.000 0.000 0.000 0.000 0.000 0.000 0.000 0.000 0.000 0.000 0.000 0.000 0.000 0.000 0.000 0.000 0.000 0.000 0.000 0.000 0.000 0.000 0.000 0.001 0.002 0.003 0.005 0.008 0.011 0.015 0.019 0.022 0.027 0.032 0.038 0.051 0.071 0.097 0.126 0.162 0.207 0.266 0.342 0.443 0.584 0.794 1.033 1.168 1.268 1.287 1.238 1.156 1.147 1.164 0.903 0.314 0.181 0.249 0.308 0.355 0.406 0.487 0.609 0.716 0.813 0.920 1.048 1.196
0.000 0.000 0.000 0.000 0.000 0.000 0.000 0.000 0.000 0.000 0.000 0.000 0.000 0.000 0.000 0.000 0.000 0.000 0.000 0.000 0.000 0.000 0.000 0.000 0.000 0.000 0.000 0.000 0.000 0.000 0.000 0.000 0.000 0.001 0.002 0.003 0.005 0.008 0.010 0.013 0.016 0.020 0.025 0.033 0.046 0.065 0.086 0.110 0.140 0.178 0.229 0.296 0.390 0.533 0.744 0.895 1.031 1.059 1.024 0.930 0.895 0.906 0.882 0.545 0.137 0.131 0.170 0.202 0.232 0.267 0.317 0.380 0.429 0.476 0.542 0.646 0.799
0.000 0.000 0.000 0.000 0.000 0.000 0.000 0.000 0.000 0.000 0.000 0.000 0.000 0.000 0.000 0.000 0.000 0.000 0.000 0.000 0.000 0.000 0.000 0.000 0.000 0.000 0.000 0.000 0.000 0.000 0.000 0.000 0.000 0.000 0.001 0.002 0.003 0.005 0.007 0.009 0.012 0.015 0.020 0.029 0.042 0.057 0.074 0.095 0.122 0.158 0.205 0.270 0.364 0.503 0.646 0.765 0.817 0.809 0.740 0.679 0.673 0.667 0.571 0.252 0.083 0.100 0.125 0.143 0.157 0.172 0.189 0.206 0.218 0.233 0.259 0.303 0.382
0.000 0.000 0.000 0.000 0.000 0.000 0.000 0.000 0.000 0.000 0.000 0.000 0.000 0.000 0.000 0.000 0.000 0.000 0.000 0.000 0.000 0.000 0.000 0.000 0.000 0.000 0.000 0.000 0.000 0.000 0.000 0.000 0.000 0.000 0.000 0.001 0.002 0.003 0.005 0.006 0.009 0.012 0.018 0.026 0.037 0.049 0.065 0.084 0.110 0.145 0.194 0.264 0.365 0.471 0.547 0.610 0.619 0.574 0.510 0.492 0.490 0.455 0.294 0.101 0.070 0.079 0.096 0.115 0.129 0.143 0.154 0.156 0.143 0.114 0.114 0.133 0.168
0.000 0.000 0.000 0.000 0.000 0.000 0.000 0.000 0.000 0.000 0.000 0.000 0.000 0.000 0.000 0.000 0.000 0.000 0.000 0.000 0.000 0.000 0.000 0.000 0.000 0.000 0.000 0.000 0.000 0.000 0.000 0.000 0.000 0.000 0.000 0.000 0.001 0.002 0.003 0.005 0.007 0.011 0.016 0.023 0.032 0.043 0.058 0.077 0.104 0.141 0.196 0.275 0.360 0.411 0.467 0.480 0.449 0.379 0.345 0.343 0.339 0.270 0.117 0.059 0.060 0.075 0.091 0.103 0.114 0.118 0.108 0.089 0.069 0.050 0.050 0.058 0.075
0.000 0.000 0.000 0.000 0.000 0.000 0.000 0.000 0.000 0.000 0.000 0.000 0.000 0.000 0.000 0.000 0.000 0.000 0.000 0.000 0.000 0.000 0.000 0.000 0.000 0.000 0.000 0.000 0.000 0.000 0.000 0.000 0.000 0.000 0.000 0.000 0.000 0.001 0.002 0.004 0.006 0.010 0.014 0.020 0.028 0.038 0.053 0.073 0.102 0.146 0.208 0.276 0.318 0.363 0.374 0.362 0.302 0.241 0.225 0.223 0.206 0.125 0.048 0.041 0.047 0.061 0.077 0.084 0.082 0.069 0.051 0.037 0.026 0.020 0.022 0.027 0.035
0.000 0.000 0.000 0.000 0.000 0.000 0.000 0.000 0.000 0.000 0.000 0.000 0.000 0.000 0.000 0.000 0.000 0.000 0.000 0.000 0.000 0.000 0.000 0.000 0.000 0.000 0.000 0.000 0.000 0.000 0.000 0.000 0.000 0.000 0.000 0.000 0.000 0.001 0.001 0.003 0.005 0.008 0.012 0.017 0.024 0.034 0.049 0.072 0.107 0.154 0.207 0.243 0.279 0.288 0.276 0.245 0.181 0.138 0.130 0.126 0.098 0.045 0.027 0.028 0.035 0.046 0.051 0.048 0.040 0.029 0.019 0.013 0.010 0.010 0.011 0.013 0.017
0.000 0.000 0.000 0.000 0.000 0.000 0.000 0.000 0.000 0.000 0.000 0.000 0.000 0.000 0.000 0.000 0.000 0.000 0.000 0.000 0.000 0.000 0.000 0.000 0.000 0.000 0.000 0.000 0.000 0.000 0.000 0.000 0.000 0.000 0.000 0.000 0.000 0.000 0.001 0.002 0.004 0.006 0.010 0.015 0.021 0.032 0.048 0.073 0.109 0.149 0.176 0.209 0.217 0.204 0.176 0.134 0.085 0.064 0.061 0.056 0.035 0.018 0.017 0.019 0.023 0.026 0.025 0.022 0.016 0.011 0.007 0.005 0.005 0.005 0.006 0.007 0.009
0.000 0.000 0.000 0.000 0.000 0.000 0.000 0.000 0.000 0.000 0.000 0.000 0.000 0.000 0.000 0.000 0.000 0.000 0.000 0.000 0.000 0.000 0.000 0.000 0.000 0.000 0.000 0.000 0.000 0.000 0.000 0.000 0.000 0.000 0.000 0.000 0.000 0.000 0.001 0.002 0.003 0.005 0.008 0.013 0.019 0.030 0.048 0.074 0.103 0.124 0.147 0.151 0.136 0.112 0.085 0.052 0.030 0.024 0.023 0.020 0.013 0.010 0.010 0.012 0.013 0.013 0.011 0.009 0.006 0.004 0.003 0.002 0.002 0.003 0.003 0.004 0.005
0.000 0.000 0.000 0.000 0.000 0.000 0.000 0.000 0.000 0.000 0.000 0.000 0.000 0.000 0.000 0.000 0.000 0.000 0.000 0.000 0.000 0.000 0.000 0.000 0.000 0.000 0.000 0.000 0.000 0.000 0.000 0.000 0.000 0.000 0.000 0.000 0.000 0.000 0.000 0.001 0.002 0.004 0.007 0.011 0.018 0.030 0.048 0.067 0.084 0.099 0.093 0.075 0.056 0.041 0.027 0.015 0.011 0.010 0.010 0.008 0.005 0.005 0.006 0.006 0.007 0.006 0.005 0.003 0.002 0.002 0.001 0.001 0.001 0.001 0.002 0.002 0.003
