data/RealTopo/Outputs_RealTopo/relWog_null_02RealTopo_faSavageHutterFoamGamma_pft.asc
ncols 490
nrows 555
xllcenter 167455
yllcenter 361955
cellsize 5
NODATA_value -9999
[rows 435 to 463 of 555, columns 268 to 334 of 490]
1.00655e-05 1.01536e-05 1.00894e-05 9.92707e-06 1.15769e-05 1.88975e-05 5.41052e-05 0.000234583 0.000717909 0.00258351 0.00737504 0.019066 0.0540055 0.141151 0.327721 0.624502 0.91155 1.12467 1.21799 1.09487 1.04629 1.03113 0.97086 0.97372 1.78685 1.67614 1.46631 1.48244 1.52325 1.87128 2.21585 2.60168 2.67442 2.52734 1.98671 1.66091 1.66026 1.97096 2.06114 2.01534 1.77179 1.63566 1.58279 1.51022 1.51823 1.69919 2.06264 2.37034 2.3923 2.35829 2.30169 2.47005 2.29682 1.90237 1.75431 1.74659 1.87543 2.12005 2.3364 2.05673 1.6934 1.61254 1.85286 2.16128 2.09308 1.9558 1.90052
9.98941e-06 1.00004e-05 9.99798e-06 9.99969e-06 1.0112e-05 1.18818e-05 1.66634e-05 3.4587e-05 6.45933e-05 0.000249857 0.000813655 0.00322028 0.00755748 0.024861 0.0855478 0.224395 0.548885 0.951086 1.13504 1.14454 1.10182 1.11006 1.04548 0.951571 1.05037 1.45457 1.47921 1.50473 1.49706 1.65109 1.97985 2.38731 2.69662 2.64192 2.13724 1.66895 1.58209 1.80391 1.93135 1.9684 1.78865 1.70771 1.58384 1.52822 1.5015 1.53391 1.73347 2.11781 2.3792 2.25459 2.02705 1.9244 2.30741 2.24871 1.91278 1.79104 1.83289 2.02994 2.21548 2.17821 1.81277 1.61875 1.80256 2.17033 2.17331 2.04727 1.87274
9.99941e-06 9.99967e-06 1.00002e-05 1e-05 1.00004e-05 1.00705e-05 1.13818e-05 1.3083e-05 1.1137e-05 2.55454e-05 7.14385e-05 0.000251707 0.00102912 0.00443987 0.0137836 0.040001 0.136624 0.413127 0.847847 1.05223 1.11727 1.13573 1.16497 1.11856 1.04519 1.43677 1.50536 1.67352 1.63841 1.57138 1.7729 2.09241 2.60197 2.70594 2.26899 1.76393 1.59277 1.64818 1.76093 1.71192 1.71136 1.7318 1.6592 1.48707 1.4996 1.50409 1.57686 1.77488 2.01608 2.18471 2.04377 1.91139 1.70606 2.01679 2.20246 1.85629 1.79799 1.9383 2.11156 2.21621 1.90859 1.66394 1.78145 2.11063 2.23896 2.13879 1.86796
1.00061e-05 1.01117e-05 9.99658e-06 1e-05 9.99986e-06 1.00115e-05 1.00452e-05 1.0305e-05 1.17524e-05 1.35215e-05 1.42573e-05 3.00731e-05 0.000116969 0.000431722 0.00154069 0.00469044 0.0238258 0.129551 0.341341 0.661558 0.945568 1.09132 1.20605 1.25346 1.23279 1.3176 1.51616 1.60424 1.78986 1.72324 1.72487 1.72802 2.19294 2.5486 2.22847 1.86271 1.62524 1.60276 1.6739 1.58943 1.62607 1.75595 1.74943 1.56761 1.48869 1.4976 1.514 1.59472 1.79184 2.07333 2.10217 2.02722 1.7577 1.56362 1.73112 1.88909 1.76257 1.89752 2.02691 2.18192 2.04356 1.78801 1.77677 2.08116 2.30142 2.22485 1.94745
1.03263e-05 9.98869e-06 9.72186e-06 1.00164e-05 9.99866e-06 9.99927e-06 9.99778e-06 9.99918e-06 1.00737e-05 1.17001e-05 1.12989e-05 1.36902e-05 2.23531e-05 6.8322e-05 0.000167987 0.000706491 0.00477087 0.0414634 0.140632 0.314965 0.568777 0.919927 1.13995 1.29015 1.35154 1.35313 1.42199 1.51023 1.67157 1.7821 1.60007 1.51355 1.71226 2.09924 2.00209 1.72562 1.61675 1.55752 1.64342 1.62569 1.60366 1.76435 1.80225 1.68876 1.52927 1.49321 1.51229 1.55108 1.6811 1.96842 2.12901 2.09485 1.90042 1.57629 1.49888 1.62054 1.763 1.86036 1.99098 2.11353 2.10089 1.87834 1.78715 2.02886 2.34496 2.331 2.04138
1.06649e-05 1.04301e-05 1.11115e-05 1.14404e-05 9.94573e-06 9.96428e-06 9.99942e-06 1.00017e-05 1.00001e-05 1.00148e-05 9.98961e-06 1.00694e-05 1.20181e-05 1.64627e-05 3.49466e-05 0.000176249 0.00130111 0.0117642 0.0636063 0.177131 0.351246 0.592247 0.891273 1.14442 1.35071 1.45776 1.48948 1.49884 1.5199 1.52756 1.51692 1.49629 1.5267 1.65684 1.80117 1.79289 1.62178 1.48753 1.59492 1.64945 1.61522 1.75076 1.84215 1.78372 1.60574 1.48559 1.53911 1.59294 1.65184 1.87472 2.12995 2.15425 2.02965 1.71801 1.49457 1.50646 1.67674 1.82036 1.92131 2.06567 2.10467 1.92475 1.79419 1.94713 2.31411 2.37493 2.12445
9.99873e-06 1.0961e-05 1.31908e-05 1.43561e-05 1.3333e-05 1.08389e-05 1.00045e-05 1.05086e-05 1.03394e-05 9.98264e-06 9.99921e-06 9.99865e-06 1.03004e-05 1.01964e-05 1.24147e-05 4.01082e-05 0.000233777 0.00218866 0.018331 0.0964411 0.224602 0.394576 0.612932 0.867587 1.14636 1.40636 1.56214 1.58092 1.54264 1.49717 1.51651 1.49804 1.49737 1.51449 1.75343 1.88569 1.85328 1.6199 1.58302 1.68098 1.66908 1.70716 1.88865 1.87033 1.68855 1.53138 1.54321 1.6187 1.6584 1.7754 2.08348 2.17893 2.12686 1.88855 1.58413 1.49002 1.57526 1.79335 1.89802 2.04072 2.08957 2.00508 1.81145 1.91596 2.29339 2.42531 2.21147
1.00001e-05 1.00736e-05 1.25433e-05 1.4766e-05 1.41313e-05 1.14886e-05 1.06442e-05 1.14332e-05 1.25129e-05 1.11314e-05 9.90874e-06 1.00089e-05 1.03154e-05 9.98624e-06 1.00963e-05 1.36084e-05 3.3579e-05 0.000228973 0.00360313 0.0290586 0.123508 0.270745 0.427757 0.624661 0.847235 1.11716 1.44177 1.64364 1.65174 1.58779 1.53193 1.49011 1.49524 1.4954 1.60508 1.91282 2.00978 1.87563 1.68871 1.69374 1.73729 1.73658 1.88897 1.94187 1.78752 1.5594 1.53647 1.61932 1.67691 1.74757 2.05296 2.20011 2.19235 2.04299 1.70119 1.49191 1.54506 1.74006 1.84381 2.03445 2.11771 2.07056 1.93953 1.87558 2.2414 2.46864 2.32428
1.00005e-05 9.99953e-06 1.00419e-05 1.24879e-05 1.48855e-05 1.14529e-05 1.01488e-05 1.08261e-05 1.30301e-05 1.3863e-05 1.11095e-05 9.98902e-06 1.00636e-05 1.01861e-05 1.03098e-05 1.05009e-05 1.34733e-05 4.12702e-05 0.000432647 0.00528694 0.0438396 0.150103 0.317408 0.467192 0.633297 0.816705 1.11297 1.48196 1.65384 1.68139 1.65216 1.63003 1.48924 1.48817 1.50695 1.67941 1.97102 2.10677 1.85024 1.75895 1.80489 1.79772 1.86725 1.99733 1.90061 1.57497 1.53712 1.59332 1.70127 1.7508 1.95713 2.21399 2.22728 2.14019 1.86794 1.52908 1.51016 1.64033 1.85358 1.98572 2.09841 2.11999 2.03245 1.8734 2.16663 2.49929 2.38795
1.00089e-05 9.96137e-06 1.00028e-05 1.01081e-05 1.14794e-05 1.23977e-05 1.1229e-05 1.08552e-05 1.16553e-05 1.23604e-05 1.28786e-05 1.0784e-05 1.00302e-05 1.21742e-05 1.08426e-05 9.93573e-06 1.17359e-05 1.89557e-05 6.04575e-05 0.000592849 0.00921524 0.0568855 0.17098 0.338292 0.497821 0.632127 0.794121 1.19427 1.48894 1.64642 1.6783 1.72253 1.66976 1.55641 1.53458 1.51548 1.61743 1.926 2.04965 1.7819 1.94646 1.84435 1.79588 2.07499 1.94735 1.64861 1.51046 1.54135 1.67568 1.75223 1.91717 2.18213 2.25092 2.19554 2.00549 1.63857 1.48343 1.53336 1.82864 1.97731 2.08649 2.14645 2.1459 2.01735 2.02455 2.46848 2.41465
1.48979e-05 1.13579e-05 1.00036e-05 1.00086e-05 9.98956e-06 1.04786e-05 1.06031e-05 1.01664e-05 1.05453e-05 1.06945e-05 1.09432e-05 1.13918e-05 1.11596e-05 1.08668e-05 1.00942e-05 1.01106e-05 1.2028e-05 1.30831e-05 2.13749e-05 8.38417e-05 0.00115727 0.0113516 0.0664686 0.210852 0.381115 0.53532 0.648048 0.774532 1.23627 1.52937 1.69039 1.73241 1.69031 1.6309 1.67254 1.54692 1.50714 1.59564 1.87523 1.74581 1.89573 1.88468 1.65393 1.84581 2.061 1.71683 1.54053 1.5123 1.59883 1.73565 1.87018 2.14362 2.24294 2.21553 2.07793 1.79708 1.49301 1.51177 1.75178 1.96807 2.0958 2.20813 2.24253 2.16148 1.92836 2.39981 2.44337
1.15206e-05 1.11851e-05 1.21566e-05 1.11717e-05 9.87265e-06 1.00101e-05 1.00118e-05 1.00036e-05 1.02862e-05 1.05614e-05 1.13117e-05 1.02737e-05 1.27318e-05 1.09834e-05 9.93632e-06 1.021e-05 1.20593e-05 1.22799e-05 1.27081e-05 2.01439e-05 9.17346e-05 0.0011286 0.0119198 0.0746647 0.221755 0.422904 0.569504 0.67248 0.788664 1.1648 1.5529 1.70946 1.579 1.49986 1.53071 1.57993 1.4892 1.51396 1.63919 1.62539 1.5949 1.65874 1.6782 1.81092 1.89117 1.78594 1.5557 1.55544 1.563 1.66372 1.83078 2.10798 2.22222 2.21077 2.11295 1.94096 1.62559 1.47356 1.57814 1.98978 2.11115 2.22854 2.31662 2.27766 2.06898 2.36342 2.4435
1.084e-05 1.00143e-05 9.93694e-06 1.17901e-05 1.28691e-05 1.04408e-05 9.98537e-06 1.00099e-05 1.05355e-05 1.13302e-05 1.23034e-05 1.29119e-05 1.24825e-05 1.1422e-05 1.18487e-05 1.14497e-05 1.18342e-05 1.24314e-05 1.18887e-05 1.13862e-05 1.96973e-05 0.000114849 0.00132276 0.0146668 0.0798217 0.237759 0.45011 0.599181 0.704817 0.816276 1.47107 1.55563 1.51268 1.50237 1.4959 1.50472 1.54228 1.53965 1.52641 1.53791 1.58938 1.62483 1.70186 1.81784 1.90511 1.79459 1.64728 1.60907 1.58911 1.65415 1.7699 2.04505 2.24894 2.12005 2.09452 2.00738 1.78696 1.53619 1.53871 1.95859 2.08693 2.25732 2.39246 2.4161 2.23772 2.2491 2.46081
1.00926e-05 1.0821e-05 9.99296e-06 1.01709e-05 1.38737e-05 1.53266e-05 1.07167e-05 9.93916e-06 1.00342e-05 1.03459e-05 1.09676e-05 1.47399e-05 1.16775e-05 1.10657e-05 1.18265e-05 1.20535e-05 1.20893e-05 1.14155e-05 1.08596e-05 1.00854e-05 1.09365e-05 2.24245e-05 0.000180974 0.00215084 0.0193032 0.0890518 0.25534 0.488251 0.632017 0.739715 0.842916 1.49066 1.49498 1.49202 1.49672 1.49488 1.50538 1.61004 1.59075 1.51778 1.63035 1.64307 1.66198 1.85062 1.93316 1.87927 1.68263 1.66373 1.58373 1.62939 1.74689 1.94041 2.20365 2.02847 1.91523 2.05768 1.88837 1.67171 1.51273 1.78441 2.16113 2.25009 2.47973 2.53456 2.41911 2.07143 2.45076
1.0046e-05 1.08678e-05 1.01231e-05 9.98231e-06 1.0126e-05 1.40985e-05 1.57476e-05 1.05245e-05 1.00056e-05 1.00105e-05 1.11809e-05 1.08297e-05 1.11284e-05 1.1059e-05 1.02747e-05 1.0512e-05 1.15178e-05 1.09662e-05 1.01387e-05 9.98347e-06 1.00347e-05 1.11995e-05 2.85491e-05 0.000283554 0.00390361 0.0257447 0.102197 0.271912 0.527085 0.685447 0.787537 0.965063 1.49215 1.50339 1.49604 1.49438 1.49727 1.52683 1.66689 1.5189 1.66249 1.68069 1.64581 1.8576 1.9554 1.92188 1.71121 1.68686 1.50608 1.52291 1.66968 1.79977 2.07669 1.97812 1.81824 1.91764 1.93325 1.81985 1.58566 1.65508 2.15933 2.26523 2.53796 2.64445 2.60939 2.24624 2.42174
9.92874e-06 1.0274e-05 1.05247e-05 9.94495e-06 9.99991e-06 1.01122e-05 1.22835e-05 1.26183e-05 1.02136e-05 9.78694e-06 1.00702e-05 9.8367e-06 1.00434e-05 1.04668e-05 1.02825e-05 9.99668e-06 1.03529e-05 1.13632e-05 1.01238e-05 9.99484e-06 1e-05 1.0034e-05 1.14986e-05 3.73387e-05 0.000466191 0.00497051 0.0302721 0.111455 0.283071 0.575193 0.761924 0.885215 1.44247 1.50145 1.48967 1.4973 1.4975 1.51714 1.73618 1.58291 1.60675 1.72211 1.65875 1.81339 1.97136 1.9321 1.72379 1.71928 1.57725 1.52231 1.52167 1.62262 1.85323 2.05919 1.85487 1.77618 1.92306 1.90322 1.73119 1.62107 1.97965 2.35092 2.58007 2.74475 2.77771 2.41727 2.23715
1.10388e-05 1.09518e-05 1.15804e-05 1.14763e-05 9.90998e-06 9.98902e-06 1.01015e-05 1.2372e-05 1.29746e-05 1.34594e-05 9.71887e-06 9.99966e-06 1.0001e-05 1.00156e-05 1.01788e-05 1.00097e-05 1.00377e-05 1.09682e-05 1.07426e-05 1.00061e-05 9.99983e-06 9.99998e-06 1.00456e-05 1.27907e-05 5.4871e-05 0.000603143 0.00583119 0.0323464 0.111559 0.288404 0.628635 0.860541 0.96318 1.42716 1.49756 1.4925 1.49535 1.50274 1.66159 1.65291 1.56067 1.71295 1.69397 1.79078 1.97162 1.95388 1.70161 1.71896 1.63376 1.62996 1.49081 1.50919 1.67747 2.05418 1.96011 1.707 1.8329 1.97949 1.85281 1.63855 1.8852 2.3142 2.64533 2.8554 2.90021 2.66479 1.99356
1.04775e-05 1.07193e-05 1.14967e-05 1.35953e-05 1.13587e-05 1.0737e-05 1.00164e-05 1.05629e-05 1.31053e-05 1.39674e-05 1.07674e-05 1.00072e-05 9.99962e-06 9.99989e-06 1.0001e-05 9.9975e-06 1.00019e-05 1.0635e-05 1.13128e-05 9.92586e-06 1e-05 9.99993e-06 9.98813e-06 1.03867e-05 1.47564e-05 7.44165e-05 0.000747143 0.00615276 0.0309521 0.106817 0.288964 0.66932 0.967065 1.43731 1.49757 1.49508 1.50364 1.49953 1.56201 1.72227 1.56377 1.64007 1.72009 1.77123 1.91294 1.96418 1.73132 1.59586 1.63468 1.71234 1.67215 1.48509 1.53221 1.91077 2.0488 1.74819 1.69896 1.94645 1.87664 1.6554 1.88821 2.04183 2.6345 2.96937 3.03929 2.90501 2.01849
1.02768e-05 1.0206e-05 1.03427e-05 1.235e-05 1.3351e-05 1.11392e-05 1.01766e-05 9.99085e-06 1.28746e-05 1.01933e-05 1.18745e-05 1.21147e-05 9.87287e-06 9.98561e-06 1.00001e-05 9.99957e-06 9.99928e-06 1.01625e-05 1.17209e-05 1.07532e-05 9.95077e-06 9.99932e-06 9.99946e-06 1.0046e-05 1.0502e-05 1.57036e-05 9.11862e-05 0.000776666 0.00519628 0.0266315 0.0992673 0.282775 0.677824 1.0801 1.43967 1.50153 1.49341 1.48974 1.50965 1.6171 1.60742 1.58327 1.72512 1.77858 1.79657 1.90101 1.73392 1.5668 1.58348 1.6985 1.80096 1.54969 1.48988 1.68157 2.15096 1.86395 1.63122 1.78876 1.95171 1.61011 1.82382 2.11221 2.49851 3.04163 3.1614 3.08595 2.30317
9.99052e-06 9.96271e-06 1.00065e-05 9.92483e-06 1.10034e-05 1.03639e-05 1.00037e-05 1.10528e-05 1.05581e-05 9.81467e-06 1.05219e-05 1.34168e-05 1.26814e-05 1.04226e-05 9.89433e-06 9.99949e-06 9.99909e-06 1.0025e-05 1.03845e-05 1.14725e-05 1.00238e-05 9.99998e-06 1.00004e-05 1.00049e-05 1.00258e-05 1.04553e-05 1.79126e-05 8.62075e-05 0.000600884 0.00401722 0.0222123 0.0886366 0.2711 0.657302 1.12308 1.47363 1.49715 1.50149 1.50309 1.50933 1.6468 1.57432 1.68134 1.65078 1.70788 1.74775 1.65678 1.5889 1.59345 1.66614 1.83679 1.65569 1.51671 1.55904 1.96014 2.05677 1.68869 1.65228 1.90725 1.56905 1.6127 1.9628 2.2677 3.09272 3.21107 3.22492 2.599
1.06316e-05 1.00012e-05 1.00019e-05 9.95813e-06 1.02892e-05 1.00303e-05 1.00059e-05 1.15095e-05 9.65413e-06 9.99985e-06 1.00137e-05 1.01386e-05 1.22869e-05 1.42313e-05 1.14313e-05 1.01981e-05 9.95721e-06 9.99995e-06 1.00492e-05 1.03159e-05 9.97655e-06 1.00002e-05 1.00002e-05 9.99698e-06 9.99806e-06 1.00357e-05 1.06743e-05 1.57812e-05 6.54903e-05 0.000411204 0.00297647 0.0172272 0.0758341 0.249967 0.663955 1.49021 1.52263 1.49945 1.51712 1.49837 1.57215 1.60131 1.60513 1.51283 1.57054 1.65411 1.50236 1.52692 1.62587 1.65302 1.77998 1.68151 1.59648 1.51471 1.61718 1.9656 1.7074 1.56365 1.86559 1.57836 1.5391 1.69402 1.80851 3.01439 3.36266 3.3408 2.93217
1.00152e-05 9.97819e-06 1.02424e-05 1.03658e-05 1.04152e-05 1.18934e-05 1.11225e-05 9.89118e-06 9.97379e-06 1.00033e-05 9.98228e-06 9.99942e-06 1.0083e-05 1.13051e-05 1.38406e-05 1.30566e-05 1.02752e-05 1.00012e-05 1.04415e-05 1.06358e-05 9.99865e-06 9.99926e-06 1.03314e-05 9.9693e-06 1.00398e-05 9.87546e-06 1.00105e-05 1.02314e-05 1.44021e-05 4.40848e-05 0.000273556 0.00194662 0.0118962 0.0572875 0.204129 0.562223 1.50215 1.50292 1.50207 1.49524 1.50877 1.51064 1.49509 1.46857 1.51346 1.62536 1.53054 1.49983 1.58458 1.63421 1.56455 1.55897 1.60545 1.50919 1.49575 1.67699 1.75903 1.55295 1.72698 1.61205 1.53482 1.52316 1.60562 2.70093 3.37105 3.4188 3.20526
1.00011e-05 9.9481e-06 9.99292e-06 9.99966e-06 1.00659e-05 9.43178e-06 1.75038e-05 1.00153e-05 1.00015e-05 1.00864e-05 1.035e-05 1.00002e-05 9.99989e-06 1.00243e-05 1.03202e-05 1.42921e-05 1.27206e-05 9.86773e-06 1.01272e-05 1.12421e-05 1.01884e-05 9.91488e-06 1.08853e-05 1.07568e-05 1.11213e-05 1.17615e-05 1.11361e-05 9.91374e-06 1.0042e-05 1.05006e-05 2.41841e-05 0.000115177 0.00099359 0.00801168 0.0468801 0.179219 0.536048 1.50689 1.50854 1.49858 1.54557 1.48375 1.48411 1.48418 1.49253 1.52842 1.5839 1.51565 1.50972 1.52938 1.48489 1.50363 1.50964 1.49427 1.48495 1.52336 1.67489 1.56739 1.62057 1.55101 1.49689 1.49236 1.50781 1.79623 3.15317 3.40984 3.44417
9.9446e-06 1.05097e-05 1.06342e-05 1.00117e-05 1.1159e-05 1.95182e-05 2.18129e-05 1.00145e-05 1.0071e-05 9.89971e-06 1.00173e-05 9.99866e-06 1.01052e-05 9.9945e-06 1.0037e-05 1.11873e-05 1.60819e-05 1.1752e-05 9.95494e-06 1.02439e-05 1.07037e-05 9.98737e-06 1.02217e-05 1.0593e-05 1.1004e-05 1.12974e-05 1.37139e-05 1.16617e-05 1.00794e-05 9.96298e-06 1.01157e-05 1.38927e-05 5.2201e-05 0.000597867 0.0057491 0.0357944 0.15276 0.520262 1.52627 1.50684 1.51056 1.48674 1.49271 1.49141 1.49117 1.50281 1.54331 1.51792 1.49857 1.50219 1.49792 1.49228 1.86015 1.57905 0.0801039 0.0537167 0.235784 1.55906 1.5222 1.49546 1.49564 1.49471 1.49398 1.60866 2.66477 3.35233 3.62645
9.98277e-06 1.03625e-05 1.16907e-05 1.05083e-05 1.00392e-05 1.4149e-05 1.3172e-05 1.02546e-05 1.26764e-05 1.23025e-05 1.16743e-05 1.04191e-05 1.09618e-05 1.12868e-05 1.04808e-05 1.00621e-05 1.29476e-05 1.60534e-05 1.31317e-05 1.0817e-05 1.04716e-05 1.01902e-05 1.03216e-05 1.0352e-05 1.07558e-05 9.9965e-06 1.12259e-05 1.30896e-05 1.27266e-05 1.04184e-05 9.99181e-06 9.99041e-06 1.05072e-05 1.64821e-05 0.00028774 0.0038027 0.0272402 0.123879 0.456925 1.50803 1.50257 1.49679 1.49568 1.50341 1.50043 1.49762 1.49927 1.50445 1.48689 1.76675 1.50951 0.0490268 -0.0517663 0.0261616 0.00589552 -0.00171036 0.0300147 0.32763 1.61381 1.49593 1.48352 1.5105 1.49138 1.50537 1.942 3.049 3.81176
1.0456e-05 1.00099e-05 1.06433e-05 1.14605e-05 9.99858e-06 9.85814e-06 1.00497e-05 1.03121e-05 1.35027e-05 1.48427e-05 1.46467e-05 1.26407e-05 1.10484e-05 1.01635e-05 1.02818e-05 9.99909e-06 1.01891e-05 1.22539e-05 1.53525e-05 1.4522e-05 1.10155e-05 1.00191e-05 9.99232e-06 1.01256e-05 1.09392e-05 1.06984e-05 1.00061e-05 1.08359e-05 1.28961e-05 1.24848e-05 9.9948e-06 9.98622e-06 9.99658e-06 1.02544e-05 2.13438e-05 0.000263026 0.00237617 0.016616 0.084041 0.376226 1.48343 1.41671 1.50684 1.49869 1.49593 1.50591 1.49152 1.36365 1.12822 -0.276636 0.020003 0.00344542 -0.000321411 -0.00077389 2.64269e-05 0.000205126 0.00337827 0.0534003 0.430694 1.56936 1.49315 1.50583 1.5042 1.51494 1.68196 2.15611 3.83172
1.07725e-05 1.02608e-05 9.90821e-06 1.07243e-05 1.34469e-05 9.93838e-06 1.08588e-05 1.06008e-05 9.99381e-06 1.13777e-05 1.20711e-05 1.30086e-05 1.21656e-05 9.98225e-06 9.98928e-06 1.00001e-05 1.00001e-05 1.0017e-05 1.07109e-05 1.30412e-05 1.29414e-05 1.03683e-05 1.00019e-05 9.99618e-06 1.00398e-05 1.0676e-05 1.09061e-05 1.05695e-05 1.13741e-05 1.27388e-05 1.22737e-05 1.02523e-05 9.93642e-06 9.97559e-06 1.04203e-05 1.55876e-05 0.000101639 0.00092996 0.00733145 0.0317065 0.102695 0.422649 1.49947 1.61556 1.40018 1.19196 0.414128 0.0538265 -0.00694036 -0.00468467 1.127e-05 1.2199e-05 1.31503e-05 1.29372e-05 1.25771e-05 1.94617e-05 0.000265328 0.00568233 0.05932 0.369983 1.46952 1.35975 1.33989 1.44578 1.56424 1.71516 3.30125
1.10837e-05 1.09942e-05 1.11125e-05 1.01687e-05 1.12051e-05 1.11745e-05 1.25121e-05 1.30987e-05 1.20394e-05 1.06562e-05 1.00604e-05 1.13435e-05 1.26913e-05 1.10637e-05 1.00996e-05 1.00021e-05 9.99989e-06 9.99882e-06 1.00068e-05 1.02309e-05 1.24572e-05 1.21532e-05 9.86288e-06 9.99922e-06 1e-05 1.00216e-05 1.06098e-05 1.06001e-05 1.11241e-05 1.11145e-05 1.21115e-05 1.30961e-05 1.12926e-05 9.94604e-06 1.00006e-05 1.0024e-05 1.05981e-05 1.69497e-05 -6.968e-05 0.00090571 0.00568378 0.0360474 0.121003 -0.115266 0.0252315 0.00442729 -0.013471 0.000444536 -3.97017e-06 1.00874e-05 1.00498e-05 1.1611e-05 1.40678e-05 1.26078e-05 1.05467e-05 1.20528e-05 2.07396e-05 7.36586e-05 0.00139897 0.0311059 0.196808 0.418618 0.570531 0.735293 1.54432 1.54522 2.26847
1.03694e-05 1.04339e-05 1.15208e-05 1.14265e-05 1.00111e-05 1.07257e-05 1.07055e-05 1.19038e-05 1.22309e-05 1.04966e-05 9.98733e-06 1.01949e-05 1.08597e-05 1.16882e-05 1.04016e-05 9.99017e-06 9.99965e-06 1.00006e-05 9.98895e-06 1.00069e-05 1.06929e-05 1.34057e-05 1.18966e-05 9.91761e-06 9.99948e-06 1.00173e-05 1.02977e-05 1.00152e-05 1.08789e-05 1.15188e-05 1.12018e-05 1.19982e-05 1.26264e-05 1.11626e-05 9.93384e-06 9.96892e-06 9.99999e-06 1.00021e-05 1.01135e-05 1.25966e-05 7.26008e-05 0.000424088 0.000842949 5.82749e-06 1.05024e-05 1.06675e-05 1.09352e-05 9.97263e-06 1.00027e-05 9.99918e-06 1.00193e-05 1.11828e-05 1.33724e-05 1.18822e-05 9.72414e-06 1.01612e-05 1.3449e-05 5.03232e-05 0.000331372 0.0109377 0.130875 0.382918 0.559171 0.684833 1.29478 1.51071 1.76457
