data/RealTopo/Outputs_RealTopo/relWog_null_02RealTopo_faSavageHutterFoam_pfv.asc
xllcenter 167455
yllcenter 361955
nrows 555
ncols 490
NODATA_value -9999
cellsize 5
[rows 465 to 495 of 555, columns 345 to 413 of 490]
24.3589 23.8738 23.6442 22.8819 22.41 22.2761 22.5156 22.4119 22.6456 23.0543 23.0173 22.6365 22.687 22.7179 21.8236 20.9348 20.1776 19.6232 19.4277 19.3475 18.794 18.569 18.058 17.9576 17.8567 17.5514 17.4194 17.4246 17.6456 18.1586 18.4781 18.5811 18.3832 17.5804 17.3495 17.1854 16.8322 16.7409 15.9726 14.6658 13.0864 11.4638 10.5185 9.2668 6.25529 1.24722 -0.323671 0.104986 0.107329 0.109122 0.110555 0.113267 0.119489 0.148672 0.135391 0.10539 0.102388 0.100384 0.0985728 0.0973103 0.0969647 0.127613 0.108846 0.103159 0.104898 0.104111 0.105645 0.111863 0.114359
23.4331 22.8012 23.005 22.3587 22.7528 21.9006 20.866 20.4924 20.7689 21.5995 21.7061 21.8581 21.8414 21.9405 21.3768 20.5519 19.7924 19.1495 18.6118 18.3849 18.1214 17.7338 17.3758 17.1866 16.9286 16.7799 16.8275 16.8157 17.0514 17.514 17.9381 17.9379 17.6271 16.6065 15.8716 15.9802 15.88 15.6779 15.0351 13.8147 12.2612 10.7399 9.38675 7.43419 4.2657 0.392854 0.113359 0.112389 0.110052 0.106934 0.103014 0.104228 0.109371 0.139986 0.145628 0.108523 0.103342 0.0994035 0.0959218 0.0949161 0.0992505 0.123847 0.112781 0.102629 0.101011 0.100369 0.104527 0.107339 0.111182
22.687 22.3565 22.0011 22.2621 21.6513 20.5088 19.475 19.3403 19.284 20.4103 21.1342 21.2784 20.8612 20.922 20.6307 20.0066 19.2064 18.4441 17.8351 17.5179 17.4352 17.2167 16.8304 16.491 16.4097 16.5649 16.5632 16.4807 16.6871 17.1195 17.5049 17.3833 16.9561 15.7563 14.7073 14.5397 14.491 14.3349 13.8581 12.977 12.0017 10.0111 4.78671 3.08346 0.212579 0.129262 0.124758 0.135111 0.114515 0.109393 0.0997989 0.0987938 0.102942 0.126575 0.144862 0.113754 0.104627 0.0997228 0.0974735 0.0947542 0.0995522 0.120452 0.124085 0.10926 0.101302 0.103488 0.104453 0.104788 0.104041
21.4056 21.3421 21.4034 20.9571 20.3395 19.5565 18.9212 18.7008 18.9531 19.5065 19.9044 19.9365 19.7962 20.0374 19.9805 19.6512 18.8359 18.0076 17.4317 17.0571 16.9335 16.6328 16.2686 15.8901 15.8253 15.9781 16.1425 15.9741 16.0453 16.1581 16.2587 16.3938 15.7447 14.6604 13.4229 12.9526 12.6908 12.4198 12.3011 12.1405 11.6354 3.71028 1.4572 0.149368 0.128322 0.135195 0.152566 0.154744 0.125563 0.114361 0.104932 0.104439 0.104648 0.11651 0.144429 0.121367 0.104038 0.0996046 0.0994232 0.0992268 0.101944 0.117245 0.131202 0.117503 0.103639 0.101826 0.103638 0.104563 0.101301
20.0977 20.1128 19.9074 19.5048 19.152 18.9378 18.5956 18.5032 18.6504 18.6035 18.6295 18.7713 18.93 19.2989 19.3638 18.9492 18.0253 17.2497 16.7117 16.5378 16.3453 15.8429 15.5007 15.1614 15.1766 15.5485 15.6351 15.5012 15.0291 14.4798 14.3902 14.4769 14.1023 12.9868 11.4075 10.7397 9.84389 8.90823 9.2613 6.15663 1.4159 0.237152 0.139818 0.157864 0.150246 0.153449 0.157453 0.125183 0.102452 0.112727 0.109088 0.102346 0.100778 0.107392 0.141558 0.133184 0.102462 0.102994 0.106334 0.104948 0.103562 0.109264 0.129077 0.130841 0.110988 0.101865 0.106161 0.105499 0.0990653
19.1324 19.4135 19.2455 18.9536 18.5603 18.2123 18.0188 17.6715 17.6498 17.7396 17.738 17.8305 17.9686 18.0377 17.7336 17.1096 16.394 15.8924 15.119 14.9317 15.1047 14.6818 14.6753 14.5611 14.5827 14.5914 14.5775 14.2409 13.122 12.1015 12.0393 11.8792 11.3451 10.576 9.09601 4.83438 5.47381 3.77382 0.829002 0.323067 0.147556 0.145903 0.150961 0.133112 0.145807 0.149799 0.113054 0.10544 0.0999952 0.10281 0.105991 0.100004 0.0935277 0.100308 0.13322 0.138772 0.109822 0.104539 0.102719 0.104472 0.103668 0.103459 0.121361 0.141965 0.128267 0.110905 0.113456 0.104355 0.0930608
17.8505 18.4857 18.5234 18.5006 18.0185 17.6514 17.403 17.064 16.8045 16.9033 16.8371 16.807 16.4683 16.263 15.9072 15.335 14.8161 14.1876 13.4906 13.2304 13.4487 13.483 13.4808 13.4435 12.7475 12.7107 12.7002 11.9333 10.4764 10.1739 9.65328 8.75358 3.69415 3.01284 2.10731 1.29949 -0.402616 0.147082 0.136931 0.157989 0.157998 0.146339 0.102651 0.107202 0.13087 0.112585 0.118042 0.116128 0.101542 0.100226 0.102 0.0991172 0.0998571 0.106712 0.12582 0.142795 0.118318 0.103653 0.103648 0.102484 0.100798 0.104638 0.112131 0.139634 0.152432 0.120092 0.105981 0.0987483 0.0956686
16.7441 17.4825 17.8623 17.9157 17.4358 16.8256 16.5182 16.213 15.8974 15.6084 15.0647 15.0006 14.8673 14.7716 14.6911 14.2282 13.414 12.4747 12.0731 12.0205 11.8851 11.8574 11.9887 11.0421 9.95448 10.0087 10.5 9.30594 4.42056 3.61363 2.40107 1.45954 0.779672 0.119515 0.124823 0.160118 0.157357 0.156765 0.15375 0.157116 0.151615 0.126439 0.10584 0.108263 0.109048 0.107439 0.112429 0.119218 0.102962 0.0977611 0.102237 0.102949 0.104613 0.0999765 0.112492 0.146423 0.127616 0.104478 0.103633 0.100072 0.114417 0.149725 0.150184 0.120161 0.151637 0.129131 0.0979735 0.0952193 0.0993476
15.9287 16.6538 17.0957 17.1261 16.4692 15.6221 15.1243 14.9853 14.4881 13.7797 12.9878 12.976 13.1123 13.3548 13.3955 12.8049 11.7869 10.8485 10.6559 10.6389 9.94501 9.45817 9.35668 6.24538 5.24725 3.41668 2.70773 1.65575 0.727598 0.109945 0.10829 0.115829 0.127976 0.150754 0.149853 0.126732 0.147098 0.156168 0.156574 0.155229 0.157568 0.120929 0.11651 0.109122 0.10367 0.103265 0.105869 0.119653 0.110315 0.0998357 0.105658 0.103752 0.101407 0.102133 0.106929 0.14359 0.137822 0.109025 0.111266 0.124947 0.153785 0.12181 0.112631 0.109998 0.129316 0.135874 0.119245 0.103529 0.097384
15.0669 15.6862 15.9286 15.7523 15.1561 14.1897 13.7232 13.4705 13.0463 12.3873 11.7119 11.3395 11.1202 11.3401 11.5181 10.9434 9.79554 8.74596 9.10864 8.99247 5.16543 4.50773 3.91619 2.62057 0.057211 -0.302724 0.109145 0.112516 0.116238 0.14917 0.154578 0.136376 0.155845 0.151041 0.124693 0.131889 0.143436 0.144552 0.157505 0.154187 0.113728 0.110062 0.114984 0.106078 0.100778 0.100417 0.100156 0.111115 0.118953 0.103204 0.104625 0.105488 0.102056 0.104279 0.1074 0.135066 0.152451 0.120385 0.12113 0.10673 0.10607 0.0934758 0.0960505 0.1063 0.122007 0.128361 0.14418 0.110346 0.104299
14.0963 14.5592 14.3975 14.1873 13.7157 12.9304 12.0092 11.4685 11.2239 10.8357 10.3399 9.94827 9.59876 8.95484 8.7189 8.59265 7.504 3.91722 3.54291 2.18729 1.51581 -0.0197756 -0.119247 0.12083 0.112616 0.109133 0.132339 0.140064 0.127357 0.152821 0.123255 0.134153 0.141777 0.130074 0.11922 0.131427 0.11734 0.110125 0.114139 0.107089 0.101022 0.10402 0.107054 0.0992012 0.0966732 0.0945474 0.0916133 0.102135 0.122143 0.103848 0.0961812 0.103541 0.102731 0.102489 0.103888 0.115564 0.157583 0.128961 0.0919236 0.0929509 0.09926 0.0968752 0.0968409 0.106581 0.11689 0.125351 0.119645 0.110381 0.107125
12.7654 12.9815 12.8344 12.6035 12.4089 11.8133 10.6153 9.60773 8.99363 8.60305 8.26393 7.74086 6.88788 5.04086 3.88279 3.59831 2.40937 1.10261 0.111339 0.108102 0.108585 0.116307 0.115347 0.118703 0.119777 0.136802 0.151514 0.157025 0.158438 0.123822 0.11302 0.127188 0.113261 0.106347 0.14117 0.151341 0.148991 0.121226 0.111322 0.101131 0.0962161 0.0975798 0.097325 0.0938096 0.0961923 0.0938054 0.0907689 0.0977258 0.117179 0.114611 0.101477 0.102598 0.10389 0.100971 0.0993776 0.105693 0.135181 0.146386 0.120182 0.104915 0.100876 0.0995556 0.10039 0.102496 0.107855 0.11318 0.101602 0.10329 0.104505
11.3427 11.5014 11.4163 10.9471 10.7561 10.1673 9.01459 7.3809 6.42889 4.08093 4.00885 3.3879 2.48703 1.04609 0.291024 0.11412 0.115156 0.112671 0.111121 0.106941 0.10667 0.114323 0.116079 0.140335 0.142457 0.136915 0.134334 0.125863 0.141396 0.104816 0.10917 0.123292 0.114681 0.106246 0.116461 0.143743 0.140674 0.111791 0.108461 0.101682 0.0982148 0.0965979 0.0957739 0.0966301 0.0991668 0.0951988 0.0953519 0.10317 0.114291 0.123373 0.11477 0.108001 0.107496 0.105381 0.103829 0.104453 0.119656 0.140793 0.135932 0.11744 0.1018 0.0977859 0.0989166 0.0964068 0.0996065 0.10516 0.10776 0.102296 0.0979451
9.6585 9.58323 9.20013 7.76206 7.28411 7.26878 6.06645 4.07869 2.58252 1.41931 -0.534893 0.110272 0.107763 0.10365 0.10203 0.112861 0.109404 0.109821 0.10342 0.103561 0.105189 0.111549 0.118413 0.115436 0.116235 0.112088 0.10854 0.104175 0.102629 0.0960815 0.103108 0.114724 0.117306 0.106403 0.102199 0.105512 0.100555 0.102971 0.101665 0.102847 0.104455 0.100697 0.10179 0.102129 0.10298 0.103304 0.10529 0.118008 0.124074 0.126267 0.125271 0.108078 0.108182 0.107055 0.104116 0.106347 0.116258 0.125706 0.131981 0.125053 0.11058 0.102569 0.099566 0.0975751 0.0982453 0.101642 0.101812 0.1036 0.0995789
7.46216 7.2394 6.38467 5.15827 3.55441 2.85773 1.59128 0.720219 0.107764 0.10584 0.108382 0.103704 0.0988174 0.0937133 0.0951761 0.108701 0.100816 0.0983365 0.0967203 0.0975899 0.0985246 0.107201 0.111692 0.109772 0.113219 0.113295 0.105856 0.100453 0.0956035 0.0944358 0.0986935 0.11044 0.116321 0.109686 0.100244 0.0989208 0.10006 0.099274 0.0999415 0.102236 0.106424 0.103924 0.10529 0.102036 0.1058 0.110928 0.115254 0.104925 0.101496 0.112971 0.129182 0.114615 0.102467 0.102209 0.101144 0.104286 0.107407 0.10811 0.124699 0.131243 0.119821 0.107995 0.0994642 0.0976181 0.0966381 0.093646 0.0975527 0.100043 0.104711
5.81823 3.6739 3.28142 2.29212 1.18172 0.100239 0.101418 0.105332 0.100577 0.0992149 0.0983675 0.0914961 0.0788617 0.0771373 0.0856135 0.0972663 0.101709 0.0933248 0.0933704 0.0932756 0.100129 0.107071 0.109188 0.106738 0.107448 0.112831 0.103972 0.0976932 0.0938242 0.0931325 0.0970284 0.106327 0.110546 0.109432 0.106283 0.101709 0.104125 0.101306 0.100047 0.0985254 0.105333 0.10333 0.10487 0.104452 0.103604 0.108899 0.116942 0.106715 0.0962097 0.105074 0.125678 0.119843 0.10228 0.100537 0.101412 0.102687 0.0995966 0.103739 0.116747 0.123191 0.12088 0.114138 0.10514 0.0968682 0.0951005 0.0943231 0.0965576 0.0978943 0.103313
2.55864 1.76589 -0.184607 -0.0639272 0.0974498 0.100202 0.0974245 0.0926331 0.0877237 0.0864186 0.0859382 0.0796309 0.0716949 0.0736532 0.0828535 0.092224 0.0990498 0.0994817 0.0920215 0.0958354 0.107228 0.110205 0.104549 0.0997594 0.0981923 0.104517 0.10844 0.100479 0.0981591 0.0955516 0.0980478 0.1071 0.108323 0.112606 0.112707 0.112001 0.113192 0.101494 0.0981374 0.0964557 0.102816 0.106045 0.108576 0.11125 0.114121 0.110241 0.114028 0.119145 0.0996817 0.0981837 0.110925 0.115483 0.106087 0.102778 0.102505 0.0987741 0.0962707 0.102721 0.109122 0.114794 0.116791 0.1157 0.115454 0.103366 0.0982422 0.0999988 0.0988819 0.0957697 0.0996396
-0.0719631 0.0505937 0.0943323 0.0946308 0.0939443 0.0922803 0.0849525 0.0802179 0.0806029 0.0775116 0.0748083 0.0727074 0.0692339 0.0845945 0.0931074 0.0943236 0.0974988 0.0999671 0.0979455 0.103961 0.106854 0.0966815 0.0890639 0.0913094 0.0958792 0.0986385 0.111522 0.104065 0.104711 0.106112 0.107305 0.111578 0.113656 0.132941 0.111182 0.112249 0.11784 0.107542 0.0952536 0.0992149 0.111717 0.113686 0.119129 0.118252 0.144865 0.132449 0.116168 0.110769 0.107899 0.0986231 0.100883 0.108895 0.105864 0.10443 0.10091 0.0980484 0.100832 0.10296 0.104619 0.111099 0.110734 0.109664 0.119526 0.11601 0.102341 0.100638 0.0973626 0.0969851 0.096446
0.0912834 0.0960225 0.09759 0.0957618 0.0922878 0.0819 0.0780286 0.0785205 0.0777273 0.0658206 0.061749 0.0687128 0.0813081 0.0945937 0.09721 0.0937367 0.0945107 0.0959416 0.100513 0.101453 0.0883625 0.0780127 0.0821189 0.0925843 0.0976241 0.0981407 0.114865 0.124628 0.149907 0.118884 0.113669 0.114302 0.135058 0.113391 0.110244 0.108437 0.106395 0.115265 0.10847 0.108496 0.122714 0.125857 0.140259 0.139522 0.108586 0.0994098 0.0963798 0.0882451 0.100517 0.0993535 0.10021 0.109459 0.103808 0.100146 0.097608 0.0983515 0.101088 0.0994489 0.099204 0.109719 0.109615 0.105549 0.115031 0.121704 0.111134 0.0971936 0.0956314 0.0980941 0.0992423
0.0943426 0.0993486 0.0994268 0.0931719 0.0861679 0.0796242 0.0766394 0.0743286 0.0639976 0.0554409 0.0661757 0.0847492 0.096223 0.0957363 0.0914706 0.0862148 0.0911158 0.0940128 0.0997015 0.0908389 0.0831051 0.0899818 0.0923361 0.0922615 0.0996155 0.112116 0.134366 0.116408 0.108148 0.102504 0.109814 0.110833 0.108443 0.0982793 0.0994914 0.098485 0.101297 0.110317 0.109863 0.108807 0.115264 0.156014 0.15561 0.131817 0.122286 0.0967062 0.0915057 0.0896393 0.100505 0.0960751 0.0952111 0.0996945 0.0997031 0.0999568 0.100451 0.0993706 0.0989566 0.098528 0.102808 0.112475 0.109062 0.107259 0.108263 0.117936 0.117356 0.104201 0.104346 0.100309 0.0996484
0.0874637 0.0839304 0.0817535 0.084915 0.0805744 0.0771132 0.0706302 0.0622909 0.0496385 0.0515022 0.0706079 0.0870307 0.0929224 0.0858496 0.0820019 0.0831648 0.0903644 0.0956328 0.0974752 0.0887914 0.0845118 0.0897782 0.0974814 0.0986631 0.107654 0.109811 0.10096 0.0985495 0.0965968 0.0997246 0.103268 0.106163 0.0988228 0.0938771 0.099248 0.099132 0.1055 0.109711 0.109977 0.111597 0.112495 0.113193 0.105776 0.110071 0.125657 0.109368 0.092237 0.0949953 0.0988669 0.103385 0.0969448 0.0969144 0.100353 0.100238 0.0998172 0.0967138 0.0974905 0.0977719 0.0973304 0.111499 0.110099 0.102751 0.103015 0.111718 0.119236 0.110161 0.104481 0.10275 0.0999751
0.0750599 0.0661137 0.0777533 0.0850092 0.0878356 0.0714588 0.060091 0.0485246 0.0419038 0.0639727 0.077261 0.0872664 0.0858528 0.084412 0.0813277 0.0855579 0.0910943 0.0960227 0.0969775 0.093464 0.0902556 0.0956202 0.0993928 0.103335 0.108563 0.102535 0.0989364 0.0989298 0.0961819 0.0993958 0.10199 0.100538 0.0952392 0.0944079 0.0967977 0.0962389 0.107914 0.108152 0.108668 0.109074 0.104007 0.0989345 0.0944996 0.102121 0.118666 0.110762 0.101024 0.0942972 0.0975601 0.108476 0.107953 0.0972831 0.0986876 0.098907 0.0990102 0.0999158 0.100219 0.0989007 0.0982968 0.108301 0.113791 0.10159 0.104073 0.108822 0.119317 0.115134 0.103331 0.104718 0.130003
0.0696429 0.0630029 0.0700427 0.069536 0.0616354 0.0489052 0.0444269 0.0367834 0.0483547 0.0683215 0.0780298 0.086474 0.087103 0.0832513 0.0804187 0.0874656 0.0970918 0.0962349 0.0892615 0.0951035 0.0986383 0.100185 0.101685 0.10423 0.102363 0.103826 0.107916 0.104189 0.103756 0.104596 0.101669 0.0970794 0.0939924 0.0932857 0.0918999 0.0943064 0.105181 0.106442 0.10515 0.100966 0.0970007 0.0961737 0.0952667 0.0982144 0.105482 0.108577 0.104774 0.0970786 0.0975545 0.10986 0.114939 0.104956 0.0982387 0.0990758 0.0991944 0.102825 0.103307 0.107451 0.106772 0.107023 0.114151 0.103697 0.103562 0.109315 0.112417 0.0975636 -9999 -9999 -9999
0.0492211 0.0482751 0.056336 0.0534204 0.0323699 0.0224995 0.0371032 0.0404533 0.0589312 0.0786602 0.0841487 0.0871893 0.0870634 0.0784734 0.0768903 0.0932241 0.093334 0.0753006 0.073562 0.0883427 0.0959031 0.0964003 0.10182 0.105908 0.107281 0.111514 0.112362 0.109446 0.106719 0.100295 0.0923594 0.0879658 0.0868583 0.0875295 0.0904282 0.093091 0.101977 0.10402 0.100133 0.0946551 0.0937033 0.0931373 0.092927 0.0954644 0.101188 0.103486 0.103827 0.100656 0.0994051 0.102764 0.113626 0.112354 0.100402 0.0985918 0.0979736 0.107775 0.107127 0.10527 0.107458 0.109124 0.110399 0.134781 -9999 -9999 -9999 -9999 -9999 -9999 -9999
0.0460436 0.0453973 0.0497069 0.044569 0.0256958 0.0490039 0.0464964 0.0475175 0.0667055 0.0807273 0.0862268 0.0871735 0.0829031 0.0743602 0.0846341 0.0917471 0.072175 0.0651485 0.0796445 0.0909133 0.0934185 0.0977865 0.0968677 0.104771 0.118571 0.155284 0.131941 0.105812 0.095487 0.083101 0.0731122 0.0707931 0.0764817 0.0834447 0.0869016 0.0908319 0.0972019 0.101288 0.0960727 0.0928053 0.0913269 0.0898492 0.0916962 0.0925934 0.0956882 0.0990739 0.100734 0.100023 0.0990168 0.100261 0.107768 0.114456 0.106139 0.0959087 0.0986578 0.101673 0.100653 0.0990156 0.086421 -9999 -9999 -9999 -9999 -9999 -9999 -9999 -9999 -9999 -9999
0.0453053 0.0412601 0.0476119 0.0465377 0.0527226 0.0538528 0.0485799 0.0558435 0.0709242 0.0819287 0.0873053 0.0869742 0.0808538 0.0786515 0.0843543 0.0743905 0.0643547 0.0732803 0.0840504 0.0915566 0.0951074 0.0971767 0.0955406 0.109949 0.153304 0.111978 0.0996744 0.0885589 0.0694812 0.0535438 0.0570973 0.0638135 0.0767585 0.0802133 0.0845967 0.0890989 0.0930259 0.0967622 0.0974561 0.092319 0.0904724 0.0899872 0.0907571 0.0913152 0.0911414 0.0937394 0.0957051 0.0974593 0.0976011 0.100484 0.103939 0.105351 0.106912 0.100419 0.121801 -9999 -9999 -9999 -9999 -9999 -9999 -9999 -9999 -9999 -9999 -9999 -9999 -9999 -9999
0.0493885 0.0515469 0.0501472 0.0505953 0.0532615 0.0543879 0.0523781 0.0609371 0.0727542 0.0817137 0.0873767 0.0846388 0.0803214 0.0812783 0.0811841 0.0715815 0.072693 0.0830416 0.08526 0.0904026 0.0951877 0.0969103 0.102627 0.110398 0.109515 0.0894813 0.0767304 0.043133 0.0117156 0.01199 0.061565 0.0726435 0.0776477 0.080797 0.0848691 0.0873384 0.0916711 0.092598 0.0934065 0.0947655 0.0926957 0.0911446 0.0928779 0.0903762 0.090662 0.092667 0.0944426 0.0961965 0.098091 0.101713 0.103128 0.0894826 -9999 -9999 -9999 -9999 -9999 -9999 -9999 -9999 -9999 -9999 -9999 -9999 -9999 -9999 -9999 -9999 -9999
0.0588216 0.0642021 0.0563993 0.0462835 0.052361 0.0583987 0.0580754 0.0521275 0.0686924 0.0813693 0.0840628 0.0807787 0.0788623 0.0796866 0.0746953 0.0714094 0.0782496 0.0887463 0.0885283 0.091503 0.0937523 0.0992386 0.102084 0.100989 0.095507 0.0733039 0.062008 0.0423711 0.0241703 0.0675004 0.075771 0.0802435 0.0802797 0.0829904 0.0850547 0.0874471 0.0899015 0.091999 0.0938053 0.0951135 0.0944975 0.0933703 0.0939224 0.0932966 0.0920091 0.0942237 0.0954057 0.121892 -9999 -9999 -9999 -9999 -9999 -9999 -9999 -9999 -9999 -9999 -9999 -9999 -9999 -9999 -9999 -9999 -9999 -9999 -9999 -9999 -9999
0.0710535 0.0740743 0.0633414 0.0454563 0.0547981 0.0597792 0.0516247 0.0591265 0.0702352 0.0777007 0.0788 0.0772225 0.0779205 0.0736504 0.0722549 0.0759725 0.0842414 0.0889411 0.0836473 0.0853589 0.0939351 0.100114 0.0978972 0.0922827 0.0853805 0.0766462 0.0593161 0.0535389 0.0605167 0.0727876 0.0834023 0.0834497 0.0819003 0.0832337 0.0861655 0.0873052 0.0899182 0.0912489 0.0921257 0.0926444 0.0937988 0.0943695 0.0952989 0.0955006 0.083196 -9999 -9999 -9999 -9999 -9999 -9999 -9999 -9999 -9999 -9999 -9999 -9999 -9999 -9999 -9999 -9999 -9999 -9999 -9999 -9999 -9999 -9999 -9999 -9999
0.0813841 0.081995 0.0672031 0.0476445 0.054625 0.0606396 0.05895 0.0620276 0.0715886 0.0735754 0.0740441 0.0742561 0.0771592 0.070183 0.0710316 0.0756648 0.0798725 0.0809166 0.0812344 0.083568 0.0889458 0.0966664 0.0889166 0.0834967 0.0802777 0.0737266 0.0645899 0.0625828 0.0674607 0.0746509 0.0829443 0.083008 0.0835916 0.0837521 0.0869446 0.0890761 0.0901487 0.0909343 0.0910972 0.0924857 0.117214 -9999 -9999 -9999 -9999 -9999 -9999 -9999 -9999 -9999 -9999 -9999 -9999 -9999 -9999 -9999 -9999 -9999 -9999 -9999 -9999 -9999 -9999 -9999 -9999 -9999 -9999 -9999 -9999
0.0858323 0.0855089 0.077724 0.0653732 0.0632395 0.0644785 0.0606763 0.0614814 0.0672459 0.0669387 0.0656783 0.071551 0.0749852 0.0725583 0.073003 0.0673848 0.0735264 0.0818767 0.0821856 0.0792189 0.0824814 0.0887492 0.0841842 0.0812118 0.0815539 0.0765607 0.0695883 0.0685991 0.0725038 0.0801478 0.0841453 0.0817301 0.0833167 0.0848703 0.0871037 0.0899505 0.0903171 0.0755614 -9999 -9999 -9999 -9999 -9999 -9999 -9999 -9999 -9999 -9999 -9999 -9999 -9999 -9999 -9999 -9999 -9999 -9999 -9999 -9999 -9999 -9999 -9999 -9999 -9999 -9999 -9999 -9999 -9999 -9999 -9999
