data/RealTopo/Outputs_RealTopo/relWog_02RealTopo_null_TRENT2D_pft.asc
ncols      490
nrows      555
cellsize  5.000
xllcenter       167455.00
yllcenter       361955.00
NODATA_value       nan
[rows 266 to 303 of 555, columns 170 to 254 of 490]
nan nan nan nan nan nan nan nan nan nan nan nan nan nan nan nan nan nan nan nan nan nan nan nan nan nan nan nan nan nan nan nan nan nan nan nan nan nan nan nan nan nan nan 0.000000 0.000000 0.000000 0.001621 0.014672 0.090425 0.278207 0.516048 0.702216 0.994525 1.406381 1.842500 2.347930 3.218473 5.366153 8.375528 11.041225 12.466807 12.650924 12.524465 13.306330 10.512229 10.009656 9.775016 6.526953 5.252446 3.348627 1.910870 1.859894 1.973802 1.802433 1.585905 1.322875 1.416886 1.392656 0.913056 0.841350 0.844023 0.866126 0.785902 0.716877 0.635581
nan nan nan nan nan nan nan nan nan nan nan nan nan nan nan nan nan nan nan nan nan nan nan nan nan nan nan nan nan nan nan nan nan nan nan nan nan nan nan nan nan nan nan nan 0.000000 0.000000 0.000000 0.003332 0.024684 0.113502 0.313134 0.527805 0.799975 1.216394 1.688132 2.080537 2.682540 4.286086 7.131485 10.118216 12.074438 12.825553 13.862683 15.226130 12.433498 9.483820 10.217584 8.549298 5.897912 3.741306 2.177944 2.037008 2.127021 2.054261 1.914636 1.828297 1.675745 1.480225 1.125048 1.018912 0.941807 0.906590 0.860053 0.847064 0.754800
nan nan nan nan nan nan nan nan nan nan nan nan nan nan nan nan nan nan nan nan nan nan nan nan nan nan nan nan nan nan nan nan nan nan nan nan nan nan nan nan nan nan nan nan nan 0.000000 0.000000 0.000805 0.004155 0.034478 0.162118 0.413342 0.623789 0.998275 1.534294 1.955783 2.479428 3.592572 5.611997 8.536210 10.938672 12.255706 13.967321 15.545351 15.039329 10.744866 9.205903 10.269760 6.159648 4.205510 2.237955 2.209202 2.174160 2.122965 2.035178 2.497511 2.286590 1.651114 1.427416 1.277138 1.146947 1.013173 1.053463 0.983338 0.904475
nan nan nan nan nan nan nan nan nan nan nan nan nan nan nan nan nan nan nan nan nan nan nan nan nan nan nan nan nan nan nan nan nan nan nan nan nan nan nan nan nan nan nan nan nan 0.000000 0.000000 0.000000 0.002524 0.006533 0.051566 0.238396 0.475733 0.774115 1.238703 1.836988 2.216008 3.075723 4.330413 6.597888 9.075954 10.663478 12.819261 14.161309 15.210437 12.055906 11.654445 11.805053 7.157453 4.986480 2.259102 2.291411 2.274449 2.126051 2.183342 2.706047 2.676581 1.891846 1.788321 1.694292 1.517668 1.209724 1.116279 1.191513 1.060906
nan nan nan nan nan nan nan nan nan nan nan nan nan nan nan nan nan nan nan nan nan nan nan nan nan nan nan nan nan nan nan nan nan nan nan nan nan nan nan nan nan nan nan nan nan 0.000000 0.000000 0.000000 0.000827 0.004903 0.015667 0.088611 0.267590 0.593136 0.925972 1.447570 2.741662 3.898162 4.844955 5.622199 7.704962 8.983393 10.915494 13.068061 14.262279 14.198097 12.525000 12.406334 9.848000 5.525518 2.385681 2.332417 2.198714 2.140404 2.209400 2.712511 2.737149 1.971560 2.051935 2.047087 1.905384 1.551397 1.343111 1.361284 1.319773
nan nan nan nan nan nan nan nan nan nan nan nan nan nan nan nan nan nan nan nan nan nan nan nan nan nan nan nan nan nan nan nan nan nan nan nan nan nan nan nan nan nan nan nan nan nan 0.000000 0.000000 0.000000 0.003318 0.013014 0.030163 0.115691 0.310667 0.640449 1.336683 2.471715 3.767294 4.904572 6.056340 6.162939 7.723003 9.762432 11.897421 13.245993 14.603627 13.142506 12.161435 12.571035 6.318693 2.514678 2.891023 2.795443 2.417750 2.438529 2.620890 2.575304 2.042068 1.770455 2.087253 2.029945 1.783370 1.874454 1.751720 1.560815
nan nan nan nan nan nan nan nan nan nan nan nan nan nan nan nan nan nan nan nan nan nan nan nan nan nan nan nan nan nan nan nan nan nan nan nan nan nan nan nan nan nan nan nan nan nan 0.000000 0.000000 0.000000 0.000835 0.006732 0.022710 0.068067 0.195970 0.445916 0.940908 1.682663 3.142115 4.642678 5.720145 6.596853 6.130971 8.292279 10.688029 12.586070 14.055698 15.016858 13.715987 12.371925 8.285548 2.689711 3.140784 3.083678 2.733376 3.031393 2.832158 2.618357 2.069940 1.999565 2.220999 2.169329 2.040475 2.110904 2.055855 1.913911
nan nan nan nan nan nan nan nan nan nan nan nan nan nan nan nan nan nan nan nan nan nan nan nan nan nan nan nan nan nan nan nan nan nan nan nan nan nan nan nan nan nan nan nan nan nan nan 0.000000 0.000000 0.000000 0.000963 0.007514 0.038372 0.103592 0.249701 0.512783 0.953065 1.947057 3.448251 5.171113 5.998073 5.965846 6.642107 9.097941 11.656079 13.757921 14.977819 13.931215 13.038381 9.235294 3.041801 3.042504 3.026146 3.021987 3.633812 3.380645 2.697245 2.122112 2.099186 2.065146 2.169861 2.165269 2.119632 2.188335 2.196013
nan nan nan nan nan nan nan nan nan nan nan nan nan nan nan nan nan nan nan nan nan nan nan nan nan nan nan nan nan nan nan nan nan nan nan nan nan nan nan nan nan nan nan nan nan nan nan nan 0.000000 0.000000 0.000000 0.000869 0.006080 0.042468 0.146340 0.365024 0.712005 1.468317 2.898542 4.341479 5.798578 6.255587 6.237743 7.429600 9.942276 12.925453 14.666320 13.972524 14.792107 10.491374 4.321869 3.365884 3.321535 3.286217 4.067814 3.920557 2.687791 2.519817 2.244525 2.315134 2.246421 2.141417 2.225535 2.268255 2.616352
nan nan nan nan nan nan nan nan nan nan nan nan nan nan nan nan nan nan nan nan nan nan nan nan nan nan nan nan nan nan nan nan nan nan nan nan nan nan nan nan nan nan nan nan nan nan nan nan nan 0.000000 0.000000 0.000000 0.000881 0.012194 0.078101 0.236164 0.517891 1.051860 2.129885 3.744832 4.704089 6.251780 6.761046 6.444600 7.816961 10.355751 13.373346 15.826562 16.816887 13.441114 6.181742 3.776148 3.707795 3.566965 4.351915 4.295425 2.584570 2.467986 2.517958 2.752080 2.571120 2.362407 2.323842 2.438574 2.773667
nan nan nan nan nan nan nan nan nan nan nan nan nan nan nan nan nan nan nan nan nan nan nan nan nan nan nan nan nan nan nan nan nan nan nan nan nan nan nan nan nan nan nan nan nan nan nan nan nan nan 0.000000 0.000000 0.000000 0.003542 0.028109 0.128104 0.377133 0.755350 1.593294 2.983841 4.028228 5.062970 6.680840 7.087912 7.614963 8.353240 11.232334 14.107572 16.770957 16.738589 8.883245 4.675524 4.480679 4.130028 4.012814 3.413014 2.806211 3.403268 3.280509 3.247907 3.082532 2.682371 2.526693 2.477280 2.556221
nan nan nan nan nan nan nan nan nan nan nan nan nan nan nan nan nan nan nan nan nan nan nan nan nan nan nan nan nan nan nan nan nan nan nan nan nan nan nan nan nan nan nan nan nan nan nan nan nan nan nan 0.000000 0.000000 0.000000 0.004544 0.052043 0.229180 0.520843 1.147322 2.311715 3.256900 4.412156 5.819524 6.823958 7.798128 8.825117 10.299463 10.640740 14.288397 18.126706 14.040788 4.735618 4.581653 4.522590 4.396118 3.861518 4.048946 3.868004 3.538738 3.429780 3.327217 3.073086 2.838542 2.474126 2.555700
nan nan nan nan nan nan nan nan nan nan nan nan nan nan nan nan nan nan nan nan nan nan nan nan nan nan nan nan nan nan nan nan nan nan nan nan nan nan nan nan nan nan nan nan nan nan nan nan nan nan nan nan 0.000000 0.000000 0.000919 0.013556 0.096953 0.312509 0.781219 1.710206 2.746397 3.499479 4.700079 6.189934 7.559624 8.528225 9.377872 9.525505 10.042636 13.586655 16.006760 8.746334 4.543457 4.870002 4.720287 3.626080 3.716141 3.767321 3.602141 3.410789 3.422468 3.353512 3.214418 2.714219 2.661961
nan nan nan nan nan nan nan nan nan nan nan nan nan nan nan nan nan nan nan nan nan nan nan nan nan nan nan nan nan nan nan nan nan nan nan nan nan nan nan nan nan nan nan nan nan nan nan nan nan nan nan nan nan 0.000000 0.000000 0.002691 0.032403 0.153764 0.464879 1.163566 2.106089 2.921709 3.920473 5.144158 6.258640 7.593873 8.893888 9.415022 9.864581 10.125691 13.180132 11.299563 4.705790 4.962827 4.587297 3.739291 3.694259 3.782445 3.815558 3.592866 3.403470 3.448128 3.373914 2.992171 2.807410
nan nan nan nan nan nan nan nan nan nan nan nan nan nan nan nan nan nan nan nan nan nan nan nan nan nan nan nan nan nan nan nan nan nan nan nan nan nan nan nan nan nan nan nan nan nan nan nan nan nan nan nan nan nan 0.000000 0.000000 0.004358 0.047521 0.226770 0.743394 1.464830 2.359738 3.185454 4.200237 5.463871 6.526892 7.581773 9.215701 10.060043 10.795801 10.884947 11.980501 6.866697 5.573881 4.939708 3.936126 3.768196 3.448941 3.600751 3.651442 3.540019 3.451459 3.442061 3.052756 3.339041
nan nan nan nan nan nan nan nan nan nan nan nan nan nan nan nan nan nan nan nan nan nan nan nan nan nan nan nan nan nan nan nan nan nan nan nan nan nan nan nan nan nan nan nan nan nan nan nan nan nan nan nan nan nan nan nan nan nan 0.083789 0.413859 0.905594 1.756792 2.553783 3.505767 4.633995 5.632826 6.667538 7.777548 9.961106 11.071166 11.384382 11.705645 10.154302 6.153940 5.456938 3.768933 4.114365 3.788849 3.442459 3.319772 3.289080 3.288948 3.307056 3.272951 3.430988
nan nan nan nan nan nan nan nan nan nan nan nan nan nan nan nan nan nan nan nan nan nan nan nan nan nan nan nan nan nan nan nan nan nan nan nan nan nan nan nan nan nan nan nan nan nan nan nan nan nan nan nan nan nan nan nan nan nan nan 0.133453 0.481844 1.208479 2.027021 2.861947 3.825661 4.897552 5.997980 6.909028 7.874958 10.767130 11.452458 13.283823 12.316333 6.703919 5.628031 4.246497 4.155648 3.949617 3.564158 3.216803 2.882652 3.148132 3.292365 3.490160 3.541947
nan nan nan nan nan nan nan nan nan nan nan nan nan nan nan nan nan nan nan nan nan nan nan nan nan nan nan nan nan nan nan nan nan nan nan nan nan nan nan nan nan nan nan nan nan nan nan nan nan nan nan nan nan nan nan nan nan nan nan nan 0.181241 0.652032 1.426801 2.418357 3.321995 4.186453 5.291532 6.350485 7.172707 7.955914 10.249063 13.215289 13.594547 8.952524 5.740498 4.753578 4.435283 4.148070 3.662548 3.178224 2.858021 2.893744 3.046946 3.470450 3.613230
nan nan nan nan nan nan nan nan nan nan nan nan nan nan nan nan nan nan nan nan nan nan nan nan nan nan nan nan nan nan nan nan nan nan nan nan nan nan nan nan nan nan nan nan nan nan nan nan nan nan nan nan nan nan nan nan nan nan nan nan nan 0.272416 0.731690 1.628229 2.633964 3.468807 4.687199 5.945399 6.737314 7.352003 8.959338 8.909552 12.136483 11.452326 6.434539 5.086854 4.337113 4.111061 3.887577 3.465715 2.978654 2.709670 2.819832 3.023556 3.225782
nan nan nan nan nan nan nan nan nan nan nan nan nan nan nan nan nan nan nan nan nan nan nan nan nan nan nan nan nan nan nan nan nan nan nan nan nan nan nan nan nan nan nan nan nan nan nan nan nan nan nan nan nan nan nan nan nan nan nan nan nan 0.058341 0.254960 0.880833 1.739062 2.605846 3.961060 4.877280 6.152306 7.174522 8.277589 9.857477 10.519128 11.893115 8.581092 6.008173 4.613243 4.242156 3.925572 3.446036 3.104936 2.840754 2.693701 2.666564 2.867994
nan nan nan nan nan nan nan nan nan nan nan nan nan nan nan nan nan nan nan nan nan nan nan nan nan nan nan nan nan nan nan nan nan nan nan nan nan nan nan nan nan nan nan nan nan nan nan nan nan nan nan nan nan nan nan nan nan nan nan nan nan nan 0.052216 0.285299 0.950675 1.704068 2.645876 3.958930 5.312071 6.625265 7.719232 9.443139 11.389809 10.987091 10.681554 7.598498 5.259289 4.764126 4.449593 4.060821 3.552220 2.854112 2.351638 2.201738 2.462654
nan nan nan nan nan nan nan nan nan nan nan nan nan nan nan nan nan nan nan nan nan nan nan nan nan nan nan nan nan nan nan nan nan nan nan nan nan nan nan nan nan nan nan nan nan nan nan nan nan nan nan nan nan nan nan nan nan nan nan nan nan nan nan 0.000000 0.320911 0.892814 1.681947 2.642575 4.136033 5.650639 6.857574 8.760303 10.481459 10.745860 11.838812 9.764788 6.562574 5.297968 5.247813 4.853005 4.125301 3.245106 2.556293 2.146475 2.102463
nan nan nan nan nan nan nan nan nan nan nan nan nan nan nan nan nan nan nan nan nan nan nan nan nan nan nan nan nan nan nan nan nan nan nan nan nan nan nan nan nan nan nan nan nan nan nan nan nan nan nan nan nan nan nan nan nan nan nan nan nan nan nan nan nan 0.292775 0.814841 1.412819 2.847782 4.450530 6.075776 7.274369 9.788341 12.089039 11.434488 11.243466 9.265022 6.426786 5.971837 6.042357 5.334333 4.004310 3.145561 2.423134 1.891858
nan nan nan nan nan nan nan nan nan nan nan nan nan nan nan nan nan nan nan nan nan nan nan nan nan nan nan nan nan nan nan nan nan nan nan nan nan nan nan nan nan nan nan nan nan nan nan nan nan nan nan nan nan nan nan nan nan nan nan nan nan nan nan nan nan 0.000000 0.217536 0.507967 1.528148 2.594416 4.340786 6.090279 7.702767 10.744274 11.115600 12.857223 11.403138 7.839112 7.233600 7.010055 6.165133 5.279007 3.824213 2.898807 2.096033
nan nan nan nan nan nan nan nan nan nan nan nan nan nan nan nan nan nan nan nan nan nan nan nan nan nan nan nan nan nan nan nan nan nan nan nan nan nan nan nan nan nan nan nan nan nan nan nan nan nan nan nan nan nan nan nan nan nan nan nan nan nan nan nan nan nan 0.010246 0.107004 0.581984 1.305729 2.536468 4.174807 5.896415 7.663352 9.425064 10.799459 12.688814 10.112135 8.577913 8.184983 7.621264 6.911331 5.826740 3.436935 2.554024
nan nan nan nan nan nan nan nan nan nan nan nan nan nan nan nan nan nan nan nan nan nan nan nan nan nan nan nan nan nan nan nan nan nan nan nan nan nan nan nan nan nan nan nan nan nan nan nan nan nan nan nan nan nan nan nan nan nan nan nan nan nan nan nan nan nan nan nan 0.105794 0.406719 1.064432 2.464863 3.991666 5.923738 8.322263 10.047743 10.937101 12.654110 10.163851 9.603525 8.439461 8.155466 7.407615 5.506450 3.300843
nan nan nan nan nan nan nan nan nan nan nan nan nan nan nan nan nan nan nan nan nan nan nan nan nan nan nan nan nan nan nan nan nan nan nan nan nan nan nan nan nan nan nan nan nan nan nan nan nan nan nan nan nan nan nan nan nan nan nan nan nan nan nan nan nan nan nan nan 0.000000 0.033495 0.212786 0.742829 1.644948 3.139191 5.910036 8.372076 9.901626 12.364240 11.490374 11.126580 10.487220 9.078758 8.506387 8.590939 6.366763
nan nan nan nan nan nan nan nan nan nan nan nan nan nan nan nan nan nan nan nan nan nan nan nan nan nan nan nan nan nan nan nan nan nan nan nan nan nan nan nan nan nan nan nan nan nan nan nan nan nan nan nan nan nan nan nan nan nan nan nan nan nan nan nan nan nan nan nan nan nan 0.000000 0.000000 0.338520 0.988175 2.920463 4.692612 7.848737 10.573384 13.318000 11.846353 11.263077 10.196573 10.322378 10.549887 9.292578
nan nan nan nan nan nan nan nan nan nan nan nan nan nan nan nan nan nan nan nan nan nan nan nan nan nan nan nan nan nan nan nan nan nan nan nan nan nan nan nan nan nan nan nan nan nan nan nan nan nan nan nan nan nan nan nan nan nan nan nan nan nan nan nan nan nan nan nan nan nan nan nan 0.070523 0.585564 1.748253 2.746178 4.448502 7.004053 9.856111 13.206000 12.492375 10.931656 11.049903 11.268134 10.860465
nan nan nan nan nan nan nan nan nan nan nan nan nan nan nan nan nan nan nan nan nan nan nan nan nan nan nan nan nan nan nan nan nan nan nan nan nan nan nan nan nan nan nan nan nan nan nan nan nan nan nan nan nan nan nan nan nan nan nan nan nan nan nan nan nan nan nan nan nan nan nan nan nan 0.291095 1.096249 2.305254 2.688348 4.302982 6.557552 9.438901 13.093000 12.253166 12.440864 11.921868 11.950971
nan nan nan nan nan nan nan nan nan nan nan nan nan nan nan nan nan nan nan nan nan nan nan nan nan nan nan nan nan nan nan nan nan nan nan nan nan nan nan nan nan nan nan nan nan nan nan nan nan nan nan nan nan nan nan nan nan nan nan nan nan nan nan nan nan nan nan nan nan nan nan nan nan 0.086199 0.703554 2.039758 2.233493 2.997184 4.321527 6.203828 8.237740 12.112769 12.806408 11.916271 12.071927
nan nan nan nan nan nan nan nan nan nan nan nan nan nan nan nan nan nan nan nan nan nan nan nan nan nan nan nan nan nan nan nan nan nan nan nan nan nan nan nan nan nan nan nan nan nan nan nan nan nan nan nan nan nan nan nan nan nan nan nan nan nan nan nan nan nan nan nan nan nan nan nan nan nan 0.251012 1.426222 1.832376 2.660929 3.495320 4.569073 5.963157 7.708104 11.191459 13.724512 12.707765
nan nan nan nan nan nan nan nan nan nan nan nan nan nan nan nan nan nan nan nan nan nan nan nan nan nan nan nan nan nan nan nan nan nan nan nan nan nan nan nan nan nan nan nan nan nan nan nan nan nan nan nan nan nan nan nan nan nan nan nan nan nan nan nan nan nan nan nan nan nan nan nan nan nan 0.033508 0.744731 1.329889 2.173542 2.923508 3.720319 5.098106 6.536479 8.844178 10.858136 14.047000
nan nan nan nan nan nan nan nan nan nan nan nan nan nan nan nan nan nan nan nan nan nan nan nan nan nan nan nan nan nan nan nan nan nan nan nan nan nan nan nan nan nan nan nan nan nan nan nan nan nan nan nan nan nan nan nan nan nan nan nan nan nan nan nan nan nan nan nan nan nan nan nan nan nan nan 0.270362 0.705166 1.599185 2.418517 3.273222 4.214642 6.034921 7.364087 9.158400 11.069333
nan nan nan nan nan nan nan nan nan nan nan nan nan nan nan nan nan nan nan nan nan nan nan nan nan nan nan nan nan nan nan nan nan nan nan nan nan nan nan nan nan nan nan nan nan nan nan nan nan nan nan nan nan nan nan nan nan nan nan nan nan nan nan nan nan nan nan nan nan nan nan nan nan nan nan 0.052938 0.203583 0.930872 1.960774 2.829691 4.039338 5.051616 5.946954 7.746605 9.181010
nan nan nan nan nan nan nan nan nan nan nan nan nan nan nan nan nan nan nan nan nan nan nan nan nan nan nan nan nan nan nan nan nan nan nan nan nan nan nan nan nan nan nan nan nan nan nan nan nan nan nan nan nan nan nan nan nan nan nan nan nan nan nan nan nan nan nan nan nan nan nan nan nan nan nan nan nan 0.325963 1.259266 2.563741 3.240515 4.294494 4.952863 6.202658 8.157828
nan nan nan nan nan nan nan nan nan nan nan nan nan nan nan nan nan nan nan nan nan nan nan nan nan nan nan nan nan nan nan nan nan nan nan nan nan nan nan nan nan nan nan nan nan nan nan nan nan nan nan nan nan nan nan nan nan nan nan nan nan nan nan nan nan nan nan nan nan nan nan nan nan nan nan nan nan nan 0.564734 1.880505 2.971058 3.109575 3.976899 5.522867 7.453457
nan nan nan nan nan nan nan nan nan nan nan nan nan nan nan nan nan nan nan nan nan nan nan nan nan nan nan nan nan nan nan nan nan nan nan nan nan nan nan nan nan nan nan nan nan nan nan nan nan nan nan nan nan nan nan nan nan nan nan nan nan nan nan nan nan nan nan nan nan nan nan nan nan nan nan nan nan nan 0.109773 1.027184 2.985822 2.305674 3.793989 4.726251 6.533556
