data/RealTopo/Outputs_RealTopo/relWog_02RealTopo_null_avaflow_pft.asc
ncols 491
nrows 556
xllcenter 167450.00
yllcenter 361950.00
cellsize 5.00
NODATA_value -9999.000
[rows 170 to 203 of 556, columns 154 to 230 of 491]
3.022 2.471 1.731 1.089 1.023 0.994 0.972 0.971 1.001 1.077 1.168 1.259 1.367 1.524 1.771 2.174 2.875 4.159 5.174 5.358 5.013 3.725 1.825 1.108 0.918 0.775 0.616 0.404 0.214 0.105 0.051 0.025 0.013 0.007 0.004 0.002 0.001 0.000 0.000 0.000 0.000 0.000 0.000 0.000 0.000 0.000 0.000 0.000 0.000 0.000 0.000 0.000 0.000 0.000 0.000 0.000 0.000 0.000 0.000 0.000 0.000 0.000 0.000 0.000 0.000 0.000 0.000 0.000 0.000 0.000 0.000 0.000 0.000 0.000 0.000 0.000 0.000
2.654 1.925 1.231 1.189 1.134 1.050 1.011 0.987 0.988 1.025 1.092 1.172 1.287 1.432 1.648 2.023 2.707 4.003 5.227 5.536 5.340 4.291 2.350 1.328 1.095 0.930 0.753 0.520 0.276 0.131 0.060 0.029 0.015 0.008 0.005 0.002 0.001 0.000 0.000 0.000 0.000 0.000 0.000 0.000 0.000 0.000 0.000 0.000 0.000 0.000 0.000 0.000 0.000 0.000 0.000 0.000 0.000 0.000 0.000 0.000 0.000 0.000 0.000 0.000 0.000 0.000 0.000 0.000 0.000 0.000 0.000 0.000 0.000 0.000 0.000 0.000 0.000
2.232 1.389 1.333 1.302 1.270 1.207 1.099 1.023 0.989 0.990 1.022 1.113 1.224 1.339 1.498 1.804 2.419 3.637 5.097 5.625 5.559 4.847 3.016 1.629 1.321 1.139 0.934 0.685 0.377 0.174 0.077 0.035 0.017 0.009 0.005 0.003 0.002 0.001 0.000 0.000 0.000 0.000 0.000 0.000 0.000 0.000 0.000 0.000 0.000 0.000 0.000 0.000 0.000 0.000 0.000 0.000 0.000 0.000 0.000 0.000 0.000 0.000 0.000 0.000 0.000 0.000 0.000 0.000 0.000 0.000 0.000 0.000 0.000 0.000 0.000 0.000 0.000
1.655 1.522 1.507 1.472 1.442 1.367 1.228 1.092 1.006 0.977 0.981 1.060 1.158 1.255 1.386 1.627 2.109 3.120 4.741 5.639 5.729 5.351 3.822 2.075 1.598 1.390 1.173 0.902 0.538 0.251 0.109 0.048 0.022 0.012 0.007 0.004 0.002 0.001 0.000 0.000 0.000 0.000 0.000 0.000 0.000 0.000 0.000 0.000 0.000 0.000 0.000 0.000 0.000 0.000 0.000 0.000 0.000 0.000 0.000 0.000 0.000 0.000 0.000 0.000 0.000 0.000 0.000 0.000 0.000 0.000 0.000 0.000 0.000 0.000 0.000 0.000 0.000
1.536 1.614 1.672 1.666 1.613 1.498 1.366 1.182 1.061 0.988 0.968 0.993 1.078 1.168 1.287 1.485 1.856 2.617 4.150 5.474 5.868 5.711 4.660 2.741 1.909 1.682 1.476 1.180 0.788 0.387 0.171 0.074 0.033 0.016 0.009 0.005 0.003 0.002 0.001 0.000 0.000 0.000 0.000 0.000 0.000 0.000 0.000 0.000 0.000 0.000 0.000 0.000 0.000 0.000 0.000 0.000 0.000 0.000 0.000 0.000 0.000 0.000 0.000 0.000 0.000 0.000 0.000 0.000 0.000 0.000 0.000 0.000 0.000 0.000 0.000 0.000 0.000
1.646 1.697 1.761 1.767 1.709 1.622 1.480 1.311 1.158 1.055 0.977 0.950 0.988 1.074 1.186 1.356 1.649 2.204 3.431 5.091 5.915 5.935 5.383 3.603 2.295 2.030 1.838 1.568 1.147 0.632 0.290 0.126 0.054 0.024 0.012 0.007 0.004 0.002 0.001 0.000 0.000 0.000 0.000 0.000 0.000 0.000 0.000 0.000 0.000 0.000 0.000 0.000 0.000 0.000 0.000 0.000 0.000 0.000 0.000 0.000 0.000 0.000 0.000 0.000 0.000 0.000 0.000 0.000 0.000 0.000 0.000 0.000 0.000 0.000 0.000 0.000 0.000
1.809 1.832 1.832 1.802 1.776 1.695 1.584 1.448 1.300 1.157 1.030 0.945 0.922 0.963 1.070 1.220 1.469 1.898 2.754 4.408 5.741 6.129 5.877 4.527 2.825 2.383 2.202 1.989 1.605 1.050 0.519 0.230 0.096 0.040 0.018 0.009 0.005 0.003 0.002 0.001 0.000 0.000 0.000 0.000 0.000 0.000 0.000 0.000 0.000 0.000 0.000 0.000 0.000 0.000 0.000 0.000 0.000 0.000 0.000 0.000 0.000 0.000 0.000 0.000 0.000 0.000 0.000 0.000 0.000 0.000 0.000 0.000 0.000 0.000 0.000 0.000 0.000
1.990 1.945 1.877 1.842 1.800 1.742 1.679 1.583 1.450 1.308 1.145 0.999 0.919 0.894 0.924 1.056 1.284 1.639 2.269 3.598 5.351 6.181 6.163 5.370 3.550 2.663 2.510 2.389 2.146 1.615 0.962 0.447 0.189 0.076 0.031 0.014 0.007 0.004 0.002 0.001 0.000 0.000 0.000 0.000 0.000 0.000 0.000 0.000 0.000 0.000 0.000 0.000 0.000 0.000 0.000 0.000 0.000 0.000 0.000 0.000 0.000 0.000 0.000 0.000 0.000 0.000 0.000 0.000 0.000 0.000 0.000 0.000 0.000 0.000 0.000 0.000 0.000
2.087 2.020 1.939 1.875 1.839 1.805 1.761 1.692 1.592 1.470 1.328 1.149 0.982 0.886 0.859 0.875 1.061 1.373 1.887 2.876 4.694 6.045 6.278 5.923 4.323 2.977 2.703 2.668 2.585 2.270 1.624 0.903 0.399 0.160 0.061 0.024 0.011 0.006 0.003 0.002 0.001 0.000 0.000 0.000 0.000 0.000 0.000 0.000 0.000 0.000 0.000 0.000 0.000 0.000 0.000 0.000 0.000 0.000 0.000 0.000 0.000 0.000 0.000 0.000 0.000 0.000 0.000 0.000 0.000 0.000 0.000 0.000 0.000 0.000 0.000 0.000 0.000
2.121 2.085 1.990 1.942 1.907 1.875 1.835 1.782 1.712 1.616 1.491 1.335 1.143 0.952 0.856 0.833 0.852 1.063 1.497 2.281 3.830 5.647 6.275 6.179 5.022 3.359 2.821 2.802 2.812 2.729 2.360 1.624 0.844 0.353 0.136 0.051 0.020 0.009 0.005 0.003 0.001 0.001 0.000 0.000 0.000 0.000 0.000 0.000 0.000 0.000 0.000 0.000 0.000 0.000 0.000 0.000 0.000 0.000 0.000 0.000 0.000 0.000 0.000 0.000 0.000 0.000 0.000 0.000 0.000 0.000 0.000 0.000 0.000 0.000 0.000 0.000 0.000
2.141 2.112 2.064 2.035 1.999 1.956 1.913 1.870 1.818 1.743 1.632 1.498 1.344 1.145 0.943 0.833 0.805 0.830 1.083 1.703 2.943 4.940 6.097 6.232 5.582 3.919 2.999 2.847 2.878 2.917 2.816 2.384 1.591 0.764 0.311 0.117 0.043 0.017 0.007 0.004 0.002 0.001 0.000 0.000 0.000 0.000 0.000 0.000 0.000 0.000 0.000 0.000 0.000 0.000 0.000 0.000 0.000 0.000 0.000 0.000 0.000 0.000 0.000 0.000 0.000 0.000 0.000 0.000 0.000 0.000 0.000 0.000 0.000 0.000 0.000 0.000 0.000
2.131 2.125 2.120 2.115 2.099 2.058 2.005 1.965 1.921 1.855 1.761 1.645 1.518 1.359 1.142 0.923 0.806 0.775 0.812 1.145 2.063 3.915 5.672 6.132 5.921 4.680 3.412 2.903 2.873 2.930 2.952 2.822 2.346 1.492 0.681 0.273 0.101 0.036 0.014 0.006 0.003 0.002 0.001 0.000 0.000 0.000 0.000 0.000 0.000 0.000 0.000 0.000 0.000 0.000 0.000 0.000 0.000 0.000 0.000 0.000 0.000 0.000 0.000 0.000 0.000 0.000 0.000 0.000 0.000 0.000 0.000 0.000 0.000 0.000 0.000 0.000 0.000
2.094 2.113 2.145 2.169 2.178 2.163 2.118 2.071 2.027 1.968 1.887 1.784 1.672 1.541 1.362 1.125 0.896 0.779 0.747 0.799 1.247 2.631 4.790 5.911 6.032 5.369 4.010 3.456 2.868 2.875 2.933 2.936 2.751 2.229 1.369 0.605 0.233 0.082 0.029 0.011 0.005 0.002 0.001 0.000 0.000 0.000 0.000 0.000 0.000 0.000 0.000 0.000 0.000 0.000 0.000 0.000 0.000 0.000 0.000 0.000 0.000 0.000 0.000 0.000 0.000 0.000 0.000 0.000 0.000 0.000 0.000 0.000 0.000 0.000 0.000 0.000 0.000
2.030 2.077 2.136 2.191 2.228 2.246 2.227 2.183 2.139 2.089 2.016 1.921 1.818 1.704 1.554 1.355 1.096 0.882 0.789 0.743 0.791 1.410 3.260 5.272 5.891 5.734 4.894 4.127 3.459 2.794 2.796 2.850 2.828 2.614 2.073 1.220 0.507 0.183 0.062 0.021 0.008 0.004 0.002 0.001 0.000 0.000 0.000 0.000 0.000 0.000 0.000 0.000 0.000 0.000 0.000 0.000 0.000 0.000 0.000 0.000 0.000 0.000 0.000 0.000 0.000 0.000 0.000 0.000 0.000 0.000 0.000 0.000 0.000 0.000 0.000 0.000 0.000
1.924 2.014 2.094 2.175 2.248 2.295 2.314 2.300 2.269 2.219 2.149 2.063 1.966 1.856 1.724 1.558 1.339 1.081 0.909 0.838 0.809 0.811 1.691 3.802 5.443 5.811 5.585 4.881 4.247 3.390 2.664 2.633 2.690 2.672 2.440 1.848 0.992 0.381 0.129 0.042 0.015 0.006 0.003 0.001 0.000 0.000 0.000 0.000 0.000 0.000 0.000 0.000 0.000 0.000 0.000 0.000 0.000 0.000 0.000 0.000 0.000 0.000 0.000 0.000 0.000 0.000 0.000 0.000 0.000 0.000 0.000 0.000 0.000 0.000 0.000 0.000 0.000
1.805 1.919 2.021 2.120 2.222 2.304 2.365 2.402 2.403 2.367 2.296 2.212 2.120 2.010 1.885 1.746 1.575 1.354 1.079 0.958 0.906 0.891 0.922 2.044 4.173 5.542 5.834 5.673 4.951 4.271 3.259 2.501 2.471 2.524 2.497 2.205 1.523 0.708 0.253 0.082 0.027 0.010 0.004 0.002 0.001 0.000 0.000 0.000 0.000 0.000 0.000 0.000 0.000 0.000 0.000 0.000 0.000 0.000 0.000 0.000 0.000 0.000 0.000 0.000 0.000 0.000 0.000 0.000 0.000 0.000 0.000 0.000 0.000 0.000 0.000 0.000 0.000
1.677 1.797 1.916 2.037 2.156 2.272 2.371 2.448 2.497 2.507 2.467 2.385 2.285 2.173 2.055 1.927 1.779 1.593 1.355 1.091 1.024 0.999 1.005 1.086 2.384 4.484 5.631 5.911 5.757 4.985 4.172 3.030 2.394 2.357 2.371 2.287 1.873 1.082 0.442 0.149 0.048 0.016 0.006 0.003 0.001 0.000 0.000 0.000 0.000 0.000 0.000 0.000 0.000 0.000 0.000 0.000 0.000 0.000 0.000 0.000 0.000 0.000 0.000 0.000 0.000 0.000 0.000 0.000 0.000 0.000 0.000 0.000 0.000 0.000 0.000 0.000 0.000
1.542 1.657 1.782 1.919 2.063 2.201 2.333 2.440 2.529 2.591 2.612 2.569 2.475 2.366 2.254 2.123 1.973 1.805 1.601 1.333 1.152 1.113 1.108 1.154 1.308 2.749 4.784 5.771 5.983 5.748 4.915 3.943 2.845 2.362 2.276 2.217 1.977 1.358 0.638 0.241 0.079 0.026 0.009 0.004 0.002 0.001 0.000 0.000 0.000 0.000 0.000 0.000 0.000 0.000 0.000 0.000 0.000 0.000 0.000 0.000 0.000 0.000 0.000 0.000 0.000 0.000 0.000 0.000 0.000 0.000 0.000 0.000 0.000 0.000 0.000 0.000 0.000
1.393 1.511 1.639 1.777 1.926 2.093 2.248 2.395 2.514 2.611 2.681 2.707 2.665 2.582 2.481 2.349 2.191 2.027 1.839 1.610 1.316 1.231 1.218 1.241 1.338 1.558 3.196 5.149 5.913 5.978 5.577 4.692 3.630 2.728 2.358 2.174 1.963 1.497 0.795 0.332 0.118 0.039 0.014 0.005 0.002 0.001 0.000 0.000 0.000 0.000 0.000 0.000 0.000 0.000 0.000 0.000 0.000 0.000 0.000 0.000 0.000 0.000 0.000 0.000 0.000 0.000 0.000 0.000 0.000 0.000 0.000 0.000 0.000 0.000 0.000 0.000 0.000
1.221 1.345 1.476 1.614 1.763 1.928 2.118 2.298 2.453 2.580 2.687 2.771 2.801 2.762 2.685 2.579 2.439 2.277 2.095 1.895 1.624 1.364 1.335 1.342 1.398 1.532 1.880 3.719 5.470 6.000 5.902 5.270 4.414 3.403 2.671 2.276 1.970 1.556 0.910 0.416 0.163 0.057 0.020 0.007 0.003 0.001 0.000 0.000 0.000 0.000 0.000 0.000 0.000 0.000 0.000 0.000 0.000 0.000 0.000 0.000 0.000 0.000 0.000 0.000 0.000 0.000 0.000 0.000 0.000 0.000 0.000 0.000 0.000 0.000 0.000 0.000 0.000
1.215 1.198 1.286 1.420 1.572 1.741 1.932 2.137 2.329 2.501 2.650 2.766 2.853 2.893 2.860 2.777 2.663 2.530 2.367 2.172 1.939 1.639 1.465 1.459 1.487 1.569 1.746 2.302 4.307 5.691 6.006 5.764 5.127 4.254 3.244 2.550 2.074 1.601 0.987 0.490 0.209 0.079 0.028 0.010 0.004 0.002 0.001 0.000 0.000 0.000 0.000 0.000 0.000 0.000 0.000 0.000 0.000 0.000 0.000 0.000 0.000 0.000 0.000 0.000 0.000 0.000 0.000 0.000 0.000 0.000 0.000 0.000 0.000 0.000 0.000 0.000 0.000
1.307 1.254 1.200 1.246 1.366 1.535 1.724 1.927 2.140 2.363 2.556 2.717 2.847 2.944 2.980 2.947 2.867 2.758 2.627 2.441 2.239 1.991 1.673 1.598 1.605 1.650 1.744 2.038 2.895 4.832 5.867 6.043 5.834 5.122 4.117 3.057 2.318 1.696 1.056 0.551 0.245 0.096 0.036 0.013 0.006 0.002 0.001 0.000 0.000 0.000 0.000 0.000 0.000 0.000 0.000 0.000 0.000 0.000 0.000 0.000 0.000 0.000 0.000 0.000 0.000 0.000 0.000 0.000 0.000 0.000 0.000 0.000 0.000 0.000 0.000 0.000 0.000
1.404 1.376 1.290 1.199 1.230 1.328 1.493 1.694 1.909 2.139 2.381 2.599 2.785 2.935 3.032 3.066 3.037 2.961 2.856 2.703 2.527 2.333 2.053 1.769 1.746 1.764 1.823 1.970 2.515 3.486 5.245 6.092 6.204 5.929 5.062 3.875 2.744 1.891 1.155 0.602 0.269 0.109 0.042 0.017 0.007 0.003 0.001 0.000 0.000 0.000 0.000 0.000 0.000 0.000 0.000 0.000 0.000 0.000 0.000 0.000 0.000 0.000 0.000 0.000 0.000 0.000 0.000 0.000 0.000 0.000 0.000 0.000 0.000 0.000 0.000 0.000 0.000
1.413 1.424 1.395 1.305 1.207 1.221 1.298 1.445 1.649 1.874 2.131 2.416 2.667 2.873 3.019 3.112 3.148 3.120 3.053 2.952 2.806 2.638 2.421 2.120 1.932 1.918 1.947 2.030 2.283 3.141 3.932 5.577 6.291 6.321 5.918 4.855 3.469 2.251 1.310 0.654 0.288 0.118 0.048 0.020 0.009 0.004 0.002 0.001 0.000 0.000 0.000 0.000 0.000 0.000 0.000 0.000 0.000 0.000 0.000 0.000 0.000 0.000 0.000 0.000 0.000 0.000 0.000 0.000 0.000 0.000 0.000 0.000 0.000 0.000 0.000 0.000 0.000
1.329 1.403 1.418 1.388 1.299 1.203 1.208 1.286 1.420 1.615 1.872 2.170 2.486 2.746 2.950 3.094 3.195 3.237 3.216 3.162 3.063 2.918 2.732 2.505 2.177 2.106 2.101 2.143 2.293 2.795 3.670 4.276 5.835 6.423 6.399 5.825 4.490 2.866 1.554 0.729 0.306 0.125 0.052 0.022 0.010 0.005 0.003 0.002 0.001 0.001 0.000 0.000 0.000 0.000 0.000 0.000 0.000 0.000 0.000 0.000 0.000 0.000 0.000 0.000 0.000 0.000 0.000 0.000 0.000 0.000 0.000 0.000 0.000 0.000 0.000 0.000 0.000
1.007 1.218 1.349 1.388 1.353 1.267 1.195 1.216 1.295 1.426 1.625 1.898 2.216 2.536 2.803 3.018 3.183 3.294 3.342 3.327 3.267 3.163 3.016 2.824 2.550 2.309 2.278 2.293 2.390 2.649 3.368 4.037 4.631 6.069 6.549 6.402 5.518 3.746 1.925 0.847 0.335 0.131 0.054 0.025 0.014 0.008 0.005 0.003 0.002 0.001 0.001 0.000 0.000 0.000 0.000 0.000 0.000 0.000 0.000 0.000 0.000 0.000 0.000 0.000 0.000 0.000 0.000 0.000 0.000 0.000 0.000 0.000 0.000 0.000 0.000 0.000 0.000
0.531 0.779 1.051 1.257 1.336 1.316 1.246 1.195 1.222 1.303 1.438 1.633 1.903 2.248 2.585 2.868 3.109 3.287 3.403 3.447 3.430 3.383 3.282 3.116 2.889 2.579 2.469 2.464 2.534 2.724 3.158 3.836 4.264 5.047 6.320 6.558 6.164 4.694 2.510 1.028 0.380 0.139 0.079 0.046 0.027 0.016 0.010 0.006 0.004 0.002 0.001 0.001 0.000 0.000 0.000 0.000 0.000 0.000 0.000 0.000 0.000 0.000 0.000 0.000 0.000 0.000 0.000 0.000 0.000 0.000 0.000 0.000 0.000 0.000 0.000 0.000 0.000
0.238 0.366 0.584 0.884 1.162 1.280 1.270 1.220 1.190 1.221 1.309 1.453 1.663 1.956 2.311 2.658 2.958 3.208 3.392 3.513 3.568 3.570 3.533 3.411 3.219 2.946 2.659 2.641 2.692 2.865 3.147 3.693 4.212 4.555 5.630 6.336 6.338 5.398 3.218 1.288 0.439 0.251 0.152 0.091 0.054 0.032 0.019 0.012 0.007 0.005 0.003 0.002 0.001 0.001 0.000 0.000 0.000 0.000 0.000 0.000 0.000 0.000 0.000 0.000 0.000 0.000 0.000 0.000 0.000 0.000 0.000 0.000 0.000 0.000 0.000 0.000 0.000
0.106 0.162 0.261 0.436 0.723 1.014 1.176 1.210 1.179 1.169 1.213 1.309 1.475 1.715 2.027 2.388 2.727 3.039 3.303 3.505 3.652 3.726 3.745 3.714 3.575 3.331 3.009 2.831 2.863 3.011 3.240 3.620 4.233 4.649 4.992 5.863 6.098 5.657 3.882 1.612 0.680 0.447 0.286 0.179 0.110 0.067 0.040 0.024 0.014 0.009 0.005 0.003 0.002 0.001 0.001 0.000 0.000 0.000 0.000 0.000 0.000 0.000 0.000 0.000 0.000 0.000 0.000 0.000 0.000 0.000 0.000 0.000 0.000 0.000 0.000 0.000 0.000
0.048 0.070 0.111 0.183 0.312 0.543 0.822 1.025 1.093 1.107 1.125 1.183 1.298 1.488 1.748 2.071 2.420 2.778 3.129 3.418 3.644 3.816 3.912 3.954 3.916 3.753 3.472 3.099 3.040 3.148 3.365 3.669 4.212 4.735 5.058 5.730 5.893 5.673 4.339 1.938 0.960 0.710 0.501 0.337 0.219 0.137 0.084 0.050 0.029 0.017 0.010 0.006 0.004 0.002 0.001 0.001 0.000 0.000 0.000 0.000 0.000 0.000 0.000 0.000 0.000 0.000 0.000 0.000 0.000 0.000 0.000 0.000 0.000 0.000 0.000 0.000 0.000
0.023 0.031 0.047 0.074 0.125 0.218 0.371 0.581 0.774 0.893 0.965 1.028 1.116 1.263 1.474 1.748 2.074 2.442 2.850 3.234 3.558 3.813 4.008 4.120 4.185 4.138 3.952 3.600 3.248 3.304 3.518 3.814 4.207 4.773 5.270 5.653 5.938 5.740 4.638 2.296 1.193 0.964 0.743 0.559 0.396 0.264 0.168 0.103 0.060 0.034 0.020 0.011 0.007 0.004 0.002 0.001 0.001 0.000 0.000 0.000 0.000 0.000 0.000 0.000 0.000 0.000 0.000 0.000 0.000 0.000 0.000 0.000 0.000 0.000 0.000 0.000 0.000
0.012 0.015 0.021 0.031 0.050 0.084 0.143 0.236 0.360 0.491 0.621 0.743 0.855 0.974 1.140 1.393 1.713 2.068 2.468 2.896 3.342 3.724 3.995 4.218 4.350 4.417 4.349 4.116 3.717 3.515 3.692 3.978 4.304 4.785 5.432 5.705 6.114 5.912 4.946 2.668 1.383 1.201 0.956 0.783 0.620 0.462 0.316 0.201 0.121 0.070 0.039 0.022 0.012 0.007 0.004 0.003 0.001 0.001 0.000 0.000 0.000 0.000 0.000 0.000 0.000 0.000 0.000 0.000 0.000 0.000 0.000 0.000 0.000 0.000 0.000 0.000 0.000
0.006 0.008 0.010 0.014 0.021 0.033 0.054 0.089 0.142 0.211 0.294 0.392 0.499 0.614 0.744 0.940 1.257 1.647 2.045 2.455 2.937 3.468 3.883 4.192 4.433 4.580 4.643 4.569 4.309 3.922 3.934 4.174 4.475 4.891 5.543 6.009 6.332 6.201 5.381 3.140 1.530 1.397 1.158 0.983 0.841 0.700 0.541 0.371 0.232 0.138 0.079 0.044 0.024 0.013 0.008 0.004 0.003 0.001 0.001 0.000 0.000 0.000 0.000 0.000 0.000 0.000 0.000 0.000 0.000 0.000 0.000 0.000 0.000 0.000 0.000 0.000 0.000
0.004 0.004 0.006 0.007 0.010 0.014 0.021 0.034 0.054 0.084 0.125 0.179 0.248 0.333 0.426 0.541 0.746 1.082 1.486 1.902 2.379 2.977 3.568 4.024 4.375 4.641 4.812 4.875 4.801 4.532 4.209 4.408 4.717 5.104 5.690 6.369 6.439 6.501 5.920 3.859 1.665 1.570 1.363 1.156 1.030 0.915 0.789 0.613 0.418 0.266 0.159 0.090 0.048 0.025 0.014 0.008 0.004 0.003 0.001 0.001 0.000 0.000 0.000 0.000 0.000 0.000 0.000 0.000 0.000 0.000 0.000 0.000 0.000 0.000 0.000 0.000 0.000
