data/RealTopo/Outputs_RealTopo/relWog_02RealTopo_null_minVoellmyv2_pft.asc
ncols 490
nrows 555
xllcenter 167455.00
yllcenter 361955.00
cellsize 5.00
nodata_value nan
[rows 140 to 167 of 555, columns 126 to 188 of 490]
0.000000 0.000000 0.000000 0.000000 0.000000 0.000000 0.000000 0.000000 0.000000 0.000000 0.000000 0.000000 0.000000 0.000000 0.000000 0.000000 0.000000 0.000000 0.000014 0.008783 0.372566 1.341873 2.335809 3.383698 4.275967 6.254551 9.681677 10.755049 11.239057 12.291247 13.494653 12.252923 11.728996 11.402592 10.983130 11.446671 9.404315 8.875967 8.413730 8.251913 7.750869 6.537508 5.178007 2.990253 2.156198 1.076431 0.167232 0.003905 0.000000 0.000000 0.000000 0.000000 0.000000 0.000000 0.000000 0.000000 0.000000 0.000000 0.000000 0.000000 0.000000 0.000000 0.000000
0.000000 0.000000 0.000000 0.000000 0.000000 0.000000 0.000000 0.000000 0.000000 0.000000 0.000000 0.000000 0.000000 0.000000 0.000000 0.000000 0.000000 0.000005 0.001932 0.176244 1.159739 2.118523 3.107790 4.149572 5.485592 9.147449 10.284966 11.177967 11.856697 12.542124 11.339826 11.785697 12.047747 12.197655 12.434340 11.551180 12.085856 10.386342 9.278393 8.521747 7.994488 8.035205 7.437914 5.531296 3.403505 1.822547 0.869998 0.280043 0.015455 0.000000 0.000000 0.000000 0.000000 0.000000 0.000000 0.000000 0.000000 0.000000 0.000000 0.000000 0.000000 0.000000 0.000000
0.000000 0.000000 0.000000 0.000000 0.000000 0.000000 0.000000 0.000000 0.000000 0.000000 0.000000 0.000000 0.000000 0.000000 0.000000 0.000000 0.000000 0.000869 0.077066 0.810791 1.774478 2.883333 3.887110 5.064504 8.385838 10.422454 11.269457 12.111741 13.302565 12.293594 10.588484 10.866267 9.931923 10.125450 10.102850 10.068776 10.991269 10.013501 9.204678 8.564263 8.220990 8.297292 7.968288 7.216849 5.690530 2.747512 1.675584 0.973801 0.414725 0.058928 0.000000 0.000000 0.000000 0.000000 0.000000 0.000000 0.000000 0.000000 0.000000 0.000000 0.000000 0.000000 0.000000
0.000000 0.000000 0.000000 0.000000 0.000000 0.000000 0.000000 0.000000 0.000000 0.000000 0.000000 0.000000 0.000000 0.000000 0.000000 0.000000 0.000532 0.016916 0.256200 1.209399 2.483694 3.545847 4.378970 7.328862 10.257229 11.238480 11.786650 13.075099 13.591375 13.058823 12.582693 12.368632 11.297227 10.232361 10.321645 9.494027 9.502704 10.593360 8.673879 8.715434 8.476447 8.354083 8.281008 7.627405 7.619950 4.361384 2.569086 1.802469 1.213901 0.657225 0.205806 0.052653 0.000000 0.000000 0.000000 0.000000 0.000000 0.000000 0.000000 0.000000 0.000000 0.000000 0.000000
0.000000 0.000000 0.000000 0.000000 0.000000 0.000000 0.000000 0.000000 0.000000 0.000000 0.000000 0.000000 0.000000 0.000000 0.000000 0.000005 0.001010 0.042690 0.523017 1.603693 2.878626 3.878406 6.232158 9.717089 11.076442 11.831836 12.865653 12.696251 11.414259 11.412293 11.332748 12.523990 12.565355 11.529448 10.392073 9.148499 9.163855 9.779217 8.871296 8.931464 8.625337 8.575195 8.399663 7.670559 7.433128 5.023983 2.856895 3.417279 2.190248 1.673115 1.200972 0.625972 0.263418 0.034983 0.000000 0.000000 0.000000 0.000000 0.000000 0.000000 0.000000 0.000000 0.000000
0.000000 0.000000 0.000000 0.000000 0.000000 0.000000 0.000000 0.000000 0.000000 0.000000 0.000000 0.000000 0.000000 0.000000 0.000000 0.007661 0.121236 0.111069 0.921124 2.158483 3.428457 5.046149 8.749722 10.537191 11.800485 13.397995 13.609892 11.850896 11.715495 11.460131 11.987674 10.660921 11.157476 12.644579 12.484595 9.878212 9.429894 9.238759 8.963978 8.846639 7.877352 7.815144 7.224799 7.670342 7.490521 5.319551 2.630292 3.796939 3.330776 2.593425 2.094592 1.604330 1.163299 0.715185 0.222611 0.015494 0.000000 0.000000 0.000000 0.000000 0.000000 0.000000 0.000000
0.000000 0.000000 0.000000 0.000000 0.000000 0.000000 0.000000 0.000000 0.000000 0.000000 0.000000 0.000000 0.000000 0.000000 0.013572 0.202194 0.104137 0.281046 1.516609 2.796775 4.246305 7.265068 9.862012 10.968980 12.569824 13.267713 12.165604 11.484115 11.812519 11.125769 10.504402 11.062558 11.247233 10.591665 11.095242 10.010656 9.876006 9.059140 9.209900 8.822052 8.610020 8.103645 7.303844 7.784894 7.633446 5.517765 2.766948 3.602860 5.022295 3.581778 3.093332 2.531361 2.023100 1.596550 1.162199 0.551289 0.042560 0.000391 0.000000 0.000000 0.000000 0.000000 0.000000
0.000000 0.000000 0.000000 0.000000 0.000000 0.000000 0.000000 0.000000 0.000000 0.000000 0.000000 0.000000 0.000000 0.000000 0.000000 0.000646 0.053148 0.658490 1.850970 3.394454 5.845505 9.389615 10.801811 11.587439 12.585710 10.984240 10.287657 10.832731 12.215687 12.348793 12.753777 10.204665 11.023045 11.144282 10.583863 10.100382 9.788810 9.189835 9.075361 8.532501 7.915798 7.681799 7.291932 7.804293 7.542464 5.382468 2.736762 3.251345 4.778581 4.875099 4.000173 3.500780 2.992768 2.500755 1.964294 1.430956 0.784840 0.091976 0.001563 0.000000 0.000000 0.000000 0.000000
0.000000 0.000000 0.000000 0.000000 0.000000 0.000000 0.000000 0.000000 0.000000 0.000000 0.000000 0.000000 0.000000 0.000000 0.000033 0.003699 0.183318 1.087131 2.399899 4.290500 7.848719 10.415257 11.757587 12.921888 12.694496 9.893059 10.642304 10.933763 13.065240 13.579882 13.022425 11.946359 10.597710 10.421081 10.670892 10.395591 9.884346 9.182808 8.529395 8.911385 7.922004 7.793499 7.361281 7.846644 7.249562 5.315555 2.593909 3.252286 4.941344 6.317817 4.935918 4.459325 3.922168 3.377280 2.834073 2.226017 1.563038 0.914697 0.106263 0.001451 0.000000 0.000000 0.000000
0.000000 0.000000 0.000000 0.000000 0.000000 0.000000 0.000000 0.000000 0.000000 0.000000 0.000000 0.000000 0.000000 0.000000 0.000068 0.022684 0.416935 1.494936 3.195369 5.898942 9.361860 11.050593 12.735060 13.206470 10.930854 10.495574 10.467539 11.845091 11.515947 11.320803 11.367561 11.168102 11.471889 10.087833 10.184469 9.726841 9.309875 9.367407 8.816796 8.345574 8.391672 7.378515 7.192507 7.727609 7.156006 5.059911 2.402356 3.078618 4.659833 6.318460 5.947375 5.273413 4.767294 4.259686 3.689764 3.040019 2.318088 1.603541 0.846197 0.044414 0.000307 0.000000 0.000000
0.000000 0.000000 0.000000 0.000000 0.000000 0.000000 0.000000 0.000000 0.000000 0.000000 0.000000 0.000000 0.000001 0.000035 0.002945 0.128683 0.786949 1.791212 3.709425 7.674552 10.471719 11.894185 13.058710 12.372603 9.490393 11.084769 11.142239 11.039448 11.648200 10.345674 10.801244 10.973242 12.208567 10.633119 9.463220 9.486882 9.364907 8.822785 8.622871 8.527246 8.202311 7.083211 7.004351 7.504136 6.701734 4.769918 2.120420 2.642124 4.209474 6.202093 7.367699 6.236939 5.847000 5.174503 4.507072 3.824136 3.086597 2.431724 1.623530 0.875147 0.040766 0.000314 0.000000
0.000000 0.000000 0.000000 0.000000 0.000000 0.000000 0.000000 0.000000 0.000000 0.000000 0.000000 0.000004 0.004502 0.000377 0.024628 0.367051 1.199043 2.633804 5.250216 9.197827 11.384037 13.062971 12.572630 10.436112 10.310310 11.711229 11.321419 10.628461 10.249175 10.656182 10.315522 9.608804 11.650338 10.610093 9.154564 9.080340 8.894008 8.571050 8.401841 8.024035 7.878578 7.635721 6.635876 7.405060 6.504503 4.737706 1.997141 2.433728 3.861643 5.517384 7.301271 7.544650 6.634628 6.016233 5.390408 4.636839 3.978921 3.267803 2.429403 1.626257 0.696487 0.011066 0.000000
0.000000 0.000000 0.000000 0.000000 0.000000 0.000000 0.000000 0.000000 0.000000 0.000000 0.001213 0.020614 0.005291 0.008330 0.133800 0.802587 1.593403 3.415077 6.929180 10.198159 12.120273 13.146481 11.655900 8.954092 10.438904 11.397609 11.621814 11.092932 10.333148 9.953053 9.774889 9.799828 9.700539 10.064842 8.935062 8.577172 8.614801 8.765666 8.385814 8.047997 7.946935 7.718236 6.533332 6.995533 6.612968 4.949124 2.028597 2.211774 3.539855 4.867626 6.298200 7.900585 8.210076 7.233106 6.406941 5.564568 4.860673 4.066573 3.265451 2.592944 1.753460 0.860946 0.070190
0.000000 0.000000 0.000000 0.000000 0.000000 0.000000 0.000000 0.000000 0.000000 0.000000 0.021995 0.028963 0.009196 0.042305 0.391745 1.210274 2.192577 4.727967 8.860175 11.307554 12.726719 11.982909 9.845984 9.602624 10.276563 10.219815 9.315169 9.879552 10.661428 10.708084 9.717911 8.892519 8.492272 8.852004 8.270323 8.489537 8.662931 8.728183 8.743259 8.231705 7.619327 7.582905 7.003282 6.814289 6.778358 5.383150 2.103769 1.953243 3.159529 4.394881 5.532993 6.759523 7.248973 6.882676 6.632964 6.123677 5.538081 4.591942 3.467441 2.452960 1.671420 1.171594 0.686409
0.000000 0.000000 0.000000 0.000000 0.000000 0.000000 0.000000 0.000000 0.000000 0.000488 0.083170 0.007432 0.004107 0.143133 0.809845 1.553234 2.889963 6.342867 10.194806 11.988677 12.634843 10.758145 8.061815 9.837538 11.038510 11.181824 10.095750 8.531793 8.781079 10.079216 9.311158 8.377878 8.337835 8.332197 8.350946 8.408620 8.139272 8.318256 8.430325 7.742345 7.234605 8.039502 7.396674 6.786081 6.700443 4.953891 2.099088 1.230642 2.744012 4.020102 4.753910 5.368848 5.225762 4.996549 4.804926 4.587725 4.273310 3.202881 1.953901 0.632376 0.139048 0.031253 0.015833
0.000000 0.000000 0.000000 0.000000 0.000000 0.000000 0.000000 0.000000 0.000043 0.079166 0.194267 0.011777 0.039088 0.455427 1.223796 1.940941 4.141380 7.971133 11.068697 12.189668 11.479659 9.242382 7.877990 9.214196 10.207684 11.112132 10.859844 8.930231 8.433022 9.919420 9.622699 7.463018 7.556907 7.694975 7.617127 7.869040 8.027881 8.039346 8.362040 7.971591 7.345502 7.576334 7.646192 6.652468 6.304766 5.152961 2.082544 0.957349 2.108948 3.485317 3.938949 3.995319 3.717969 3.308202 2.784136 2.260676 1.929633 0.760639 0.115768 0.013706 0.009894 0.009074 0.006930
0.000000 0.000000 0.000000 0.000000 0.000000 0.000000 0.000000 0.000037 0.056586 0.399948 0.046195 0.023014 0.191037 0.814317 1.456918 2.356363 5.541681 9.557849 11.364793 12.142871 9.888571 8.285529 9.661176 9.674944 9.366476 9.386364 9.730432 7.735053 7.314212 8.179802 9.843578 6.954313 7.124392 7.179536 7.246509 7.560235 7.649484 7.521621 7.626046 7.539479 7.133036 6.897284 8.018394 7.232886 5.896198 5.535761 2.771027 1.231958 1.651844 2.724723 2.725284 2.609519 2.009198 1.520000 0.709485 0.235325 0.144829 0.102937 0.029450 0.015225 0.011402 0.010249 0.008418
0.000000 0.000000 0.000000 0.000000 0.000000 0.000000 0.000018 0.022347 0.392801 0.451850 0.096250 0.161685 0.617687 1.128469 1.608136 3.725523 7.198150 10.422392 11.404226 11.773503 9.072689 8.595836 8.991161 9.781522 9.411490 8.934381 9.609505 8.181251 7.217848 6.577524 8.744942 7.330032 7.054034 7.066883 7.165933 7.140893 7.235008 7.228157 7.393816 7.215114 7.034802 6.655117 7.931201 7.340178 5.931834 5.702925 3.804191 1.666604 1.242197 0.803224 0.341536 0.329452 0.333017 0.287918 0.198818 0.157950 0.142073 0.085940 0.030518 0.019155 0.015393 0.013091 0.012160
0.000000 0.000000 0.000000 0.000000 0.000000 0.000000 0.009210 0.269976 0.700890 0.323970 0.228550 0.505771 0.994740 1.729202 2.293504 4.573608 8.394724 10.728031 11.584859 10.416068 8.631119 8.642811 8.868874 8.621634 8.169202 7.433412 9.188141 9.106988 6.601255 6.614356 7.238172 7.149093 6.927546 6.963498 6.899988 6.910405 6.881758 6.851944 6.753889 6.749233 6.469387 6.521014 6.837643 6.985767 6.115325 5.401795 5.249813 2.343973 1.408690 0.627523 0.404141 0.386346 0.372462 0.322464 0.240258 0.174906 0.123205 0.066771 0.036200 0.023972 0.017385 0.014721 0.011818
0.000000 0.000000 0.000000 0.000000 0.000000 0.001279 0.123430 0.647968 0.848419 0.264988 0.454512 0.911176 1.608199 2.270803 3.222954 5.984353 9.409104 10.914655 11.745375 9.067257 8.609309 8.938356 9.032287 9.405426 8.749735 7.387820 6.737049 8.856603 6.737731 6.729721 6.691214 6.820963 6.715605 6.621868 6.642279 6.652865 6.590897 6.400550 6.258468 6.148729 6.082804 5.990200 6.116011 7.538976 6.384300 5.624823 5.352583 3.355907 1.327119 0.555232 0.449834 0.444387 0.444674 0.390885 0.291126 0.185138 0.103448 0.062651 0.038085 0.020245 0.012711 0.007733 0.003165
0.000000 0.000000 0.000000 0.000000 0.000019 0.016515 0.322616 0.892403 0.809138 0.387324 0.746465 1.251019 1.542615 1.846402 2.971175 6.919357 10.023431 11.175095 11.870123 8.698724 8.861293 8.401974 8.742990 9.000896 8.780218 7.458373 6.566902 8.370346 6.666697 6.585717 6.551626 6.597111 6.509638 6.405820 6.397320 6.329256 6.206930 6.063096 5.913020 5.675176 5.643163 5.522632 5.630689 7.018982 7.345503 6.022891 5.126281 3.856233 1.367499 0.637557 0.490868 0.492169 0.496719 0.433593 0.321912 0.185031 0.099042 0.063027 0.035076 0.013949 0.005105 0.001253 0.000149
0.000000 0.000000 0.000000 0.000000 0.000634 0.096995 0.694548 1.139782 0.359399 0.583655 1.068511 1.524389 1.803508 2.505816 3.795069 7.878832 10.596882 11.524965 11.596441 8.878692 8.697429 8.662973 8.599628 7.859499 7.388642 7.031759 6.467745 7.483398 6.577467 6.441587 6.365111 6.287252 6.242206 6.243095 6.190608 6.131058 5.976523 5.857369 5.428794 5.003240 4.880010 4.874691 5.155122 5.383437 7.469221 5.836861 5.240714 3.413840 1.742486 0.762640 0.538566 0.531049 0.536602 0.463663 0.334182 0.191356 0.097526 0.063829 0.028639 0.006021 0.000672 0.000282 0.000000
0.000000 0.000000 0.000000 0.000000 0.003459 0.195906 0.971585 1.384541 0.416945 0.821441 1.381576 1.856510 2.565286 3.283894 4.567594 8.645697 11.060885 11.910692 10.826019 9.037218 8.510225 8.147774 8.009077 7.709164 7.280927 7.134739 6.366814 6.999629 6.338414 6.242089 6.179689 6.103300 6.042924 6.005143 5.953133 5.868076 5.644116 5.189420 4.620388 4.375878 4.212945 4.185942 4.398114 4.635755 6.474554 6.417928 5.226022 4.026044 2.236572 0.946399 0.602956 0.565275 0.574216 0.502539 0.347040 0.199000 0.093777 0.058294 0.019865 0.001660 0.000708 0.000392 0.000067
0.000000 0.000000 0.000000 0.000004 0.012425 0.437613 1.081922 0.717732 0.541616 1.078945 1.644782 2.083322 3.075100 3.801038 5.764885 9.271068 11.451231 12.193546 10.105255 9.228735 8.830120 7.731222 7.877098 7.782233 7.053575 7.217803 6.177516 6.478719 6.115438 6.068755 5.976019 5.863002 5.778893 5.748470 5.610032 5.311231 4.857078 4.225989 3.829459 3.678542 3.402516 3.068767 3.460881 4.064236 4.960580 6.834901 5.561296 4.794398 2.753830 1.202477 0.695813 0.610751 0.620934 0.555745 0.380968 0.205957 0.096487 0.048713 0.014838 0.002966 0.001124 0.000391 0.000115
0.000000 0.000000 0.000000 0.000060 0.034272 0.656604 1.314424 0.348859 0.713313 1.322503 1.835932 2.347401 3.278793 4.317527 7.013891 10.098848 11.926942 12.535102 9.850364 9.364607 8.527590 8.213774 7.838293 7.766762 6.837276 6.403120 5.948596 5.945916 5.883361 5.798177 5.672497 5.541469 5.475290 5.330986 4.918061 4.362172 3.924377 3.457829 3.279001 2.934483 2.581742 2.503941 2.993757 3.709421 4.670064 6.203603 6.136247 5.333652 3.777986 1.496492 0.823605 0.668144 0.669181 0.617014 0.428068 0.223886 0.102604 0.039358 0.012916 0.004160 0.001571 0.000488 0.000055
0.000000 0.000000 0.000000 0.000567 0.111299 0.741270 1.014903 0.393442 0.888994 1.494124 1.937644 2.633162 3.811795 4.782324 7.896929 10.809870 12.193173 12.759859 9.889877 9.468168 8.906649 8.713162 8.131932 7.085882 6.511611 6.064127 5.562785 5.510918 5.457628 5.290841 5.228519 5.038036 4.895107 4.405557 3.725533 3.108782 2.812240 2.470377 2.347225 1.886531 2.099601 2.425603 2.836926 3.459928 4.427128 5.608427 6.769029 5.720993 4.384803 2.166283 0.992689 0.751697 0.737880 0.684721 0.478149 0.254545 0.110499 0.039446 0.013703 0.005033 0.001724 0.000502 0.000073
0.000000 0.000000 0.000000 0.003875 0.278549 0.743749 0.232119 0.506214 1.038931 1.534184 2.047028 3.285745 4.774122 5.575882 8.808518 11.145892 12.150093 12.461006 9.760272 9.362552 9.433413 9.333374 8.092206 6.969183 6.675922 5.808180 5.696692 5.608813 5.568071 5.319465 5.030621 4.572346 4.109520 3.443795 2.783029 2.193562 1.957574 1.752091 1.760113 1.867579 2.093494 2.355842 2.733845 3.298030 4.015033 5.439595 7.180463 6.360903 4.595383 2.805284 1.191836 0.877344 0.826097 0.762178 0.542251 0.293879 0.123753 0.046687 0.016604 0.005645 0.001778 0.000412 0.000079
0.000000 0.000000 0.000071 0.029703 0.398189 0.452159 0.212386 0.634022 1.161897 1.580255 2.207172 4.441325 5.448651 6.159630 9.602843 11.350196 12.163185 12.182640 9.918478 9.392899 10.007439 10.012602 9.163064 6.732627 6.366674 5.588109 5.306183 5.326038 5.009613 4.615292 4.080942 3.422176 2.703720 2.083703 1.468071 1.509512 1.597396 1.668115 1.737679 1.886130 2.089767 2.310226 2.659760 3.130790 3.744830 4.707347 6.907024 6.999145 4.829206 3.415037 1.434474 1.029551 0.919784 0.852858 0.626370 0.342385 0.146731 0.058090 0.021332 0.006323 0.001935 0.000437 0.000089
