data/RealTopo/Outputs_RealTopo/relWog_02RealTopo_null_minVoellmyv2_pft.asc
ncols 490
nrows 555
xllcenter 167455.00
yllcenter 361955.00
cellsize 5.00
nodata_value nan
[rows 224 to 251 of 555, columns 189 to 251 of 490]
0.011133 0.101329 0.335969 0.708701 1.201778 1.873625 2.489258 3.143421 4.071475 5.244269 6.292457 6.496223 7.633877 9.851475 14.082982 11.909157 8.989851 7.944651 7.646238 7.487078 7.077331 6.704356 6.369599 5.920542 5.334965 4.501836 3.631806 2.784392 1.887851 1.091151 0.515137 0.202272 0.052163 0.004907 0.000000 0.000000 0.000000 0.000000 0.000000 0.000000 0.000000 0.000000 0.000000 0.000000 0.000000 0.000000 0.000000 0.000000 0.000000 0.000000 0.000000 0.000000 0.000000 0.000000 0.000000 0.000000 0.000000 0.000000 0.000000 0.000000 0.000000 0.000000 0.000000
0.001375 0.028792 0.125672 0.318291 0.600876 1.019836 1.686460 2.307893 3.008426 4.028434 4.313693 5.498696 6.191993 7.310684 9.092307 13.727038 12.660617 8.950831 7.980775 8.144159 8.048455 7.855249 7.618756 7.297598 6.748453 6.024311 5.150881 4.109447 2.990235 1.959864 1.118131 0.489549 0.149257 0.027495 0.001395 0.000000 0.000000 0.000000 0.000000 0.000000 0.000000 0.000000 0.000000 0.000000 0.000000 0.000000 0.000000 0.000000 0.000000 0.000000 0.000000 0.000000 0.000000 0.000000 0.000000 0.000000 0.000000 0.000000 0.000000 0.000000 0.000000 0.000000 0.000000
0.000000 0.001978 0.025667 0.093341 0.223557 0.447161 0.819135 1.361918 1.927072 2.559610 3.347118 4.412536 5.317407 6.235265 7.403646 9.627205 14.630840 11.895508 9.358574 8.706087 8.562083 8.648669 8.711530 8.630715 8.390013 7.664712 6.835345 5.768620 4.626393 3.354538 2.025428 0.957174 0.354844 0.093796 0.014253 0.000497 0.000000 0.000000 0.000000 0.000000 0.000000 0.000000 0.000000 0.000000 0.000000 0.000000 0.000000 0.000000 0.000000 0.000000 0.000000 0.000000 0.000000 0.000000 0.000000 0.000000 0.000000 0.000000 0.000000 0.000000 0.000000 0.000000 0.000000
0.000000 0.000000 0.000045 0.006901 0.040347 0.111304 0.239462 0.475646 0.819557 1.175489 1.839635 2.643582 3.768743 5.200205 6.870289 9.001176 11.457950 12.973301 11.975612 10.248831 9.367746 9.411307 9.446461 9.406725 9.345852 8.949905 8.205163 7.343503 6.240336 4.729304 2.989595 1.633602 0.728476 0.254667 0.063965 0.011286 0.001652 0.000000 0.000000 0.000000 0.000000 0.000000 0.000000 0.000000 0.000000 0.000000 0.000000 0.000000 0.000000 0.000000 0.000000 0.000000 0.000000 0.000000 0.000000 0.000000 0.000000 0.000000 0.000000 0.000000 0.000000 0.000000 0.000000
0.000000 0.000000 0.000000 0.000000 0.000000 0.001863 0.022091 0.068624 0.151649 0.276343 0.497554 0.859510 1.599983 2.642366 4.191482 6.471668 8.233910 9.297800 10.340125 12.000369 11.128218 9.978249 9.867516 9.722141 9.493089 9.341370 8.818145 8.314233 7.363546 5.825720 4.066166 2.522793 1.343539 0.594426 0.220680 0.071281 0.023874 0.005334 0.001011 0.000045 0.000000 0.000000 0.000000 0.000000 0.000000 0.000000 0.000000 0.000000 0.000000 0.000000 0.000000 0.000000 0.000000 0.000000 0.000000 0.000000 0.000000 0.000000 0.000000 0.000000 0.000000 0.000000 0.000000
0.000000 0.000000 0.000000 0.000000 0.000000 0.000000 0.000000 0.000187 0.005385 0.022255 0.052304 0.128691 0.341985 0.850619 1.781115 3.237249 4.594562 5.140072 6.142528 7.987372 10.554045 11.422359 10.409423 10.302533 10.020919 9.768771 9.191772 8.754665 8.521698 7.517691 5.747064 3.713018 2.215676 1.176093 0.548288 0.256690 0.126030 0.063838 0.028274 0.008599 0.002406 0.000047 0.000000 0.000000 0.000000 0.000000 0.000000 0.000000 0.000000 0.000000 0.000000 0.000000 0.000000 0.000000 0.000000 0.000000 0.000000 0.000000 0.000000 0.000000 0.000000 0.000000 0.000000
0.000000 0.000000 0.000000 0.000000 0.000000 0.000000 0.000000 0.000000 0.000120 0.006173 0.022015 0.031833 0.039483 0.167627 0.571830 1.267932 1.902873 2.434012 3.269175 4.284120 5.858366 8.611076 11.377794 11.727419 11.145327 10.512523 10.090642 9.615615 9.612094 9.144406 7.495785 5.311562 3.366258 2.062877 1.154540 0.590583 0.319287 0.192545 0.118908 0.065839 0.028133 0.005527 0.000124 0.000000 0.000000 0.000000 0.000000 0.000000 0.000000 0.000000 0.000000 0.000000 0.000000 0.000000 0.000000 0.000000 0.000000 0.000000 0.000000 0.000000 0.000000 0.000000 0.000000
0.000000 0.000000 0.000000 0.000000 0.000000 0.000000 0.000000 0.000000 0.000000 0.001811 0.017561 0.042686 0.036218 0.033618 0.133619 0.413929 0.681453 0.932820 1.370052 2.112554 3.196676 4.537660 6.741565 11.040845 12.984534 11.789081 11.476065 10.983567 10.623347 10.424977 9.207480 6.990780 4.892718 3.193054 1.876336 1.016084 0.575751 0.378332 0.257349 0.161254 0.079007 0.027440 0.005075 0.000033 0.000000 0.000000 0.000000 0.000000 0.000000 0.000000 0.000000 0.000000 0.000000 0.000000 0.000000 0.000000 0.000000 0.000000 0.000000 0.000000 0.000000 0.000000 0.000000
0.000000 0.000000 0.000000 0.000000 0.000000 0.000000 0.000000 0.000000 0.000018 0.000067 0.006239 0.034047 0.057658 0.057972 0.062843 0.171529 0.303096 0.298714 0.369622 0.624743 1.164909 2.074996 3.357848 5.533876 9.628887 12.657999 13.057506 12.837737 12.501343 12.107036 10.956463 8.680673 6.366178 4.632104 2.897090 1.511484 0.828537 0.563502 0.407258 0.274185 0.157563 0.069348 0.021502 0.002383 0.000044 0.000005 0.000000 0.000000 0.000000 0.000000 0.000000 0.000000 0.000000 0.000000 0.000000 0.000000 0.000000 0.000000 0.000000 0.000000 0.000000 0.000000 0.000000
0.000000 0.000000 0.000000 0.000000 0.000000 0.000000 0.000000 0.000000 0.000031 0.000239 0.001284 0.017118 0.061747 0.074886 0.088055 0.146557 0.231615 0.212580 0.182435 0.199309 0.290565 0.605158 1.249048 2.253611 4.154456 7.670892 11.749091 13.238020 13.952709 14.427802 13.336168 10.657305 7.750437 5.740168 3.937352 2.209068 1.145155 0.747194 0.570572 0.408810 0.254831 0.130853 0.050315 0.011020 0.000399 0.000065 0.000037 0.000003 0.000000 0.000000 0.000000 0.000000 0.000000 0.000000 0.000000 0.000000 0.000000 0.000000 0.000000 0.000000 0.000000 0.000000 0.000000
0.000000 0.000000 0.000000 0.000000 0.000000 0.000000 0.000000 0.000000 0.000000 0.000000 0.000000 0.003965 0.034681 0.078629 0.121982 0.134170 0.171396 0.208125 0.191913 0.202934 0.207030 0.251593 0.405696 0.794846 1.719187 3.469505 6.498921 10.533314 14.104610 16.213797 15.400929 12.088973 8.801651 6.989341 5.201107 3.012136 1.466515 0.916138 0.717581 0.548255 0.371112 0.215281 0.094310 0.026915 0.002447 0.000212 0.000162 0.000072 0.000009 0.000000 0.000000 0.000000 0.000000 0.000000 0.000000 0.000000 0.000000 0.000000 0.000000 0.000000 0.000000 0.000000 0.000000
0.000000 0.000000 0.000000 0.000000 0.000000 0.000000 0.000000 0.000000 0.000000 0.000000 0.000000 0.000548 0.016967 0.071456 0.139362 0.145886 0.140290 0.176765 0.200943 0.233368 0.256719 0.253849 0.309143 0.421046 0.759564 1.653427 3.358453 6.349962 9.994918 14.497523 18.318317 14.057798 9.336848 7.597443 6.293635 3.894270 1.819438 1.062377 0.825048 0.693495 0.531586 0.319675 0.154930 0.053426 0.008857 0.000709 0.000289 0.000206 0.000063 0.000000 0.000000 0.000000 0.000000 0.000000 0.000000 0.000000 0.000000 0.000000 0.000000 0.000000 0.000000 0.000000 0.000000
0.000000 0.000000 0.000000 0.000000 0.000000 0.000000 0.000000 0.000000 0.000000 0.000000 0.000000 0.000008 0.003678 0.036671 0.123015 0.159468 0.141470 0.164144 0.208758 0.229512 0.257834 0.289593 0.335160 0.385633 0.512468 0.923609 2.020630 4.283115 6.394256 9.358995 15.253462 16.543350 9.040264 7.190496 6.489435 4.423011 1.978785 1.078162 0.838822 0.724134 0.618682 0.440506 0.232187 0.085108 0.018182 0.001624 0.000263 0.000297 0.000191 0.000025 0.000000 0.000000 0.000000 0.000000 0.000000 0.000000 0.000000 0.000000 0.000000 0.000000 0.000000 0.000000 0.000000
0.000000 0.000000 0.000000 0.000000 0.000000 0.000000 0.000000 0.000000 0.000000 0.000000 0.000000 0.000000 0.000233 0.012863 0.072627 0.155329 0.144824 0.161711 0.208072 0.212994 0.235063 0.290909 0.347586 0.398237 0.460862 0.695394 1.335010 2.601579 4.859436 8.895180 14.166123 18.353659 10.939888 8.156024 7.664877 5.649914 2.575664 1.318076 1.013649 0.869160 0.706824 0.495272 0.278604 0.116834 0.027211 0.002672 0.000287 0.000308 0.000369 0.000141 0.000000 0.000000 0.000000 0.000000 0.000000 0.000000 0.000000 0.000000 0.000000 0.000000 0.000000 0.000000 0.000000
0.000000 0.000000 0.000000 0.000000 0.000000 0.000000 0.000000 0.000000 0.000000 0.000000 0.000000 0.000000 0.000003 0.001494 0.035597 0.116830 0.135855 0.152089 0.195605 0.197505 0.214956 0.269804 0.332151 0.409890 0.456610 0.609940 0.897020 1.564461 3.956248 7.333451 11.956647 18.275901 12.039719 8.672299 9.090732 7.476070 3.584875 1.786014 1.337439 1.085775 0.878642 0.647334 0.402618 0.182953 0.045257 0.005306 0.000467 0.000229 0.000414 0.000316 0.000000 0.000000 0.000000 0.000000 0.000000 0.000000 0.000000 0.000000 0.000000 0.000000 0.000000 0.000000 0.000000
0.000000 0.000000 0.000000 0.000000 0.000000 0.000000 0.000000 0.000000 0.000000 0.000000 0.000000 0.000000 0.000000 0.000039 0.014534 0.064421 0.117412 0.145084 0.178611 0.195597 0.206076 0.247367 0.309079 0.384702 0.453162 0.549439 0.765490 1.351002 2.875489 5.556900 9.355497 11.169949 12.858634 10.312612 9.136586 8.584670 4.982893 2.621353 1.759826 1.416027 1.193536 0.905727 0.595804 0.267887 0.079508 0.011286 0.000699 0.000240 0.000309 0.000405 0.000004 0.000000 0.000000 0.000000 0.000000 0.000000 0.000000 0.000000 0.000000 0.000000 0.000000 0.000000 0.000000
0.000000 0.000000 0.000000 0.000000 0.000000 0.000000 0.000000 0.000000 0.000000 0.000000 0.000000 0.000000 0.000000 0.000015 0.004539 0.032794 0.085101 0.137515 0.171299 0.208542 0.205424 0.228318 0.287860 0.340874 0.445221 0.516172 0.746595 1.168847 2.316451 4.751903 6.870935 7.585238 10.558049 15.571224 12.665450 9.312310 5.747119 3.475149 2.572523 2.110178 1.606636 1.220091 0.793040 0.369601 0.125490 0.020088 0.001012 0.000296 0.000320 0.000430 0.000030 0.000000 0.000000 0.000000 0.000000 0.000000 0.000000 0.000000 0.000000 0.000000 0.000000 0.000000 0.000000
0.000000 0.000000 0.000000 0.000000 0.000000 0.000000 0.000000 0.000000 0.000000 0.000000 0.000000 0.000000 0.000000 0.000000 0.000730 0.013176 0.052839 0.109678 0.146182 0.199690 0.200989 0.216360 0.261842 0.354539 0.465096 0.540543 0.691401 1.019348 1.934223 3.822626 5.050061 6.342216 9.401993 17.423271 16.658805 11.685038 7.686487 4.509044 3.104338 2.324514 1.940554 1.606336 1.068119 0.532097 0.189505 0.038756 0.002609 0.000425 0.000408 0.000423 0.000041 0.000000 0.000000 0.000000 0.000000 0.000000 0.000000 0.000000 0.000000 0.000000 0.000000 0.000000 0.000000
0.000000 0.000000 0.000000 0.000000 0.000000 0.000000 0.000000 0.000000 0.000000 0.000000 0.000000 0.000000 0.000000 0.000000 0.000001 0.001732 0.024123 0.069871 0.107144 0.163672 0.201777 0.203594 0.244375 0.339664 0.428659 0.544155 0.673214 0.939382 1.506251 2.463246 3.427656 5.305179 5.752856 9.084012 18.942161 17.209563 10.357632 6.488385 4.245075 3.053759 2.343209 1.951944 1.551159 0.779172 0.281887 0.070699 0.007408 0.000702 0.000554 0.000419 0.000051 0.000000 0.000000 0.000000 0.000000 0.000000 0.000000 0.000000 0.000000 0.000000 0.000000 0.000000 0.000000
0.000000 0.000000 0.000000 0.000000 0.000000 0.000000 0.000000 0.000000 0.000000 0.000000 0.000000 0.000000 0.000000 0.000000 0.000000 0.000001 0.006453 0.032175 0.063312 0.116447 0.183077 0.194635 0.216263 0.285682 0.388205 0.517152 0.663122 0.902240 1.220313 1.692685 2.557589 4.173268 5.291486 6.694293 12.089827 21.527682 14.156007 7.839546 5.255171 4.084954 3.293962 2.483320 1.805733 1.011149 0.414617 0.114993 0.018174 0.001445 0.000748 0.000417 0.000074 0.000000 0.000000 0.000000 0.000000 0.000000 0.000000 0.000000 0.000000 0.000000 0.000000 0.000000 0.000000
0.000000 0.000000 0.000000 0.000000 0.000000 0.000000 0.000000 0.000000 0.000000 0.000000 0.000000 0.000000 0.000000 0.000000 0.000000 0.000000 0.001607 0.011463 0.030293 0.069632 0.139421 0.195747 0.193483 0.244822 0.348027 0.478063 0.645002 0.853816 1.139828 1.532265 2.130501 2.915985 4.404305 6.182033 9.698807 17.867583 15.396752 8.143527 5.778594 5.598102 4.190913 2.761077 2.192334 1.368210 0.591639 0.182059 0.037546 0.004246 0.001048 0.000432 0.000095 0.000000 0.000000 0.000000 0.000000 0.000000 0.000000 0.000000 0.000000 0.000000 0.000000 0.000000 0.000000
0.000000 0.000000 0.000000 0.000000 0.000000 0.000000 0.000000 0.000000 0.000000 0.000000 0.000000 0.000000 0.000000 0.000000 0.000000 0.000000 0.000156 0.005351 0.014975 0.033017 0.087971 0.162656 0.178971 0.207567 0.299011 0.425598 0.609238 0.818383 1.131645 1.580907 2.151651 2.836786 3.436668 4.816461 8.645637 12.996599 13.411342 7.621528 5.273488 5.174327 4.234802 3.432799 2.873613 1.729680 0.813120 0.270097 0.066509 0.011143 0.001659 0.000544 0.000114 0.000000 0.000000 0.000000 0.000000 0.000000 0.000000 0.000000 0.000000 0.000000 0.000000 0.000000 0.000000
0.000000 0.000000 0.000000 0.000000 0.000000 0.000000 0.000000 0.000000 0.000000 0.000000 0.000000 0.000000 0.000000 0.000000 0.000000 0.000000 0.000000 0.002562 0.008185 0.016607 0.049168 0.104743 0.167427 0.177162 0.241827 0.357466 0.520840 0.753000 1.062390 1.507291 2.229176 3.143390 3.310769 3.703883 6.797219 9.693436 8.239563 6.300622 5.413369 5.581521 5.573434 4.542464 3.284020 2.187867 1.062679 0.380112 0.106766 0.022707 0.003719 0.000822 0.000159 0.000000 0.000000 0.000000 0.000000 0.000000 0.000000 0.000000 0.000000 0.000000 0.000000 0.000000 0.000000
0.000000 0.000000 0.000000 0.000000 0.000000 0.000000 0.000000 0.000000 0.000000 0.000000 0.000000 0.000000 0.000000 0.000000 0.000000 0.000000 0.000000 0.000401 0.002108 0.006140 0.022400 0.066524 0.124961 0.165101 0.195608 0.285844 0.434088 0.654297 0.935431 1.389037 2.156366 3.173427 3.962653 3.253573 4.977304 7.267586 6.068486 6.244067 7.089860 7.171107 6.670441 5.154991 3.738581 2.710518 1.339373 0.533528 0.160789 0.040279 0.008259 0.001340 0.000261 0.000000 0.000000 0.000000 0.000000 0.000000 0.000000 0.000000 0.000000 0.000000 0.000000 0.000000 0.000000
0.000000 0.000000 0.000000 0.000000 0.000000 0.000000 0.000000 0.000000 0.000000 0.000000 0.000000 0.000000 0.000000 0.000000 0.000000 0.000000 0.000007 0.000192 0.000757 0.002975 0.009568 0.031209 0.077647 0.151948 0.165982 0.224071 0.352703 0.549549 0.835645 1.263597 2.078589 3.085339 4.090509 3.594671 3.737649 6.457198 6.737571 7.185584 8.995022 9.296112 7.479231 5.065265 4.198810 3.174698 1.754449 0.741814 0.243666 0.067162 0.015640 0.002336 0.000422 0.000000 0.000000 0.000000 0.000000 0.000000 0.000000 0.000000 0.000000 0.000000 0.000000 0.000000 0.000000
0.000000 0.000000 0.000000 0.000000 0.000000 0.000000 0.000000 0.000000 0.000000 0.000000 0.000000 0.000000 0.000000 0.000000 0.000000 0.000000 0.000000 0.000000 0.000007 0.000080 0.000782 0.006852 0.042746 0.113476 0.150681 0.180151 0.283132 0.458845 0.713359 1.133781 1.802768 2.591287 3.629942 4.674030 3.572378 4.526955 5.996140 6.542423 8.442631 9.997947 7.194493 5.750904 5.491397 3.741092 2.226098 1.006099 0.365198 0.106549 0.028440 0.005010 0.000770 0.000000 0.000000 0.000000 0.000000 0.000000 0.000000 0.000000 0.000000 0.000000 0.000000 0.000000 0.000000
0.000000 0.000000 0.000000 0.000000 0.000000 0.000000 0.000000 0.000000 0.000000 0.000000 0.000000 0.000000 0.000000 0.000000 0.000000 0.000000 0.000000 0.000000 0.000000 0.000000 0.000001 0.000206 0.016043 0.069963 0.131090 0.143224 0.211207 0.350866 0.578446 0.960335 1.440406 2.035590 3.038377 3.923890 4.787297 4.679461 6.001419 7.207174 7.882469 10.408409 8.177471 7.664294 6.232987 4.338115 2.781050 1.373569 0.525221 0.171273 0.050168 0.009765 0.001279 0.000000 0.000000 0.000000 0.000000 0.000000 0.000000 0.000000 0.000000 0.000000 0.000000 0.000000 0.000000
0.000000 0.000000 0.000000 0.000000 0.000000 0.000000 0.000000 0.000000 0.000000 0.000000 0.000000 0.000000 0.000000 0.000000 0.000000 0.000000 0.000000 0.000000 0.000000 0.000000 0.000009 0.000070 0.003615 0.035536 0.090682 0.117647 0.152009 0.248470 0.441816 0.721576 1.136762 1.706306 2.324773 3.343579 4.832940 6.152252 7.772640 10.959706 11.689881 15.930850 11.499767 8.513662 6.777145 4.966724 3.460588 1.789734 0.749731 0.271364 0.081375 0.017010 0.001879 0.000003 0.000000 0.000000 0.000000 0.000000 0.000000 0.000000 0.000000 0.000000 0.000000 0.000000 0.000000
