data/RealTopo/Outputs_RealTopo/relWog_02RealTopo_null_avaflow_pft.asc
ncols 491
nrows 556
xllcenter 167450.00
yllcenter 361950.00
cellsize 5.00
NODATA_value -9999.000
[rows 306 to 339 of 556, columns 231 to 307 of 491]
0.000 0.000 0.000 0.000 0.000 0.000 0.000 0.000 0.001 0.002 0.005 0.014 0.039 0.105 0.254 0.557 1.128 1.840 2.478 2.931 3.307 3.748 4.545 5.643 6.936 8.639 10.902 12.929 13.690 13.390 12.066 9.933 7.350 6.485 6.332 6.409 7.245 7.864 7.032 5.569 3.604 2.578 2.561 2.622 2.793 3.044 3.296 3.530 3.800 4.183 4.707 5.229 5.615 5.865 5.909 5.800 5.358 4.452 3.615 3.137 2.931 2.788 2.627 2.421 2.197 2.005 1.799 1.568 1.372 1.229 1.113 0.996 0.866 0.702 0.492 0.279 0.139
0.000 0.000 0.000 0.000 0.000 0.000 0.000 0.000 0.001 0.001 0.003 0.006 0.016 0.043 0.110 0.262 0.595 1.152 1.802 2.300 2.682 3.164 4.027 5.014 6.093 7.556 9.593 11.931 13.470 13.715 12.880 11.007 9.115 7.158 7.286 7.464 8.304 8.996 8.303 6.777 4.751 3.027 2.417 2.459 2.660 2.906 3.118 3.315 3.536 3.848 4.402 4.901 5.243 5.537 5.704 5.745 5.614 5.145 4.246 3.533 3.206 3.060 2.926 2.744 2.521 2.301 2.078 1.806 1.556 1.375 1.241 1.121 0.992 0.838 0.630 0.392 0.205
0.000 0.000 0.000 0.000 0.000 0.000 0.000 0.000 0.000 0.001 0.001 0.003 0.007 0.017 0.044 0.110 0.266 0.597 1.070 1.517 1.950 2.470 3.319 4.223 5.233 6.545 8.342 10.502 12.472 13.455 13.393 11.917 10.159 8.618 7.999 8.382 9.000 9.683 9.409 8.219 6.205 4.095 2.636 2.378 2.506 2.709 2.918 3.104 3.288 3.583 4.087 4.642 5.013 5.234 5.427 5.560 5.615 5.501 4.962 4.086 3.531 3.318 3.187 3.045 2.862 2.635 2.368 2.075 1.775 1.545 1.387 1.247 1.115 0.966 0.774 0.532 0.299
0.000 0.000 0.000 0.000 0.000 0.000 0.000 0.000 0.000 0.000 0.001 0.001 0.003 0.007 0.017 0.043 0.108 0.260 0.506 0.797 1.153 1.650 2.383 3.272 4.219 5.437 7.062 8.906 10.749 12.403 13.066 12.692 11.206 9.629 8.473 8.841 9.452 10.093 9.999 9.328 7.723 5.563 3.574 2.346 2.349 2.483 2.663 2.841 3.036 3.349 3.787 4.317 4.767 5.101 5.355 5.507 5.564 5.575 5.322 4.653 3.965 3.582 3.446 3.329 3.183 2.946 2.652 2.349 2.018 1.741 1.542 1.383 1.236 1.093 0.921 0.692 0.426
0.000 0.000 0.000 0.000 0.000 0.000 0.000 0.000 0.000 0.000 0.000 0.001 0.001 0.003 0.007 0.016 0.041 0.099 0.200 0.342 0.542 0.848 1.319 2.018 2.950 4.105 5.531 7.162 8.844 10.571 12.038 12.600 12.162 10.836 9.591 9.192 9.725 10.030 10.140 9.845 8.686 6.956 4.820 2.937 2.270 2.237 2.343 2.569 2.808 3.113 3.510 4.012 4.504 4.920 5.234 5.410 5.512 5.548 5.446 5.018 4.339 3.901 3.737 3.599 3.442 3.240 2.964 2.633 2.287 1.960 1.710 1.525 1.370 1.226 1.065 0.853 0.578
0.000 0.000 0.000 0.000 0.000 0.000 0.000 0.000 0.000 0.000 0.000 0.000 0.001 0.001 0.003 0.006 0.015 0.034 0.069 0.125 0.213 0.355 0.593 0.977 1.576 2.495 3.745 5.136 6.557 8.239 10.323 11.836 12.307 11.716 10.438 10.024 9.985 10.048 10.020 9.910 9.273 8.086 6.190 3.821 2.282 2.217 2.191 2.301 2.553 2.855 3.249 3.764 4.288 4.680 4.967 5.244 5.435 5.533 5.506 5.245 4.647 4.177 4.044 3.879 3.683 3.514 3.303 2.969 2.575 2.187 1.892 1.677 1.510 1.355 1.194 1.001 0.738
0.000 0.000 0.000 0.000 0.000 0.000 0.000 0.000 0.000 0.000 0.000 0.000 0.000 0.001 0.001 0.003 0.006 0.012 0.023 0.042 0.074 0.130 0.229 0.401 0.695 1.181 1.911 2.883 4.109 5.794 8.092 10.349 11.737 11.953 11.089 10.563 10.449 10.359 10.191 10.081 10.003 9.340 7.830 5.153 2.760 2.281 2.258 2.220 2.282 2.551 2.953 3.497 4.010 4.354 4.677 4.994 5.308 5.502 5.546 5.418 4.967 4.446 4.312 4.185 3.961 3.758 3.592 3.313 2.898 2.443 2.110 1.855 1.649 1.478 1.314 1.130 0.888
0.000 0.000 0.000 0.000 0.000 0.000 0.000 0.000 0.000 0.000 0.000 0.000 0.000 0.000 0.001 0.001 0.002 0.004 0.008 0.015 0.025 0.044 0.079 0.144 0.261 0.467 0.808 1.334 2.121 3.374 5.353 7.890 10.248 11.456 11.417 10.788 10.782 10.694 10.687 10.639 10.572 10.176 9.166 6.677 3.551 2.417 2.401 2.288 2.245 2.315 2.601 3.101 3.577 3.996 4.326 4.688 5.057 5.340 5.537 5.560 5.313 4.813 4.584 4.480 4.261 3.998 3.819 3.605 3.251 2.753 2.358 2.062 1.815 1.614 1.434 1.249 1.034
0.000 0.000 0.000 0.000 0.000 0.000 0.000 0.000 0.000 0.000 0.000 0.000 0.000 0.000 0.000 0.000 0.001 0.002 0.003 0.006 0.009 0.016 0.027 0.048 0.086 0.156 0.278 0.487 0.836 1.453 2.548 4.418 7.195 9.890 11.055 10.878 10.789 11.030 10.910 10.826 10.732 10.558 9.769 7.674 4.377 2.462 2.506 2.443 2.348 2.332 2.425 2.635 3.084 3.520 3.902 4.288 4.678 5.036 5.392 5.613 5.599 5.311 4.989 4.828 4.605 4.257 4.023 3.875 3.589 3.145 2.636 2.285 2.015 1.778 1.573 1.382 1.181
0.000 0.000 0.000 0.000 0.000 0.000 0.000 0.000 0.000 0.000 0.000 0.000 0.000 0.000 0.000 0.000 0.000 0.001 0.001 0.002 0.004 0.006 0.010 0.017 0.027 0.047 0.082 0.141 0.250 0.460 0.870 1.666 3.302 6.254 9.161 10.423 10.687 11.000 11.009 10.886 10.750 10.486 9.856 8.188 5.226 2.850 2.532 2.550 2.515 2.465 2.443 2.508 2.702 3.010 3.385 3.747 4.109 4.578 5.099 5.526 5.706 5.682 5.527 5.339 5.111 4.711 4.352 4.173 3.929 3.544 2.975 2.540 2.241 1.980 1.747 1.544 1.344
0.000 0.000 0.000 0.000 0.000 0.000 0.000 0.000 0.000 0.000 0.000 0.000 0.000 0.000 0.000 0.000 0.000 0.000 0.000 0.001 0.002 0.003 0.004 0.007 0.010 0.016 0.025 0.039 0.064 0.113 0.214 0.436 0.973 2.363 5.081 8.241 10.121 10.746 10.942 10.674 10.468 10.092 9.431 8.285 6.056 3.409 2.515 2.568 2.575 2.579 2.521 2.477 2.549 2.758 3.017 3.256 3.547 4.076 4.755 5.324 5.713 5.869 5.854 5.761 5.627 5.358 4.940 4.572 4.252 3.895 3.353 2.838 2.489 2.215 1.969 1.744 1.531
0.000 0.000 0.000 0.000 0.000 0.000 0.000 0.000 0.000 0.000 0.000 0.000 0.000 0.000 0.000 0.000 0.000 0.000 0.000 0.000 0.001 0.001 0.002 0.003 0.005 0.007 0.010 0.014 0.020 0.029 0.048 0.093 0.321 1.011 2.662 5.340 8.279 10.152 10.669 10.649 10.199 9.876 9.178 8.102 6.474 4.050 2.389 2.514 2.600 2.607 2.586 2.509 2.479 2.566 2.772 3.013 3.224 3.570 4.291 5.035 5.619 5.944 6.039 6.024 5.947 5.854 5.592 5.136 4.675 4.237 3.746 3.180 2.757 2.462 2.216 1.980 1.759
0.000 0.000 0.000 0.000 0.000 0.000 0.000 0.000 0.000 0.000 0.000 0.000 0.000 0.000 0.000 0.000 0.000 0.000 0.000 0.000 0.001 0.001 0.001 0.002 0.003 0.004 0.005 0.007 0.010 0.016 0.033 0.072 0.155 0.442 1.272 3.134 5.656 8.960 10.366 10.713 10.487 9.942 9.307 8.245 6.716 4.594 2.555 2.315 2.474 2.569 2.581 2.515 2.476 2.449 2.543 2.868 3.070 3.235 3.678 4.511 5.331 5.881 6.131 6.174 6.129 6.092 6.039 5.784 5.307 4.734 4.175 3.569 3.083 2.735 2.468 2.229 2.007
0.000 0.000 0.000 0.000 0.000 0.000 0.000 0.000 0.000 0.000 0.000 0.000 0.000 0.000 0.000 0.000 0.000 0.000 0.001 0.001 0.001 0.001 0.001 0.002 0.002 0.003 0.004 0.006 0.010 0.018 0.038 0.083 0.179 0.360 0.649 1.678 3.730 6.774 9.693 10.614 10.831 10.465 9.773 8.629 7.011 4.851 2.941 2.011 2.199 2.277 2.398 2.466 2.458 2.367 2.356 2.690 2.932 3.053 3.225 3.721 4.647 5.538 6.060 6.270 6.296 6.263 6.311 6.333 6.069 5.438 4.719 4.031 3.481 3.062 2.739 2.495 2.262
0.000 0.000 0.000 0.000 0.000 0.000 0.000 0.000 0.000 0.000 0.000 0.000 0.000 0.000 0.000 0.000 0.000 0.000 0.001 0.001 0.001 0.001 0.002 0.002 0.002 0.003 0.004 0.006 0.010 0.020 0.043 0.094 0.204 0.411 0.746 1.181 2.293 4.376 8.219 10.135 10.723 10.793 10.323 9.261 7.436 5.171 3.253 2.116 2.138 2.269 2.259 2.298 2.329 2.325 2.387 2.600 2.829 2.924 3.004 3.261 3.838 4.729 5.600 6.171 6.372 6.433 6.509 6.610 6.537 6.115 5.417 4.623 3.986 3.466 3.053 2.780 2.533
0.000 0.000 0.000 0.000 0.000 0.000 0.000 0.000 0.000 0.000 0.000 0.000 0.000 0.000 0.000 0.000 0.000 0.000 0.001 0.001 0.001 0.001 0.002 0.002 0.002 0.003 0.004 0.006 0.011 0.022 0.049 0.108 0.234 0.470 0.858 1.315 1.656 3.050 6.255 9.230 10.259 10.638 10.406 9.635 7.972 5.655 3.456 2.510 2.058 2.276 2.269 2.242 2.301 2.484 2.604 2.673 2.794 2.888 2.960 3.103 3.402 3.898 4.725 5.634 6.230 6.480 6.627 6.725 6.747 6.559 6.084 5.375 4.611 3.982 3.469 3.099 2.830
0.000 0.000 0.000 0.000 0.000 0.000 0.000 0.000 0.000 0.000 0.000 0.000 0.000 0.000 0.000 0.000 0.000 0.001 0.001 0.001 0.001 0.002 0.002 0.002 0.002 0.003 0.004 0.006 0.011 0.024 0.054 0.121 0.267 0.540 0.972 1.423 1.712 2.192 4.426 8.034 10.054 10.457 10.338 9.776 8.364 6.142 3.938 2.804 2.236 2.169 2.266 2.254 2.347 2.567 2.777 2.848 2.850 2.907 3.004 3.093 3.239 3.514 3.962 4.726 5.672 6.327 6.613 6.750 6.787 6.747 6.500 6.024 5.349 4.657 4.030 3.526 3.178
0.000 0.000 0.000 0.000 0.000 0.000 0.000 0.000 0.000 0.000 0.000 0.000 0.000 0.000 0.000 0.000 0.001 0.001 0.001 0.001 0.001 0.002 0.002 0.002 0.003 0.003 0.004 0.007 0.012 0.026 0.059 0.135 0.294 0.606 1.089 1.500 1.730 2.159 3.004 6.733 10.008 11.147 10.834 9.957 8.551 6.372 4.230 3.087 2.575 2.109 2.137 2.229 2.370 2.538 2.791 2.967 3.004 3.004 3.065 3.123 3.205 3.373 3.653 4.096 4.882 5.809 6.412 6.687 6.770 6.773 6.654 6.389 5.950 5.396 4.752 4.131 3.646
0.000 0.000 0.000 0.000 0.000 0.000 0.000 0.000 0.000 0.000 0.000 0.000 0.000 0.000 0.000 0.000 0.001 0.001 0.001 0.001 0.002 0.002 0.002 0.003 0.003 0.004 0.004 0.007 0.013 0.028 0.064 0.146 0.318 0.646 1.161 1.566 1.766 2.164 2.637 4.840 9.252 11.832 11.851 10.661 8.745 6.432 4.315 3.253 2.849 2.440 1.912 2.081 2.281 2.538 2.764 2.984 3.105 3.145 3.147 3.169 3.227 3.344 3.564 3.903 4.337 5.050 5.905 6.476 6.690 6.738 6.668 6.484 6.260 5.962 5.431 4.812 4.254
0.000 0.000 0.000 0.000 0.000 0.000 0.000 0.000 0.000 0.000 0.000 0.000 0.000 0.000 0.001 0.001 0.001 0.001 0.001 0.001 0.002 0.002 0.002 0.003 0.003 0.004 0.005 0.008 0.015 0.031 0.070 0.157 0.339 0.676 1.181 1.584 1.797 2.211 2.629 2.969 7.451 11.423 12.454 11.612 9.219 6.664 4.529 3.469 3.198 2.782 2.200 1.875 2.092 2.447 2.739 2.949 3.112 3.230 3.289 3.299 3.344 3.417 3.609 3.839 4.088 4.501 5.282 6.048 6.484 6.629 6.596 6.450 6.357 6.258 5.940 5.402 4.834
0.000 0.000 0.000 0.000 0.000 0.000 0.000 0.000 0.000 0.000 0.000 0.000 0.001 0.001 0.001 0.001 0.001 0.001 0.001 0.002 0.002 0.002 0.003 0.003 0.004 0.005 0.006 0.009 0.016 0.035 0.077 0.170 0.359 0.710 1.201 1.566 1.776 2.269 2.647 2.914 4.930 10.276 12.528 12.290 10.010 7.286 5.126 4.090 3.631 3.180 2.587 1.834 1.986 2.272 2.616 2.876 3.073 3.255 3.441 3.552 3.622 3.681 3.762 3.848 4.018 4.352 4.860 5.492 6.063 6.390 6.440 6.382 6.359 6.324 6.167 5.811 5.312
0.000 0.000 0.000 0.000 0.000 0.000 0.000 0.000 0.000 0.000 0.000 0.001 0.001 0.001 0.001 0.001 0.001 0.001 0.002 0.002 0.002 0.002 0.003 0.003 0.004 0.006 0.008 0.010 0.018 0.039 0.087 0.188 0.384 0.750 1.230 1.564 1.748 2.302 2.695 2.918 3.071 7.676 11.838 12.496 10.754 8.080 6.018 4.959 4.304 3.607 2.977 2.284 1.988 2.172 2.447 2.750 2.983 3.243 3.467 3.700 3.946 4.067 4.005 3.958 4.086 4.365 4.706 5.121 5.591 5.998 6.245 6.294 6.300 6.282 6.205 5.988 5.632
0.000 0.000 0.000 0.000 0.000 0.000 0.000 0.000 0.000 0.000 0.000 0.001 0.001 0.001 0.001 0.001 0.001 0.002 0.002 0.002 0.002 0.003 0.003 0.004 0.005 0.007 0.009 0.011 0.021 0.046 0.100 0.209 0.413 0.795 1.261 1.570 1.759 2.345 2.793 3.005 3.073 4.460 9.490 11.853 11.260 9.486 7.199 5.997 5.313 4.320 3.461 2.775 2.122 2.220 2.407 2.627 2.850 3.132 3.416 3.760 4.126 4.314 4.323 4.287 4.316 4.454 4.673 4.985 5.361 5.684 5.951 6.098 6.158 6.192 6.161 6.001 5.791
0.000 0.000 0.000 0.000 0.000 0.000 0.000 0.000 0.000 0.000 0.001 0.001 0.001 0.001 0.001 0.001 0.001 0.002 0.002 0.002 0.002 0.003 0.004 0.005 0.006 0.008 0.010 0.012 0.024 0.054 0.116 0.232 0.451 0.846 1.298 1.581 1.775 2.432 2.915 3.073 3.062 3.010 5.730 9.692 10.671 9.819 8.604 6.855 6.451 5.536 4.424 3.426 2.674 2.428 2.488 2.618 2.779 2.956 3.282 3.724 4.176 4.474 4.615 4.645 4.618 4.632 4.751 4.978 5.265 5.531 5.695 5.824 5.951 6.064 6.078 5.980 5.835
0.001 0.000 0.000 0.000 0.000 0.000 0.000 0.000 0.000 0.001 0.001 0.001 0.001 0.001 0.001 0.001 0.002 0.002 0.002 0.002 0.003 0.003 0.004 0.005 0.007 0.009 0.011 0.014 0.029 0.065 0.135 0.265 0.504 0.905 1.340 1.613 1.803 2.506 2.984 3.095 3.069 2.872 3.330 5.997 8.352 8.692 8.778 7.946 7.022 6.541 5.614 4.623 3.631 3.009 2.795 2.764 2.842 2.929 3.152 3.584 4.109 4.525 4.780 4.902 4.906 4.870 4.912 5.061 5.254 5.464 5.638 5.710 5.758 5.882 5.967 5.947 5.851
0.001 0.001 0.001 0.001 0.000 0.000 0.001 0.000 0.001 0.001 0.001 0.001 0.001 0.001 0.001 0.002 0.002 0.002 0.002 0.002 0.003 0.004 0.005 0.006 0.009 0.011 0.012 0.017 0.036 0.078 0.161 0.311 0.571 0.980 1.397 1.672 1.842 2.551 2.980 3.064 3.023 2.800 2.775 3.937 6.076 7.345 7.943 7.973 6.944 6.810 6.210 5.433 4.632 3.924 3.484 3.224 3.105 3.086 3.096 3.396 3.894 4.442 4.872 5.089 5.169 5.180 5.174 5.214 5.340 5.479 5.626 5.710 5.714 5.723 5.812 5.878 5.854
0.001 0.001 0.001 0.001 0.001 0.001 0.001 0.001 0.001 0.001 0.001 0.001 0.001 0.001 0.002 0.002 0.002 0.002 0.002 0.003 0.003 0.004 0.006 0.008 0.010 0.012 0.014 0.020 0.043 0.094 0.192 0.366 0.657 1.083 1.478 1.740 1.877 2.577 2.938 3.020 2.896 2.721 2.721 2.598 3.895 5.478 6.270 6.632 5.850 5.887 5.902 5.458 5.006 4.502 4.106 3.834 3.626 3.452 3.297 3.235 3.616 4.224 4.833 5.181 5.352 5.451 5.490 5.457 5.497 5.587 5.643 5.713 5.727 5.698 5.693 5.762 5.814
0.001 0.001 0.001 0.001 0.001 0.001 0.001 0.001 0.001 0.001 0.001 0.001 0.001 0.002 0.002 0.002 0.002 0.002 0.002 0.003 0.004 0.005 0.007 0.010 0.012 0.014 0.015 0.023 0.052 0.113 0.232 0.436 0.772 1.214 1.567 1.798 2.039 2.590 2.883 2.940 2.786 2.694 2.688 2.351 2.076 3.211 3.911 4.200 4.085 3.453 4.398 4.719 4.704 4.583 4.367 4.192 4.048 3.872 3.617 3.403 3.341 3.894 4.598 5.100 5.370 5.552 5.638 5.672 5.678 5.687 5.664 5.692 5.729 5.719 5.681 5.687 5.715
0.002 0.002 0.002 0.001 0.001 0.001 0.001 0.001 0.001 0.001 0.001 0.001 0.002 0.002 0.002 0.002 0.002 0.002 0.003 0.003 0.005 0.006 0.009 0.011 0.014 0.015 0.016 0.027 0.063 0.140 0.294 0.563 0.944 1.356 1.655 1.836 2.267 2.622 2.826 2.870 2.764 2.716 2.565 2.009 1.982 1.935 2.121 2.276 2.454 2.801 2.987 3.189 3.671 4.021 4.246 4.278 4.186 4.081 3.913 3.661 3.425 3.404 3.986 4.644 5.104 5.420 5.644 5.728 5.765 5.748 5.700 5.665 5.689 5.693 5.711 5.728 5.686
0.002 0.002 0.002 0.002 0.001 0.001 0.001 0.001 0.001 0.001 0.001 0.002 0.002 0.002 0.002 0.002 0.002 0.002 0.003 0.004 0.006 0.008 0.011 0.013 0.015 0.016 0.017 0.031 0.074 0.170 0.372 0.763 1.227 1.533 1.753 1.888 2.439 2.726 2.804 2.835 2.805 2.737 2.327 1.959 1.947 1.854 1.775 1.719 1.762 2.047 2.671 2.917 2.957 2.955 3.316 3.839 4.073 4.108 4.033 3.894 3.649 3.417 3.449 3.927 4.460 4.959 5.404 5.638 5.734 5.752 5.713 5.631 5.570 5.598 5.692 5.756 5.741
0.002 0.002 0.002 0.002 0.002 0.001 0.001 0.001 0.001 0.001 0.002 0.002 0.002 0.002 0.002 0.002 0.002 0.003 0.004 0.005 0.007 0.010 0.013 0.015 0.016 0.017 0.018 0.033 0.081 0.194 0.431 0.920 1.534 1.790 1.866 2.151 2.583 2.797 2.859 2.870 2.836 2.637 1.930 1.960 1.951 1.879 1.701 1.638 1.649 1.665 1.689 2.195 2.597 2.812 2.918 2.910 3.080 3.644 3.903 3.922 3.808 3.590 3.390 3.631 4.143 4.578 4.937 5.254 5.476 5.628 5.634 5.527 5.394 5.418 5.570 5.701 5.764
0.002 0.002 0.002 0.002 0.002 0.002 0.002 0.002 0.002 0.002 0.002 0.002 0.002 0.002 0.002 0.002 0.003 0.003 0.005 0.006 0.009 0.012 0.015 0.016 0.018 0.018 0.019 0.034 0.086 0.210 0.479 0.994 1.678 1.990 1.970 2.431 2.763 2.891 2.919 2.881 2.811 2.358 1.818 1.928 1.947 1.914 1.755 1.619 1.596 1.602 1.605 1.598 1.567 2.141 2.613 2.819 2.813 2.632 2.976 3.554 3.725 3.638 3.481 3.442 3.873 4.382 4.810 5.155 5.362 5.452 5.480 5.413 5.267 5.187 5.283 5.474 5.677
0.002 0.002 0.002 0.002 0.002 0.002 0.002 0.002 0.002 0.002 0.002 0.002 0.002 0.002 0.002 0.002 0.003 0.004 0.006 0.008 0.012 0.015 0.017 0.018 0.019 0.019 0.020 0.035 0.090 0.223 0.518 1.061 1.680 1.986 2.258 2.772 3.012 3.053 2.986 2.910 2.655 1.871 1.755 1.843 1.896 1.883 1.797 1.734 1.685 1.653 1.602 1.543 1.481 1.345 1.744 2.351 2.644 2.660 2.504 2.217 2.990 3.346 3.400 3.352 3.521 4.145 4.734 5.179 5.432 5.520 5.511 5.406 5.265 5.110 5.014 5.113 5.423
0.002 0.002 0.002 0.002 0.002 0.002 0.002 0.002 0.002 0.002 0.002 0.002 0.002 0.002 0.002 0.003 0.004 0.005 0.007 0.010 0.014 0.017 0.019 0.020 0.020 0.020 0.021 0.035 0.092 0.236 0.551 1.120 1.662 1.933 2.586 3.113 3.288 3.239 3.079 2.862 2.284 1.764 1.687 1.753 1.766 1.756 1.851 1.905 1.866 1.789 1.684 1.555 1.420 1.300 1.100 1.428 2.007 2.326 2.409 2.326 2.197 2.360 2.860 3.074 3.165 3.543 4.419 5.121 5.489 5.629 5.684 5.677 5.523 5.247 4.971 4.882 5.062
