data/RealTopo/Outputs_RealTopo/relWog_null_02RealTopo_faSavageHutterFoam_pfv.asc
xllcenter 167455
yllcenter 361955
nrows 555
ncols 490
NODATA_value -9999
cellsize 5
[rows 155 to 185 of 555, columns 138 to 206 of 490]
10.8963 10.1205 9.99754 10.2175 10.9274 12.4074 13.9569 14.8583 15.5249 15.7119 15.3525 14.9137 14.9606 14.9783 15.092 15.2696 15.6155 15.994 16.5959 17.3556 18.2596 19.1499 20.0517 20.7853 21.4979 22.1065 22.7156 23.1344 23.339 23.1577 23.6939 23.2878 22.6649 21.8322 19.303 15.5203 10.959 8.76567 8.21971 9.13451 9.32426 9.16823 8.76742 8.40036 8.09245 7.36301 5.55644 3.05744 2.30743 2.17857 1.97515 1.80333 1.60539 1.20788 0.709658 0.110465 0.0323552 0.0776279 0.0508893 0.0676785 0.0914744 0.0938154 0.0821691 0.0919731 0.105133 0.108221 0.00663932 0.102237 0.0969467
11.3792 10.8222 10.9079 11.1361 11.9038 13.6274 15.1426 15.6758 16.4102 16.389 15.9659 15.7911 15.8061 15.7568 15.748 15.8718 15.9748 16.1925 16.5931 17.233 18.0726 18.9882 19.9132 20.6691 21.4286 22.1177 22.7758 23.2988 23.325 23.6272 23.9895 23.1457 22.6784 22.2102 19.7516 16.3721 11.0918 9.04738 8.71327 9.3622 9.40861 9.10349 8.63194 8.17546 7.73091 6.81826 4.81723 2.77167 2.20087 1.93047 1.50261 1.5224 1.30557 0.801089 0.401649 0.166764 0.0780687 0.0864309 0.0839362 0.0833256 0.0941672 0.0981025 0.0946621 0.0935942 0.108344 0.160641 0.184796 0.149568 0.0951221
11.8121 11.5908 11.769 12.1834 13.3382 14.9136 16.1614 16.4601 17.2441 16.9905 16.5917 16.6545 16.6558 16.6155 16.5424 16.574 16.4726 16.5441 16.7876 17.2584 17.9473 18.8294 19.6798 20.5422 21.3973 22.1715 22.8133 23.3296 23.6504 23.9099 23.2571 23.2352 23.2069 22.1618 20.5179 17.6977 13.0673 8.47414 8.70331 9.31745 9.39546 9.07068 8.44339 7.77709 7.32914 6.28067 4.25252 2.3488 1.90105 1.57203 1.12768 0.930569 0.854883 0.525608 0.233544 0.085503 0.0886378 0.09122 0.0919455 0.100966 0.0996416 0.0992772 0.0988772 0.0942835 0.094653 0.120283 0.134412 0.112029 0.0835696
12.3043 12.361 12.6069 13.0878 14.3793 15.9453 16.8676 17.6855 18.0409 17.6448 17.374 17.4924 17.4986 17.4346 17.458 17.3519 17.2274 17.2013 17.2919 17.5257 18.09 18.7842 19.5355 20.4279 21.355 22.1884 22.9602 23.5313 23.9089 23.9681 23.7894 24.4556 23.6103 22.7861 21.5338 18.8313 14.5074 8.94617 8.24437 8.71703 8.86971 8.43323 7.72005 7.23909 6.98053 5.63823 3.38649 2.37975 1.89528 1.68065 1.26582 0.900504 0.558701 0.204946 0.0875753 0.0939636 0.0920673 0.0918745 0.0966313 0.105343 0.104927 0.0991412 0.0963545 0.0937155 0.0928808 0.104555 0.110645 0.0914898 0.0883173
12.874 13.0486 13.4072 14.0572 15.4762 16.9514 17.5349 18.5999 18.6497 18.21 18.1746 18.2864 18.3308 18.3059 18.3464 18.1737 18.0883 18.0013 17.9617 17.9935 18.3836 18.8174 19.4875 20.288 21.2251 22.2298 22.9828 23.6006 24.0276 24.1064 24.276 24.5237 23.7515 23.0403 21.8998 19.8065 15.96 10.1646 8.28001 8.27925 8.0446 7.45199 6.8959 6.65376 6.21583 4.77935 3.16723 2.51745 2.02316 1.4 0.708133 0.191189 0.0420767 0.0846013 0.0974954 0.0932986 0.0959621 0.0950184 0.0930357 0.0997855 0.103972 0.0985336 0.0964948 0.0966999 0.0949456 0.106751 0.117621 0.0910722 0.0860592
13.5039 13.7287 14.0889 15.0603 16.5188 17.8961 18.1303 19.35 19.0578 18.7697 18.9524 19.0836 19.1534 19.173 19.2133 19.0857 19.0094 18.8772 18.6919 18.6891 18.7978 19.0251 19.4442 20.1364 21.1122 22.0331 22.7809 23.469 23.9596 24.2995 24.0429 23.9822 23.8336 23.0597 22.4749 20.9156 17.6113 11.848 8.39376 8.43966 8.07742 7.54428 6.90689 6.22065 5.23484 3.9562 2.96993 2.1962 1.41642 0.59459 -0.00408523 0.0834195 0.0848678 0.0899393 0.092766 0.0938842 0.0950671 0.0919854 0.0976053 0.101092 0.10131 0.0991573 0.0983097 0.0990602 0.100055 0.10501 0.125443 0.102553 0.0848673
14.0388 14.4814 14.9118 15.9056 17.5112 18.5811 19.2485 20.0214 19.6766 19.4962 19.692 19.8048 19.861 20.0578 20.0631 19.9855 19.8858 19.7108 19.5484 19.3627 19.2626 19.315 19.5579 20.0838 20.8681 21.6537 22.6123 23.4717 24.1333 24.4218 24.3674 24.3286 24.1983 23.3861 23.0016 21.7683 19.2197 13.8307 8.80182 8.93106 8.60123 8.08288 7.2966 6.20343 4.99237 3.67597 2.5615 1.46251 0.394814 0.115931 0.0630519 0.0759619 0.0806084 0.0837407 0.0887107 0.0882661 0.0873667 0.0921073 0.0971196 0.0941077 0.094916 0.0961352 0.0964796 0.0956492 0.096138 0.100995 0.131779 0.102786 0.0832521
14.5801 15.2055 15.7105 16.513 18.4622 19.1298 20.0243 20.686 20.312 20.1583 20.3374 20.4799 20.6354 20.8552 20.8122 20.8277 20.7269 20.5666 20.3371 20.0407 19.8527 19.7779 19.8466 20.1877 20.7384 21.5664 22.6128 23.5233 23.9804 24.3547 24.6242 24.76 24.274 24.5054 23.7424 22.7693 20.368 15.4761 9.56316 9.58699 9.23885 8.5856 7.68568 6.38475 4.93765 3.43651 2.109 0.674066 0.170019 0.117907 0.0491014 0.0650128 0.073509 0.0771677 0.0833457 0.0816619 0.0836855 0.0903438 0.0904345 0.0906502 0.0911689 0.0932062 0.0939321 0.0939123 0.0925057 0.0974905 0.120715 0.11218 0.0844231
15.0253 15.6801 16.2955 16.7163 19.0649 19.7855 20.7539 21.2667 20.861 20.7606 20.9802 21.1421 21.521 21.6056 21.6139 21.6095 21.5384 21.3661 21.1672 20.8791 20.6411 20.4038 20.4431 20.6152 20.9329 21.6098 22.4616 23.0467 23.7822 24.3746 24.7927 24.723 24.7227 24.7527 23.2559 23.2721 21.1135 16.8222 11.1076 10.2508 9.84184 9.02001 7.85187 6.45808 4.90159 3.17713 1.6378 0.304241 0.168582 0.0923792 0.0479649 0.0678079 0.0724786 0.0680852 0.0840639 0.0853092 0.0839112 0.0863037 0.0838625 0.0848382 0.0865907 0.0770941 0.0709291 0.0847049 0.0860339 0.0904358 0.104734 0.115134 0.0993338
15.3411 16.1384 16.8855 17.3717 19.1697 20.0255 21.4199 21.7477 21.3132 21.3554 21.673 21.9052 22.2797 22.2915 22.3383 22.3288 22.2762 22.1939 22.0091 21.7215 21.4354 21.1561 21.199 21.1637 21.2904 21.533 21.9333 22.6122 23.6195 24.4102 24.721 24.9902 24.591 23.9975 24.4306 23.5654 21.8571 18.5851 13.1992 11.1189 10.596 9.62619 8.28382 6.62836 4.65955 2.89385 1.30995 0.403486 0.162036 0.0778108 0.0581523 0.0647117 0.0690482 0.0737351 0.0820239 0.0841327 0.0809542 0.0828139 0.0820098 0.0853866 0.0819671 0.0751986 0.0699697 0.0706979 0.0756078 0.0814278 0.0953763 0.1188 0.102743
15.5186 16.3435 17.3463 18.1072 19.6309 20.1888 21.8857 22.1748 21.736 21.9392 22.3164 22.6015 22.9196 22.9469 22.9861 23.0167 22.9938 22.9548 22.7364 22.524 22.2023 22.168 22.0793 21.81 21.6045 21.4572 21.6159 22.3198 23.2405 23.925 24.4519 24.9386 25.1298 25.1499 24.82 23.5919 22.7775 20.3655 15.8885 12.2942 11.4034 10.3289 8.93648 7.08161 4.84828 2.7134 1.10526 0.455395 0.171498 0.0762917 0.0675586 0.0784773 0.0800349 0.0810717 0.084097 0.0942042 0.0895057 0.082265 0.0834243 0.0862886 0.0801707 0.0832132 0.0774449 0.0733322 0.0823552 0.0846488 0.0879589 0.101287 0.121181
15.4153 16.5165 17.4766 18.9771 20.1866 20.4167 22.1411 22.4892 22.177 22.4718 22.8683 23.2256 23.5225 23.571 23.6481 23.6913 23.5914 23.595 23.4893 23.3429 23.2893 23.1544 22.8068 22.385 21.864 21.5638 21.6397 22.2703 22.8324 23.4323 24.1337 24.5914 24.736 25.4678 24.7578 24.4617 23.76 21.7475 18.2596 13.8435 12.1757 11.1226 9.79031 7.81817 5.44824 2.86186 1.04397 0.439905 0.139255 0.0742507 0.0737728 0.0874495 0.0868823 0.0832115 0.0857554 0.0966387 0.0913331 0.0843781 0.0835763 0.0771283 0.0725993 0.0764223 0.0703448 0.0713676 0.0774584 0.0804255 0.0881769 0.0951406 0.119698
15.9163 16.9113 17.6418 19.6503 20.703 20.6817 22.4306 22.8325 22.6098 22.9971 23.4091 23.7903 24.0311 24.1417 24.2326 24.1991 24.1958 24.3654 24.3727 24.3494 24.2706 23.8862 23.4728 22.8498 22.3061 21.9558 22.1314 22.2419 22.4714 22.9655 23.8626 24.2403 24.6857 24.2487 23.622 24.7955 23.5684 23.0313 20.0804 15.5319 13.185 12.1158 10.648 8.63149 5.83302 2.82565 1.01193 0.379428 0.153685 0.0745784 0.0804121 0.0854426 0.0876764 0.0875119 0.0883708 0.0934574 0.0948495 0.0836591 0.0774271 0.0708818 0.0681469 0.0634378 0.0743797 0.0766443 0.0908416 0.0915955 0.0953534 0.0961651 0.11332
16.7215 17.4312 17.7441 20.114 21.0523 20.9763 22.7066 23.2051 23.0255 23.4946 23.9122 24.2516 24.4584 24.6071 24.7062 24.8332 25.1904 25.1829 25.2175 25.3347 25.0391 24.5198 23.9888 23.443 22.9212 22.6066 22.5077 22.2493 22.1348 22.6978 23.449 24.3104 25.1015 25.3963 25.1848 25.114 24.5593 24.0171 21.6537 17.7588 14.5892 13.1522 11.7515 9.81526 6.8647 3.4878 1.39347 0.443183 0.147704 0.0656499 0.0827516 0.0831568 0.0894881 0.0944092 0.0903807 0.0892981 0.0943382 0.0907243 0.0811114 0.0703793 0.0651638 0.0652868 0.0683662 0.0710317 0.0868171 0.10347 0.0926164 0.0915922 0.108663
17.3785 18.0076 17.9803 20.3963 21.3677 21.4002 22.993 23.489 23.407 23.8803 24.2808 24.6375 24.8623 25.11 25.4119 25.7657 25.8753 25.7697 25.9081 25.8754 25.5203 25.0152 24.6033 24.1285 23.5999 23.2874 22.8185 22.2922 22.1985 22.554 23.1383 24.0256 24.814 24.8373 25.0025 25.4201 25.9084 24.5153 22.9444 19.8007 16.0335 14.188 12.8788 11.0457 8.19427 4.48928 1.47834 0.394346 0.0912476 0.0739802 0.08487 0.0873358 0.09135 0.0903077 0.0830937 0.0890428 0.0899875 0.0901088 0.0880417 0.0782431 0.0683121 0.0571664 0.0481514 0.0544683 0.0730398 0.0989391 0.0853896 0.0862529 0.0998814
17.7634 18.6509 18.5223 20.6745 21.5735 21.8912 23.2638 23.7323 23.6517 24.175 24.6332 25.0037 25.3765 25.835 26.1564 26.4227 26.3533 26.3159 26.5034 26.2979 25.9649 25.5587 25.2313 24.8838 24.3103 23.762 23.0581 22.5828 22.5713 22.6294 22.9776 23.678 24.3725 24.8151 25.4132 25.5418 25.7261 24.7873 23.8219 21.4551 17.8018 15.4918 14.023 12.3565 9.57513 5.21495 1.72102 0.621089 0.156948 0.0675448 0.0879475 0.0914819 0.0919236 0.0891757 0.0919973 0.0923031 0.0907558 0.0896983 0.0885472 0.0824979 0.0689703 0.0519386 0.0469565 0.0518994 0.0716231 0.0913674 0.0855486 0.0856201 0.100205
17.8365 18.5117 19.1946 20.9313 21.5918 22.3042 23.613 23.7466 24.0704 24.6222 25.1239 25.445 25.8625 26.446 26.7019 26.8502 26.7914 26.8534 26.8466 26.7048 26.4083 26.0546 25.9221 25.3955 24.7835 24.0496 23.565 23.3205 23.0714 22.9502 23.0488 23.5082 24.0816 24.2703 24.9007 25.2424 25.4337 25.5508 24.3654 22.8431 19.3126 16.7521 15.022 13.4484 10.984 7.21935 3.0026 0.8049 0.191284 0.0872196 0.0905875 0.0921274 0.0918371 0.0908055 0.0902299 0.0863969 0.0780407 0.0865202 0.0880407 0.0840694 0.0779279 0.0788979 0.0667551 0.0547875 0.0642024 0.085861 0.0886874 0.0858992 0.093172
17.9507 18.3364 19.946 21.2219 21.5935 22.4724 23.5073 24.0334 24.679 24.8195 25.4881 25.8547 26.2974 26.8976 27.1155 27.2571 27.3141 27.3572 27.4462 27.143 26.9435 26.6395 26.1677 25.6773 25.0396 24.4589 24.308 23.976 23.6228 23.321 23.3609 23.6081 24.0314 23.9541 24.6805 25.0694 25.6584 25.6794 25.1995 24.1685 20.9862 18.1844 16.0882 14.6455 12.6728 9.41728 4.36331 0.95607 0.135335 0.0917907 0.0902466 0.0894426 0.0885473 0.0844097 0.086185 0.0872344 0.0877492 0.0824158 0.0841341 0.0833858 0.0841286 0.0832125 0.0767358 0.0566191 0.0571752 0.0811304 0.0910539 0.0878787 0.0697069
18.1963 18.4025 20.4646 21.5667 21.851 22.8037 23.3693 23.3084 24.0886 24.6752 25.8054 26.1196 26.7549 27.435 27.7801 27.9244 28.1785 28.0686 28.1882 27.8642 27.4535 26.769 26.2936 25.7505 25.356 25.2446 24.9366 24.5172 24.0326 23.813 23.7866 23.8572 24.1311 24.0559 24.6209 24.9507 25.5763 25.4646 26.2819 25.0038 22.3986 19.411 17.27 15.7698 14.2125 11.4465 6.09945 1.86513 0.2706 0.0807904 0.0883228 0.0872165 0.0846949 0.0834893 0.0883199 0.0847671 0.0883781 0.0833009 0.081941 0.081825 0.0820836 0.0835526 0.0833583 0.0821566 0.0658675 0.0727416 0.0833978 0.0785457 0.0613826
18.6123 18.8298 20.8919 21.9411 22.3325 23.4722 23.7416 23.2383 23.4634 24.9175 26.1831 26.1746 27.3686 28.1733 28.4018 28.6526 28.9213 28.6797 28.5431 27.9709 27.254 26.8269 26.3662 25.919 25.8766 25.7079 25.362 24.8969 24.5652 24.4342 24.2256 24.1591 24.2497 24.2884 24.9376 25.6399 26.2381 25.9927 26.6891 25.4217 23.424 20.879 18.712 16.7637 15.3129 13.0513 8.9328 2.77032 0.229892 0.0900108 0.0898477 0.0888798 0.0860705 0.0879737 0.0859802 0.0842102 0.0860772 0.0828961 0.0790084 0.0798865 0.0772324 0.0793814 0.0813857 0.0845396 0.0678792 0.0677396 0.0821353 0.0731199 0.0690916
18.8927 19.1384 21.1971 22.2436 22.9557 24.212 24.1191 23.7632 23.9347 25.365 26.2152 26.4013 28.0404 28.918 29.0099 29.3364 29.2302 28.8755 28.4678 27.7263 27.2748 26.8072 26.419 26.3613 26.2632 26.049 25.7578 25.5641 25.3559 25.0818 24.8286 24.6569 24.6647 24.6586 24.8979 25.7235 26.1489 26.1318 25.9891 26.0054 24.5815 22.3114 19.7659 17.726 16.2883 14.5173 10.8179 4.80596 0.479319 0.0463032 0.0880521 0.0892507 0.0899879 0.0909327 0.0882997 0.0839795 0.0815468 0.0816068 0.0718978 0.0722389 0.0725108 0.0687309 0.0776691 0.0907064 0.0730584 0.0722672 0.0750569 0.0768026 0.0745929
18.9954 19.455 21.4201 22.3962 23.4802 24.6717 24.5143 24.7588 24.6377 25.509 25.945 27.1953 28.7492 29.4616 29.6515 29.6465 29.3623 28.8441 28.2672 27.7057 27.265 26.8559 26.7897 26.7885 26.7469 26.5665 26.3714 26.4197 26.0792 25.5867 25.3886 25.2746 25.1276 24.9986 25.0865 26.3888 26.7571 26.7127 26.4765 26.4573 25.5297 23.4902 20.8123 18.7878 17.0676 15.5319 12.5309 7.48115 0.880387 0.080219 0.0852737 0.0887637 0.0928799 0.0920571 0.0884686 0.0845447 0.0818577 0.0833503 0.0769241 0.0709977 0.0716518 0.0768633 0.0807941 0.0901208 0.0953847 0.0840388 0.076927 0.0825109 0.0828392
18.8618 19.8079 21.6427 22.5628 23.8238 25.0088 25.0413 25.5534 25.0634 25.6295 26.738 28.0753 29.4714 30.0154 30.0919 29.5509 29.1015 28.4938 28.0811 27.7897 27.2497 27.1259 27.2522 27.2305 27.2815 27.1245 27.1317 26.9867 26.5368 26.1639 26.1082 26.0747 25.8261 25.6216 25.5453 26.2264 27.0657 26.9125 26.4584 27.0523 26.1813 24.3788 22.005 19.9316 17.901 16.1881 13.8018 9.89723 2.42066 -0.00716814 0.0856024 0.0885404 0.0912313 0.0912019 0.0884405 0.0833708 0.0778726 0.079165 0.0702512 0.0704625 0.0635411 0.0729488 0.0808325 0.0870238 0.0963456 0.0848008 0.0847441 0.0948346 0.0970379
18.6126 20.1854 21.8421 22.5606 23.9506 25.0773 25.1905 25.7927 25.6571 26.0008 26.9492 28.6265 30.057 30.1218 29.8003 29.2435 28.6916 28.2662 28.0678 27.6214 27.4422 27.5932 27.6146 27.6377 27.668 27.6652 27.6152 27.423 27.108 26.9623 27.0253 26.7329 26.4058 26.2004 26.2165 26.2639 27.0595 27.1731 26.4866 26.9104 26.163 25.0408 23.1545 20.8459 18.796 16.7578 14.7742 11.601 5.51558 0.569865 0.0843416 0.0853083 0.0808142 0.0831137 0.082754 0.0813597 0.0821175 0.0806336 0.0651716 0.061872 0.0618145 0.064366 0.0733896 0.0826048 0.105556 0.0946205 0.0853148 0.0952648 0.101123
18.3689 20.3975 21.8631 22.4949 24.0897 25.0347 25.0495 25.7536 26.1755 26.3982 26.7898 28.4701 29.8572 29.8038 29.4517 28.8789 28.4311 28.0536 27.7339 27.6735 27.8302 27.8941 27.8731 28.0175 28.1074 28.1876 28.0309 27.8569 27.6694 27.739 27.5957 27.2353 26.9452 26.7258 26.6176 26.6716 27.0237 27.8488 26.8979 26.2874 26.4142 25.9816 24.4935 22.0206 19.8665 17.6702 15.7172 13.0592 8.91482 2.98778 0.0886186 0.0845674 0.0821009 0.0672499 0.0672361 0.0801236 0.0844147 0.0841892 0.0788409 0.0661582 0.0590211 0.0657013 0.0711871 0.0836326 0.111687 0.105836 0.0938898 0.0942212 0.0943375
18.143 20.2755 21.5389 22.487 24.0917 24.8189 24.8757 25.5601 26.0629 26.5042 26.7261 28.2379 29.6152 29.6227 29.2123 28.6679 28.3163 27.9022 27.7459 27.9116 28.1996 28.1831 28.1827 28.364 28.5839 28.4831 28.3144 28.2374 28.2284 28.1821 27.9822 27.81 27.6287 27.4346 27.2603 27.0931 26.8833 27.4694 27.7892 27.0849 27.6414 26.9505 25.4355 22.9328 20.793 18.7433 16.6186 14.2876 11.3964 6.72821 0.224716 0.0907587 0.0879203 0.0791585 0.065251 0.0430702 0.0789926 0.0811373 0.0788295 0.0723391 0.0673525 0.0709303 0.0715854 0.0877465 0.120558 0.110586 0.101295 0.0957601 0.0898676
17.8429 19.8949 21.0329 22.4914 23.8869 24.2671 24.5942 25.2894 25.9132 26.3213 26.5875 28.5124 29.6096 29.3399 28.7866 28.4255 28.1424 27.8146 27.8607 28.1377 28.3626 28.3738 28.5167 28.7015 28.7129 28.6612 28.6524 28.7023 28.7171 28.6098 28.4835 28.3373 28.1669 28.0113 27.8696 27.6914 27.3216 27.0364 27.7692 27.0422 27.1849 26.9622 25.511 24.1343 21.8665 19.7248 17.6005 15.5752 13.1871 9.89186 1.05999 0.0517352 0.0913959 0.0874484 0.0788514 0.0411677 0.0575315 0.0811455 0.0820246 0.0771577 0.0739635 0.0721181 0.0775051 0.0951251 0.114373 0.110028 0.102053 0.103004 0.0970434
17.5951 19.5097 20.4245 22.452 23.4002 23.5634 24.2711 25.0626 25.7407 25.9267 26.7737 28.7856 29.2856 28.9107 28.4287 28.1401 27.8679 27.7477 27.964 28.2682 28.4594 28.5969 28.7052 28.7855 28.8681 28.9284 29.0396 29.1121 29.0445 29.0014 28.8727 28.6249 28.5717 28.4501 28.2735 28.0783 27.7767 27.3926 27.9604 27.6844 27.8525 27.419 26.2784 25.2507 22.7181 20.7557 18.6712 16.845 14.6652 11.871 4.94118 0.387144 0.0933 0.09092 0.0868987 0.0758028 0.0567497 0.0664132 0.0776206 0.0793901 0.0772214 0.0826724 0.0849522 0.0978555 0.115048 0.103742 0.099172 0.106136 0.106549
17.5659 19.3159 20.0717 22.3888 22.981 22.9782 23.9952 24.8742 25.3887 25.4837 27.3893 28.7208 28.713 28.3462 27.9537 27.6815 27.6314 27.7659 28.0292 28.1167 28.4672 28.732 28.8021 28.9614 29.1089 29.1741 29.2145 29.3596 29.3777 29.3175 29.1613 29.0739 29.0386 28.9716 28.8137 28.6972 28.4892 28.1379 28.1731 28.2185 27.5116 27.8748 27.3423 25.7868 23.7399 21.8679 19.6712 17.9324 16.1205 13.4191 9.20559 2.86612 0.0987022 0.0925957 0.0910213 0.0891985 0.0789939 0.044036 0.0548258 0.0771022 0.0790228 0.0814827 0.0837231 0.0982242 0.118754 0.106347 0.101953 0.101278 0.106804
17.5644 19.0564 20.2034 22.0596 22.4847 22.7086 23.7066 24.503 24.9204 25.2449 27.2339 28.1121 28.0984 27.8343 27.5367 27.3004 27.4223 27.6505 27.7994 28.0631 28.5708 28.7656 28.8102 29.1093 29.2821 29.3203 29.3533 29.6078 29.6368 29.5882 29.5169 29.5015 29.511 29.5074 29.42 29.203 28.8979 28.5453 28.1492 28.9121 28.6321 28.2699 27.194 26.3698 24.8045 22.6717 20.6052 19.0166 17.4372 14.9317 11.498 6.21523 0.525708 0.0949239 0.0920656 0.092353 0.0901405 0.0727213 0.0403314 0.0578015 0.075152 0.0796383 0.0801008 0.0889972 0.118533 0.111586 0.101864 0.100551 0.102206
17.3934 18.5726 20.5175 21.5483 21.7425 22.4767 23.3781 24.0428 24.4193 25.2331 26.9297 27.4897 27.4467 27.1128 26.9821 26.9253 27.0861 27.3247 27.535 27.9224 28.5289 28.6336 28.8696 29.2601 29.4248 29.4958 29.6584 29.7209 29.7798 29.7502 29.7373 29.8253 29.9895 29.9703 29.7645 29.4239 29.2121 29.0116 28.702 29.0243 29.2114 28.8175 28.0968 27.2243 25.6603 23.3922 21.4613 19.8104 18.5168 16.2657 13.2263 8.8087 3.47189 0.125169 0.0875847 0.0915956 0.0934521 0.0904387 0.0662974 0.0356896 0.0632545 0.0751145 0.0787186 0.0866073 0.109161 0.106903 0.100421 0.0980668 0.0983077
