data/RealTopo/Outputs_RealTopo/relWog_02RealTopo_null_avaflow_pfv.asc
ncols 491
nrows 556
xllcenter 167450.00
yllcenter 361950.00
cellsize 5.00
NODATA_value -9999.000
[rows 136 to 169 of 556, columns 152 to 227 of 491]
2.960 3.767 4.801 6.177 7.709 9.218 10.147 10.716 11.137 11.401 11.304 10.970 10.442 9.699 8.906 8.153 7.747 7.365 6.880 6.145 5.679 5.270 4.723 3.882 2.357 1.141 0.512 0.223 0.092 0.030 0.014 0.008 0.019 0.017 0.004 0.000 0.001 0.004 0.005 0.003 0.000 0.000 0.000 0.000 0.000 0.000 0.000 0.000 0.000 0.000 0.000 0.000 0.000 0.000 0.000 0.000 0.000 0.000 0.000 0.000 0.000 0.000 0.000 0.000 0.000 0.000 0.000 0.000 0.000 0.000 0.000 0.000 0.000 0.000 0.000 0.000
3.717 4.785 6.168 7.830 9.280 10.357 11.130 11.577 11.867 11.731 11.507 11.080 10.415 9.789 9.230 8.585 7.866 7.251 6.415 5.323 4.030 2.736 1.573 0.683 0.220 0.019 0.009 0.006 0.006 0.000 0.004 0.012 0.025 0.027 0.013 0.000 0.004 0.002 0.003 0.004 0.004 0.000 0.000 0.000 0.000 0.000 0.000 0.000 0.000 0.000 0.000 0.000 0.000 0.000 0.000 0.000 0.000 0.000 0.000 0.000 0.000 0.000 0.000 0.000 0.000 0.000 0.000 0.000 0.000 0.000 0.000 0.000 0.000 0.000 0.000 0.000
4.633 6.059 7.867 9.308 10.294 11.189 11.979 12.503 12.209 11.922 11.626 11.380 10.924 10.283 9.375 8.324 7.040 6.099 5.182 4.145 3.067 2.040 1.099 0.457 0.058 0.014 0.014 0.007 0.004 0.003 0.003 0.005 0.015 0.023 0.011 0.000 0.000 0.000 0.000 0.001 0.000 0.000 0.000 0.000 0.000 0.000 0.000 0.000 0.000 0.000 0.000 0.000 0.000 0.000 0.000 0.000 0.000 0.000 0.000 0.000 0.000 0.000 0.000 0.000 0.000 0.000 0.000 0.000 0.000 0.000 0.000 0.000 0.000 0.000 0.000 0.000
5.791 7.717 9.262 10.248 11.117 11.908 12.469 12.744 12.568 12.037 12.083 12.012 11.535 10.784 9.534 7.984 6.597 5.750 4.971 4.050 3.094 2.127 1.211 0.542 0.169 0.020 0.007 0.004 0.000 0.005 0.006 0.006 0.013 0.016 0.008 0.000 0.000 0.002 0.001 0.002 0.000 0.000 0.000 0.000 0.000 0.000 0.000 0.000 0.000 0.000 0.000 0.000 0.000 0.000 0.000 0.000 0.000 0.000 0.000 0.000 0.000 0.000 0.000 0.000 0.000 0.000 0.000 0.000 0.000 0.000 0.000 0.000 0.000 0.000 0.000 0.000
7.234 9.015 10.129 11.056 11.897 12.432 12.591 12.676 12.743 12.555 12.515 12.441 12.239 11.638 10.667 9.235 7.406 6.494 5.657 4.737 3.724 2.667 1.644 0.765 0.325 0.030 0.002 0.003 0.008 0.011 0.004 0.005 0.006 0.012 0.015 0.000 0.001 0.004 0.003 0.001 0.002 0.000 0.000 0.000 0.000 0.000 0.000 0.000 0.000 0.000 0.000 0.000 0.000 0.000 0.000 0.000 0.000 0.000 0.000 0.000 0.000 0.000 0.000 0.000 0.000 0.000 0.000 0.000 0.000 0.000 0.000 0.000 0.000 0.000 0.000 0.000
8.469 9.790 10.833 11.721 12.442 12.588 12.649 12.848 13.230 13.026 12.976 12.984 12.852 12.539 12.016 11.170 9.671 7.592 6.559 5.663 4.579 3.462 2.271 1.186 0.473 0.089 0.039 0.010 0.018 0.017 0.018 0.016 0.008 0.026 0.051 0.029 0.001 0.001 0.003 0.001 0.000 0.000 0.000 0.000 0.000 0.000 0.000 0.000 0.000 0.000 0.000 0.000 0.000 0.000 0.000 0.000 0.000 0.000 0.000 0.000 0.000 0.000 0.000 0.000 0.000 0.000 0.000 0.000 0.000 0.000 0.000 0.000 0.000 0.000 0.000 0.000
9.207 10.374 11.361 12.252 12.524 12.738 13.028 13.210 13.440 13.461 13.456 13.463 13.332 13.063 12.733 12.293 11.388 9.703 7.730 7.055 5.711 4.333 2.835 1.551 0.618 0.219 0.155 0.083 0.023 0.019 0.025 0.026 0.025 0.055 0.094 0.078 0.048 0.034 0.028 0.003 0.000 0.000 0.000 0.001 0.000 0.000 0.000 0.000 0.000 0.000 0.000 0.000 0.000 0.000 0.000 0.000 0.000 0.000 0.000 0.000 0.000 0.000 0.000 0.000 0.000 0.000 0.000 0.000 0.000 0.000 0.000 0.000 0.000 0.000 0.000 0.000
9.760 10.817 11.823 12.344 12.612 12.962 13.290 13.482 13.645 13.936 13.865 13.820 13.763 13.598 13.319 13.030 12.470 11.352 9.486 8.637 7.092 5.140 3.333 1.974 0.961 0.350 0.223 0.175 0.086 0.023 0.019 0.027 0.066 0.079 0.088 0.093 0.076 0.079 0.071 0.038 0.026 0.001 0.000 0.001 0.001 0.000 0.000 0.000 0.000 0.000 0.000 0.000 0.000 0.000 0.000 0.000 0.000 0.000 0.000 0.000 0.000 0.000 0.000 0.000 0.000 0.000 0.000 0.000 0.000 0.000 0.000 0.000 0.000 0.000 0.000 0.000
10.256 11.152 11.995 12.295 12.725 13.108 13.424 13.679 13.881 14.140 14.153 14.238 14.236 14.150 13.943 13.633 13.264 12.515 11.334 10.188 8.390 5.998 3.976 2.523 1.445 0.646 0.266 0.245 0.174 0.098 0.054 0.048 0.089 0.101 0.083 0.060 0.053 0.091 0.088 0.061 0.054 0.029 0.004 0.004 0.000 0.000 0.000 0.000 0.000 0.000 0.000 0.000 0.000 0.000 0.000 0.000 0.000 0.000 0.000 0.000 0.000 0.000 0.000 0.000 0.000 0.000 0.000 0.000 0.000 0.000 0.000 0.000 0.000 0.000 0.000 0.000
10.560 11.347 11.815 12.275 12.816 13.248 13.630 13.938 14.133 14.266 14.469 14.624 14.686 14.661 14.493 14.184 13.838 13.231 12.409 11.450 9.784 7.260 4.843 3.169 2.026 1.122 0.441 0.279 0.246 0.159 0.121 0.098 0.079 0.096 0.099 0.080 0.088 0.091 0.089 0.062 0.090 0.063 0.006 0.005 0.002 0.003 0.000 0.000 0.000 0.000 0.000 0.000 0.000 0.000 0.000 0.000 0.000 0.000 0.000 0.000 0.000 0.000 0.000 0.000 0.000 0.000 0.000 0.000 0.000 0.000 0.000 0.000 0.000 0.000 0.000 0.000
10.448 11.191 11.697 12.251 12.858 13.430 13.901 14.243 14.426 14.522 14.760 14.924 15.063 15.085 14.906 14.525 14.300 13.884 13.111 12.267 10.874 8.957 6.711 4.783 2.779 1.671 0.866 0.346 0.270 0.223 0.159 0.123 0.099 0.083 0.104 0.121 0.128 0.108 0.085 0.094 0.104 0.095 0.036 0.003 0.000 0.003 0.005 0.000 0.007 0.000 0.000 0.000 0.000 0.000 0.000 0.000 0.000 0.000 0.000 0.000 0.000 0.000 0.000 0.000 0.000 0.000 0.000 0.000 0.000 0.000 0.000 0.000 0.000 0.000 0.000 0.000
10.165 11.045 11.689 12.270 12.883 13.579 14.182 14.547 14.711 14.796 15.020 15.276 15.375 15.405 15.321 15.019 14.586 14.337 13.807 13.175 11.813 10.870 8.833 6.597 4.773 2.602 1.341 0.594 0.342 0.224 0.191 0.151 0.120 0.101 0.084 0.104 0.124 0.152 0.144 0.145 0.122 0.090 0.051 0.021 0.000 0.005 0.009 0.015 0.041 0.026 0.033 0.000 0.000 0.000 0.000 0.000 0.000 0.000 0.000 0.000 0.000 0.000 0.000 0.000 0.000 0.000 0.000 0.000 0.000 0.000 0.000 0.000 0.000 0.000 0.000 0.000
9.961 10.988 11.744 12.369 12.938 13.615 14.315 14.771 14.945 15.022 15.242 15.492 15.636 15.697 15.678 15.538 15.063 14.655 14.289 13.924 12.721 11.934 10.932 8.262 6.457 4.308 1.901 0.966 0.419 0.271 0.188 0.167 0.134 0.116 0.101 0.085 0.098 0.126 0.138 0.148 0.145 0.116 0.069 0.026 0.003 0.004 0.016 0.014 0.066 0.048 0.034 0.028 0.000 0.000 0.000 0.000 0.000 0.000 0.000 0.000 0.000 0.000 0.000 0.000 0.000 0.000 0.000 0.000 0.000 0.000 0.000 0.000 0.000 0.000 0.000 0.000
9.991 11.020 11.821 12.467 13.025 13.639 14.320 14.856 15.110 15.177 15.432 15.692 15.901 15.986 16.047 15.973 15.574 14.963 14.585 14.303 13.494 12.551 12.159 10.074 7.932 5.731 3.018 1.505 0.593 0.271 0.167 0.163 0.142 0.127 0.116 0.098 0.085 0.104 0.114 0.131 0.138 0.134 0.097 0.039 0.001 0.004 0.007 0.023 0.049 0.071 0.027 0.000 0.000 0.000 0.000 0.000 0.000 0.000 0.000 0.000 0.000 0.000 0.000 0.000 0.000 0.000 0.000 0.000 0.000 0.000 0.000 0.000 0.000 0.000 0.000 0.000
10.219 11.211 11.975 12.599 13.149 13.726 14.364 14.865 15.167 15.305 15.556 15.870 16.113 16.268 16.290 16.177 15.947 15.314 14.823 14.487 13.820 12.863 12.953 11.901 9.416 7.043 4.294 2.212 1.042 0.277 0.139 0.154 0.134 0.141 0.112 0.100 0.092 0.095 0.080 0.068 0.068 0.084 0.123 0.069 0.025 0.002 0.040 0.070 0.040 0.025 0.036 0.015 0.000 0.000 0.000 0.000 0.000 0.000 0.000 0.000 0.000 0.000 0.000 0.000 0.000 0.000 0.000 0.000 0.000 0.000 0.000 0.000 0.000 0.000 0.000 0.000
10.712 11.564 12.284 12.842 13.361 13.899 14.487 14.930 15.174 15.338 15.614 16.023 16.340 16.444 16.445 16.439 16.242 15.772 14.993 14.610 13.894 12.977 13.012 12.864 11.213 8.515 5.815 3.243 2.025 1.328 0.908 0.674 0.522 0.365 0.281 0.183 0.141 0.152 0.119 0.031 0.003 0.053 0.099 0.083 0.030 0.016 0.047 0.179 0.104 0.002 0.000 0.045 0.022 0.000 0.000 0.000 0.000 0.000 0.000 0.000 0.000 0.000 0.000 0.000 0.000 0.000 0.000 0.000 0.000 0.000 0.000 0.000 0.000 0.000 0.000 0.000
11.287 11.910 12.604 13.113 13.568 14.063 14.587 14.998 15.271 15.435 15.668 16.148 16.534 16.687 16.748 16.710 16.564 16.196 15.271 14.688 14.024 13.071 12.908 12.982 12.342 10.553 7.931 5.659 4.347 3.694 3.198 2.818 2.512 2.094 1.546 0.932 0.432 0.239 0.168 0.135 0.065 0.053 0.070 0.051 0.154 0.083 0.000 0.300 0.358 0.111 0.000 0.052 0.051 0.000 0.000 0.000 0.000 0.000 0.000 0.000 0.000 0.000 0.000 0.000 0.000 0.000 0.000 0.000 0.000 0.000 0.000 0.000 0.000 0.000 0.000 0.000
11.729 12.197 12.827 13.318 13.722 14.167 14.617 15.021 15.383 15.677 15.837 16.295 16.732 17.043 16.966 16.857 16.854 16.570 15.799 14.851 14.329 13.340 12.881 12.744 12.421 11.440 10.036 8.718 7.288 6.273 5.686 5.183 4.699 4.011 3.200 2.398 1.642 1.018 0.482 0.308 0.145 0.135 0.091 0.036 0.096 0.203 0.110 0.359 0.771 0.691 0.174 0.042 0.057 0.000 0.000 0.000 0.000 0.000 0.000 0.000 0.000 0.000 0.000 0.000 0.000 0.000 0.000 0.000 0.000 0.000 0.000 0.000 0.000 0.000 0.000 0.000
12.096 12.544 13.098 13.534 13.895 14.304 14.720 15.107 15.483 15.902 16.245 16.465 16.960 17.329 17.231 17.162 17.208 16.952 16.342 15.169 14.626 13.620 12.950 12.576 12.155 11.505 10.786 9.990 9.286 8.573 7.713 6.854 6.098 5.225 4.340 3.889 3.316 2.518 1.701 1.151 0.838 0.639 0.501 0.409 0.329 0.427 0.574 0.788 1.375 1.640 0.916 0.231 0.094 0.000 0.000 0.000 0.000 0.000 0.000 0.000 0.000 0.000 0.000 0.000 0.000 0.000 0.000 0.000 0.000 0.000 0.000 0.000 0.000 0.000 0.000 0.000
12.376 12.860 13.372 13.759 14.108 14.515 14.926 15.298 15.624 15.996 16.472 16.873 17.137 17.491 17.696 17.555 17.338 17.233 16.800 15.731 14.740 13.685 12.990 12.598 12.057 11.417 10.851 10.289 9.745 9.191 8.634 7.896 6.959 6.343 6.207 5.859 5.659 4.991 3.678 2.622 2.077 1.839 1.776 1.602 1.439 1.546 1.687 1.753 1.936 1.970 1.651 0.781 0.178 0.000 0.000 0.000 0.000 0.000 0.000 0.000 0.000 0.000 0.000 0.000 0.000 0.000 0.000 0.000 0.000 0.000 0.000 0.000 0.000 0.000 0.000 0.000
12.627 13.109 13.589 13.986 14.372 14.780 15.190 15.556 15.861 16.184 16.616 17.083 17.339 17.681 18.054 17.812 17.574 17.593 17.201 16.141 14.778 13.634 13.090 12.774 12.176 11.435 10.805 10.277 9.772 9.129 8.432 7.638 6.724 6.476 5.997 5.548 5.312 5.549 5.190 4.182 3.870 3.795 4.032 3.821 3.224 2.939 2.771 2.267 2.044 1.707 1.506 1.119 0.000 0.000 0.000 0.000 0.000 0.000 0.000 0.000 0.000 0.000 0.000 0.000 0.000 0.000 0.000 0.000 0.000 0.000 0.000 0.000 0.000 0.000 0.000 0.000
12.952 13.450 13.885 14.281 14.671 15.069 15.472 15.850 16.159 16.469 16.863 17.267 17.628 17.966 18.312 18.160 17.992 17.911 17.615 16.521 14.921 13.837 13.301 12.989 12.336 11.472 10.753 10.108 9.443 8.738 7.969 7.074 6.032 5.165 4.528 3.981 3.695 3.798 4.184 3.884 3.835 3.988 4.388 4.749 3.763 2.939 2.470 2.091 1.593 0.000 0.000 0.000 0.000 0.000 0.000 0.000 0.000 0.000 0.000 0.000 0.000 0.000 0.000 0.000 0.000 0.000 0.000 0.000 0.000 0.000 0.000 0.000 0.000 0.000 0.000 0.000
13.198 13.831 14.308 14.668 14.986 15.345 15.740 16.123 16.435 16.743 17.110 17.488 17.919 18.294 18.483 18.611 18.317 18.028 17.855 17.140 15.548 14.410 13.652 13.028 12.069 11.093 10.275 9.511 8.754 8.049 7.364 6.529 5.481 4.410 3.524 2.974 2.503 2.143 2.293 2.674 2.981 3.149 3.416 3.281 2.456 1.894 1.553 1.355 0.000 0.000 0.000 0.000 0.000 0.000 0.000 0.000 0.000 0.000 0.000 0.000 0.000 0.000 0.000 0.000 0.000 0.000 0.000 0.000 0.000 0.000 0.000 0.000 0.000 0.000 0.000 0.000
13.649 14.091 14.671 15.078 15.383 15.707 16.048 16.342 16.624 16.948 17.320 17.649 18.065 18.468 18.653 18.916 18.627 18.251 18.025 17.616 16.270 14.994 14.211 13.224 11.742 10.389 9.430 8.626 7.900 7.300 6.783 5.942 4.999 4.132 3.504 3.064 2.679 2.314 2.009 1.759 1.956 2.062 2.019 1.639 1.416 0.000 0.000 0.000 0.000 0.000 0.000 0.000 0.000 0.000 0.000 0.000 0.000 0.000 0.000 0.000 0.000 0.000 0.000 0.000 0.000 0.000 0.000 0.000 0.000 0.000 0.000 0.000 0.000 0.000 0.000 0.000
14.040 14.443 14.839 15.296 15.699 16.079 16.386 16.619 16.854 17.137 17.448 17.754 18.207 18.668 18.895 19.071 19.014 18.693 18.449 18.001 16.952 15.803 14.944 13.745 11.944 10.300 9.116 8.217 7.423 6.736 6.136 5.401 4.638 3.990 3.555 3.266 2.968 2.544 2.033 1.532 1.227 1.281 0.000 0.000 0.000 0.000 0.000 0.000 0.000 0.000 0.000 0.000 0.000 0.000 0.000 0.000 0.000 0.000 0.000 0.000 0.000 0.000 0.000 0.000 0.000 0.000 0.000 0.000 0.000 0.000 0.000 0.000 0.000 0.000 0.000 0.000
14.524 14.775 15.044 15.330 15.773 16.183 16.525 16.848 17.128 17.390 17.650 17.953 18.345 18.800 19.101 19.275 19.348 19.044 18.823 18.460 17.564 16.290 15.601 14.292 12.322 10.557 9.307 8.380 7.485 6.570 5.804 5.092 4.385 3.847 3.495 3.093 2.591 2.089 1.618 1.236 0.000 0.000 0.000 0.000 0.000 0.000 0.000 0.000 0.000 0.000 0.000 0.000 0.000 0.000 0.000 0.000 0.000 0.000 0.000 0.000 0.000 0.000 0.000 0.000 0.000 0.000 0.000 0.000 0.000 0.000 0.000 0.000 0.000 0.000 0.000 0.000
15.113 15.225 15.354 15.529 15.744 16.197 16.626 17.024 17.388 17.708 18.032 18.302 18.489 18.682 19.156 19.463 19.539 19.311 18.996 18.770 18.073 16.602 15.886 14.497 12.732 11.018 9.735 8.723 7.741 6.705 5.886 5.054 4.251 3.648 3.093 2.468 1.938 1.541 1.222 1.002 0.000 0.000 0.000 0.000 0.000 0.000 0.000 0.000 0.000 0.000 0.000 0.000 0.000 0.000 0.000 0.000 0.000 0.000 0.000 0.000 0.000 0.000 0.000 0.000 0.000 0.000 0.000 0.000 0.000 0.000 0.000 0.000 0.000 0.000 0.000 0.000
15.727 15.749 15.791 15.848 16.004 16.228 16.642 17.133 17.607 17.974 18.245 18.331 18.434 18.610 19.122 19.514 19.684 19.527 19.215 18.918 18.392 17.062 15.831 14.639 13.281 11.610 10.258 9.086 7.958 6.879 6.037 5.132 4.203 3.418 2.628 1.981 1.522 1.194 0.981 0.000 0.000 0.000 0.000 0.000 0.000 0.000 0.000 0.000 0.000 0.000 0.000 0.000 0.000 0.000 0.000 0.000 0.000 0.000 0.000 0.000 0.000 0.000 0.000 0.000 0.000 0.000 0.000 0.000 0.000 0.000 0.000 0.000 0.000 0.000 0.000 0.000
16.626 16.386 16.336 16.322 16.341 16.484 16.760 17.292 17.803 17.970 18.038 18.153 18.160 18.606 18.950 19.271 19.684 19.722 19.435 19.078 18.690 17.618 16.091 15.119 14.075 12.385 10.874 9.508 8.170 7.099 6.222 5.278 4.266 3.281 2.386 1.758 1.355 1.064 0.870 0.000 0.000 0.000 0.000 0.000 0.000 0.000 0.000 0.000 0.000 0.000 0.000 0.000 0.000 0.000 0.000 0.000 0.000 0.000 0.000 0.000 0.000 0.000 0.000 0.000 0.000 0.000 0.000 0.000 0.000 0.000 0.000 0.000 0.000 0.000 0.000 0.000
17.737 17.350 17.042 16.928 16.873 16.922 17.154 17.344 17.685 17.853 17.835 17.865 17.940 18.427 18.753 18.980 19.545 19.827 19.523 19.227 18.915 18.074 16.708 15.974 15.115 13.359 11.621 10.076 8.558 7.495 6.523 5.497 4.414 3.319 2.382 1.783 1.388 1.081 0.885 0.000 0.000 0.000 0.000 0.000 0.000 0.000 0.000 0.000 0.000 0.000 0.000 0.000 0.000 0.000 0.000 0.000 0.000 0.000 0.000 0.000 0.000 0.000 0.000 0.000 0.000 0.000 0.000 0.000 0.000 0.000 0.000 0.000 0.000 0.000 0.000 0.000
18.879 18.504 18.160 17.833 17.630 17.563 17.557 17.487 17.407 17.514 17.473 17.582 17.853 18.005 18.390 18.654 19.328 19.957 19.698 19.267 19.003 18.411 17.302 16.756 16.066 14.349 12.428 10.760 9.155 8.080 7.031 5.853 4.596 3.413 2.496 1.910 1.514 1.188 0.000 0.000 0.000 0.000 0.000 0.000 0.000 0.000 0.000 0.000 0.000 0.000 0.000 0.000 0.000 0.000 0.000 0.000 0.000 0.000 0.000 0.000 0.000 0.000 0.000 0.000 0.000 0.000 0.000 0.000 0.000 0.000 0.000 0.000 0.000 0.000 0.000 0.000
20.060 19.836 19.470 19.043 18.624 18.208 17.799 17.568 17.407 17.223 17.077 17.276 17.540 17.720 17.839 18.214 18.953 19.914 19.975 19.454 19.110 18.726 17.817 17.603 16.913 15.343 13.339 11.623 9.935 8.837 7.725 6.372 4.914 3.617 2.646 2.040 1.631 1.284 0.000 0.000 0.000 0.000 0.000 0.000 0.000 0.000 0.000 0.000 0.000 0.000 0.000 0.000 0.000 0.000 0.000 0.000 0.000 0.000 0.000 0.000 0.000 0.000 0.000 0.000 0.000 0.000 0.000 0.000 0.000 0.000 0.000 0.000 0.000 0.000 0.000 0.000
21.260 21.169 20.697 20.199 19.696 18.899 18.196 17.656 17.357 17.182 17.040 17.006 17.199 17.216 17.256 17.726 18.411 19.203 19.926 19.563 19.230 18.983 18.244 18.532 17.701 16.376 14.397 12.642 10.864 9.731 8.551 7.028 5.393 3.953 2.852 2.148 1.701 1.306 0.000 0.000 0.000 0.000 0.000 0.000 0.000 0.000 0.000 0.000 0.000 0.000 0.000 0.000 0.000 0.000 0.000 0.000 0.000 0.000 0.000 0.000 0.000 0.000 0.000 0.000 0.000 0.000 0.000 0.000 0.000 0.000 0.000 0.000 0.000 0.000 0.000 0.000
22.282 22.168 21.760 21.231 20.641 19.778 18.756 17.855 17.401 17.210 17.054 16.914 16.797 16.681 16.904 17.415 17.893 18.436 19.167 19.366 19.193 19.124 18.585 19.412 19.041 17.303 15.380 13.662 11.915 10.665 9.480 7.839 6.007 4.345 3.072 2.269 1.756 1.329 0.000 0.000 0.000 0.000 0.000 0.000 0.000 0.000 0.000 0.000 0.000 0.000 0.000 0.000 0.000 0.000 0.000 0.000 0.000 0.000 0.000 0.000 0.000 0.000 0.000 0.000 0.000 0.000 0.000 0.000 0.000 0.000 0.000 0.000 0.000 0.000 0.000 0.000
