data/RealTopo/Outputs_RealTopo/relWog_02RealTopo_null_TRENT2D_pft.asc
ncols      490
nrows      555
cellsize  5.000
xllcenter       167455.00
yllcenter       361955.00
NODATA_value       nan
[rows 228 to 265 of 555, columns 255 to 339 of 490]
0.000959 0.000000 0.000000 0.000000 0.000000 nan nan nan nan nan nan nan nan nan nan nan nan nan nan nan nan nan nan nan nan nan nan nan nan nan nan nan nan nan nan nan nan nan nan nan nan nan nan nan nan nan nan nan nan nan nan nan nan nan nan nan nan nan nan nan nan nan nan nan nan nan nan nan nan nan nan nan nan nan nan nan nan nan nan nan nan nan nan nan nan
0.001904 0.000943 0.000000 0.000000 0.000000 0.000000 nan nan nan nan nan nan nan nan nan nan nan nan nan nan nan nan nan nan nan nan nan nan nan nan nan nan nan nan nan nan nan nan nan nan nan nan nan nan nan nan nan nan nan nan nan nan nan nan nan nan nan nan nan nan nan nan nan nan nan nan nan nan nan nan nan nan nan nan nan nan nan nan nan nan nan nan nan nan nan
0.004707 0.000927 0.000000 0.000000 0.000000 0.000000 0.000000 nan nan nan nan nan nan nan nan nan nan nan nan nan nan nan nan nan nan nan nan nan nan nan nan nan nan nan nan nan nan nan nan nan nan nan nan nan nan nan nan nan nan nan nan nan nan nan nan nan nan nan nan nan nan nan nan nan nan nan nan nan nan nan nan nan nan nan nan nan nan nan nan nan nan nan nan nan nan
0.008503 0.002812 0.000916 0.000000 0.000000 0.000000 0.000000 0.000000 nan nan nan nan nan nan nan nan nan nan nan nan nan nan nan nan nan nan nan nan nan nan nan nan nan nan nan nan nan nan nan nan nan nan nan nan nan nan nan nan nan nan nan nan nan nan nan nan nan nan nan nan nan nan nan nan nan nan nan nan nan nan nan nan nan nan nan nan nan nan nan nan nan nan nan nan nan
0.014162 0.006508 0.001815 0.000882 0.000849 0.000000 0.000000 0.000000 0.000000 nan nan nan nan nan nan nan nan nan nan nan nan nan nan nan nan nan nan nan nan nan nan nan nan nan nan nan nan nan nan nan nan nan nan nan nan nan nan nan nan nan nan nan nan nan nan nan nan nan nan nan nan nan nan nan nan nan nan nan nan nan nan nan nan nan nan nan nan nan nan nan nan nan nan nan nan
0.014705 0.011042 0.003642 0.001735 0.000821 0.000838 0.000000 0.000000 0.000000 0.000000 nan nan nan nan nan nan nan nan nan nan nan nan nan nan nan nan nan nan nan nan nan nan nan nan nan nan nan nan nan nan nan nan nan nan nan nan nan nan nan nan nan nan nan nan nan nan nan nan nan nan nan nan nan nan nan nan nan nan nan nan nan nan nan nan nan nan nan nan nan nan nan nan nan nan nan
0.015345 0.014475 0.007143 0.002575 0.001634 0.000821 0.000815 0.000000 0.000000 0.000000 0.000000 nan nan nan nan nan nan nan nan nan nan nan nan nan nan nan nan nan nan nan nan nan nan nan nan nan nan nan nan nan nan nan nan nan nan nan nan nan nan nan nan nan nan nan nan nan nan nan nan nan nan nan nan nan nan nan nan nan nan nan nan nan nan nan nan nan nan nan nan nan nan nan nan nan nan
0.021761 0.017430 0.010108 0.004101 0.001607 0.001598 0.000800 0.000845 0.000000 0.000000 0.000000 nan nan nan nan nan nan nan nan nan nan nan nan nan nan nan nan nan nan nan nan nan nan nan nan nan nan nan nan nan nan nan nan nan nan nan nan nan nan nan nan nan nan nan nan nan nan nan nan nan nan nan nan nan nan nan nan nan nan nan nan nan nan nan nan nan nan nan nan nan nan nan nan nan nan
0.034162 0.025546 0.018144 0.008771 0.004020 0.001633 0.000859 0.000888 0.000915 0.000000 0.000000 0.000000 nan nan nan nan nan nan nan nan nan nan nan nan nan nan nan nan nan nan nan nan nan nan nan nan nan nan nan nan nan nan nan nan nan nan nan nan nan nan nan nan nan nan nan nan nan nan nan nan nan nan nan nan nan nan nan nan nan nan nan nan nan nan nan nan nan nan nan nan nan nan nan nan nan
0.062051 0.043239 0.031128 0.018973 0.008252 0.003367 0.001764 0.001761 0.000871 0.000853 0.000000 0.000000 0.000000 nan nan nan nan nan nan nan nan nan nan nan nan nan nan nan nan nan nan nan nan nan nan nan nan nan nan nan nan nan nan nan nan nan nan nan nan nan nan nan nan nan nan nan nan nan nan nan nan nan nan nan nan nan nan nan nan nan nan nan nan nan nan nan nan nan nan nan nan nan nan nan nan
0.212450 0.129725 0.060850 0.040571 0.021850 0.007688 0.003455 0.001659 0.001838 0.001895 0.000960 0.000000 0.000000 0.000000 nan nan nan nan nan nan nan nan nan nan nan nan nan nan nan nan nan nan nan nan nan nan nan nan nan nan nan nan nan nan nan nan nan nan nan nan nan nan nan nan nan nan nan nan nan nan nan nan nan nan nan nan nan nan nan nan nan nan nan nan nan nan nan nan nan nan nan nan nan nan nan
0.362111 0.304490 0.224102 0.094526 0.053571 0.020665 0.006743 0.008706 0.013782 0.005865 0.002928 0.000000 0.000000 0.000000 0.000000 0.000000 0.000000 nan nan nan nan nan nan nan nan nan nan nan nan nan nan nan nan nan nan nan nan nan nan nan nan nan nan nan nan nan nan nan nan nan nan nan nan nan nan nan nan nan nan nan nan nan nan nan nan nan nan nan nan nan nan nan nan nan nan nan nan nan nan nan nan nan nan nan nan
0.476073 0.435458 0.403126 0.290509 0.180357 0.104666 0.075433 0.074522 0.070600 0.004751 0.002742 0.000894 0.000000 0.000000 0.000000 0.000000 0.000000 0.000000 nan nan nan nan nan nan nan nan nan nan nan nan nan nan nan nan nan nan nan nan nan nan nan nan nan nan nan nan nan nan nan nan nan nan nan nan nan nan nan nan nan nan nan nan nan nan nan nan nan nan nan nan nan nan nan nan nan nan nan nan nan nan nan nan nan nan nan
0.566253 0.530706 0.503663 0.452981 0.342693 0.351709 0.225006 0.499576 0.016648 0.007315 0.004491 0.003579 0.000934 0.000000 0.000000 0.000000 0.000000 0.000000 nan 0.000000 0.000000 0.000000 nan nan nan nan nan nan nan nan nan nan nan nan nan nan nan nan nan nan nan nan nan nan nan nan nan nan nan nan nan nan nan nan nan nan nan nan nan nan nan nan nan nan nan nan nan nan nan nan nan nan nan nan nan nan nan nan nan nan nan nan nan nan nan
0.546671 0.585730 0.594849 0.575001 0.531859 0.460424 0.317178 0.137784 0.036783 0.017795 0.008037 0.007292 0.005619 0.000933 0.000935 0.000000 0.000000 0.000000 0.000000 0.000000 0.000000 0.000000 0.000000 0.000000 nan nan nan nan nan nan nan nan nan nan nan nan nan nan nan nan nan nan nan nan nan nan nan nan nan nan nan nan nan nan nan nan nan nan nan nan nan nan nan nan nan nan nan nan nan nan nan nan nan nan nan nan nan nan nan nan nan nan nan nan nan
0.523104 0.595531 0.634113 0.607041 0.637902 0.577998 0.469257 0.350269 0.155647 0.060368 0.044483 0.028386 0.016502 0.005626 0.001532 0.000756 0.000000 nan 0.015944 0.000835 0.000000 0.000000 0.000000 0.000000 nan nan nan nan nan nan nan nan nan nan nan nan nan nan nan nan nan nan nan nan nan nan nan nan nan nan nan nan nan nan nan nan nan nan nan nan nan nan nan nan nan nan nan nan nan nan nan nan nan nan nan nan nan nan nan nan nan nan nan nan nan
0.478703 0.530156 0.615678 0.646955 0.729324 0.744812 0.713500 0.572916 0.358435 0.247397 0.121350 0.065140 0.025640 0.011016 0.003871 0.000781 0.002954 0.034488 0.001782 0.000791 0.000000 0.000000 0.000000 0.000000 nan nan nan nan nan nan nan nan nan nan nan nan nan nan nan nan nan nan nan nan nan nan nan nan nan nan nan nan nan nan nan nan nan nan nan nan nan nan nan nan nan nan nan nan nan nan nan nan nan nan nan nan nan nan nan nan nan nan nan nan nan
0.381490 0.434834 0.570111 0.637491 0.756490 0.841819 0.881968 0.829643 0.658112 0.546784 0.270442 0.096759 0.059821 0.024118 0.011036 0.007775 0.004872 0.001792 0.001568 0.001705 0.000889 0.000885 0.000000 0.000000 0.000000 nan nan nan nan nan nan nan nan nan nan nan nan nan nan nan nan nan nan nan nan nan nan nan nan nan nan nan nan nan nan nan nan nan nan nan nan nan nan nan nan nan nan nan nan nan nan nan nan nan nan nan nan nan nan nan nan nan nan nan nan
0.302776 0.384499 0.432471 0.546608 0.706128 0.862307 0.998122 1.021598 0.876728 0.675230 0.411179 0.239682 0.106158 0.077334 0.056195 0.024289 0.006229 0.002262 0.001720 0.001817 0.001865 0.000842 0.000934 0.000000 0.000000 nan nan nan nan nan nan nan nan nan nan nan nan nan nan nan nan nan nan nan nan nan nan nan nan nan nan nan nan nan nan nan nan nan nan nan nan nan nan nan nan nan nan nan nan nan nan nan nan nan nan nan nan nan nan nan nan nan nan nan nan
0.226597 0.325319 0.398008 0.460902 0.596516 0.838602 0.994190 1.084742 0.832320 0.694730 0.626824 0.500612 0.294930 0.207423 0.127660 0.053968 0.017531 0.008264 0.002730 0.002737 0.001792 0.001769 0.001907 0.000963 0.000000 nan nan nan nan nan nan nan nan nan nan nan nan nan nan nan nan nan nan nan nan nan nan nan nan nan nan nan nan nan nan nan nan nan nan nan nan nan nan nan nan nan nan nan nan nan nan nan nan nan nan nan nan nan nan nan nan nan nan nan nan
0.208851 0.252687 0.365226 0.475936 0.504483 0.749218 0.919867 1.003892 0.899547 0.868754 0.819832 0.762448 0.653651 0.362754 0.164498 0.094149 0.062859 0.029897 0.009710 0.003586 0.002699 0.002746 0.003864 0.003899 0.000000 nan nan nan nan nan nan nan nan nan nan nan nan nan nan nan nan nan nan nan nan nan nan nan nan nan nan nan nan nan nan nan nan nan nan nan nan nan nan nan nan nan nan nan nan nan nan nan nan nan nan nan nan nan nan nan nan nan nan nan nan
0.168982 0.217155 0.316976 0.422054 0.537942 0.599910 0.780125 0.895353 0.911155 0.915268 1.025775 1.061422 0.923593 0.580660 0.253240 0.147699 0.134891 0.089218 0.046019 0.017361 0.007298 0.004589 0.004804 0.003814 0.000967 nan nan nan nan nan nan nan nan nan nan nan nan nan nan nan nan nan nan nan nan nan nan nan nan nan nan nan nan nan nan nan nan nan nan nan nan nan nan nan nan nan nan nan nan nan nan nan nan nan nan nan nan nan nan nan nan nan nan nan nan
0.107970 0.153732 0.258080 0.345300 0.508134 0.576410 0.631467 0.748065 0.826094 1.084568 1.275361 1.174915 1.006856 0.638603 0.518815 0.274193 0.169328 0.146938 0.124012 0.069176 0.029079 0.011932 0.005609 0.008758 0.002919 nan nan 0.000000 nan nan nan nan nan nan nan nan nan nan nan nan nan nan nan nan nan nan nan nan nan nan nan nan nan nan nan nan nan nan nan nan nan nan nan nan nan nan nan nan nan nan nan nan nan nan nan nan nan nan nan nan nan nan nan nan nan
0.060520 0.079813 0.142917 0.271707 0.381576 0.466664 0.603245 0.576453 0.879993 1.179989 1.250510 1.048625 0.836228 0.834063 0.791306 0.542259 0.281390 0.190007 0.155435 0.131876 0.081761 0.041068 0.016851 0.014665 0.005809 0.002945 0.000980 0.000000 0.000000 nan nan nan nan nan nan nan nan nan nan nan nan nan nan nan nan nan nan nan nan nan nan nan nan nan nan nan nan nan nan nan nan nan nan nan nan nan nan nan nan nan nan nan nan nan nan nan nan nan nan nan nan nan nan nan nan
0.046579 0.053896 0.056166 0.108023 0.208175 0.307214 0.440366 0.634889 0.894112 1.012202 0.950514 0.909880 0.893671 1.033450 0.970503 0.833129 0.495674 0.292980 0.203880 0.183602 0.163397 0.112855 0.062166 0.039729 0.027410 0.003910 0.000983 0.000000 0.000000 0.000000 nan nan nan nan nan nan nan nan nan nan nan nan nan nan nan nan nan nan nan nan nan nan nan nan nan nan nan nan nan nan nan nan nan nan nan nan nan nan nan nan nan nan nan nan nan nan nan nan nan nan nan nan nan nan nan
0.032656 0.044685 0.055817 0.056320 0.084693 0.180370 0.383133 0.547624 0.737454 0.724566 0.804710 0.952519 0.956043 1.047368 1.056322 0.967016 0.766393 0.509903 0.339227 0.254017 0.220662 0.194360 0.152011 0.138352 0.131491 0.016864 0.032551 0.000929 0.000000 0.000000 0.000000 nan nan nan nan nan nan nan 0.000000 nan nan nan nan nan nan nan nan nan nan nan nan nan nan nan nan nan nan nan nan nan nan nan nan nan nan nan nan nan nan nan nan nan nan nan nan nan nan nan nan nan nan nan nan nan nan
0.009363 0.017197 0.028475 0.037701 0.061946 0.156453 0.296034 0.696899 0.333585 0.513947 0.668008 0.829625 0.975424 1.105348 1.110327 1.082475 0.969614 0.750922 0.521528 0.378452 0.292765 0.247789 0.216241 0.226439 0.447138 0.045742 0.007650 0.001773 0.000000 0.000000 nan nan nan nan nan nan nan nan 0.000000 0.000000 nan nan nan nan nan nan nan nan nan nan nan nan nan nan nan nan nan nan nan nan nan nan nan nan nan nan nan nan nan nan nan nan nan nan nan nan nan nan nan nan nan nan nan nan nan
0.005745 0.004920 0.008633 0.018083 0.070143 0.149048 0.292945 0.114683 0.159630 0.334727 0.560767 0.817566 0.947582 1.103700 1.128857 1.143520 1.125390 0.993201 0.748695 0.537838 0.418790 0.334189 0.287151 0.224609 0.160664 0.114383 0.020165 0.005420 0.001910 0.000000 0.000000 nan nan nan nan nan nan nan 0.000000 0.000000 0.000000 nan nan nan nan nan nan nan nan nan nan nan nan nan nan nan nan nan nan nan nan nan nan nan nan nan nan nan nan nan nan nan nan nan nan nan nan nan nan nan nan nan nan nan nan
0.006936 0.004667 0.003084 0.014406 0.130234 0.473218 0.040403 0.065860 0.117014 0.156761 0.363233 0.633535 0.840932 1.043128 1.150011 1.181377 1.211454 1.145489 0.966966 0.718861 0.543489 0.443106 0.383550 0.306905 0.228035 0.147802 0.064277 0.017696 0.005692 0.000952 0.000000 nan nan nan nan nan nan nan 0.000000 0.000000 0.000000 nan nan nan nan nan nan nan nan nan nan nan nan nan nan nan nan nan nan nan nan nan nan nan nan nan nan nan nan nan nan nan nan nan nan nan nan nan nan nan nan nan nan nan nan
0.011647 0.014333 nan 0.004996 0.673505 0.024113 0.026508 0.038291 0.060398 0.083271 0.156440 0.415754 0.711168 0.959802 1.117267 1.198464 1.251618 1.265856 1.151010 0.883158 0.685027 0.532514 0.429751 0.343797 0.268159 0.181898 0.124185 0.047122 0.017168 0.003827 0.000000 0.000000 nan nan nan nan nan nan 0.000000 0.000968 0.000000 nan nan nan nan nan nan nan nan nan nan nan nan nan nan nan nan nan nan nan nan nan nan nan nan nan nan nan nan nan nan nan nan nan nan nan nan nan nan nan nan nan nan nan nan
0.027476 0.093810 0.601259 0.866195 0.188499 0.020140 0.024069 0.030029 0.040927 0.056928 0.096588 0.196835 0.477502 0.786165 1.036231 1.160376 1.268715 1.288590 1.244863 1.107355 0.868648 0.671140 0.552737 0.439564 0.350841 0.244725 0.157549 0.091093 0.034922 0.008342 0.000932 0.000000 nan nan nan nan nan nan nan 0.000000 0.000000 0.000000 nan nan nan nan nan nan nan nan nan nan nan nan nan nan nan nan nan nan nan nan nan nan nan nan nan nan nan nan nan nan nan nan nan nan nan nan nan nan nan nan nan nan nan
0.050746 0.048409 0.049062 0.064980 0.053367 0.026687 0.023824 0.026018 0.031896 0.043490 0.077921 0.136570 0.239055 0.514811 0.825953 1.073828 1.228027 1.300801 1.327850 1.272410 1.056060 0.851414 0.689959 0.542372 0.450231 0.349630 0.224288 0.149348 0.062033 0.017772 0.001831 0.000000 0.000000 nan nan nan nan nan nan 0.000000 0.000000 0.000000 nan nan nan nan nan nan nan nan nan nan nan nan nan nan nan nan nan nan nan nan nan nan nan nan nan nan nan nan nan nan nan nan nan nan nan nan nan nan nan nan nan nan nan
0.060290 0.044665 0.048087 0.052177 0.062132 0.043530 0.027826 0.026869 0.027954 0.035422 0.067568 0.102332 0.160627 0.265336 0.557635 0.879229 1.126413 1.299485 1.359788 1.350822 1.248212 1.026805 0.842261 0.685760 0.565695 0.453412 0.317380 0.213064 0.107724 0.033768 0.004478 0.000000 0.000000 nan nan nan nan nan nan 0.000000 0.000000 0.000000 0.000000 nan nan nan nan nan nan nan nan nan nan nan nan nan nan nan nan nan nan nan nan nan nan nan nan nan nan nan nan nan nan nan nan nan nan nan nan nan nan nan nan nan nan
0.101700 0.085683 0.050225 0.041934 0.052898 0.053567 0.036556 0.031636 0.031104 0.037519 0.063114 0.078779 0.111434 0.173556 0.305565 0.637864 0.979247 1.233276 1.354989 1.463503 1.408562 1.229136 0.993854 0.819978 0.698553 0.570317 0.414088 0.304448 0.164179 0.060192 0.009923 0.000896 0.000000 0.000000 nan nan nan nan nan 0.000000 0.000000 0.000000 0.000000 nan nan nan nan nan nan nan nan nan nan nan nan nan nan nan nan nan nan nan nan nan nan nan nan nan nan nan nan nan nan nan nan nan nan nan nan nan nan nan nan nan nan
0.168775 0.127629 0.061897 0.039193 0.033609 0.041351 0.042877 0.036007 0.036171 0.044484 0.063309 0.076206 0.076385 0.111991 0.190548 0.381338 0.721595 1.052991 1.339118 1.479027 1.494745 1.366526 1.158224 0.959757 0.810352 0.679199 0.539324 0.422592 0.266253 0.106397 0.019779 0.002628 0.000000 0.000000 nan nan nan nan nan nan 0.000000 0.000000 0.000000 0.000000 nan nan nan nan nan nan nan nan nan nan nan nan nan nan nan nan nan nan nan nan nan nan nan nan nan nan nan nan nan nan nan nan nan nan nan nan nan nan nan nan nan
0.238960 0.169696 0.090575 0.037656 0.030842 0.030483 0.035130 0.035940 0.037641 0.051487 0.063927 0.067672 0.061709 0.084350 0.145480 0.247097 0.442119 0.819130 1.189545 1.431841 1.528747 1.486578 1.278150 1.072183 0.935581 0.819658 0.682762 0.539212 0.394495 0.194025 0.052476 0.007061 0.000873 0.000000 0.000000 nan nan nan nan nan 0.000000 0.000000 0.000000 0.000000 nan nan nan nan nan nan nan nan nan nan nan nan nan nan nan nan nan nan nan nan nan nan nan nan nan nan nan nan nan nan nan nan nan nan nan nan nan nan nan nan nan
0.296545 0.199939 0.133436 0.053074 0.029843 0.028987 0.030903 0.034003 0.040713 0.056239 0.065262 0.067765 0.074459 0.083046 0.105160 0.159630 0.228795 0.561679 0.965898 1.315335 1.498973 1.486825 1.353510 1.163905 1.010258 0.936483 0.831177 0.673257 0.523494 0.321273 0.111711 0.017186 0.001769 0.000000 0.000000 nan nan nan nan 0.000000 0.000000 0.000000 0.000000 0.000000 nan nan nan nan nan nan nan nan nan nan nan nan nan nan nan nan nan nan nan nan nan nan nan nan nan nan nan nan nan nan nan nan nan nan nan nan nan nan nan nan nan
0.340254 0.251472 0.172494 0.094765 0.029062 0.029316 0.030455 0.032899 0.042366 0.058564 0.067133 0.075144 0.083539 0.092871 0.098980 0.123403 0.167369 0.330832 0.720271 1.113729 1.314482 1.434988 1.408737 1.236062 1.099985 1.070145 0.958902 0.826390 0.652133 0.482820 0.223933 0.052583 0.006157 0.000883 0.000000 0.000000 nan nan nan 0.000000 0.000000 0.000000 0.000000 0.000000 nan nan nan nan nan nan nan nan nan nan nan nan nan nan nan nan nan nan nan nan nan nan nan nan nan nan nan nan nan nan nan nan nan nan nan nan nan nan nan nan nan
