data/RealTopo/Outputs_RealTopo/relWog_02RealTopo_null_TRENT2D_pft.asc
ncols      490
nrows      555
cellsize  5.000
xllcenter       167455.00
yllcenter       361955.00
NODATA_value       nan
[rows 228 to 265 of 555, columns 170 to 254 of 490]
nan nan nan nan nan nan nan nan nan nan nan nan nan nan nan nan nan nan nan nan nan nan nan nan nan nan nan 0.020451 0.156210 0.518714 0.674874 1.038247 2.076459 2.954512 2.902397 3.515229 4.257477 5.211975 5.630637 5.484907 4.754587 5.167758 6.230838 7.441044 7.573810 7.682424 7.788428 7.414191 6.821196 5.876507 5.324931 4.731160 3.935837 2.908783 2.038828 1.007253 0.218322 0.000000 0.000000 0.000842 0.000863 0.001542 0.002801 0.004838 0.006589 0.004983 0.005042 0.005288 0.006146 0.005262 0.003573 0.000897 0.000886 0.000860 0.000805 0.000803 0.000887 0.000917 0.000942 0.001826 0.003679 0.008252 0.011165 0.009465 0.002776
nan nan nan nan nan nan nan nan nan nan nan nan nan nan nan nan nan nan nan nan nan nan nan nan nan nan nan nan 0.068927 0.380442 0.723451 0.950846 1.773990 2.664752 2.750293 1.996497 2.195284 3.009830 4.192303 5.230201 5.760846 5.529859 5.793123 6.165034 7.117067 7.681789 7.804086 7.906816 7.379915 6.809262 5.756541 5.332273 4.055980 3.421251 2.287829 1.518138 0.497593 0.122705 0.000907 0.002533 0.004099 0.007883 0.012983 0.018678 0.023059 0.029333 0.035555 0.036908 0.043643 0.055221 0.035521 0.000894 0.000894 0.000881 0.000864 0.000807 0.000838 0.000857 0.000861 0.000915 0.001883 0.005482 0.011069 0.010192 0.006526
nan nan nan nan nan nan nan nan nan nan nan nan nan nan nan nan nan nan nan nan nan nan nan nan nan nan nan nan 0.014142 0.207436 0.682815 0.894133 1.414557 2.377743 2.534052 1.966601 1.432998 1.258825 1.310308 2.246506 3.599182 4.659335 5.534383 6.471110 6.670740 7.095608 7.555344 8.432796 8.000075 7.324476 6.421233 5.704152 4.759197 3.765088 3.105809 1.808093 0.896024 0.496385 0.003693 0.007163 0.013774 0.011713 0.022434 0.051509 0.094507 0.145231 0.195401 0.223138 0.214162 0.226123 0.241353 0.106822 0.001818 0.003632 0.000849 0.000850 0.000839 0.000829 0.000831 0.000823 0.000891 0.008849 0.010378 0.012192 0.010289
nan nan nan nan nan nan nan nan nan nan nan nan nan nan nan nan nan nan nan nan nan nan nan nan nan nan nan nan nan 0.063040 0.486010 0.821165 1.060660 2.105562 2.526767 2.035660 1.637790 1.397205 1.324231 1.409952 1.493241 2.386028 3.989697 4.776354 5.839449 7.047422 7.674407 7.998413 8.398460 7.593117 6.853921 6.707164 5.213224 3.872782 3.526296 2.126425 1.420606 1.182669 0.965242 0.650430 0.606295 0.649260 0.676068 0.708946 0.760457 0.853727 0.972677 1.037127 0.995630 0.788683 0.664273 0.527742 0.294318 0.066833 0.000850 0.000844 0.001758 0.001762 0.001764 0.001588 0.002397 0.003800 0.007550 0.012240 0.013140
nan nan nan nan nan nan nan nan nan nan nan nan nan nan nan nan nan nan nan nan nan nan nan nan nan nan nan nan nan nan 0.180846 0.726602 0.796237 1.629790 2.401346 2.130124 1.730918 1.489953 1.428062 1.452589 1.604945 1.708106 2.209902 3.199134 3.879245 5.165293 7.119774 8.285537 9.496656 8.364666 7.173643 7.191125 6.062035 4.501914 3.973253 2.963364 1.509797 1.226655 0.991029 1.059974 1.082919 1.072445 0.991260 0.892034 0.821364 0.754332 0.696216 0.713430 0.735940 0.718201 0.703755 0.731131 0.713200 0.496487 0.116860 0.002613 0.002622 0.002459 0.003423 0.003423 0.002469 0.002456 0.007826 0.011282 0.015046
nan nan nan nan nan nan nan nan nan nan nan nan nan nan nan nan nan nan nan nan nan nan nan nan nan nan nan nan nan nan nan 0.632360 1.088562 1.165921 1.873071 2.155121 1.745284 1.526222 1.379272 1.522550 1.656222 1.642583 1.800234 2.144270 2.840090 3.754987 5.807542 7.941215 9.172301 8.912544 7.781653 7.768042 6.591336 4.761399 4.278904 3.776389 2.098789 1.451922 1.218898 0.966603 1.023474 1.066900 0.983411 0.851024 0.725241 0.643906 0.616380 0.631591 0.619030 0.662545 0.695693 0.749730 0.772270 0.725397 0.559786 0.297949 0.139373 0.058356 0.018082 0.006518 0.005695 0.004851 0.006359 0.012667 0.014138
nan nan nan nan nan nan nan nan nan nan nan nan nan nan nan nan nan nan nan nan nan nan nan nan nan nan nan nan nan nan nan 0.142288 0.890048 1.469600 1.305007 1.872368 1.747219 1.359375 1.396650 1.288057 1.497175 1.419084 1.508960 1.728049 1.961309 2.281348 4.044268 7.463760 9.553992 9.479106 8.411867 8.331173 7.381276 5.570043 4.445210 4.118538 2.852794 1.491488 1.316412 1.144938 0.754805 0.651638 0.784161 0.870854 0.923139 0.907556 0.729048 0.606088 0.617453 0.659697 0.676611 0.684929 0.723185 0.752438 0.745781 0.595234 0.333019 0.198576 0.112635 0.050183 0.017652 0.012675 0.009439 0.012142 0.013602
nan nan nan nan nan nan nan nan nan nan nan nan nan nan nan nan nan nan nan nan nan nan nan nan nan nan nan nan nan nan nan nan 0.440758 1.381128 1.721183 1.333427 1.389806 1.312241 1.555497 1.588183 1.282346 1.249044 1.417175 1.630439 1.728039 1.842090 1.925283 4.376055 9.465543 10.731994 9.153176 8.532926 8.077883 6.415398 4.795247 4.556373 3.643558 1.783119 1.510385 1.356518 1.167985 0.494659 0.257492 0.466543 0.699691 0.798069 0.836397 0.560393 0.480914 0.514654 0.559029 0.614685 0.632939 0.666499 0.660210 0.635491 0.529404 0.405258 0.272462 0.182389 0.087054 0.039864 0.024127 0.021621 0.022702
nan nan nan nan nan nan nan nan nan nan nan nan nan nan nan nan nan nan nan nan nan nan nan nan nan nan nan nan nan nan nan nan 0.063239 0.957886 1.640443 1.608753 1.485451 1.537303 1.559357 1.548838 1.538220 1.437376 1.461729 1.607668 1.719214 1.838465 1.791902 1.987777 5.204808 8.802765 11.243937 7.834055 7.276985 5.640695 4.400133 4.184688 3.657628 1.929024 1.300919 1.234528 1.227405 0.921760 0.258856 0.079343 0.231573 0.407742 0.559190 0.597789 0.390465 0.384469 0.455996 0.544462 0.524700 0.648962 0.697453 0.722550 0.722685 0.594283 0.466145 0.379632 0.237545 0.163878 0.116368 0.053283 0.036717
nan nan nan nan nan nan nan nan nan nan nan nan nan nan nan nan nan nan nan nan nan nan nan nan nan nan nan nan nan nan nan nan nan 0.260424 1.411632 1.683007 1.685892 1.850688 1.677837 1.550870 1.614586 1.603853 1.562292 1.550764 1.812469 1.795102 1.785135 1.484814 3.793771 8.253263 11.081161 9.537847 6.733021 6.002941 4.722440 4.384676 3.951568 2.394345 1.305857 1.173915 1.079590 0.681241 0.350612 0.094560 0.026896 0.123930 0.385487 0.673663 0.486649 0.366300 0.389961 0.429496 0.463204 0.533222 0.646773 0.680429 0.696029 0.726142 0.672740 0.543584 0.462363 0.385941 0.317135 0.206281 0.123369
nan nan nan nan nan nan nan nan nan nan nan nan nan nan nan nan nan nan nan nan nan nan nan nan nan nan nan nan nan nan nan nan nan nan 0.765568 1.445976 1.682807 1.922484 1.740529 1.597278 1.616839 1.629283 1.765232 1.679480 1.724211 1.810378 1.527752 2.034221 2.640333 4.826371 9.792403 10.323262 6.388860 7.187690 6.330888 5.351594 4.923325 3.259755 1.584626 1.216911 1.147517 0.861583 0.584196 0.180013 0.038933 0.028007 0.092271 0.434301 0.648419 0.435426 0.349276 0.360042 0.433927 0.448906 0.543747 0.603518 0.675847 0.769952 0.795902 0.591705 0.602560 0.546620 0.470484 0.435305 0.331448
nan nan nan nan nan nan nan nan nan nan nan nan nan nan nan nan nan nan nan nan nan nan nan nan nan nan nan nan nan nan nan nan nan nan 0.166031 1.101264 1.650168 1.821126 1.816349 1.776685 1.609126 1.667857 1.782309 1.637745 1.714093 1.610632 1.852031 2.214849 2.034017 2.786986 6.127820 11.304764 7.487845 6.117894 7.405959 7.011419 7.228246 4.433729 2.115634 1.506745 1.411558 1.176906 0.786385 0.315483 0.065101 0.034320 0.068306 0.165885 0.307116 0.314997 0.267342 0.240442 0.330098 0.419110 0.441608 0.516654 0.642116 0.791010 0.882891 0.681985 0.617264 0.628259 0.587583 0.504363 0.463681
nan nan nan nan nan nan nan nan nan nan nan nan nan nan nan nan nan nan nan nan nan nan nan nan nan nan nan nan nan nan nan nan nan nan nan 0.500007 1.420877 1.853820 2.161288 2.032635 1.727386 1.588580 1.521629 1.591319 1.565109 1.814316 1.953803 2.165647 1.841652 1.901049 3.243623 5.711007 9.970165 7.039383 6.504348 6.874694 7.849166 5.794663 3.130311 1.700980 1.511537 1.329201 1.029010 0.589674 0.118910 0.035359 0.070297 0.125183 0.256779 0.126188 0.168138 0.127304 0.185456 0.298084 0.358947 0.466061 0.586493 0.717373 0.778430 0.783170 0.597432 0.681853 0.692124 0.644094 0.498810
nan nan nan nan nan nan nan nan nan nan nan nan nan nan nan nan nan nan nan nan nan nan nan nan nan nan nan nan nan nan nan nan nan nan nan 0.127325 0.833302 1.579987 2.260939 2.102207 1.997708 1.603404 1.840705 1.896115 1.853582 1.852470 2.073339 2.060296 2.018368 1.477808 1.888837 4.092904 9.953391 10.372047 6.448001 7.002703 7.161577 6.056556 3.448255 2.015222 1.791395 1.444164 1.285590 0.976918 0.291259 0.060827 0.086786 0.133655 0.200367 0.108443 0.120211 0.080904 0.064430 0.092186 0.218629 0.368976 0.467333 0.467931 0.604612 0.709517 0.566996 0.658161 0.732866 0.757382 0.595266
nan nan nan nan nan nan nan nan nan nan nan nan nan nan nan nan nan nan nan nan nan nan nan nan nan nan nan nan nan nan nan nan nan nan nan nan 0.379025 1.093393 1.931488 2.270480 2.134560 1.889898 1.805621 1.883482 1.995808 2.050160 2.144914 2.220955 2.026394 1.803373 2.777577 2.838079 6.261025 10.223488 7.893072 7.219605 7.976755 6.956858 3.712468 1.740475 2.012051 1.706958 1.442284 1.237894 0.546080 0.119492 0.102977 0.143198 0.194747 0.116379 0.112670 0.075572 0.054118 0.037381 0.046346 0.117433 0.209534 0.315776 0.378027 0.409208 0.518206 0.514512 0.633898 0.659237 0.595958
nan nan nan nan nan nan nan nan nan nan nan nan nan nan nan nan nan nan nan nan nan nan nan nan nan nan nan nan nan nan nan nan nan nan nan nan 0.114123 0.556943 1.387786 2.339150 2.339151 2.157939 1.810529 1.850898 1.992421 2.049226 2.156671 1.990842 1.928025 1.950306 2.823792 4.132229 4.145729 7.024436 9.009724 8.980098 8.511569 7.647716 4.666199 2.072191 1.875114 1.624541 1.498429 1.481978 0.779195 0.225668 0.130551 0.148303 0.180018 0.125539 0.097746 0.092520 0.053335 0.046194 0.030768 0.041135 0.100594 0.182256 0.267570 0.264586 0.261586 0.297565 0.436406 0.539027 0.568195
nan nan nan nan nan nan nan nan nan nan nan nan nan nan nan nan nan nan nan nan nan nan nan nan nan nan nan nan nan nan nan nan nan nan nan nan 0.055208 0.225865 0.794314 1.787355 2.640071 2.272076 1.878880 1.869909 2.011150 2.147661 2.089317 1.932301 1.914600 2.049818 2.540666 4.861114 5.093624 5.761517 8.777312 9.950492 8.524542 7.514736 6.272016 2.717536 1.659088 1.689525 1.607507 1.719115 1.095767 0.356685 0.162541 0.156081 0.157899 0.151415 0.104689 0.115826 0.052279 0.049340 0.036065 0.031608 0.043335 0.093830 0.151076 0.206627 0.247670 0.201589 0.270431 0.359832 0.414872
nan nan nan nan nan nan nan nan nan nan nan nan nan nan nan nan nan nan nan nan nan nan nan nan nan nan nan nan nan nan nan nan nan nan nan nan 0.023089 0.161501 0.439936 1.176532 2.374554 2.329180 2.053761 1.886133 2.001494 2.233712 2.233300 2.305578 2.245475 2.224058 2.267485 3.564846 4.253943 6.979791 7.744167 9.479515 10.151883 5.811491 5.457233 2.342865 2.016597 1.988165 1.747296 1.852247 1.335246 0.521012 0.181149 0.172653 0.169210 0.156399 0.120235 0.108879 0.067813 0.042140 0.035977 0.034422 0.046116 0.051517 0.087132 0.148481 0.213249 0.198363 0.196054 0.235563 0.309149
nan nan nan nan nan nan nan nan nan nan nan nan nan nan nan nan nan nan nan nan nan nan nan nan nan nan nan nan nan nan nan nan nan nan nan nan 0.003222 0.153147 0.235092 0.779549 1.544259 2.719443 2.242558 1.875994 1.989644 2.177060 2.424146 2.430740 2.454627 2.605827 2.773422 1.921192 3.206541 6.692450 6.883700 8.684202 7.457863 6.542692 5.937628 2.727755 2.977309 2.385389 1.987666 1.974237 1.427678 0.713735 0.210340 0.192155 0.185332 0.176582 0.145953 0.106474 0.081370 0.052917 0.035282 0.042486 0.044441 0.038832 0.045368 0.083918 0.114478 0.154686 0.181728 0.183664 0.220995
nan nan nan nan nan nan nan nan nan nan nan nan nan nan nan nan nan nan nan nan nan nan nan nan nan nan nan nan nan nan nan nan nan nan nan nan 0.007178 0.080426 0.182269 0.441766 1.159459 2.019656 2.304957 1.919403 1.894331 2.134562 2.386412 2.495959 2.681790 2.954187 2.569220 1.986952 1.812629 4.976598 5.216599 4.890772 6.235318 6.360582 5.647911 4.172185 3.492323 3.225336 2.695861 2.033608 1.596198 0.946346 0.235009 0.227758 0.214444 0.208243 0.172587 0.142288 0.087050 0.058169 0.051389 0.037607 0.033995 0.041221 0.034293 0.051910 0.096779 0.132126 0.135724 0.158161 0.203136
nan nan nan nan nan nan nan nan nan nan nan nan nan nan nan nan nan nan nan nan nan nan nan nan nan nan nan nan nan nan nan nan nan nan nan 0.000000 0.009183 0.039421 0.129275 0.275779 0.704881 1.432487 2.802778 2.089349 1.783545 1.982552 2.273190 2.523364 2.760358 3.179421 2.774720 2.231270 1.671655 4.917729 4.387556 4.728175 6.711535 8.029508 9.269431 4.414797 3.705063 3.577431 2.959031 2.560755 1.846430 1.288818 0.279917 0.281228 0.237128 0.234110 0.182498 0.188007 0.144821 0.090742 0.067288 0.041553 0.028249 0.035949 0.046577 0.053075 0.072601 0.101718 0.111419 0.145619 0.190556
nan nan nan nan nan nan nan nan nan nan nan nan nan nan nan nan nan nan nan nan nan nan nan nan nan nan nan nan nan nan nan nan nan nan nan 0.000000 0.001796 0.011430 0.076882 0.165341 0.343271 1.087277 2.322928 2.232219 2.003704 1.980788 2.299599 2.525211 2.778572 3.168575 2.843503 2.554622 2.544309 2.073664 3.762380 4.638616 6.621005 8.556792 11.434017 4.763442 3.601981 4.136622 3.375093 2.691297 2.078159 1.708065 0.433018 0.300903 0.316682 0.275385 0.215409 0.220505 0.195505 0.120190 0.093158 0.056801 0.035720 0.043218 0.047443 0.036348 0.055395 0.069294 0.092949 0.104501 0.106592
nan nan nan nan nan nan nan nan nan nan nan nan nan nan nan nan nan nan nan nan nan nan nan nan nan nan nan nan nan nan nan nan nan nan nan 0.000000 0.000767 0.003079 0.022151 0.124728 0.263703 0.772058 1.623810 2.396283 1.937737 1.930146 2.203400 2.545406 2.797851 2.853281 2.528669 2.548460 2.550622 2.225742 2.278914 2.984419 4.460665 5.977651 11.092458 4.600023 5.728698 4.791655 3.955200 3.011703 2.324850 1.928881 0.709464 0.353062 0.393092 0.344782 0.255902 0.261201 0.259427 0.156113 0.124634 0.080916 0.052976 0.049249 0.030738 0.024675 0.028600 0.041414 0.059639 0.065617 0.073871
nan nan nan nan nan nan nan nan nan nan nan nan nan nan nan nan nan nan nan nan nan nan nan nan nan nan nan nan nan nan nan nan nan nan 0.000000 0.000000 0.000000 0.000691 0.006190 0.046745 0.191444 0.534067 1.167062 1.908175 2.076926 1.977274 1.972954 2.497478 2.772692 2.769299 2.745571 2.409456 2.388008 2.530811 3.307679 4.896871 8.500302 10.096672 15.177074 8.667856 8.239889 5.650631 4.547056 3.451382 2.612014 2.137056 0.995486 0.361033 0.359854 0.346929 0.277609 0.267403 0.271559 0.198327 0.207190 0.136397 0.085319 0.050924 0.032415 0.019483 0.015666 0.016406 0.030673 0.047206 0.048696
nan nan nan nan nan nan nan nan nan nan nan nan nan nan nan nan nan nan nan nan nan nan nan nan nan nan nan nan nan nan nan nan nan nan 0.000000 0.000000 0.000000 0.000000 0.001763 0.010550 0.071013 0.258193 0.789053 1.326082 1.985481 1.781102 2.005393 2.294306 2.726086 2.947248 3.019853 2.884899 2.726877 2.619329 2.993791 4.307148 8.636997 12.866649 17.932279 10.889325 8.298583 7.470117 5.335572 4.184618 2.988551 2.358786 1.265329 0.392007 0.402008 0.436375 0.387020 0.350031 0.412891 0.411262 0.260494 0.192771 0.129430 0.073165 0.051134 0.023094 0.017697 0.013023 0.016347 0.027964 0.037788
nan nan nan nan nan nan nan nan nan nan nan nan nan nan nan nan nan nan nan nan nan nan nan nan nan nan nan nan nan nan nan nan nan nan nan 0.000000 0.000000 0.000000 0.000000 0.001701 0.020175 0.098743 0.375629 0.881063 1.541949 1.956211 1.930640 2.132715 2.613189 2.951520 3.068471 3.122936 3.099336 2.881691 2.967082 3.916198 7.244107 11.380530 17.688819 11.072371 9.549489 8.203984 6.916343 4.540328 3.692578 2.857508 1.315672 0.454672 0.498273 0.494397 0.455203 0.434774 0.535492 0.780611 0.292062 0.218458 0.189614 0.117011 0.072263 0.038946 0.018629 0.013408 0.011058 0.011810 0.020586
nan nan nan nan nan nan nan nan nan nan nan nan nan nan nan nan nan nan nan nan nan nan nan nan nan nan nan nan nan nan nan nan nan nan nan 0.000000 0.000000 0.000000 0.000000 0.000864 0.002621 0.024028 0.144960 0.526980 1.023459 1.673388 1.808964 1.985306 2.349476 2.812022 3.083421 3.284419 3.269142 3.068528 3.312706 3.801363 6.976802 9.616802 17.409587 12.173573 10.613539 9.202331 7.409068 5.689702 4.807917 3.416441 1.475755 0.514382 0.561849 0.567533 0.554947 0.495706 0.463633 0.484965 0.411342 0.299519 0.210483 0.157994 0.130033 0.053027 0.030228 0.018961 0.011949 0.009418 0.008682
nan nan nan nan nan nan nan nan nan nan nan nan nan nan nan nan nan nan nan nan nan nan nan nan nan nan nan nan nan nan nan nan nan nan nan nan 0.000000 0.000000 0.000000 0.000883 0.001729 0.008556 0.049569 0.211392 0.624720 1.164577 1.764514 1.721935 2.212021 2.633524 3.077339 3.330559 3.497747 3.413749 3.520633 3.664853 6.061409 9.031870 15.356483 14.663942 9.257336 12.492684 10.874545 8.669371 6.504474 4.907946 1.887708 0.591647 0.615992 0.637728 0.641430 0.571565 0.546008 0.526830 0.540836 0.413785 0.306465 0.227695 0.174499 0.111814 0.053693 0.029289 0.016702 0.010822 0.007350
nan nan nan nan nan nan nan nan nan nan nan nan nan nan nan nan nan nan nan nan nan nan nan nan nan nan nan nan nan nan nan nan nan nan nan nan 0.000000 0.000000 0.000000 0.000000 0.000851 0.005313 0.028233 0.123102 0.376272 0.767913 1.351437 1.680227 2.037896 2.494505 2.860112 3.239515 3.621545 3.684137 4.037052 3.988294 5.217214 8.192643 11.484223 18.010748 11.001266 12.422302 11.088268 11.111853 9.891184 7.717635 2.787297 0.564676 0.637965 0.692166 0.706439 0.652922 0.576938 0.519520 0.479448 0.468920 0.448330 0.339909 0.262348 0.208720 0.111762 0.054422 0.025966 0.015604 0.010825
nan nan nan nan nan nan nan nan nan nan nan nan nan nan nan nan nan nan nan nan nan nan nan nan nan nan nan nan nan nan nan nan nan nan nan nan nan 0.000000 0.000000 0.000000 0.000000 0.002652 0.016698 0.076867 0.235765 0.492950 0.897724 1.479195 1.742767 2.207408 2.717770 3.166721 3.472873 3.976809 4.229063 4.239389 5.009328 7.433503 9.158552 16.011117 16.068869 11.961408 10.772355 10.675688 12.096317 8.894860 2.514384 0.789986 0.630187 0.656034 0.708114 0.735508 0.660694 0.564990 0.537700 0.527853 0.514182 0.478587 0.390611 0.301781 0.187509 0.114775 0.046536 0.024536 0.015359
nan nan nan nan nan nan nan nan nan nan nan nan nan nan nan nan nan nan nan nan nan nan nan nan nan nan nan nan nan nan nan nan nan nan nan nan nan 0.000000 0.000000 0.000000 0.000000 0.000855 0.007748 0.041612 0.147241 0.341514 0.624526 1.013738 1.565441 1.760351 2.322156 2.833526 3.467548 4.084834 4.551956 4.748202 5.245078 6.286249 6.955282 13.622865 19.575000 13.130890 11.758325 10.797152 10.888481 7.726182 3.000969 1.366598 0.676108 0.653721 0.664410 0.677212 0.680147 0.654070 0.596721 0.572481 0.537374 0.525827 0.423702 0.305121 0.240735 0.174958 0.099545 0.050125 0.031811
nan nan nan nan nan nan nan nan nan nan nan nan nan nan nan nan nan nan nan nan nan nan nan nan nan nan nan nan nan nan nan nan nan nan nan nan nan nan 0.000000 0.000000 0.000000 0.000000 0.002494 0.020565 0.100366 0.255112 0.421891 0.721953 1.151287 1.471326 1.883236 2.575667 3.152227 3.961845 4.500766 4.916225 5.462373 6.725147 7.139709 9.657374 18.358297 18.796251 12.672191 11.200564 11.512302 8.104033 3.700038 1.997252 0.738543 0.724414 0.743807 0.747775 0.721751 0.707642 0.679162 0.621693 0.559364 0.455007 0.459142 0.413835 0.340872 0.239934 0.184486 0.105190 0.078909
nan nan nan nan nan nan nan nan nan nan nan nan nan nan nan nan nan nan nan nan nan nan nan nan nan nan nan nan nan nan nan nan nan nan nan nan nan nan 0.000000 0.000000 0.000000 0.000000 0.000855 0.008706 0.056797 0.176547 0.333917 0.517398 0.855871 1.164060 1.596105 2.117272 2.771476 3.491169 4.327679 5.000214 6.192258 7.470093 8.629147 9.170216 10.351696 20.645641 15.734638 11.393818 11.501756 8.401318 4.328260 2.740314 1.158222 0.760555 0.798736 0.803794 0.789727 0.776233 0.727130 0.636124 0.562559 0.552345 0.543949 0.512630 0.458602 0.340651 0.290152 0.239367 0.123844
nan nan nan nan nan nan nan nan nan nan nan nan nan nan nan nan nan nan nan nan nan nan nan nan nan nan nan nan nan nan nan nan nan nan nan nan nan nan nan 0.000000 0.000000 0.000000 0.000863 0.002577 0.020656 0.100177 0.270470 0.394926 0.635286 0.968818 1.303869 1.745551 2.320453 3.157546 4.388428 5.650099 6.580917 7.734382 9.688958 10.892620 8.530182 14.083748 17.603036 12.464803 10.425392 8.226040 4.848821 3.510147 2.066175 0.830424 0.795963 0.784050 0.781443 0.768982 0.725742 0.684876 0.642329 0.636873 0.639985 0.612241 0.542180 0.514786 0.418895 0.327675 0.168696
nan nan nan nan nan nan nan nan nan nan nan nan nan nan nan nan nan nan nan nan nan nan nan nan nan nan nan nan nan nan nan nan nan nan nan nan nan nan nan nan 0.000000 0.000000 0.000000 0.000825 0.005879 0.043395 0.184660 0.346590 0.471095 0.754572 1.081749 1.484168 1.984703 2.667999 3.779018 5.295458 6.553549 7.862706 10.050591 10.984723 10.584796 8.958196 13.712799 13.703657 9.488477 8.513812 5.437189 4.271560 2.801323 0.849378 0.758613 0.817694 0.825155 0.790588 0.760834 0.729282 0.700451 0.722774 0.698528 0.791991 0.692902 0.655599 0.515044 0.349285 0.224576
nan nan nan nan nan nan nan nan nan nan nan nan nan nan nan nan nan nan nan nan nan nan nan nan nan nan nan nan nan nan nan nan nan nan nan nan nan nan nan nan 0.000000 0.000000 0.000000 0.000000 0.001697 0.014234 0.086047 0.268505 0.406113 0.575165 0.899087 1.320523 1.656486 2.284255 3.071433 4.402167 6.023426 7.572168 9.786097 11.363078 12.040324 12.809084 11.119704 12.461026 10.705760 8.522474 5.615978 4.862902 3.434965 1.154057 0.852161 0.835845 0.836746 0.809786 0.822934 0.770141 0.777734 0.846617 0.946886 0.922040 0.750154 0.622517 0.562797 0.425810 0.367033
nan nan nan nan nan nan nan nan nan nan nan nan nan nan nan nan nan nan nan nan nan nan nan nan nan nan nan nan nan nan nan nan nan nan nan nan nan nan nan nan nan 0.000000 0.000000 0.000000 0.000847 0.004079 0.029339 0.155115 0.348720 0.468128 0.711198 1.094827 1.480635 1.933290 2.537990 3.425829 5.294952 7.218180 9.323839 11.353094 12.602658 14.707891 11.472448 10.948561 9.043291 9.332140 6.779487 5.251561 4.082963 1.737404 1.254473 1.038217 0.893050 0.985529 1.004319 0.970435 0.924954 1.121380 1.028583 0.634196 0.629230 0.587872 0.567249 0.550071 0.458933
nan nan nan nan nan nan nan nan nan nan nan nan nan nan nan nan nan nan nan nan nan nan nan nan nan nan nan nan nan nan nan nan nan nan nan nan nan nan nan nan nan nan 0.000000 0.000000 0.000000 0.000808 0.009199 0.058636 0.219703 0.411574 0.552457 0.900186 1.329656 1.649298 2.147146 2.856053 4.211210 6.497214 8.987450 11.322317 12.182408 13.389661 12.670516 12.379117 10.047218 9.548142 8.526927 5.488653 4.537727 2.663723 1.711375 1.408184 1.440069 1.261712 1.193938 1.127987 1.176237 1.268394 0.878786 0.780456 0.703083 0.699382 0.640882 0.626786 0.505067
