data/RealTopo/Outputs_RealTopo/relWog_02RealTopo_null_avaflow_pft.asc
ncols 491
nrows 556
xllcenter 167450.00
yllcenter 361950.00
cellsize 5.00
NODATA_value -9999.000
[rows 136 to 169 of 556, columns 77 to 153 of 491]
0.000 0.000 0.000 0.000 0.000 0.000 0.000 0.000 0.000 0.000 0.000 0.000 0.000 0.000 0.000 0.000 0.000 0.000 0.000 0.000 0.000 0.000 0.000 0.000 0.000 0.000 0.000 0.000 0.000 0.000 0.000 0.000 0.000 0.000 0.000 0.000 0.001 0.001 0.001 0.001 0.001 0.002 0.002 0.002 0.003 0.004 0.005 0.007 0.008 0.011 0.013 0.016 0.020 0.025 0.031 0.038 0.047 0.059 0.073 0.092 0.116 0.147 0.185 0.233 0.293 0.368 0.462 0.579 0.723 0.897 1.094 1.310 1.556 1.836 2.157 2.521 2.969
0.000 0.000 0.000 0.000 0.000 0.000 0.000 0.000 0.000 0.000 0.000 0.000 0.000 0.000 0.000 0.000 0.000 0.000 0.000 0.000 0.000 0.000 0.000 0.000 0.000 0.000 0.000 0.000 0.000 0.000 0.000 0.000 0.000 0.000 0.000 0.000 0.001 0.001 0.001 0.001 0.002 0.002 0.003 0.004 0.005 0.006 0.007 0.009 0.011 0.014 0.017 0.021 0.026 0.032 0.039 0.048 0.059 0.073 0.091 0.115 0.144 0.181 0.227 0.286 0.358 0.447 0.558 0.695 0.860 1.056 1.278 1.523 1.809 2.130 2.505 2.960 3.542
0.000 0.000 0.000 0.000 0.000 0.000 0.000 0.000 0.000 0.000 0.000 0.000 0.000 0.000 0.000 0.000 0.000 0.000 0.000 0.000 0.000 0.000 0.000 0.000 0.000 0.000 0.000 0.000 0.000 0.000 0.000 0.000 0.000 0.000 0.001 0.001 0.001 0.001 0.001 0.002 0.002 0.003 0.004 0.005 0.006 0.008 0.010 0.012 0.015 0.019 0.023 0.028 0.034 0.041 0.050 0.061 0.075 0.092 0.115 0.143 0.179 0.224 0.280 0.350 0.437 0.542 0.670 0.826 1.014 1.229 1.474 1.757 2.087 2.453 2.917 3.512 4.055
0.000 0.000 0.000 0.000 0.000 0.000 0.000 0.000 0.000 0.000 0.000 0.000 0.000 0.000 0.000 0.000 0.000 0.000 0.000 0.000 0.000 0.000 0.000 0.000 0.000 0.000 0.000 0.000 0.000 0.000 0.000 0.000 0.000 0.000 0.001 0.001 0.001 0.001 0.002 0.002 0.003 0.004 0.006 0.007 0.009 0.011 0.013 0.016 0.020 0.024 0.030 0.036 0.044 0.053 0.064 0.078 0.095 0.116 0.144 0.179 0.223 0.278 0.347 0.431 0.533 0.657 0.805 0.979 1.186 1.419 1.691 2.016 2.393 2.829 3.459 4.039 4.405
0.000 0.000 0.000 0.000 0.000 0.000 0.000 0.000 0.000 0.000 0.000 0.000 0.000 0.000 0.000 0.000 0.000 0.000 0.000 0.000 0.000 0.000 0.000 0.000 0.000 0.000 0.000 0.000 0.000 0.000 0.000 0.000 0.001 0.001 0.001 0.001 0.001 0.002 0.002 0.003 0.004 0.006 0.007 0.009 0.012 0.014 0.017 0.021 0.026 0.032 0.039 0.047 0.056 0.068 0.082 0.099 0.120 0.147 0.181 0.224 0.279 0.347 0.432 0.532 0.654 0.799 0.968 1.164 1.377 1.625 1.934 2.308 2.739 3.353 3.984 4.398 4.788
0.000 0.000 0.000 0.000 0.000 0.000 0.000 0.000 0.000 0.000 0.000 0.000 0.000 0.000 0.000 0.000 0.000 0.000 0.000 0.000 0.000 0.000 0.000 0.000 0.000 0.000 0.000 0.000 0.000 0.000 0.001 0.001 0.001 0.001 0.001 0.001 0.002 0.003 0.003 0.004 0.006 0.008 0.010 0.012 0.015 0.019 0.023 0.028 0.034 0.041 0.050 0.060 0.073 0.087 0.104 0.125 0.152 0.185 0.228 0.282 0.350 0.435 0.539 0.661 0.806 0.976 1.172 1.369 1.577 1.849 2.206 2.640 3.199 3.885 4.369 4.751 5.231
0.000 0.000 0.000 0.000 0.000 0.000 0.000 0.000 0.000 0.000 0.000 0.000 0.000 0.000 0.000 0.000 0.000 0.000 0.000 0.000 0.000 0.000 0.000 0.000 0.000 0.000 0.000 0.000 0.000 0.000 0.001 0.001 0.001 0.001 0.001 0.002 0.002 0.003 0.005 0.006 0.008 0.010 0.012 0.016 0.020 0.024 0.030 0.036 0.044 0.054 0.065 0.078 0.093 0.111 0.132 0.158 0.191 0.232 0.286 0.354 0.441 0.548 0.676 0.824 0.999 1.192 1.374 1.549 1.779 2.098 2.509 3.036 3.739 4.315 4.645 5.173 5.570
0.000 0.000 0.000 0.000 0.000 0.000 0.000 0.000 0.000 0.000 0.000 0.000 0.000 0.000 0.000 0.000 0.000 0.000 0.000 0.000 0.000 0.000 0.000 0.000 0.000 0.000 0.000 0.000 0.000 0.000 0.001 0.001 0.001 0.001 0.001 0.002 0.003 0.004 0.006 0.008 0.010 0.013 0.016 0.020 0.025 0.031 0.038 0.047 0.057 0.069 0.083 0.100 0.119 0.141 0.168 0.200 0.240 0.291 0.358 0.446 0.557 0.693 0.851 1.032 1.226 1.393 1.535 1.721 1.998 2.371 2.857 3.544 4.208 4.605 5.058 5.493 5.720
0.000 0.000 0.000 0.000 0.000 0.000 0.000 0.000 0.000 0.000 0.000 0.000 0.000 0.000 0.000 0.000 0.000 0.000 0.000 0.000 0.000 0.000 0.000 0.000 0.000 0.000 0.000 0.000 0.000 0.000 0.001 0.001 0.001 0.001 0.002 0.003 0.004 0.006 0.008 0.010 0.013 0.016 0.021 0.026 0.032 0.040 0.049 0.060 0.073 0.089 0.107 0.129 0.152 0.179 0.211 0.250 0.299 0.362 0.447 0.559 0.705 0.883 1.076 1.271 1.434 1.547 1.680 1.907 2.242 2.688 3.321 4.054 4.528 4.874 5.352 5.626 5.693
0.000 0.000 0.000 0.000 0.000 0.000 0.000 0.000 0.000 0.000 0.000 0.000 0.000 0.000 0.000 0.000 0.000 0.000 0.000 0.000 0.000 0.000 0.000 0.000 0.000 0.000 0.000 0.000 0.001 0.001 0.001 0.001 0.001 0.002 0.003 0.004 0.005 0.007 0.010 0.013 0.016 0.021 0.026 0.033 0.041 0.050 0.062 0.076 0.094 0.114 0.138 0.165 0.194 0.226 0.264 0.310 0.369 0.446 0.553 0.705 0.899 1.128 1.338 1.499 1.599 1.683 1.842 2.119 2.525 3.090 3.843 4.420 4.759 5.147 5.472 5.574 5.640
0.000 0.000 0.000 0.000 0.000 0.000 0.000 0.000 0.000 0.000 0.000 0.000 0.000 0.000 0.000 0.000 0.000 0.000 0.000 0.000 0.000 0.000 0.000 0.000 0.000 0.000 0.000 0.001 0.001 0.001 0.001 0.001 0.002 0.003 0.004 0.005 0.007 0.009 0.012 0.016 0.021 0.026 0.033 0.041 0.051 0.064 0.078 0.097 0.119 0.147 0.179 0.211 0.245 0.283 0.327 0.381 0.450 0.550 0.702 0.908 1.157 1.406 1.588 1.688 1.737 1.828 2.031 2.370 2.873 3.593 4.275 4.675 4.915 5.262 5.415 5.501 5.437
0.000 0.000 0.000 0.000 0.000 0.000 0.000 0.000 0.000 0.000 0.000 0.000 0.000 0.000 0.000 0.000 0.000 0.000 0.000 0.000 0.000 0.000 0.000 0.000 0.000 0.000 0.001 0.001 0.001 0.001 0.002 0.002 0.003 0.004 0.005 0.007 0.009 0.012 0.016 0.021 0.026 0.033 0.042 0.052 0.064 0.079 0.098 0.121 0.150 0.188 0.232 0.269 0.307 0.352 0.403 0.465 0.553 0.700 0.910 1.167 1.438 1.656 1.794 1.841 1.868 1.992 2.258 2.676 3.314 4.085 4.560 4.850 5.018 5.209 5.318 5.299 5.145
0.000 0.000 0.000 0.000 0.000 0.000 0.000 0.000 0.000 0.000 0.000 0.000 0.000 0.000 0.000 0.000 0.000 0.000 0.000 0.000 0.000 0.000 0.000 0.000 0.000 0.001 0.001 0.001 0.001 0.002 0.002 0.003 0.004 0.005 0.007 0.009 0.012 0.016 0.020 0.026 0.033 0.042 0.052 0.065 0.080 0.098 0.121 0.149 0.187 0.238 0.299 0.345 0.386 0.437 0.496 0.578 0.713 0.916 1.165 1.442 1.687 1.863 1.956 1.965 2.012 2.183 2.516 3.039 3.824 4.461 4.787 4.992 5.054 5.093 5.130 5.034 4.907
0.000 0.000 0.000 0.000 0.000 0.000 0.000 0.000 0.000 0.000 0.000 0.000 0.000 0.000 0.000 0.000 0.000 0.000 0.000 0.000 0.000 0.000 0.000 0.000 0.000 0.001 0.001 0.001 0.001 0.002 0.003 0.004 0.005 0.007 0.009 0.012 0.016 0.020 0.026 0.033 0.041 0.052 0.065 0.080 0.098 0.119 0.146 0.179 0.228 0.294 0.377 0.443 0.489 0.545 0.629 0.763 0.959 1.198 1.464 1.718 1.915 2.039 2.071 2.073 2.167 2.403 2.806 3.494 4.298 4.736 4.963 5.073 5.068 4.942 4.885 4.817 4.748
0.000 0.000 0.000 0.000 0.000 0.000 0.000 0.000 0.000 0.000 0.000 0.000 0.000 0.000 0.000 0.000 0.000 0.000 0.000 0.000 0.000 0.000 0.000 0.000 0.000 0.001 0.001 0.001 0.002 0.003 0.004 0.005 0.007 0.009 0.012 0.015 0.020 0.025 0.032 0.041 0.051 0.064 0.079 0.097 0.118 0.143 0.173 0.209 0.269 0.360 0.469 0.554 0.618 0.696 0.828 1.015 1.244 1.497 1.765 1.981 2.121 2.180 2.148 2.177 2.334 2.641 3.142 3.985 4.642 4.950 5.113 5.097 5.048 4.790 4.691 4.734 4.740
0.000 0.000 0.000 0.000 0.000 0.000 0.000 0.000 0.000 0.000 0.000 0.000 0.000 0.000 0.000 0.000 0.000 0.000 0.000 0.000 0.000 0.000 0.000 0.000 0.001 0.001 0.001 0.001 0.002 0.003 0.005 0.006 0.009 0.012 0.015 0.019 0.025 0.032 0.040 0.051 0.063 0.078 0.096 0.117 0.142 0.170 0.201 0.240 0.316 0.439 0.566 0.673 0.773 0.888 1.056 1.272 1.520 1.777 2.025 2.203 2.287 2.264 2.215 2.284 2.504 2.894 3.552 4.421 4.888 5.128 5.209 5.162 4.946 4.719 4.732 4.757 4.754
0.000 0.000 0.000 0.000 0.000 0.000 0.000 0.000 0.000 0.000 0.000 0.000 0.000 0.000 0.000 0.000 0.000 0.000 0.000 0.000 0.000 0.000 0.000 0.001 0.001 0.001 0.001 0.002 0.003 0.004 0.006 0.008 0.011 0.014 0.019 0.024 0.031 0.039 0.050 0.062 0.077 0.095 0.116 0.141 0.169 0.200 0.236 0.287 0.382 0.521 0.663 0.797 0.935 1.089 1.281 1.519 1.776 2.018 2.227 2.359 2.378 2.321 2.271 2.391 2.669 3.161 3.994 4.736 5.098 5.270 5.247 5.161 4.862 4.770 4.765 4.759 4.759
0.000 0.000 0.000 0.000 0.000 0.000 0.000 0.000 0.000 0.000 0.000 0.000 0.000 0.000 0.000 0.000 0.000 0.000 0.000 0.000 0.000 0.000 0.000 0.001 0.001 0.001 0.002 0.003 0.004 0.005 0.007 0.010 0.013 0.018 0.023 0.030 0.038 0.048 0.061 0.075 0.093 0.115 0.140 0.169 0.202 0.240 0.292 0.365 0.474 0.614 0.804 0.965 1.095 1.273 1.485 1.735 1.986 2.203 2.365 2.450 2.430 2.337 2.313 2.495 2.851 3.472 4.379 4.951 5.243 5.343 5.315 5.081 4.848 4.840 4.807 4.762 4.754
0.000 0.000 0.000 0.000 0.000 0.000 0.000 0.000 0.000 0.000 0.000 0.000 0.000 0.000 0.000 0.000 0.000 0.000 0.000 0.000 0.000 0.000 0.000 0.001 0.001 0.002 0.002 0.003 0.004 0.006 0.008 0.012 0.016 0.021 0.028 0.036 0.046 0.059 0.074 0.092 0.113 0.138 0.168 0.203 0.244 0.300 0.380 0.483 0.604 0.845 1.023 1.176 1.314 1.441 1.665 1.917 2.144 2.327 2.451 2.482 2.459 2.305 2.347 2.604 3.053 3.813 4.669 5.117 5.345 5.352 5.292 5.002 4.911 4.896 4.854 4.792 4.749
0.000 0.000 0.000 0.000 0.000 0.000 0.000 0.000 0.000 0.000 0.000 0.000 0.000 0.000 0.000 0.000 0.000 0.000 0.000 0.000 0.000 0.000 0.000 0.001 0.001 0.002 0.002 0.003 0.005 0.007 0.010 0.013 0.018 0.024 0.032 0.041 0.054 0.068 0.086 0.108 0.134 0.165 0.200 0.244 0.304 0.392 0.503 0.624 0.814 1.013 1.177 1.345 1.485 1.609 1.832 2.069 2.269 2.410 2.477 2.490 2.391 2.247 2.397 2.722 3.275 4.164 4.871 5.225 5.381 5.388 5.195 4.970 4.959 4.932 4.892 4.820 4.745
0.000 0.000 0.000 0.000 0.000 0.000 0.000 0.000 0.000 0.000 0.000 0.000 0.000 0.000 0.000 0.000 0.000 0.000 0.000 0.000 0.000 0.000 0.000 0.001 0.001 0.002 0.003 0.004 0.005 0.008 0.011 0.015 0.020 0.026 0.035 0.045 0.059 0.076 0.097 0.122 0.152 0.188 0.233 0.291 0.384 0.502 0.624 0.751 0.951 1.129 1.338 1.509 1.646 1.783 1.990 2.194 2.360 2.464 2.467 2.455 2.272 2.246 2.470 2.858 3.522 4.467 5.022 5.310 5.366 5.354 5.087 4.986 4.986 4.963 4.919 4.846 4.739
0.000 0.000 0.000 0.000 0.000 0.000 0.000 0.000 0.000 0.000 0.000 0.000 0.000 0.000 0.000 0.000 0.000 0.000 0.000 0.000 0.000 0.000 0.000 0.001 0.001 0.002 0.003 0.004 0.006 0.008 0.011 0.015 0.021 0.028 0.036 0.047 0.062 0.081 0.104 0.132 0.166 0.208 0.261 0.343 0.460 0.589 0.720 0.863 1.048 1.262 1.473 1.642 1.781 1.938 2.126 2.294 2.416 2.483 2.484 2.358 2.190 2.285 2.567 3.035 3.819 4.663 5.126 5.358 5.380 5.262 5.024 5.006 5.002 4.983 4.942 4.870 4.751
0.000 0.000 0.000 0.000 0.000 0.000 0.000 0.000 0.000 0.000 0.000 0.000 0.000 0.000 0.000 0.000 0.000 0.000 0.000 0.000 0.000 0.000 0.000 0.001 0.001 0.002 0.003 0.004 0.006 0.008 0.012 0.016 0.021 0.028 0.037 0.048 0.063 0.083 0.108 0.139 0.177 0.223 0.288 0.391 0.524 0.659 0.798 0.956 1.144 1.378 1.582 1.747 1.892 2.064 2.236 2.373 2.460 2.476 2.464 2.271 2.205 2.362 2.682 3.240 4.119 4.803 5.193 5.362 5.372 5.157 5.016 5.031 5.023 5.006 4.970 4.904 4.793
0.000 0.000 0.000 0.000 0.000 0.000 0.000 0.000 0.000 0.000 0.000 0.000 0.000 0.000 0.000 0.000 0.000 0.000 0.000 0.000 0.000 0.000 0.000 0.001 0.001 0.002 0.003 0.004 0.006 0.009 0.012 0.016 0.022 0.028 0.037 0.049 0.064 0.083 0.109 0.143 0.185 0.237 0.314 0.435 0.574 0.716 0.861 1.033 1.240 1.474 1.672 1.832 1.996 2.169 2.317 2.426 2.483 2.484 2.393 2.202 2.242 2.454 2.799 3.494 4.360 4.911 5.231 5.318 5.320 5.078 5.037 5.063 5.064 5.059 5.021 4.954 4.849
0.000 0.000 0.000 0.000 0.000 0.000 0.000 0.000 0.000 0.000 0.000 0.000 0.000 0.000 0.000 0.000 0.000 0.000 0.000 0.000 0.000 0.000 0.000 0.001 0.001 0.002 0.002 0.004 0.006 0.009 0.012 0.016 0.022 0.028 0.037 0.049 0.063 0.083 0.109 0.146 0.194 0.254 0.347 0.478 0.618 0.762 0.912 1.098 1.321 1.553 1.746 1.902 2.086 2.247 2.373 2.461 2.494 2.477 2.295 2.182 2.300 2.639 3.150 3.888 4.514 4.968 5.219 5.285 5.217 5.015 5.037 5.096 5.129 5.130 5.082 5.009 4.886
0.000 0.000 0.000 0.000 0.000 0.000 0.000 0.000 0.000 0.000 0.000 0.000 0.000 0.000 0.000 0.000 0.000 0.000 0.000 0.000 0.000 0.000 0.001 0.001 0.001 0.002 0.002 0.004 0.006 0.009 0.012 0.016 0.021 0.028 0.037 0.047 0.062 0.081 0.110 0.151 0.205 0.279 0.388 0.520 0.656 0.798 0.954 1.147 1.390 1.619 1.808 1.976 2.150 2.295 2.407 2.485 2.486 2.422 2.218 2.279 2.596 2.941 3.478 4.227 4.730 4.983 5.165 5.223 5.068 4.934 5.015 5.118 5.177 5.170 5.133 5.035 4.893
0.000 0.000 0.000 0.000 0.000 0.000 0.000 0.000 0.000 0.000 0.000 0.000 0.000 0.000 0.000 0.000 0.000 0.000 0.000 0.000 0.000 0.000 0.000 0.001 0.001 0.002 0.002 0.004 0.006 0.009 0.012 0.016 0.021 0.027 0.035 0.045 0.058 0.078 0.110 0.159 0.227 0.320 0.435 0.556 0.683 0.826 0.989 1.196 1.448 1.676 1.860 2.027 2.189 2.323 2.421 2.468 2.474 2.302 2.225 2.575 2.879 3.245 3.818 4.530 4.931 4.947 5.060 5.116 4.879 4.815 4.986 5.125 5.189 5.193 5.143 5.035 4.878
0.000 0.000 0.000 0.000 0.000 0.000 0.000 0.000 0.000 0.000 0.000 0.000 0.000 0.000 0.000 0.000 0.000 0.000 0.000 0.000 0.000 0.000 0.000 0.001 0.001 0.002 0.002 0.004 0.006 0.009 0.012 0.016 0.020 0.026 0.033 0.041 0.054 0.076 0.117 0.183 0.272 0.371 0.472 0.580 0.705 0.850 1.020 1.244 1.501 1.726 1.907 2.060 2.209 2.332 2.416 2.440 2.399 2.202 2.487 2.837 3.158 3.574 4.175 4.816 5.090 5.031 4.953 4.921 4.678 4.699 4.937 5.104 5.166 5.186 5.121 5.003 4.836
0.000 0.000 0.000 0.000 0.000 0.000 0.000 0.000 0.000 0.000 0.000 0.000 0.000 0.000 0.000 0.000 0.000 0.000 0.000 0.000 0.000 0.000 0.000 0.001 0.001 0.002 0.002 0.004 0.006 0.008 0.012 0.015 0.020 0.025 0.031 0.039 0.055 0.090 0.154 0.238 0.322 0.402 0.492 0.597 0.723 0.872 1.049 1.284 1.547 1.771 1.950 2.088 2.216 2.319 2.381 2.402 2.279 2.307 2.732 3.087 3.453 3.915 4.555 5.074 5.222 5.150 4.966 4.704 4.509 4.609 4.846 5.000 5.108 5.120 5.049 4.929 4.767
0.000 0.000 0.000 0.000 0.000 0.000 0.000 0.000 0.000 0.000 0.000 0.000 0.000 0.000 0.000 0.000 0.000 0.000 0.000 0.000 0.000 0.000 0.000 0.001 0.001 0.002 0.002 0.004 0.006 0.008 0.011 0.015 0.019 0.024 0.030 0.043 0.077 0.137 0.207 0.274 0.342 0.417 0.505 0.611 0.740 0.894 1.076 1.318 1.587 1.811 1.994 2.138 2.220 2.292 2.331 2.327 2.189 2.503 2.949 3.340 3.748 4.248 4.856 5.243 5.322 5.254 5.054 4.638 4.389 4.519 4.728 4.869 4.951 4.959 4.907 4.807 4.661
0.000 0.000 0.000 0.000 0.000 0.000 0.000 0.000 0.000 0.000 0.000 0.000 0.000 0.000 0.000 0.000 0.000 0.000 0.000 0.000 0.000 0.000 0.000 0.001 0.001 0.002 0.002 0.004 0.006 0.008 0.011 0.015 0.019 0.024 0.034 0.063 0.114 0.171 0.225 0.283 0.349 0.425 0.515 0.624 0.756 0.915 1.100 1.347 1.619 1.853 2.047 2.179 2.237 2.245 2.277 2.220 2.206 2.672 3.126 3.576 4.024 4.488 5.018 5.317 5.356 5.313 5.121 4.694 4.313 4.452 4.641 4.744 4.793 4.778 4.726 4.621 4.490
0.000 0.000 0.000 0.000 0.000 0.000 0.000 0.000 0.000 0.000 0.000 0.000 0.000 0.000 0.000 0.000 0.000 0.000 0.000 0.000 0.000 0.000 0.001 0.001 0.001 0.002 0.002 0.004 0.006 0.008 0.011 0.014 0.019 0.028 0.051 0.090 0.133 0.178 0.227 0.286 0.354 0.432 0.524 0.637 0.773 0.934 1.120 1.400 1.675 1.901 2.069 2.184 2.220 2.222 2.207 2.132 2.341 2.804 3.256 3.764 4.208 4.625 5.052 5.302 5.354 5.319 5.149 4.741 4.257 4.398 4.596 4.681 4.707 4.657 4.537 4.391 4.259
0.000 0.000 0.000 0.000 0.000 0.000 0.000 0.000 0.000 0.000 0.000 0.000 0.000 0.000 0.000 0.000 0.000 0.000 0.000 0.000 0.000 0.000 0.001 0.001 0.001 0.002 0.003 0.004 0.006 0.008 0.011 0.015 0.024 0.042 0.069 0.102 0.137 0.178 0.228 0.287 0.357 0.438 0.535 0.651 0.788 0.948 1.134 1.438 1.699 1.907 2.053 2.137 2.192 2.166 2.130 2.059 2.481 2.902 3.356 3.873 4.298 4.649 4.999 5.233 5.310 5.280 5.138 4.751 4.226 4.355 4.576 4.656 4.656 4.546 4.350 4.150 3.992
0.000 0.000 0.000 0.000 0.000 0.000 0.000 0.000 0.000 0.000 0.000 0.000 0.000 0.000 0.000 0.000 0.000 0.000 0.000 0.000 0.000 0.000 0.001 0.001 0.001 0.002 0.003 0.004 0.006 0.008 0.012 0.020 0.035 0.054 0.077 0.104 0.137 0.178 0.227 0.288 0.360 0.445 0.547 0.666 0.800 0.955 1.145 1.442 1.686 1.867 1.979 2.065 2.092 2.107 2.030 2.161 2.589 2.984 3.455 3.957 4.336 4.592 4.910 5.101 5.202 5.192 5.082 4.716 4.214 4.319 4.538 4.629 4.630 4.483 4.227 3.970 3.721
