data/RealTopo/Outputs_RealTopo/relWog_null_02RealTopo_faSavageHutterFoam_pft.asc
xllcenter 167455
yllcenter 361955
nrows 555
ncols 490
NODATA_value -9999
cellsize 5
[rows 174 to 202 of 555, columns 66 to 131 of 490]
-9999 -9999 -9999 -9999 -9999 -9999 -9999 -9999 -9999 -9999 -9999 -9999 -9999 -9999 1.37318e-05 2.52632e-05 1.42841e-05 7.55288e-06 9.97966e-06 1.0003e-05 1.00082e-05 1.00072e-05 1.0004e-05 9.99908e-06 1.00015e-05 1.00022e-05 9.99395e-06 1.00004e-05 1.00028e-05 1.00045e-05 9.99913e-06 1.00004e-05 9.99531e-06 1.00042e-05 1.01361e-05 1.00346e-05 1.00075e-05 1.00233e-05 1.00215e-05 1.00015e-05 1.00137e-05 1.00512e-05 1.01376e-05 1.0089e-05 1.0001e-05 9.99972e-06 9.99948e-06 9.9993e-06 9.99562e-06 8.39628e-06 3.80178e-05 0.00292166 0.0684796 0.535538 1.166 1.92208 2.60739 2.95199 3.16415 3.55918 4.09158 4.10602 2.83315 2.33007 2.7157 3.13302
-9999 -9999 -9999 -9999 -9999 -9999 -9999 -9999 -9999 -9999 -9999 -9999 -9999 -9999 -9999 1.07661e-05 8.97799e-06 9.99501e-06 1.00008e-05 1.00079e-05 1.00053e-05 1.00016e-05 9.99901e-06 9.99828e-06 1.00012e-05 1.00155e-05 1.00006e-05 9.9989e-06 9.99997e-06 1.00036e-05 9.99916e-06 9.99928e-06 9.99732e-06 1.00126e-05 1.02757e-05 1.03002e-05 9.97328e-06 1.00054e-05 1.00139e-05 1.00378e-05 1.01229e-05 1.0022e-05 1.00036e-05 9.99832e-06 9.99932e-06 1.00015e-05 1.00003e-05 9.99941e-06 9.99954e-06 9.9978e-06 7.99791e-06 0.00104082 0.0375273 0.412016 1.12939 1.67694 2.0958 2.41006 2.82032 3.37345 3.91425 3.08056 2.08701 2.38211 2.85808 3.20018
-9999 -9999 -9999 -9999 -9999 -9999 -9999 -9999 -9999 -9999 -9999 -9999 -9999 -9999 -9999 1.00002e-05 1.00044e-05 1.00024e-05 1.00069e-05 1.00041e-05 9.99855e-06 9.99949e-06 9.99965e-06 9.99968e-06 1.00005e-05 1.00051e-05 1.00098e-05 1.00021e-05 9.99996e-06 1.00011e-05 9.99933e-06 9.99914e-06 9.99833e-06 9.99811e-06 1.00193e-05 9.95526e-06 1.001e-05 1.00258e-05 1.00599e-05 1.00319e-05 1.00008e-05 9.9996e-06 9.99952e-06 1.00002e-05 1.00004e-05 1e-05 1.00001e-05 1.00001e-05 9.99934e-06 9.9964e-06 1.01072e-05 5.76546e-05 0.0107003 0.227349 0.863272 1.28748 1.6513 2.09559 2.68819 3.33067 3.35307 1.96147 1.97645 2.47963 3.01376 3.3343
-9999 -9999 -9999 -9999 -9999 -9999 -9999 -9999 -9999 -9999 -9999 -9999 -9999 -9999 -9999 -9999 1.00089e-05 1.00088e-05 1.00046e-05 9.99862e-06 1.00004e-05 1.00003e-05 1.00006e-05 9.99923e-06 1.00009e-05 1.00084e-05 1.00058e-05 1.00043e-05 1.00017e-05 9.99979e-06 9.99886e-06 9.99778e-06 9.99989e-06 1.00149e-05 1.00341e-05 1.00757e-05 1.00507e-05 1.0036e-05 9.9998e-06 9.9993e-06 9.99821e-06 9.99932e-06 1e-05 9.99969e-06 1.00001e-05 9.99999e-06 1.00003e-05 1.00009e-05 1e-05 9.99967e-06 9.99211e-06 -4.05806e-05 0.00209768 0.0797794 0.527677 0.990257 1.39318 1.93167 2.6777 3.32475 2.32238 1.52942 1.94713 2.58591 3.19367 3.66896
-9999 -9999 -9999 -9999 -9999 -9999 -9999 -9999 -9999 -9999 -9999 -9999 -9999 -9999 -9999 -9999 -9999 1.00029e-05 9.99781e-06 1.00004e-05 1.00048e-05 1.00031e-05 1.00034e-05 9.99944e-06 1.00001e-05 1.00024e-05 9.99758e-06 9.99742e-06 9.99779e-06 9.99922e-06 9.99504e-06 1.00055e-05 1.00825e-05 1.01739e-05 1.00769e-05 1.00073e-05 1.00146e-05 9.99633e-06 9.99691e-06 1.00002e-05 1.00009e-05 1.00031e-05 9.99946e-06 9.99986e-06 1e-05 1.00001e-05 1.00005e-05 9.99987e-06 1.00001e-05 1.00004e-05 9.99889e-06 1.00102e-05 -0.000424593 0.00575519 0.203031 0.801325 1.2061 1.87996 2.86412 3.13388 1.469 1.32209 1.88149 2.5988 3.32685 4.32199
-9999 -9999 -9999 -9999 -9999 -9999 -9999 -9999 -9999 -9999 -9999 -9999 -9999 -9999 -9999 -9999 -9999 9.99953e-06 9.998e-06 1.00017e-05 1.00086e-05 1.0004e-05 1.00015e-05 1.00009e-05 9.99693e-06 1.0047e-05 1.0013e-05 1.00017e-05 9.99992e-06 9.99952e-06 1.00239e-05 1.02227e-05 1.07832e-05 9.96296e-06 1.00043e-05 1.0007e-05 9.99725e-06 1.00002e-05 1.00011e-05 1.00002e-05 1.0002e-05 9.99954e-06 9.9999e-06 1.00001e-05 1e-05 1.00001e-05 1.00003e-05 9.99995e-06 1e-05 9.99995e-06 9.99991e-06 9.99956e-06 1.07688e-05 -0.00336425 0.0339492 0.539022 1.37064 2.11496 3.12151 3.02013 1.30672 1.12673 1.68428 2.43433 3.28396 4.78327
-9999 -9999 -9999 -9999 -9999 -9999 -9999 -9999 -9999 -9999 -9999 -9999 -9999 -9999 -9999 -9999 -9999 -9999 9.99868e-06 1.00013e-05 1.0008e-05 1.00052e-05 1.00016e-05 9.99836e-06 1.00143e-05 1.08755e-05 1.03352e-05 1.00052e-05 9.99754e-06 1.00044e-05 1.00399e-05 1.00719e-05 9.96824e-06 1.00013e-05 1.00042e-05 9.99886e-06 9.99988e-06 1.00003e-05 1.00009e-05 1.00019e-05 9.99962e-06 9.99993e-06 1e-05 1.00001e-05 1.00005e-05 9.9999e-06 9.99999e-06 1e-05 9.99994e-06 1e-05 1e-05 1e-05 1.00012e-05 4.33425e-05 -0.0131716 0.291858 1.54772 2.53761 3.19283 3.63923 2.64427 1.95782 1.7796 2.34823 3.67268 6.0852
-9999 -9999 -9999 -9999 -9999 -9999 -9999 -9999 -9999 -9999 -9999 -9999 -9999 -9999 -9999 -9999 -9999 -9999 9.99998e-06 1.00006e-05 1.00036e-05 1.00013e-05 9.99905e-06 9.98958e-06 1.01122e-05 1.26432e-05 1.22752e-05 9.76091e-06 1.0005e-05 1.00147e-05 1.00147e-05 1.00057e-05 1.00072e-05 1.00046e-05 1.00005e-05 1.00042e-05 1.00051e-05 1.00022e-05 1.00007e-05 9.9997e-06 1e-05 9.99999e-06 1e-05 1.00004e-05 1.00007e-05 9.99987e-06 1e-05 9.99994e-06 9.99994e-06 1e-05 1e-05 1.00002e-05 1.00168e-05 1.82919e-05 0.00301435 0.0567156 1.09416 2.74862 3.00145 3.52648 3.75231 3.7985 2.99242 3.01842 4.5232 6.72399
-9999 -9999 -9999 -9999 -9999 -9999 -9999 -9999 -9999 -9999 -9999 -9999 -9999 -9999 -9999 -9999 -9999 -9999 -9999 1.00006e-05 9.99988e-06 1.00001e-05 9.99756e-06 1.00097e-05 1.0346e-05 1.34193e-05 8.99865e-06 9.99336e-06 1.00056e-05 1.00069e-05 1.00043e-05 1.00037e-05 1.00038e-05 1.00012e-05 1.00026e-05 1.00079e-05 1.0007e-05 1.00015e-05 9.99945e-06 9.99995e-06 1e-05 1e-05 1.00002e-05 1.00004e-05 1.00007e-05 9.99985e-06 1e-05 9.99996e-06 9.99996e-06 1e-05 1.00002e-05 1.00013e-05 1.00018e-05 1.10688e-05 0.00115801 0.0410987 0.93467 1.54146 1.11669 1.41758 2.90033 4.15554 4.5262 4.68045 5.52186 6.49126
-9999 -9999 -9999 -9999 -9999 -9999 -9999 -9999 -9999 -9999 -9999 -9999 -9999 -9999 -9999 -9999 -9999 -9999 -9999 9.99934e-06 1.00247e-05 9.95689e-06 1.00008e-05 1.00672e-05 1.02668e-05 9.90817e-06 9.9706e-06 1.00004e-05 1.00031e-05 1.00067e-05 1.00024e-05 1e-05 9.99963e-06 1.00046e-05 1.00096e-05 1.00055e-05 9.99845e-06 9.99953e-06 9.99996e-06 1e-05 1e-05 9.99999e-06 1.00001e-05 1.00007e-05 9.99982e-06 9.99995e-06 1e-05 9.99998e-06 1e-05 1.00002e-05 1.00006e-05 1.00001e-05 1.00054e-05 1.03952e-05 0.00170872 0.147967 0.97438 0.413574 0.170373 0.362342 0.974913 2.27364 3.86475 5.44464 6.2192 5.81217
-9999 -9999 -9999 -9999 -9999 -9999 -9999 -9999 -9999 -9999 -9999 -9999 -9999 -9999 -9999 -9999 -9999 -9999 -9999 -9999 1.02935e-05 1.00486e-05 9.97053e-06 1.00447e-05 1.00256e-05 9.99657e-06 9.99757e-06 9.9975e-06 9.99838e-06 1.00003e-05 9.9994e-06 9.99995e-06 9.99956e-06 1.00032e-05 1.00075e-05 9.99794e-06 1e-05 9.99997e-06 1e-05 1.00001e-05 9.99998e-06 1e-05 1e-05 1.00002e-05 9.9999e-06 9.99991e-06 9.99999e-06 1e-05 9.99998e-06 1.00001e-05 1.00005e-05 9.99994e-06 9.9998e-06 1.02934e-05 -0.00807296 0.114334 0.360121 0.0185184 0.00128912 0.0326615 0.187123 0.647376 1.69171 4.45004 5.17619 4.84538
-9999 -9999 -9999 -9999 -9999 -9999 -9999 -9999 -9999 -9999 -9999 -9999 -9999 -9999 -9999 -9999 -9999 -9999 -9999 -9999 9.97302e-06 1.02003e-05 1.00212e-05 9.98498e-06 1.00033e-05 9.9959e-06 1.00969e-05 1.00053e-05 9.99928e-06 1.00012e-05 1.00041e-05 1.00011e-05 9.99997e-06 9.99984e-06 9.999e-06 1.00002e-05 1.00001e-05 1.00001e-05 1.00001e-05 1.00007e-05 1.00001e-05 1.00001e-05 9.99999e-06 1e-05 1e-05 1.00001e-05 1e-05 1e-05 1.00001e-05 1.00002e-05 1.00004e-05 1.00009e-05 9.99786e-06 -8.80044e-05 0.00811683 0.129238 0.00539767 -0.00167374 -2.97515e-05 0.000912427 0.0204729 0.162462 1.47654 3.45572 4.08839 3.91433
-9999 -9999 -9999 -9999 -9999 -9999 -9999 -9999 -9999 -9999 -9999 -9999 -9999 -9999 -9999 -9999 -9999 -9999 -9999 -9999 -9999 1.30952e-05 1.04062e-05 1.00041e-05 9.99622e-06 1.02307e-05 1.27169e-05 1.00364e-05 1.00441e-05 9.99843e-06 1.00096e-05 1.00148e-05 1.00058e-05 1.00026e-05 1.00007e-05 1.00001e-05 1e-05 1.00006e-05 1.00005e-05 1.00001e-05 9.99997e-06 1.00003e-05 9.99994e-06 1e-05 9.99996e-06 1e-05 1.00002e-05 1.00009e-05 1.00009e-05 1.00011e-05 1.00031e-05 9.9996e-06 9.98453e-06 8.28499e-06 0.000319597 0.00131181 -0.000126291 -4.59091e-06 9.30039e-06 7.46999e-05 0.00718663 0.172993 1.6027 2.78451 3.00131 2.95561
-9999 -9999 -9999 -9999 -9999 -9999 -9999 -9999 -9999 -9999 -9999 -9999 -9999 -9999 -9999 -9999 -9999 -9999 -9999 -9999 -9999 -9999 1.00037e-05 9.99981e-06 9.99972e-06 1.00306e-05 1.13104e-05 1.76072e-05 9.76638e-06 9.91811e-06 9.99964e-06 1.00009e-05 1.00117e-05 1.00141e-05 1.00161e-05 1.00048e-05 9.99971e-06 1e-05 1.00002e-05 9.99994e-06 1e-05 9.99999e-06 9.99995e-06 1.00001e-05 1.00001e-05 1.00004e-05 1.00001e-05 1.00015e-05 9.99987e-06 1.00025e-05 1.00046e-05 9.97262e-06 4.01387e-06 2.67255e-05 2.01287e-05 9.5518e-06 9.99779e-06 9.91578e-06 1.05039e-05 4.84154e-05 0.00647042 0.411799 1.29325 1.80914 2.02492 2.14649
-9999 -9999 -9999 -9999 -9999 -9999 -9999 -9999 -9999 -9999 -9999 -9999 -9999 -9999 -9999 -9999 -9999 -9999 -9999 -9999 -9999 -9999 1.00001e-05 1.0001e-05 1.00018e-05 9.99323e-06 1.00977e-05 1.12601e-05 1.27825e-05 9.69868e-06 9.9991e-06 1.00003e-05 9.99938e-06 9.99807e-06 1.00034e-05 1.00197e-05 1.00068e-05 9.9997e-06 9.99996e-06 1e-05 9.99997e-06 9.99993e-06 1e-05 1.00001e-05 1.00002e-05 1.00001e-05 1e-05 1.00005e-05 1e-05 1.00018e-05 9.99539e-06 1.0117e-05 2.59907e-05 2.18125e-05 9.86541e-06 9.78156e-06 1.00025e-05 1.00004e-05 1.09618e-05 3.00131e-05 0.0043414 0.285058 0.483628 0.801831 1.24821 1.50954
-9999 -9999 -9999 -9999 -9999 -9999 -9999 -9999 -9999 -9999 -9999 -9999 -9999 -9999 -9999 -9999 -9999 -9999 -9999 -9999 -9999 -9999 -9999 1.00004e-05 1.00004e-05 9.99415e-06 1.00034e-05 9.97937e-06 9.84863e-06 1.00022e-05 1.00027e-05 9.99954e-06 9.9999e-06 9.99982e-06 1.00007e-05 9.99886e-06 1.00116e-05 1.00104e-05 1.00002e-05 9.99993e-06 9.99988e-06 1e-05 9.99996e-06 1.00001e-05 1.00005e-05 9.99998e-06 1.00005e-05 1.00016e-05 1.00001e-05 9.99957e-06 9.99362e-06 1.04186e-05 2.96894e-05 1.16682e-05 9.51289e-06 1.00042e-05 1.00006e-05 1.00002e-05 1.02508e-05 1.61593e-05 0.00307517 0.0416961 -0.00917157 0.123947 0.486562 0.910203
-9999 -9999 -9999 -9999 -9999 -9999 -9999 -9999 -9999 -9999 -9999 -9999 -9999 -9999 -9999 -9999 -9999 -9999 -9999 -9999 -9999 -9999 -9999 1.00004e-05 9.99891e-06 1.00031e-05 9.99957e-06 1.00001e-05 9.99978e-06 1.00018e-05 1.00011e-05 9.99957e-06 9.99986e-06 1e-05 9.9999e-06 9.99999e-06 1.00005e-05 1.00105e-05 1.00097e-05 9.99916e-06 1.00001e-05 1.00001e-05 9.99996e-06 1.00004e-05 1e-05 1e-05 1.00003e-05 1.00027e-05 9.99915e-06 9.99824e-06 9.99722e-06 2.23539e-05 1.75722e-05 9.18641e-06 1.0008e-05 1.00008e-05 1.00001e-05 9.99973e-06 9.97912e-06 1.07686e-05 0.000529547 0.00172204 0.000787574 -0.00197677 0.0414034 0.198575
-9999 -9999 -9999 -9999 -9999 -9999 -9999 -9999 -9999 -9999 -9999 -9999 -9999 -9999 -9999 -9999 -9999 -9999 -9999 -9999 -9999 -9999 -9999 -9999 1.00027e-05 1.00083e-05 1.00108e-05 1.0004e-05 1.00021e-05 9.99972e-06 9.99969e-06 1.00004e-05 9.99999e-06 9.99991e-06 1e-05 9.99996e-06 9.99971e-06 1.00005e-05 1.00075e-05 1.00061e-05 1.0002e-05 1.00004e-05 9.99999e-06 1.00001e-05 9.99995e-06 9.99997e-06 1.00003e-05 1.0003e-05 9.99408e-06 9.99995e-06 1.21059e-05 2.09049e-05 7.9873e-06 9.52473e-06 1.00023e-05 1e-05 9.99994e-06 9.98996e-06 9.99368e-06 1.04926e-05 1.32542e-05 -0.000289956 1.1481e-05 -0.000998383 -0.00214027 -0.00319393
-9999 -9999 -9999 -9999 -9999 -9999 -9999 -9999 -9999 -9999 -9999 -9999 -9999 -9999 -9999 -9999 -9999 -9999 -9999 -9999 -9999 -9999 -9999 -9999 1.00027e-05 1.00063e-05 1.00052e-05 1.00025e-05 9.99827e-06 9.99991e-06 1.00008e-05 1.0003e-05 1.00015e-05 9.99965e-06 1.00001e-05 1e-05 9.99998e-06 9.99982e-06 9.99957e-06 1.00026e-05 1.00107e-05 1.00057e-05 9.99971e-06 1e-05 1.00003e-05 1e-05 1.00003e-05 1.0002e-05 9.99516e-06 1.08848e-05 1.92226e-05 1.2448e-05 9.51117e-06 1.0007e-05 1e-05 1e-05 9.99383e-06 9.98992e-06 1.02639e-05 1.09649e-05 1.11796e-05 9.73122e-06 9.98145e-06 1.00446e-05 1.92247e-05 -0.000777387
-9999 -9999 -9999 -9999 -9999 -9999 -9999 -9999 -9999 -9999 -9999 -9999 -9999 -9999 -9999 -9999 -9999 -9999 -9999 -9999 -9999 -9999 -9999 -9999 -9999 1.00026e-05 1.00009e-05 1.0001e-05 1.00003e-05 1e-05 1.00003e-05 1.00017e-05 1.00008e-05 9.99976e-06 9.99998e-06 1.00002e-05 1.00012e-05 1e-05 1.00001e-05 1.00003e-05 1.00008e-05 1.0013e-05 1.00078e-05 9.99958e-06 9.99998e-06 1.00002e-05 1.0001e-05 9.99863e-06 1.03296e-05 1.47533e-05 1.87549e-05 8.8067e-06 1.00063e-05 1.00004e-05 9.99976e-06 9.99524e-06 9.97387e-06 1.09644e-05 1.38368e-05 1.04782e-05 9.95116e-06 9.93928e-06 9.99929e-06 9.99984e-06 1e-05 6.21207e-06
-9999 -9999 -9999 -9999 -9999 -9999 -9999 -9999 -9999 -9999 -9999 -9999 -9999 -9999 -9999 -9999 -9999 -9999 -9999 -9999 -9999 -9999 -9999 -9999 -9999 -9999 9.99879e-06 1.00009e-05 1.00033e-05 1.0002e-05 1.00002e-05 1.00016e-05 1.00007e-05 1.00008e-05 9.99998e-06 1e-05 1.00005e-05 1.0003e-05 1.00034e-05 9.99972e-06 9.99938e-06 1.00012e-05 1.00174e-05 1.00063e-05 9.9998e-06 1.00004e-05 9.99942e-06 1.0136e-05 1.2989e-05 1.87869e-05 8.53935e-06 1.00117e-05 1.00008e-05 9.99997e-06 9.99577e-06 9.97564e-06 1.09469e-05 1.77124e-05 1.52488e-05 9.03111e-06 9.99166e-06 9.99757e-06 1.00001e-05 9.99995e-06 9.99912e-06 1.10843e-05
-9999 -9999 -9999 -9999 -9999 -9999 -9999 -9999 -9999 -9999 -9999 -9999 -9999 -9999 -9999 -9999 -9999 -9999 -9999 -9999 -9999 -9999 -9999 -9999 -9999 -9999 1.00008e-05 1.00057e-05 1.00072e-05 1.0005e-05 1.00012e-05 1.00021e-05 9.99949e-06 1.00006e-05 1.00013e-05 9.99989e-06 9.99994e-06 1.00001e-05 1.00024e-05 1.00023e-05 9.99875e-06 9.99982e-06 1.00014e-05 1.00217e-05 1.00088e-05 9.9992e-06 1.00102e-05 1.11932e-05 1.68215e-05 8.69566e-06 9.99877e-06 1.00001e-05 1e-05 9.99825e-06 9.98023e-06 1.03969e-05 1.62459e-05 1.9166e-05 7.47668e-06 9.99479e-06 9.99873e-06 9.99944e-06 1.00007e-05 1.00054e-05 9.99757e-06 1.13544e-05
-9999 -9999 -9999 -9999 -9999 -9999 -9999 -9999 -9999 -9999 -9999 -9999 -9999 -9999 -9999 -9999 -9999 -9999 -9999 -9999 -9999 -9999 -9999 -9999 -9999 -9999 -9999 9.9986e-06 1.00016e-05 1.00042e-05 1.00062e-05 1.00037e-05 1.00019e-05 1.00027e-05 1.00013e-05 9.99976e-06 1e-05 9.99995e-06 1.00011e-05 1.00043e-05 9.9998e-06 9.9994e-06 9.99948e-06 1.00011e-05 1.00217e-05 1.00117e-05 1.09037e-05 1.55367e-05 8.85937e-06 9.99698e-06 1.00015e-05 9.99999e-06 9.99961e-06 9.98533e-06 1.00265e-05 1.29665e-05 1.91751e-05 7.40454e-06 9.98647e-06 1.00035e-05 9.9984e-06 9.99907e-06 9.99971e-06 1.00026e-05 1.01575e-05 1.56001e-05
-9999 -9999 -9999 -9999 -9999 -9999 -9999 -9999 -9999 -9999 -9999 -9999 -9999 -9999 -9999 -9999 -9999 -9999 -9999 -9999 -9999 -9999 -9999 -9999 -9999 -9999 -9999 9.99997e-06 9.99966e-06 1.00003e-05 1.0001e-05 1.00031e-05 1.00024e-05 1.00026e-05 1.00003e-05 9.9999e-06 9.99999e-06 9.99995e-06 1.00004e-05 1.00031e-05 1.00015e-05 9.99976e-06 9.99895e-06 9.99844e-06 1.00083e-05 1.05988e-05 1.40509e-05 9.15268e-06 9.9968e-06 1.00028e-05 9.99999e-06 9.99953e-06 9.98791e-06 9.97983e-06 1.1294e-05 1.8883e-05 1.06269e-05 9.66534e-06 1.00038e-05 1.00038e-05 9.99712e-06 1.00007e-05 9.97035e-06 1.0003e-05 1.16993e-05 1.84761e-05
-9999 -9999 -9999 -9999 -9999 -9999 -9999 -9999 -9999 -9999 -9999 -9999 -9999 -9999 -9999 -9999 -9999 -9999 -9999 -9999 -9999 -9999 -9999 -9999 -9999 -9999 -9999 -9999 1.00003e-05 9.99824e-06 9.99984e-06 9.99974e-06 1e-05 1.00008e-05 1.00015e-05 9.99994e-06 1e-05 9.99998e-06 9.99945e-06 9.99976e-06 1.00009e-05 9.99859e-06 9.99936e-06 1.0006e-05 1.03113e-05 1.24773e-05 9.5803e-06 9.98069e-06 1.00038e-05 9.99995e-06 9.99823e-06 9.98338e-06 9.97963e-06 1.11641e-05 1.7239e-05 1.51955e-05 8.18515e-06 9.99975e-06 1.0003e-05 9.99717e-06 9.99971e-06 9.87856e-06 1.00418e-05 1.19691e-05 1.80439e-05 9.34605e-06
-9999 -9999 -9999 -9999 -9999 -9999 -9999 -9999 -9999 -9999 -9999 -9999 -9999 -9999 -9999 -9999 -9999 -9999 -9999 -9999 -9999 -9999 -9999 -9999 -9999 -9999 -9999 -9999 1.00071e-05 1.00014e-05 9.9993e-06 1.00001e-05 1.00004e-05 1.00002e-05 1.00026e-05 1.0001e-05 9.99986e-06 9.99999e-06 1.00004e-05 1.00022e-05 9.99955e-06 9.99866e-06 1.00061e-05 1.02014e-05 1.16273e-05 9.8108e-06 9.97988e-06 1.00047e-05 9.99979e-06 9.99762e-06 9.97531e-06 1.0249e-05 1.28574e-05 1.96756e-05 1.68473e-05 7.86086e-06 9.99231e-06 1.00017e-05 9.99893e-06 9.99758e-06 9.4288e-06 1.02802e-05 1.26044e-05 1.6965e-05 8.72874e-06 1.22502e-05
-9999 -9999 -9999 -9999 -9999 -9999 -9999 -9999 -9999 -9999 -9999 -9999 -9999 -9999 -9999 -9999 -9999 -9999 -9999 -9999 -9999 -9999 -9999 -9999 -9999 -9999 -9999 -9999 -9999 1.00017e-05 1.00013e-05 9.99993e-06 1e-05 9.99987e-06 9.99987e-06 9.99987e-06 1.00003e-05 1.00004e-05 1.00024e-05 1.00041e-05 9.99934e-06 1.00043e-05 1.00903e-05 1.06698e-05 9.85057e-06 9.98911e-06 1.00047e-05 9.99968e-06 9.99892e-06 9.97849e-06 1.0275e-05 1.76427e-05 2.4023e-05 1.11291e-05 7.83894e-06 9.99286e-06 1.00027e-05 1.0002e-05 9.9913e-06 9.03417e-06 1.3368e-05 1.46381e-05 1.30413e-05 9.94119e-06 1.30692e-05 1.16212e-05
-9999 -9999 -9999 -9999 -9999 -9999 -9999 -9999 -9999 -9999 -9999 -9999 -9999 -9999 -9999 -9999 -9999 -9999 -9999 -9999 -9999 -9999 -9999 -9999 -9999 -9999 -9999 -9999 -9999 1.00031e-05 9.99986e-06 9.99985e-06 1.00001e-05 1.00001e-05 9.99985e-06 1.00001e-05 1.00012e-05 1.00013e-05 1.00013e-05 1.00011e-05 1.00066e-05 1.00454e-05 1.02062e-05 9.96134e-06 9.98893e-06 1.00041e-05 9.99982e-06 9.9988e-06 9.98609e-06 9.98312e-06 1.17212e-05 2.19384e-05 9.50226e-06 9.31281e-06 9.99911e-06 1.0001e-05 9.99977e-06 9.9888e-06 8.83635e-06 1.54049e-05 1.69223e-05 1.06921e-05 1.90069e-05 2.05515e-05 1.63863e-05 2.38333e-05
-9999 -9999 -9999 -9999 -9999 -9999 -9999 -9999 -9999 -9999 -9999 -9999 -9999 -9999 -9999 -9999 -9999 -9999 -9999 -9999 -9999 -9999 -9999 -9999 -9999 -9999 -9999 -9999 -9999 -9999 1.00015e-05 9.99891e-06 1.00001e-05 1.00002e-05 1.00002e-05 1.00027e-05 1.00035e-05 1.00014e-05 1.00008e-05 1.00096e-05 1.00446e-05 1.01151e-05 9.97856e-06 9.99347e-06 1.00032e-05 9.99981e-06 9.99838e-06 9.98463e-06 9.99257e-06 1.15117e-05 1.97023e-05 1.64376e-05 7.98033e-06 1.00064e-05 1.00072e-05 1.00019e-05 9.97944e-06 8.8074e-06 1.65865e-05 1.86714e-05 1.18428e-05 2.38076e-05 1.87436e-05 1.39451e-05 2.34018e-05 1.75842e-05
