data/RealTopo/Outputs_RealTopo/relWog_02RealTopo_null_TRENT2D_pfv.asc
ncols 490
nrows 555
cellsize  5.000
xllcenter   167455.00
yllcenter   361955.00
NODATA_value nan
[rows 429 to 467 of 555, columns 267 to 355 of 490]
1.195 2.083 6.310 9.217 13.598 14.551 14.820 16.808 17.347 16.634 22.663 20.267 20.968 21.088 21.117 19.820 19.268 17.901 16.322 14.872 13.439 13.219 12.982 12.563 12.383 12.708 11.607 9.784 9.479 14.918 18.088 18.608 17.903 18.287 19.853 19.934 20.121 23.288 24.283 24.762 25.665 25.714 25.923 25.722 26.095 28.493 27.652 28.062 27.529 26.720 26.360 26.380 26.180 26.875 28.689 29.878 29.233 29.529 30.002 29.123 27.867 28.552 29.155 30.945 30.374 28.563 25.838 23.753 24.180 24.419 25.852 26.317 27.260 30.069 29.602 30.714 32.395 32.436 33.942 31.411 31.702 30.936 30.555 30.530 29.324 29.743 30.097 31.012 31.547
1.016 1.330 1.608 4.435 8.055 11.139 12.930 18.754 19.488 21.637 21.288 20.444 20.564 20.236 19.801 18.262 17.808 16.089 15.396 14.560 13.297 12.537 11.904 11.202 9.750 7.426 7.050 7.287 11.115 17.195 19.490 19.962 18.759 18.316 20.498 20.915 19.552 24.283 26.248 27.208 27.175 27.802 27.910 27.407 27.092 27.577 27.255 26.237 26.693 26.341 25.549 25.650 25.969 25.988 27.391 29.145 29.520 29.339 30.199 29.741 29.136 29.025 29.333 30.432 30.612 29.637 27.137 23.630 24.956 24.022 25.308 25.703 27.269 29.706 29.871 30.614 31.696 33.296 32.237 31.239 30.175 29.351 30.108 28.967 28.829 29.654 29.898 30.417 31.220
0.681 0.945 1.261 1.707 3.089 6.683 11.540 14.830 16.896 17.894 18.562 19.067 18.617 18.307 18.320 18.032 17.221 15.321 15.085 14.600 13.220 12.014 8.827 6.647 5.900 5.805 6.009 6.232 14.150 18.575 20.035 21.294 20.518 18.700 21.704 27.364 27.600 27.543 26.432 25.880 26.410 26.331 26.484 26.212 26.181 25.736 26.479 26.046 25.964 25.329 25.511 25.693 25.868 25.185 26.856 28.601 29.980 28.845 30.670 29.693 29.491 29.316 29.675 29.820 30.339 29.495 27.349 23.815 23.305 25.547 25.128 25.391 27.452 28.518 29.830 31.018 31.775 29.737 30.169 29.804 29.409 28.875 30.031 29.005 29.287 29.168 29.863 30.938 31.278
0.486 0.656 0.879 1.245 1.920 2.621 5.328 9.642 13.005 14.939 16.241 17.028 17.233 17.176 17.284 16.692 15.424 15.696 15.706 14.932 11.844 9.006 6.871 5.524 4.787 4.827 4.850 10.190 16.825 19.002 20.706 24.692 27.011 26.381 25.576 23.348 24.482 24.750 25.064 25.804 25.876 26.300 26.450 26.104 25.926 25.517 24.678 25.061 25.503 25.298 25.377 24.995 25.656 24.927 26.407 28.001 29.245 28.680 28.621 29.560 29.309 29.562 29.255 29.376 30.321 29.503 27.268 24.499 23.229 25.184 25.134 26.373 26.163 28.131 31.497 31.409 31.679 29.423 29.732 29.335 29.374 30.491 29.603 28.954 29.119 28.917 33.728 32.845 33.436
0.266 0.390 0.575 0.847 1.234 1.898 2.582 3.140 4.480 8.360 11.412 13.323 14.773 15.449 15.869 15.517 15.676 16.062 17.060 15.997 12.417 9.209 7.690 5.983 5.113 4.598 8.748 14.987 16.445 19.912 26.327 24.466 24.542 24.343 23.259 23.708 23.988 24.241 24.816 25.585 25.868 26.489 26.250 26.295 26.159 24.916 24.523 24.912 25.239 24.769 25.149 24.899 24.226 24.643 25.533 27.113 27.683 29.598 28.626 29.693 29.436 29.572 29.170 29.507 29.585 29.721 27.285 24.828 22.793 23.813 26.185 25.840 25.835 27.177 29.301 32.293 30.406 30.001 29.764 29.534 29.865 29.045 30.104 31.236 31.428 30.840 30.178 31.671 32.987
0.132 0.209 0.307 0.460 0.696 1.049 1.509 2.224 2.849 3.688 4.999 7.099 10.277 12.000 13.187 13.847 14.526 16.190 16.705 15.753 14.919 15.030 14.484 13.233 12.345 13.309 15.353 16.133 21.292 24.631 23.607 24.143 24.195 23.927 23.571 24.083 23.961 24.351 25.264 25.416 25.966 25.908 26.494 26.080 25.130 24.867 24.666 25.396 24.977 24.418 25.176 25.008 23.906 23.841 24.792 26.617 26.770 28.889 27.892 29.288 30.750 29.337 29.967 29.462 29.614 29.583 28.056 25.101 24.091 23.712 23.978 25.219 26.441 26.649 28.599 29.509 30.429 29.791 29.791 29.224 29.222 29.855 30.913 31.064 29.758 29.545 30.366 31.629 29.150
nan 0.101 0.174 0.251 0.394 0.554 0.829 1.151 1.587 2.306 3.126 4.232 6.166 8.243 9.928 10.825 12.292 15.463 13.953 13.730 15.594 16.894 17.821 17.861 17.360 16.524 19.401 19.315 18.328 23.024 22.911 23.873 24.445 24.616 24.306 24.106 24.286 24.715 25.082 25.593 25.687 25.810 26.037 25.978 25.380 25.979 25.067 25.155 25.454 24.975 25.282 24.832 23.716 23.991 23.527 25.446 26.770 28.191 30.072 29.427 29.942 29.707 30.090 29.726 29.426 29.121 27.836 24.581 23.615 23.508 24.171 24.140 26.676 26.855 28.495 29.036 30.550 30.116 28.749 27.637 28.008 29.521 31.018 30.724 29.525 32.263 29.030 28.433 27.710
nan nan nan 0.124 0.192 0.268 0.411 0.592 0.864 1.209 1.683 2.491 3.245 4.662 7.340 8.830 10.048 11.814 11.979 14.063 15.695 17.099 18.662 20.745 22.628 23.047 22.666 21.227 21.139 22.213 23.370 24.206 24.356 24.157 24.149 24.185 24.717 24.528 25.043 25.313 25.364 25.747 26.059 26.265 25.720 25.714 25.982 25.355 25.070 24.879 25.001 25.185 24.616 23.659 22.872 23.393 25.241 28.131 28.871 29.411 29.094 30.358 30.027 29.666 29.112 29.193 27.817 24.460 23.425 23.503 23.836 24.429 25.580 28.752 28.533 29.115 28.885 30.523 28.870 27.918 27.300 25.311 27.672 27.676 26.051 26.644 26.758 26.336 26.318
nan nan nan nan nan 0.118 0.198 0.284 0.494 0.757 0.961 1.134 1.767 2.862 4.248 6.291 9.006 10.575 11.896 14.087 15.760 16.972 20.640 22.068 22.047 21.345 20.748 20.704 20.293 20.509 22.032 22.677 22.973 23.491 23.841 24.106 24.684 24.516 24.948 25.136 25.873 25.830 26.623 26.439 26.507 25.636 25.847 25.465 25.081 24.201 24.787 25.152 25.339 24.303 22.603 22.789 25.328 27.229 27.881 29.131 29.304 28.790 28.877 29.707 29.054 29.095 27.236 24.372 23.342 23.229 24.346 24.496 25.179 25.950 28.163 29.075 29.030 29.835 29.867 27.956 27.227 25.640 27.561 27.599 26.816 26.046 24.728 24.931 25.673
nan nan nan nan nan 0.080 0.143 0.178 0.246 0.388 0.598 0.820 1.193 1.728 2.514 4.442 6.006 8.339 10.880 13.562 16.258 18.395 19.754 20.447 20.767 20.303 20.324 20.531 19.958 20.767 20.650 22.140 22.764 23.667 23.489 24.252 24.543 24.475 24.973 25.715 26.485 26.775 26.831 26.133 25.242 25.214 25.192 25.310 25.095 25.266 24.853 24.754 25.290 25.265 24.903 23.515 24.928 25.902 27.740 29.137 29.156 28.504 29.165 29.131 29.765 29.050 26.220 23.198 22.918 24.113 24.411 24.300 24.995 26.070 27.652 28.284 29.141 29.791 29.437 28.772 27.653 26.924 27.401 28.272 27.067 25.921 24.853 24.805 25.220
nan nan nan nan nan nan nan 0.075 0.140 0.220 0.309 0.468 0.817 1.252 1.717 2.582 4.802 6.200 8.310 11.857 17.227 20.480 19.707 20.384 20.748 20.868 20.266 19.937 20.269 20.396 20.669 22.634 23.652 23.618 23.698 24.101 24.653 24.681 24.888 25.465 26.390 26.922 26.435 25.431 25.224 24.693 24.422 24.615 25.162 25.144 25.042 25.329 24.905 25.213 25.401 25.126 24.611 25.629 27.855 28.960 29.282 28.755 29.306 29.212 29.822 29.014 26.291 23.265 22.994 23.432 24.544 24.321 24.820 26.071 27.477 28.115 29.050 29.700 29.545 28.741 27.408 26.662 27.273 28.738 28.027 26.839 25.418 24.502 23.460
nan nan nan nan nan nan nan nan 0.096 0.159 0.231 0.328 0.474 0.710 1.169 1.844 2.816 5.945 9.047 12.903 15.140 18.215 19.359 20.199 20.738 20.541 20.580 19.939 20.663 21.181 21.766 22.702 22.957 24.267 24.458 26.131 26.945 26.366 25.548 25.532 25.178 25.323 25.904 25.960 25.184 23.838 23.793 23.379 24.230 24.610 24.415 24.808 24.812 24.939 24.844 24.816 24.728 26.833 28.075 29.085 29.541 29.823 29.585 30.108 30.569 29.920 27.410 24.211 22.773 23.355 24.709 24.716 24.630 26.099 27.675 27.992 29.055 29.789 28.992 28.130 26.773 26.347 27.139 28.073 28.079 26.841 24.199 22.972 23.193
nan nan nan nan nan nan nan nan nan 0.121 0.205 0.244 0.329 0.468 0.713 1.082 1.581 3.500 8.107 11.359 13.779 16.300 18.178 19.389 20.370 20.785 20.566 20.469 21.055 20.343 21.132 22.113 23.021 23.797 24.653 24.779 23.966 23.325 22.683 23.774 24.046 24.559 23.874 24.514 24.271 23.532 23.075 23.281 23.945 23.762 24.209 24.216 24.208 24.439 24.246 24.439 24.257 25.438 27.230 28.779 29.619 29.392 29.204 28.840 29.142 29.161 27.256 24.435 23.161 23.555 24.918 25.595 25.502 26.645 28.849 31.006 30.940 30.623 29.051 28.222 26.677 26.046 26.955 27.795 27.988 27.039 24.699 23.051 23.891
nan nan nan nan nan nan nan nan nan 0.102 0.143 0.206 0.271 0.378 0.463 0.611 1.050 2.360 4.946 8.319 11.456 13.981 16.473 18.049 19.827 20.410 21.042 20.926 20.924 20.601 20.643 21.025 21.518 22.488 23.604 22.928 22.032 21.935 21.772 21.830 23.525 23.835 23.656 23.863 23.210 23.263 22.891 23.145 23.312 22.718 23.204 23.518 23.562 23.875 23.960 24.057 23.879 24.176 26.465 28.286 29.118 29.051 28.980 28.969 29.034 29.125 27.255 24.578 23.283 23.949 25.726 26.717 27.331 28.627 29.834 30.194 30.622 30.477 29.488 28.315 26.599 25.970 26.709 27.634 27.850 27.072 25.552 23.585 23.972
nan nan nan nan nan nan nan nan nan nan 0.141 0.173 0.210 0.306 0.350 0.526 0.911 1.340 2.673 5.999 9.345 12.034 14.845 17.041 18.950 20.082 21.198 20.884 20.883 20.557 20.771 21.032 21.387 21.456 21.912 22.243 21.568 21.616 21.614 21.453 22.095 22.848 22.792 21.650 21.627 22.461 22.825 22.826 22.721 22.363 22.746 23.176 23.408 23.597 23.778 23.711 23.653 23.258 25.631 27.602 28.890 29.861 29.878 29.243 28.983 29.121 27.274 24.795 22.700 23.743 25.090 26.533 27.421 28.910 29.600 29.993 30.490 30.681 29.466 28.379 26.712 25.694 26.341 28.028 28.178 27.445 26.889 25.279 23.752
nan nan nan nan nan nan nan nan nan nan nan 0.092 0.164 0.169 0.220 0.386 0.629 0.914 1.422 2.839 6.585 10.356 13.075 15.532 17.954 19.325 20.744 20.955 20.694 20.993 20.404 21.055 20.986 21.187 20.732 21.172 21.799 21.828 21.043 21.130 21.320 20.960 21.255 21.429 21.459 21.237 21.933 22.470 21.394 21.797 21.918 22.310 22.730 23.115 23.283 23.138 23.360 22.953 24.835 26.975 28.796 29.517 29.731 29.299 28.718 29.320 27.902 24.925 22.364 22.871 23.792 24.909 26.008 28.548 29.494 30.729 31.134 30.553 29.425 28.491 27.547 25.957 26.121 27.805 28.091 27.815 27.419 26.170 24.339
nan nan nan nan nan nan nan nan nan nan nan nan nan nan 0.109 0.200 0.329 0.520 0.828 1.473 3.453 7.658 11.267 14.111 16.336 18.312 19.445 20.421 20.744 20.959 20.715 21.004 20.721 20.958 20.775 21.256 21.661 21.943 21.644 20.941 20.581 20.617 21.088 21.614 21.618 20.968 21.585 21.391 21.240 21.060 20.857 20.817 21.660 21.523 21.447 21.643 21.388 21.582 23.623 26.515 28.231 29.075 29.333 29.253 28.657 29.234 28.023 25.214 21.792 21.803 23.049 24.526 25.752 28.269 29.714 30.764 31.236 30.850 29.653 28.727 27.958 26.021 25.462 27.285 27.957 27.766 27.887 27.301 24.884
nan nan nan nan nan nan nan nan nan nan nan nan nan nan nan 0.087 0.154 0.264 0.455 0.764 1.418 3.739 8.248 11.793 14.422 16.635 18.297 19.455 20.677 20.625 20.638 21.072 20.838 21.449 21.696 21.541 21.457 21.360 21.309 20.979 20.743 21.264 21.952 22.081 21.967 21.465 21.228 20.724 20.309 20.460 20.215 20.039 19.392 19.513 19.379 20.012 20.381 20.875 21.512 25.371 27.509 28.620 29.066 29.412 30.054 29.302 27.755 25.355 20.924 21.384 22.438 24.044 25.463 28.162 30.292 30.871 31.041 31.415 29.910 28.992 28.023 25.990 24.808 26.530 28.165 28.817 28.419 27.550 25.483
nan nan nan nan nan nan nan nan nan nan nan nan nan nan nan nan 0.093 0.128 0.216 0.379 0.743 1.420 3.774 8.228 11.919 14.682 16.610 18.681 20.012 20.808 21.954 21.514 21.596 21.949 21.880 21.435 21.853 21.117 20.898 21.268 21.040 21.049 21.795 21.599 21.767 21.637 21.375 20.452 20.072 19.633 19.255 19.022 18.467 18.153 18.877 19.575 19.504 20.187 20.925 24.344 26.562 28.209 29.387 29.146 29.488 29.056 27.700 25.525 20.317 20.975 22.222 24.402 26.275 28.165 30.004 31.607 31.693 32.704 30.993 29.693 28.387 26.305 24.406 26.114 27.970 28.833 28.810 27.894 26.374
nan nan nan nan nan nan nan nan nan nan nan nan nan nan nan nan nan nan 0.095 0.172 0.338 0.687 1.476 4.028 8.432 11.926 14.821 16.929 19.471 21.155 21.600 21.644 22.358 21.909 21.153 21.445 20.882 21.167 20.726 20.867 20.646 20.235 20.673 20.944 20.391 20.977 20.678 20.395 19.642 19.295 18.905 18.172 17.864 17.729 18.586 19.116 19.230 19.923 19.948 22.481 25.331 27.677 28.764 28.927 29.101 27.872 27.731 25.741 19.946 20.378 21.222 22.889 24.556 27.187 29.716 31.434 32.576 32.516 31.603 30.663 28.436 26.341 23.319 24.670 27.482 28.223 28.401 27.848 26.817
nan nan nan nan nan nan nan nan nan nan nan nan nan nan nan nan nan nan nan 0.092 0.151 0.299 0.663 1.547 4.180 8.354 12.439 15.816 18.075 20.309 20.772 21.408 22.184 21.055 21.065 21.181 20.531 20.635 20.770 19.839 19.786 19.510 19.608 20.195 19.996 19.904 19.777 19.874 19.333 19.200 18.715 17.760 17.365 17.440 18.021 18.579 18.867 19.659 19.883 20.479 24.062 26.382 27.370 28.359 28.595 27.692 28.163 26.616 19.772 19.382 20.654 21.788 23.020 25.230 27.873 30.093 31.808 31.653 31.628 30.559 29.065 26.519 22.865 23.752 26.840 27.873 28.159 27.668 27.044
nan nan nan nan nan nan nan nan nan nan nan nan nan nan nan nan nan nan nan nan nan 0.133 0.258 0.629 1.767 4.858 9.524 12.941 16.041 18.046 19.908 20.235 21.206 21.076 21.032 20.249 20.409 20.160 19.974 19.184 19.045 18.807 18.918 19.518 19.715 19.132 19.084 18.299 18.354 18.658 17.692 17.754 17.134 17.102 17.339 18.144 19.372 19.800 19.298 18.988 23.311 25.344 26.828 27.703 28.150 28.471 28.422 26.778 20.467 18.658 20.082 21.134 22.340 23.931 26.954 28.630 31.209 31.432 31.107 30.267 28.800 26.459 22.819 22.830 26.118 27.541 28.154 28.384 27.527
nan nan nan nan nan nan nan nan nan nan nan nan nan nan nan nan nan nan nan nan nan nan 0.137 0.272 0.639 1.554 3.897 7.903 12.620 15.910 18.475 19.106 19.680 20.101 20.285 19.909 19.765 19.253 18.839 19.243 18.808 18.372 18.396 18.904 18.644 18.610 18.715 17.937 17.892 17.330 17.285 16.882 17.273 16.531 17.104 17.535 19.043 19.480 18.843 18.756 20.299 24.286 25.895 27.253 27.984 28.197 27.520 26.721 21.126 18.458 19.059 20.489 21.684 23.300 25.888 28.351 29.357 30.284 29.772 29.531 28.312 26.307 22.793 21.757 24.947 27.080 27.927 27.487 27.212
nan nan nan nan nan nan nan nan nan nan nan nan nan nan nan nan nan nan nan nan nan nan 0.094 0.154 0.299 0.677 1.594 3.758 6.783 11.202 15.199 16.891 17.959 18.828 19.203 19.025 18.364 18.808 18.771 18.873 18.366 17.925 18.104 18.239 17.865 18.091 17.992 17.457 17.677 16.892 16.770 15.881 15.376 16.019 16.238 16.736 18.295 18.122 18.190 18.124 18.422 21.980 24.500 26.294 27.236 27.639 26.925 27.048 21.306 17.960 18.700 20.239 21.397 22.899 25.385 27.966 29.091 30.020 29.245 29.287 28.043 26.620 22.738 21.323 23.880 26.225 27.182 26.815 26.975
nan nan nan nan nan nan nan nan nan nan nan nan nan nan nan nan nan nan nan nan nan nan nan nan 0.134 0.288 0.669 1.575 3.592 7.247 11.181 14.251 16.275 17.704 18.285 18.573 17.961 17.805 17.520 18.433 18.107 17.897 17.914 17.640 17.267 17.691 17.461 17.130 17.041 16.645 16.039 15.123 15.115 14.388 14.921 15.299 16.189 17.512 17.666 17.725 17.262 20.405 23.547 25.191 26.506 26.423 26.422 25.764 21.911 18.201 18.667 20.425 21.538 22.731 24.925 27.490 29.166 29.700 29.000 28.815 28.359 26.346 22.770 21.996 22.635 25.511 26.778 26.733 26.960
nan nan nan nan nan nan nan nan nan nan nan nan nan nan nan nan nan nan nan nan nan nan nan nan nan 0.132 0.273 0.635 1.508 3.097 6.091 9.523 13.340 15.784 16.943 17.285 17.491 16.839 17.538 17.619 18.340 17.692 17.051 17.049 16.719 17.226 17.049 16.762 16.451 16.085 15.374 14.547 14.365 13.819 14.190 14.117 15.471 16.450 17.458 17.337 16.877 18.253 22.432 23.896 25.884 24.971 25.997 25.673 24.271 19.951 19.367 20.408 21.568 22.309 24.615 26.876 28.876 29.383 28.916 28.551 27.511 25.905 22.771 21.988 21.574 24.824 26.403 26.829 26.022
nan nan nan nan nan nan nan nan nan nan nan nan nan nan nan nan nan nan nan nan nan nan nan nan nan nan 0.115 0.235 0.577 1.247 2.716 5.524 9.456 12.579 14.410 15.841 16.693 16.907 17.011 17.372 17.303 17.386 16.902 16.950 17.533 16.739 16.694 16.919 15.940 15.361 14.511 13.948 13.572 13.229 13.049 12.919 14.222 15.745 16.544 16.625 16.663 17.661 21.045 22.750 24.512 24.150 25.701 25.896 24.617 21.063 19.330 20.423 21.623 22.769 23.931 26.795 28.409 29.022 29.077 29.101 27.079 26.024 22.406 22.036 21.668 25.129 26.587 27.084 25.835
nan nan nan nan nan nan nan nan nan nan nan nan nan nan nan nan nan nan nan nan nan nan nan nan nan nan nan 0.092 0.175 0.406 0.937 1.930 4.515 8.872 12.194 14.749 15.854 16.648 16.212 17.037 16.329 16.616 17.453 16.962 15.367 16.081 15.940 15.266 15.371 14.536 13.981 13.691 13.164 12.512 12.427 12.986 13.084 14.445 15.529 16.117 15.957 17.589 20.694 23.681 23.547 23.699 25.335 25.481 25.032 22.234 20.141 21.224 21.872 22.504 23.731 26.030 27.886 28.951 28.705 27.541 26.989 26.820 22.506 22.123 21.744 28.421 29.692 28.698 27.384
nan nan nan nan nan nan nan nan nan nan nan nan nan nan nan nan nan nan nan nan nan nan nan nan nan nan nan nan 0.089 0.152 0.268 0.602 1.309 3.246 6.972 10.766 13.410 15.432 15.306 15.563 15.899 15.837 15.726 15.322 13.994 14.859 15.031 14.682 14.395 14.038 13.712 12.862 12.435 11.813 11.138 11.801 12.432 12.421 14.432 15.279 15.284 17.795 20.032 22.335 23.029 23.693 24.706 25.014 26.116 21.996 21.448 20.876 21.996 22.504 23.529 25.529 27.450 27.690 27.513 27.038 26.266 25.531 21.866 21.369 25.049 26.168 27.152 26.870 26.716
nan nan nan nan nan nan nan nan nan nan nan nan nan nan nan nan nan nan nan nan nan nan nan nan nan nan nan nan nan 0.082 0.159 0.251 0.436 0.979 2.228 5.868 9.950 13.400 14.331 13.938 15.208 14.904 14.085 14.489 12.791 12.738 14.043 13.954 13.598 12.758 12.817 12.182 11.463 10.510 9.212 9.807 12.413 10.994 13.322 14.033 15.163 17.527 18.710 21.293 23.269 22.888 24.049 24.219 25.098 23.117 21.292 22.595 22.303 22.637 23.377 25.011 26.787 27.232 27.243 26.782 25.940 24.214 22.315 21.093 22.233 23.954 25.128 26.105 26.152
nan nan nan nan nan nan nan nan nan nan nan nan nan nan nan nan nan nan nan nan nan nan nan nan nan nan nan nan nan nan 0.084 0.153 0.260 0.444 0.856 2.252 5.958 10.041 12.289 13.040 14.077 14.276 13.533 12.332 12.167 11.970 12.109 13.102 12.737 11.734 11.545 11.090 9.809 8.806 6.169 4.665 2.958 5.210 10.804 12.656 12.563 16.689 18.278 19.624 21.473 22.120 23.203 23.472 24.499 23.360 22.884 21.736 20.851 21.901 23.195 24.837 26.777 27.939 27.920 28.157 25.624 23.760 20.788 18.676 20.626 21.525 24.176 24.370 24.873
nan nan nan nan nan nan nan nan nan nan nan nan nan nan nan nan nan nan nan nan nan nan nan nan nan nan nan nan nan nan nan nan 0.139 0.233 0.425 0.821 2.220 5.095 8.792 11.231 12.260 12.891 12.342 11.801 11.577 11.275 10.365 11.069 11.562 10.423 10.010 9.075 5.466 4.568 1.824 0.654 1.662 4.918 8.570 11.019 11.508 15.657 18.214 18.652 20.933 21.736 22.542 23.109 23.843 25.357 22.669 20.490 20.727 21.608 22.485 23.669 25.422 28.154 31.432 32.042 27.983 23.436 20.734 17.903 19.760 20.051 22.345 23.789 24.399
nan nan nan nan nan nan nan nan nan nan nan nan nan nan nan nan nan nan nan nan nan nan nan nan nan nan nan nan nan nan nan nan nan nan 0.153 0.305 0.713 1.680 3.953 7.111 9.159 10.777 11.174 11.035 10.283 9.994 8.830 9.298 8.841 6.014 4.903 4.657 1.676 nan 0.134 0.130 0.314 1.113 4.231 7.989 9.644 15.070 17.944 17.896 20.800 21.181 22.159 22.166 23.178 23.895 23.046 20.905 21.270 21.674 22.153 23.261 24.388 27.730 29.840 29.722 26.946 23.412 21.270 19.181 18.874 18.559 20.552 23.452 25.143
nan nan nan nan nan nan nan nan nan nan nan nan nan nan nan nan nan nan nan nan nan nan nan nan nan nan nan nan nan nan nan nan nan nan nan 0.097 0.185 0.442 1.077 2.641 5.336 7.776 8.982 9.030 8.809 7.988 4.826 4.883 4.802 0.639 nan nan nan nan nan nan 0.113 0.216 0.697 2.984 7.932 14.290 17.635 17.477 21.731 20.523 21.290 21.326 22.192 23.187 23.338 21.791 22.579 20.412 21.681 23.262 23.473 27.123 29.201 26.977 25.998 21.610 21.019 18.732 17.662 17.394 19.033 24.468 26.099
nan nan nan nan nan nan nan nan nan nan nan nan nan nan nan nan nan nan nan nan nan nan nan nan nan nan nan nan nan nan nan nan nan nan nan nan nan 0.085 0.147 0.352 0.864 2.162 3.595 4.577 4.734 4.895 0.567 nan nan nan nan nan nan nan nan nan nan 0.118 0.487 1.471 6.035 12.885 18.620 21.213 19.637 19.628 20.853 21.400 20.924 22.322 22.768 20.777 19.494 19.755 21.370 23.215 22.603 26.161 24.463 24.514 22.066 19.864 21.448 19.088 16.509 16.956 18.887 24.134 26.244
nan nan nan nan nan nan nan nan nan nan nan nan nan nan nan nan nan nan nan nan nan nan nan nan nan nan nan nan nan nan nan nan nan nan nan nan nan nan nan nan 0.092 0.234 0.181 nan nan nan nan nan nan nan nan nan nan nan nan nan nan nan 0.186 0.747 3.806 12.648 15.755 18.504 17.961 18.879 20.801 21.161 20.752 22.132 22.010 20.932 20.238 20.173 22.484 23.351 22.322 25.254 23.792 23.922 21.443 18.870 18.859 19.165 15.776 16.438 17.222 23.790 23.762
nan nan nan nan nan nan nan nan nan nan nan nan nan nan nan nan nan nan nan nan nan nan nan nan nan nan nan nan nan nan nan nan nan nan nan nan nan nan nan nan nan nan nan nan nan nan nan nan nan nan nan nan nan nan nan nan nan nan nan 0.128 0.644 4.845 14.370 18.058 17.504 18.902 21.098 20.449 20.154 21.666 22.493 21.416 24.286 23.510 20.766 24.629 23.531 26.015 25.206 24.949 22.159 17.831 19.121 20.606 28.294 25.812 22.502 22.181 21.092
nan nan nan nan nan nan nan nan nan nan nan nan nan nan nan nan nan nan nan nan nan nan nan nan nan nan nan nan nan nan nan nan nan nan nan nan nan nan nan nan nan nan nan nan nan nan nan nan nan nan nan nan nan nan nan nan nan nan nan nan nan 5.661 15.637 17.984 17.189 18.812 20.956 20.436 19.800 21.219 23.014 23.879 24.163 22.465 20.292 28.361 28.074 26.331 24.195 23.515 20.577 17.210 24.206 25.268 21.704 20.316 18.297 21.287 20.504
nan nan nan nan nan nan nan nan nan nan nan nan nan nan nan nan nan nan nan nan nan nan nan nan nan nan nan nan nan nan nan nan nan nan nan nan nan nan nan nan nan nan nan nan nan nan nan nan nan nan nan nan nan nan nan nan nan nan nan nan nan 6.963 14.618 16.642 16.696 21.077 21.037 21.432 21.104 21.462 22.071 23.011 23.050 22.524 24.100 24.928 24.552 25.702 23.970 21.257 20.592 25.969 23.051 20.648 18.977 18.815 17.466 19.963 22.006
