data/RealTopo/Outputs_RealTopo/relWog_null_02RealTopo_faSavageHutterFoamGamma_pfv.asc
ncols 490
nrows 555
xllcenter 167455
yllcenter 361955
cellsize 5
NODATA_value -9999
[rows 465 to 495 of 555, columns 280 to 349 of 490]
0.0991301 0.100409 0.0993468 0.0988363 0.095899 0.0940928 0.089585 0.089338 0.0934167 0.0948286 0.0960123 0.104784 0.0968491 0.0958246 0.095185 0.0983274 0.100586 0.10295 0.104459 0.105709 0.105024 0.103238 0.106382 0.107074 0.0997349 0.0986544 0.0996011 0.10118 0.106133 0.107025 0.109021 0.103751 0.104092 0.101054 0.111523 0.109887 0.103784 0.109391 0.113416 0.110596 0.128479 0.122915 0.117741 0.116201 0.11866 0.129074 0.267559 1.16542 6.9708 15.6256 17.3162 18.7695 19.8355 19.3571 19.7752 20.5306 23.4823 23.3385 22.7742 23.0341 22.5272 22.9423 23.5108 23.4383 23.9113 24.9927 24.4011 23.2536 22.307 22.0286
0.103344 0.101707 0.0986418 0.0959903 0.0922058 0.0884163 0.0874753 0.093697 0.0956385 0.0912298 0.0897172 0.0953442 0.103225 0.0972233 0.0976859 0.0977095 0.099833 0.103088 0.103327 0.101876 0.100113 0.102539 0.102285 0.107215 0.109762 0.101118 0.104071 0.111177 0.110471 0.104941 0.107155 0.108221 0.10197 0.103256 0.110304 0.113404 0.109104 0.111964 0.112351 0.113907 0.126559 0.119214 0.114782 0.114636 0.117415 0.119933 0.17026 0.584202 4.23153 14.0857 16.5895 18.0276 19.6071 19.4469 19.6081 19.5742 22.5021 23.4112 22.6485 22.3821 21.8711 22.1618 22.4802 23.133 23.1288 23.9722 22.794 23.2865 21.5434 23.4934
0.102172 0.0963199 0.0933615 0.0895306 0.0877289 0.0878417 0.089348 0.0945507 0.0919979 0.0884885 0.0886869 0.0943065 0.0973966 0.0974458 0.0992505 0.101576 0.101682 0.102444 0.10241 0.0987231 0.100114 0.104287 0.108005 0.106456 0.115856 0.111276 0.105744 0.110565 0.103137 0.101504 0.104771 0.111351 0.108508 0.111202 0.111981 0.115674 0.113213 0.115149 0.114166 0.118274 0.121544 0.120689 0.120735 0.116884 0.11862 0.124226 0.12079 0.252486 2.97894 12.8823 15.479 17.3008 18.9315 18.9916 19.0517 18.6782 21.5446 22.7337 21.8353 21.3101 21.2939 21.3272 20.9513 21.857 22.3258 22.5726 23.0385 21.8224 21.428 21.6386
0.0917909 0.0869509 0.0850435 0.0858491 0.0887306 0.0889832 0.0904715 0.0917728 0.0903444 0.0906842 0.0917221 0.0928746 0.0966548 0.0999273 0.10051 0.0993159 0.104191 0.103731 0.103064 0.101221 0.102921 0.105968 0.105495 0.101676 0.111555 0.121323 0.113685 0.101215 0.0995704 0.104362 0.108514 0.112546 0.112108 0.110934 0.111315 0.119024 0.119163 0.11634 0.120503 0.120477 0.119816 0.124566 0.120023 0.116194 0.124479 0.124162 0.122606 0.130654 1.23841 11.432 15.1352 16.1414 17.7106 17.9325 18.1199 18.0977 20.3666 22.1534 21.2344 20.5787 20.6223 19.72 19.6243 20.442 21.0004 20.9304 21.7751 21.4291 19.7741 19.8787
0.0846171 0.0814397 0.0847503 0.089113 0.0896172 0.0874092 0.0898198 0.0921481 0.0920619 0.0931147 0.0943277 0.0953346 0.0952409 0.102046 0.10484 0.103776 0.106491 0.104369 0.104275 0.10251 0.102699 0.102941 0.101597 0.100993 0.104074 0.118259 0.129206 0.111606 0.106528 0.109987 0.110569 0.110777 0.11424 0.113472 0.119226 0.119196 0.116404 0.112419 0.111749 0.128998 0.117617 0.117408 0.109834 0.111943 0.128944 0.120538 0.117476 0.116409 0.609729 9.22909 14.8003 15.6892 16.5588 17.4088 17.671 17.6346 19.1654 21.2758 20.6499 19.7856 19.6859 18.8527 18.5215 19.1229 19.6189 19.5679 20.4559 19.7757 18.9205 18.5977
0.0832809 0.0861904 0.0888861 0.089225 0.0852938 0.0845792 0.090057 0.0917258 0.0913759 0.0939745 0.0948521 0.0960611 0.0975288 0.100494 0.103106 0.107697 0.113321 0.114026 0.106782 0.100816 0.10148 0.102584 0.103363 0.104666 0.105131 0.108842 0.134406 0.135092 0.114266 0.108114 0.107629 0.109472 0.115348 0.119369 0.118216 0.12236 0.108505 0.105249 0.107366 0.118441 0.115679 0.108962 0.10302 0.109349 0.117258 0.115122 0.107859 0.113923 0.256711 6.88784 14.0398 15.8428 16.3051 17.2143 17.3428 16.9481 17.732 19.8234 19.6339 18.811 19.121 18.3732 17.7263 18.0172 18.1598 18.9856 19.9981 19.3598 18.848 17.9392
0.0908121 0.0928004 0.0887766 0.0865348 0.0856229 0.084625 0.088709 0.089576 0.0916432 0.0938629 0.0944412 0.0964743 0.0987639 0.100906 0.102803 0.103752 0.10845 0.113873 0.11991 0.110246 0.104273 0.104506 0.106529 0.106334 0.105515 0.107829 0.118453 0.144629 0.135622 0.111817 0.105998 0.112687 0.122 0.121485 0.116908 0.11455 0.101899 0.100008 0.10433 0.107916 0.109668 0.107385 0.100664 0.103511 0.105924 0.103009 0.0965144 0.107618 0.162254 4.05058 12.8072 15.6044 15.7689 15.9068 16.2323 15.7806 16.3542 17.5616 17.9305 17.396 17.22 17.4588 16.7317 16.887 16.8785 17.5148 18.5247 18.522 18.8019 17.2334
0.100281 0.0961787 0.0915402 0.0878362 0.087142 0.0873223 0.0901605 0.0929684 0.0927081 0.0947154 0.0969348 0.0984395 0.100273 0.101567 0.103015 0.103081 0.102683 0.107141 0.113942 0.119938 0.112228 0.113048 0.111895 0.108768 0.110086 0.112953 0.114147 0.124492 0.145399 0.12455 0.117312 0.120289 0.122829 0.114233 0.102524 0.0988038 0.0934394 0.090876 0.0911782 0.0953134 0.102582 0.0992915 0.0982148 0.0921861 0.0881936 0.0830228 0.0778364 0.0855649 0.109551 1.40693 9.45505 14.5532 14.0389 14.1508 14.3208 13.9788 14.0002 15.2763 15.6628 15.2372 15.4475 15.648 15.6052 15.6933 15.7002 16.4375 17.0807 17.575 17.8801 16.8115
0.0967553 0.0972058 0.095413 0.0931519 0.0907743 0.0932349 0.0938506 0.0935677 0.0963316 0.096066 0.0989532 0.0990712 0.0984734 0.100061 0.100747 0.101066 0.105697 0.112924 0.110861 0.107496 0.114674 0.114523 0.109443 0.108211 0.115104 0.118697 0.119148 0.119482 0.124643 0.127977 0.118874 0.122737 0.113196 0.0853537 0.012253 0.0478807 0.0628603 0.0723695 0.0766411 0.0894516 0.0916673 0.0921726 0.0875643 0.0776855 0.073542 0.0667963 0.0681448 0.0741434 0.0872236 0.16881 5.62685 11.4221 12.0811 12.1316 11.8593 11.6741 11.7928 12.7573 13.3318 13.5785 13.8406 14.0496 14.4761 14.6253 14.7886 15.6295 16.2442 16.2898 16.6095 15.6345
0.0972609 0.0908225 0.0864099 0.0890184 0.0938803 0.0949235 0.0944638 0.0932011 0.094892 0.0971942 0.0988697 0.0984649 0.0967473 0.0986652 0.100568 0.103753 0.109663 0.107931 0.103563 0.108579 0.115965 0.113009 0.109193 0.11256 0.116276 0.115043 0.110595 0.108459 0.110856 0.120269 0.118819 0.111263 0.0779761 0.0378529 0.0140761 0.00589723 0.0378973 0.0608634 0.0759748 0.0851167 0.0893711 0.0895567 0.0807861 0.0661988 0.0594469 0.0575329 0.063681 0.0682559 0.0743296 0.236346 2.52046 7.08275 9.87867 10.3182 10.3639 9.82933 10.152 11.0216 11.642 11.9613 12.4304 13.0568 13.8513 14.1056 14.2123 14.5751 15.1932 14.7248 14.6248 14.4612
0.0929896 0.0847391 0.0842606 0.0881553 0.0913746 0.0926018 0.0941492 0.0942245 0.0950729 0.094748 0.0963405 0.0987449 0.103003 0.103998 0.104721 0.107253 0.108692 0.106733 0.109482 0.112846 0.112205 0.109406 0.109337 0.109133 0.106829 0.0998187 0.0955938 0.0675862 0.0751788 0.0998706 0.100906 0.0753807 0.0468729 0.034468 0.0241172 0.0221553 0.049527 0.0652055 0.0750805 0.0824247 0.0839982 0.081214 0.0790047 0.0676704 0.0513415 0.0474628 0.0567852 0.06128 0.0630679 0.0901232 0.495952 2.89764 6.68878 8.46229 8.89879 9.01264 9.25701 10.1368 10.7892 11.0609 11.6556 12.1909 12.7955 12.8695 13.1376 13.57 13.6821 13.0035 12.5965 12.679
0.087421 0.0795964 0.0832234 0.0875108 0.0870404 0.0903658 0.0936078 0.0933646 0.0933618 0.0946617 0.0968704 0.0979712 0.100325 0.104061 0.10667 0.10801 0.106958 0.109015 0.113396 0.11099 0.104203 0.102895 0.100333 0.0918656 0.0872969 0.0774439 0.0760575 0.0726743 0.0738716 0.0784915 0.0716747 0.0598864 0.0449678 0.0291582 0.0261502 0.0427942 0.0553697 0.0643041 0.0745658 0.0800164 0.0811379 0.0838605 0.0819571 0.0688439 0.0505449 0.0472014 0.0585341 0.0620073 0.0616318 0.0730847 0.123045 0.804624 3.21752 6.1531 7.42683 8.02735 8.64286 9.23468 9.97516 10.4285 11.121 11.3538 11.3841 11.5413 11.5261 12.0755 12.4263 11.8357 11.2855 11.1682
0.0820936 0.0799474 0.0842803 0.0878707 0.0843555 0.0892087 0.0935114 0.0933357 0.0930245 0.0951807 0.0966421 0.0980121 0.101579 0.106258 0.10626 0.10485 0.103798 0.111172 0.112228 0.105829 0.0946444 0.0890904 0.0855024 0.0856586 0.0789025 0.0705027 0.0719301 0.0736955 0.0752433 0.0770088 0.0708443 0.059268 0.042675 0.0339256 0.0340462 0.0469905 0.05845 0.0670774 0.0745822 0.0814077 0.0833263 0.0836939 0.0814845 0.0708737 0.0597793 0.0637489 0.0672082 0.064503 0.0658345 0.0741781 0.0845953 0.19354 0.882124 2.97734 5.69828 6.488 6.74684 7.93185 8.77496 9.69998 10.2225 10.2114 9.99263 10.0704 10.0183 10.4362 10.5322 10.4844 9.62481 9.18243
0.078885 0.0837884 0.0869168 0.0863701 0.087761 0.0934023 0.0913847 0.0908793 0.0945065 0.0964904 0.0973931 0.0987776 0.102995 0.105753 0.104644 0.101376 0.107055 0.110326 0.105047 0.0977995 0.0871724 0.0794833 0.0795913 0.0824748 0.0781718 0.0717294 0.0717191 0.0726154 0.0747946 0.0741332 0.0724431 0.061679 0.0446965 0.0455698 0.041584 0.0542969 0.0651773 0.0731477 0.077546 0.0827514 0.083499 0.0825422 0.0801506 0.0760743 0.0731022 0.0730278 0.0693489 0.0553769 0.0646853 0.0716182 0.0691692 0.0779659 0.197492 0.725287 2.41537 4.37531 5.08548 6.12761 7.23408 8.00878 8.57504 8.70913 8.43497 8.22442 8.47428 7.98764 7.91889 8.06383 5.76524 4.86306
0.0834324 0.0879407 0.0883345 0.0871068 0.0911509 0.0944553 0.094827 0.0976082 0.0979778 0.0979293 0.099479 0.101431 0.103508 0.103943 0.104008 0.100381 0.103549 0.10621 0.105218 0.0953511 0.0798057 0.0760095 0.0797699 0.078947 0.0754762 0.0723839 0.0716 0.0682349 0.0717758 0.0720043 0.0707425 0.0669348 0.0516117 0.0514044 0.0555146 0.0672017 0.0757738 0.0773198 0.0791153 0.0832039 0.084126 0.0825868 0.081914 0.0808891 0.0804319 0.0747487 0.0630234 0.0567839 0.0629902 0.0604815 0.0457143 0.0522335 0.080373 0.131693 0.398973 1.66071 3.07185 4.36814 5.47705 6.21505 6.56441 7.14952 6.95133 6.60495 7.04959 5.47331 4.9097 4.34011 4.21952 2.7251
0.0954643 0.0974825 0.0995048 0.0992623 0.0998833 0.100046 0.102344 0.107051 0.105767 0.103467 0.100869 0.102505 0.102674 0.102969 0.0999372 0.0980566 0.100998 0.105122 0.102083 0.0871819 0.0763817 0.0788196 0.0803095 0.0758825 0.0747377 0.071814 0.0698897 0.0661264 0.0686986 0.0689266 0.0680722 0.0680492 0.0610108 0.0545586 0.061581 0.0664711 0.0724216 0.0758341 0.0797211 0.0818071 0.0814615 0.0824441 0.0838436 0.0885823 0.0825081 0.067255 0.0585882 0.0582141 0.058152 0.0494095 0.0381305 0.0533086 0.0749064 0.0814749 0.0881132 0.218453 1.09171 2.60847 3.82242 4.61785 5.40854 5.86237 5.90152 5.04334 5.00245 4.51162 2.51082 2.36437 1.78305 0.815653
0.0952466 0.0961458 0.0956321 0.0981831 0.100157 0.0980472 0.101945 0.101837 0.0999824 0.100705 0.102544 0.100383 0.0997215 0.0993902 0.0983451 0.0972147 0.103144 0.10418 0.0958272 0.0800831 0.0774249 0.0796259 0.0789751 0.0750527 0.0743794 0.0719779 0.0675911 0.06703 0.0681208 0.066707 0.067313 0.0666251 0.0645166 0.063974 0.0689665 0.0696886 0.0672796 0.071384 0.0779848 0.0829133 0.0810305 0.0826667 0.0853731 0.0904556 0.0784868 0.0563397 0.0573117 0.0496637 0.0447029 0.0454981 0.050006 0.0619377 0.075819 0.0758406 0.0612743 0.060212 0.0892012 0.660795 3.10155 4.13926 4.95138 3.80962 6.39013 3.29568 2.60061 1.94799 1.24039 -0.141485 0.0345124 0.0986127
0.0915908 0.0915437 0.0932273 0.0920446 0.0950839 0.098065 0.104304 0.0994729 0.0939886 0.098411 0.0974803 0.0917851 0.0958516 0.100555 0.102198 0.105119 0.106059 0.100798 0.08861 0.0775983 0.0767369 0.0766107 0.0760378 0.0762007 0.0734989 0.0731256 0.0695562 0.0700376 0.0680579 0.0643516 0.0652875 0.0652516 0.0644014 0.065263 0.0733365 0.0749266 0.06755 0.0687026 0.0797572 0.0827271 0.0803893 0.0822261 0.0866569 0.0912021 0.0729538 0.051142 0.0539176 0.0433706 0.0414408 0.0533665 0.0549443 0.0684851 0.0781012 0.0737773 0.0549788 0.0259872 0.0013396 0.0714792 0.494647 0.401937 0.472997 1.15318 1.08784 2.03627 0.180224 -0.0267089 0.0669555 0.0966032 0.093802 0.0954389
0.089834 0.0901868 0.089393 0.0950652 0.0971444 0.0987612 0.101057 0.0983507 0.0919006 0.0962213 0.0987475 0.101782 0.103591 0.100515 0.100026 0.105095 0.101517 0.0905637 0.0802171 0.0761808 0.075155 0.0717646 0.0734466 0.0757833 0.0749522 0.0754318 0.073017 0.0729184 0.070637 0.0616116 0.0646654 0.0645833 0.0661125 0.069741 0.074703 0.0750858 0.0681812 0.0730752 0.0830767 0.0855282 0.0754954 0.0797249 0.080004 0.0820213 0.078796 0.0631874 0.060328 0.0508539 0.0475252 0.0600359 0.0621122 0.0663064 0.0801506 0.0723098 0.037801 -6.31535e-05 0.0172848 0.0700994 0.0886245 0.0961083 0.0790323 0.0249203 0.0637494 0.0323292 0.0833072 0.0910167 0.0954556 0.100045 0.0949187 0.0940159
0.0875574 0.0906582 0.098652 0.0988765 0.104965 0.109765 0.105989 0.101749 0.103975 0.107764 0.110174 0.108517 0.107337 0.105783 0.101711 0.102211 0.0980054 0.0865167 0.0757182 0.0713867 0.0720646 0.0729049 0.0772064 0.0795515 0.0813075 0.0794282 0.0756673 0.0721413 0.072098 0.0629274 0.0606366 0.0633405 0.0703185 0.0728463 0.073251 0.0743902 0.0718159 0.0772429 0.0835381 0.0870155 0.0768924 0.0757222 0.0788654 0.078604 0.0747354 0.0669806 0.0623873 0.0548692 0.0567715 0.0617242 0.0639128 0.0700584 0.0801261 0.0738152 0.0415746 0.0319362 0.0625465 0.0733295 0.0827011 0.0808513 0.0595695 0.0126701 0.0670321 0.0804791 0.08888 0.096131 0.10031 0.101101 0.0930955 0.0863518
0.0890186 0.091123 0.0964709 0.10038 0.10385 0.108354 0.111356 0.11124 0.104838 0.102673 0.10478 0.108174 0.107699 0.107402 0.107722 0.098485 0.0935084 0.0826803 0.0752624 0.0692524 0.0742592 0.081476 0.0863718 0.0862977 0.0837104 0.0779392 0.0740933 0.0705978 0.0707933 0.0640195 0.0619042 0.0666602 0.0697256 0.0743708 0.0742382 0.0762962 0.077384 0.076033 0.0819192 0.087563 0.0808152 0.0741522 0.07562 0.0745067 0.073753 0.0711812 0.062851 0.0587816 0.0622397 0.0647457 0.0655061 0.0687381 0.0787678 0.0788831 0.055387 0.05255 0.0675768 0.0759691 0.0831049 0.0722233 0.0409307 0.0483435 0.0693643 0.0830817 0.0869256 0.0880149 0.0846056 0.0809274 0.0850428 0.0794743
0.0940585 0.0960485 0.0951749 0.0999354 0.101528 0.0994753 0.097496 0.0984986 0.100686 0.104015 0.104065 0.101416 0.100048 0.1011 0.0936834 0.0948558 0.0874458 0.0838426 0.0781837 0.0714847 0.0800335 0.082356 0.0776279 0.0747846 0.0771811 0.0757381 0.0638137 0.0673426 0.0749871 0.0744652 0.0733945 0.0741044 0.0726426 0.0730198 0.0746681 0.0829672 0.0827613 0.0765676 0.0818888 0.0895292 0.0835628 0.078892 0.0728832 0.0662464 0.0702857 0.0686659 0.0628006 0.0627794 0.0640554 0.0621748 0.0652589 0.0669871 0.0771533 0.0755355 0.0646358 0.066001 0.0749138 0.0790735 0.0749058 0.0626653 0.0611344 0.0666294 0.0781306 0.0787695 0.0776839 0.0745422 0.066761 0.0782214 0.0851144 0.086781
0.102236 0.101252 0.0981048 0.102524 0.104466 0.0993131 0.0937953 0.0924773 0.100863 0.10664 0.105654 0.0991062 0.0969992 0.0944512 0.0828169 0.0872638 0.0898585 0.0885853 0.0844743 0.0823515 0.0766514 0.0758709 0.0743794 0.0685072 0.0745894 0.0738259 0.0632345 0.067577 0.0779258 0.0756204 0.0738173 0.0800476 0.0814288 0.0796183 0.0787983 0.0815339 0.0828089 0.0793879 0.0849626 0.0912047 0.0906388 0.083261 0.078094 0.0681367 0.0662929 0.0674177 0.0665204 0.0634949 0.0652014 0.0647741 0.064569 0.0666602 0.0752527 0.0775316 0.0717192 0.0731011 0.0795198 0.080026 0.0698158 0.0604956 0.0659728 0.0737919 0.0784785 0.0776194 0.0779959 0.0702404 0.0635054 0.0705114 0.070088 0.0620456
0.102639 0.104024 0.10376 0.102903 0.103017 0.0940833 0.0878973 0.0906467 0.100989 0.105616 0.100501 0.0931698 0.087339 0.0844596 0.0792208 0.0840854 0.0858641 0.0862345 0.0852834 0.0823509 0.0803134 0.0832216 0.078932 0.0753431 0.0727128 0.0746976 0.0761613 0.0754264 0.0743277 0.0730306 0.0607241 0.0637893 0.0670003 0.0740596 0.0737122 0.078169 0.0804357 0.0847638 0.0852787 0.0869288 0.0877642 0.0858135 0.0831375 0.0799855 0.075684 0.0702693 0.0676458 0.0674105 0.0684209 0.0692939 0.0678262 0.0682816 0.0773988 0.0802982 0.0781603 0.0776973 0.0789752 0.0787274 0.0700015 0.0671223 0.0722146 0.0786646 0.0798543 0.0787173 0.0664005 0.0493482 0.0483824 0.0567602 0.053782 0.0324645
0.104045 0.105264 0.098653 0.0970404 0.0938572 0.0919439 0.091486 0.096786 0.10117 0.101427 0.0963002 0.0914525 0.0866756 0.0863019 0.0869328 0.0846943 0.0801936 0.0824269 0.084069 0.0827121 0.0814937 0.0848646 0.0838312 0.0799541 0.0790473 0.0777624 0.0744896 0.0715941 0.0730449 0.0732967 0.0682792 0.0636874 0.0523763 0.0557089 0.0631536 0.0717706 0.0759385 0.0795467 0.085295 0.0882275 0.0870458 0.0902729 0.0890723 0.0837397 0.0751393 0.0714006 0.0666334 0.0643759 0.0634533 0.0635483 0.0681176 0.0735859 0.0805418 0.0817069 0.0796055 0.0777432 0.0769554 0.0783326 0.0752691 0.0728645 0.0764779 0.082868 0.0784311 0.0714069 0.0616876 0.0461527 0.0456258 0.0498317 0.0447202 0.0257591
0.102857 0.095955 0.0914065 0.0906503 0.095628 0.0973169 0.0946347 0.0972835 0.0980565 0.0975915 0.10053 0.102593 0.0990995 0.0968591 0.0932889 0.0824703 0.0785726 0.0795967 0.0786679 0.0781366 0.0807281 0.0744504 0.0695768 0.0678992 0.0676992 0.0687034 0.0690517 0.0713452 0.0717163 0.0720439 0.0657628 0.0635527 0.0605368 0.0509729 0.0424652 0.0538405 0.0697932 0.0781378 0.0838083 0.0855792 0.0865689 0.0907411 0.0947461 0.0897098 0.0741819 0.0587353 0.0564414 0.057728 0.0572857 0.0594673 0.0683719 0.0737212 0.077071 0.0798972 0.0767375 0.0749311 0.0770546 0.0793624 0.0783612 0.0756588 0.0774834 0.0815074 0.0769154 0.0686384 0.0622711 0.0454107 0.0411497 0.0484651 0.0464267 0.0531196
0.107062 0.108762 0.10897 0.10999 0.110587 0.107975 0.102503 0.10404 0.107743 0.10537 0.106828 0.103622 0.0979512 0.096033 0.0893128 0.075769 0.074786 0.0790505 0.0757357 0.074585 0.0735041 0.0648014 0.0606034 0.0622754 0.058984 0.0574933 0.0629528 0.0681384 0.0734519 0.071617 0.0674766 0.0675912 0.0616946 0.0499118 0.0390896 0.0466901 0.0630186 0.0747246 0.0827601 0.0860274 0.0857864 0.0881937 0.0948361 0.0962078 0.0831188 0.0650303 0.0573529 0.0504859 0.053748 0.0607102 0.0670844 0.0717696 0.0794218 0.079896 0.0732036 0.0748006 0.0768298 0.0787147 0.0807953 0.0810999 0.0798417 0.0820981 0.0782274 0.0589893 0.0550111 0.0495554 0.0516826 0.050262 0.0506074 0.0536761
0.0987481 0.0994609 0.0973572 0.104303 0.111465 0.110025 0.101956 0.102266 0.0999972 0.105387 0.108735 0.103635 0.0895109 0.0848889 0.0822187 0.0740027 0.0714584 0.069811 0.0686812 0.0675404 0.0600275 0.0499253 0.0579231 0.058413 0.0504887 0.0452163 0.0551257 0.0662885 0.0706205 0.0735964 0.0748359 0.0739351 0.060652 0.0470387 0.0431283 0.0506146 0.0583499 0.0714849 0.0813775 0.0852145 0.0860728 0.0877482 0.0920944 0.0947655 0.0903503 0.0772591 0.0641192 0.0570093 0.0596683 0.0636663 0.0653558 0.0709899 0.0791949 0.0786148 0.073734 0.0764858 0.0786671 0.0791478 0.0847621 0.0841242 0.0807458 0.0787412 0.0755005 0.0580157 0.0558354 0.0592241 0.064691 0.0567822 0.0465474 0.052489
0.0965014 0.0972363 0.0989423 0.104596 0.106434 0.100268 0.0923429 0.09386 0.0970662 0.100692 0.101941 0.093026 0.085301 0.0820315 0.0793057 0.0734216 0.0642657 0.0577369 0.062559 0.0657871 0.0600661 0.0498747 0.0573336 0.0577813 0.0501341 0.0469684 0.0497698 0.0474238 0.0652195 0.0713493 0.0728143 0.0702735 0.0630367 0.05171 0.0502572 0.0540537 0.064179 0.0730398 0.0821593 0.0831673 0.0865375 0.0884695 0.0886658 0.0921241 0.0903098 0.0796016 0.0716969 0.0644978 0.0562142 0.0530593 0.0615322 0.0701446 0.0765124 0.0769402 0.0761173 0.0755596 0.0770764 0.0784283 0.0799443 0.0799531 0.0832038 0.084439 0.0781436 0.0653574 0.0659153 0.0711877 0.0737947 0.0639918 0.0457413 0.0549863
0.0948734 0.0955772 0.103373 0.10784 0.0997681 0.0829542 0.0730368 0.0789895 0.0923346 0.0983227 0.100508 0.0980441 0.0915402 0.0757581 0.0691145 0.0701749 0.061146 0.0496563 0.0606886 0.0730523 0.0610178 0.0456714 0.0586118 0.0615989 0.0532424 0.0611295 0.0643238 0.0548269 0.060657 0.0692657 0.0746935 0.067105 0.0586438 0.0560897 0.0541124 0.0556745 0.0628711 0.0735884 0.0825336 0.0849765 0.086576 0.0856839 0.0832484 0.0849708 0.091853 0.0835275 0.0762134 0.0722771 0.0668767 0.0516463 0.0583907 0.0721822 0.0778381 0.0776281 0.0758724 0.0756192 0.0752561 0.0757108 0.0737198 0.0744672 0.0791622 0.0843607 0.0826521 0.0750334 0.0764667 0.0806152 0.0811342 0.0673721 0.0479147 0.054868
0.0964297 0.101036 0.102723 0.0999223 0.0948923 0.0846575 0.0772997 0.090476 0.0964721 0.0988123 0.103575 0.0956369 0.0858165 0.068461 0.0621579 0.0610916 0.0638134 0.0563278 0.0625757 0.0735485 0.06951 0.0580618 0.0551207 0.0641178 0.0610115 0.0578843 0.0661755 0.0655482 0.0643353 0.0747354 0.0780998 0.0712016 0.0634875 0.0603944 0.0605197 0.0651771 0.0771208 0.0838248 0.0901473 0.0886078 0.0884349 0.0864736 0.0763552 0.0765499 0.0870897 0.0907141 0.0817848 0.078611 0.0790336 0.0685708 0.0681982 0.076528 0.0836086 0.080408 0.0750014 0.0782428 0.0822787 0.077798 0.0645853 0.0683947 0.0778 0.0820505 0.0848413 0.083901 0.0824525 0.0853711 0.0851721 0.0769161 0.0658066 0.063702
