data/RealTopo/Outputs_RealTopo/relWog_null_02RealTopo_faSavageHutterFoam_pfv.asc
xllcenter 167455
yllcenter 361955
nrows 555
ncols 490
NODATA_value -9999
cellsize 5
[rows 279 to 309 of 555, columns 207 to 275 of 490]
0.0919429 0.0880062 0.0850119 0.0819857 0.0831644 0.0870495 0.0919087 0.0913256 0.0928425 0.0934591 0.0896763 0.083997 0.0817246 0.0815933 0.0820853 0.0821441 0.0754658 0.0737621 0.0766904 0.0970628 0.418054 2.90038 10.0769 19.0725 25.3259 28.7267 30.4865 32.3435 33.4364 33.3139 33.1556 34.6328 34.4797 33.3879 34.1941 33.5192 32.807 31.0377 33.823 34.7578 35.0812 34.7468 34.7177 34.7395 34.4868 33.8406 34.2244 34.2443 33.4522 32.5405 31.4359 30.4415 29.7695 28.8688 27.7155 26.52 25.4101 24.2517 23.3733 21.8784 19.5127 16.1621 11.862 6.16636 2.31283 0.479988 0.15566 0.104875 0.0901544
0.0934305 0.0925886 0.0930117 0.0911429 0.091278 0.0928098 0.0931807 0.0924312 0.0944202 0.0887391 0.08409 0.0852813 0.0864004 0.0780111 0.0809936 0.0810298 0.0791279 0.0813268 0.0830314 0.0831837 0.0888822 0.284438 2.28884 12.5548 21.4543 26.655 29.8851 31.8368 32.9033 33.7086 34.0437 35.1053 35.3866 34.0022 34.0083 34.6466 33.1459 30.5385 32.6748 35.0494 35.4183 35.0522 34.8702 35.1268 35.133 34.5922 34.9532 34.8797 34.2112 33.314 32.5599 31.3414 30.9063 29.9276 28.8942 28.0032 27.0374 26.0624 25.4957 24.6932 22.8903 20.5336 16.9704 11.9794 6.16297 1.69141 0.232191 0.128332 0.0817373
0.09542 0.0954384 0.0943059 0.0926502 0.0937012 0.0910515 0.0854205 0.0860654 0.0869217 0.082527 0.0819245 0.0888127 0.0905413 0.0867511 0.0801396 0.0772498 0.0810843 0.082853 0.0830034 0.082734 0.0856626 0.0931494 0.56624 4.87872 15.5815 23.4835 27.8042 30.252 31.9335 32.8625 33.4707 33.5686 33.245 33.6341 35.4048 35.698 33.8273 30.2338 31.8371 34.6357 34.9328 35.1593 34.9283 35.2205 35.7064 35.2802 35.6559 35.2233 34.4347 33.9634 33.3403 32.3778 31.8757 30.8666 29.9228 29.2363 28.2125 27.5896 27.3518 26.8649 25.4723 23.6772 21.1469 17.4017 11.9914 6.13945 1.80631 0.219385 0.112869
0.092317 0.0906995 0.0960228 0.0948758 0.0891652 0.087943 0.0856353 0.0829074 0.0776161 0.0773409 0.0831253 0.0864742 0.0909569 0.0908455 0.0855017 0.0848848 0.0844009 0.0852341 0.0868772 0.0809741 0.0792307 0.0807424 0.0905149 0.603268 7.38226 18.1596 24.6167 28.3322 30.4373 31.5306 32.3825 32.5565 31.4491 33.8784 36.3477 36.186 34.1801 30.6899 32.4013 33.979 34.2284 34.4072 34.8294 35.7184 35.8693 35.6131 35.619 35.2083 34.8502 34.4395 33.9027 33.4219 32.6758 31.8104 30.9113 30.2336 29.312 28.9762 29.0979 28.5871 27.4445 25.9987 24.1752 21.4158 17.3077 11.9175 6.47986 1.81656 0.330371
0.0910623 0.0925552 0.0962419 0.0927673 0.0887321 0.0834876 0.0811049 0.0809354 0.0785897 0.0802568 0.0846894 0.0906213 0.0933745 0.0909247 0.0904767 0.0957765 0.0914511 0.0903661 0.088921 0.0845421 0.0734314 0.0734007 0.0832634 0.182655 1.84866 10.7846 19.8336 25.4013 28.8821 30.9564 32.015 31.4301 32.023 33.8847 33.0018 31.1931 31.5731 33.4052 33.771 33.0298 33.6281 34.0812 34.5798 35.4635 35.5696 35.2848 35.2863 34.8015 35.0406 34.7364 34.3962 33.9771 33.4029 32.5282 31.972 31.2065 30.5254 30.2383 30.3887 29.9159 29.1006 27.8794 26.2645 24.1991 21.4132 17.3327 12.5184 6.51972 1.92392
0.0926278 0.0927809 0.0888887 0.0882612 0.0876704 0.0860661 0.082984 0.0824234 0.0843538 0.0894443 0.0885883 0.0906868 0.0923733 0.094432 0.0948801 0.0946812 0.0928335 0.093593 0.0915018 0.0867113 0.0844962 0.083038 0.0818243 0.0894348 0.0626001 4.08324 13.935 21.7119 26.5886 29.1851 30.2819 31.2179 33.515 34.9082 34.2334 34.1016 34.8161 35.7409 33.4384 32.4851 32.6128 33.8054 34.3403 34.7811 35.0832 35.0854 34.9674 34.579 34.7806 34.6417 34.4697 34.4571 33.8843 33.2602 32.9898 32.2326 31.613 31.22 31.3542 31.0111 30.3356 29.2519 27.9329 26.3216 24.2765 21.3884 17.7191 12.3709 6.43542
0.0863158 0.0883733 0.0867593 0.0866451 0.0873912 0.0894387 0.0899661 0.0861453 0.0867334 0.0960916 0.0952573 0.0873815 0.09106 0.0944127 0.0925354 0.0909193 0.0911752 0.0911499 0.089718 0.0890877 0.0870526 0.087769 0.0815257 0.0834008 0.102778 0.674547 7.99625 17.9241 24.1668 27.7715 30.4068 32.9874 34.2908 34.7401 35.0021 35.5017 36.4878 35.6548 32.5877 32.3761 33.2541 33.426 33.7771 34.1534 34.2922 34.3463 34.5988 34.8567 34.6466 34.5259 34.7989 34.7089 34.3074 34.1599 33.7532 33.091 32.4119 32.1039 32.3063 32.0016 31.4725 30.4405 29.3657 28.0556 26.366 24.3443 21.6633 17.4089 12.1706
0.0836097 0.0874488 0.0862812 0.0891747 0.0915287 0.0912724 0.0897844 0.0891172 0.0893794 0.0962981 0.10196 0.0936198 0.088879 0.0932838 0.0924605 0.092756 0.0950185 0.094565 0.090136 0.0909493 0.0931912 0.0918145 0.0876341 0.0799403 0.0886929 0.104559 2.9255 13.2719 21.6183 26.6019 29.9317 31.9248 32.9444 33.83 34.6214 35.2542 35.8554 33.3745 33.8602 33.8744 34.3139 34.0676 33.508 33.1174 33.206 33.5005 34.3391 34.7651 34.5062 34.727 35.1745 35.0703 34.9307 34.6879 34.2394 33.6101 32.9359 32.9174 33.2479 32.8698 32.4406 31.4633 30.6877 29.6192 28.1199 26.6804 24.5168 21.4138 17.2401
0.0810687 0.0807294 0.081121 0.0854778 0.0856503 0.0877012 0.0894101 0.0912366 0.0913746 0.0911491 0.0996869 0.0996579 0.0951212 0.0918685 0.089727 0.0908553 0.0930038 0.0888006 0.0902851 0.0939685 0.0940349 0.0924421 0.0940408 0.0851641 0.0898468 0.0949401 0.637861 7.90177 17.5564 23.6041 27.4142 29.6921 31.5131 32.7665 33.3156 33.5567 33.0518 32.6358 32.5765 34.9994 33.7804 34.1873 33.6999 32.4593 32.5016 33.167 33.6672 34.0537 34.5376 34.8026 35.1324 35.248 35.1823 34.7704 34.4041 33.7632 33.255 33.58 33.7938 33.4983 33.3779 32.6232 31.8086 30.874 29.6177 28.4665 26.5677 24.3353 21.3796
0.0783252 0.0735804 0.0769388 0.0733738 0.078616 0.0806872 0.0827668 0.0895221 0.0900723 0.0903089 0.0995058 0.101704 0.0970029 0.0920453 0.090872 0.0927114 0.0916074 0.0883294 0.0934142 0.0921436 0.0900118 0.0920891 0.0978585 0.0880408 0.0913006 0.0959721 0.171692 3.38627 12.6029 20.2553 24.5579 27.7371 29.9268 31.3225 32.3969 32.5476 33.787 35.3047 35.6899 34.2654 33.4035 34.902 34.1735 32.3262 32.0922 32.5075 32.5209 33.6267 34.36 34.5509 34.8436 35.1215 34.9624 34.6816 34.3786 33.8786 33.676 33.9919 34.1491 34.1938 34.021 33.3956 32.7528 32.0001 30.9042 29.8718 28.1494 26.4726 24.3234
0.0797684 0.0775558 0.0806016 0.0814999 0.0799782 0.0754629 0.0800108 0.0864538 0.0864787 0.0915145 0.0937351 0.0997458 0.0962247 0.0908045 0.0935676 0.0950874 0.0925015 0.0923515 0.0955874 0.0937459 0.0913981 0.0959847 0.0974252 0.0929476 0.0939434 0.0971973 0.100128 0.566481 6.12475 15.5444 21.5346 25.4332 27.8648 29.997 31.7607 33.094 34.5409 34.5904 28.5449 32.9257 35.5607 35.3238 34.4898 32.4391 31.6372 31.923 32.1433 33.4881 33.6388 33.5188 33.9288 34.3014 34.3827 34.4126 34.2713 34.0248 33.9635 34.197 34.5607 34.4832 34.0907 33.5352 33.3238 32.6762 31.941 30.8724 29.3848 28.1443 26.6796
0.0874442 0.0854001 0.0875075 0.0916619 0.0816644 0.0782354 0.0844896 0.0868873 0.0879671 0.0892434 0.091345 0.098389 0.100992 0.0979327 0.0955741 0.0929476 0.0926411 0.0973987 0.09651 0.0963519 0.0972489 0.0941878 0.0943063 0.093089 0.0915288 0.0977058 0.100764 0.133934 1.80411 9.23226 17.1232 22.1589 25.7741 28.3061 30.4478 32.2348 33.2888 30.6833 31.1742 32.6868 35.8515 34.706 35.0309 33.2231 31.4822 31.4029 32.2858 33.1283 32.9227 32.7336 33.2792 33.2888 33.658 34.0908 33.9674 33.8669 33.9252 34.1898 34.6199 34.4118 33.8803 33.7251 33.8017 33.1642 32.6028 31.9022 30.7169 29.8763 28.845
0.0948289 0.0906596 0.091052 0.0934137 0.0858474 0.0871955 0.0901462 0.0884409 0.0893909 0.091434 0.0944271 0.0980763 0.0989579 0.0975784 0.0951298 0.0973094 0.0971686 0.100399 0.0979949 0.0963115 0.0963519 0.0973387 0.0955797 0.0914011 0.0927737 0.0967156 0.100561 0.0923012 0.162024 2.47137 10.9252 18.3995 23.1589 26.423 28.9624 30.8875 31.8555 31.9159 34.0973 32.7469 34.4545 35.4103 34.4313 32.371 31.1779 31.3765 32.9114 32.9004 32.6538 32.4666 32.6287 32.382 33.299 33.7073 33.7059 33.6836 33.5275 33.9386 34.2446 34.323 33.7531 33.9106 34.2058 33.6585 33.3616 32.9992 32.0329 31.2027 30.3144
0.0960476 0.0936752 0.0910144 0.0980751 0.0994337 0.0981626 0.0914346 0.0897604 0.0923481 0.0940904 0.0949202 0.099213 0.099274 0.098414 0.098402 0.104073 0.100496 0.097822 0.0936223 0.0919687 0.0960229 0.0980178 0.0976257 0.0950708 0.0970221 0.0996244 0.101357 0.102821 0.100505 -0.227771 4.15274 12.9639 20.0823 24.4665 27.2415 29.2486 30.3722 33.0751 35.006 35.3715 35.3851 36.2624 34.7444 33.6832 32.0577 32.0793 32.8727 32.6722 32.5734 32.457 32.3559 31.9449 33.0787 33.019 33.6276 33.5383 33.2098 33.5713 33.9264 34.3176 33.8023 34.1961 34.1864 34.1682 34.0786 33.9824 32.9977 32.382 31.3975
0.0970011 0.0974353 0.0950211 0.0999104 0.108707 0.106252 0.0999824 0.0998631 0.0998945 0.095707 0.0967365 0.102721 0.103575 0.0986433 0.100201 0.103773 0.0986919 0.0980355 0.0969361 0.0945016 0.0952763 0.0960075 0.0976539 0.0962815 0.097935 0.0999021 0.101212 0.101288 0.0975646 0.092762 0.567882 6.72483 15.5941 21.3688 25.3524 27.9194 30.8852 33.0119 33.7992 34.137 33.0111 35.3757 35.4798 34.5399 32.8567 33.0953 32.5149 32.2035 32.4879 32.4505 32.1921 31.923 32.6693 32.5932 33.6149 33.8345 33.4243 33.411 33.7997 34.1308 33.8456 34.2633 34.0328 34.618 34.8442 34.5761 33.8491 33.1722 32.0562
0.0962245 0.0989276 0.0995156 0.103471 0.106843 0.104493 0.104751 0.103478 0.101098 0.0988136 0.101818 0.10436 0.106682 0.103112 0.103517 0.105699 0.102917 0.103546 0.100516 0.100144 0.099459 0.0987491 0.0984325 0.0977566 0.0985634 0.098779 0.0992372 0.100636 0.0995244 0.100731 -0.011954 1.26504 8.98799 17.3104 23.0892 26.9428 29.4938 30.9152 32.5981 33.4018 34.5392 36.0187 35.5249 33.9324 32.5209 33.6271 32.656 31.6008 32.5157 33.0081 32.6626 32.2506 32.5976 32.3713 33.9211 33.9006 33.5048 33.4232 33.8536 34.0028 33.6258 34.1856 34.43 35.3604 35.3116 34.8511 34.2057 33.5211 32.6111
0.0984443 0.10117 0.102087 0.105892 0.107021 0.100733 0.102057 0.100603 0.0973883 0.10117 0.107272 0.103413 0.109525 0.107262 0.103879 0.11242 0.11086 0.104865 0.102121 0.100787 0.103432 0.10341 0.100793 0.0980798 0.0985148 0.100114 0.0986323 0.100653 0.104677 0.105274 0.105776 0.124907 2.00962 10.7911 19.6309 24.8697 27.7456 30.0764 32.4437 33.256 34.6201 35.1811 33.9532 33.3831 34.237 34.3145 33.1422 31.6141 31.7035 32.6404 33.2246 32.9293 32.855 33.0038 34.4659 33.9298 33.539 33.37 33.5215 33.9137 33.5319 34.6015 35.168 35.2977 35.038 34.7803 34.3067 33.7141 33.0323
0.10092 0.10118 0.101229 0.105151 0.109867 0.107011 0.101441 0.103927 0.10276 0.103379 0.11023 0.108075 0.112279 0.103892 0.103301 0.110015 0.109521 0.102773 0.10321 0.106533 0.108273 0.108171 0.104855 0.099681 0.0979907 0.0995153 0.10102 0.102467 0.108494 0.109266 0.106271 0.10114 0.192918 4.39256 14.3165 20.9684 25.328 28.6481 30.959 32.304 34.1732 34.7975 34.1761 34.4677 33.9536 35.5821 32.0361 32.4343 31.891 30.8552 32.6 33.2652 33.625 34.1917 34.6716 34.2592 33.9708 33.0724 33.8993 34.1575 33.6312 34.9108 35.015 34.9093 34.473 34.4214 34.2972 34.0558 33.5177
0.0990819 0.102472 0.0989942 0.102013 0.109575 0.108949 0.101187 0.102426 0.105719 0.112215 0.113425 0.107608 0.110852 0.109179 0.106565 0.107722 0.10637 0.103989 0.104031 0.106103 0.104435 0.106374 0.106851 0.105006 0.102493 0.101992 0.105085 0.11352 0.114083 0.114372 0.109296 0.101207 0.0650639 0.384498 6.39786 15.4774 22.2779 25.9893 28.5763 31.109 33.1618 33.9948 34.2515 34.718 35.1533 36.2969 32.2323 33.3579 32.3773 28.4576 31.6843 33.2066 34.3361 34.9186 34.7714 33.8624 34.4328 33.5431 34.5525 34.6035 34.2945 34.7838 34.7025 34.348 34.208 34.4335 34.6608 34.5056 33.8025
0.101506 0.105978 0.103386 0.100777 0.106096 0.114692 0.108511 0.108711 0.107838 0.11873 0.114154 0.101085 0.105529 0.109728 0.107465 0.11101 0.109842 0.10479 0.105164 0.104415 0.0999948 0.101334 0.104737 0.108778 0.106801 0.104549 0.109022 0.121872 0.11532 0.124692 0.118169 0.10621 0.113056 0.114313 0.110662 5.28691 16.197 22.879 26.7639 29.8946 31.5554 32.1728 33.438 35.4946 36.4283 35.7577 34.5303 34.9409 29.4204 29.621 32.0756 33.0377 33.6942 34.9282 34.8114 34.5093 34.6829 34.2276 35.088 34.8049 34.3259 34.5016 34.3254 34.0134 34.4657 34.9087 34.7054 34.2101 34.0267
0.102095 0.10465 0.107437 0.104054 0.107273 0.12296 0.131357 0.114784 0.110641 0.113848 0.124672 0.111234 0.109747 0.113095 0.109951 0.108529 0.11115 0.107201 0.106975 0.105513 0.108225 0.107425 0.105322 0.108417 0.108003 0.10782 0.112181 0.116754 0.107519 0.110135 0.13625 0.10618 0.112327 0.110286 0.112866 0.41181 7.47636 18.1459 23.9428 27.5658 29.6816 31.2836 33.217 34.8744 35.6035 34.1944 32.9511 31.6652 31.2689 33.1587 33.614 33.1725 32.1578 33.8987 35.1394 34.8276 34.8788 34.8031 35.612 35.0601 34.5134 34.2667 33.8251 34.0182 34.3626 34.3687 34.0278 34.5295 34.6534
0.102633 0.104022 0.110364 0.109597 0.115221 0.115193 0.114991 0.108299 0.111639 0.112653 0.120533 0.116889 0.11266 0.116045 0.113165 0.108982 0.107273 0.109784 0.106398 0.104703 0.107155 0.112679 0.11011 0.108418 0.114574 0.119094 0.118119 0.107616 0.102546 0.0994132 0.108026 0.111538 0.107662 0.108297 0.123522 0.0473542 0.591217 9.04607 19.1531 24.4171 27.4368 29.4411 31.527 32.8622 34.4407 31.947 32.2836 34 35.2489 33.4934 34.9721 33.4995 30.8695 31.8224 35.2165 35.1805 35.27 35.1908 35.6538 34.9673 34.5189 34.0885 33.6811 33.8055 33.6467 33.6812 34.0126 34.9997 35.0899
0.107116 0.108362 0.110513 0.115644 0.11576 0.116813 0.106109 0.104145 0.109248 0.105628 0.119614 0.120519 0.107923 0.107213 0.112663 0.11736 0.112252 0.10786 0.107421 0.106653 0.102753 0.107411 0.105151 0.110263 0.117483 0.116703 0.119621 0.107474 0.101543 0.100462 0.106274 0.110389 0.105438 0.118266 0.11611 0.107653 0.113663 0.428845 9.02735 18.5537 23.7606 27.0133 29.0135 30.8904 30.5018 31.1268 33.641 35.0796 34.4151 34.4639 34.8199 33.5995 31.3593 30.2752 34.5634 35.656 35.5234 35.2457 35.3278 34.5894 34.6923 34.0509 33.6858 33.2556 33.0025 33.8518 34.4261 34.6661 34.8148
0.108748 0.113132 0.116253 0.110489 0.109869 0.115206 0.111131 0.108114 0.106894 0.104389 0.122621 0.124654 0.101068 0.106541 0.112794 0.12525 0.110195 0.105893 0.109832 0.110344 0.102962 0.100024 0.102223 0.11422 0.117221 0.113948 0.119707 0.106374 0.0998237 0.10265 0.108554 0.111312 0.112306 0.121921 0.102561 0.107735 0.116514 0.11557 1.20064 9.39316 17.6486 23.333 26.4348 29.053 29.8652 33.0794 35.3138 35.4144 35.2398 34.9319 34.5083 33.8277 32.3581 30.848 33.22 35.5218 35.1898 34.891 34.7395 34.5298 34.6786 34.1779 33.2598 33.162 33.6137 33.7723 33.7219 33.983 34.1408
0.112235 0.113881 0.117034 0.108144 0.110535 0.11768 0.115786 0.111318 0.105396 0.104955 0.120007 0.131845 0.107045 0.109798 0.113444 0.112535 0.105163 0.103231 0.102415 0.103821 0.101887 0.101821 0.108307 0.115282 0.121574 0.119555 0.113177 0.105017 0.105301 0.110651 0.110847 0.113114 0.116839 0.115357 0.103773 0.110825 0.117781 0.130334 0.159143 1.48707 8.62132 17.2533 22.2931 26.1685 30.2148 33.3732 34.1113 34.4583 34.5709 34.4663 34.1474 32.7031 31.1069 31.9784 31.8991 34.6637 34.7998 34.5569 34.6275 34.1574 34.6008 34.4547 34.0686 33.7541 33.7641 33.483 33.2544 33.15 33.3187
0.112357 0.113748 0.112767 0.109773 0.112527 0.106399 0.141984 0.16149 0.152038 0.111695 0.118222 0.137584 0.114613 0.110172 0.112272 0.104641 0.0949665 0.0916441 0.0854279 0.0847564 0.0929192 0.101809 0.107202 0.116118 0.126052 0.117749 0.111276 0.109543 0.133121 0.136253 0.120332 0.119268 0.116021 0.110612 0.109097 0.113434 0.112281 0.111411 0.120736 0.0575149 1.51624 9.70504 18.3657 24.262 29.0482 31.4396 32.1493 33.239 33.7432 33.9812 33.822 32.8732 33.4851 30.5382 32.5546 32.9438 34.5126 34.4958 34.4381 33.7465 34.1894 34.2218 33.9664 33.8978 33.6531 33.4081 33.0946 32.5859 33.0227
0.108555 0.109223 0.107554 0.113949 0.141136 0.155242 0.147802 0.159488 0.135734 0.105805 0.109309 0.135685 0.109173 0.101834 0.10396 0.0964107 0.0899216 0.0790871 0.0688578 0.0725422 0.087083 0.102303 0.107048 0.116526 0.122675 0.109429 0.113421 0.111681 0.110592 0.125437 0.125358 0.126728 0.114712 0.107255 0.10933 0.110427 0.107464 0.109078 0.110121 0.113359 0.144561 2.53456 12.8616 20.9471 26.0487 28.7977 31.052 32.2289 32.6767 33.0486 33.3475 33.6036 33.4679 31.2487 33.3211 32.0208 33.9543 34.6542 34.2209 33.1698 33.6007 34.5473 33.7771 33.7027 33.544 33.4297 32.7297 32.9627 33.4656
0.105787 0.108773 0.113277 0.140909 0.159616 0.153921 0.119677 0.0992399 0.094689 0.0962625 0.0990254 0.123282 0.11184 0.0966967 0.0950839 0.0916997 0.0807267 0.0745112 0.0748566 0.0729833 0.084847 0.0938925 0.102653 0.118187 0.118984 0.10266 0.107189 0.108567 0.1057 0.10929 0.121882 0.126572 0.114368 0.107616 0.108532 0.110048 0.109149 0.107839 0.106849 0.108514 0.115256 0.211283 5.26161 14.4017 21.1005 25.5276 28.5006 30.0618 31.0425 31.8677 32.4699 32.7287 31.8841 29.9704 31.7394 33.1388 33.2004 33.9543 34.0937 33.1637 33.6092 34.2326 33.6267 33.5198 33.4023 32.9568 32.9317 33.7279 34.082
0.1083 0.110576 0.113905 0.111472 0.105021 0.0913379 0.0712871 0.0687934 0.0722528 0.0859771 0.0974102 0.117571 0.111684 0.0968194 0.0891416 0.0875577 0.0825728 0.0803275 0.0816342 0.0837497 0.0907733 0.0941326 0.104319 0.115648 0.11289 0.0996151 0.103346 0.106638 0.109252 0.115268 0.122945 0.124429 0.116154 0.122593 0.113535 0.112157 0.108275 0.103937 0.104057 0.104781 0.104955 0.113617 0.78125 6.34757 14.0176 20.1655 24.0728 26.5043 28.6794 30.1189 31.1982 32.1105 32.5545 31.9046 32.1013 33.7949 32.7234 32.6195 33.906 34.0109 34.4195 34.6992 33.7092 33.3874 33.0667 33.2104 33.6806 34.4659 34.6833
0.107506 0.105698 0.10002 0.0956333 0.0843693 0.0763375 0.0706254 0.0731727 0.0734274 0.0834723 0.0955146 0.102681 0.102335 0.093703 0.0849107 0.0815972 0.0817843 0.0832671 0.0800301 0.0815303 0.092305 0.0996114 0.104537 0.11238 0.110341 0.102301 0.102263 0.105952 0.115807 0.132932 0.12058 0.119373 0.107824 0.126757 0.133631 0.112624 0.107899 0.101982 0.101859 0.104043 0.10497 0.114924 0.147061 1.30213 5.48794 12.0676 18.056 22.4235 25.5082 27.8274 29.7706 30.9939 31.8419 30.8148 30.7784 32.0833 32.0944 32.1007 32.9409 34.6011 34.8865 35.1776 33.9393 33.4759 33.0087 33.353 34.1406 34.905 34.8977
0.101139 0.0986572 0.0956417 0.091436 0.0869489 0.084294 0.0861939 0.0843898 0.0824052 0.0842027 0.0853652 0.0905585 0.0925624 0.0888858 0.0911572 0.0913772 0.087009 0.0812095 0.0758688 0.073448 0.0824523 0.0945448 0.102954 0.109787 0.107663 0.103441 0.10249 0.105339 0.112699 0.136558 0.134312 0.111829 0.105075 0.104479 0.119388 0.114516 0.106428 0.102095 0.10366 0.103033 0.110104 0.11851 0.122132 0.16249 0.703685 3.19229 8.81698 16.0525 21.6659 24.5726 27.651 29.8506 30.1667 30.2917 31.8177 32.2643 32.5533 33.3681 31.2193 34.3531 35.5178 35.6422 34.8573 34.0643 33.6756 33.804 34.6553 34.8381 34.7842
