data/RealTopo/Outputs_RealTopo/relWog_null_02RealTopo_faSavageHutterFoam_pft.asc
xllcenter 167455
yllcenter 361955
nrows 555
ncols 490
NODATA_value -9999
cellsize 5
[rows 406 to 434 of 555, columns 198 to 263 of 490]
-9999 -9999 -9999 -9999 -9999 -9999 -9999 -9999 -9999 -9999 -9999 -9999 0.0123414 0.00694301 0.00558726 0.00424058 0.00274498 0.00224175 0.00224449 0.00255038 0.00338242 0.00398837 0.00454166 0.00464438 0.00525582 0.00699085 0.00850318 0.00878695 0.007382 0.0055373 0.00522454 0.00539458 0.0062459 0.00742188 0.00807582 0.00849029 0.0102397 0.0132568 0.0164646 0.0210954 0.0216509 0.0215589 0.0232608 0.0258936 0.032549 0.0450289 0.0651389 0.0952841 0.13519 0.169538 0.161231 0.126909 0.119718 0.121347 0.12646 0.131786 0.146745 0.174563 0.201315 0.233066 0.270498 0.328994 0.365874 0.395752 0.446395 0.501599
-9999 -9999 -9999 -9999 -9999 -9999 -9999 -9999 -9999 -9999 -9999 -9999 -9999 0.00763535 0.00794292 0.00720087 0.00589717 0.00445974 0.00387425 0.00372184 0.00414681 0.00434247 0.00436858 0.00314114 0.00286728 0.0034887 0.00459204 0.00661792 0.00550181 0.00407957 0.00395216 0.00385024 0.00363347 0.0038127 0.00403094 0.00395583 0.00492476 0.0067555 0.00929837 0.0140094 0.0179938 0.021039 0.0229962 0.0240794 0.0278391 0.0344371 0.0448706 0.0595074 0.0827752 0.123998 0.157242 0.154509 0.139703 0.125293 0.125687 0.130428 0.137506 0.157484 0.186175 0.214366 0.258743 0.307198 0.34796 0.390345 0.424364 0.462084
-9999 -9999 -9999 -9999 -9999 -9999 -9999 -9999 -9999 -9999 -9999 -9999 -9999 0.0258714 0.00828886 0.00856012 0.00791431 0.00639877 0.00570569 0.00585397 0.00618471 0.00582067 0.00508971 0.00335454 0.00211164 0.00187982 0.00232394 0.0038502 0.00475227 0.00389003 0.00318584 0.00278168 0.00262776 0.00292365 0.00354879 0.00360434 0.00371929 0.00417468 0.00532927 0.00765886 0.0116209 0.0177726 0.0236472 0.0254405 0.0272972 0.0296792 0.0337132 0.0410541 0.0509041 0.0691687 0.0984794 0.130658 0.151674 0.147838 0.127702 0.122718 0.126957 0.14108 0.167281 0.197637 0.239665 0.281884 0.336621 0.378272 0.403381 0.436431
-9999 -9999 -9999 -9999 -9999 -9999 -9999 -9999 -9999 -9999 -9999 -9999 -9999 -9999 0.00760904 0.00830337 0.00753997 0.00704207 0.00647431 0.00715585 0.00778533 0.00818743 0.00823504 0.00611177 0.00364456 0.00285604 0.00279283 0.00312611 0.00367598 0.00331781 0.00243041 0.00232133 0.00260457 0.00270678 0.00316174 0.00367352 0.00408269 0.00435402 0.00464685 0.00597936 0.00803169 0.0115044 0.0174428 0.0214361 0.0241688 0.0259134 0.0284568 0.0321253 0.0372112 0.0456128 0.0619493 0.0885631 0.126107 0.163484 0.157016 0.131342 0.126148 0.131114 0.146142 0.175229 0.209779 0.257672 0.307959 0.353243 0.396225 0.429454
-9999 -9999 -9999 -9999 -9999 -9999 -9999 -9999 -9999 -9999 -9999 -9999 -9999 -9999 0.0170782 0.000305548 0.00672206 0.00716489 0.007405 0.00779859 0.0082851 0.00966319 0.0116202 0.0111406 0.0071062 0.00529366 0.00367937 0.00254978 0.00283816 0.0033744 0.00340899 0.0034424 0.00376567 0.00355261 0.0032187 0.0033519 0.00381288 0.00431282 0.00497627 0.00606466 0.00775756 0.00928319 0.0115941 0.0147216 0.0182526 0.0222162 0.0275867 0.0305159 0.0314364 0.0339567 0.0414908 0.0555244 0.0800313 0.125808 0.162727 0.155616 0.141052 0.135125 0.138747 0.159328 0.182625 0.219295 0.263123 0.320736 0.374156 0.417952
-9999 -9999 -9999 -9999 -9999 -9999 -9999 -9999 -9999 -9999 -9999 -9999 -9999 -9999 -9999 0.00545281 0.00539893 0.00550587 0.00671947 0.00764668 0.00792235 0.0088614 0.0111877 0.01464 0.0121077 0.0071298 0.00389768 0.00237469 0.00220675 0.00258401 0.00305915 0.0031082 0.00372053 0.00353683 0.00337673 0.0031877 0.00277001 0.00286296 0.00386051 0.00504975 0.0068666 0.00863867 0.0105193 0.0124468 0.0148525 0.0185474 0.0224669 0.0270495 0.0295287 0.0309691 0.0334497 0.0396319 0.0517856 0.0757774 0.114696 0.146625 0.156267 0.147742 0.141604 0.147116 0.167258 0.191839 0.230379 0.282181 0.334904 0.392861
-9999 -9999 -9999 -9999 -9999 -9999 -9999 -9999 -9999 -9999 -9999 -9999 -9999 -9999 -9999 0.00190585 0.00133923 0.00201624 0.00268169 0.00401016 0.00502603 0.00579897 0.00758845 0.0119955 0.0147863 0.0106034 0.00665371 0.0035943 0.00198169 0.00147895 0.00120044 0.00112962 0.00130367 0.00148009 0.00174134 0.00228056 0.00239104 0.00264661 0.00367138 0.00564225 0.00745775 0.00971034 0.010508 0.0116519 0.0130433 0.0148769 0.0168294 0.0199779 0.0240196 0.0284936 0.0313488 0.0349885 0.0424898 0.0524969 0.0721966 0.10218 0.129107 0.144928 0.143844 0.146386 0.159051 0.17992 0.210562 0.245975 0.296479 0.347564
-9999 -9999 -9999 -9999 -9999 -9999 -9999 -9999 -9999 -9999 -9999 -9999 -9999 -9999 -9999 -9999 5.19731e-05 0.000490078 0.000563546 0.000735002 0.00118564 0.00196335 0.00291822 0.00604259 0.0112001 0.0130121 0.0104215 0.00613766 0.00300753 0.00193726 0.00143331 0.00121894 0.00114381 0.0011916 0.00126951 0.00177685 0.00319758 0.00521159 0.00823888 0.0118145 0.0138896 0.0152031 0.016385 0.0157941 0.0147173 0.0139923 0.0146057 0.0162312 0.0180916 0.0214084 0.0277221 0.0326228 0.0346512 0.0378572 0.0450712 0.062961 0.0865002 0.113489 0.133982 0.143288 0.154899 0.178016 0.197817 0.228845 0.263291 0.304463
-9999 -9999 -9999 -9999 -9999 -9999 -9999 -9999 -9999 -9999 -9999 -9999 -9999 -9999 -9999 -9999 -9999 3.73149e-05 0.000149697 0.00027953 0.00044841 0.000664421 0.00091271 0.00209472 0.0055441 0.011862 0.0134362 0.00999588 0.00560437 0.00342722 0.00270952 0.00213943 0.00207235 0.00238863 0.00353683 0.00614821 0.0101157 0.0154036 0.0180991 0.0174833 0.0141288 0.0130288 0.0133022 0.0127039 0.0139061 0.0138664 0.0129042 0.0134238 0.0137942 0.0150992 0.0169853 0.0217346 0.023707 0.0256023 0.0304356 0.0421858 0.0589096 0.0831601 0.112449 0.136193 0.152353 0.166913 0.189224 0.212569 0.240056 0.281419
-9999 -9999 -9999 -9999 -9999 -9999 -9999 -9999 -9999 -9999 -9999 -9999 -9999 -9999 -9999 -9999 -9999 -3.14626e-06 5.83726e-05 0.000272665 0.000433555 0.000564967 0.000756616 0.00108728 0.00184684 0.00527878 0.0102093 0.0139516 0.0110642 0.00787575 0.00663645 0.00658528 0.00621492 0.00774266 0.0117432 0.0161013 0.019056 0.0158303 0.00981877 0.00512834 0.00324409 0.00253945 0.00181066 0.00263476 0.00314406 0.00329871 0.00429837 0.00520076 0.00619727 0.00718094 0.00785279 0.0102441 0.0146986 0.0198073 0.0255215 0.0328345 0.0440647 0.0616882 0.0860645 0.115828 0.140644 0.157151 0.173585 0.192728 0.222595 0.257476
-9999 -9999 -9999 -9999 -9999 -9999 -9999 -9999 -9999 -9999 -9999 -9999 -9999 -9999 -9999 -9999 -9999 -9999 2.43713e-05 0.000155103 0.000357222 0.000498223 0.000713929 0.000983984 0.00130146 0.00214941 0.00424057 0.00916085 0.0136226 0.0131147 0.0126209 0.0129952 0.0146068 0.016261 0.0159744 0.0120429 0.00602465 0.00179804 6.56994e-05 0.000454312 0.000761852 0.000838469 0.0009646 0.00103393 0.00125442 0.00144923 0.00190363 0.00240666 0.00329691 0.00441778 0.00571523 0.00758958 0.0105043 0.0150732 0.0204895 0.0255268 0.0340326 0.0456165 0.0624876 0.0849381 0.114344 0.141924 0.164379 0.183485 0.202861 0.2327
-9999 -9999 -9999 -9999 -9999 -9999 -9999 -9999 -9999 -9999 -9999 -9999 -9999 -9999 -9999 -9999 -9999 -9999 8.69562e-05 3.52962e-05 0.000130114 0.000273223 0.000445809 0.00074359 0.00111421 0.00141705 0.00193437 0.00319395 0.00553784 0.00782567 0.00899766 0.0103304 0.00992269 0.00873421 0.00489327 0.000999886 0.000234165 0.000470555 0.00042108 0.000586656 0.000693426 0.000787115 0.000912262 0.00106317 0.001222 0.00136442 0.00170295 0.00226271 0.00286094 0.00374348 0.00485951 0.00604767 0.00736201 0.00968126 0.0133824 0.017779 0.0236544 0.0324402 0.0447352 0.0614701 0.0862371 0.117904 0.151941 0.177 0.195214 0.217678
-9999 -9999 -9999 -9999 -9999 -9999 -9999 -9999 -9999 -9999 -9999 -9999 -9999 -9999 -9999 -9999 -9999 -9999 -9999 9.68871e-06 2.85095e-05 6.97758e-05 0.000170478 0.000347789 0.000644374 0.000909007 0.00102346 0.00134747 0.00198763 0.00280725 0.00298306 0.00280272 0.00136155 0.000479511 -0.000940521 -0.000184117 0.000131583 0.000312781 0.00038751 0.000434071 0.000520377 0.000612789 0.000713812 0.000807149 0.000921576 0.00114563 0.00143179 0.00166887 0.00190228 0.00242591 0.00329795 0.00401809 0.00495636 0.00622035 0.00821018 0.0110566 0.0148146 0.0201402 0.0284096 0.041046 0.0585343 0.0876155 0.12407 0.160271 0.187907 0.210097
-9999 -9999 -9999 -9999 -9999 -9999 -9999 -9999 -9999 -9999 -9999 -9999 -9999 -9999 -9999 -9999 -9999 -9999 -9999 6.99123e-05 7.55532e-07 1.39682e-05 2.69017e-05 5.92768e-05 0.000188227 0.000271878 0.000377048 0.00046323 0.000481552 0.000560853 0.000431068 -8.20229e-05 -9.36646e-05 1.05545e-05 1.05822e-05 1.10728e-05 2.62273e-05 9.77997e-05 0.000210902 0.000286925 0.000325055 0.000351096 0.000413804 0.000479448 0.000521902 0.000595011 0.000731354 0.000713334 0.000759937 0.000903901 0.00121944 0.00170322 0.00250894 0.00344915 0.00468956 0.00658774 0.00900672 0.0115106 0.0153807 0.0220185 0.0329244 0.0518604 0.0840451 0.124741 0.165219 0.190027
-9999 -9999 -9999 -9999 -9999 -9999 -9999 -9999 -9999 -9999 -9999 -9999 -9999 -9999 -9999 -9999 -9999 -9999 -9999 -9999 1.90193e-05 8.37405e-06 1.05467e-05 1.46563e-05 2.43492e-05 2.39307e-05 2.57424e-05 3.17252e-05 2.69907e-05 3.87965e-05 -8.01762e-06 1.14924e-05 1.06228e-05 1.03182e-05 9.97532e-06 9.97934e-06 1.0598e-05 1.47799e-05 4.22195e-05 9.39149e-05 0.000148717 0.000185096 0.000211194 0.000232765 0.000226812 0.00021043 0.000201109 0.000191647 0.000220127 0.000262449 0.000388051 0.000542531 0.000834788 0.00124748 0.0020348 0.00342966 0.00502738 0.00651295 0.00869314 0.0123597 0.0177364 0.0263853 0.0452081 0.0803924 0.129083 0.160538
-9999 -9999 -9999 -9999 -9999 -9999 -9999 -9999 -9999 -9999 -9999 -9999 -9999 -9999 -9999 -9999 -9999 -9999 -9999 -9999 4.74223e-05 1.28895e-05 1.02886e-05 1.20785e-05 1.32521e-05 1.1117e-05 1.13783e-05 1.14253e-05 8.76554e-06 1.00212e-05 1.03664e-05 1.03913e-05 1.00106e-05 9.9557e-06 1.00433e-05 1.00443e-05 9.99995e-06 1.01937e-05 1.22172e-05 1.42319e-05 3.03638e-05 4.83884e-05 4.68148e-05 4.29666e-05 3.71904e-05 3.10139e-05 3.32557e-05 4.24171e-05 6.42095e-05 0.000110177 0.000182503 0.000268708 0.00042666 0.000616809 0.000868405 0.00140863 0.00223042 0.00342572 0.00512741 0.00770537 0.0116529 0.016329 0.0242681 0.043367 0.0847614 0.136057
-9999 -9999 -9999 -9999 -9999 -9999 -9999 -9999 -9999 -9999 -9999 -9999 -9999 -9999 -9999 -9999 -9999 -9999 -9999 -9999 -9999 1.94814e-05 9.80489e-06 1.32053e-05 1.65614e-05 1.22061e-05 1.24605e-05 1.45951e-05 1.46154e-05 1.22328e-05 1.24313e-05 1.18343e-05 1.03302e-05 1.03052e-05 1.12795e-05 1.14623e-05 1.08346e-05 1.06972e-05 1.21727e-05 1.2436e-05 1.07693e-05 9.78943e-06 1.09243e-05 1.12424e-05 1.07562e-05 1.0339e-05 1.06278e-05 1.15671e-05 1.45348e-05 2.75442e-05 5.74359e-05 0.000116933 0.000216876 0.000381435 0.000519409 0.000689601 0.00111828 0.00176426 0.00269637 0.00422716 0.00710361 0.0108893 0.016865 0.0269666 0.048063 0.0915475
-9999 -9999 -9999 -9999 -9999 -9999 -9999 -9999 -9999 -9999 -9999 -9999 -9999 -9999 -9999 -9999 -9999 -9999 -9999 -9999 -9999 -9999 1.189e-05 1.15938e-05 1.70684e-05 1.31111e-05 1.26879e-05 1.50069e-05 1.7983e-05 1.69077e-05 1.49874e-05 1.30529e-05 1.1328e-05 1.02324e-05 1.09135e-05 1.26959e-05 1.34135e-05 1.30201e-05 1.37735e-05 1.3825e-05 1.28607e-05 1.10669e-05 9.98232e-06 1.00591e-05 1.05149e-05 1.02276e-05 1.09685e-05 9.99074e-06 1.06524e-05 1.15585e-05 1.39852e-05 3.50868e-05 0.000101938 0.000217915 0.000365122 0.000486488 0.000719416 0.00110495 0.00160267 0.00243505 0.00393498 0.00652324 0.0110237 0.0186523 0.0297003 0.0540418
-9999 -9999 -9999 -9999 -9999 -9999 -9999 -9999 -9999 -9999 -9999 -9999 -9999 -9999 -9999 -9999 -9999 -9999 -9999 -9999 -9999 -9999 2.56553e-05 1.04182e-05 1.51556e-05 1.27878e-05 1.2275e-05 1.51872e-05 1.80477e-05 1.76039e-05 1.56781e-05 1.21922e-05 1.05328e-05 9.96013e-06 1.00833e-05 1.16021e-05 1.31841e-05 1.4091e-05 1.27227e-05 1.29659e-05 1.4232e-05 1.35491e-05 1.11744e-05 1.02323e-05 1.05392e-05 1.08301e-05 1.21778e-05 1.10421e-05 1.01647e-05 1.04696e-05 1.0235e-05 1.35036e-05 3.62149e-05 0.000111831 0.000245282 0.000383787 0.000535656 0.000755033 0.00104888 0.0016026 0.00262766 0.00393399 0.00651737 0.0121813 0.0197339 0.0341601
-9999 -9999 -9999 -9999 -9999 -9999 -9999 -9999 -9999 -9999 -9999 -9999 -9999 -9999 -9999 -9999 -9999 -9999 -9999 -9999 -9999 -9999 -9999 1.09369e-05 1.31312e-05 1.08759e-05 1.03487e-05 1.35583e-05 1.68028e-05 1.65202e-05 1.77848e-05 1.42738e-05 1.01356e-05 9.97522e-06 1.00243e-05 1.04682e-05 1.01139e-05 1.17604e-05 1.14685e-05 1.15696e-05 1.28429e-05 1.41978e-05 1.24327e-05 1.0908e-05 9.97046e-06 1.00139e-05 1.04962e-05 1.08297e-05 9.97417e-06 9.93847e-06 9.99402e-06 1.01025e-05 1.3924e-05 3.51724e-05 0.000115916 0.000256604 0.000398075 0.000554629 0.000759689 0.00112362 0.00176696 0.00261455 0.00409921 0.00677725 0.0118797 0.0203063
-9999 -9999 -9999 -9999 -9999 -9999 -9999 -9999 -9999 -9999 -9999 -9999 -9999 -9999 -9999 -9999 -9999 -9999 -9999 -9999 -9999 -9999 -9999 1.69583e-05 1.43175e-05 1.10435e-05 9.57697e-06 1.13937e-05 1.56467e-05 1.476e-05 1.51548e-05 1.60456e-05 1.17221e-05 1.00176e-05 9.99741e-06 1.00399e-05 9.94978e-06 1.12778e-05 1.21944e-05 1.1436e-05 1.1242e-05 1.21863e-05 1.12224e-05 1.11457e-05 1.13752e-05 1.11611e-05 1.05915e-05 1.00022e-05 1.11033e-05 1.07768e-05 1.04416e-05 1.01299e-05 1.08354e-05 1.25267e-05 3.59363e-05 0.000143229 0.000282355 0.000411008 0.000557254 0.000787326 0.00109755 0.00164284 0.00269235 0.0042359 0.00643436 0.00917818
-9999 -9999 -9999 -9999 -9999 -9999 -9999 -9999 -9999 -9999 -9999 -9999 -9999 -9999 -9999 -9999 -9999 -9999 -9999 -9999 -9999 -9999 -9999 -9999 1.94979e-05 1.1414e-05 9.93341e-06 1.08359e-05 1.68385e-05 1.65597e-05 1.23942e-05 1.35093e-05 1.21376e-05 9.99795e-06 1.00004e-05 1.00124e-05 1.00003e-05 1.00729e-05 1.03418e-05 1.01134e-05 1.03103e-05 1.06757e-05 9.85605e-06 9.93701e-06 1.06901e-05 1.12374e-05 1.18578e-05 1.00698e-05 1.05577e-05 1.13271e-05 1.17176e-05 1.0611e-05 1.00087e-05 1.00553e-05 1.44652e-05 6.62136e-05 0.000195766 0.000314548 0.000420669 0.000567337 0.000776681 0.00108954 0.0016745 0.00253259 0.00376586 0.00533971
-9999 -9999 -9999 -9999 -9999 -9999 -9999 -9999 -9999 -9999 -9999 -9999 -9999 -9999 -9999 -9999 -9999 -9999 -9999 -9999 -9999 -9999 -9999 -9999 4.34741e-05 1.26783e-05 9.80081e-06 9.48873e-06 1.4796e-05 2.18551e-05 1.74296e-05 1.47789e-05 1.33238e-05 1.07296e-05 1.00543e-05 1.00058e-05 9.98182e-06 1.00129e-05 9.99885e-06 9.99406e-06 1.00113e-05 9.98054e-06 9.99834e-06 1.05593e-05 1.18002e-05 1.20025e-05 1.28316e-05 1.15619e-05 1.00043e-05 1.00172e-05 1.00439e-05 1.00043e-05 9.99906e-06 9.99393e-06 1.05728e-05 2.39739e-05 0.00010086 0.000216619 0.000329429 0.000439655 0.000627725 0.00086061 0.0011835 0.00163996 0.00237764 0.00347895
-9999 -9999 -9999 -9999 -9999 -9999 -9999 -9999 -9999 -9999 -9999 -9999 -9999 -9999 -9999 -9999 -9999 -9999 -9999 -9999 -9999 -9999 -9999 -9999 -9999 2.02785e-05 9.9874e-06 1.01172e-05 1.22346e-05 1.86976e-05 1.9124e-05 1.84905e-05 1.88818e-05 1.55335e-05 1.12104e-05 1.00016e-05 1.00101e-05 1.03719e-05 9.99496e-06 9.99996e-06 9.99902e-06 9.99124e-06 9.95639e-06 1.05871e-05 1.14703e-05 1.18563e-05 1.15556e-05 1.16206e-05 1.02116e-05 9.96948e-06 1.01151e-05 1.00018e-05 9.99339e-06 1.00714e-05 1.00023e-05 1.20846e-05 2.91245e-05 9.11827e-05 0.000196602 0.000321252 0.000433327 0.000611186 0.000831877 0.00117068 0.0015908 0.00239333
-9999 -9999 -9999 -9999 -9999 -9999 -9999 -9999 -9999 -9999 -9999 -9999 -9999 -9999 -9999 -9999 -9999 -9999 -9999 -9999 -9999 -9999 -9999 -9999 -9999 5.79313e-05 7.06909e-06 1.01386e-05 1.30669e-05 1.52171e-05 1.40162e-05 1.448e-05 1.72957e-05 1.73984e-05 1.21109e-05 9.96728e-06 9.99699e-06 9.99802e-06 1.00013e-05 9.99477e-06 1e-05 1.01325e-05 1.03583e-05 1.0005e-05 1.01466e-05 1.00937e-05 1.00256e-05 9.96343e-06 9.99891e-06 9.99816e-06 1.00308e-05 1.00415e-05 1e-05 1.00006e-05 1.00008e-05 1.00745e-05 1.16694e-05 1.99369e-05 5.14361e-05 0.00013068 0.000221719 0.000337187 0.000477686 0.000755757 0.00107244 0.00160945
-9999 -9999 -9999 -9999 -9999 -9999 -9999 -9999 -9999 -9999 -9999 -9999 -9999 -9999 -9999 -9999 -9999 -9999 -9999 -9999 -9999 -9999 -9999 -9999 -9999 -9999 1.53339e-05 9.95681e-06 1.18564e-05 1.45609e-05 1.17597e-05 1.02097e-05 1.18269e-05 1.43577e-05 1.34339e-05 1.04299e-05 9.97877e-06 9.99877e-06 9.9987e-06 9.98132e-06 1.00066e-05 1.00039e-05 1.05864e-05 1.01695e-05 1.00162e-05 9.99956e-06 1.00007e-05 1.02468e-05 1.09244e-05 1.00278e-05 9.96792e-06 1.0001e-05 9.99858e-06 9.99921e-06 9.99944e-06 9.9998e-06 9.97429e-06 1.01825e-05 1.24429e-05 2.56019e-05 6.06509e-05 0.000121227 0.000202613 0.000345296 0.000588391 0.000914689
-9999 -9999 -9999 -9999 -9999 -9999 -9999 -9999 -9999 -9999 -9999 -9999 -9999 -9999 -9999 -9999 -9999 -9999 -9999 -9999 -9999 -9999 -9999 -9999 -9999 -9999 -9999 9.64292e-06 1.18051e-05 1.24244e-05 1.1476e-05 9.93506e-06 1.00611e-05 1.08725e-05 1.24972e-05 1.24378e-05 1.11223e-05 1.06116e-05 1.07344e-05 1.10115e-05 9.99348e-06 1.00007e-05 1.00013e-05 1.02776e-05 1.00368e-05 1.00037e-05 9.99907e-06 1.0062e-05 1.1946e-05 1.30717e-05 1.15276e-05 9.98023e-06 9.99733e-06 1.00001e-05 9.99153e-06 9.99919e-06 1.04026e-05 1.10376e-05 1.05053e-05 1.04378e-05 1.4166e-05 2.81722e-05 6.6225e-05 0.000130868 0.000233033 0.000379232
-9999 -9999 -9999 -9999 -9999 -9999 -9999 -9999 -9999 -9999 -9999 -9999 -9999 -9999 -9999 -9999 -9999 -9999 -9999 -9999 -9999 -9999 -9999 -9999 -9999 -9999 -9999 1.39395e-05 1.24612e-05 1.24761e-05 1.11057e-05 9.96412e-06 9.79804e-06 1.00498e-05 1.05566e-05 1.18003e-05 1.27928e-05 1.19294e-05 1.14271e-05 1.07783e-05 1.01599e-05 1.02795e-05 1.00034e-05 1.02477e-05 9.99951e-06 9.98002e-06 9.90015e-06 1.0001e-05 9.99225e-06 1.05033e-05 1.22362e-05 1.19754e-05 1.01159e-05 1.01939e-05 1.02537e-05 1.0039e-05 9.99328e-06 1.13238e-05 1.16105e-05 1.05045e-05 1.00129e-05 1.08199e-05 1.43482e-05 3.47531e-05 6.43914e-05 0.000115314
-9999 -9999 -9999 -9999 -9999 -9999 -9999 -9999 -9999 -9999 -9999 -9999 -9999 -9999 -9999 -9999 -9999 -9999 -9999 -9999 -9999 -9999 -9999 -9999 -9999 -9999 -9999 -9999 1.39676e-05 1.47009e-05 1.1657e-05 1.01648e-05 1.05318e-05 1.1937e-05 1.21444e-05 1.29844e-05 1.34662e-05 1.25657e-05 1.13186e-05 1.03651e-05 1.00013e-05 1.00632e-05 9.98705e-06 9.96524e-06 1.05086e-05 1.1682e-05 1.16249e-05 1.05022e-05 1.00013e-05 9.98003e-06 1.00317e-05 1.16964e-05 1.37227e-05 1.32908e-05 1.23095e-05 1.08807e-05 9.97587e-06 1.00231e-05 1.07835e-05 1.04622e-05 9.90447e-06 1.01674e-05 9.83766e-06 1.05224e-05 1.3488e-05 2.79798e-05
