data/RealTopo/Outputs_RealTopo/relWog_02RealTopo_null_avaflow_pfv.asc
ncols 491
nrows 556
xllcenter 167450.00
yllcenter 361950.00
cellsize 5.00
NODATA_value -9999.000
[rows 408 to 441 of 556, columns 228 to 303 of 491]
3.007 3.037 3.074 3.056 3.102 3.264 3.414 3.621 3.921 4.265 4.711 5.102 5.556 6.215 7.096 8.174 9.324 10.292 11.038 11.910 12.788 13.370 13.902 14.424 14.969 15.700 16.346 16.961 17.629 18.216 18.844 19.512 20.211 21.047 21.774 22.318 22.623 22.920 23.280 23.937 24.731 25.411 25.848 26.197 26.442 26.643 27.101 27.553 27.817 28.067 28.296 28.601 28.874 29.176 29.669 29.637 29.769 30.083 30.396 30.265 29.740 29.318 29.121 28.993 29.110 29.045 29.002 29.148 29.270 29.631 29.968 29.837 30.064 30.281 30.339 30.036
2.864 2.978 2.928 2.903 2.987 3.099 3.270 3.442 3.636 3.870 4.099 4.333 4.700 5.305 5.987 6.880 7.889 8.921 9.930 11.127 12.129 12.802 13.188 13.622 14.327 15.148 15.825 16.531 17.215 17.865 18.547 19.366 20.262 21.037 21.762 22.407 22.809 23.236 23.669 24.321 24.907 25.364 25.865 26.277 26.571 26.836 27.185 27.536 27.781 27.922 28.130 28.492 28.955 29.361 29.558 29.708 29.772 29.788 29.705 29.414 28.858 28.332 28.126 28.316 28.506 28.468 28.532 28.594 28.612 28.866 29.497 29.526 29.563 29.883 30.118 30.163
2.702 2.746 2.734 2.881 2.988 3.101 3.254 3.312 3.390 3.386 3.428 3.640 4.057 4.661 5.286 5.851 6.579 7.513 8.640 9.848 10.940 11.615 12.050 12.596 13.475 14.484 15.267 16.010 16.798 17.607 18.462 19.347 20.082 20.685 21.319 21.991 22.541 23.139 23.886 24.532 24.954 25.293 25.742 26.140 26.363 26.601 26.852 27.194 27.519 27.830 28.145 28.555 29.014 29.231 29.395 29.436 29.506 29.502 29.308 28.690 28.291 28.076 27.837 27.655 27.410 27.276 27.343 27.494 27.738 28.092 28.727 29.197 29.259 29.458 29.646 29.895
2.483 2.614 2.792 2.956 3.050 3.145 3.167 3.221 3.120 3.002 3.004 3.234 3.637 4.088 4.610 5.070 5.554 6.313 7.318 8.348 9.284 9.940 10.462 11.284 12.504 13.619 14.647 15.596 16.509 17.417 18.389 19.185 19.764 20.378 21.067 21.763 22.282 23.041 23.949 24.466 24.841 25.381 25.790 25.991 26.180 26.338 26.472 26.841 27.174 27.540 28.083 28.516 28.782 29.016 29.067 29.003 28.932 28.658 28.480 28.189 27.928 28.028 27.847 27.399 27.034 26.727 26.515 26.440 26.588 27.028 27.767 28.596 28.981 29.172 29.347 29.525
2.517 2.674 2.845 2.933 2.989 3.035 3.046 2.958 2.831 2.899 3.022 3.206 3.497 3.821 4.148 4.526 4.976 5.522 6.232 7.026 7.757 8.443 9.030 10.130 11.541 12.869 14.073 15.220 16.227 17.127 17.953 18.699 19.464 20.276 21.081 21.739 22.337 23.046 23.834 24.329 24.633 25.202 25.699 25.973 26.146 26.280 26.482 26.757 26.954 27.174 27.577 28.090 28.486 28.694 28.658 28.451 28.197 27.875 27.666 27.618 27.537 27.540 27.476 27.180 26.830 26.534 26.318 26.254 26.327 26.552 26.994 27.630 28.317 28.816 28.995 28.971
2.374 2.544 2.688 2.790 2.769 2.661 2.603 2.747 2.943 3.121 3.200 3.263 3.436 3.674 3.940 4.205 4.524 4.920 5.418 5.979 6.531 7.125 8.193 9.497 10.869 12.296 13.545 14.638 15.628 16.523 17.243 18.044 19.090 20.118 20.988 21.652 22.303 22.799 23.437 24.193 24.628 24.929 25.422 25.889 26.193 26.359 26.502 26.627 26.797 26.984 27.159 27.443 27.744 28.004 28.126 27.948 27.718 27.609 27.507 27.322 27.236 27.018 26.864 26.725 26.522 26.296 26.099 26.044 26.259 26.492 26.699 27.054 27.698 28.256 28.381 28.356
2.208 2.302 2.381 2.398 2.370 2.442 2.653 2.862 3.014 3.164 3.276 3.320 3.366 3.477 3.692 3.927 4.160 4.415 4.771 5.206 5.686 6.420 7.483 8.731 9.929 11.210 12.500 13.664 14.695 15.670 16.532 17.560 18.668 19.754 20.667 21.468 22.155 22.610 23.137 23.899 24.460 24.785 25.162 25.501 25.901 26.264 26.418 26.569 26.841 26.979 26.989 27.049 27.102 27.101 27.157 27.314 27.411 27.505 27.432 27.189 26.981 26.700 26.442 26.365 26.238 26.076 25.924 25.933 26.113 26.276 26.535 26.855 27.246 27.679 27.704 27.742
2.048 2.157 2.268 2.386 2.500 2.545 2.642 2.859 3.059 3.192 3.253 3.311 3.291 3.296 3.379 3.604 3.840 4.060 4.321 4.704 5.158 5.730 6.492 7.538 8.700 9.854 11.020 12.213 13.393 14.538 15.866 17.138 18.236 19.279 20.263 21.119 21.856 22.480 23.064 23.614 24.172 24.736 25.035 25.233 25.543 26.059 26.317 26.486 26.718 26.912 26.899 26.799 26.816 26.848 26.889 26.962 27.047 27.136 27.150 26.954 26.782 26.595 26.424 26.368 26.303 26.115 26.117 26.116 26.004 26.042 26.238 26.531 26.892 27.229 27.269 27.132
1.959 2.075 2.168 2.286 2.442 2.563 2.668 2.797 2.943 3.059 3.082 3.070 3.001 3.006 3.143 3.378 3.593 3.759 3.947 4.220 4.575 5.000 5.554 6.243 7.166 8.280 9.401 10.415 11.717 13.334 15.012 16.365 17.569 18.773 19.828 20.700 21.507 22.229 22.826 23.399 24.005 24.572 24.856 25.101 25.473 25.875 26.176 26.326 26.474 26.658 26.680 26.605 26.658 26.770 26.797 26.741 26.753 26.756 26.705 26.655 26.602 26.565 26.487 26.345 26.243 26.209 26.205 26.117 25.994 25.840 25.838 26.107 26.482 26.793 26.946 27.001
1.794 1.970 2.070 2.189 2.343 2.481 2.582 2.599 2.611 2.587 2.526 2.429 2.354 2.381 2.523 2.723 2.869 2.981 3.191 3.483 3.760 4.072 4.525 5.062 5.787 6.784 7.860 9.075 10.307 11.840 13.511 15.129 16.572 17.919 19.038 20.132 21.105 21.806 22.474 23.163 23.787 24.242 24.587 24.882 25.295 25.587 25.888 26.077 26.210 26.279 26.346 26.374 26.479 26.603 26.519 26.459 26.448 26.451 26.361 26.384 26.434 26.399 26.310 26.112 25.945 26.059 26.192 26.059 25.824 25.624 25.515 25.564 25.825 26.068 26.350 26.815
1.516 1.745 1.894 1.999 2.112 2.189 2.183 2.100 2.002 1.896 1.790 1.719 1.697 1.733 1.859 1.993 2.090 2.261 2.531 2.811 3.076 3.400 3.774 4.203 4.737 5.485 6.464 7.654 9.007 10.355 11.761 13.423 15.146 16.719 18.045 19.288 20.459 21.367 22.097 22.743 23.390 24.003 24.418 24.704 25.074 25.408 25.564 25.686 26.063 26.093 26.097 26.140 26.241 26.315 26.352 26.420 26.389 26.290 26.166 26.133 26.165 26.058 25.848 25.653 25.559 25.724 25.930 25.907 25.680 25.432 25.293 25.256 25.256 25.311 25.568 26.169
1.163 1.371 1.525 1.631 1.708 1.736 1.682 1.550 1.493 0.000 0.000 0.000 0.000 0.000 1.424 1.459 1.563 1.787 2.089 2.349 2.598 2.908 3.220 3.546 3.964 4.473 5.225 6.265 7.601 9.078 10.502 11.821 13.529 15.304 17.027 18.519 19.800 20.886 21.610 22.227 22.854 23.552 24.168 24.556 24.869 25.102 25.328 25.643 26.181 26.175 26.015 26.014 26.023 26.003 26.135 26.297 26.308 26.089 25.864 25.791 25.715 25.550 25.349 25.225 25.183 25.354 25.632 25.699 25.570 25.380 25.227 25.157 25.050 24.975 25.040 25.271
0.000 0.000 0.000 0.000 0.000 0.000 0.000 0.000 0.000 0.000 0.000 0.000 0.000 0.000 0.000 0.000 0.000 1.476 1.710 1.941 2.191 2.462 2.729 3.017 3.334 3.706 4.258 5.130 6.266 7.719 9.365 10.859 12.319 13.940 15.744 17.612 19.066 20.049 20.949 21.738 22.328 22.947 23.617 24.171 24.561 24.853 25.138 25.721 26.265 26.208 25.941 25.943 26.001 25.845 25.705 25.639 25.617 25.535 25.241 25.102 25.067 24.932 24.775 24.724 24.857 25.146 25.351 25.477 25.468 25.321 25.146 25.028 24.959 24.875 24.831 24.890
0.000 0.000 0.000 0.000 0.000 0.000 0.000 0.000 0.000 0.000 0.000 0.000 0.000 0.000 0.000 0.000 0.000 0.000 0.000 1.539 1.754 2.010 2.261 2.518 2.767 3.111 3.631 4.259 5.105 6.298 7.930 9.684 11.184 12.593 14.213 16.081 17.821 19.097 20.166 21.261 21.953 22.603 23.286 23.743 24.193 24.751 25.266 25.783 25.962 25.997 25.732 25.649 25.866 25.523 25.063 24.618 24.369 24.071 24.116 24.099 24.110 24.076 24.041 24.169 24.557 24.939 25.154 25.284 25.319 25.205 24.995 24.838 24.787 24.795 24.776 24.828
0.000 0.000 0.000 0.000 0.000 0.000 0.000 0.000 0.000 0.000 0.000 0.000 0.000 0.000 0.000 0.000 0.000 0.000 0.000 0.000 1.420 1.589 1.805 2.037 2.296 2.645 3.099 3.599 4.197 5.038 6.387 8.043 9.738 11.201 12.726 14.453 16.285 18.141 19.528 20.696 21.667 22.440 23.016 23.427 23.928 24.426 24.896 25.341 25.536 25.224 25.014 25.020 25.138 24.564 23.999 23.587 23.173 22.722 22.741 22.981 23.155 23.235 23.349 23.678 24.065 24.512 24.858 24.988 24.972 24.910 24.849 24.716 24.585 24.594 24.652 24.874
0.000 0.000 0.000 0.000 0.000 0.000 0.000 0.000 0.000 0.000 0.000 0.000 0.000 0.000 0.000 0.000 0.000 0.000 0.000 0.000 0.000 0.000 1.410 1.622 1.910 2.229 2.571 2.992 3.492 4.097 4.999 6.378 8.006 9.693 11.345 13.091 15.044 17.073 18.721 19.936 21.029 21.880 22.525 23.017 23.531 23.970 24.311 24.591 24.481 24.250 24.140 24.089 23.834 23.111 22.558 22.347 22.119 21.828 21.855 22.116 22.384 22.572 22.768 23.103 23.474 23.880 24.310 24.523 24.592 24.602 24.595 24.574 24.497 24.405 24.523 24.690
0.000 0.000 0.000 0.000 0.000 0.000 0.000 0.000 0.000 0.000 0.000 0.000 0.000 0.000 0.000 0.000 0.000 0.000 0.000 0.000 0.000 0.000 0.000 1.335 1.530 1.794 2.080 2.438 2.889 3.336 3.906 4.850 6.246 7.910 9.778 11.607 13.536 15.448 17.247 18.793 19.932 20.901 21.660 22.240 22.856 23.420 23.732 23.828 23.774 23.696 23.602 23.405 22.997 22.391 21.834 21.613 21.559 21.438 21.407 21.506 21.619 21.885 22.150 22.642 23.071 23.434 23.769 24.016 24.229 24.361 24.367 24.364 24.554 24.543 24.485 24.527
0.000 0.000 0.000 0.000 0.000 0.000 0.000 0.000 0.000 0.000 0.000 0.000 0.000 0.000 0.000 0.000 0.000 0.000 0.000 0.000 0.000 0.000 0.000 0.000 0.000 1.420 1.682 1.997 2.322 2.667 3.083 3.671 4.660 6.117 7.890 9.815 11.685 13.568 15.360 16.982 18.336 19.370 20.326 21.201 21.947 22.536 23.012 23.256 23.307 23.314 23.125 22.800 22.493 22.145 21.818 21.677 21.506 21.245 21.048 21.000 20.999 21.232 21.586 22.141 22.627 22.974 23.250 23.533 23.827 24.029 24.080 24.135 24.318 24.488 24.467 24.439
0.000 0.000 0.000 0.000 0.000 0.000 0.000 0.000 0.000 0.000 0.000 0.000 0.000 0.000 0.000 0.000 0.000 0.000 0.000 0.000 0.000 0.000 0.000 0.000 0.000 0.000 1.348 1.591 1.858 2.125 2.495 2.925 3.449 4.510 6.026 7.835 9.746 11.574 13.198 14.580 16.034 17.576 19.012 20.182 21.090 21.723 22.130 22.486 22.686 22.702 22.560 22.402 22.220 21.984 21.805 21.725 21.453 20.992 20.764 20.649 20.586 20.647 20.936 21.445 21.952 22.273 22.625 23.081 23.431 23.713 23.823 23.849 23.919 24.148 24.255 24.326
0.000 0.000 0.000 0.000 0.000 0.000 0.000 0.000 0.000 0.000 0.000 0.000 0.000 0.000 0.000 0.000 0.000 0.000 0.000 0.000 0.000 0.000 0.000 0.000 0.000 0.000 0.000 1.257 1.471 1.730 2.024 2.362 2.758 3.364 4.472 5.965 7.671 9.468 11.067 12.447 14.031 15.754 17.398 18.889 20.023 20.729 21.240 21.707 21.971 22.048 22.092 22.122 21.998 21.778 21.530 21.390 21.131 20.937 20.659 20.378 20.164 20.011 20.042 20.377 20.929 21.563 22.314 22.663 22.962 23.359 23.790 23.904 23.891 24.089 24.331 24.505
0.000 0.000 0.000 0.000 0.000 0.000 0.000 0.000 0.000 0.000 0.000 0.000 0.000 0.000 0.000 0.000 0.000 0.000 0.000 0.000 0.000 0.000 0.000 0.000 0.000 0.000 0.000 0.000 1.182 1.372 1.611 1.889 2.293 2.788 3.374 4.396 5.750 7.333 8.991 10.575 12.159 13.985 15.729 17.135 18.479 19.600 20.378 20.948 21.431 21.750 21.776 21.734 21.597 21.416 21.137 20.967 20.875 20.659 20.237 19.779 19.341 19.087 19.153 19.493 20.155 21.261 22.172 22.435 22.501 22.732 23.180 23.500 23.564 23.579 23.821 24.114
0.000 0.000 0.000 0.000 0.000 0.000 0.000 0.000 0.000 0.000 0.000 0.000 0.000 0.000 0.000 0.000 0.000 0.000 0.000 0.000 0.000 0.000 0.000 0.000 0.000 0.000 0.000 0.000 0.000 1.111 1.275 1.556 1.922 2.321 2.784 3.302 4.159 5.452 6.969 8.727 10.429 12.316 14.228 15.754 16.941 18.125 19.390 20.174 20.807 21.364 21.486 21.250 21.084 20.955 20.743 20.558 20.284 19.756 19.270 18.915 18.578 18.501 18.819 19.349 19.906 20.372 21.252 21.856 21.906 21.985 22.165 22.414 22.611 22.924 23.054 23.513
0.000 0.000 0.000 0.000 0.000 0.000 0.000 0.000 0.000 0.000 0.000 0.000 0.000 0.000 0.000 0.000 0.000 0.000 0.000 0.000 0.000 0.000 0.000 0.000 0.000 0.000 0.000 0.000 0.000 0.000 1.118 1.300 1.597 1.930 2.298 2.683 3.129 3.911 5.148 6.684 8.525 10.459 12.377 14.200 15.673 17.119 18.303 19.347 20.014 20.514 20.667 20.541 20.466 20.356 20.060 19.957 19.514 18.961 18.666 18.563 18.557 18.591 18.608 18.826 19.241 19.659 19.971 20.594 21.175 21.494 21.897 22.725 23.669 24.479 24.660 24.925
0.000 0.000 0.000 0.000 0.000 0.000 0.000 0.000 0.000 0.000 0.000 0.000 0.000 0.000 0.000 0.000 0.000 0.000 0.000 0.000 0.000 0.000 0.000 0.000 0.000 0.000 0.000 0.000 0.000 0.000 0.000 0.000 1.306 1.585 1.882 2.177 2.533 2.990 3.693 4.869 6.461 8.332 10.377 12.284 14.217 15.793 16.997 18.046 18.839 19.232 19.442 19.599 19.593 19.419 19.095 19.124 18.875 18.670 18.978 18.931 18.650 18.484 18.204 18.127 18.389 19.210 20.124 21.211 21.967 22.635 23.463 24.478 25.174 25.876 26.012 25.854
0.000 0.000 0.000 0.000 0.000 0.000 0.000 0.000 0.000 0.000 0.000 0.000 0.000 0.000 0.000 0.000 0.000 0.000 0.000 0.000 0.000 0.000 0.000 0.000 0.000 0.000 0.000 0.000 0.000 0.000 0.000 0.000 0.000 1.268 1.504 1.771 2.081 2.471 2.955 3.540 4.643 6.179 8.048 10.164 12.219 14.002 15.137 15.836 16.666 17.390 17.956 18.255 18.388 18.412 18.290 18.456 18.502 18.929 19.065 18.996 18.604 18.038 17.583 18.165 19.141 20.018 20.890 22.237 23.475 24.627 25.445 25.716 25.703 25.477 25.763 25.669
0.000 0.000 0.000 0.000 0.000 0.000 0.000 0.000 0.000 0.000 0.000 0.000 0.000 0.000 0.000 0.000 0.000 0.000 0.000 0.000 0.000 0.000 0.000 0.000 0.000 0.000 0.000 0.000 0.000 0.000 0.000 0.000 0.000 0.000 1.240 1.450 1.723 2.081 2.501 2.949 3.460 4.370 5.872 7.811 9.853 11.525 12.697 13.672 14.490 15.218 16.147 16.746 17.154 17.427 17.554 17.861 18.593 18.947 18.991 18.749 18.171 17.874 18.597 19.381 20.138 21.014 22.260 23.719 24.992 25.372 25.111 25.377 25.341 25.230 24.853 24.679
0.000 0.000 0.000 0.000 0.000 0.000 0.000 0.000 0.000 0.000 0.000 0.000 0.000 0.000 0.000 0.000 0.000 0.000 0.000 0.000 0.000 0.000 0.000 0.000 0.000 0.000 0.000 0.000 0.000 0.000 0.000 0.000 0.000 0.000 0.000 1.245 1.403 1.707 2.084 2.482 2.879 3.353 4.110 5.550 7.269 8.846 10.154 11.359 12.492 13.464 14.274 15.116 15.880 16.417 16.871 17.709 18.353 18.672 18.717 18.297 18.163 19.104 19.925 20.652 21.401 22.838 23.848 24.405 24.777 25.048 24.929 24.551 24.380 24.291 24.291 24.450
0.000 0.000 0.000 0.000 0.000 0.000 0.000 0.000 0.000 0.000 0.000 0.000 0.000 0.000 0.000 0.000 0.000 0.000 0.000 0.000 0.000 0.000 0.000 0.000 0.000 0.000 0.000 0.000 0.000 0.000 0.000 0.000 0.000 0.000 0.000 0.000 0.000 1.370 1.685 2.037 2.402 2.804 3.253 3.788 4.959 6.262 7.608 8.906 10.179 11.382 12.505 13.481 14.374 15.337 16.305 17.233 17.834 18.085 18.052 17.861 19.035 20.296 21.211 22.081 22.973 23.827 23.965 24.049 24.316 24.353 24.158 24.346 24.421 24.403 24.441 24.653
0.000 0.000 0.000 0.000 0.000 0.000 0.000 0.000 0.000 0.000 0.000 0.000 0.000 0.000 0.000 0.000 0.000 0.000 0.000 0.000 0.000 0.000 0.000 0.000 0.000 0.000 0.000 0.000 0.000 0.000 0.000 0.000 0.000 0.000 0.000 0.000 0.000 0.000 1.349 1.614 1.955 2.305 2.674 3.065 3.449 4.133 5.244 6.488 7.795 9.120 10.382 11.640 12.942 14.172 15.238 16.236 16.881 17.100 17.145 18.407 19.978 21.357 22.350 23.095 23.380 23.298 23.706 23.688 23.780 24.157 24.187 24.219 24.326 24.401 24.428 24.632
0.000 0.000 0.000 0.000 0.000 0.000 0.000 0.000 0.000 0.000 0.000 0.000 0.000 0.000 0.000 0.000 0.000 0.000 0.000 0.000 0.000 0.000 0.000 0.000 0.000 0.000 0.000 0.000 0.000 0.000 0.000 0.000 0.000 0.000 0.000 0.000 0.000 0.000 0.000 1.333 1.537 1.822 2.148 2.475 2.781 3.113 3.533 4.390 5.554 6.840 8.163 9.609 11.142 12.581 13.791 14.714 15.261 15.853 17.374 19.155 20.911 21.892 22.243 22.659 23.083 22.978 22.618 22.723 23.206 23.736 24.014 23.996 23.987 24.089 24.296 24.485
0.000 0.000 0.000 0.000 0.000 0.000 0.000 0.000 0.000 0.000 0.000 0.000 0.000 0.000 0.000 0.000 0.000 0.000 0.000 0.000 0.000 0.000 0.000 0.000 0.000 0.000 0.000 0.000 0.000 0.000 0.000 0.000 0.000 0.000 0.000 0.000 0.000 0.000 0.000 0.000 1.278 1.408 1.689 1.982 2.267 2.560 2.897 3.325 3.913 4.679 5.861 7.332 8.976 10.600 12.059 13.122 14.196 15.859 17.868 19.681 20.951 21.392 21.807 22.015 22.212 22.066 21.990 22.216 22.645 23.261 23.665 23.732 23.865 24.026 24.235 24.378
0.000 0.000 0.000 0.000 0.000 0.000 0.000 0.000 0.000 0.000 0.000 0.000 0.000 0.000 0.000 0.000 0.000 0.000 0.000 0.000 0.000 0.000 0.000 0.000 0.000 0.000 0.000 0.000 0.000 0.000 0.000 0.000 0.000 0.000 0.000 0.000 0.000 0.000 0.000 0.000 0.000 0.000 1.317 1.544 1.802 2.062 2.350 2.670 3.061 3.635 4.517 5.725 7.174 8.823 10.416 11.698 13.547 15.852 18.050 19.636 20.282 20.824 20.993 21.110 21.522 21.767 21.871 22.204 22.509 23.163 23.944 23.938 23.904 24.080 24.339 24.419
0.000 0.000 0.000 0.000 0.000 0.000 0.000 0.000 0.000 0.000 0.000 0.000 0.000 0.000 0.000 0.000 0.000 0.000 0.000 0.000 0.000 0.000 0.000 0.000 0.000 0.000 0.000 0.000 0.000 0.000 0.000 0.000 0.000 0.000 0.000 0.000 0.000 0.000 0.000 0.000 0.000 0.000 0.000 1.217 1.379 1.581 1.802 2.085 2.433 2.900 3.561 4.521 5.825 7.401 8.990 10.556 12.681 15.394 17.566 18.820 19.669 20.159 20.714 21.062 21.357 21.551 21.745 22.212 22.653 23.036 23.598 23.951 23.925 24.217 24.475 24.431
0.000 0.000 0.000 0.000 0.000 0.000 0.000 0.000 0.000 0.000 0.000 0.000 0.000 0.000 0.000 0.000 0.000 0.000 0.000 0.000 0.000 0.000 0.000 0.000 0.000 0.000 0.000 0.000 0.000 0.000 0.000 0.000 0.000 0.000 0.000 0.000 0.000 0.000 0.000 0.000 0.000 0.000 0.000 0.000 1.116 1.208 1.405 1.658 1.965 2.344 2.844 3.516 4.665 6.019 7.535 9.459 11.676 13.924 15.880 17.644 18.708 19.597 20.329 20.894 21.234 21.430 21.646 21.973 22.347 22.710 23.124 23.506 23.650 23.853 24.032 24.015
