data/RealTopo/Outputs_RealTopo/relWog_null_02RealTopo_faSavageHutterFoamGamma_pft.asc
ncols 490
nrows 555
xllcenter 167455
yllcenter 361955
cellsize 5
NODATA_value -9999
[rows 87 to 115 of 555, columns 201 to 267 of 490]
9.45061e-06 1.21222e-05 9.3729e-06 9.98187e-06 1.0001e-05 1.00046e-05 1.0006e-05 9.99859e-06 9.99387e-06 1.16998e-05 1.54719e-05 9.29364e-06 9.53477e-06 9.99444e-06 1.00005e-05 1.0186e-05 1.13657e-05 9.8287e-06 1.81229e-05 2.88331e-05 3.86231e-06 9.94576e-06 1.00001e-05 1.00001e-05 1.00009e-05 9.99971e-06 9.99927e-06 1.00027e-05 1.00228e-05 1.00343e-05 1.00252e-05 9.97387e-06 1.00059e-05 1.03313e-05 1.23776e-05 9.6025e-06 1.13984e-05 9.75743e-06 9.9563e-06 9.99999e-06 9.99378e-06 1.00334e-05 1.07289e-05 1.22967e-05 1.31895e-05 1.34198e-05 1.34495e-05 1.95049e-05 4.57985e-05 5.99351e-06 1.06477e-05 1.81531e-05 1.22968e-05 2.93402e-05 9.0032e-06 9.97756e-06 -9999 -9999 -9999 -9999 -9999 -9999 -9999 -9999 -9999 -9999 -9999
9.98304e-06 9.57411e-06 1.00243e-05 9.99654e-06 1.00007e-05 1.0005e-05 1.00062e-05 9.99543e-06 1.01401e-05 1.14168e-05 1.04101e-05 9.92295e-06 9.99605e-06 9.99846e-06 1.00029e-05 9.99069e-06 9.92441e-06 1.05678e-05 1.53089e-05 8.61998e-06 9.65353e-06 1.00003e-05 9.99986e-06 9.99975e-06 9.99969e-06 9.99935e-06 1.00087e-05 1.00294e-05 1.00265e-05 1.00032e-05 1.00029e-05 9.9995e-06 1.00037e-05 1.00453e-05 1.01501e-05 1.00159e-05 1.42342e-05 1.11861e-05 9.65665e-06 9.99744e-06 9.95809e-06 1.02636e-05 1.11601e-05 1.22107e-05 1.26435e-05 1.21312e-05 1.25831e-05 1.33494e-05 3.04868e-05 3.08638e-05 7.62884e-06 1.61046e-05 1.42634e-05 2.92703e-05 9.24302e-06 9.97886e-06 -9999 -9999 -9999 -9999 -9999 -9999 -9999 -9999 -9999 -9999 -9999
1.00565e-05 1.00145e-05 1.00405e-05 9.99795e-06 1.00014e-05 9.99962e-06 9.9982e-06 9.88453e-06 1.02779e-05 1.00789e-05 9.93422e-06 9.99931e-06 1.00005e-05 9.99758e-06 9.99226e-06 9.99633e-06 9.98853e-06 1.02513e-05 1.18612e-05 9.4069e-06 9.997e-06 9.9999e-06 9.99955e-06 1.00004e-05 1.00025e-05 1.00133e-05 1.00361e-05 1.00044e-05 1.00022e-05 1.00012e-05 9.99931e-06 1.00002e-05 1.00059e-05 1.00073e-05 9.99821e-06 1.1787e-05 1.65353e-05 1.15623e-05 9.5696e-06 9.98377e-06 1.0032e-05 1.05283e-05 1.06713e-05 1.10079e-05 1.08877e-05 1.08102e-05 1.15465e-05 1.16303e-05 1.48847e-05 2.1875e-05 9.26514e-06 2.13756e-05 1.45553e-05 2.68966e-05 1.03559e-05 9.93787e-06 1.3643e-05 -9999 -9999 -9999 -9999 -9999 -9999 -9999 -9999 -9999 -9999
1.00142e-05 1.00056e-05 1.00573e-05 1.00055e-05 1.00002e-05 1.00008e-05 9.96735e-06 1.11449e-05 1.11305e-05 9.89182e-06 9.99815e-06 1.00021e-05 9.99972e-06 1.00134e-05 1.00414e-05 9.98402e-06 9.98763e-06 1.02624e-05 1.44755e-05 1.1893e-05 1.00031e-05 9.99922e-06 1.00007e-05 1.00059e-05 1.00282e-05 1.00313e-05 1.00011e-05 9.9961e-06 1.00126e-05 1.00071e-05 1.00025e-05 1.00017e-05 1.00061e-05 9.9978e-06 1.0011e-05 1.04068e-05 1.02624e-05 9.08103e-06 9.97107e-06 9.97683e-06 1.0008e-05 1.0055e-05 1.01625e-05 1.04814e-05 1.07933e-05 1.11679e-05 1.04118e-05 1.00735e-05 9.8252e-06 1.18558e-05 1.02525e-05 2.36992e-05 1.53518e-05 2.56899e-05 1.05939e-05 9.96635e-06 1.0001e-05 -9999 -9999 -9999 -9999 -9999 -9999 -9999 -9999 -9999 -9999
9.99695e-06 1.00013e-05 1.00219e-05 1.00318e-05 9.99001e-06 1.00038e-05 1.01822e-05 1.13744e-05 9.40159e-06 9.99814e-06 1.00017e-05 9.99889e-06 9.99141e-06 1.00763e-05 1.01116e-05 1.00348e-05 1.0051e-05 1.06841e-05 1.70341e-05 1.25468e-05 1.00003e-05 9.99925e-06 1.0019e-05 1.00521e-05 1.00301e-05 1.0021e-05 9.99387e-06 9.99473e-06 1.06389e-05 1.01839e-05 1.00042e-05 9.99911e-06 1.00009e-05 1.00019e-05 1.00165e-05 1.00095e-05 9.9852e-06 9.98599e-06 9.99643e-06 9.96377e-06 9.99678e-06 9.9561e-06 1.03325e-05 1.08335e-05 1.1485e-05 1.0888e-05 1.04204e-05 1.01502e-05 1.06094e-05 1.47394e-05 1.17097e-05 2.48768e-05 1.65305e-05 2.28411e-05 1.52883e-05 9.7803e-06 1.00013e-05 1.0002e-05 -9999 -9999 -9999 -9999 -9999 -9999 -9999 -9999 -9999
1.00154e-05 9.99752e-06 1.00012e-05 1.00149e-05 9.99588e-06 1.01915e-05 1.04571e-05 9.86225e-06 9.99498e-06 9.9905e-06 1.00443e-05 1.01706e-05 1.0207e-05 1.08023e-05 1.00058e-05 1.1524e-05 1.2735e-05 1.61101e-05 1.65931e-05 1.00257e-05 9.99845e-06 1.00387e-05 1.01481e-05 1.00249e-05 9.99895e-06 1.00135e-05 9.98729e-06 1.00167e-05 1.4167e-05 1.43591e-05 9.5052e-06 9.99983e-06 1.00102e-05 1.00065e-05 1.00011e-05 9.9977e-06 9.99127e-06 1.00217e-05 1.02313e-05 9.99468e-06 9.98687e-06 1.00022e-05 1.05136e-05 1.16116e-05 1.1215e-05 1.08899e-05 1.0823e-05 1.0401e-05 1.0064e-05 1.09818e-05 1.19226e-05 2.16378e-05 2.61191e-05 1.81841e-05 2.21574e-05 9.28851e-06 9.9996e-06 1e-05 -9999 -9999 -9999 -9999 -9999 -9999 -9999 -9999 -9999
9.99515e-06 9.99897e-06 1.00001e-05 1.00015e-05 1.00269e-05 1.00488e-05 9.95842e-06 1.00006e-05 1.01681e-05 1.0394e-05 1.24013e-05 1.32321e-05 1.15122e-05 9.82057e-06 9.99169e-06 1.02593e-05 1.28006e-05 1.03806e-05 1.00424e-05 9.98464e-06 1.00283e-05 1.01747e-05 1.00401e-05 1.00028e-05 9.99553e-06 9.99873e-06 9.99223e-06 1.08647e-05 2.03902e-05 1.36899e-05 1.00004e-05 1.00006e-05 1.00001e-05 9.99935e-06 9.99996e-06 9.99869e-06 9.98282e-06 1.14572e-05 1.43296e-05 9.62958e-06 9.93396e-06 9.99848e-06 1.00591e-05 1.05881e-05 1.07857e-05 1.07301e-05 1.01232e-05 9.83525e-06 9.85244e-06 9.82391e-06 1.14858e-05 1.92842e-05 3.41562e-05 1.37599e-05 2.62153e-05 8.59158e-06 1.00067e-05 9.99967e-06 9.99985e-06 -9999 -9999 -9999 -9999 -9999 -9999 -9999 -9999
1.00149e-05 1.00166e-05 9.99923e-06 1.00004e-05 1.00021e-05 1.00267e-05 1.00505e-05 1.00063e-05 1.02571e-05 1.28319e-05 1.55847e-05 8.99949e-06 9.73939e-06 9.9735e-06 1.00001e-05 9.99838e-06 9.73899e-06 9.99955e-06 9.99983e-06 1.00455e-05 1.01425e-05 1.00201e-05 9.9988e-06 1.00003e-05 9.99876e-06 9.99207e-06 1.00266e-05 1.09381e-05 1.04747e-05 8.78764e-06 1.00013e-05 9.9997e-06 1.00054e-05 1.00139e-05 1.00222e-05 1.00017e-05 1.03646e-05 1.50757e-05 9.78118e-06 9.85613e-06 9.96242e-06 9.9901e-06 1.0004e-05 9.95249e-06 1.02012e-05 1.00578e-05 1.00813e-05 1.07506e-05 1.03493e-05 1.06631e-05 1.23389e-05 1.71603e-05 3.31682e-05 1.52047e-05 2.69974e-05 8.32666e-06 9.99817e-06 9.99894e-06 1.38789e-05 -9999 -9999 -9999 -9999 -9999 -9999 -9999 -9999
1.00122e-05 1.0017e-05 1.00032e-05 9.99911e-06 1.00404e-05 1.05753e-05 1.07171e-05 9.98629e-06 1.0056e-05 9.98814e-06 9.54688e-06 9.9294e-06 9.99612e-06 1.00005e-05 1.00001e-05 9.99976e-06 9.99981e-06 1.00048e-05 9.98845e-06 1.00018e-05 1.00012e-05 9.99938e-06 1.00014e-05 9.9989e-06 9.99786e-06 9.96524e-06 1.00095e-05 1.1687e-05 1.24841e-05 1.03841e-05 9.97699e-06 1.00015e-05 1.00381e-05 1.00367e-05 1.0015e-05 1.00152e-05 1.01116e-05 1.07975e-05 9.43495e-06 1.00074e-05 9.98156e-06 9.96888e-06 9.99821e-06 1.0022e-05 1.01745e-05 9.97187e-06 1.05404e-05 1.16047e-05 1.1378e-05 1.11995e-05 1.15909e-05 1.25372e-05 2.81386e-05 1.71796e-05 2.46961e-05 1.00502e-05 9.89175e-06 9.99778e-06 1.0002e-05 -9999 -9999 -9999 -9999 -9999 -9999 -9999 -9999
1.00061e-05 1.00118e-05 1.00131e-05 1.00054e-05 9.99857e-06 9.99072e-06 1.0008e-05 1.00122e-05 1.00139e-05 9.99535e-06 9.98693e-06 1.00027e-05 1.00054e-05 1.00116e-05 1.00054e-05 1.00033e-05 1.00007e-05 1.00086e-05 9.99611e-06 1.00499e-05 1.18304e-05 1.01879e-05 9.98029e-06 9.99079e-06 9.98139e-06 1.02386e-05 1.63045e-05 2.34398e-05 1.04727e-05 1.00379e-05 9.98141e-06 9.99997e-06 1.00252e-05 1.00108e-05 1.00017e-05 9.9985e-06 1.0009e-05 9.95615e-06 9.99783e-06 1.00024e-05 9.9966e-06 9.98355e-06 1.00095e-05 1.00014e-05 9.96662e-06 9.99931e-06 1.00148e-05 1.05776e-05 1.0486e-05 1.0326e-05 1.00962e-05 9.54033e-06 2.27031e-05 3.77229e-05 1.85514e-05 1.93195e-05 9.10275e-06 1.00458e-05 9.99977e-06 1.09581e-05 -9999 -9999 -9999 -9999 -9999 -9999 -9999
1.0022e-05 1.00167e-05 1.00119e-05 1.00033e-05 9.99624e-06 9.99932e-06 1.00018e-05 1.0008e-05 1.00005e-05 9.99698e-06 9.98923e-06 1.01793e-05 1.0041e-05 1.00158e-05 1.00065e-05 1.00039e-05 1.00039e-05 9.9989e-06 9.9982e-06 1.10132e-05 2.55877e-05 1.42399e-05 9.74023e-06 1.08606e-05 1.12081e-05 1.7077e-05 2.65002e-05 1.07119e-05 1.00039e-05 9.99974e-06 1.0009e-05 1.00219e-05 1.00102e-05 1.00074e-05 9.9985e-06 1.00013e-05 1.00077e-05 1.00091e-05 1.00055e-05 9.99398e-06 9.99512e-06 9.99711e-06 1.00813e-05 9.99206e-06 1.00003e-05 9.99802e-06 1.00183e-05 1.06869e-05 1.07811e-05 1.05599e-05 9.9506e-06 1.0131e-05 1.33198e-05 3.33873e-05 1.4162e-05 2.67243e-05 9.1538e-06 1.00127e-05 1.00006e-05 1.00001e-05 -9999 -9999 -9999 -9999 -9999 -9999 -9999
1.00081e-05 1.00093e-05 1.00022e-05 9.99748e-06 9.99311e-06 9.99685e-06 9.99041e-06 1.00086e-05 1.00408e-05 9.95848e-06 9.20256e-06 1.06752e-05 1.00067e-05 9.99763e-06 1.00035e-05 1.00018e-05 9.9983e-06 9.9977e-06 9.99923e-06 1.03022e-05 1.38757e-05 1.79058e-05 1.59609e-05 1.9936e-05 1.96469e-05 2.03377e-05 6.3028e-06 9.30422e-06 9.66571e-06 1.01111e-05 1.01436e-05 1.00679e-05 1.00246e-05 1.00132e-05 1.00064e-05 1.00097e-05 1.00024e-05 1.00101e-05 1.00245e-05 9.98578e-06 1.00304e-05 1.08404e-05 1.03485e-05 9.99947e-06 9.99249e-06 9.99565e-06 1.01132e-05 1.07639e-05 1.07359e-05 1.00502e-05 1.00991e-05 1.15207e-05 1.25868e-05 2.68303e-05 3.83686e-05 2.18891e-05 1.38735e-05 9.55189e-06 9.99844e-06 1.00018e-05 7.82719e-06 -9999 -9999 -9999 -9999 -9999 -9999
9.99841e-06 9.99713e-06 9.99319e-06 9.70894e-06 9.90509e-06 1.0006e-05 1.00419e-05 9.99175e-06 1.29328e-05 1.29833e-05 1.46687e-05 1.24441e-05 9.64606e-06 9.99964e-06 9.99788e-06 9.99474e-06 9.99444e-06 1.0423e-05 1.04227e-05 1.0146e-05 9.75843e-06 9.843e-06 1.32171e-05 1.09841e-05 7.98767e-06 9.1198e-06 9.80769e-06 1.1128e-05 1.52799e-05 1.33416e-05 1.16134e-05 9.84755e-06 1.00108e-05 9.99723e-06 1.0002e-05 1.00289e-05 1.00099e-05 1.00012e-05 1.00173e-05 1.01443e-05 1.0859e-05 1.29192e-05 1.00163e-05 9.99929e-06 9.97372e-06 1.00055e-05 1.00083e-05 1.02296e-05 9.97671e-06 1.09655e-05 1.08794e-05 1.13571e-05 1.20746e-05 1.87384e-05 4.30697e-05 1.35396e-05 2.55669e-05 9.09485e-06 9.43511e-06 1.00025e-05 1.01157e-05 -9999 -9999 -9999 -9999 -9999 -9999
8.99091e-06 9.67274e-06 1.00404e-05 1.18723e-05 1.09697e-05 1.00849e-05 1.00006e-05 9.99819e-06 1.01908e-05 1.91854e-05 3.77807e-05 1.34118e-05 9.12079e-06 9.99794e-06 9.98803e-06 1.00089e-05 1.16814e-05 1.78163e-05 1.43415e-05 9.52693e-06 9.98658e-06 9.99478e-06 9.63594e-06 9.73089e-06 9.99039e-06 9.99623e-06 9.77647e-06 1.34029e-05 1.36799e-05 1.0368e-05 9.49905e-06 1.00016e-05 1.00051e-05 9.99742e-06 9.99849e-06 1.0001e-05 1.0023e-05 1.00005e-05 1.00066e-05 1.0028e-05 1.00236e-05 9.78873e-06 1.00003e-05 9.99972e-06 9.99108e-06 9.99191e-06 9.98725e-06 1.01613e-05 1.13578e-05 1.15922e-05 1.01889e-05 1.0099e-05 1.03249e-05 9.88955e-06 2.10661e-05 4.34273e-05 2.10356e-05 1.55936e-05 9.77567e-06 9.08769e-06 1.13893e-05 -9999 -9999 -9999 -9999 -9999 -9999
1.95676e-05 1.54848e-05 1.06611e-05 9.92582e-06 1.08121e-05 1.24717e-05 9.66205e-06 9.99886e-06 9.99671e-06 9.35017e-06 7.94515e-06 1.14203e-05 9.84238e-06 9.99077e-06 1.10145e-05 1.34539e-05 2.07507e-05 1.78692e-05 7.66606e-06 9.98448e-06 9.99746e-06 1.00016e-05 1.00075e-05 1.0002e-05 1.00003e-05 9.98742e-06 1.00246e-05 1.28859e-05 1.15899e-05 9.68759e-06 1.00034e-05 9.99753e-06 9.99874e-06 9.9995e-06 9.98944e-06 9.99519e-06 1.02284e-05 1.00777e-05 1.00093e-05 1.00049e-05 9.9949e-06 9.99743e-06 9.99996e-06 9.99993e-06 9.99813e-06 9.96884e-06 9.99952e-06 9.98527e-06 1.02762e-05 1.01781e-05 9.76344e-06 9.99025e-06 9.93906e-06 1.06461e-05 1.05e-05 2.10261e-05 3.7177e-05 2.57312e-05 1.75348e-05 9.81246e-06 8.96622e-06 1.14561e-05 -9999 -9999 -9999 -9999 -9999
1.20803e-05 1.0113e-05 9.58876e-06 1.11145e-05 1.17371e-05 1.28355e-05 1.34836e-05 9.62489e-06 1.0004e-05 9.98876e-06 9.81699e-06 1.18384e-05 9.81081e-06 1.0973e-05 2.79772e-05 2.79249e-05 1.12218e-05 7.58834e-06 9.99635e-06 9.99991e-06 9.99474e-06 9.99457e-06 9.99307e-06 1.00005e-05 9.99539e-06 9.98624e-06 1.0147e-05 1.03765e-05 9.44892e-06 9.99141e-06 9.99795e-06 9.99917e-06 9.99928e-06 9.99576e-06 1.00009e-05 1.10255e-05 1.35461e-05 9.68724e-06 1.00032e-05 9.9971e-06 9.99955e-06 1.00001e-05 1e-05 1.00002e-05 1.00011e-05 9.98787e-06 9.9646e-06 9.99454e-06 1.00108e-05 9.91653e-06 9.99961e-06 9.9556e-06 1.04134e-05 1.22802e-05 1.42234e-05 1.05422e-05 1.97194e-05 3.865e-05 3.16682e-05 1.96039e-05 1.06545e-05 9.98065e-06 -9999 -9999 -9999 -9999 -9999
9.81564e-06 1.00193e-05 1.05231e-05 1.04021e-05 9.882e-06 1.0178e-05 1.43814e-05 1.07933e-05 9.86336e-06 9.99076e-06 1.00139e-05 1.1508e-05 9.83695e-06 1.06024e-05 1.98818e-05 2.5162e-05 7.97072e-06 9.99217e-06 9.997e-06 9.9999e-06 8.61041e-06 9.2664e-06 9.92832e-06 1.00002e-05 9.99632e-06 1.01022e-05 1.06333e-05 1.052e-05 9.96677e-06 1.00196e-05 1.00047e-05 9.99857e-06 9.99532e-06 1.00173e-05 1.08746e-05 1.3838e-05 9.04512e-06 9.98219e-06 9.99506e-06 9.99934e-06 1.00012e-05 9.99978e-06 9.99996e-06 9.99995e-06 9.99912e-06 1.00006e-05 9.99745e-06 9.98445e-06 9.99085e-06 9.99555e-06 1.00427e-05 1.0213e-05 1.05016e-05 1.28286e-05 1.70937e-05 1.36463e-05 1.04519e-05 1.90341e-05 3.77349e-05 3.73252e-05 2.5144e-05 1.50225e-05 1.09347e-05 -9999 -9999 -9999 -9999
1.08071e-05 1.11242e-05 9.98332e-06 9.96538e-06 9.99965e-06 1.01079e-05 1.23457e-05 1.68408e-05 1.02959e-05 1.02089e-05 1.00029e-05 9.9433e-06 9.98534e-06 9.98168e-06 1.01698e-05 1.75182e-05 1.25114e-05 9.45313e-06 9.9996e-06 9.8305e-06 1.22168e-05 1.79437e-05 1.32277e-05 9.66959e-06 1.0006e-05 1.00404e-05 9.97765e-06 9.95433e-06 9.9996e-06 1.00649e-05 1.00214e-05 9.9947e-06 1.01244e-05 1.09193e-05 1.32856e-05 9.20445e-06 9.97365e-06 9.99521e-06 9.99741e-06 9.99969e-06 1.00071e-05 1.00054e-05 9.99925e-06 9.99953e-06 1.00046e-05 1.00327e-05 1.00719e-05 9.92844e-06 9.99498e-06 9.99561e-06 1.00679e-05 1.02459e-05 1.00259e-05 1.11959e-05 1.84733e-05 1.23728e-05 9.49186e-06 1.04063e-05 1.30026e-05 2.22405e-05 3.12767e-05 3.85363e-05 2.5e-05 -9999 -9999 -9999 -9999
1.00214e-05 9.8973e-06 9.98193e-06 9.99415e-06 9.99645e-06 1.00003e-05 1.02696e-05 1.55899e-05 2.10712e-05 1.7742e-05 9.89151e-06 9.99581e-06 9.97136e-06 9.96688e-06 9.98134e-06 9.47259e-06 7.31478e-06 9.22304e-06 9.99739e-06 1.00178e-05 1.07182e-05 1.08262e-05 9.70934e-06 1.02516e-05 1.00717e-05 9.99152e-06 9.99883e-06 9.99698e-06 9.9987e-06 9.99666e-06 1.02225e-05 1.01559e-05 1.0211e-05 1.07538e-05 9.52202e-06 9.98608e-06 9.99715e-06 1.00011e-05 1.00001e-05 9.99997e-06 9.99929e-06 9.99904e-06 9.99976e-06 1.00066e-05 1.0035e-05 1.00576e-05 1.00105e-05 9.9696e-06 9.97578e-06 1.00025e-05 9.98644e-06 9.99983e-06 1.00034e-05 1.03858e-05 1.51582e-05 1.08661e-05 9.86024e-06 1.00025e-05 1.00087e-05 9.14296e-06 2.01911e-05 1.86345e-05 3.52479e-05 1.17762e-05 -9999 -9999 -9999
9.97464e-06 9.99491e-06 1.00001e-05 1.00013e-05 1.0001e-05 1.00002e-05 1e-05 9.65262e-06 1.22145e-05 2.99549e-05 1.57415e-05 9.6115e-06 9.993e-06 9.98342e-06 9.96537e-06 9.00597e-06 2.49423e-05 1.73182e-05 8.38202e-06 1.00073e-05 9.97408e-06 9.94759e-06 1.00106e-05 1.00448e-05 9.98733e-06 9.99903e-06 9.99863e-06 9.98466e-06 1.04032e-05 1.03326e-05 1.10081e-05 1.27118e-05 9.91148e-06 9.93063e-06 9.99088e-06 9.99665e-06 1.00003e-05 1.00023e-05 9.99992e-06 9.99871e-06 1.00004e-05 1.00071e-05 1.00165e-05 1.00353e-05 1.00316e-05 9.99524e-06 9.99652e-06 9.99654e-06 9.94154e-06 1.00108e-05 1.00264e-05 1.00257e-05 1.00217e-05 1.15418e-05 1.68218e-05 1.01024e-05 9.98829e-06 1.01323e-05 1.305e-05 7.50753e-06 9.77884e-06 2.28248e-05 1.13486e-05 3.75283e-05 -9999 -9999 -9999
1.00063e-05 1.00193e-05 1.00006e-05 1.00093e-05 1.00097e-05 1.00034e-05 1.00008e-05 9.99983e-06 9.77091e-06 8.3332e-06 1.519e-05 9.91653e-06 9.20899e-06 8.74487e-06 1.00255e-05 2.14668e-05 3.4755e-05 1.53459e-05 1.12924e-05 9.75533e-06 1.0017e-05 1.00147e-05 1.00069e-05 1.00167e-05 1.01262e-05 9.98189e-06 9.97151e-06 1.18915e-05 2.15983e-05 1.70371e-05 1.53471e-05 1.14126e-05 9.72115e-06 9.99662e-06 9.999e-06 1.00002e-05 1.00001e-05 1.00004e-05 9.99922e-06 9.99811e-06 1.00156e-05 1.00591e-05 1.00324e-05 1.00156e-05 9.99956e-06 9.99777e-06 9.99884e-06 9.99261e-06 9.90627e-06 9.98663e-06 9.97761e-06 9.9237e-06 1.00141e-05 1.33341e-05 1.16338e-05 9.23914e-06 9.82436e-06 1.18644e-05 2.71975e-05 6.22857e-06 1.00111e-05 1.45625e-05 2.34496e-05 8.93417e-06 -9999 -9999 -9999
9.99586e-06 1.0007e-05 1.00023e-05 1.00009e-05 1.00036e-05 1.00082e-05 1.00092e-05 1.00076e-05 1.00143e-05 1.00001e-05 8.53075e-06 2.41897e-05 3.43159e-05 1.97874e-05 1.84194e-05 2.245e-05 4.79795e-06 9.58599e-06 1.05613e-05 9.9095e-06 1.00185e-05 9.99984e-06 9.99822e-06 1.0001e-05 1.00192e-05 1.02092e-05 1.1372e-05 1.94584e-05 2.197e-05 1.07376e-05 8.84257e-06 9.41506e-06 9.99669e-06 1.00001e-05 1.00006e-05 1.00003e-05 1.00001e-05 1e-05 1.0004e-05 1.00219e-05 1.01104e-05 1.00259e-05 1.00036e-05 9.99598e-06 9.99883e-06 9.99307e-06 9.97072e-06 9.95764e-06 9.98989e-06 1.0003e-05 9.99895e-06 9.97233e-06 1.09164e-05 1.452e-05 1.0086e-05 1.01926e-05 9.73192e-06 1.31657e-05 3.07985e-05 1.00878e-05 9.41639e-06 1.19639e-05 2.70212e-05 1.10425e-05 1.554e-05 -9999 -9999
9.99335e-06 9.99307e-06 1.00091e-05 1.00112e-05 9.98824e-06 1.00056e-05 9.99741e-06 1e-05 1.00017e-05 1.00004e-05 1.00747e-05 1.64089e-05 1.72909e-05 1.27609e-05 1.24575e-05 8.01834e-06 9.95273e-06 9.99658e-06 9.94693e-06 9.99851e-06 9.99829e-06 9.99822e-06 1.00007e-05 1.00004e-05 9.99725e-06 1.0238e-05 1.2354e-05 1.12003e-05 7.80333e-06 9.62122e-06 9.94818e-06 9.9973e-06 9.99977e-06 1.00003e-05 1.00005e-05 9.99944e-06 1.00028e-05 1.00987e-05 1.01018e-05 1.00946e-05 1.00181e-05 9.99732e-06 9.99714e-06 9.9986e-06 9.98615e-06 9.95576e-06 9.98496e-06 9.99986e-06 1.00052e-05 9.98813e-06 9.14158e-06 1.00782e-05 1.15898e-05 1.0101e-05 9.97492e-06 1.11058e-05 9.90992e-06 1.46464e-05 2.97584e-05 6.6486e-06 9.88894e-06 9.73673e-06 2.54547e-05 1.43671e-05 9.74235e-06 -9999 -9999
9.98553e-06 1.00504e-05 1.00618e-05 1.01827e-05 1.00106e-05 1.00098e-05 9.99947e-06 9.99928e-06 1.00005e-05 9.99968e-06 9.99898e-06 9.79085e-06 8.88581e-06 9.67445e-06 9.74628e-06 9.99025e-06 9.99784e-06 9.99706e-06 1.00012e-05 1.00025e-05 9.99981e-06 1.00032e-05 1.0026e-05 1.00147e-05 9.99755e-06 1.00004e-05 9.83955e-06 9.82042e-06 9.99933e-06 1.0002e-05 1.00119e-05 9.99161e-06 1.00002e-05 9.99982e-06 1.00008e-05 1.0027e-05 1.03369e-05 1.12789e-05 9.96012e-06 1.00031e-05 9.99417e-06 9.99863e-06 9.99571e-06 9.96719e-06 9.93854e-06 9.99547e-06 1.00018e-05 9.85264e-06 1.00852e-05 8.46192e-06 1.44205e-05 1.37006e-05 1.07178e-05 9.98305e-06 1.02147e-05 1.25446e-05 9.68752e-06 1.68278e-05 2.38061e-05 8.01399e-06 9.97546e-06 8.56886e-06 2.09006e-05 1.59106e-05 1.02598e-05 1.63258e-05 -9999
1.08446e-05 1.08532e-05 1.04964e-05 1.00361e-05 9.95173e-06 1.00001e-05 9.99844e-06 1.00119e-05 1.00064e-05 9.98986e-06 1.00003e-05 1.00002e-05 9.99879e-06 9.99526e-06 9.99423e-06 9.99572e-06 9.99942e-06 9.99949e-06 1.00121e-05 1.00492e-05 1.00108e-05 1.00004e-05 9.99782e-06 1.00001e-05 1.00017e-05 1.00038e-05 1.00022e-05 1.00003e-05 9.99997e-06 1.00003e-05 9.99806e-06 9.99998e-06 9.99988e-06 1.00038e-05 1.00678e-05 1.02911e-05 1.05487e-05 9.89657e-06 9.98917e-06 9.9959e-06 9.99858e-06 9.98574e-06 9.97224e-06 9.94555e-06 9.9965e-06 1.00116e-05 9.95195e-06 1.08077e-05 2.46879e-05 3.27781e-05 2.9808e-05 9.33346e-06 1.50253e-05 1.01707e-05 1.0018e-05 9.32675e-06 1.2856e-05 2.67206e-05 1.35608e-05 9.01045e-06 9.99473e-06 8.67133e-06 1.99721e-05 1.77203e-05 9.84703e-06 1.25368e-05 -9999
1.11444e-05 1.12057e-05 1.07165e-05 1.09019e-05 1.06784e-05 1.00421e-05 9.99922e-06 9.99931e-06 9.99258e-06 1.00146e-05 9.99951e-06 9.99254e-06 1.00012e-05 1.00018e-05 1.00048e-05 1.00049e-05 1.00007e-05 1.00009e-05 1.00037e-05 1.0043e-05 1.00817e-05 1.02938e-05 1.00005e-05 9.99967e-06 1.00066e-05 9.99843e-06 1.00035e-05 1.00046e-05 9.99837e-06 1.00006e-05 9.99961e-06 9.99974e-06 1.00102e-05 1.00567e-05 1.01412e-05 1.00288e-05 9.97782e-06 9.99308e-06 9.99677e-06 9.99282e-06 9.95755e-06 9.94986e-06 9.97186e-06 1.00616e-05 9.72993e-06 1.05564e-05 1.23962e-05 2.66578e-05 2.72336e-05 1.85633e-05 5.81427e-06 1.45253e-05 1.1409e-05 1.0022e-05 9.99173e-06 9.38095e-06 2.30337e-05 3.65423e-05 4.04109e-06 9.99825e-06 9.99989e-06 8.29801e-06 1.4655e-05 2.70623e-05 9.30177e-06 1.10724e-05 -9999
1.12695e-05 9.45237e-06 1.1172e-05 1.0605e-05 1.06438e-05 9.91479e-06 1.00131e-05 9.99561e-06 9.99124e-06 1.00005e-05 9.99244e-06 1.00033e-05 9.97469e-06 9.98903e-06 9.9983e-06 1.00014e-05 1.0008e-05 1.00125e-05 9.99409e-06 9.99661e-06 1.04522e-05 1.61933e-05 1.03877e-05 1.0016e-05 9.99899e-06 9.99927e-06 1.00034e-05 1.0004e-05 9.99912e-06 1.00008e-05 1.00009e-05 1.00206e-05 1.00524e-05 1.00357e-05 1.00017e-05 9.99645e-06 9.99472e-06 9.98841e-06 9.94711e-06 9.95697e-06 9.766e-06 9.92353e-06 1.01744e-05 1.04114e-05 1.4848e-05 3.61616e-05 4.32287e-05 1.45954e-05 9.96934e-06 6.78209e-06 1.31302e-05 1.86331e-05 1.01918e-05 9.99066e-06 8.90395e-06 1.23142e-05 2.71303e-05 1.10355e-05 9.18572e-06 1.00005e-05 1.00003e-05 9.85721e-06 1.59595e-05 3.1336e-05 9.35105e-06 1.79615e-05 1.99308e-05
3.7415e-05 2.70083e-05 1.664e-05 1.07656e-05 1.01525e-05 1.06515e-05 1.11875e-05 1.05201e-05 1.02248e-05 1.00085e-05 9.95687e-06 1.00005e-05 9.99224e-06 9.97609e-06 9.99077e-06 1.00001e-05 1.00088e-05 1.00096e-05 9.99621e-06 9.99848e-06 9.97735e-06 2.79016e-05 1.5436e-05 1.02855e-05 1.00013e-05 1.00045e-05 1.00019e-05 1.0005e-05 9.99731e-06 1.00177e-05 1.00203e-05 1.00236e-05 1.00054e-05 9.9969e-06 9.98868e-06 9.97746e-06 9.93159e-06 9.96012e-06 9.69335e-06 9.8627e-06 1.11011e-05 1.31702e-05 1.77834e-05 2.58848e-05 3.33422e-05 3.55083e-05 1.08759e-05 9.95572e-06 1.0349e-05 2.17128e-05 2.1295e-05 1.01963e-05 9.99954e-06 1.00158e-05 1.10877e-05 2.50119e-05 3.14876e-05 4.83654e-06 9.99643e-06 1.00012e-05 1.00027e-05 9.87906e-06 1.49279e-05 2.85434e-05 9.57394e-06 2.20717e-05 1.47472e-05
1.41444e-05 2.69418e-05 3.69013e-05 3.5359e-05 2.01077e-05 9.98402e-06 1.06011e-05 1.22579e-05 1.14052e-05 1.03056e-05 1.02217e-05 1.01858e-05 1.00174e-05 1.00141e-05 1.00019e-05 9.98784e-06 9.99508e-06 1.00041e-05 9.99017e-06 9.99561e-06 9.70405e-06 1.95556e-05 1.33357e-05 9.69465e-06 1.00008e-05 1.00084e-05 1.00008e-05 1.00005e-05 9.99918e-06 1.00048e-05 9.99322e-06 9.98836e-06 9.96334e-06 9.90826e-06 9.92291e-06 9.76122e-06 9.54144e-06 9.81461e-06 1.16853e-05 1.67197e-05 4.41167e-05 3.4428e-05 3.00133e-05 2.09039e-05 4.8734e-06 5.12023e-06 9.59881e-06 1.10665e-05 1.53172e-05 1.35617e-05 1.01001e-05 1.0002e-05 1.00209e-05 1.05772e-05 2.56938e-05 3.17392e-05 3.25042e-06 9.98095e-06 9.99935e-06 1.00018e-05 1.00005e-05 9.9118e-06 1.4593e-05 2.75002e-05 9.94386e-06 3.00905e-05 2.31729e-05
