data/RealTopo/Outputs_RealTopo/relWog_02RealTopo_null_avaflow_pfv.asc
ncols 491
nrows 556
xllcenter 167450.00
yllcenter 361950.00
cellsize 5.00
NODATA_value -9999.000
[rows 238 to 271 of 556, columns 228 to 303 of 491]
44.476 45.146 43.538 42.044 41.545 38.414 32.430 25.786 19.380 14.457 10.971 8.815 9.255 9.320 9.219 9.028 8.783 8.427 8.141 7.750 7.410 7.603 7.339 6.525 5.784 5.463 5.197 4.850 4.381 3.948 3.641 3.341 2.990 2.616 2.220 1.775 1.312 0.948 0.000 0.000 0.000 0.000 0.000 0.000 0.000 0.000 0.000 0.000 0.000 0.000 0.000 0.000 0.000 0.000 0.000 0.000 0.000 0.000 0.000 0.000 0.000 0.000 0.000 0.000 0.000 0.000 0.000 0.000 0.000 0.000 0.000 0.000 0.000 0.000 0.000 0.000
43.034 45.159 44.391 42.058 40.460 37.691 32.346 26.281 20.616 15.883 12.293 9.641 8.878 9.187 9.188 9.038 8.904 8.597 8.199 7.731 7.615 7.992 8.086 7.651 7.004 6.624 6.391 5.896 5.250 4.658 4.165 3.730 3.342 2.847 2.258 1.679 1.265 1.178 1.093 0.000 0.000 0.000 0.000 0.000 0.000 0.000 0.000 0.000 0.000 0.000 0.000 0.000 0.000 0.000 0.000 0.000 0.000 0.000 0.000 0.000 0.000 0.000 0.000 0.000 0.000 0.000 0.000 0.000 0.000 0.000 0.000 0.000 0.000 0.000 0.000 0.000
40.858 45.351 45.177 42.961 40.795 38.047 32.853 27.407 21.928 16.980 13.360 10.659 8.545 8.685 8.914 8.986 8.908 8.507 8.060 7.681 7.809 8.184 8.393 8.178 7.766 7.544 7.403 7.037 6.463 5.758 4.924 4.215 3.601 2.845 2.128 1.921 1.795 1.647 1.410 1.135 0.000 0.000 0.000 0.000 0.000 0.000 0.000 0.000 0.000 0.000 0.000 0.000 0.000 0.000 0.000 0.000 0.000 0.000 0.000 0.000 0.000 0.000 0.000 0.000 0.000 0.000 0.000 0.000 0.000 0.000 0.000 0.000 0.000 0.000 0.000 0.000
39.166 44.564 46.213 44.504 41.763 38.068 33.062 28.350 22.915 17.784 14.033 11.342 9.276 7.844 8.413 8.804 8.690 8.097 7.742 7.673 7.951 8.344 8.499 8.430 8.152 8.060 8.066 7.950 7.651 7.061 6.015 4.911 3.863 3.000 2.765 2.640 2.393 2.042 1.708 1.367 1.057 0.000 0.000 0.000 0.000 0.000 0.000 0.000 0.000 0.000 0.000 0.000 0.000 0.000 0.000 0.000 0.000 0.000 0.000 0.000 0.000 0.000 0.000 0.000 0.000 0.000 0.000 0.000 0.000 0.000 0.000 0.000 0.000 0.000 0.000 0.000
38.508 43.348 45.202 45.550 42.659 37.632 32.716 29.063 24.119 18.729 14.705 11.952 9.926 8.237 7.604 8.096 8.067 7.517 7.284 7.442 7.907 8.357 8.543 8.518 8.394 8.462 8.568 8.502 8.261 7.966 7.193 5.933 4.572 3.880 3.526 3.300 2.880 2.431 1.964 1.522 1.364 1.307 0.000 0.000 0.000 0.000 0.000 0.000 0.000 0.000 0.000 0.000 0.000 0.000 0.000 0.000 0.000 0.000 0.000 0.000 0.000 0.000 0.000 0.000 0.000 0.000 0.000 0.000 0.000 0.000 0.000 0.000 0.000 0.000 0.000 0.000
37.816 41.890 47.081 47.025 43.778 38.481 32.797 29.698 25.360 19.831 15.522 12.615 10.578 8.914 7.542 7.083 7.232 7.051 6.927 7.095 7.613 8.113 8.398 8.470 8.569 8.825 8.993 8.909 8.693 8.456 8.011 7.067 5.635 4.621 4.084 3.722 3.315 2.776 2.255 2.063 1.979 1.755 1.386 0.000 0.000 0.000 0.000 0.000 0.000 0.000 0.000 0.000 0.000 0.000 0.000 0.000 0.000 0.000 0.000 0.000 0.000 0.000 0.000 0.000 0.000 0.000 0.000 0.000 0.000 0.000 0.000 0.000 0.000 0.000 0.000 0.000
39.126 43.596 50.180 48.859 45.395 38.795 32.993 30.055 26.391 21.053 16.439 13.319 11.231 9.575 8.260 7.144 6.592 6.635 6.635 6.836 7.255 7.657 8.090 8.405 8.726 9.036 9.178 9.162 9.021 8.775 8.454 7.768 6.544 5.417 4.561 4.072 3.658 3.404 3.174 2.930 2.613 2.127 1.713 1.249 0.000 0.000 0.000 0.000 0.000 0.000 0.000 0.000 0.000 0.000 0.000 0.000 0.000 0.000 0.000 0.000 0.000 0.000 0.000 0.000 0.000 0.000 0.000 0.000 0.000 0.000 0.000 0.000 0.000 0.000 0.000 0.000
39.626 41.510 48.511 50.590 44.792 38.040 33.104 30.357 27.280 22.478 17.473 13.929 11.767 10.293 9.108 8.126 7.064 6.209 6.082 6.435 6.985 7.439 7.869 8.353 8.823 9.102 9.149 9.195 9.162 9.032 8.748 8.211 7.298 6.216 5.430 5.146 5.074 4.739 4.268 3.730 3.110 2.559 1.863 1.392 1.303 0.000 0.000 0.000 0.000 0.000 0.000 0.000 0.000 0.000 0.000 0.000 0.000 0.000 0.000 0.000 0.000 0.000 0.000 0.000 0.000 0.000 0.000 0.000 0.000 0.000 0.000 0.000 0.000 0.000 0.000 0.000
38.806 38.558 44.873 48.304 43.522 37.369 33.319 31.098 28.193 23.798 18.388 14.385 12.201 10.952 9.948 9.036 7.989 6.652 5.682 6.257 6.729 7.183 7.553 8.047 8.638 8.935 9.087 9.103 9.120 9.120 8.972 8.565 7.850 6.947 6.845 7.198 6.914 6.068 5.134 4.380 3.609 2.771 2.129 1.904 1.527 1.324 0.000 0.000 0.000 0.000 0.000 0.000 0.000 0.000 0.000 0.000 0.000 0.000 0.000 0.000 0.000 0.000 0.000 0.000 0.000 0.000 0.000 0.000 0.000 0.000 0.000 0.000 0.000 0.000 0.000 0.000
37.773 37.472 45.192 46.438 42.064 36.784 33.338 31.576 29.033 24.857 19.183 14.768 12.620 11.619 10.681 9.679 8.616 7.295 6.091 5.978 6.320 6.647 7.014 7.444 8.077 8.591 8.813 8.951 9.037 9.069 8.993 8.704 8.125 7.733 8.118 8.716 8.312 7.155 6.033 4.923 3.868 3.114 2.797 2.265 1.914 1.445 1.133 0.000 0.000 0.000 0.000 0.000 0.000 0.000 0.000 0.000 0.000 0.000 0.000 0.000 0.000 0.000 0.000 0.000 0.000 0.000 0.000 0.000 0.000 0.000 0.000 0.000 0.000 0.000 0.000 0.000
36.661 37.533 46.793 46.004 40.773 35.446 33.059 31.510 29.339 25.583 19.979 15.155 13.217 12.301 11.297 10.264 9.163 8.106 7.061 5.972 5.732 5.881 6.188 6.738 7.371 7.976 8.401 8.725 8.923 8.978 8.880 8.624 8.234 8.473 9.008 9.394 9.068 8.049 6.515 5.319 4.598 4.070 3.316 2.793 2.109 1.596 1.284 1.066 0.000 0.000 0.000 0.000 0.000 0.000 0.000 0.000 0.000 0.000 0.000 0.000 0.000 0.000 0.000 0.000 0.000 0.000 0.000 0.000 0.000 0.000 0.000 0.000 0.000 0.000 0.000 0.000
36.066 37.297 44.271 45.952 39.425 34.428 32.572 31.224 29.341 26.057 20.615 15.383 14.027 13.184 12.299 11.401 10.339 9.159 8.013 6.721 5.279 5.167 5.667 6.251 6.875 7.509 7.958 8.350 8.599 8.712 8.683 8.490 8.577 9.069 9.478 9.588 9.364 8.369 6.775 6.409 5.974 4.933 4.085 3.129 2.363 1.869 1.524 1.289 1.045 0.835 0.000 0.000 0.000 0.000 0.000 0.000 0.000 0.000 0.000 0.000 0.000 0.000 0.000 0.000 0.000 0.000 0.000 0.000 0.000 0.000 0.000 0.000 0.000 0.000 0.000 0.000
33.988 34.027 39.292 42.560 37.583 34.220 32.468 30.901 29.085 26.317 21.048 15.882 15.158 14.318 13.514 12.689 11.534 10.184 8.849 7.596 6.303 5.192 5.450 5.912 6.429 7.014 7.524 7.848 8.061 8.292 8.365 8.306 8.781 9.372 9.571 9.588 9.273 8.448 8.293 8.323 7.123 6.025 4.689 3.572 2.793 2.233 1.887 1.593 1.301 0.997 0.735 0.570 0.000 0.000 0.000 0.000 0.000 0.000 0.000 0.000 0.000 0.000 0.000 0.000 0.000 0.000 0.000 0.000 0.000 0.000 0.000 0.000 0.000 0.000 0.000 0.000
30.874 31.673 35.911 38.734 36.241 34.166 32.568 30.804 28.687 26.187 21.679 17.007 16.206 15.386 14.606 13.652 12.601 11.219 10.075 8.783 7.621 6.452 5.336 5.710 6.003 6.439 6.927 7.297 7.529 7.749 7.892 8.270 8.998 9.458 9.483 9.362 9.014 9.122 9.505 9.267 8.394 6.708 5.267 4.232 3.410 2.720 2.242 1.889 1.549 1.192 0.844 0.605 0.506 0.000 0.000 0.000 0.000 0.000 0.000 0.000 0.000 0.000 0.000 0.000 0.000 0.000 0.000 0.000 0.000 0.000 0.000 0.000 0.000 0.000 0.000 0.000
30.530 30.243 32.958 35.948 35.519 33.953 32.416 30.706 28.256 26.052 22.508 17.996 17.242 16.403 15.499 14.587 13.941 13.098 11.840 10.357 9.097 7.864 6.629 5.344 5.623 5.830 6.159 6.552 6.905 7.094 7.607 8.403 8.992 9.239 9.302 9.054 9.491 9.860 9.918 9.663 8.715 7.039 5.772 4.958 4.123 3.284 2.574 2.046 1.636 1.275 0.923 0.663 0.549 0.631 0.000 0.000 0.000 0.000 0.000 0.000 0.000 0.000 0.000 0.000 0.000 0.000 0.000 0.000 0.000 0.000 0.000 0.000 0.000 0.000 0.000 0.000
29.745 30.167 30.710 33.090 34.416 33.387 32.227 30.185 27.779 25.842 22.677 19.161 18.340 17.564 16.883 16.378 15.888 14.936 13.615 12.205 10.753 9.483 7.966 6.572 5.129 5.214 5.464 5.822 6.236 6.684 7.383 7.946 8.516 8.724 8.694 9.331 9.979 10.070 10.033 9.619 8.669 7.361 6.200 5.523 4.710 3.768 2.860 2.142 1.729 1.362 0.991 0.729 0.738 0.882 0.902 0.000 0.000 0.000 0.000 0.000 0.000 0.000 0.000 0.000 0.000 0.000 0.000 0.000 0.000 0.000 0.000 0.000 0.000 0.000 0.000 0.000
30.462 30.517 30.636 31.406 33.308 32.169 31.380 29.270 27.055 25.237 22.057 20.115 19.364 18.881 18.532 18.095 17.442 16.595 15.527 14.047 12.315 10.927 9.501 7.862 6.267 4.904 5.088 5.442 5.871 6.258 6.722 7.119 7.310 7.566 8.745 9.840 10.237 10.143 9.899 9.396 8.570 7.687 6.808 5.973 5.188 4.254 3.303 2.517 1.974 1.542 1.119 1.012 1.116 1.262 1.046 0.000 0.000 0.000 0.000 0.000 0.000 0.000 0.000 0.000 0.000 0.000 0.000 0.000 0.000 0.000 0.000 0.000 0.000 0.000 0.000 0.000
32.491 30.306 30.237 30.039 30.970 31.054 29.744 28.198 26.347 24.411 21.611 21.188 20.654 20.393 20.216 19.804 19.320 18.548 17.402 15.903 14.087 12.297 10.895 9.324 7.686 6.120 4.980 5.256 5.495 5.799 5.881 5.719 5.702 7.382 8.964 9.793 10.142 9.967 9.616 9.106 8.460 7.899 7.394 6.676 5.739 4.856 4.075 3.275 2.510 1.891 1.566 1.500 1.560 1.588 1.325 0.988 0.000 0.000 0.000 0.000 0.000 0.000 0.000 0.000 0.000 0.000 0.000 0.000 0.000 0.000 0.000 0.000 0.000 0.000 0.000 0.000
35.604 30.931 29.498 28.698 28.450 30.224 28.750 27.673 26.031 24.167 23.155 22.809 22.490 22.151 22.047 21.900 21.378 20.472 19.228 17.887 16.141 14.355 12.824 11.150 9.361 7.617 5.994 5.014 5.115 4.960 4.641 4.476 5.661 7.194 8.411 9.231 9.612 9.469 9.161 8.778 8.343 8.015 7.804 7.436 6.700 5.869 5.133 4.230 3.294 2.520 2.228 2.100 1.990 1.792 1.530 1.079 0.858 0.000 0.000 0.000 0.000 0.000 0.000 0.000 0.000 0.000 0.000 0.000 0.000 0.000 0.000 0.000 0.000 0.000 0.000 0.000
37.766 32.706 29.391 28.470 27.368 28.967 28.639 27.862 26.982 25.444 25.115 24.896 24.521 24.038 23.779 23.722 23.165 22.306 21.335 20.215 18.740 16.862 14.812 13.011 11.136 9.219 7.286 5.550 4.355 3.828 3.504 4.463 5.586 6.498 7.430 8.288 8.863 8.984 8.756 8.436 8.162 8.084 8.085 7.951 7.610 6.972 6.149 5.242 4.237 3.295 2.849 2.626 2.385 2.060 1.702 1.276 1.043 0.000 0.000 0.000 0.000 0.000 0.000 0.000 0.000 0.000 0.000 0.000 0.000 0.000 0.000 0.000 0.000 0.000 0.000 0.000
38.860 35.383 30.763 29.063 27.850 27.430 28.336 28.483 28.706 27.738 27.337 27.060 26.338 25.571 25.343 25.211 24.878 24.300 23.622 22.717 21.243 19.116 16.910 14.745 12.777 10.654 8.500 6.420 4.545 3.165 3.613 4.553 5.178 5.783 6.415 7.243 8.071 8.450 8.300 8.030 7.971 8.214 8.307 8.300 8.177 7.810 7.077 6.207 5.230 4.197 3.374 3.009 2.690 2.376 1.981 1.622 1.321 1.066 0.000 0.000 0.000 0.000 0.000 0.000 0.000 0.000 0.000 0.000 0.000 0.000 0.000 0.000 0.000 0.000 0.000 0.000
42.859 37.929 33.705 30.204 29.123 26.968 29.935 30.613 31.189 30.312 29.376 28.863 27.953 27.029 26.661 26.479 26.383 26.304 25.838 24.825 23.172 21.258 18.930 16.456 14.150 11.900 9.608 7.428 5.549 4.056 3.824 4.360 4.752 5.117 5.501 6.245 7.075 7.515 7.429 7.497 7.923 8.278 8.478 8.534 8.493 8.288 7.814 7.053 6.180 5.156 4.148 3.409 3.010 2.670 2.325 1.964 1.626 1.316 1.072 0.000 0.000 0.000 0.000 0.000 0.000 0.000 0.000 0.000 0.000 0.000 0.000 0.000 0.000 0.000 0.000 0.000
44.638 39.335 36.533 32.258 30.922 28.799 31.633 33.356 33.812 32.972 31.353 30.409 29.393 28.642 28.206 27.869 27.896 27.898 27.376 26.376 24.915 23.213 21.221 18.614 15.715 13.282 11.313 9.159 7.138 5.304 3.979 4.054 4.366 4.613 4.916 5.426 6.057 6.389 6.372 6.964 7.771 8.228 8.499 8.638 8.666 8.578 8.289 7.701 6.920 6.132 5.108 4.109 3.435 3.038 2.663 2.294 1.922 1.580 1.268 1.064 0.000 0.000 0.000 0.000 0.000 0.000 0.000 0.000 0.000 0.000 0.000 0.000 0.000 0.000 0.000 0.000
34.480 44.012 37.058 34.912 32.629 31.101 31.520 34.742 34.905 34.311 32.748 32.054 31.500 30.618 29.844 29.382 29.192 28.872 28.391 27.665 26.543 25.069 23.247 20.930 18.233 16.114 13.933 11.405 8.917 6.515 4.963 4.001 4.217 4.377 4.570 4.832 5.147 5.318 5.567 6.479 7.387 7.983 8.376 8.645 8.783 8.747 8.579 8.263 7.772 7.189 6.290 5.190 4.183 3.496 3.026 2.584 2.176 1.818 1.490 1.181 0.000 0.000 0.000 0.000 0.000 0.000 0.000 0.000 0.000 0.000 0.000 0.000 0.000 0.000 0.000 0.000
33.412 34.041 39.574 35.950 33.288 32.801 30.339 33.799 34.707 34.905 33.770 33.989 33.817 32.638 31.565 30.835 30.476 30.198 29.545 28.637 27.650 26.309 25.259 23.734 21.420 19.027 16.417 13.841 10.949 8.472 6.603 5.170 4.156 4.254 4.369 4.470 4.485 4.453 4.993 6.055 6.896 7.534 8.157 8.606 8.838 8.898 8.879 8.789 8.641 8.308 7.574 6.475 5.229 4.178 3.439 2.870 2.439 2.105 1.773 1.426 1.141 0.000 0.000 0.000 0.000 0.000 0.000 0.000 0.000 0.000 0.000 0.000 0.000 0.000 0.000 0.000
33.126 33.259 32.865 35.260 33.173 32.946 31.712 32.388 34.851 35.700 35.034 35.383 34.660 33.817 33.355 32.537 31.758 31.269 30.560 29.390 27.970 28.065 27.971 26.476 23.955 21.458 18.993 16.395 13.683 11.011 8.732 6.780 5.174 4.159 4.246 4.259 4.083 3.901 4.451 5.428 6.389 7.169 7.889 8.491 8.818 9.056 9.230 9.326 9.375 9.270 8.784 7.716 6.469 5.136 3.999 3.271 2.816 2.426 2.070 1.687 1.327 0.000 0.000 0.000 0.000 0.000 0.000 0.000 0.000 0.000 0.000 0.000 0.000 0.000 0.000 0.000
32.997 33.047 32.304 32.475 32.159 32.247 32.323 30.234 34.566 36.069 36.573 35.966 35.565 35.239 34.519 33.455 32.667 32.465 31.364 30.246 29.910 30.240 29.054 28.125 26.031 23.358 21.205 19.196 16.527 13.718 11.103 8.767 6.741 5.031 4.121 4.071 3.765 3.537 3.921 4.685 5.634 6.726 7.619 8.241 8.728 9.152 9.593 9.910 10.042 10.001 9.627 8.823 7.611 6.189 4.829 3.872 3.273 2.798 2.345 1.928 1.560 1.224 0.000 0.000 0.000 0.000 0.000 0.000 0.000 0.000 0.000 0.000 0.000 0.000 0.000 0.000
32.578 32.948 32.293 31.495 31.492 31.064 31.757 30.260 33.288 36.406 37.018 36.203 36.439 36.317 35.461 34.175 33.611 33.741 32.379 31.170 32.299 31.509 30.005 27.918 26.485 24.633 22.982 21.287 19.157 16.426 13.635 11.081 8.681 6.547 4.821 3.808 3.426 3.229 3.503 4.041 4.804 5.865 6.965 7.877 8.623 9.272 9.906 10.393 10.588 10.575 10.279 9.615 8.499 7.132 5.802 4.651 3.870 3.229 2.666 2.215 1.819 1.440 1.168 0.000 0.000 0.000 0.000 0.000 0.000 0.000 0.000 0.000 0.000 0.000 0.000 0.000
32.173 32.572 32.339 31.456 30.872 30.595 30.620 30.186 32.219 36.703 36.960 36.603 36.810 36.582 35.957 34.996 35.180 34.847 33.633 33.114 33.690 32.662 31.267 28.856 27.060 25.590 24.193 22.760 21.023 18.783 16.261 13.600 10.973 8.498 6.292 4.330 3.112 2.994 3.249 3.606 4.166 5.045 6.105 7.389 8.635 9.519 10.185 10.696 10.998 11.038 10.776 10.246 9.250 8.002 6.822 5.658 4.595 3.777 3.109 2.574 2.098 1.669 1.304 0.000 0.000 0.000 0.000 0.000 0.000 0.000 0.000 0.000 0.000 0.000 0.000 0.000
31.772 32.313 32.237 31.430 30.465 29.712 29.889 30.509 30.631 36.122 37.788 37.824 36.955 36.691 36.243 36.018 36.539 35.564 34.715 34.954 34.502 33.465 32.344 30.602 28.748 26.833 25.239 23.653 22.225 20.665 18.667 16.214 13.479 10.721 8.020 5.490 3.607 2.931 3.099 3.321 3.726 4.466 5.543 6.864 8.540 9.717 10.432 10.920 11.230 11.301 11.121 10.708 9.965 8.945 7.925 6.718 5.471 4.410 3.615 2.957 2.391 1.910 1.507 1.216 0.000 0.000 0.000 0.000 0.000 0.000 0.000 0.000 0.000 0.000 0.000 0.000
31.638 32.676 32.524 31.607 30.177 29.061 29.506 30.750 30.256 33.431 38.632 38.521 37.789 37.137 36.715 36.715 36.620 36.147 35.464 36.451 35.556 34.232 33.159 32.015 30.654 28.613 26.900 25.291 23.528 22.107 20.630 18.565 15.974 13.099 10.084 7.218 4.942 3.354 2.996 3.134 3.468 4.140 5.173 6.490 8.010 9.488 10.457 11.059 11.283 11.324 11.307 11.017 10.512 9.819 8.843 7.647 6.343 5.113 4.128 3.358 2.724 2.214 1.792 1.402 0.000 0.000 0.000 0.000 0.000 0.000 0.000 0.000 0.000 0.000 0.000 0.000
31.162 32.500 32.704 32.055 30.443 29.211 29.478 30.244 30.507 29.374 36.647 38.888 38.773 38.000 37.519 37.269 36.824 36.159 36.135 37.712 36.801 35.385 34.077 33.282 32.219 30.484 28.399 26.833 25.414 24.112 22.457 20.770 18.428 15.700 12.650 9.584 6.882 4.751 3.200 3.060 3.363 3.951 4.881 6.097 7.416 8.879 10.111 10.853 11.166 11.276 11.279 11.132 10.794 10.318 9.397 8.193 7.055 5.833 4.726 3.841 3.155 2.609 2.121 1.638 1.242 0.000 0.000 0.000 0.000 0.000 0.000 0.000 0.000 0.000 0.000 0.000
28.380 31.301 32.189 31.896 30.883 29.813 29.319 29.596 29.971 28.867 32.738 38.728 39.662 38.673 38.079 37.953 37.296 36.342 36.620 38.397 37.876 36.683 35.570 34.910 33.566 31.972 29.875 28.261 27.375 26.031 24.373 22.809 20.812 18.338 15.401 12.327 9.305 6.634 4.535 3.043 3.319 3.811 4.611 5.709 6.923 8.176 9.396 10.304 10.858 11.095 11.123 11.064 10.792 10.442 9.731 8.608 7.595 6.548 5.420 4.428 3.653 3.028 2.437 1.880 1.394 0.000 0.000 0.000 0.000 0.000 0.000 0.000 0.000 0.000 0.000 0.000
24.744 29.241 30.917 31.111 30.826 30.404 29.620 29.159 29.291 29.159 29.631 37.224 39.196 39.073 38.179 38.452 37.872 37.000 37.900 38.674 38.238 37.485 36.292 35.611 34.762 33.039 31.277 30.440 29.326 27.693 26.000 24.409 22.774 20.611 18.048 15.115 11.998 8.960 6.384 4.402 3.279 3.701 4.348 5.258 6.348 7.502 8.613 9.531 10.269 10.668 10.774 10.794 10.658 10.330 9.884 9.207 8.281 7.249 6.126 5.062 4.200 3.461 2.749 2.115 1.612 1.201 0.000 0.000 0.000 0.000 0.000 0.000 0.000 0.000 0.000 0.000
