data/RealTopo/Outputs_RealTopo/relWog_null_02RealTopo_faSavageHutterFoamGamma_pfv.asc
ncols 490
nrows 555
xllcenter 167455
yllcenter 361955
cellsize 5
NODATA_value -9999
[rows 155 to 185 of 555, columns 140 to 209 of 490]
9.12352 8.55619 9.57533 11.7932 13.243 13.8174 14.1354 13.7119 12.6685 11.7931 11.3002 11.4192 12.2671 13.0807 13.8642 15.0342 16.9328 19.1759 20.6919 21.8539 22.7985 23.5794 24.2559 24.6554 24.9902 25.1461 25.3752 25.4644 26.2122 26.0826 25.2185 23.2275 15.1135 10.4456 9.35555 11.314 13.17 13.7681 13.8548 13.256 12.2002 11.4711 11.254 10.2478 6.2032 1.14307 1.78709 1.13358 0.757778 0.505253 0.349756 0.0682774 0.0637958 0.0264395 0.0198515 0.0752058 0.0519785 0.0675471 0.0880551 0.088144 0.0815258 0.092688 0.102806 0.100637 0.00793308 0.105466 0.0981973 0.0895286 0.0909234 0.0933612
10.4351 10.1018 11.49 13.3664 14.5098 14.8152 15.1697 14.7036 14.1398 13.5653 12.8494 12.2314 12.266 13.0534 13.7757 14.5363 15.7192 17.2422 19.7444 21.2954 22.6033 23.4563 24.2084 24.7993 25.1857 25.3766 25.2646 25.7572 26.4304 25.498 25.2023 24.0762 16.2228 9.04964 9.10167 11.9963 13.5235 13.8427 13.7379 13.0459 11.9509 11.2727 10.8414 9.01461 4.01877 2.22937 1.5092 1.0744 0.522962 0.482472 0.281146 0.0662359 0.0646236 0.0696568 0.0831543 0.086211 0.0828612 0.0851543 0.0960972 0.0969624 0.0944171 0.0951756 0.107454 0.128563 0.18121 0.123546 0.0969229 0.0794392 0.087991 0.0904057
11.8437 11.8745 13.5193 14.7935 15.6808 15.7123 16.1433 15.6528 15.3375 15.1527 14.4761 13.7627 13.1554 13.1991 13.8182 14.5299 15.3569 16.5166 17.9573 20.2019 21.7737 23.3317 24.2389 24.9002 25.3577 25.6775 25.716 25.9165 25.2494 25.8577 25.8822 23.9722 19.6072 10.5133 8.61071 12.0482 13.3125 13.902 13.6272 12.8767 11.6103 10.7929 10.0442 7.61183 2.96741 1.91153 1.30318 0.664311 0.307829 0.214316 0.103315 0.071285 0.0753873 0.0889424 0.0893127 0.0924626 0.0933664 0.102604 0.09814 0.100425 0.0999662 0.0955101 0.0961308 0.119633 0.139738 0.107747 0.0899868 0.0926828 0.090683 0.0897127
13.1699 13.5198 15.168 16.0634 16.5905 16.9569 16.9079 16.5708 16.4461 16.4363 16.0633 15.342 14.5907 14.1279 14.0573 14.6969 15.3961 16.1629 17.4716 18.8676 20.8614 22.5943 24.1578 24.9525 25.6091 25.9771 26.0961 25.9475 25.919 26.9512 26.1046 25.4427 21.8869 13.369 8.85744 11.908 12.6646 13.2066 13.2449 12.0403 10.841 10.1243 9.30642 6.1794 2.8044 1.76642 0.839855 0.539072 0.27605 0.122742 0.0826983 0.0870544 0.0917571 0.0916427 0.0925609 0.0932411 0.0974937 0.103491 0.105137 0.100241 0.0974936 0.094987 0.0940763 0.104988 0.115943 0.0880994 0.089572 0.0896734 0.0866241 0.0865986
14.3672 15.0858 16.6352 17.4723 17.4623 17.9614 17.5228 17.2855 17.4432 17.4975 17.4076 16.9745 16.2182 15.4538 15.0039 14.8655 15.5549 16.23 17.1077 18.2863 19.6354 21.3929 23.4879 24.866 25.6285 26.1135 26.2712 26.0812 26.1431 26.9051 26.1216 25.4219 23.2585 15.8899 9.55645 12.197 12.529 12.7564 12.4584 11.2671 10.2405 9.55798 7.98497 5.00047 2.5672 1.20754 0.564553 0.205627 0.0763429 0.0723824 0.0869361 0.0915661 0.0953381 0.0944091 0.0971274 0.0962113 0.0945736 0.100597 0.103878 0.0996297 0.0976305 0.0977759 0.0960687 0.106143 0.125893 0.0908041 0.0870531 0.091269 0.0850236 0.0872098
15.4413 16.606 17.7442 18.7437 18.4925 18.9731 18.3042 18.105 18.3047 18.421 18.4844 18.3203 17.8962 17.0013 16.3648 15.805 15.5616 16.348 17.0522 17.7965 18.9899 20.4155 22.2199 24.2358 25.3813 26.0073 26.2767 26.4767 25.6235 25.7833 26.0673 25.2446 24.4052 19.5577 12.1792 12.313 12.7193 12.9096 12.4509 11.4132 10.3782 9.07245 6.65724 3.66806 1.89982 0.778557 0.188444 0.08209 0.0815688 0.0846615 0.0846453 0.0898317 0.0929256 0.0949819 0.0962783 0.0934846 0.0986611 0.10213 0.102403 0.100232 0.0994038 0.100142 0.101127 0.105889 0.127402 0.104718 0.0855717 0.0973785 0.0893553 0.0934448
16.6839 17.9996 18.8481 19.5423 20.1005 20.0442 19.3209 19.0833 19.1258 19.2157 19.3374 19.4011 19.2454 18.5815 17.7653 17.0307 16.4979 16.2582 17.0004 17.7165 18.45 19.8427 21.0997 22.775 24.9833 26.0326 26.5601 26.683 26.3723 26.4032 26.5186 25.6255 25.4294 21.5571 13.3443 12.6416 13.0021 13.2601 12.9553 11.821 10.7329 8.76611 5.86303 2.96278 1.38143 0.0660813 0.0666741 0.0705885 0.0738096 0.0760441 0.0805616 0.0830602 0.0901156 0.0887445 0.0879487 0.0932569 0.0982647 0.0956556 0.0961884 0.0972721 0.0976249 0.0968087 0.097267 0.101828 0.133631 0.103053 0.0837807 0.0956157 0.0962396 0.093719
17.7526 18.9583 20.023 20.3198 21.0058 20.9605 20.3657 20.1122 20.0115 20.0421 20.2147 20.3855 20.2189 20.003 19.2453 18.372 17.6825 17.0521 16.8719 17.6526 18.3507 19.1461 20.6302 22.1126 23.9952 25.684 26.2652 26.5988 26.7828 26.7483 25.8849 26.7132 26.676 23.7062 15.5948 13.0716 13.2715 13.7095 13.4753 12.2496 10.9281 8.50826 5.08899 2.80732 0.84313 -0.0220874 0.0621974 0.0625827 0.0581541 0.0660705 0.0743096 0.0764257 0.0848754 0.0811356 0.0841044 0.0913823 0.0915192 0.0917499 0.0923374 0.094907 0.095501 0.0953865 0.0941199 0.0986966 0.121525 0.112129 0.0812599 0.098133 0.0953968 0.0933657
18.7903 19.2163 20.7537 21.145 21.8274 21.7357 21.2936 21.1398 21.0843 20.9266 21.0997 21.1887 21.1561 21.056 20.6603 19.7722 18.9472 18.2002 17.7435 17.4534 18.3821 19.2817 20.0963 21.5648 22.7538 24.3921 25.944 26.6681 26.98 26.7789 26.4326 27.0046 25.1661 24.7691 18.2186 13.4177 13.6567 14.046 13.9256 12.6584 11.0087 7.82132 4.71496 2.16858 0.386944 -0.0371752 0.0485088 0.0530488 0.0534587 0.0690796 0.0726225 0.0677344 0.0848572 0.0859801 0.083234 0.0866222 0.0833714 0.084713 0.0870087 0.0772272 0.0717324 0.0853752 0.0863353 0.0912177 0.103702 0.118834 0.101377 0.0945454 0.0975018 0.0970163
19.6667 20.177 21.5289 21.6614 22.5873 22.3534 22.0294 22.0978 22.1485 22.0246 21.9892 21.8608 21.9283 21.911 21.731 21.1859 20.345 19.3919 18.8119 18.3407 18.2785 19.166 19.9079 20.5298 21.8581 23.1883 25.1199 26.3973 26.8059 27.1698 26.121 25.6527 27.2307 25.3383 19.6947 14.0388 14.4556 14.4608 14.43 13.0795 11.1486 7.44615 4.03373 1.28161 0.135748 0.0584722 0.0422707 0.050909 0.0631411 0.0664711 0.0688584 0.0740154 0.0826953 0.0857205 0.0793405 0.0820836 0.0810701 0.0855586 0.0810598 0.0746834 0.0701912 0.0709905 0.0753532 0.0806019 0.0933527 0.11867 0.107589 0.0918759 0.0983392 0.0982499
20.2151 21.347 22.0001 22.0634 23.1929 23.0134 22.6782 22.8929 23.0877 23.0495 22.8958 22.6614 22.6278 22.6749 22.6133 22.3623 21.6621 20.7997 19.9238 19.5072 18.9978 18.633 19.3852 19.956 20.8095 22.3818 23.9956 25.229 26.2503 26.9165 26.774 27.0708 27.4766 25.2306 22.0844 14.335 15.2355 15.0421 14.9341 13.5237 11.5081 7.14863 3.05772 0.613465 0.205468 0.0593385 0.0529934 0.0639378 0.070449 0.0785474 0.0797493 0.0798387 0.0831089 0.0973865 0.0874097 0.0820712 0.0828089 0.0866562 0.078921 0.0825744 0.0766986 0.0730548 0.0835308 0.0862686 0.0869309 0.0984508 0.130385 0.112266 0.0912811 0.0938788
20.4298 22.442 22.498 22.4984 23.6909 23.6844 23.4706 23.5982 23.8269 23.9708 23.8761 23.5222 23.387 23.3437 23.2802 23.2737 22.9013 22.2295 21.3926 20.5785 19.7845 19.079 18.4869 19.4635 20.271 21.3281 22.9668 24.3112 25.5941 26.1377 26.4231 27.7744 26.62 26.4667 23.7895 17.0385 16.2258 15.5057 15.2417 14.1608 11.9796 7.30609 2.41732 0.163863 0.246979 0.0134952 0.0630153 0.0718504 0.0760481 0.0856477 0.0892565 0.0823397 0.084658 0.0985162 0.0920757 0.0831415 0.0839363 0.0765546 0.0724985 0.0758087 0.0704881 0.0716966 0.0810794 0.0846094 0.090018 0.0962253 0.11917 0.126198 0.0822429 0.0922766
20.6902 23.1547 23.0053 22.8965 24.1169 24.2724 24.2065 24.4078 24.5277 24.6721 24.6845 24.4681 24.1755 24.0065 24.0272 24.1429 23.9268 23.6132 22.7864 21.5531 20.6532 19.7895 18.9298 18.6127 20.0055 20.7071 21.4082 22.9994 24.7691 25.7836 26.1822 26.0202 25.5008 27.0783 24.0013 17.48 17.1072 16.0671 15.6149 14.9982 12.6621 7.35632 2.15057 0.381033 0.0355441 0.059734 0.0694859 0.0786244 0.0809295 0.0851309 0.0866735 0.0887832 0.0886038 0.0938491 0.0973136 0.0846069 0.0754236 0.0710352 0.0687809 0.0639167 0.0740634 0.075782 0.0876681 0.093534 0.0938 0.0978192 0.114524 0.12631 0.0916225 0.0940497
20.8459 23.6016 23.4791 23.4466 24.5432 24.7958 24.8413 25.105 25.2545 25.3252 25.3123 25.2669 25.092 24.903 24.9431 24.9572 24.7905 24.6053 23.9057 22.7479 21.5195 20.5003 19.8043 19.1072 18.6977 19.9466 20.4436 21.425 23.5263 25.3574 26.7886 27.0271 27.3907 27.7033 27.1771 19.7669 17.8243 17.1527 16.2151 15.6485 13.4354 8.5745 2.42524 0.507301 0.0670141 0.0659676 0.0720597 0.079785 0.083436 0.0824923 0.0902726 0.0943953 0.0915059 0.0880058 0.0937271 0.0951343 0.0820786 0.0698468 0.0656047 0.0658648 0.0689126 0.0711989 0.0872428 0.106647 0.0939749 0.0926979 0.107503 0.137907 0.099543 0.0968605
21.0309 23.7683 23.8908 24.0285 24.8665 25.2443 25.3596 25.6613 25.8501 26.0091 25.9633 26.0794 26.0525 26.0768 25.6642 25.5022 25.5708 25.2498 24.6216 23.7393 22.673 21.4007 20.6008 19.9721 18.9983 18.2143 19.8995 20.9169 21.8376 24.088 25.663 26.6858 27.0192 27.4563 28.4241 23.2838 19.308 17.7828 16.6706 16.2577 14.4663 9.75361 3.24552 0.768416 0.053075 0.0574031 0.0649164 0.0780059 0.0847121 0.0879259 0.0926269 0.0913383 0.0837939 0.0899478 0.090188 0.0882286 0.0884458 0.0791124 0.0692859 0.0575921 0.048466 0.0548906 0.0742799 0.101285 0.08522 0.0864408 0.0989205 0.136898 0.104983 0.0982812
21.5638 23.7473 24.1224 24.6293 25.2645 25.6264 25.8489 26.2372 26.4513 26.6193 26.7856 26.9332 26.8741 26.784 26.4243 26.0536 26.0891 25.7832 25.2324 24.6294 23.8978 22.5966 21.4059 20.5505 19.6979 19.0116 18.4158 20.0894 21.1897 22.3598 24.6238 26.2869 27.2919 27.7982 28.0993 25.4942 20.8616 18.4682 17.4969 16.9216 15.3394 10.8318 4.62801 1.36394 -0.0340867 0.0856656 0.084141 0.086094 0.0886591 0.0928326 0.093421 0.0900612 0.0927217 0.0938717 0.0918916 0.0903481 0.0868405 0.0819156 0.0716129 0.053427 0.0461889 0.0523453 0.070959 0.0957077 0.0850294 0.0858086 0.100902 0.119374 0.103386 0.100154
22.4969 23.6061 24.0384 24.9344 25.6544 25.9874 26.4461 26.7924 27.0688 27.2051 27.4917 27.6493 27.5591 27.3701 27.1339 26.7877 26.5147 26.2734 25.8083 25.2975 24.9135 23.6835 22.2146 21.1105 20.5564 20.0055 19.4026 18.7685 20.1767 21.4644 22.9283 24.8128 25.637 26.7877 27.2368 27.6878 23.7381 19.9199 18.0438 17.3489 16.5237 12.875 6.9931 1.85407 0.0816456 0.107089 0.095022 0.0926431 0.0916798 0.0936479 0.0931581 0.0919139 0.0911743 0.0869925 0.0790177 0.0867928 0.0887087 0.0838277 0.076964 0.0795371 0.0677773 0.0533338 0.0648809 0.0873219 0.0866029 0.0863459 0.0943249 0.104638 0.114062 0.104547
23.1823 23.7041 24.0368 24.8741 25.4767 26.1243 26.8029 27.2144 27.6039 27.7945 28.0415 28.2234 28.1941 28.0787 27.7884 27.539 27.575 26.84 26.555 25.963 25.2361 24.4304 23.1791 21.993 21.3922 20.7838 20.2861 19.7174 19.1016 20.3386 21.8137 23.4165 26.0154 26.3147 27.4672 28.2439 26.5669 22.4925 18.8035 17.8048 17.1405 14.4185 9.41909 3.04984 0.45486 0.059864 0.0935209 0.0922356 0.0913056 0.0903882 0.0893125 0.0841318 0.0864471 0.0871879 0.0886161 0.0813029 0.0838809 0.0828482 0.0836157 0.080743 0.0799512 0.0570052 0.0544171 0.0819338 0.0894653 0.0892763 0.0702979 0.0822898 0.101469 0.094178
23.3348 23.8468 24.3183 25.1593 25.2628 25.2023 26.4581 27.6437 28.043 28.2471 28.6548 28.8827 28.8159 28.7805 28.7775 28.5257 28.4355 27.7557 27.2864 26.1029 25.5323 24.8124 24.1638 23.308 22.2627 21.5491 20.944 20.6696 20.2204 19.5812 20.6681 21.6401 24.438 25.7182 27.0097 27.4296 28.8706 24.825 20.271 18.1022 17.8839 15.9101 11.1213 5.12676 0.966964 -0.0582766 0.092002 0.0908389 0.0891088 0.0877643 0.0845722 0.0830551 0.0891557 0.0845615 0.0891311 0.0830935 0.0808946 0.0808906 0.0812959 0.0825 0.0820556 0.0850692 0.063979 0.072488 0.0826493 0.0778976 0.0619635 0.0720127 0.0895431 0.083874
23.3102 23.8966 24.6468 25.6292 25.6772 25.3308 26.2004 28.1581 28.4076 28.4884 29.3788 29.4496 29.3952 29.3559 29.4744 29.0753 28.8316 27.8493 27.0321 26.5786 25.8298 25.3217 25.1273 24.4089 23.3942 22.2976 21.7618 21.5091 21.1588 20.7976 20.2158 20.5301 22.291 26.5955 28.1501 27.6851 30.0105 27.645 22.1473 19.1351 18.5476 17.1087 13.5558 7.84265 2.4431 0.175299 0.0731133 0.0890331 0.0908533 0.0897383 0.0861313 0.0880906 0.0862707 0.0838929 0.0860851 0.0831955 0.0780989 0.0790461 0.076535 0.0785754 0.080975 0.0887559 0.0695753 0.0666567 0.083018 0.0724344 0.0696984 0.0665293 0.0822406 0.090914
23.3687 23.9411 24.9912 25.8635 25.9131 26.0365 26.7262 28.3695 28.5899 29.0074 29.9419 30.0442 30.0599 30.0233 29.8038 29.4156 28.7462 27.7983 27.3132 26.6786 26.3541 26.2713 25.8589 25.4048 24.6595 23.7984 22.8934 22.3368 22.1488 21.9276 21.6518 20.5772 20.5982 24.48 27.0788 27.4516 28.5023 28.7698 25.5773 20.2149 18.714 18.0875 15.4318 9.89339 4.06722 0.252752 0.088942 0.0907189 0.0887599 0.0901788 0.0910124 0.0920385 0.089033 0.0836512 0.0807689 0.0825396 0.0719159 0.0721574 0.0723628 0.0692549 0.074767 0.09207 0.0741847 0.0715898 0.0747785 0.0764575 0.0741476 0.0697791 0.081995 0.0929846
23.6012 24.2195 25.3557 25.9932 26.0644 26.7236 27.1957 28.3672 28.5176 29.6936 30.3066 30.4388 30.4829 30.4064 30.0483 29.3299 28.6687 27.9662 27.4363 26.9957 26.9596 27.0163 26.8076 26.369 25.9573 25.3277 24.1669 23.3088 23.1049 23.0197 22.9193 22.4321 21.7265 24.0623 27.1125 28.2843 28.5679 28.8209 27.7288 22.8668 19.1213 18.9452 16.6326 11.879 6.14972 1.05462 -0.00167414 0.0868094 0.0854707 0.0896066 0.0945086 0.0935729 0.0892359 0.0844684 0.0827726 0.0839809 0.0766652 0.0710754 0.0716414 0.0762459 0.0792116 0.0872656 0.101205 0.0843054 0.0787707 0.0822653 0.0821691 0.0799178 0.087625 0.0960813
23.6321 24.3293 25.6652 26.3054 26.5568 27.0269 26.9885 28.1125 29.3197 30.1298 30.7005 31.0337 31.0857 30.2979 29.7904 29.0497 28.5135 28.1695 27.6694 27.6557 27.6248 27.5778 27.5794 27.2476 27.054 26.4909 25.4989 24.6286 24.2593 24.0385 23.9116 23.7923 23.4931 23.853 26.3611 27.7523 27.9894 29.2743 28.6606 25.4543 20.8524 19.7685 17.9302 14.3053 8.54692 2.64742 0.228709 0.0739815 0.0857344 0.089363 0.0924938 0.0924467 0.089235 0.0829034 0.07746 0.0811991 0.0699212 0.0706659 0.0640391 0.0732668 0.0806127 0.082514 0.101532 0.0818618 0.0834463 0.0956881 0.100033 0.0948498 0.0933495 0.0992626
23.3983 24.1654 25.721 26.3337 26.6879 27.316 27.5241 28.0309 28.8925 30.3207 31.1257 31.119 30.6484 30.0744 29.3557 28.97 28.7537 28.1303 27.983 28.1334 28.1894 28.1292 28.0131 28.0134 27.8216 27.3962 26.8084 26.2292 25.4441 24.9621 24.6676 24.7085 24.6564 24.3012 26.066 27.7475 27.9476 29.0801 28.4183 27.4684 23.1755 20.2978 19.0937 15.9951 10.2002 4.57002 0.649539 0.0419059 0.0840845 0.0854735 0.0800434 0.0827909 0.0820426 0.0805536 0.0807042 0.0835547 0.0661551 0.0623507 0.0623284 0.0648342 0.073123 0.0804953 0.108712 0.0931625 0.0828355 0.0939421 0.100951 0.113092 0.101847 0.0968942
22.7593 23.7444 25.4302 26.0395 26.4758 27.2816 27.7143 28.0212 28.4739 29.9037 30.8869 30.7991 30.37 29.6538 29.2178 28.8343 28.5714 28.5576 28.7157 28.4978 28.4717 28.6401 28.6718 28.55 28.3904 28.1504 27.836 27.444 26.6484 25.8744 25.5738 25.4868 25.6011 25.6055 25.5887 27.7348 27.8575 27.9314 29.2417 29.0236 26.1944 21.7732 19.888 18.1488 12.9504 6.89841 2.42828 -0.0911712 0.0883514 0.0844294 0.0814807 0.0678373 0.0677033 0.0792669 0.0840624 0.0838396 0.0780571 0.066086 0.0596063 0.066241 0.0711922 0.0813851 0.112541 0.102553 0.0932792 0.095301 0.0956003 0.107647 0.118978 0.098645
22.661 23.674 25.0679 25.4322 25.8798 26.7953 27.3872 27.8937 28.2347 29.6592 30.7885 30.7725 30.2023 29.4609 29.1822 28.7472 28.6836 28.9968 29.1429 28.9592 28.9269 29.0665 29.1385 28.9812 28.7946 28.7392 28.6909 28.371 27.6778 27.0368 26.5154 26.3341 26.3763 26.3965 26.2379 27.1514 28.4278 28.4268 30.0484 29.6608 27.8545 23.8779 20.4137 19.4929 15.7037 9.23118 5.04741 0.908431 0.136494 0.0919551 0.0886612 0.0783594 0.0660313 0.0431258 0.0782816 0.0808021 0.0780164 0.0721243 0.0676256 0.0708215 0.0708941 0.0889387 0.125468 0.105808 0.102907 0.0968481 0.090838 0.0938713 0.117965 0.111564
21.928 23.9789 24.7789 25.0078 25.4343 26.1124 26.8766 27.4123 27.9729 29.8916 30.8293 30.4073 29.7438 29.3509 29.0352 28.7884 28.9519 29.228 29.3569 29.3035 29.431 29.4559 29.3104 29.2368 29.2931 29.2753 29.1658 29.0973 28.7256 28.0651 27.4299 27.0975 26.9901 27.0601 26.9208 27.229 28.8972 27.9725 29.5268 29.4868 28.3528 26.2207 21.7002 20.4622 18.5525 12.9411 8.02707 4.30625 0.720773 0.0509217 0.0926587 0.0880079 0.0778481 0.0414241 0.0579298 0.0801934 0.0811178 0.0765061 0.073727 0.072489 0.0770837 0.0968075 0.120064 0.104267 0.101416 0.106943 0.0976646 0.0961418 0.101689 0.121433
21.0617 23.766 24.2652 24.6058 25.4197 25.9739 26.4455 26.76 28.049 29.8171 30.2479 29.9028 29.3527 29.2053 28.8535 28.7572 29.1063 29.3114 29.5348 29.6513 29.6786 29.6634 29.738 29.6331 29.7487 29.7969 29.6078 29.5292 29.3742 28.9073 28.5085 27.8651 27.6408 27.5433 27.633 27.667 29.1251 29.0341 30.1752 29.8414 29.5786 28.0277 24.4454 21.1689 20.1883 16.9166 11.2538 6.33017 1.82803 0.0527466 0.0947886 0.0921287 0.0874711 0.0757813 0.0571489 0.0670783 0.0768052 0.0785959 0.0770629 0.083286 0.0830325 0.0940422 0.124341 0.0981186 0.100904 0.10497 0.109298 0.09775 0.0997299 0.108515
20.3584 23.247 23.6638 23.9774 25.3414 26.0378 26.3302 26.3129 28.5174 29.6518 29.4403 29.1508 28.9161 28.7871 28.8365 28.9588 29.108 29.2055 29.6323 29.7908 29.8767 30.0185 30.0701 30.021 29.9814 30.1047 30.0464 29.9315 29.7664 29.7115 29.5368 28.9676 28.4503 28.2784 28.5116 28.1312 28.9703 29.6082 29.2509 29.7553 30.444 28.9827 26.6038 22.6735 21.0572 19.3541 15.062 9.29002 2.76178 1.17494 0.0951252 0.0941849 0.0921857 0.0895919 0.0780116 0.0443813 0.0548831 0.0769528 0.0780319 0.0825094 0.0835365 0.0963893 0.122987 0.104423 0.103296 0.102186 0.107356 0.101706 0.0958996 0.0975664
20.9504 22.5189 22.6645 23.3375 24.724 25.5475 25.9115 26.1701 28.4647 28.942 28.8924 28.5512 28.454 28.3491 28.6991 28.9099 29.0528 29.3061 29.7315 29.8077 29.947 30.2647 30.3447 30.2752 30.2275 30.401 30.3487 30.2536 30.2021 30.2304 30.2301 29.9784 29.3608 28.9182 28.744 28.9072 28.8244 30.2019 30.2282 30.0905 29.4886 29.637 27.9685 25.103 21.5837 20.7371 18.1481 12.3746 6.24483 2.12968 -0.105678 0.0938114 0.0935795 0.093894 0.0911921 0.0732209 0.040608 0.0581713 0.0748278 0.0800617 0.0798097 0.0884091 0.119737 0.109893 0.102983 0.101628 0.103249 0.104468 0.0971618 0.094368
22.3151 22.527 22.3257 23.0469 23.8215 24.5082 25.1548 26.4548 28.2013 28.5508 28.3021 27.8842 27.8021 27.8183 28.1453 28.4049 28.7307 29.3018 29.7501 29.6203 30.0954 30.4025 30.4951 30.5412 30.6435 30.59 30.5832 30.4755 30.5066 30.6878 30.7567 30.6097 30.0799 29.4346 29.3289 29.4286 29.3642 30.2561 30.5733 30.6759 30.3438 30.2778 28.9894 26.6871 23.7185 21.4759 19.4587 15.7088 9.25128 3.85044 0.792368 0.130514 0.0451648 0.0927861 0.095015 0.0903417 0.0665887 0.0358221 0.0637916 0.0745938 0.0781761 0.0859077 0.109623 0.104504 0.102227 0.0991648 0.0994098 0.0984269 0.0972736 0.0975842
