data/RealTopo/Outputs_RealTopo/relWog_02RealTopo_null_TRENT2D_pfv.asc
ncols 490
nrows 555
cellsize  5.000
xllcenter   167455.00
yllcenter   361955.00
NODATA_value nan
[rows 273 to 311 of 555, columns 267 to 355 of 490]
4.084 4.822 5.862 6.795 8.028 8.267 9.094 9.503 11.827 14.653 17.595 18.863 21.051 21.651 22.494 23.181 23.063 23.393 23.293 22.524 22.494 21.678 19.069 14.952 5.628 0.928 0.282 0.457 0.399 0.501 0.429 0.392 0.347 nan nan nan nan nan nan nan nan nan nan nan nan nan nan nan nan nan nan nan nan nan nan nan nan nan nan nan nan nan nan nan nan nan nan nan nan nan nan nan nan nan nan nan nan nan nan nan nan nan nan nan nan nan nan nan nan
3.970 4.286 5.476 6.757 7.375 8.337 8.764 8.683 10.351 12.823 15.230 17.917 19.790 21.342 22.230 23.529 22.963 23.346 22.798 22.707 23.122 22.234 20.314 18.610 12.061 3.198 0.480 0.512 0.430 0.497 0.372 0.358 0.339 nan nan nan nan nan nan nan nan nan nan nan nan nan nan nan nan nan nan nan nan nan nan nan nan nan nan nan nan nan nan nan nan nan nan nan nan nan nan nan nan nan nan nan nan nan nan nan nan nan nan nan nan nan nan nan nan
4.955 4.049 5.054 5.740 6.685 8.004 8.506 9.375 9.462 12.279 14.072 17.458 19.728 21.995 22.687 23.134 22.748 23.514 22.685 22.709 23.040 22.781 22.113 20.648 16.743 8.566 1.160 0.556 0.574 0.541 0.382 0.359 0.334 0.073 nan nan nan nan nan nan nan nan nan nan nan nan nan nan nan nan nan nan nan nan nan nan nan nan nan nan nan nan nan nan nan nan nan nan nan nan nan nan nan nan nan nan nan nan nan nan nan nan nan nan nan nan nan nan nan
12.934 5.262 4.554 4.805 6.042 7.495 7.862 9.097 9.678 11.561 14.301 16.976 19.431 20.895 22.253 21.965 22.619 22.290 22.950 23.313 23.219 23.224 23.212 21.723 19.891 14.797 5.129 0.833 0.569 0.634 0.401 0.377 0.348 0.170 nan nan nan nan nan nan nan nan nan nan nan nan nan nan nan nan nan nan nan nan nan nan nan nan nan nan nan nan nan nan nan nan nan nan nan nan nan nan nan nan nan nan nan nan nan nan nan nan nan nan nan nan nan nan nan
20.519 13.535 5.774 4.505 5.805 7.283 8.452 9.227 10.316 11.127 14.114 16.289 18.398 19.849 20.485 21.609 22.261 22.621 22.568 22.816 22.965 23.691 23.070 22.479 21.214 18.069 11.459 2.661 0.679 0.681 0.415 0.405 0.352 0.204 0.169 nan nan nan nan nan nan nan nan nan nan nan nan nan nan nan nan nan nan nan nan nan nan nan nan nan nan nan nan nan nan nan nan nan nan nan nan nan nan nan nan nan nan nan nan nan nan nan nan nan nan nan nan nan nan
25.466 20.970 14.143 6.639 5.788 7.095 8.192 8.666 10.438 11.217 13.030 15.153 17.406 19.072 20.019 21.791 21.812 22.739 22.932 23.097 23.436 23.911 22.965 22.639 21.262 19.759 16.383 8.420 0.877 0.643 0.435 0.408 0.354 0.212 0.190 nan nan nan nan nan nan nan nan nan nan nan nan nan nan nan nan nan nan nan nan nan nan nan nan nan nan nan nan nan nan nan nan nan nan nan nan nan nan nan nan nan nan nan nan nan nan nan nan nan nan nan nan nan nan
28.755 26.408 22.023 14.878 8.040 6.240 7.837 8.744 10.036 11.144 12.793 14.592 16.390 18.266 21.225 21.777 22.547 23.235 23.303 23.503 23.725 22.866 22.629 22.942 21.909 20.292 18.470 13.765 5.069 0.833 0.434 0.422 0.347 0.209 0.166 nan nan nan nan nan nan nan nan nan nan nan nan nan nan nan nan nan nan nan nan nan nan nan nan nan nan nan nan nan nan nan nan nan nan nan nan nan nan nan nan nan nan nan nan nan nan nan nan nan nan nan nan nan nan
31.478 29.452 27.045 22.376 16.168 11.102 6.734 7.763 9.061 10.240 12.136 13.878 15.193 17.712 20.428 21.526 22.572 22.905 22.852 23.154 23.293 23.390 23.437 23.298 21.949 21.439 20.402 17.364 11.169 2.672 0.553 0.411 0.364 0.209 0.186 nan nan nan nan nan nan nan nan nan nan nan nan nan nan nan nan nan nan nan nan nan nan nan nan nan nan nan nan nan nan nan nan nan nan nan nan nan nan nan nan nan nan nan nan nan nan nan nan nan nan nan nan nan nan
33.414 31.716 30.338 27.327 22.575 18.084 11.679 7.397 9.045 10.344 12.101 13.032 14.568 18.306 20.126 21.784 22.042 22.417 22.281 23.078 23.654 23.735 23.707 23.433 23.145 22.388 21.307 19.504 16.067 7.986 0.536 0.356 0.346 0.226 nan nan nan nan nan nan nan nan nan nan nan nan nan nan nan nan nan nan nan nan nan nan nan nan nan nan nan nan nan nan nan nan nan nan nan nan nan nan nan nan nan nan nan nan nan nan nan nan nan nan nan nan nan nan nan
35.572 34.508 32.278 29.946 26.057 22.523 18.312 13.356 9.015 10.054 11.788 14.237 16.165 17.525 19.597 20.456 21.524 22.302 23.078 23.005 23.638 23.269 23.237 23.004 23.128 22.781 21.868 20.625 18.486 13.590 3.666 0.456 0.308 0.194 nan nan nan nan nan nan nan nan nan nan nan nan nan nan nan nan nan nan nan nan nan nan nan nan nan nan nan nan nan nan nan nan nan nan nan nan nan nan nan nan nan nan nan nan nan nan nan nan nan nan nan nan nan nan nan
36.871 35.259 33.775 31.808 29.362 26.656 23.618 19.489 13.370 9.820 11.487 13.617 15.612 17.078 18.629 20.072 21.759 22.385 22.646 22.581 22.703 22.945 23.615 23.592 23.211 23.142 22.474 21.484 20.116 17.058 9.132 0.856 0.437 0.174 nan nan nan nan nan nan nan nan nan nan nan nan nan nan nan nan nan nan nan nan nan nan nan nan nan nan nan nan nan nan nan nan nan nan nan nan nan nan nan nan nan nan nan nan nan nan nan nan nan nan nan nan nan nan nan
37.662 36.777 35.673 33.851 31.729 29.552 27.386 23.859 19.563 14.637 11.055 11.942 14.275 15.774 17.626 19.078 19.673 20.330 21.471 22.083 22.472 23.462 24.243 24.051 23.769 23.752 23.245 22.209 21.361 19.279 14.812 4.067 0.712 0.285 nan nan nan nan nan nan nan nan nan nan nan nan nan nan nan nan nan nan nan nan nan nan nan nan nan nan nan nan nan nan nan nan nan nan nan nan nan nan nan nan nan nan nan nan nan nan nan nan nan nan nan nan nan nan nan
38.684 37.153 36.683 35.360 33.327 31.760 30.695 28.356 24.541 19.388 15.036 12.064 13.475 15.242 16.833 18.026 19.112 19.812 20.638 21.799 22.826 23.595 24.786 24.886 24.672 24.133 23.608 23.284 22.292 20.728 17.707 8.791 1.059 0.500 nan nan nan nan nan nan nan nan nan nan nan nan nan nan nan nan nan nan nan nan nan nan nan nan nan nan nan nan nan nan nan nan nan nan nan nan nan nan nan nan nan nan nan nan nan nan nan nan nan nan nan nan nan nan nan
39.530 39.002 38.210 36.328 34.998 34.315 32.148 29.224 27.815 22.778 19.342 12.385 14.660 15.673 16.838 17.814 18.919 19.955 20.717 21.944 23.322 23.813 25.505 25.504 25.228 25.317 25.487 25.069 23.387 21.908 19.899 14.520 4.757 0.889 0.124 nan 0.056 nan nan nan nan nan nan nan nan nan nan nan nan nan nan nan nan nan nan nan nan nan nan nan nan nan nan nan nan nan nan nan nan nan nan nan nan nan nan nan nan nan nan nan nan nan nan nan nan nan nan nan nan
41.186 40.313 39.792 38.326 37.493 35.282 33.595 31.173 29.277 25.448 22.144 19.569 16.270 16.720 17.536 18.395 19.564 20.636 21.278 22.298 23.730 24.854 25.472 25.481 25.546 25.708 25.891 25.630 25.330 24.640 21.878 17.546 9.629 2.467 1.439 0.548 0.185 nan nan nan nan nan nan nan nan nan nan nan nan nan nan nan nan nan nan nan nan nan nan nan nan nan nan nan nan nan nan nan nan nan nan nan nan nan nan nan nan nan nan nan nan nan nan nan nan nan nan nan nan
40.251 40.201 39.786 39.040 37.150 36.280 34.628 33.707 31.808 28.582 24.686 22.185 20.053 18.762 18.904 19.575 20.101 20.562 21.655 22.742 23.841 24.428 25.059 25.844 25.982 26.511 26.494 26.437 26.084 24.837 23.019 20.219 15.203 6.576 2.517 0.872 0.229 0.125 nan nan nan nan nan nan nan nan nan nan nan nan nan nan nan nan nan nan nan nan nan nan nan nan nan nan nan nan nan nan nan nan nan nan nan nan nan nan nan nan nan nan nan nan nan nan nan nan nan nan nan
40.321 40.383 40.165 39.493 38.323 36.992 35.781 34.716 34.095 33.183 28.566 24.196 22.391 21.754 20.560 20.542 21.198 22.095 21.778 22.083 22.894 24.364 25.419 26.380 26.655 26.550 26.510 26.136 25.595 24.264 23.743 21.850 18.398 12.136 4.905 1.267 0.450 0.205 0.092 nan nan nan nan nan nan nan nan nan nan nan nan nan nan nan nan nan nan nan nan nan nan nan nan nan nan nan nan nan nan nan nan nan nan nan nan nan nan nan nan nan nan nan nan nan nan nan nan nan nan
39.342 41.158 39.829 39.736 40.056 38.571 38.808 38.317 37.825 34.596 31.315 28.296 25.610 24.698 23.536 22.358 22.163 22.825 23.267 22.874 23.774 24.766 25.446 26.237 26.577 25.779 25.453 25.241 24.628 24.651 24.527 23.086 20.443 16.445 9.496 2.787 0.617 0.290 0.157 0.095 nan nan nan nan nan nan nan nan nan nan nan nan nan nan nan nan nan nan nan nan nan nan nan nan nan nan nan nan nan nan nan nan nan nan nan nan nan nan nan nan nan nan nan nan nan nan nan nan nan
40.161 39.946 41.223 41.654 41.970 40.933 39.657 40.701 39.812 37.736 33.973 30.732 28.180 26.610 25.947 25.536 25.055 24.428 25.137 25.017 24.756 25.117 25.688 26.423 25.101 25.569 25.801 25.413 25.416 24.817 24.148 23.615 22.141 19.330 13.823 6.291 1.017 0.385 0.222 0.095 nan nan nan nan nan nan nan nan nan nan nan nan nan nan nan nan nan nan nan nan nan nan nan nan nan nan nan nan nan nan nan nan nan nan nan nan nan nan nan nan nan nan nan nan nan nan nan nan nan
41.067 42.093 41.580 43.035 42.607 41.764 41.284 41.534 37.687 37.215 35.444 32.698 30.732 28.036 27.449 27.692 26.717 25.981 27.405 27.116 24.811 24.936 25.908 25.692 25.595 26.033 25.795 25.822 25.774 25.101 24.418 24.284 23.593 21.464 17.248 11.069 2.535 0.464 0.232 0.136 0.123 nan nan nan nan nan nan nan nan nan nan nan nan nan nan nan nan nan nan nan nan nan nan nan nan nan nan nan nan nan nan nan nan nan nan nan nan nan nan nan nan nan nan nan nan nan nan nan nan
40.434 42.183 41.878 45.248 45.352 42.804 41.641 39.772 37.587 35.960 35.446 33.062 31.883 30.486 29.013 28.586 27.833 27.319 29.626 28.655 26.293 25.903 25.450 25.558 26.092 26.449 26.100 26.657 25.924 25.370 24.968 25.041 24.421 22.813 19.859 14.676 6.101 0.953 0.350 0.242 0.172 nan nan nan nan nan nan nan nan nan nan nan nan nan nan nan nan nan nan nan nan nan nan nan nan nan nan nan nan nan nan nan nan nan nan nan nan nan nan nan nan nan nan nan nan nan nan nan nan
40.872 43.625 44.845 45.989 43.297 42.029 40.252 39.574 38.346 36.741 35.261 34.454 33.341 32.031 30.767 29.504 29.254 28.750 31.310 29.855 27.668 27.178 26.440 26.150 24.956 25.795 26.419 25.359 25.209 25.723 25.530 25.916 25.114 23.950 21.986 17.618 11.077 2.430 0.505 0.327 0.155 nan nan nan nan nan nan nan nan nan nan nan nan nan nan nan nan nan nan nan nan nan nan nan nan nan nan nan nan nan nan nan nan nan nan nan nan nan nan nan nan nan nan nan nan nan nan nan nan
40.781 45.332 44.541 41.320 40.800 40.304 39.874 39.005 37.937 37.423 35.996 35.232 33.975 33.092 32.079 30.851 30.564 30.751 32.020 30.413 28.929 27.764 27.419 26.872 26.311 26.017 25.552 25.917 25.935 26.469 26.361 26.498 26.241 25.375 23.622 20.098 14.696 5.483 1.292 0.388 0.162 0.038 nan nan nan nan nan nan nan nan nan nan nan nan nan nan nan nan nan nan nan nan nan nan nan nan nan nan nan nan nan nan nan nan nan nan nan nan nan nan nan nan nan nan nan nan nan nan nan
42.039 44.915 42.045 40.364 40.579 40.247 39.821 39.269 38.553 37.472 36.646 35.837 35.212 34.048 33.391 32.815 32.225 32.640 32.289 31.014 29.365 28.916 28.757 27.848 27.595 26.729 26.511 26.804 27.296 26.786 26.883 26.261 26.576 25.732 24.816 22.187 17.557 8.630 3.444 0.349 0.188 0.055 nan nan nan nan nan nan nan nan nan nan nan nan nan nan nan nan nan nan nan nan nan nan nan nan nan nan nan nan nan nan nan nan nan nan nan nan nan nan nan nan nan nan nan nan nan nan nan
42.582 41.942 40.397 39.861 41.527 41.654 40.471 39.289 39.056 38.155 37.595 36.496 36.294 35.539 34.501 34.041 33.851 32.902 33.054 31.735 30.935 30.328 30.102 29.368 28.629 28.044 27.996 27.634 27.417 27.579 27.541 26.798 26.718 26.187 26.910 24.113 20.331 12.622 7.331 0.969 0.279 0.060 nan nan nan nan nan nan nan nan nan nan nan nan nan nan nan nan nan nan nan nan nan nan nan nan nan nan nan nan nan nan nan nan nan nan nan nan nan nan nan nan nan nan nan nan nan nan nan
41.455 40.689 40.328 41.410 42.028 40.996 40.414 40.293 39.968 38.713 37.740 37.219 36.831 36.998 36.076 35.362 33.936 33.454 33.382 32.689 32.390 32.358 31.713 30.797 30.493 28.693 28.667 28.267 28.135 28.286 27.849 27.703 27.263 27.494 27.291 25.226 22.459 17.656 11.948 3.117 0.317 0.069 nan nan nan nan nan nan nan nan nan nan nan nan nan nan nan nan nan nan nan nan nan nan nan nan nan nan nan nan nan nan nan nan nan nan nan nan nan nan nan nan nan nan nan nan nan nan nan
41.008 39.613 40.376 40.765 40.532 39.618 40.148 41.179 41.140 40.363 39.439 38.525 37.881 36.815 36.883 36.686 34.969 34.881 34.357 34.222 34.156 32.649 32.854 32.141 31.545 30.049 30.709 28.009 29.108 28.841 28.479 27.936 27.630 28.383 27.263 25.816 23.855 20.046 15.062 6.754 0.877 nan nan nan nan nan nan nan nan nan nan nan nan nan nan nan nan nan nan nan nan nan nan nan nan nan nan nan nan nan nan nan nan nan nan nan nan nan nan nan nan nan nan nan nan nan nan nan nan
41.440 40.210 40.831 39.857 40.358 40.888 42.818 41.487 41.409 41.004 40.919 40.033 39.234 38.199 38.109 37.041 37.077 35.888 35.007 35.494 35.568 34.918 33.955 33.363 32.386 31.723 31.387 30.247 29.301 29.767 29.420 27.705 27.113 27.769 26.748 26.311 24.464 21.905 17.865 10.432 2.987 0.505 0.125 nan nan nan nan nan nan nan nan nan nan nan nan nan nan nan nan nan nan nan nan nan nan nan nan nan nan nan nan nan nan nan nan nan nan nan nan nan nan nan nan nan nan nan nan nan nan
45.952 39.490 39.561 40.063 41.509 42.625 40.749 37.581 38.764 39.375 39.634 39.257 38.806 39.304 38.766 38.393 37.844 36.816 36.003 36.149 37.133 36.310 35.013 34.084 33.813 32.904 31.909 32.937 29.897 30.152 28.550 27.895 27.534 28.129 27.380 26.481 25.535 23.715 20.471 14.708 5.059 1.248 0.162 nan nan nan nan nan nan nan nan nan nan nan nan nan nan nan nan nan nan nan nan nan nan nan nan nan nan nan nan nan nan nan nan nan nan nan nan nan nan nan nan nan nan nan nan nan nan
49.442 39.033 39.427 40.786 42.465 37.749 37.451 37.903 38.057 38.351 39.104 39.557 38.708 39.219 39.455 39.272 39.235 38.298 37.645 36.584 36.940 35.884 34.703 34.174 34.678 34.529 34.857 32.754 31.886 31.077 28.936 28.832 28.260 28.593 27.236 27.011 26.762 26.083 23.340 18.511 9.546 2.981 0.486 nan nan nan nan nan nan nan nan nan nan nan nan nan nan nan nan nan nan nan nan nan nan nan nan nan nan nan nan nan nan nan nan nan nan nan nan nan nan nan nan nan nan nan nan nan nan
47.083 46.131 41.548 41.500 40.141 37.637 36.616 36.946 37.873 38.899 38.935 39.745 38.867 38.464 39.269 39.537 39.720 38.733 37.554 36.642 36.538 36.395 35.299 34.680 34.644 34.920 33.812 33.285 33.186 31.000 30.011 29.151 28.710 28.613 27.962 28.515 27.619 27.093 25.359 22.598 15.058 6.008 0.892 0.096 nan nan nan nan nan nan nan nan nan nan nan nan nan nan nan nan nan nan nan nan nan nan nan nan nan nan nan nan nan nan nan nan nan nan nan nan nan nan nan nan nan nan nan nan nan
46.777 51.534 37.966 38.250 37.685 35.981 36.323 37.223 38.285 39.603 39.753 39.132 39.260 38.694 38.029 38.492 38.703 37.431 37.336 36.664 36.658 36.233 35.738 35.428 36.100 35.220 34.793 34.395 34.412 31.729 31.170 29.858 29.945 29.415 29.540 28.783 28.126 28.240 26.877 24.231 18.132 8.882 1.439 0.226 nan nan nan nan nan nan nan nan nan nan nan nan nan nan nan nan nan nan nan nan nan nan nan nan nan nan nan nan nan nan nan nan nan nan nan nan nan nan nan nan nan nan nan nan nan
42.301 44.491 36.783 36.603 36.066 36.354 37.119 38.988 39.959 40.548 40.014 38.978 39.141 38.896 38.985 38.825 37.788 37.261 37.419 37.316 36.828 36.727 36.133 36.102 36.414 36.580 36.187 35.620 34.425 34.239 31.121 30.840 30.667 30.328 29.664 29.327 29.214 28.834 26.869 25.364 20.798 12.569 2.382 0.367 0.067 nan nan nan nan nan nan nan nan nan nan nan nan nan nan nan nan nan nan nan nan nan nan nan nan nan nan nan nan nan nan nan nan nan nan nan nan nan nan nan nan nan nan nan nan
42.742 42.070 35.359 35.427 35.554 36.604 37.938 39.516 39.827 40.796 39.372 38.426 38.784 38.977 40.003 39.215 38.472 38.117 37.646 37.835 37.425 37.207 36.413 36.447 37.331 37.441 37.060 36.595 36.099 35.801 32.825 32.503 31.291 30.604 30.492 30.208 29.772 28.924 27.818 26.558 22.662 15.912 4.015 0.619 0.126 nan nan nan nan nan nan nan nan nan nan nan nan nan nan nan nan nan nan nan nan nan nan nan nan nan nan nan nan nan nan nan nan nan nan nan nan nan nan nan nan nan nan nan nan
37.093 43.249 34.551 34.594 35.467 37.152 38.504 39.986 39.969 39.049 37.960 37.508 38.364 39.587 40.285 39.942 39.211 38.632 38.389 38.375 38.104 37.478 36.899 36.471 36.858 37.613 38.357 37.546 37.112 37.346 34.407 31.783 31.422 31.766 31.196 30.015 29.451 29.232 28.649 27.567 24.601 18.909 8.006 0.825 0.212 nan nan nan nan nan nan nan nan nan nan nan nan nan nan nan nan nan nan nan nan nan nan nan nan nan nan nan nan nan nan nan nan nan nan nan nan nan nan nan nan nan nan nan nan
34.348 44.172 32.942 34.264 35.961 38.341 38.218 38.378 37.776 37.390 37.500 37.923 38.978 39.643 40.709 40.531 39.888 39.690 39.565 38.608 38.025 37.388 37.179 36.777 36.579 37.352 38.716 39.329 39.247 37.021 34.894 32.397 32.692 31.684 31.303 30.508 30.060 29.950 29.324 28.312 25.821 21.146 13.265 2.789 0.451 0.066 nan nan nan nan nan nan nan nan nan nan nan nan nan nan nan nan nan nan nan nan nan nan nan nan nan nan nan nan nan nan nan nan nan nan nan nan nan nan nan nan nan nan nan
35.726 36.830 31.131 33.434 35.471 38.065 38.501 36.958 36.785 37.324 37.332 37.822 38.711 40.000 40.915 41.268 41.082 41.020 40.074 37.977 37.724 37.495 37.422 37.146 37.165 38.472 40.123 40.910 39.072 37.608 36.648 33.679 31.876 31.835 31.111 31.261 31.002 30.095 29.545 28.877 26.964 23.239 16.940 5.847 1.298 0.180 nan nan nan nan nan nan nan nan nan nan nan nan nan nan nan nan nan nan nan nan nan nan nan nan nan nan nan nan nan nan nan nan nan nan nan nan nan nan nan nan nan nan nan
33.601 32.922 32.147 34.190 38.600 40.210 42.910 35.120 35.747 36.255 37.214 38.319 39.254 39.418 40.670 42.242 42.006 40.097 38.134 37.553 37.788 37.865 37.725 37.576 37.850 39.308 40.924 40.997 40.069 39.458 37.227 35.137 33.048 32.043 32.048 31.222 30.665 30.271 29.924 28.699 27.790 25.177 20.803 11.350 3.141 0.450 nan nan nan nan nan nan nan nan nan nan nan nan nan nan nan nan nan nan nan nan nan nan nan nan nan nan nan nan nan nan nan nan nan nan nan nan nan nan nan nan nan nan nan
32.226 31.944 32.173 32.374 40.501 38.984 39.600 35.761 35.566 35.021 36.164 37.413 38.400 39.212 40.876 42.898 40.861 38.075 37.479 37.388 37.739 38.020 38.293 38.152 38.141 39.754 41.712 42.184 41.655 40.949 37.547 35.746 34.072 33.366 32.527 31.750 30.926 30.396 29.699 29.220 28.736 27.326 23.172 15.445 6.683 1.044 nan nan nan nan nan nan nan nan nan nan nan nan nan nan nan nan nan nan nan nan nan nan nan nan nan nan nan nan nan nan nan nan nan nan nan nan nan nan nan nan nan nan nan
