data/RealTopo/Outputs_RealTopo/relWog_null_02RealTopo_faSavageHutterFoamGamma_pft.asc
ncols 490
nrows 555
xllcenter 167455
yllcenter 361955
cellsize 5
NODATA_value -9999
[rows 261 to 289 of 555, columns 201 to 267 of 490]
2.92775e-05 1.91417e-05 1.22458e-05 9.90488e-06 9.99859e-06 1.0427e-05 1.49088e-05 1.35773e-05 1.21618e-05 0.000109017 0.00302341 0.0336768 0.178221 0.447174 0.619761 0.86528 1.06361 1.42759 1.83575 2.01022 2.18597 2.35045 2.42934 2.65099 3.30335 4.80445 6.3411 7.62763 7.23728 6.41137 7.94935 13.1288 13.0951 9.52795 6.92268 3.21045 2.04458 0.73163 0.663495 0.569852 0.564182 0.524856 0.458402 0.453304 0.448794 0.424151 0.389963 0.388873 0.350509 0.296851 0.251016 0.196985 0.129226 0.0978559 0.064177 0.0487562 0.00926274 0.000614853 2.98201e-06 1.87192e-05 1.1256e-05 9.99791e-06 1.47735e-05 0.000152383 0.000714558 0.00151859 0.00291293
3.09696e-05 1.13165e-05 1.37295e-05 1.08611e-05 9.92234e-06 1.02381e-05 1.43827e-05 1.35635e-05 9.97488e-06 9.35804e-06 0.000147895 0.0054143 0.0532206 0.237002 0.513716 0.717035 0.96053 1.18898 1.59343 1.94297 2.12298 2.37087 2.51811 2.5759 2.9379 3.87893 6.0415 8.02466 8.71218 7.21725 6.84066 8.98186 9.79123 9.52402 8.50614 4.18322 2.44413 1.02332 0.850344 0.810667 0.684441 0.607563 0.563204 0.516861 0.500471 0.509777 0.468741 0.435437 0.427314 0.373375 0.306964 0.233648 0.149958 0.110811 0.0946835 0.0685358 0.0249193 0.00189864 9.61246e-05 3.17165e-05 1.34254e-05 1.06938e-05 1.06306e-05 7.8013e-05 0.000628024 0.00129448 0.00172614
2.99437e-05 8.4632e-06 1.21152e-05 1.16575e-05 9.92442e-06 1.01383e-05 1.33948e-05 1.62892e-05 1.02111e-05 9.84529e-06 1.38451e-05 0.000504217 0.00968563 0.0818128 0.309933 0.58805 0.806097 1.04904 1.2847 1.71855 2.07696 2.28501 2.55533 2.67496 2.6916 3.13245 4.40972 7.41454 9.11602 8.27478 6.64623 8.33195 9.05181 9.75502 9.91536 5.65225 3.23026 1.60478 1.03951 0.981201 0.958978 0.815253 0.7274 0.622465 0.559659 0.553542 0.587671 0.513378 0.486502 0.444852 0.382682 0.302357 0.203011 0.118896 0.10741 0.0806319 0.0456571 0.00654613 0.000669815 8.24492e-05 2.05889e-05 1.04472e-05 1.03337e-05 2.99854e-05 0.000413874 0.00119129 0.00146253
2.31235e-05 9.08107e-06 1.20045e-05 1.22873e-05 9.925e-06 9.99817e-06 1.09565e-05 1.80871e-05 1.39469e-05 1.01295e-05 1.00214e-05 3.62381e-05 0.00109715 0.017411 0.109401 0.38207 0.674769 0.894957 1.11388 1.3968 1.8413 2.24679 2.54833 2.77132 2.83029 2.82704 3.5448 5.28069 8.91338 8.79797 7.24551 8.83208 10.4079 9.09532 11.7518 8.25994 3.71454 1.96238 1.15654 1.11116 1.08115 1.07153 0.983445 0.88265 0.734952 0.624486 0.613927 0.648351 0.567039 0.510163 0.466499 0.401724 0.293051 0.161905 0.0996433 0.0934776 0.0647003 0.0190896 0.00181682 0.000234793 3.51394e-05 1.43306e-05 9.88248e-06 2.4275e-05 0.000396892 0.000976671 0.00128202
2.05595e-05 9.73521e-06 1.3263e-05 1.30423e-05 9.78843e-06 9.98435e-06 1.02712e-05 1.44375e-05 1.62738e-05 1.01591e-05 9.85976e-06 1.0154e-05 6.46182e-05 0.001965 0.0235908 0.136917 0.454114 0.747488 0.950187 1.1806 1.49151 2.00152 2.48018 2.80336 2.95779 2.96394 3.10916 3.92895 7.39215 9.17246 7.89887 8.61623 11.9114 10.0224 9.54633 10.768 4.8766 2.16392 1.29867 1.2442 1.20245 1.18286 1.12385 1.12724 1.03132 0.890225 0.705559 0.685388 0.655121 0.61557 0.566027 0.512712 0.41942 0.262156 0.131743 0.0991521 0.0829952 0.0436576 0.00961744 0.000768957 0.000116044 3.38062e-05 1.04796e-05 1.60808e-05 0.000185874 0.000905265 0.0012879
1.85778e-05 8.78271e-06 1.40159e-05 1.50804e-05 1.02362e-05 9.98896e-06 9.99817e-06 1.08512e-05 1.75165e-05 1.25418e-05 9.68894e-06 1.00534e-05 1.03145e-05 0.000115423 0.0029141 0.030079 0.160152 0.519131 0.873265 1.02647 1.22792 1.59245 2.17726 2.70693 3.05351 3.12461 3.01122 3.38884 5.44039 8.6504 9.20764 8.48648 11.365 10.9396 10.8621 13.227 5.15494 2.56232 1.49495 1.38226 1.30995 1.30867 1.2813 1.2593 1.22312 1.18426 1.04362 0.781689 0.719593 0.712944 0.686767 0.63013 0.559177 0.425231 0.234927 0.11096 0.0955506 0.0615735 0.0266907 0.00486174 0.000438643 0.000116783 3.32929e-05 1.41124e-05 7.03889e-05 0.000595095 0.00117168
1.23417e-05 1.01679e-05 1.651e-05 1.64589e-05 9.72216e-06 1.00003e-05 9.99974e-06 1.02293e-05 1.38876e-05 1.65917e-05 9.72457e-06 1.00726e-05 1.06232e-05 1.17042e-05 0.000160999 0.00355739 0.0351129 0.18402 0.601302 0.986385 1.13906 1.29474 1.72889 2.4032 2.92368 3.23504 3.17786 3.10459 4.04579 7.32458 9.27129 8.77299 8.28722 12.8943 13.0478 15.9234 7.02057 3.5258 1.83046 1.41268 1.4026 1.38611 1.42561 1.35408 1.34056 1.32722 1.34605 1.11478 0.892914 0.812578 0.805617 0.769287 0.695791 0.620506 0.435871 0.222761 0.103063 0.0798254 0.0506732 0.0194758 0.00254908 0.00055825 0.000159365 4.26244e-05 2.30789e-05 0.000191249 0.000829896
1.50503e-05 9.57423e-06 1.5056e-05 1.58485e-05 1.10944e-05 9.82498e-06 9.9995e-06 1.0015e-05 1.14053e-05 1.53756e-05 1.12562e-05 9.82154e-06 9.99973e-06 9.9977e-06 1.12525e-05 0.000219992 0.00405356 0.0356375 0.196268 0.629153 1.1008 1.23756 1.36431 1.92382 2.74805 3.23703 3.42711 3.22064 3.40547 5.12852 8.05082 9.02911 8.77853 13.7261 15.4946 13.6745 8.58864 4.80641 2.04045 1.35388 1.39783 1.44413 1.46524 1.44135 1.42392 1.44711 1.39035 1.3573 1.23376 1.04099 0.942789 0.897227 0.839505 0.776954 0.682737 0.419443 0.216842 0.10331 0.0778657 0.0376157 0.0173736 0.00308587 0.000880063 0.000192399 2.93686e-05 7.01372e-05 0.000501457
1.4694e-05 9.22887e-06 1.22177e-05 1.8272e-05 1.16001e-05 1.02163e-05 9.97422e-06 9.99977e-06 1.01669e-05 1.23673e-05 1.28382e-05 1.13585e-05 9.89204e-06 9.99987e-06 1.00106e-05 1.0452e-05 0.000221586 0.00439165 0.0371743 0.190416 0.645659 1.24109 1.40393 1.52346 2.11679 2.92287 3.28033 3.27123 3.23373 3.84357 6.41276 9.06416 9.47938 13.9501 16.9602 9.63027 10.3783 7.33047 2.09739 1.46269 1.4246 1.43613 1.45409 1.48761 1.49641 1.53733 1.45252 1.39861 1.41152 1.32672 1.16918 1.06229 1.00795 0.939354 0.839451 0.732799 0.453437 0.18632 0.109973 0.0703507 0.0371934 0.0147767 0.00309146 0.000658238 0.000113823 3.78058e-05 0.000212188
2.36914e-05 8.02029e-06 1.26297e-05 1.38198e-05 1.11368e-05 9.9791e-06 9.90555e-06 1.0007e-05 1.00822e-05 1.11265e-05 1.03285e-05 1.27893e-05 1.02238e-05 9.94348e-06 1.00236e-05 1.05242e-05 1.45791e-05 0.00023453 0.00411487 0.0316785 0.161119 0.579655 1.31993 1.62713 1.75189 2.32515 2.99775 3.28355 3.20408 3.35124 4.95981 8.23865 9.75573 13.6938 17.6082 10.162 9.77137 10.882 3.48204 1.67345 1.57288 1.47765 1.45536 1.48854 1.52552 1.60301 1.56746 1.47246 1.43081 1.4446 1.39946 1.27481 1.19487 1.1003 1.04373 0.971222 0.708634 0.443192 0.198987 0.107903 0.0583464 0.0307483 0.00982579 0.00171263 0.00041502 6.0836e-05 0.000102799
2.54181e-05 1.03172e-05 1.15047e-05 1.28104e-05 1.19564e-05 1.05761e-05 1.08206e-05 1.1847e-05 9.88152e-06 1.04144e-05 1.00004e-05 1.06847e-05 1.1155e-05 1.05054e-05 9.87983e-06 1.10039e-05 1.03966e-05 1.07821e-05 0.000128847 0.00309968 0.0259407 0.136495 0.489185 1.36255 2.01227 2.18316 2.79776 3.3691 3.46068 3.15287 4.04075 6.67484 9.39735 12.0099 15.1683 13.3104 10.6623 12.2982 6.47739 2.27957 1.83902 1.7542 1.53653 1.48648 1.50143 1.6238 1.56089 1.56209 1.5012 1.50583 1.52129 1.48708 1.38557 1.3561 1.26079 1.11315 1.03479 0.765231 0.420689 0.19947 0.0877863 0.0510572 0.0204442 0.00495894 0.000735643 0.000240002 7.45513e-05
2.04671e-05 1.28543e-05 1.29826e-05 1.10372e-05 1.09594e-05 1.06743e-05 1.11897e-05 1.16217e-05 1.03038e-05 9.97632e-06 9.99214e-06 9.99691e-06 1.14939e-05 1.1469e-05 1.05854e-05 1.07148e-05 1.0535e-05 9.95163e-06 1.24469e-05 0.00015225 0.00259956 0.0262583 0.131637 0.447319 1.38633 2.39809 2.93799 3.55637 3.9105 3.38394 3.69644 5.02669 8.11643 10.2649 14.6102 14.69 10.6428 11.9412 9.66866 3.70849 2.01486 2.01864 1.92588 1.75592 1.59582 1.54433 1.54225 1.6155 1.63308 1.65701 1.66876 1.60955 1.59148 1.53928 1.46022 1.36464 1.24208 1.08996 0.832332 0.424976 0.19469 0.0872019 0.0387221 0.0135393 0.00209971 0.000704095 0.000169781
1.74707e-05 1.95803e-05 1.42885e-05 1.09699e-05 9.9472e-06 1.00026e-05 1.00137e-05 1.00309e-05 1.03417e-05 9.99833e-06 9.98036e-06 1.01115e-05 1.11864e-05 1.11732e-05 1.05305e-05 9.90509e-06 1.00492e-05 1.10024e-05 1.20901e-05 1.6609e-05 0.000264086 0.00438879 0.0344466 0.161111 0.553008 1.36453 2.38881 3.08082 4.08338 4.10437 3.55677 3.97039 5.92812 8.34527 13.0894 15.8545 13.3086 12.777 11.8327 7.238 2.38931 2.04482 2.07495 2.0477 2.01124 1.76952 1.55322 1.60869 1.67843 1.71658 1.76166 1.78029 1.79685 1.72954 1.67437 1.58109 1.44016 1.3784 1.1491 0.888473 0.470819 0.204257 0.0659817 0.0227632 0.00397559 0.00117897 0.000592431
1.52496e-05 1.95579e-05 1.66217e-05 1.31742e-05 9.56993e-06 9.86645e-06 9.91422e-06 9.98358e-06 1.00801e-05 1.08296e-05 9.87196e-06 1.08131e-05 1.15027e-05 1.0182e-05 1.10567e-05 1.20768e-05 1.0964e-05 1.17159e-05 1.64623e-05 1.21885e-05 1.53006e-05 0.000253977 0.00363045 0.0318694 0.169196 0.622296 1.63573 2.59636 3.38524 4.29675 4.05318 3.8681 5.36106 7.19215 9.83835 15.491 15.0176 10.2911 11.6558 10.0251 4.56369 2.20978 2.11503 2.16714 2.13406 2.13256 1.82237 1.67995 1.65406 1.68315 1.71994 1.76711 1.84376 1.87598 1.91844 1.83566 1.68445 1.59052 1.5027 1.28704 0.927426 0.501987 0.191322 0.0568516 0.0127077 0.00188666 0.00102659
1.35597e-05 1.80572e-05 1.70872e-05 1.55415e-05 1.38871e-05 1.13805e-05 1.04927e-05 9.93866e-06 1.03042e-05 9.68873e-06 1.09694e-05 1.41873e-05 1.54651e-05 1.32162e-05 1.14762e-05 1.22687e-05 1.25206e-05 1.05287e-05 1.10104e-05 9.97041e-06 1.00377e-05 1.27261e-05 0.000336553 0.00561765 0.0448419 0.199425 0.652853 1.71389 2.72996 3.61172 4.35048 4.17256 4.93722 6.55409 8.59012 11.137 12.2849 11.8037 11.5719 12.3671 8.54646 2.92919 2.18615 2.22481 2.23274 2.18999 2.16319 2.09849 1.89608 1.72163 1.7174 1.7376 1.77455 1.91733 2.00862 2.039 1.97678 1.85273 1.77192 1.59751 1.38127 0.982411 0.550019 0.183617 0.0409694 0.00460123 0.00185156
1.34693e-05 1.58111e-05 1.48719e-05 1.27409e-05 1.16266e-05 1.01736e-05 9.64945e-06 9.86524e-06 1.31568e-05 1.5049e-05 1.56866e-05 1.43026e-05 1.28321e-05 1.31051e-05 1.10629e-05 9.75614e-06 9.97527e-06 1.05365e-05 1.16802e-05 9.65093e-06 1.00019e-05 1.09817e-05 1.37498e-05 0.00041254 0.00874421 0.0711665 0.292995 0.794923 2.07971 3.40691 4.17753 4.68039 4.79374 5.68008 6.62026 8.80743 10.6081 10.7669 13.7516 14.4741 11.7761 5.66121 2.75575 2.31296 2.29463 2.19879 2.27785 2.30714 2.26407 2.15321 1.96411 1.839 1.81063 1.83519 1.9817 2.04924 2.05465 2.09232 2.09306 1.84833 1.69855 1.46734 1.15807 0.534924 0.16637 0.0383231 0.00614959
1.40306e-05 1.191e-05 1.20342e-05 1.06603e-05 1.14575e-05 9.3971e-06 1.01958e-05 1.2457e-05 1.24813e-05 1.14883e-05 1.04426e-05 1.11222e-05 1.06488e-05 1.01118e-05 1.16316e-05 1.16637e-05 1.00772e-05 1.04536e-05 1.00223e-05 1.00014e-05 1.01366e-05 1.09512e-05 1.00018e-05 3.28241e-05 0.00101239 0.0144422 0.0974966 0.375452 0.995849 2.61383 4.01767 4.7814 5.02772 5.32412 6.22534 7.16638 10.1434 10.3393 10.5454 10.8973 11.7046 10.7487 4.57863 2.84252 2.27898 2.22194 2.30822 2.35423 2.36385 2.39435 2.36207 2.23274 2.02411 1.90913 1.91764 1.94267 2.05345 2.16403 2.22179 2.12329 1.96332 1.79859 1.64708 1.24964 0.553977 0.161771 0.0189361
1.19249e-05 1.11767e-05 1.06039e-05 1.01814e-05 1.31532e-05 1.32287e-05 1.51759e-05 1.20788e-05 1.01963e-05 9.96627e-06 9.95672e-06 1.04183e-05 1.11542e-05 1.056e-05 1.14597e-05 1.21985e-05 1.03015e-05 1.0567e-05 1.00825e-05 9.98849e-06 1.033e-05 1.13406e-05 9.90404e-06 1.02241e-05 3.61811e-05 0.000762207 0.00957986 0.0825529 0.526129 1.35324 3.2261 4.54068 5.25836 5.5107 6.26798 7.37156 9.55313 11.3544 10.0254 10.6022 10.5973 13.7123 8.73565 3.69394 2.74384 2.3997 2.43706 2.46881 2.43103 2.45821 2.47944 2.46119 2.34506 2.17986 2.05025 2.00148 2.01732 2.06596 2.19838 2.23249 2.26159 2.19399 2.11736 1.85146 1.3102 0.635344 0.138846
1.27483e-05 1.35447e-05 1.08606e-05 1.05194e-05 1.3857e-05 1.17746e-05 1.20804e-05 1.07753e-05 1.16448e-05 1.17086e-05 1.08824e-05 1.04376e-05 1.0519e-05 1.02155e-05 1.03967e-05 1.05291e-05 1.04736e-05 1.29248e-05 1.16323e-05 9.76818e-06 1.0046e-05 1.06052e-05 1.05854e-05 1.1015e-05 1.13527e-05 1.56468e-05 0.000354021 0.00865161 0.084851 0.551336 1.65334 3.77724 4.90999 5.78984 5.80841 7.59023 9.34667 10.394 8.9534 10.4687 9.31798 10.2487 11.277 7.23725 3.25474 2.57731 2.31781 2.47112 2.50762 2.50553 2.52878 2.55854 2.52134 2.43762 2.32283 2.16192 2.08826 2.07314 2.11802 2.18041 2.32854 2.3575 2.38869 2.36911 2.10238 1.53629 0.571071
1.76764e-05 1.48183e-05 1.23196e-05 9.79189e-06 1.01849e-05 1.02053e-05 1.17102e-05 1.16181e-05 1.19135e-05 1.09046e-05 1.02627e-05 1.00103e-05 9.99936e-06 1.00009e-05 9.99947e-06 1.00336e-05 1.18093e-05 1.42856e-05 1.41152e-05 9.97575e-06 9.99842e-06 1.00422e-05 1.04527e-05 1.10115e-05 1.07437e-05 1.00013e-05 1.00359e-05 1.88769e-05 0.000938428 0.00891317 0.528461 2.06684 3.99456 5.06371 6.04625 7.01312 9.20174 9.84049 9.64022 8.80626 10.4028 9.1809 9.36314 9.83246 3.65674 2.90648 2.36646 2.27739 2.42724 2.5078 2.55414 2.62439 2.62073 2.57724 2.53989 2.48128 2.3092 2.1781 2.15761 2.17949 2.26189 2.30905 2.41668 2.50959 2.50713 2.45342 1.775
2.26649e-05 9.60043e-06 1.03142e-05 1.03918e-05 9.9698e-06 1.00265e-05 1.0296e-05 1.07869e-05 1.15487e-05 1.00615e-05 9.99871e-06 1.00113e-05 9.88565e-06 9.93997e-06 9.99659e-06 1.0117e-05 1.15584e-05 1.27341e-05 1.3726e-05 1.12217e-05 9.98502e-06 1.0088e-05 1.00253e-05 1.12529e-05 1.09958e-05 9.90861e-06 1.00005e-05 1.00067e-05 5.09243e-05 0.00398121 -0.015748 0.583467 2.17006 4.40238 5.5453 7.17052 9.18255 10.6625 10.9168 8.63295 8.34594 9.56572 8.98688 10.3046 7.96753 3.14568 2.51637 2.19084 2.20885 2.33082 2.44103 2.58096 2.63634 2.66694 2.66571 2.6552 2.58054 2.42835 2.30325 2.24182 2.26061 2.33454 2.38471 2.39028 2.47174 2.62183 2.65388
1.24711e-05 1.26168e-05 1.13873e-05 1.18971e-05 1.09687e-05 9.857e-06 9.98705e-06 1.01894e-05 1.13873e-05 1.03764e-05 9.92733e-06 9.99531e-06 1.06381e-05 1.02001e-05 9.83884e-06 9.98998e-06 1.11936e-05 1.18318e-05 1.18809e-05 1.07732e-05 1.07089e-05 1.17127e-05 9.97409e-06 1.0544e-05 1.16454e-05 1.03953e-05 9.90976e-06 9.99592e-06 1.00099e-05 -0.0010552 -0.00101355 -0.00761176 0.513361 1.92401 5.0276 6.68743 9.79346 11.4065 11.8212 9.10028 8.03623 9.31406 8.78582 10.2641 10.3759 5.83622 2.67201 2.28893 2.09868 2.1395 2.17622 2.30533 2.50552 2.64151 2.71725 2.74355 2.71836 2.65139 2.56235 2.45538 2.3863 2.38365 2.45134 2.43297 2.39526 2.37847 2.59675
1.13349e-05 1.33232e-05 1.1233e-05 1.15003e-05 1.07419e-05 9.95337e-06 1.00268e-05 1.03112e-05 1.01054e-05 1.0422e-05 1.10872e-05 1.06808e-05 1.04056e-05 1.0841e-05 1.12212e-05 1.20943e-05 1.06133e-05 1.06322e-05 1.10202e-05 1.01479e-05 1.01576e-05 1.03167e-05 1.00384e-05 1.00216e-05 1.02984e-05 1.1126e-05 1.0004e-05 1.0086e-05 9.99598e-06 1.00385e-05 1.4851e-06 -0.00134605 0.0200068 0.316627 2.01259 5.4793 8.02328 13.002 12.5881 8.70533 9.07304 9.94647 10.0696 9.05493 10.1087 7.4099 5.30888 2.45965 2.11568 2.04096 2.081 2.13766 2.21916 2.42059 2.60792 2.71398 2.76858 2.78622 2.76957 2.67909 2.60469 2.53932 2.54767 2.56371 2.49228 2.40231 2.43235
1.07232e-05 1.14514e-05 1.05656e-05 1.04731e-05 1.01441e-05 1.00068e-05 9.99997e-06 1.00009e-05 9.99768e-06 1.00562e-05 1.09208e-05 1.18597e-05 1.139e-05 1.07994e-05 1.19445e-05 1.40054e-05 1.10179e-05 9.88603e-06 1.02129e-05 1.02348e-05 9.99037e-06 1.00005e-05 9.99958e-06 9.99924e-06 1.001e-05 1.02553e-05 1.1194e-05 1.20385e-05 9.61409e-06 9.98555e-06 9.99849e-06 1.00777e-05 -0.000120135 -0.000611339 0.0298631 1.671 7.25881 12.9448 13.5701 9.83475 8.44161 9.06929 10.3556 9.65403 10.7776 7.77297 6.3706 3.70218 1.86875 1.83809 1.93655 2.05319 2.11502 2.18977 2.3099 2.48619 2.69332 2.80657 2.86553 2.85825 2.80045 2.73493 2.71326 2.70017 2.62812 2.53725 2.51193
1.1079e-05 1.00041e-05 9.99789e-06 1.0002e-05 9.9948e-06 1.00007e-05 1.0151e-05 9.97124e-06 1e-05 1.00067e-05 1.01954e-05 1.07367e-05 1.13778e-05 1.05134e-05 1.05778e-05 1.43981e-05 1.2968e-05 9.56492e-06 9.97692e-06 9.98444e-06 1.00002e-05 9.99989e-06 9.99992e-06 9.99679e-06 9.99983e-06 1.00346e-05 1.05713e-05 1.18515e-05 1.05796e-05 9.88851e-06 1.00118e-05 1.00023e-05 9.15603e-06 0.000111022 0.0236527 -0.0294402 1.31003 5.3146 10.8958 11.2412 9.21392 8.30725 9.08467 10.8373 13.198 10.2653 7.1111 6.4005 2.23359 1.29333 1.37194 1.69447 1.88332 2.05831 2.17345 2.27646 2.47478 2.68375 2.81468 2.85195 2.8809 2.83628 2.82984 2.80323 2.7784 2.70296 2.63639
1.22449e-05 9.6569e-06 9.98946e-06 9.99482e-06 1.00364e-05 1.07726e-05 1.07889e-05 9.85106e-06 9.99996e-06 1.00003e-05 1.00041e-05 1.00292e-05 1.06053e-05 1.05811e-05 1.01047e-05 1.18446e-05 1.53295e-05 1.14908e-05 1.03421e-05 9.96484e-06 1.00006e-05 9.99996e-06 9.9993e-06 9.99769e-06 9.99768e-06 1.00124e-05 1.01695e-05 1.08897e-05 1.25163e-05 1.04181e-05 9.99586e-06 9.99998e-06 9.99069e-06 1.5855e-05 0.00237193 0.085006 0.746557 2.28361 6.19416 10.8334 10.8934 8.61375 8.62427 10.4591 14.3467 12.4502 8.59122 6.65193 4.93125 1.35039 0.941373 1.05269 1.29987 1.57706 1.83738 2.03931 2.21933 2.45133 2.64533 2.73172 2.8396 2.85677 2.88151 2.82627 2.83582 2.83707 2.78073
1.28116e-05 1.21607e-05 9.45393e-06 1.01087e-05 1.06128e-05 1.21524e-05 9.95013e-06 9.99911e-06 1.00038e-05 1.00009e-05 9.99784e-06 1.00009e-05 1.00605e-05 1.04211e-05 9.91108e-06 1.06748e-05 1.35232e-05 1.24207e-05 1.07898e-05 9.99511e-06 1.00025e-05 1.00035e-05 1.00001e-05 9.99741e-06 1.00002e-05 1.00002e-05 9.99415e-06 1.04131e-05 1.281e-05 9.84872e-06 9.99284e-06 1.00039e-05 1.00023e-05 1.0351e-05 -0.000713892 0.0218503 0.277093 1.38031 3.28596 5.54724 10.8839 11.2646 8.63989 11.5282 14.3104 13.5629 10.6052 7.84824 6.96841 3.21591 0.95741 0.897066 0.973598 1.09301 1.29877 1.59109 1.86502 2.09915 2.35707 2.55257 2.67679 2.76082 2.8665 2.84301 2.78225 2.83101 2.90166
1.15913e-05 1.59408e-05 1.26307e-05 1.27299e-05 1.32474e-05 1.26769e-05 1.05166e-05 1.01148e-05 1.17617e-05 1.02507e-05 9.9663e-06 9.99974e-06 9.97989e-06 1.00009e-05 9.99935e-06 1.01063e-05 1.15576e-05 1.25763e-05 1.10495e-05 9.76464e-06 1.02255e-05 1.04103e-05 9.97171e-06 9.99699e-06 1.00069e-05 1.00002e-05 1.00116e-05 1.05954e-05 1.2578e-05 9.70496e-06 9.94935e-06 9.97935e-06 1.00134e-05 1.04129e-05 2.45216e-05 0.00209817 0.0175448 0.541285 2.24225 3.55706 5.65139 10.7562 11.1105 8.64589 11.8078 14.3852 12.7553 9.22385 7.67695 6.5262 1.88433 0.897362 0.910589 0.972373 1.05152 1.20044 1.44543 1.74954 2.03961 2.27023 2.47499 2.61877 2.68685 2.81083 2.84295 2.82897 2.79756
1.06312e-05 1.24905e-05 1.56057e-05 1.52278e-05 1.40688e-05 1.363e-05 1.26071e-05 1.07419e-05 1.26231e-05 1.25439e-05 9.87879e-06 1.03652e-05 1.01641e-05 9.97931e-06 9.99889e-06 1.00056e-05 1.03473e-05 1.24229e-05 1.17639e-05 9.75923e-06 9.99612e-06 9.97989e-06 9.98715e-06 9.99106e-06 9.99352e-06 1.00294e-05 1.04147e-05 1.10471e-05 1.07061e-05 1.00432e-05 9.98508e-06 9.99984e-06 1.01037e-05 1.09513e-05 1.28559e-05 -0.000312556 0.0109638 0.150653 1.37738 2.59744 3.44576 6.41413 8.57721 8.89528 14.5909 20.6376 12.7497 10.4253 9.41296 8.79133 3.82652 1.09889 0.935391 0.932422 0.982829 1.06264 1.18127 1.40922 1.6806 1.97288 2.20707 2.39393 2.49179 2.62014 2.74063 2.85177 2.81498
