data/RealTopo/Outputs_RealTopo/relWog_02RealTopo_null_minVoellmyv2_pft.asc
ncols 490
nrows 555
xllcenter 167455.00
yllcenter 361955.00
cellsize 5.00
nodata_value nan
[rows 364 to 391 of 555, columns 189 to 251 of 490]
0.004337 0.008069 0.008066 0.010163 0.015663 0.021600 0.026509 0.031158 0.034066 0.030439 0.018140 0.007866 0.005993 0.007836 0.010747 0.010986 0.010200 0.008778 0.006129 0.003461 0.002066 0.001586 0.001828 0.002694 0.004616 0.010284 0.021875 0.041118 0.074564 0.109956 0.134602 0.156535 0.181448 0.230155 0.304804 0.394054 0.490415 0.573009 0.603213 0.577543 0.519092 0.468160 0.449507 0.446298 0.427611 0.384227 0.336780 0.300651 0.278829 0.261843 0.233239 0.191932 0.154716 0.143697 0.142336 0.129984 0.113502 0.096440 0.079313 0.058126 0.035443 0.053236 0.110360
0.002590 0.006093 0.006860 0.008500 0.009984 0.013322 0.019148 0.026562 0.035546 0.041911 0.039562 0.028235 0.017023 0.013668 0.014552 0.013926 0.012875 0.011606 0.008832 0.005994 0.003641 0.001927 0.001761 0.002576 0.004315 0.010535 0.024463 0.043748 0.062571 0.082233 0.109932 0.133064 0.143819 0.160053 0.195401 0.257414 0.339207 0.427290 0.508391 0.566865 0.569113 0.536855 0.516626 0.519086 0.512499 0.475659 0.424299 0.388597 0.362032 0.329744 0.295252 0.251988 0.208159 0.184669 0.184814 0.177420 0.155346 0.131203 0.108237 0.081620 0.060321 0.091734 0.173377
0.001772 0.004366 0.004794 0.006239 0.007142 0.008605 0.011557 0.015964 0.022729 0.031188 0.039327 0.042440 0.035470 0.024373 0.019347 0.018043 0.017134 0.015667 0.012957 0.010676 0.007765 0.004115 0.002191 0.002851 0.004701 0.010467 0.024488 0.043115 0.062726 0.082104 0.100556 0.114963 0.128162 0.143158 0.160645 0.186518 0.222138 0.266710 0.326800 0.393624 0.456952 0.490117 0.491219 0.491381 0.512109 0.517498 0.492877 0.466334 0.433467 0.388446 0.335962 0.285363 0.249366 0.229482 0.230563 0.228475 0.206923 0.176191 0.147015 0.115136 0.096028 0.136285 0.252770
0.008529 0.002864 0.002807 0.003534 0.004575 0.005644 0.007468 0.010210 0.012196 0.015442 0.023206 0.034505 0.041503 0.035291 0.026571 0.023634 0.022326 0.021285 0.019832 0.017841 0.016069 0.012453 0.007421 0.005769 0.009292 0.017143 0.033027 0.051673 0.067423 0.083383 0.096499 0.112829 0.133238 0.151895 0.168808 0.185314 0.199375 0.217077 0.243849 0.273038 0.307552 0.347629 0.384397 0.421347 0.454891 0.490334 0.505931 0.505339 0.483522 0.429398 0.362769 0.316372 0.290381 0.264889 0.260982 0.267673 0.258778 0.231177 0.203305 0.171689 0.147646 0.182330 0.329881
0.030482 0.009432 0.002652 0.001620 0.002310 0.003027 0.004237 0.006898 0.010056 0.013363 0.019255 0.028940 0.038471 0.041062 0.039383 0.034970 0.030815 0.029442 0.028950 0.027566 0.028181 0.030261 0.029612 0.026611 0.031763 0.043509 0.061166 0.076721 0.086810 0.093308 0.097310 0.108736 0.130708 0.156312 0.180572 0.200579 0.205046 0.213167 0.227175 0.235005 0.253177 0.276857 0.309778 0.351254 0.387907 0.428638 0.460711 0.487825 0.496462 0.469523 0.414484 0.374796 0.331788 0.304625 0.312179 0.315206 0.309005 0.290129 0.270375 0.245160 0.223570 0.233943 0.401966
0.065677 0.024240 0.008116 0.000504 0.000912 0.001478 0.002498 0.004735 0.007246 0.010188 0.014011 0.019630 0.029350 0.040065 0.047706 0.048064 0.045109 0.042221 0.038151 0.036486 0.038552 0.045427 0.053259 0.055651 0.056724 0.068285 0.085927 0.103189 0.115469 0.115975 0.112449 0.114569 0.127385 0.147826 0.169195 0.189237 0.198941 0.213363 0.224261 0.228470 0.238101 0.251626 0.271790 0.295500 0.326882 0.366853 0.400170 0.438757 0.480746 0.493882 0.492323 0.475064 0.422553 0.382550 0.367296 0.360757 0.354810 0.345528 0.338223 0.329210 0.306774 0.316112 0.470251
0.121545 0.047314 0.018517 0.002050 0.000682 0.001035 0.001547 0.002594 0.004226 0.006418 0.008768 0.011560 0.015998 0.023379 0.033152 0.043172 0.051110 0.051317 0.044306 0.038428 0.038302 0.046412 0.061246 0.077549 0.090860 0.104076 0.116318 0.126334 0.134520 0.136876 0.130787 0.119911 0.120587 0.127454 0.136036 0.157395 0.181353 0.205867 0.225251 0.236431 0.244424 0.252297 0.267445 0.278990 0.296513 0.321877 0.348486 0.393930 0.448752 0.494624 0.544378 0.552624 0.508240 0.452474 0.414392 0.406384 0.404424 0.400106 0.396974 0.397083 0.386581 0.407973 0.543540
0.227675 0.099963 0.048962 0.013064 0.000409 0.000680 0.001020 0.001402 0.002180 0.003272 0.004790 0.006666 0.007773 0.010672 0.017082 0.026429 0.037333 0.046606 0.051645 0.049287 0.046549 0.054710 0.070969 0.090442 0.106923 0.116642 0.121321 0.124249 0.131044 0.134777 0.117958 0.093823 0.089045 0.093180 0.104612 0.129702 0.164643 0.202932 0.229415 0.246334 0.251844 0.254868 0.273116 0.279349 0.293231 0.305219 0.318780 0.352610 0.392426 0.441430 0.486609 0.518354 0.548287 0.528902 0.485516 0.454884 0.449105 0.452689 0.449057 0.466789 0.470639 0.495529 0.583012
0.468005 0.249656 0.140672 0.067783 0.020514 0.003101 0.000344 0.000480 0.000760 0.001164 0.001673 0.002402 0.003517 0.005601 0.008738 0.014001 0.022533 0.035132 0.051793 0.071763 0.092005 0.105285 0.115262 0.125648 0.134603 0.139030 0.136771 0.135611 0.141656 0.168787 0.105527 0.081076 0.074734 0.082203 0.094492 0.115472 0.147423 0.184630 0.212794 0.233587 0.245202 0.258885 0.269333 0.274294 0.292787 0.301298 0.311621 0.324541 0.354315 0.392339 0.416070 0.454214 0.508093 0.538700 0.543346 0.504502 0.491759 0.486413 0.494446 0.527684 0.532730 0.555110 0.606007
0.608244 0.503414 0.380084 0.256763 0.136577 0.058717 0.017880 0.012912 0.004316 0.000894 0.001562 0.002361 0.003948 0.006143 0.008782 0.013840 0.024238 0.039849 0.060581 0.088408 0.120012 0.146932 0.166395 0.188383 0.206565 0.215986 0.209407 0.174999 0.171016 0.168383 0.164751 0.149456 0.136644 0.142072 0.155638 0.168395 0.183315 0.201777 0.220579 0.238915 0.245613 0.255006 0.265922 0.277476 0.290041 0.305036 0.320383 0.327802 0.348150 0.371666 0.403957 0.432532 0.464730 0.502297 0.545859 0.550516 0.537007 0.518200 0.536628 0.554061 0.559978 0.588694 0.615555
0.452983 0.524881 0.557974 0.533688 0.430623 0.290363 0.181789 0.108947 0.054337 0.015399 0.005993 0.009272 0.012193 0.017421 0.027840 0.043075 0.065272 0.100086 0.142681 0.191227 0.245691 0.308651 0.380536 0.451247 0.503530 0.547033 0.587535 0.602925 0.586978 0.573351 0.536507 0.479082 0.432730 0.411899 0.384470 0.365495 0.348906 0.331251 0.315904 0.293840 0.259080 0.256284 0.281520 0.292897 0.300068 0.314031 0.333471 0.349259 0.360067 0.389868 0.426607 0.446445 0.477702 0.521745 0.548814 0.567897 0.596443 0.577206 0.558126 0.569297 0.589605 0.612829 0.642102
0.263741 0.305293 0.369980 0.454911 0.511820 0.539324 0.439773 0.340190 0.276665 0.175413 0.093190 0.047584 0.055726 0.071515 0.095108 0.120103 0.144324 0.183741 0.222303 0.244286 0.262144 0.290314 0.318232 0.334290 0.348461 0.353358 0.363207 0.385873 0.394974 0.405922 0.404387 0.379095 0.351134 0.339492 0.334591 0.326649 0.329051 0.329000 0.314690 0.296230 0.274791 0.268031 0.278364 0.292919 0.307981 0.324055 0.340027 0.349204 0.365349 0.394566 0.430693 0.473726 0.511182 0.543369 0.566491 0.603079 0.619581 0.615750 0.605266 0.599920 0.610856 0.623085 0.640209
0.141512 0.183763 0.235703 0.299359 0.369303 0.458598 0.535832 0.599055 0.620208 0.571547 0.514788 0.476609 0.368397 0.324367 0.332679 0.340741 0.334606 0.329441 0.343392 0.339598 0.324428 0.312241 0.294807 0.269714 0.254025 0.237050 0.230868 0.238964 0.214220 0.171796 0.138321 0.115598 0.109166 0.110369 0.124670 0.138641 0.157433 0.189348 0.211166 0.227797 0.240580 0.242523 0.250476 0.266434 0.285589 0.307756 0.318826 0.333484 0.349279 0.364450 0.403672 0.467085 0.513259 0.539066 0.558615 0.588507 0.612967 0.627600 0.620450 0.614210 0.616305 0.622594 0.644409
0.063368 0.098949 0.138511 0.183288 0.247229 0.336601 0.447075 0.549257 0.658108 0.780626 0.905812 0.972776 1.008514 0.982226 0.929160 0.871974 0.786927 0.708892 0.631134 0.513647 0.395394 0.309889 0.273809 0.258777 0.247905 0.244321 0.253212 0.263648 0.254309 0.224203 0.177126 0.135483 0.100276 0.083871 0.084418 0.089674 0.097257 0.118699 0.141549 0.160587 0.176975 0.186491 0.207098 0.225443 0.238623 0.259618 0.278035 0.297540 0.305924 0.322209 0.372252 0.436234 0.471380 0.492409 0.514898 0.538463 0.566278 0.589838 0.602819 0.603657 0.610410 0.619127 0.645133
0.010122 0.020422 0.034334 0.050942 0.068943 0.096099 0.141379 0.196129 0.261205 0.321336 0.383065 0.456914 0.518108 0.548512 0.553177 0.547004 0.527728 0.536959 0.516306 0.452066 0.380809 0.306525 0.248948 0.230296 0.234698 0.239881 0.253592 0.267653 0.274916 0.268507 0.250182 0.220777 0.185747 0.154961 0.132218 0.110844 0.107777 0.122308 0.130137 0.136589 0.150298 0.160166 0.174940 0.191216 0.206446 0.226588 0.238924 0.249163 0.267333 0.296608 0.342042 0.390274 0.425032 0.451429 0.473559 0.486629 0.497136 0.521932 0.548434 0.564344 0.580339 0.589995 0.607806
0.005695 0.007596 0.009485 0.011152 0.012767 0.018181 0.027216 0.042576 0.065377 0.092483 0.124246 0.154759 0.191178 0.234284 0.284525 0.316456 0.348316 0.388236 0.415578 0.416192 0.392325 0.352056 0.315041 0.282158 0.239210 0.232963 0.248258 0.264815 0.278218 0.291127 0.301252 0.301618 0.284473 0.269498 0.253841 0.215130 0.193710 0.199568 0.197712 0.181709 0.168042 0.160431 0.159910 0.166594 0.181149 0.202454 0.212201 0.224178 0.249542 0.274319 0.309757 0.353599 0.388671 0.412435 0.438018 0.448399 0.453956 0.465338 0.480343 0.497797 0.518331 0.542211 0.555805
0.007882 0.008245 0.009587 0.011221 0.013992 0.014652 0.010452 0.008195 0.011997 0.021859 0.035225 0.046448 0.060956 0.094798 0.138840 0.175388 0.215179 0.260082 0.310475 0.350896 0.365569 0.358487 0.355676 0.353645 0.312614 0.246307 0.209183 0.228102 0.240824 0.257642 0.287817 0.323054 0.353210 0.378152 0.397679 0.406041 0.386754 0.358822 0.330447 0.278175 0.226816 0.190668 0.168943 0.157236 0.159606 0.176932 0.194661 0.210897 0.228933 0.248631 0.275612 0.314832 0.353757 0.377115 0.395359 0.410845 0.425595 0.429432 0.423806 0.440326 0.475358 0.485270 0.493866
0.010276 0.008802 0.010615 0.012543 0.014717 0.017843 0.018027 0.013399 0.009689 0.009929 0.012552 0.016978 0.023204 0.033905 0.053790 0.084722 0.115173 0.160007 0.211223 0.262243 0.305160 0.333093 0.363552 0.396697 0.378057 0.318673 0.246619 0.190762 0.176757 0.184328 0.204181 0.230303 0.248689 0.263185 0.277263 0.290705 0.297198 0.282277 0.245443 0.224673 0.225918 0.223804 0.202874 0.173747 0.158731 0.164712 0.180153 0.193174 0.209232 0.229935 0.244524 0.270053 0.303940 0.329558 0.346176 0.369249 0.391034 0.394357 0.396317 0.420558 0.438477 0.449881 0.475950
0.012732 0.008702 0.009489 0.010942 0.011593 0.013349 0.017256 0.020627 0.017517 0.013826 0.012813 0.012313 0.013293 0.016189 0.024758 0.040282 0.064577 0.098436 0.137350 0.185704 0.241289 0.296141 0.351003 0.400934 0.421825 0.394603 0.323358 0.249447 0.192638 0.172965 0.172092 0.180683 0.189333 0.191750 0.192859 0.202092 0.222750 0.229151 0.212140 0.196390 0.198364 0.209581 0.211053 0.199318 0.180197 0.169590 0.166198 0.171933 0.186858 0.202625 0.213615 0.233416 0.255649 0.273394 0.295297 0.325457 0.348898 0.367346 0.379401 0.395627 0.411955 0.431412 0.469779
0.021648 0.012650 0.010160 0.008807 0.008622 0.009384 0.011454 0.014789 0.018289 0.019194 0.017263 0.015496 0.013326 0.013262 0.016194 0.023373 0.037139 0.056701 0.087995 0.130250 0.178497 0.234836 0.293716 0.352039 0.400792 0.412887 0.392947 0.327460 0.232137 0.175224 0.163611 0.164111 0.158021 0.144425 0.138050 0.152277 0.178424 0.197848 0.209320 0.213918 0.215055 0.220151 0.221478 0.218626 0.206691 0.191693 0.171147 0.155073 0.161558 0.173939 0.191321 0.211363 0.224993 0.243471 0.269289 0.292991 0.321941 0.340704 0.357810 0.376146 0.393848 0.423090 0.462077
0.032675 0.023048 0.018395 0.012304 0.009023 0.008727 0.009098 0.010041 0.013381 0.017400 0.019807 0.020547 0.017497 0.014989 0.014654 0.016290 0.021110 0.030849 0.050527 0.078607 0.111764 0.153315 0.208137 0.267984 0.312762 0.346506 0.374264 0.348561 0.271000 0.181867 0.142809 0.133065 0.127900 0.129090 0.131605 0.133213 0.141747 0.160636 0.187281 0.211137 0.231583 0.249649 0.257358 0.241070 0.216151 0.202931 0.189511 0.165163 0.153399 0.164100 0.178676 0.195410 0.215268 0.239981 0.264578 0.286466 0.307585 0.318539 0.346419 0.368909 0.382401 0.411919 0.453751
0.037607 0.031210 0.027978 0.022161 0.015517 0.010923 0.010092 0.010639 0.011626 0.013882 0.017940 0.022268 0.022950 0.019497 0.016828 0.016304 0.017007 0.020720 0.027489 0.037471 0.054085 0.082431 0.131628 0.197416 0.246738 0.271213 0.295610 0.312516 0.290336 0.220366 0.152027 0.119013 0.110483 0.117232 0.127856 0.135603 0.134476 0.133789 0.139978 0.146883 0.162330 0.195411 0.232302 0.251237 0.248554 0.224173 0.194646 0.171932 0.160337 0.162115 0.177465 0.197319 0.216926 0.243478 0.265866 0.283754 0.295747 0.319461 0.346855 0.360980 0.374118 0.406983 0.450714
0.034909 0.032413 0.031053 0.030529 0.026283 0.018813 0.012360 0.011296 0.011992 0.012744 0.014491 0.017325 0.019924 0.020795 0.020070 0.019078 0.019182 0.019491 0.020367 0.023169 0.030128 0.046938 0.084847 0.150280 0.209731 0.227249 0.243665 0.269191 0.274859 0.252907 0.197959 0.149698 0.124364 0.112599 0.112121 0.117977 0.124440 0.130404 0.126931 0.111347 0.103821 0.119204 0.152758 0.191890 0.224341 0.235364 0.212929 0.176715 0.167666 0.180245 0.197704 0.205781 0.214669 0.233941 0.258397 0.282229 0.303058 0.324799 0.342439 0.360430 0.379511 0.415668 0.456092
0.033209 0.027133 0.031690 0.034779 0.033805 0.029429 0.020184 0.012925 0.010707 0.010051 0.010272 0.011528 0.013569 0.016291 0.019206 0.020108 0.019513 0.018205 0.017635 0.019235 0.023138 0.033253 0.059425 0.113158 0.177319 0.217041 0.227145 0.238118 0.257041 0.260627 0.237578 0.202498 0.165402 0.134051 0.115665 0.109964 0.114059 0.121930 0.123972 0.116201 0.106974 0.105374 0.118678 0.142324 0.166497 0.188811 0.199159 0.188094 0.185907 0.202422 0.212533 0.211182 0.211891 0.230001 0.260388 0.283960 0.305778 0.329158 0.349851 0.366864 0.392966 0.429207 0.462925
0.056762 0.022660 0.027157 0.032756 0.038229 0.039474 0.035249 0.026166 0.016226 0.009679 0.008020 0.009626 0.011695 0.013411 0.015829 0.018600 0.018746 0.016979 0.016306 0.017493 0.020367 0.026901 0.043619 0.082083 0.139871 0.200410 0.220486 0.224467 0.240644 0.251737 0.253067 0.244333 0.223757 0.193466 0.157337 0.128795 0.117600 0.117489 0.121825 0.128544 0.132865 0.128755 0.129086 0.141210 0.152690 0.164343 0.176038 0.189002 0.200634 0.205063 0.209757 0.212557 0.217906 0.238456 0.260839 0.281113 0.309863 0.334749 0.352671 0.371951 0.398802 0.433198 0.458352
0.081830 0.023939 0.017532 0.021874 0.027931 0.036464 0.044765 0.045007 0.035664 0.024143 0.014058 0.011376 0.012713 0.014463 0.015754 0.017974 0.018982 0.017794 0.016548 0.017046 0.018992 0.023124 0.033336 0.058457 0.103617 0.163585 0.203563 0.214067 0.226532 0.239543 0.251344 0.257387 0.258037 0.248489 0.223739 0.190550 0.146371 0.123470 0.123874 0.132184 0.142512 0.149632 0.156030 0.163937 0.170746 0.172955 0.176861 0.186441 0.194155 0.200571 0.207189 0.215214 0.229567 0.245387 0.259707 0.279296 0.302025 0.325842 0.354722 0.381716 0.402090 0.417491 0.431803
0.080362 0.105938 0.011168 0.010077 0.013216 0.019840 0.028321 0.038194 0.046181 0.046985 0.037202 0.022813 0.018256 0.018938 0.019262 0.019381 0.019942 0.019925 0.019287 0.019405 0.019731 0.021025 0.025767 0.037899 0.069720 0.117922 0.161388 0.189229 0.212625 0.234625 0.249319 0.261901 0.268836 0.263576 0.266511 0.260857 0.212125 0.165610 0.145728 0.141882 0.144807 0.152897 0.163958 0.172684 0.180486 0.185839 0.187050 0.186774 0.194000 0.207027 0.216820 0.221190 0.227692 0.241274 0.260974 0.276625 0.296807 0.326224 0.352649 0.374008 0.389767 0.400365 0.413735
0.007844 0.168895 0.087525 0.006345 0.006190 0.008826 0.012267 0.017305 0.025622 0.035733 0.041933 0.038046 0.026984 0.021492 0.020644 0.021198 0.022105 0.022247 0.022231 0.022097 0.021574 0.021306 0.023393 0.029192 0.045086 0.076613 0.118322 0.151583 0.173059 0.202462 0.230711 0.253819 0.273354 0.291210 0.306062 0.303378 0.285431 0.260507 0.228573 0.202738 0.175730 0.160717 0.164976 0.172666 0.180872 0.192574 0.201116 0.205484 0.212325 0.220289 0.227089 0.228559 0.232478 0.242883 0.250436 0.260559 0.282783 0.307028 0.328150 0.356821 0.376959 0.381344 0.389449
