data/RealTopo/Outputs_RealTopo/relWog_null_02RealTopo_faSavageHutterFoam_pfv.asc
xllcenter 167455
yllcenter 361955
nrows 555
ncols 490
NODATA_value -9999
cellsize 5
[rows 403 to 433 of 555, columns 207 to 275 of 490]
-9999 3.79366 0.162876 1.16091 0.916322 0.469784 0.360201 0.646257 0.621368 0.629474 0.938159 1.46647 1.81788 2.06399 2.06033 1.93267 1.89911 2.08229 2.41454 2.66253 2.7641 2.76788 2.94021 3.26018 3.40514 3.31072 3.33888 3.62308 3.6195 4.0408 4.98972 5.86311 6.85045 7.99145 9.07071 10.0614 10.8352 10.9845 10.592 10.3782 10.2565 10.5976 11.0445 11.6502 11.8834 11.7999 11.9723 12.2101 12.4012 12.7472 13.4463 13.9567 14.6759 15.4062 16.007 16.8764 17.5983 18.3754 19.0503 19.837 20.4972 21.2499 22.0016 22.5711 23.2259 23.8197 24.2421 24.7685 25.4751
-9999 -9999 1.78181 0.147164 1.13748 0.943887 0.747278 0.940535 0.896536 0.845745 0.811652 1.09394 1.38772 1.52863 1.71434 1.84132 1.80433 1.9864 2.22024 2.41626 2.75999 2.90525 2.98107 3.25076 3.405 3.30458 3.33592 3.56236 3.68111 3.83218 4.11491 4.68906 5.49019 6.37405 7.50387 8.99724 10.3507 11.0432 11.3912 11.2635 10.5526 10.4503 10.6222 10.8505 11.0605 11.1565 11.4069 11.7059 12.0538 12.5753 13.0978 13.7921 14.3508 14.9308 15.614 16.3584 17.1113 17.9157 18.703 19.5082 20.2899 21.0685 21.8292 22.6635 23.4607 24.0251 24.4486 25.0407 25.6619
-9999 -9999 -9999 -0.373517 1.45776 1.3065 1.24549 1.13662 1.08294 0.975531 0.905641 0.960693 1.09542 1.19596 1.41276 1.70892 1.86537 2.02843 2.14201 2.35549 2.71534 2.90992 2.95035 3.14673 3.28109 3.33908 3.45479 3.6438 3.90363 4.00122 3.84438 4.04013 4.69129 5.29949 6.21446 7.51653 8.96737 10.3639 11.5566 11.802 11.1959 10.5278 10.3372 10.2015 10.2883 10.5479 10.914 11.2548 11.7105 12.2804 12.8278 13.3953 13.8553 14.589 15.1613 15.807 16.6843 17.439 18.292 19.2343 20.1325 20.9783 21.7015 22.721 23.5156 24.1932 24.7298 25.2465 25.6845
-9999 -9999 -9999 1.86638 1.77641 1.66005 1.59224 1.49387 1.38904 1.25284 1.11569 0.974159 0.954308 0.982491 1.18592 1.45166 1.6827 1.87671 2.01465 2.20404 2.30899 2.34311 2.36865 2.47813 2.63084 2.73387 2.91717 3.18354 3.56424 3.81448 4.00418 4.28427 4.64233 4.91618 5.35721 6.07173 7.12326 8.64169 10.1176 10.938 11.0523 11.0776 10.8271 10.1716 10.118 10.2041 10.4142 10.6993 11.2709 11.7779 12.3984 12.8582 13.4561 14.3008 14.8236 15.463 16.2348 17.0163 18.01 19.0656 19.8015 20.6609 21.6454 22.6958 23.5284 24.0041 24.5404 24.9812 25.5121
-9999 -9999 -9999 -9999 1.73891 1.8722 1.91529 1.89097 1.91528 1.77242 1.49116 1.16559 1.03888 1.04043 1.09769 1.13946 1.32078 1.55248 1.7028 1.93156 1.93689 1.98752 2.03895 2.0045 1.97492 2.03547 2.12988 2.32131 2.65877 3.02182 3.70084 4.41037 4.60173 4.70086 4.84457 5.02443 5.63901 6.6539 7.89736 9.11524 10.1104 11.0281 11.375 10.8587 10.1197 9.86967 10.077 10.4932 10.7435 11.1498 11.7851 12.3969 13.1024 13.8709 14.6275 15.3738 16.2008 17.0694 18.0308 18.9044 19.624 20.4654 21.5713 22.42 23.1078 23.7011 24.1977 24.6888 25.1617
-9999 -9999 -9999 -9999 4.19184 1.95095 2.08887 2.22075 2.25872 2.14652 1.88119 1.63703 1.44599 1.2715 1.13722 1.03248 0.996431 1.01986 1.27486 1.6182 1.76727 1.82219 1.83053 1.77604 1.76475 1.92298 2.01072 2.01267 2.13159 2.46382 2.95788 3.5501 4.06315 4.35867 4.51789 4.69283 5.06942 5.5735 6.33287 7.35154 8.64635 9.9993 10.8391 10.8847 10.332 9.87465 9.92491 10.1581 10.3062 10.6945 11.2492 11.8321 12.5173 13.4814 14.468 15.3738 16.3666 17.2212 18.0584 18.7891 19.5897 20.5122 21.562 22.3609 23.2074 23.8424 24.2856 24.8711 25.5026
-9999 -9999 -9999 -9999 -9999 1.93943 1.98445 2.15054 2.3147 2.22844 2.07205 1.9601 1.83188 1.5998 1.42261 1.21759 0.992361 1.01557 1.18251 1.46756 1.80024 1.73148 1.64948 1.63031 1.72088 1.84436 2.01295 2.11526 2.22934 2.26346 2.38308 2.68235 2.98258 3.57431 4.23297 4.58086 4.90784 5.00348 5.33278 6.11299 7.18006 8.32021 9.46416 10.0927 10.0244 9.99641 10.0005 9.88601 9.97557 10.1871 10.6351 11.2325 12.152 13.2688 14.2793 15.3867 16.2736 17.0628 17.8881 18.8081 19.895 20.8159 21.5066 22.3525 22.9942 23.7383 24.4274 25.143 25.6968
-9999 -9999 -9999 -9999 -9999 2.71927 1.25814 1.9696 2.23008 2.29586 2.1275 2.08725 1.9787 1.89344 1.75412 1.42902 1.20841 1.24543 1.28699 1.422 1.76513 1.89304 1.88522 1.89266 1.96111 1.96448 1.94491 2.05346 2.27798 2.33748 2.30069 2.35169 2.5539 2.93222 3.44959 4.03931 4.42701 4.63609 4.93917 5.4553 5.99296 6.6935 7.63667 8.43331 9.06593 9.80391 10.1633 9.99809 9.87811 9.9588 10.286 10.829 11.9369 12.8534 13.9243 14.8934 15.8324 16.8257 17.5592 18.6564 19.6655 20.5709 21.3781 22.0742 22.8094 23.454 24.1057 24.784 25.2654
-9999 -9999 -9999 -9999 -9999 -9999 1.55149 1.83534 2.04593 2.11714 2.12489 2.10391 2.04456 2.02536 2.03429 1.96263 1.75618 1.43777 1.24343 1.30227 1.48599 1.72 1.80373 1.88463 1.97925 2.00623 1.96234 1.90711 1.87627 1.87205 1.94632 2.10194 2.30773 2.62565 3.04567 3.46495 3.76969 4.18201 4.769 5.20615 5.47569 5.75341 6.16325 6.69284 7.47637 8.67042 9.60764 9.99142 9.96323 10.0765 10.2502 10.8116 11.5301 12.3426 13.2852 14.3428 15.5602 16.484 17.1939 18.3758 19.6413 20.456 21.1591 21.9025 22.64 23.1052 23.757 24.3183 24.8375
-9999 -9999 -9999 -9999 -9999 -9999 0.683572 1.0281 1.2515 1.34862 1.54765 1.6579 1.81843 1.94307 2.13888 2.4628 2.36101 1.87861 1.50336 1.3169 1.23564 1.19921 1.19195 1.28644 1.41936 1.54202 1.70273 1.71351 1.64682 1.64862 1.9504 2.15547 2.43104 2.59539 2.94413 3.15363 3.45267 3.80873 4.18285 4.67744 5.09128 5.3215 5.3416 5.49029 6.19855 7.36985 8.60346 9.55151 10.0533 10.2642 10.3929 10.628 11.0322 11.7378 12.7048 14.0716 15.2983 16.2396 17.2134 18.3529 19.2544 20.0236 20.9119 21.6495 22.2965 22.9047 23.4455 23.9723 24.6163
-9999 -9999 -9999 -9999 -9999 -9999 -9999 0.43879 0.581598 0.618682 0.734877 0.90183 1.19351 1.40856 1.87257 2.41338 2.48952 2.37663 2.07057 1.67845 1.47611 1.31637 1.21747 1.2026 1.26251 1.23267 1.26921 1.60016 2.05745 2.55124 3.03895 3.30058 3.32971 3.30039 3.33156 3.43587 3.45669 3.56382 3.80286 4.15677 4.41948 4.45655 4.64279 4.97076 5.62745 6.52667 7.73196 8.76931 9.56639 10.015 10.1939 10.301 10.5783 11.2357 12.4081 13.6413 14.7486 15.946 17.0005 17.9898 18.9381 19.8284 20.5365 21.357 22.0221 22.6371 23.2249 23.8521 24.3745
-9999 -9999 -9999 -9999 -9999 -9999 -9999 -9999 0.183748 0.342315 0.485706 0.593055 0.726526 0.816218 1.16947 1.87866 2.50247 2.77348 2.72806 2.28814 1.93413 1.76142 1.56544 1.57919 1.61964 1.77355 2.22494 2.91283 3.41171 3.51981 3.69475 3.4765 3.27961 3.12587 3.10474 3.2209 3.35849 3.43983 3.55301 3.66518 3.73617 3.85276 4.23585 4.83772 5.27461 5.75507 6.43369 7.43479 8.36547 9.12902 9.58322 9.7968 10.2696 11.0966 12.1229 13.1063 14.3743 15.5222 16.4702 17.4895 18.6256 19.4669 20.2466 21.0105 21.7028 22.3309 22.8942 23.5829 24.0598
-9999 -9999 -9999 -9999 -9999 -9999 -9999 -9999 0.0914508 0.218734 0.471063 0.584114 0.628239 0.667648 0.753443 1.03373 1.81238 2.65561 3.07108 2.97957 2.80464 2.65021 2.61798 2.53419 2.78866 3.23891 3.52968 3.59875 3.39177 3.02889 2.27256 1.80248 1.78247 1.49758 1.56099 1.7473 2.00386 2.26378 2.47598 2.63953 2.81117 3.04858 3.4097 3.95298 4.44308 4.78472 5.38909 6.11629 6.95871 7.96361 8.80615 9.5783 10.2459 10.9036 11.671 12.8157 13.9398 14.9917 16.0678 17.1241 18.1607 19.1164 19.9064 20.7042 21.3501 21.896 22.5868 23.1512 23.7022
-9999 -9999 -9999 -9999 -9999 -9999 -9999 -9999 -9999 0.142062 0.374018 0.544884 0.594822 0.624219 0.68472 0.786754 1.0557 1.641 2.45082 3.02329 3.3838 3.38953 3.37361 3.47216 3.48309 3.55881 3.27549 2.35522 1.55647 0.854978 0.793444 0.896815 0.923887 0.940959 0.989738 1.15271 1.30179 1.47561 1.66686 1.93303 2.23094 2.4424 2.71486 3.10609 3.5416 4.03274 4.55345 5.04407 5.77532 6.85488 7.931 8.95264 9.81574 10.4507 11.3158 12.3743 13.4407 14.5928 15.6985 16.7084 17.7097 18.6587 19.6108 20.3908 20.9566 21.639 22.4113 22.9539 23.4115
-9999 -9999 -9999 -9999 -9999 -9999 -9999 -9999 -9999 0.380658 0.183095 0.315372 0.425113 0.48643 0.554345 0.644946 0.777902 1.0303 1.37043 1.97812 2.44611 2.73842 2.90685 2.82771 2.57391 2.13456 1.17741 0.544354 0.698891 0.69091 0.78898 0.842309 0.880462 0.915329 0.993508 1.12111 1.23468 1.29373 1.45467 1.68522 1.89173 2.05716 2.28224 2.52678 2.81249 3.22012 3.65295 4.14397 4.79813 5.73462 6.7437 7.87608 8.88346 9.85896 10.8192 11.7597 12.7556 13.9186 15.2382 16.2239 17.2145 18.2579 19.169 19.9789 20.6474 21.3457 22.0654 22.6281 23.0386
-9999 -9999 -9999 -9999 -9999 -9999 -9999 -9999 -9999 -9999 0.0908305 0.145016 0.217209 0.303824 0.365895 0.450448 0.583622 0.73441 0.839225 1.03782 1.30323 1.44665 1.53369 1.12986 0.473753 0.067472 0.0529086 0.363727 0.571485 0.652495 0.666502 0.712794 0.765088 0.809068 0.893438 0.992071 1.06284 1.13592 1.25727 1.39167 1.49713 1.67359 1.89558 2.05733 2.22631 2.49164 2.84417 3.21152 3.67815 4.41184 5.42554 6.49763 7.81362 8.90458 10.0034 11.0279 12.048 13.4335 14.5315 15.7035 16.7941 17.7697 18.6816 19.494 20.2068 20.9809 21.7281 22.2329 22.6701
-9999 -9999 -9999 -9999 -9999 -9999 -9999 -9999 -9999 -9999 0.234268 0.066407 0.093597 0.104267 0.141557 0.2304 0.36064 0.44294 0.487829 0.536026 0.557798 0.545955 0.286655 0.0228943 0.104464 0.107585 0.112648 0.176067 0.31697 0.463462 0.540665 0.569451 0.582314 0.616687 0.672064 0.734536 0.736284 0.785523 0.863465 0.914803 0.960681 1.08245 1.28427 1.46734 1.71339 1.95766 2.13838 2.38564 2.78594 3.32026 3.98146 5.05496 6.41528 7.82441 9.17442 10.2225 11.462 12.9008 14.0699 15.1322 16.1164 17.2688 18.2558 19.1469 19.9186 20.609 21.4085 21.8273 22.2917
-9999 -9999 -9999 -9999 -9999 -9999 -9999 -9999 -9999 -9999 -9999 0.116664 0.0783668 0.0731952 0.0668644 0.0826255 0.0991845 0.127486 0.123363 0.143279 0.125189 0.0760434 0.100587 0.102556 0.105906 0.107986 0.104436 0.101373 0.126776 0.207727 0.299935 0.377896 0.4191 0.437096 0.463971 0.483807 0.457262 0.462572 0.471343 0.499633 0.537884 0.618313 0.719558 0.856979 1.05409 1.25641 1.49064 1.87166 2.22047 2.56799 3.02796 3.68318 4.76855 6.47883 8.04293 9.34841 10.6318 12.0748 13.3475 14.3327 15.5199 16.6542 17.6524 18.6648 19.4197 20.1812 20.8197 21.4424 22.226
-9999 -9999 -9999 -9999 -9999 -9999 -9999 -9999 -9999 -9999 -9999 0.131545 0.0963434 0.069335 0.0628022 0.0732552 0.0757205 0.0767585 0.0783633 0.0733835 0.0788313 0.082781 0.0934258 0.101333 0.105685 0.106765 0.100828 0.0974944 0.0977235 0.10401 0.122516 0.170772 0.215947 0.207756 0.220993 0.211161 0.194332 0.202788 0.229887 0.271828 0.329224 0.425547 0.517452 0.620442 0.716988 0.815901 1.0505 1.35479 1.69848 2.04529 2.46387 3.00519 3.71465 4.69594 6.29317 7.99342 9.2963 10.8263 12.191 13.6172 14.8977 16.1162 17.1022 18.1344 19.1135 19.8478 20.5233 21.2931 21.9937
-9999 -9999 -9999 -9999 -9999 -9999 -9999 -9999 -9999 -9999 -9999 -9999 0.114905 0.070507 0.0645175 0.0751313 0.0773325 0.0797947 0.0833246 0.0871437 0.0842065 0.0841346 0.0947273 0.103594 0.106926 0.108615 0.105544 0.102309 0.0989932 0.101311 0.106926 0.102785 0.101538 0.1077 0.111668 0.112255 0.115533 0.113253 0.115621 0.126262 0.164862 0.239795 0.34385 0.452315 0.561491 0.672416 0.794305 0.988008 1.2201 1.52483 1.90557 2.47569 3.06577 3.7525 4.7303 6.37043 8.21991 9.60993 11.1873 12.8233 14.2607 15.5236 16.6625 17.8278 18.6687 19.4278 20.2817 21.0081 21.6478
-9999 -9999 -9999 -9999 -9999 -9999 -9999 -9999 -9999 -9999 -9999 -9999 -9999 0.0767238 0.0749479 0.0785085 0.0844074 0.0821016 0.085826 0.0898923 0.0942035 0.0967121 0.100715 0.110733 0.110394 0.108774 0.109905 0.111271 0.108615 0.110105 0.116736 0.113934 0.107719 0.106937 0.10933 0.113046 0.11216 0.109994 0.10524 0.103848 0.108067 0.123226 0.188197 0.301804 0.438569 0.573012 0.650151 0.774687 0.96631 1.20553 1.4687 1.82932 2.32801 2.93335 3.76888 5.03726 6.79091 8.55574 10.1665 11.8218 13.3251 14.7405 15.9825 17.0326 17.9531 18.8545 19.7381 20.3646 20.9685
-9999 -9999 -9999 -9999 -9999 -9999 -9999 -9999 -9999 -9999 -9999 -9999 -9999 0.18115 0.0644899 0.0881323 0.0882123 0.0849181 0.0838407 0.0896809 0.0985484 0.101464 0.0999616 0.108066 0.112754 0.105909 0.104784 0.112079 0.11324 0.113702 0.117918 0.12088 0.120168 0.114881 0.109375 0.130072 0.112144 0.113312 0.109225 0.106515 0.108457 0.106207 0.11446 0.180762 0.315936 0.466598 0.580211 0.665864 0.805635 0.966176 1.15521 1.40034 1.73551 2.20057 2.95558 3.94332 5.38605 7.2523 8.86789 10.4393 11.9731 13.4033 14.6895 15.9184 17.0029 18.0848 19 19.6368 20.2353
-9999 -9999 -9999 -9999 -9999 -9999 -9999 -9999 -9999 -9999 -9999 -9999 -9999 -9999 0.0770194 0.085645 0.087348 0.0857866 0.0851334 0.0950229 0.0989004 0.104824 0.112863 0.107909 0.112413 0.106635 0.104395 0.10558 0.110841 0.110931 0.11146 0.116273 0.124043 0.124799 0.135797 0.138245 0.105464 0.102389 0.112045 0.107887 0.106556 0.10358 0.0976072 0.108033 0.17778 0.330963 0.47812 0.587374 0.683955 0.786316 0.886829 1.10868 1.38859 1.64876 2.08136 2.83732 4.03884 5.66889 7.43617 8.97568 10.3535 11.6466 13.1447 14.6567 15.9861 17.1315 18.2128 18.9156 19.4999
-9999 -9999 -9999 -9999 -9999 -9999 -9999 -9999 -9999 -9999 -9999 -9999 -9999 -9999 0.140219 0.0928571 0.0828833 0.0821043 0.0833904 0.0920071 0.0938366 0.101554 0.117282 0.115349 0.115562 0.107443 0.107368 0.104449 0.107636 0.113086 0.11579 0.114691 0.116577 0.15039 0.156031 0.117853 0.108985 0.10525 0.106526 0.110951 0.108148 0.0995076 0.0951043 0.102195 0.113958 0.185195 0.355331 0.483281 0.565802 0.642594 0.744312 0.902453 1.07396 1.29041 1.58561 2.01472 2.69846 3.87139 5.70331 7.26762 8.63388 10.0861 11.6071 13.2797 14.7679 16.1663 17.1775 17.9468 18.6709
-9999 -9999 -9999 -9999 -9999 -9999 -9999 -9999 -9999 -9999 -9999 -9999 -9999 -9999 -9999 0.104118 0.0889632 0.0822964 0.0824979 0.0913159 0.102489 0.0929395 0.105129 0.116355 0.115785 0.107982 0.108377 0.108828 0.10736 0.121135 0.134405 0.109662 0.1235 0.157596 0.135497 0.104307 0.107111 0.110301 0.105404 0.108985 0.110651 0.108146 0.105392 0.105138 0.101908 0.112179 0.232498 0.388479 0.476468 0.544274 0.628856 0.723734 0.836408 0.991349 1.26509 1.64916 1.99413 2.44525 3.38308 4.99721 6.80244 8.31589 9.98572 11.5431 13.3196 14.6094 15.9559 16.9815 17.8179
-9999 -9999 -9999 -9999 -9999 -9999 -9999 -9999 -9999 -9999 -9999 -9999 -9999 -9999 -9999 0.119023 0.0930672 0.089123 0.0755585 0.0954803 0.108371 0.107222 0.111934 0.115397 0.108043 0.110659 0.118432 0.114001 0.121892 0.135328 0.112423 0.113285 0.137595 0.110909 0.102296 0.108266 0.107636 0.112127 0.113634 0.112838 0.107829 0.10035 0.10284 0.101527 0.0946022 0.0938097 0.128584 0.269117 0.388556 0.467401 0.518958 0.603878 0.695746 0.846215 1.03639 1.31792 1.60016 1.91907 2.34107 2.97178 4.2584 6.09583 8.0777 9.88761 11.7264 13.1932 14.5746 15.7558 16.9763
-9999 -9999 -9999 -9999 -9999 -9999 -9999 -9999 -9999 -9999 -9999 -9999 -9999 -9999 -9999 -9999 0.108087 0.0866223 0.0781994 0.0793406 0.101789 0.119312 0.125796 0.129334 0.127912 0.123721 0.158328 0.139455 0.130852 0.137046 0.110263 0.108527 0.104794 0.100661 0.10215 0.105428 0.110223 0.112814 0.121589 0.127065 0.104611 0.0968397 0.0996812 0.0957329 0.0922438 0.0879836 0.0894521 0.13973 0.248529 0.350995 0.423116 0.494141 0.592894 0.724103 0.880539 1.08354 1.2921 1.55508 1.86596 2.32637 2.89782 3.78603 5.69906 7.66119 9.6808 11.3026 12.8725 14.556 15.8914
-9999 -9999 -9999 -9999 -9999 -9999 -9999 -9999 -9999 -9999 -9999 -9999 -9999 -9999 -9999 -9999 0.122315 0.0749442 0.0725786 0.0755473 0.0950833 0.106342 0.119215 0.131872 0.139024 0.154776 0.146406 0.124601 0.121721 0.114231 0.103058 0.100751 0.10157 0.102719 0.101735 0.104133 0.10851 0.111658 0.129471 0.106395 0.0989121 0.0978079 0.0975363 0.0953688 0.0910318 0.0875873 0.0848446 0.0890056 0.113088 0.176819 0.280906 0.363081 0.465002 0.564447 0.71715 0.871847 1.04625 1.2572 1.53141 1.88735 2.34844 2.99549 3.87792 5.35738 7.04867 9.1186 11.3583 13.2263 14.5279
-9999 -9999 -9999 -9999 -9999 -9999 -9999 -9999 -9999 -9999 -9999 -9999 -9999 -9999 -9999 -9999 -9999 0.104689 0.077705 0.0828962 0.104233 0.10767 0.110499 0.116921 0.13154 0.139804 0.158487 0.118125 0.110591 0.10645 0.0994903 0.104251 0.103003 0.102927 0.104546 0.10716 0.109366 0.108369 0.1046 0.100677 0.0963522 0.0920587 0.0945915 0.0938347 0.0871492 0.0857822 0.084771 0.0831441 0.0799598 0.0896678 0.123642 0.200763 0.296656 0.382495 0.494567 0.626124 0.762059 0.973772 1.23262 1.48104 1.87254 2.36546 3.0274 3.93035 5.20305 6.94435 9.07419 10.9162 12.4763
-9999 -9999 -9999 -9999 -9999 -9999 -9999 -9999 -9999 -9999 -9999 -9999 -9999 -9999 -9999 -9999 -9999 -9999 0.0833923 0.0934691 0.106002 0.11189 0.118191 0.109315 0.115878 0.134782 0.126758 0.117246 0.110985 0.106923 0.106964 0.108989 0.105171 0.103849 0.105707 0.111262 0.10868 0.104657 0.0990105 0.102325 0.107359 0.098788 0.0936624 0.0901304 0.0843765 0.0857893 0.0850706 0.0810029 0.0820478 0.0816972 0.0837629 0.0978249 0.144262 0.217153 0.293165 0.397609 0.505459 0.684513 0.888256 1.14872 1.46594 1.7842 2.22784 2.94101 4.01683 5.25185 6.61395 8.19425 9.91855
-9999 -9999 -9999 -9999 -9999 -9999 -9999 -9999 -9999 -9999 -9999 -9999 -9999 -9999 -9999 -9999 -9999 -9999 0.108768 0.105948 0.110416 0.113718 0.108319 0.101952 0.105974 0.111849 0.115174 0.118462 0.114488 0.111842 0.111911 0.112002 0.108219 0.106181 0.107534 0.109754 0.101595 0.0976517 0.0977141 0.0968 0.0929482 0.103295 0.101328 0.0902547 0.0798435 0.0826249 0.086506 0.0835767 0.0845833 0.0868128 0.0868616 0.0880576 0.0879614 0.0998854 0.153305 0.21558 0.292987 0.403819 0.565395 0.807799 1.06098 1.30038 1.62918 2.13504 2.859 3.79687 4.72114 5.77244 7.28653
