data/RealTopo/Outputs_RealTopo/relWog_02RealTopo_null_TRENT2D_pft.asc
ncols      490
nrows      555
cellsize  5.000
xllcenter       167455.00
yllcenter       361955.00
NODATA_value       nan
[rows 190 to 227 of 555, columns 170 to 254 of 490]
2.744607 2.551419 2.477869 2.396840 2.176349 1.888078 1.739290 1.685026 2.097666 2.543029 2.926068 3.570291 4.237771 7.032833 7.262940 6.184200 4.878112 3.476425 2.584807 1.968786 1.777326 1.967000 0.840457 nan nan nan nan nan nan nan nan nan nan nan nan nan nan nan nan nan nan nan nan nan nan 0.000000 0.000000 0.000000 0.000903 0.000000 0.000000 0.000000 nan nan nan nan nan nan nan nan 0.000000 0.000000 0.000789 0.002275 0.003049 0.000825 nan nan nan nan nan nan nan nan nan nan nan nan nan nan nan nan nan nan nan
3.006901 2.850550 2.686232 2.600021 2.480795 2.227445 1.982193 1.882765 1.990641 2.426313 2.926416 3.425318 4.647191 5.539807 7.537246 7.044327 5.818630 4.164389 3.743237 2.339863 1.981059 1.597171 1.430526 0.126190 nan nan nan nan nan nan nan nan nan nan nan nan nan nan nan nan nan nan nan nan nan 0.000000 0.000000 0.000000 0.000905 0.000921 0.000000 0.000000 nan nan nan nan nan nan nan nan 0.000000 0.000000 0.000770 0.001563 0.003207 0.001608 0.000000 nan nan nan nan nan nan nan nan nan nan nan nan nan nan nan nan nan nan
3.216149 3.119763 2.937273 2.761350 2.703460 2.544195 2.333904 2.184941 2.111630 2.399221 2.797698 3.390206 4.272390 4.681107 6.199565 7.557773 6.495497 5.217613 4.636102 3.220516 2.344352 1.720095 0.986135 0.398434 0.031171 nan nan nan nan nan nan nan nan nan nan nan nan nan nan nan nan nan nan nan nan nan 0.000000 0.000000 0.000914 0.000932 0.000952 0.000000 0.000000 nan nan nan nan nan nan nan 0.000000 0.000000 0.000000 0.001570 0.003318 0.001721 0.000000 nan nan nan nan nan nan nan nan nan nan nan nan nan nan nan nan nan nan
3.348939 3.324054 3.211775 3.038376 2.896782 2.808135 2.618865 2.537772 2.411371 2.470545 2.767410 3.221306 4.046132 5.092388 4.626619 7.048601 6.974937 6.282658 4.753878 4.703427 3.134149 1.916885 0.795295 0.519725 0.154205 nan nan nan nan nan nan nan nan nan nan nan nan nan nan nan nan nan nan nan nan nan 0.000000 0.000000 0.000000 0.000899 0.000877 0.000000 0.000000 0.000000 nan nan nan nan nan nan 0.000000 0.000000 0.000000 0.000874 0.003482 0.002592 0.000000 0.000000 nan nan nan nan nan nan nan nan nan nan nan nan nan nan nan nan nan
3.412345 3.470220 3.458772 3.306423 3.215706 3.061508 2.919551 2.808893 2.678297 2.624129 2.817458 3.114069 3.782637 4.594775 4.767299 5.515754 6.999238 6.725996 5.732948 4.756928 4.463892 2.089666 0.908673 0.376988 0.366818 0.062447 nan nan nan nan nan nan nan nan nan nan nan nan nan nan nan nan nan nan nan nan nan 0.000000 0.000000 0.000890 0.000855 0.000000 0.000000 0.000000 0.000000 nan nan nan nan nan 0.000000 0.000000 0.000000 0.000903 0.004616 0.002635 0.000000 0.000000 0.000000 nan nan nan nan nan nan nan nan nan nan nan nan nan nan nan nan
3.415821 3.527986 3.583739 3.587885 3.440684 3.265418 3.170019 3.029475 2.950278 2.874062 2.952733 3.155848 3.687590 4.318286 4.951203 4.495785 6.235105 7.038988 6.193222 4.915565 5.085222 2.941717 1.008156 0.562104 0.398995 0.179286 0.009743 nan nan nan nan nan nan nan nan nan nan nan nan nan nan nan nan nan nan nan nan 0.000000 0.000000 0.000000 0.000873 0.000901 0.000000 0.000000 0.000000 0.000000 nan nan nan nan nan nan 0.000000 0.000000 0.004624 0.003656 0.000000 0.000000 0.000000 nan nan nan nan nan nan nan nan nan nan nan nan nan nan nan nan
3.356386 3.550377 3.695608 3.751079 3.669833 3.581021 3.428951 3.288283 3.125775 3.124799 3.049601 3.181207 3.684971 4.178807 4.782976 5.020441 5.149431 6.436560 7.185863 5.597077 4.774292 4.018954 1.449490 1.157175 0.519497 0.207966 0.050955 0.006613 0.005358 nan nan nan nan nan nan nan nan nan nan nan nan nan nan nan nan nan nan 0.000000 0.000000 0.000000 0.000000 0.000902 0.000894 0.000000 0.000000 0.000000 0.000000 nan nan nan nan nan nan nan 0.002698 0.005578 0.000000 0.000000 0.000000 0.000000 nan nan nan nan nan nan nan nan nan nan nan nan nan nan nan
3.274619 3.531297 3.737629 3.868400 3.903779 3.839832 3.736075 3.565864 3.412997 3.315511 3.330846 3.276030 3.608656 4.296528 4.827103 5.428554 4.486434 5.163950 6.485347 5.914424 6.031781 3.879360 1.789113 1.675982 1.205750 0.563722 0.180568 0.031982 0.030865 0.003612 0.000000 0.000000 0.000000 0.000000 nan nan nan nan nan nan nan nan nan nan nan nan nan nan 0.000000 0.000000 0.000000 0.000917 0.000897 0.000898 0.000000 0.000000 0.000000 0.000000 nan nan nan nan nan nan 0.000887 0.005578 0.000779 0.000000 0.000000 0.000000 nan nan nan nan nan nan nan nan nan nan nan nan nan nan nan
2.941248 3.331602 3.667140 3.915114 4.044034 4.157740 4.062623 4.007820 3.780571 3.596389 3.513066 3.519578 3.599831 4.263039 4.857257 5.529237 5.521408 4.975464 5.461176 5.685456 6.709259 3.832242 1.770277 2.010089 1.814267 1.238900 0.734560 0.400839 0.128532 0.041124 0.009804 0.001741 0.000000 0.000000 0.000000 0.000000 nan nan nan nan nan nan nan nan nan nan nan nan nan 0.000000 0.000000 0.000000 0.000921 0.000919 0.000900 0.000000 0.000000 0.000000 nan nan nan nan nan nan 0.000000 0.005340 0.001603 0.000000 0.000000 nan nan nan nan nan nan nan nan nan nan nan nan nan nan nan nan
2.627499 2.965600 3.377905 3.792159 4.084289 4.279870 4.381569 4.376024 4.194447 4.047492 3.713623 3.750694 3.825828 4.143816 4.905251 5.771228 6.428723 5.540158 5.092641 5.660503 6.756737 5.257999 1.906736 2.136660 2.105257 1.782304 1.243315 0.795935 0.453619 0.207889 0.075561 0.019676 0.004270 0.000857 0.000000 0.000000 0.000000 nan nan nan nan nan nan nan nan nan nan nan nan nan 0.000000 0.000000 0.000000 0.000917 0.000957 0.000897 0.000000 0.000000 0.000000 nan nan nan nan nan 0.000000 0.004424 0.003313 0.000875 0.000000 nan nan nan nan nan nan nan nan nan nan nan nan nan nan nan nan
2.437260 2.781824 3.118781 3.532148 3.950605 4.289182 4.560743 4.705403 4.648129 4.551338 4.248728 3.949192 4.051422 4.133890 4.761719 5.821346 6.733420 6.875355 5.180298 5.071353 7.081589 6.271709 2.673595 1.916951 2.191801 2.142571 1.744999 1.362984 0.981467 0.595246 0.299499 0.126836 0.043153 0.011843 0.002527 0.000835 0.000000 0.000000 nan nan nan nan nan nan nan nan nan nan nan nan nan 0.000000 0.000000 0.000000 0.000883 0.000930 0.000891 0.000000 0.000000 0.000000 nan nan nan nan 0.000000 0.001634 0.003521 0.002591 0.000905 nan nan nan nan nan nan nan nan nan nan nan nan nan nan nan nan
2.115240 2.505129 2.874914 3.253088 3.757772 4.211105 4.610247 4.887310 5.067133 5.065635 4.837592 4.404233 4.210524 4.385250 4.632437 5.864660 6.803323 7.425715 6.872915 4.809399 6.987977 7.285821 3.284334 1.682991 2.365164 2.290701 2.052063 1.723661 1.391685 1.009200 0.666488 0.386249 0.174853 0.063505 0.022158 0.006595 0.000824 0.000000 0.000000 nan nan nan nan nan nan nan nan nan nan nan nan nan 0.000000 0.000000 0.000000 0.000906 0.000939 0.000923 0.000000 0.000000 nan nan nan 0.000000 0.000000 0.000000 0.002603 0.004510 0.001818 0.000000 nan nan nan nan nan nan nan nan nan nan nan nan nan nan nan
1.817780 2.247513 2.560810 2.971060 3.413269 3.990524 4.637443 5.060726 5.340520 5.512666 5.482333 5.055372 4.559863 4.631032 4.878427 5.694771 6.912372 7.847647 7.853286 4.940942 6.944789 8.086819 3.916052 1.721856 2.227146 2.324106 2.270415 1.968002 1.724511 1.461392 1.089517 0.732325 0.456265 0.236280 0.104809 0.037217 0.008096 0.000784 0.000000 0.000000 0.000000 nan nan nan nan nan nan nan nan nan nan nan nan 0.000000 0.000000 0.000000 0.000935 0.001939 0.000931 0.000000 0.000000 0.000000 nan nan nan nan nan 0.004612 0.004739 0.000000 nan nan nan nan nan nan nan nan nan nan nan nan nan nan nan
1.232236 1.589697 1.878726 2.295146 2.791282 3.393802 4.128555 4.814679 5.363431 5.722194 5.987815 5.926686 5.385473 5.078194 5.200532 5.660518 7.077599 8.199594 8.756221 6.695331 6.513029 8.186198 4.991103 1.955217 2.014908 2.516608 2.405814 2.230745 1.991949 1.795919 1.536680 1.167631 0.827562 0.504637 0.291565 0.138985 0.048100 0.009625 0.001648 0.000000 0.000000 nan nan nan nan nan nan nan nan nan nan nan nan nan 0.000000 0.000000 0.000000 0.000936 0.000954 0.000000 0.000000 0.000000 0.000000 nan nan nan nan 0.002739 0.005643 0.000000 nan nan nan nan nan nan nan nan nan nan nan nan nan nan nan
0.714049 1.015355 1.300980 1.708701 2.196954 2.839662 3.636493 4.492531 5.215473 5.790097 6.273163 6.461603 6.215032 5.786519 5.557553 5.792689 6.807331 8.435956 9.480201 9.047577 5.377381 7.746601 6.278549 3.021703 1.919893 2.531137 2.530812 2.439678 2.198879 2.040599 1.857447 1.443374 1.156152 0.890058 0.611771 0.375287 0.194721 0.072252 0.018202 0.001618 0.000000 0.000000 nan nan nan nan nan nan nan nan nan nan nan nan nan nan nan 0.000991 0.002929 0.000956 0.000000 0.000000 0.000000 0.000000 nan nan nan 0.000900 0.005578 0.000000 nan nan nan nan nan nan nan nan nan nan nan nan nan nan nan
0.219457 0.282694 0.423080 0.652988 0.933868 1.433867 2.208362 3.258651 4.316303 5.348386 6.227284 6.726453 6.852213 6.561316 6.225315 6.163483 6.600487 8.485336 10.077140 10.694556 6.022755 7.057708 7.114212 4.092580 1.933037 2.468300 2.639842 2.576425 2.409125 2.257537 1.975401 1.569947 1.439462 1.286594 1.019313 0.731276 0.465754 0.264691 0.099701 0.019489 0.002458 0.000000 0.000000 nan nan nan nan nan nan nan nan nan nan nan nan nan nan nan 0.003973 0.003916 0.001933 0.000931 0.000000 0.000000 nan nan nan nan 0.006520 0.000936 nan nan nan nan nan 0.000000 0.000000 0.000000 nan nan nan nan nan nan nan
0.014910 0.063019 0.039955 0.099003 0.204577 0.367911 0.749627 1.434760 2.475623 3.909135 5.386916 6.537823 7.147070 7.158587 6.800569 6.609412 6.750756 8.285588 10.313087 11.776969 9.064472 6.350528 6.957759 5.733061 2.937846 2.412940 2.875903 2.761551 2.641987 2.378575 2.075250 1.724885 1.640541 1.649343 1.456518 1.166385 0.820888 0.527248 0.294486 0.119454 0.022064 0.001556 0.000000 nan nan nan nan nan nan nan nan nan nan nan nan nan nan 0.019674 0.001935 0.001924 0.001909 0.001780 0.000892 0.000898 nan nan nan nan 0.005589 0.002921 0.000000 nan nan nan 0.000000 0.000000 0.000000 0.000000 0.000000 nan nan nan nan nan nan
0.000000 0.000000 0.000000 0.000913 0.005319 0.021993 0.095257 0.316461 0.826704 1.782408 3.234138 5.016149 6.591162 7.398571 7.246533 6.873604 6.996295 7.866600 9.983639 12.259013 11.629508 7.074818 6.159536 6.661879 4.069674 2.439222 2.963152 3.021112 2.872947 2.655489 2.173601 1.929537 1.924454 2.011759 1.831945 1.573804 1.203019 0.909404 0.603480 0.313428 0.110502 0.017714 0.000807 nan nan nan nan nan nan nan nan nan nan nan nan nan 0.000000 0.000000 0.000000 0.000000 0.000902 0.001778 0.001829 0.002780 0.001847 nan nan nan 0.005569 0.001885 0.000000 0.000000 nan 0.000000 0.000000 0.000000 0.000000 0.000000 0.000000 nan nan nan nan nan nan
nan nan 0.000000 0.000000 0.000849 0.003392 0.020827 0.087935 0.272642 0.659867 1.349246 2.638274 4.506893 6.318078 7.323592 7.122373 6.942787 7.392802 8.823922 11.976488 13.093953 10.042654 6.823262 6.080084 4.970706 3.312142 2.855834 3.433697 3.235531 2.972625 2.481440 2.238394 2.346067 2.334822 2.172008 1.934583 1.623455 1.281029 0.995090 0.658388 0.321623 0.110726 0.015079 0.000000 nan nan nan nan nan nan nan nan nan nan nan nan nan nan nan 0.000000 0.000000 0.000000 0.000000 0.001838 0.002856 0.004865 nan nan 0.007719 0.002808 0.000000 0.000000 0.000000 0.000000 0.000000 0.000000 0.000000 0.000000 0.000000 0.000000 nan nan nan nan nan
nan nan nan 0.000000 0.000000 0.000000 0.002440 0.019056 0.093695 0.296686 0.689819 1.441939 2.605877 4.261493 6.033446 7.045071 6.626852 6.611959 7.562741 10.409779 12.949343 11.788042 9.302113 6.988089 5.071273 4.039828 2.962442 3.504055 3.721746 3.565066 2.986807 2.736478 2.824340 2.680668 2.485614 2.259406 1.996072 1.614227 1.362096 1.088559 0.656143 0.297017 0.084921 0.000000 0.000000 0.000000 nan nan nan nan nan nan nan nan nan nan nan nan nan nan nan nan 0.000000 0.000000 0.000938 0.002827 0.019750 0.008976 0.006751 0.002784 0.000000 0.000000 0.000000 0.000000 0.000000 0.000000 0.000000 0.000000 0.000000 0.000000 nan nan nan nan nan
nan nan nan nan 0.000000 0.000000 0.000000 0.001667 0.015185 0.094665 0.320033 0.798838 1.622937 3.052799 4.574081 5.903966 6.490237 6.190147 6.541544 8.164403 10.949987 10.896697 11.532110 8.488491 6.990985 5.227269 3.422072 3.414884 4.132573 4.021455 3.540959 3.436803 3.344848 3.062693 2.805134 2.577185 2.326570 1.994453 1.651787 1.467271 1.140531 0.659498 0.291716 0.090946 0.007087 0.000000 nan nan nan nan nan nan nan nan nan nan nan nan nan nan nan 0.001000 0.000000 0.000000 0.000000 0.000000 0.000934 0.001921 0.004757 0.004543 0.000877 0.000000 0.000000 0.000000 0.000000 0.000000 0.000000 0.000000 0.000000 0.000000 nan nan nan nan nan
nan nan nan nan nan 0.000000 0.000000 0.000000 0.002561 0.018647 0.105102 0.375264 0.954359 1.957875 3.492240 4.890145 6.014166 6.357371 5.854180 6.370498 8.812096 10.546364 10.433815 9.998635 8.151478 6.945262 4.743422 3.771253 3.950906 4.073631 4.089628 4.047184 3.933357 3.624366 3.238291 2.922820 2.627878 2.405493 2.016251 1.851853 1.652477 1.193782 0.623201 0.247674 0.056228 nan nan nan nan nan nan nan nan nan nan nan nan nan nan nan nan 0.002000 0.000970 0.000972 0.000000 0.000957 0.000953 0.000927 0.002751 0.005604 0.001827 0.000855 nan nan 0.021705 0.023841 0.000000 0.000000 0.000000 0.000000 nan nan nan nan nan
nan nan nan nan nan nan 0.000000 0.000000 0.000000 0.002511 0.020948 0.126243 0.480392 1.130641 2.355470 3.759548 4.913730 5.916497 5.534293 5.633715 6.690090 9.260593 9.486099 10.110227 9.016253 7.826837 6.510903 4.411839 4.121684 4.252046 4.532561 4.467886 4.319165 4.146034 3.830536 3.487206 3.100745 2.771895 2.379873 2.262949 2.152246 1.821826 1.158423 0.584666 0.187246 nan nan nan nan nan nan nan nan nan nan nan nan nan nan nan nan 0.000000 0.000000 0.000000 0.000000 0.000973 0.000968 0.001942 0.002869 0.005629 0.002752 0.002734 nan 0.161000 0.002856 0.000872 0.000918 0.000000 0.000000 0.000000 0.000000 nan nan nan nan
nan nan nan nan nan nan nan 0.000000 0.000000 0.000000 0.003352 0.031218 0.189521 0.580546 1.431483 2.764348 3.852446 4.890590 5.479050 5.184334 5.866408 7.615045 9.717515 9.945720 9.071745 8.028029 7.329691 5.955824 4.488032 4.241887 4.302440 4.482272 4.281697 4.306237 4.233238 4.111632 3.713895 3.251957 2.899458 2.802430 2.576675 2.312423 1.879237 1.176160 0.612556 0.231908 0.000000 nan nan nan nan nan nan nan nan nan nan nan nan nan nan 0.000000 0.000000 0.000000 0.000000 0.000967 0.000962 0.000960 0.001887 0.003664 0.003669 0.017651 0.035332 0.003568 0.002678 0.002785 0.000929 0.000940 0.000000 0.000000 0.000000 nan nan nan nan
nan nan nan nan nan nan nan 0.000000 0.000000 0.000000 0.000000 0.004988 0.045055 0.209580 0.698162 1.780824 3.035001 4.418217 5.538878 4.877761 5.229436 6.285425 8.370336 8.631746 9.381121 8.155689 7.572392 6.862615 5.236683 4.553747 4.388465 4.356562 4.363719 4.481010 4.421717 4.550999 4.319322 3.878945 3.539628 3.243105 2.979771 2.869200 2.527636 1.894509 1.136027 0.594017 0.213094 0.012183 nan nan nan nan nan nan nan nan nan nan nan nan nan nan nan nan 0.000000 0.000000 0.000000 0.000937 0.000964 0.002859 0.005795 0.025585 0.003593 0.003601 0.003769 0.003765 0.002841 0.001899 0.000947 0.000000 0.000000 0.000000 nan nan nan
nan nan nan nan nan nan nan nan nan nan 0.000000 0.000000 0.004150 0.042576 0.240554 0.867345 2.196520 3.696480 4.801543 5.221680 4.761404 5.377546 7.067868 8.195176 8.593677 8.385730 7.117635 7.442143 6.769516 5.353682 4.320858 4.051592 4.300896 4.517841 4.792979 5.003754 4.947721 4.541977 4.092336 3.697304 3.505313 3.340497 3.165026 2.692996 1.956175 1.154446 0.535383 0.159243 0.008233 nan nan nan nan nan nan nan nan nan nan nan nan nan nan nan nan nan nan 0.000996 0.000971 0.000956 0.002917 0.002758 0.002655 0.003660 0.004687 0.004666 0.004754 0.003806 0.001887 0.000947 0.000000 0.000000 nan nan nan
nan nan nan nan nan nan nan nan nan nan nan 0.000000 0.000000 0.003293 0.035299 0.242338 1.086482 2.614954 4.152428 5.067692 4.827471 5.022712 6.026930 8.030440 7.880757 8.526393 8.473106 7.340890 7.507850 6.592845 4.920423 4.101360 4.084714 4.364244 4.782202 5.087028 5.186924 5.123468 4.560655 4.363776 3.922458 3.852023 3.710498 3.447336 2.816017 1.929656 1.133005 0.508118 0.093762 0.000000 nan nan nan nan nan nan nan nan nan nan nan nan nan nan nan nan nan 0.005931 0.000919 0.000874 0.000874 0.001727 0.001848 0.002762 0.003715 0.004690 0.005724 0.003705 0.002830 0.001915 0.000969 0.000000 0.000000 nan nan
nan nan nan nan nan nan nan nan nan nan nan nan 0.000000 nan 0.000000 0.000000 0.332952 1.453922 3.071137 4.179067 4.517652 4.562737 5.238318 6.952851 8.729395 8.734032 10.055598 7.761733 8.060216 7.771577 6.617682 4.557086 4.373089 4.419496 4.830257 5.202928 5.457581 5.545132 5.265201 4.866501 4.435026 4.131957 4.214653 3.944654 3.441824 2.791842 1.947898 1.270649 0.706080 0.199071 0.000000 nan nan nan nan nan nan nan nan nan nan nan nan nan nan nan 0.002976 0.000000 0.000920 0.000927 0.000932 0.000916 0.001851 0.001804 0.002749 0.003773 0.003602 0.004576 0.004773 0.003869 0.000963 0.000000 0.000000 nan nan
nan nan nan nan nan nan nan nan nan nan nan nan nan nan nan nan 0.051129 0.477492 1.761814 3.143062 3.941077 4.087045 4.345701 5.361703 7.634903 9.171698 9.551302 7.939068 8.232295 8.768028 8.605045 5.636500 5.072182 4.869533 4.881785 5.225021 5.546486 5.831172 5.888498 5.603226 5.286969 4.565189 4.495425 4.278781 4.279031 3.617713 2.655312 1.734617 0.982552 0.532484 0.193874 0.025106 nan nan nan nan nan nan nan nan nan nan nan nan nan nan 0.004992 0.000817 0.000946 0.000935 0.000928 0.000922 0.000869 0.000879 0.001790 0.002680 0.002684 0.004643 0.004758 0.003815 0.001899 0.000963 0.000000 nan nan
nan nan nan nan nan nan nan nan nan nan nan nan nan nan nan nan 0.000000 0.089606 0.675080 1.996220 3.048559 3.576225 3.839951 4.476786 5.809078 7.832234 8.124166 7.904214 7.641212 8.882833 9.048041 7.278341 5.531021 5.164630 5.164761 5.427299 5.557764 5.716089 6.028050 6.405333 6.371301 5.413478 4.683595 4.708124 4.873665 4.387084 3.576759 2.619036 1.739782 1.073317 0.492237 0.125268 nan nan nan nan nan nan nan nan nan nan nan nan nan nan 0.016779 0.000808 0.000885 0.000930 0.000910 0.000893 0.000922 0.000893 0.001741 0.001772 0.002743 0.003724 0.004749 0.004700 0.002826 0.000956 0.000000 nan nan
nan nan nan nan nan nan nan nan nan nan nan nan nan nan nan nan nan nan 0.150674 0.850478 1.902419 2.836360 3.037783 3.551854 4.546343 6.326891 7.399858 7.512638 7.312454 7.703562 9.404493 9.554180 6.911345 5.742071 5.472654 5.355566 5.554833 5.579732 5.926880 6.576916 6.852002 6.307256 4.854218 5.459097 5.513236 5.225181 4.542659 3.406463 2.540727 1.863972 1.104543 0.453949 0.104179 0.005581 nan nan nan nan nan nan nan nan nan 0.031650 0.001676 0.001914 0.002880 0.000796 0.000828 0.000895 0.001802 0.001816 0.001846 0.001832 0.001858 0.002803 0.002772 0.003750 0.005713 0.005620 0.003804 0.000943 0.000000 0.000000 nan
nan nan nan nan nan nan nan nan nan nan nan nan nan nan nan nan nan nan 0.012444 0.168473 0.772184 1.595037 2.201424 2.747528 3.455445 4.861842 6.173256 6.476366 7.138442 7.161524 8.159272 8.892030 8.317420 6.568366 5.322254 5.432266 5.675871 5.766492 5.995130 6.315675 6.446644 6.334650 5.359570 6.326252 6.176587 5.664973 5.166275 4.242147 3.348129 2.613303 1.883921 1.035910 0.338167 0.048220 nan nan nan nan nan nan nan nan nan 0.035983 0.000884 0.001765 0.000870 0.001691 0.001700 0.001724 0.001745 0.001795 0.001851 0.002747 0.002883 0.003826 0.003841 0.003789 0.003752 0.005638 0.004645 0.002844 0.000939 0.000000 0.000000
nan nan nan nan nan nan nan nan nan nan nan nan nan nan nan nan nan nan nan 0.015923 0.134465 0.459734 1.064649 2.047736 2.339991 3.654107 5.026285 6.200207 6.849115 7.979161 7.593902 8.701541 8.910801 6.843271 5.554197 5.359235 5.477078 6.046280 6.157539 6.269491 6.190794 6.038736 6.198338 6.191292 6.275140 5.951623 5.484524 4.861192 4.031714 3.297386 2.468649 1.660455 0.841607 0.230132 0.014228 0.000000 nan nan nan nan nan nan nan 0.005922 0.000936 0.000938 0.000000 0.000845 0.000842 0.000858 0.000874 0.000884 0.001806 0.001853 0.002823 0.003817 0.004758 0.004808 0.002807 0.005650 0.005636 0.003843 0.000932 0.000000 0.000000
nan nan nan nan nan nan nan nan nan nan nan nan nan nan nan nan nan nan nan nan nan 0.000000 0.000000 0.952989 1.179123 1.905689 3.344521 5.221613 6.067530 7.350818 7.327937 7.799645 9.784675 10.540479 5.548297 5.414264 5.319167 6.057724 6.338807 6.662526 6.620352 6.677993 6.578699 6.493617 6.512837 6.531967 5.892135 5.517853 4.685291 3.685936 3.008868 2.249754 1.379757 0.588456 0.093967 nan nan nan nan nan nan nan nan 0.000000 0.000000 0.000974 0.000000 0.000000 0.000000 0.000000 0.000000 0.000000 0.000000 0.000882 0.000948 0.002828 0.004669 0.005666 0.004849 0.004715 0.005494 0.003630 0.001873 0.000000 0.000000
nan nan nan nan nan nan nan nan nan nan nan nan nan nan nan nan nan nan nan nan nan nan nan 0.000000 0.431844 0.924472 1.624725 2.645224 3.826923 5.293352 5.730430 6.050275 6.534544 10.833000 10.015276 3.947210 4.112374 5.297008 6.222292 6.867402 7.011089 7.000851 6.731754 6.770220 6.802816 6.782758 6.274715 5.836210 5.215412 4.234351 3.645124 2.747765 1.809810 1.080950 0.335420 nan nan nan nan nan nan nan nan 0.000000 0.000000 0.000000 0.000000 0.000000 0.000000 0.000000 0.000000 0.000000 0.000000 0.000000 0.000942 0.000931 0.002803 0.005616 0.005657 0.005591 0.006398 0.004532 0.001834 0.000000 0.000000
nan nan nan nan nan nan nan nan nan nan nan nan nan nan nan nan nan nan nan nan nan nan nan nan nan 0.320439 0.607518 1.353888 2.234046 2.366635 3.960824 4.654980 5.225578 5.769567 10.403000 6.081811 4.237992 4.373988 5.036182 6.278288 7.076246 7.401133 7.438845 6.817596 6.809404 6.590665 6.286509 5.697206 5.597187 4.618351 3.826335 3.017651 2.262328 1.522825 0.753509 nan nan nan nan nan nan nan nan 0.000000 0.000000 0.000000 0.000000 0.000000 0.000000 0.000000 0.000000 0.000000 0.000000 0.000000 0.000000 0.000967 0.000950 0.003750 0.005565 0.007514 0.009613 0.007579 0.002673 0.000884 0.000000
nan nan nan nan nan nan nan nan nan nan nan nan nan nan nan nan nan nan nan nan nan nan nan nan nan nan 0.084501 0.445420 1.134701 1.297550 2.567630 3.784887 4.721875 5.061100 5.760210 6.363701 5.193462 4.472652 4.349994 4.841159 6.066255 7.299554 7.546536 7.131260 7.015422 6.933143 6.626253 6.313683 6.074796 5.333527 4.182876 3.695933 2.727638 1.925036 1.141714 0.449363 nan nan nan nan nan nan nan nan 0.008922 0.000930 0.000000 0.000000 0.000000 0.000000 0.000000 0.000000 0.000000 0.000000 0.000000 0.000925 0.001952 0.001884 0.004725 0.008738 0.011517 0.009366 0.005616 0.001851 0.000921
nan nan nan nan nan nan nan nan nan nan nan nan nan nan nan nan nan nan nan nan nan nan nan nan nan nan 0.015607 0.058485 0.257337 0.534278 0.926481 2.251566 4.131926 5.227251 4.688423 4.761428 5.690397 5.661062 4.967020 4.549526 4.839372 5.979318 7.234926 7.648844 7.442741 7.503071 7.314095 6.856220 6.637875 5.481684 4.679523 4.121036 3.367122 2.390597 1.516187 0.567662 nan nan nan nan nan nan nan 0.001995 0.040756 0.001761 0.001544 0.000908 0.000908 0.000879 0.000864 0.000863 0.000855 0.000840 0.000768 0.000862 0.000924 0.001945 0.001911 0.003804 0.007486 0.011279 0.010316 0.003709 0.000923
