data/RealTopo/Outputs_RealTopo/relWog_02RealTopo_null_TRENT2D_pfv.asc
ncols 490
nrows 555
cellsize  5.000
xllcenter   167455.00
yllcenter   361955.00
NODATA_value nan
[rows 351 to 389 of 555, columns 267 to 355 of 490]
28.981 28.736 25.083 9.535 13.915 15.381 15.392 19.639 26.712 32.859 33.616 37.783 40.975 43.367 38.064 41.391 39.682 36.588 33.003 37.465 43.649 39.652 37.713 22.542 19.534 29.142 33.741 35.526 37.234 41.317 32.778 19.529 12.224 9.903 10.906 20.050 24.761 24.750 26.569 32.716 34.119 35.884 38.295 39.385 41.667 42.503 43.869 43.934 43.724 45.652 45.939 45.423 46.963 41.945 39.866 36.001 31.430 34.266 30.773 27.681 23.611 19.986 18.235 17.397 15.329 12.887 10.739 1.860 3.162 nan nan nan nan nan nan nan nan nan nan nan nan nan nan nan nan nan nan nan nan
29.033 30.597 29.676 17.375 11.685 14.799 15.166 17.573 25.005 31.317 33.253 37.604 41.724 46.413 44.656 42.641 39.669 36.148 36.486 37.369 39.195 39.389 37.681 25.142 15.369 25.905 31.765 34.400 36.938 41.900 34.667 23.474 13.969 11.307 10.324 13.731 20.100 23.611 24.422 30.094 34.362 32.541 36.298 38.422 41.358 42.299 43.226 43.704 45.695 46.085 45.847 46.697 47.815 50.404 39.614 37.140 35.049 30.808 30.724 29.587 28.242 26.186 21.794 18.502 17.036 15.815 13.080 11.926 8.451 1.326 0.358 nan nan nan nan nan nan nan nan nan nan nan nan nan nan nan nan nan nan
31.396 31.925 32.171 18.801 12.650 14.698 15.441 17.862 23.237 29.821 32.829 37.292 38.741 40.577 43.840 39.439 39.217 33.996 35.832 37.426 39.543 45.526 41.832 23.116 13.580 23.098 29.370 34.058 34.846 33.358 36.951 30.795 13.731 10.566 11.737 11.411 13.809 22.763 22.287 27.507 33.669 31.814 30.213 36.027 40.502 42.135 42.401 43.607 45.890 47.345 44.768 47.224 48.867 46.166 44.614 40.528 34.785 35.149 31.754 28.917 25.585 24.786 22.788 21.751 17.919 18.545 17.713 16.486 13.804 5.294 0.984 0.161 nan nan 0.138 0.106 nan nan nan nan nan nan nan nan nan nan nan nan nan
33.452 34.198 31.572 22.405 14.021 13.906 15.601 18.422 21.854 28.876 33.790 36.287 38.227 40.423 40.695 39.402 38.844 34.099 36.512 37.992 39.848 41.126 45.064 23.592 14.297 19.871 25.662 30.026 33.686 33.307 32.612 29.683 15.267 12.522 12.848 11.707 13.520 22.389 23.078 27.664 26.780 27.116 31.282 32.613 39.102 41.798 42.660 44.545 46.658 47.924 47.340 46.360 43.910 44.311 45.043 46.335 41.124 36.500 33.203 32.155 29.472 26.481 23.702 21.222 20.445 19.464 18.745 17.915 15.902 10.627 4.515 0.462 nan 0.160 0.227 0.225 0.175 0.139 0.181 0.142 0.123 nan nan nan nan nan nan nan nan
32.127 32.653 31.079 25.553 14.367 14.021 16.826 18.751 20.874 28.252 32.898 35.589 39.152 39.439 39.805 40.626 39.179 36.315 35.846 37.458 39.060 40.351 32.907 24.098 17.859 17.403 24.133 29.053 32.884 32.742 31.482 27.272 16.539 12.924 13.167 11.979 12.186 22.592 23.417 24.120 27.499 28.045 26.536 33.874 35.403 45.191 45.702 46.843 47.405 47.910 47.532 45.066 44.123 44.524 44.553 41.269 40.728 39.771 37.475 35.111 31.442 29.425 28.333 24.315 20.484 19.264 19.301 19.123 16.525 13.957 10.070 2.407 nan 0.094 0.187 0.213 0.215 0.233 0.234 0.207 0.202 0.131 nan nan nan nan nan nan nan
29.625 30.223 30.529 25.750 14.908 13.189 17.199 19.374 21.653 28.254 33.686 36.933 42.056 39.193 39.631 42.207 39.754 38.732 36.539 37.343 38.129 38.807 32.834 23.476 12.587 15.059 23.026 28.083 32.155 32.162 31.756 27.398 16.931 12.875 13.439 11.335 10.908 22.338 23.788 21.370 30.540 36.661 30.708 26.163 38.215 36.170 40.825 41.902 44.737 44.824 47.680 43.882 44.316 45.385 44.374 41.188 38.116 39.277 39.685 40.589 40.491 34.479 30.315 26.665 24.071 21.754 19.911 17.920 17.712 16.161 12.854 6.727 0.094 0.148 0.216 0.250 0.278 0.281 0.289 0.286 0.249 0.196 0.119 0.112 0.142 nan nan nan nan
28.811 30.009 30.882 27.384 17.991 13.437 17.970 19.773 21.202 27.097 31.815 39.044 41.669 42.198 41.084 43.703 42.950 33.515 36.220 36.779 38.144 38.713 37.020 24.757 12.769 15.456 20.814 28.701 32.234 33.286 32.195 28.727 18.708 13.146 13.890 12.690 11.950 23.501 23.676 20.938 32.524 37.536 31.405 27.495 32.347 33.413 35.102 39.134 42.143 42.760 43.859 47.742 44.304 43.745 41.823 41.540 38.811 39.574 40.174 40.966 41.509 41.503 40.418 33.518 26.939 24.425 22.166 20.004 17.632 16.288 14.207 10.503 8.318 6.453 0.316 0.383 0.443 0.498 0.469 0.487 0.465 0.326 0.246 0.222 0.162 0.191 0.065 0.108 nan
30.764 32.275 32.657 29.891 22.894 16.421 18.330 19.693 21.200 25.473 30.795 35.791 40.783 44.247 47.064 45.949 39.524 33.269 34.353 35.198 38.253 38.809 35.397 26.234 13.542 15.990 18.684 26.193 30.851 33.000 35.645 34.768 20.893 12.971 14.593 13.468 12.549 19.833 28.750 28.886 34.987 37.385 36.981 40.217 26.924 34.284 33.420 36.660 41.513 41.308 41.955 43.529 45.838 42.658 41.914 43.764 40.939 39.012 40.870 41.731 42.723 42.949 41.616 36.787 37.102 29.215 24.867 22.594 19.375 18.149 15.425 11.917 10.772 8.893 4.627 4.136 3.656 2.295 0.907 0.818 0.781 0.769 0.652 0.527 0.345 0.233 0.164 0.200 0.145
29.635 30.836 32.083 31.319 28.351 17.943 17.691 19.882 19.646 23.953 30.297 34.324 37.488 41.793 44.138 44.415 38.611 32.959 35.011 35.224 36.188 35.020 35.127 25.129 14.156 16.361 17.834 24.698 27.703 33.117 38.287 35.717 23.647 13.748 15.087 13.854 14.095 19.539 25.028 26.287 31.050 31.464 35.234 36.116 28.552 34.141 33.520 35.915 38.762 41.272 41.084 43.356 46.346 45.022 44.627 45.762 40.988 38.203 41.664 42.514 42.622 42.246 40.060 36.551 34.992 34.227 31.970 26.301 24.167 21.801 20.459 17.714 17.148 14.578 8.980 4.432 3.893 3.301 3.802 3.894 0.998 1.048 1.250 1.110 0.972 0.629 0.395 0.286 0.210
28.771 30.130 31.956 31.741 27.163 19.088 17.915 19.845 19.739 22.696 27.764 31.361 35.655 38.671 41.802 42.200 38.071 34.272 35.830 35.329 35.207 34.785 36.106 24.811 14.537 17.014 19.824 15.771 25.870 30.480 34.902 32.522 28.983 14.266 15.431 14.253 15.227 19.701 19.384 22.885 26.257 28.266 29.774 31.823 36.092 30.732 32.450 32.930 34.009 39.716 42.205 45.540 45.405 50.971 44.882 44.280 39.454 38.872 41.915 42.249 41.926 39.738 39.662 37.608 35.918 36.211 35.715 33.432 30.295 26.948 26.428 23.354 20.095 17.696 13.418 4.304 1.828 2.954 4.525 nan 3.913 1.257 1.371 1.438 1.436 1.197 0.945 0.609 0.379
28.398 29.756 31.625 29.788 28.002 20.821 19.174 19.897 20.330 22.221 26.913 30.615 34.459 37.294 39.554 40.306 37.963 34.724 36.370 35.705 35.291 35.596 35.439 23.740 14.758 16.816 19.469 16.445 24.984 29.838 34.192 30.337 25.541 18.547 16.051 14.558 16.020 20.183 17.176 20.487 24.055 27.496 29.654 30.200 31.048 29.866 32.069 32.503 34.290 34.741 38.438 43.387 43.953 43.600 46.974 42.821 39.641 38.958 39.796 39.005 39.752 39.239 38.739 38.085 37.529 37.594 37.475 36.033 33.264 30.724 27.544 24.264 21.235 19.097 15.658 7.402 3.863 2.145 1.695 3.636 0.551 3.965 2.334 2.217 2.383 1.449 1.581 1.231 0.631
33.805 33.638 30.591 29.568 28.542 22.357 20.055 19.458 20.236 21.962 26.648 30.287 33.452 36.878 39.241 38.582 37.822 36.505 37.223 36.347 36.068 32.943 31.183 23.344 15.634 17.304 20.170 17.053 24.627 30.310 27.121 26.266 24.979 19.914 16.493 15.308 17.140 20.310 17.066 20.756 24.129 27.384 29.606 30.387 31.345 33.401 31.369 32.332 33.861 34.754 35.417 36.469 41.226 43.978 45.116 41.918 40.033 38.072 38.506 36.449 36.880 38.679 39.170 39.110 38.489 37.744 36.674 36.934 34.216 31.923 28.763 25.707 22.646 20.647 17.403 10.582 6.299 3.701 2.695 3.151 4.536 2.140 4.723 5.757 5.296 2.411 1.691 1.570 1.155
32.307 35.737 32.329 30.222 30.117 25.760 21.890 19.857 20.322 22.060 26.072 29.794 31.963 36.886 39.275 38.240 37.745 36.128 37.620 35.124 33.941 32.997 31.149 23.826 18.263 20.757 21.136 17.080 26.155 29.903 26.807 27.177 25.904 21.021 17.665 16.320 18.949 20.926 17.495 21.000 24.621 29.936 31.443 30.496 33.646 38.306 37.580 35.400 34.099 34.962 35.371 36.374 37.200 38.286 40.335 44.394 40.463 36.063 35.885 35.745 36.442 37.007 36.799 36.740 37.523 38.633 39.189 39.057 38.031 34.895 31.847 28.764 25.222 21.676 19.010 13.666 7.335 5.393 4.386 3.865 2.822 3.533 5.105 5.995 5.816 4.639 2.010 1.779 1.636
30.910 31.938 33.742 32.115 28.136 23.069 22.707 20.612 20.512 22.702 26.133 29.163 31.738 36.396 38.754 38.712 37.718 36.516 37.440 35.482 34.071 33.696 31.841 23.795 18.136 20.183 21.557 17.786 27.176 31.501 31.218 29.790 27.130 22.106 18.338 17.318 20.466 21.730 18.272 21.118 24.076 28.322 30.170 29.824 34.355 38.449 39.284 41.529 42.546 37.248 35.602 36.769 36.872 37.857 37.625 40.870 42.480 34.728 35.107 35.145 35.593 35.971 36.541 37.439 38.919 42.858 42.446 41.478 38.847 37.372 35.498 32.608 29.254 24.771 20.664 16.162 7.634 6.227 5.791 5.376 4.639 4.012 3.868 4.093 5.291 3.459 4.640 2.222 1.974
30.739 31.836 33.639 31.969 27.588 24.976 22.416 23.381 21.775 22.479 24.988 28.677 31.470 34.213 37.293 38.522 38.279 36.930 37.672 35.690 35.043 34.956 31.911 24.099 19.107 20.238 21.560 20.266 29.980 31.582 31.635 30.521 28.052 22.786 18.926 17.783 21.434 22.033 17.053 19.140 22.809 27.125 28.871 30.758 34.724 38.773 42.439 42.703 45.542 49.148 45.259 38.222 36.672 37.825 37.862 37.573 40.315 37.264 34.980 34.712 34.567 35.128 36.344 39.965 43.710 43.367 41.902 40.381 38.237 36.369 35.400 34.584 32.290 28.668 22.978 18.694 9.808 8.099 6.429 6.117 5.485 5.007 4.794 4.170 3.657 5.181 4.064 4.709 2.262
30.664 33.631 34.388 33.782 31.378 26.290 24.227 24.778 22.704 23.221 24.774 28.719 30.913 33.128 36.615 39.904 39.376 39.436 37.432 36.435 35.096 35.973 32.042 24.353 20.383 20.639 22.557 20.763 28.743 31.626 32.110 30.970 26.787 22.600 19.956 18.945 20.715 19.732 15.225 17.649 22.223 25.800 27.877 30.866 32.874 35.182 37.846 42.766 45.237 45.854 50.640 51.341 45.025 37.890 37.986 37.294 37.645 37.331 34.662 33.903 34.121 36.150 39.776 43.141 42.592 42.954 42.430 40.532 37.988 36.986 36.761 36.322 35.062 31.938 26.697 21.693 12.636 9.962 7.897 6.090 5.665 5.777 5.515 4.853 4.435 4.245 5.399 4.936 3.842
33.396 33.894 39.275 35.917 31.185 28.308 27.910 25.053 24.133 24.407 25.339 28.511 30.096 31.873 36.019 37.810 36.738 39.361 38.925 37.454 35.230 36.818 33.198 25.852 21.850 21.353 24.007 22.111 29.136 29.244 30.787 30.711 27.046 23.131 20.643 18.577 20.777 19.473 13.962 16.238 20.203 23.583 26.856 29.797 32.460 34.904 35.267 38.745 41.032 42.537 44.123 46.314 49.139 47.982 37.536 37.319 38.303 37.573 34.719 34.391 35.463 35.970 40.195 42.666 41.262 43.483 41.041 39.600 38.888 39.115 38.463 37.679 34.853 33.170 29.468 23.732 13.792 10.580 7.967 5.984 6.331 5.795 5.842 5.661 5.131 4.384 4.463 5.270 5.048
29.344 33.103 34.449 40.297 41.109 33.893 30.406 24.460 23.586 24.836 24.540 26.293 29.182 31.306 34.080 35.535 36.756 38.542 39.021 38.395 35.759 37.414 31.460 25.747 23.278 22.545 23.704 23.126 29.598 28.455 29.018 29.302 28.206 23.875 20.818 17.449 20.156 19.597 15.417 13.548 18.693 22.059 25.389 28.338 32.099 34.111 36.075 38.912 40.875 42.097 43.963 45.902 48.922 51.615 50.234 41.565 39.321 38.275 37.380 34.340 34.772 35.972 38.756 40.112 41.638 42.781 41.254 40.626 40.664 40.116 38.386 35.891 34.535 34.774 31.392 25.474 17.538 13.212 10.284 5.949 5.805 5.717 5.954 5.762 5.368 4.467 4.095 5.084 4.461
27.263 29.993 31.144 31.352 34.346 28.646 29.340 25.071 23.950 23.505 23.584 26.006 28.843 30.908 33.107 34.365 36.822 37.951 38.525 37.778 35.314 36.205 31.580 25.522 25.223 22.810 24.561 25.314 29.759 28.489 28.916 29.244 28.643 24.770 21.723 16.805 19.988 19.130 14.074 10.140 16.252 21.014 24.372 27.060 32.067 36.407 38.701 40.267 40.885 43.610 43.054 43.391 45.038 40.327 40.928 40.483 39.175 39.410 37.926 33.174 32.768 35.259 35.130 38.500 40.250 42.346 42.455 41.808 41.904 40.194 37.446 36.084 36.554 36.925 33.839 26.603 18.772 13.736 12.781 8.511 5.471 5.699 5.860 6.281 6.501 6.891 6.090 5.242 5.053
26.602 29.579 30.773 30.669 30.700 28.603 25.818 23.966 23.798 23.690 23.933 26.345 29.568 31.101 32.272 33.515 36.676 37.320 38.643 37.927 36.120 36.138 33.095 26.403 25.363 24.336 27.597 28.089 29.824 30.140 31.536 30.156 29.162 26.354 23.270 17.346 20.179 19.218 12.910 9.870 13.361 20.095 23.207 25.757 31.253 36.330 38.457 39.870 41.194 42.732 42.645 43.027 44.657 40.103 39.226 38.791 41.232 40.899 40.692 37.692 33.248 32.536 33.633 34.263 38.541 42.299 43.257 42.994 40.362 39.347 38.742 38.223 40.742 38.407 37.937 29.565 20.217 14.231 13.046 10.391 5.801 6.191 6.173 6.653 7.788 7.843 6.965 6.127 5.968
26.563 28.709 29.906 30.239 30.423 28.764 24.827 22.661 23.786 24.092 24.437 26.333 29.212 30.730 32.105 34.454 37.391 37.269 38.836 38.201 37.361 36.283 35.308 27.369 26.018 25.352 29.656 29.052 29.641 30.497 30.115 31.324 29.791 27.144 25.389 18.338 21.884 19.097 12.087 9.701 12.263 17.325 22.074 25.271 28.490 33.719 37.406 39.312 41.154 42.318 42.761 42.684 44.084 41.800 37.732 38.001 40.471 45.406 44.115 41.107 34.486 35.684 31.669 33.096 37.890 37.882 40.571 41.561 40.578 40.573 41.753 41.348 41.787 39.406 34.465 32.403 23.896 16.854 14.120 10.819 5.805 6.581 6.696 6.725 7.576 7.908 7.544 6.786 6.429
24.922 26.658 29.382 30.019 29.648 27.808 24.287 23.677 24.203 24.588 24.783 27.471 28.427 30.084 31.320 34.345 37.360 38.587 39.013 38.820 37.727 36.943 35.623 29.912 26.220 23.404 27.923 29.398 29.817 31.953 29.939 31.691 30.564 28.911 26.278 20.577 22.882 19.623 11.275 9.586 9.846 15.324 21.085 22.586 25.875 32.108 36.972 38.210 40.744 42.283 43.657 44.808 44.465 44.097 36.997 39.299 39.564 48.530 46.195 41.853 33.670 31.905 33.608 31.930 35.653 37.153 39.581 40.861 40.942 42.872 42.148 41.150 42.930 40.735 36.585 34.892 28.010 17.634 15.717 11.289 5.704 6.215 6.728 6.328 6.727 7.487 7.535 7.150 6.990
25.141 25.422 28.950 29.774 29.477 28.054 26.180 25.968 24.878 25.219 25.480 27.457 28.077 29.517 30.959 33.071 38.145 39.824 39.716 41.382 40.221 40.376 36.162 30.659 29.722 25.005 28.888 29.795 31.794 31.958 34.166 33.245 32.796 30.521 27.208 26.039 22.848 20.115 11.584 11.156 8.810 12.946 19.531 21.694 24.064 30.540 35.183 37.889 40.759 42.214 42.065 43.642 45.359 44.025 45.486 38.974 39.292 48.823 47.958 46.300 35.320 30.648 30.070 32.075 32.709 35.024 36.210 38.034 40.676 43.323 42.251 41.570 46.357 45.293 41.970 38.813 31.196 19.221 17.739 10.733 6.859 6.634 6.774 6.508 6.440 7.497 7.395 7.232 7.278
24.972 25.267 28.292 29.460 29.358 28.327 26.673 26.344 25.972 25.983 25.883 27.224 28.612 29.468 31.041 32.421 35.526 37.074 41.896 42.319 47.074 40.186 35.864 32.119 32.370 35.497 30.115 30.315 31.227 32.922 36.784 37.570 34.911 33.203 27.421 24.776 21.141 20.602 11.665 11.347 10.843 11.388 18.341 21.482 22.303 29.305 33.219 38.159 41.824 41.970 41.905 43.425 43.628 42.649 44.077 43.502 38.951 47.212 44.987 41.516 42.386 30.369 31.124 32.342 33.912 31.988 34.242 38.111 40.938 41.951 43.178 43.422 50.501 44.400 38.854 36.559 36.096 26.783 20.137 14.748 8.013 6.280 6.137 6.464 5.806 6.625 6.686 6.895 7.633
25.775 25.919 27.564 29.734 29.931 28.889 26.907 26.410 25.698 26.508 27.102 27.403 29.103 30.042 29.660 32.856 34.474 36.457 38.878 46.670 45.261 37.317 35.939 32.366 34.410 33.387 30.266 31.387 31.581 31.971 31.730 31.905 31.735 30.416 27.485 24.554 20.992 20.416 11.436 11.484 10.979 11.337 17.241 21.103 21.379 26.046 31.171 32.523 38.425 42.218 44.056 45.056 42.814 42.314 44.181 38.710 47.238 41.567 44.015 42.342 44.817 37.536 31.345 34.331 35.681 37.098 34.464 38.256 39.866 40.974 40.826 43.013 43.978 39.135 35.939 34.142 35.660 28.593 20.239 17.754 8.797 6.525 5.607 6.327 6.216 6.422 6.164 7.779 8.225
26.778 25.485 27.051 29.844 30.896 29.357 27.287 26.641 25.971 26.758 27.177 28.494 29.079 28.758 28.999 32.138 36.884 42.005 36.938 41.726 43.406 37.457 35.789 33.164 35.112 35.082 31.620 31.765 34.425 31.996 31.256 31.378 31.389 29.759 27.902 23.351 21.057 19.303 10.936 11.403 10.991 10.567 16.026 19.378 20.798 21.861 28.867 32.096 34.772 37.562 44.434 44.782 43.866 42.214 38.963 40.984 38.863 41.320 43.841 45.575 51.902 45.830 35.919 31.878 31.260 35.942 42.297 42.412 37.962 37.508 42.104 42.274 41.941 39.743 37.054 36.801 36.914 31.322 23.378 20.113 9.225 6.897 5.425 6.299 6.364 6.619 6.666 7.460 8.175
26.802 25.609 27.797 29.287 30.590 28.901 28.011 25.706 25.502 25.614 25.531 27.250 28.127 27.076 28.120 31.664 37.012 37.883 39.923 37.591 37.428 39.256 35.725 34.064 35.152 36.407 33.392 31.916 33.606 32.215 30.997 30.900 31.104 29.538 28.313 23.125 22.788 19.138 12.227 10.844 12.917 11.735 15.302 18.320 20.674 18.358 25.755 29.413 33.903 37.559 36.573 40.141 42.349 41.910 38.714 44.231 37.851 42.494 42.747 48.000 53.481 47.836 46.015 29.777 30.079 32.448 38.499 40.553 44.791 39.292 40.318 41.394 41.955 42.401 40.544 40.251 39.435 38.140 28.522 22.343 10.013 6.915 5.364 5.633 6.376 6.362 6.303 7.355 7.828
27.544 26.789 28.240 29.245 30.408 28.871 28.055 25.911 25.725 25.712 25.359 26.311 26.342 26.674 26.750 30.976 33.312 36.685 41.334 34.621 34.535 37.449 36.012 37.544 41.364 38.204 35.598 33.232 31.707 31.257 29.233 30.311 30.718 29.665 28.515 23.880 22.712 19.836 13.086 13.018 13.688 11.867 9.416 17.303 21.733 15.975 20.842 28.586 34.615 36.808 36.332 38.410 41.888 44.068 42.470 43.754 38.258 45.323 52.931 63.803 52.151 48.497 45.442 39.296 29.909 33.011 29.256 36.430 38.063 51.991 47.929 52.898 48.847 47.839 45.059 44.082 44.660 38.488 30.240 23.824 10.969 7.149 5.638 4.954 6.292 6.379 6.395 7.134 7.448
29.874 28.460 29.309 28.664 29.999 28.520 28.695 28.509 26.383 25.759 25.664 25.493 26.384 26.641 26.774 30.270 32.382 37.104 39.886 35.940 35.641 37.445 38.031 41.807 36.902 37.602 35.899 34.614 32.083 31.449 29.137 30.032 29.861 30.893 29.482 24.695 22.563 19.545 14.884 13.265 13.519 11.497 10.935 16.345 23.948 17.259 16.858 24.824 33.970 37.010 36.182 38.123 41.746 43.717 45.292 45.804 38.635 53.556 65.332 52.613 46.746 47.487 45.501 52.246 37.679 28.054 34.357 28.923 30.222 30.769 45.760 48.484 46.166 45.379 46.109 46.445 45.364 35.279 31.717 26.344 13.436 7.460 6.603 5.089 5.636 6.297 5.966 7.213 7.484
29.217 29.253 31.513 30.184 30.413 28.554 28.126 28.855 28.810 29.211 26.330 25.872 26.483 26.692 28.251 31.355 34.706 36.305 36.558 42.990 36.829 37.858 41.161 43.443 34.126 38.232 34.828 33.211 33.063 31.779 29.745 29.969 29.287 30.948 31.017 29.428 23.790 19.495 15.290 13.297 13.494 15.851 13.069 18.041 25.894 24.547 19.175 27.623 31.968 34.328 36.044 38.292 41.812 43.280 40.843 40.231 35.490 52.659 53.831 48.094 48.015 42.433 46.288 45.287 49.944 36.037 30.525 28.963 31.103 33.310 30.113 37.661 43.029 41.925 42.652 45.423 40.133 35.874 33.266 28.863 17.270 8.764 6.812 5.828 5.155 6.056 6.221 6.822 7.270
28.521 32.211 32.260 26.369 25.285 27.785 28.618 29.797 32.202 29.913 28.781 27.405 27.166 28.081 29.844 30.766 31.640 31.921 36.163 40.361 38.214 44.316 52.184 48.176 38.679 40.305 36.757 34.075 32.286 31.853 31.352 29.196 28.803 31.762 31.944 29.123 27.468 21.984 15.607 13.770 15.686 16.018 12.627 11.844 21.949 20.130 17.068 21.111 28.259 34.189 36.058 40.318 40.746 42.488 36.685 31.511 36.500 50.385 50.207 48.417 48.101 45.522 48.244 44.729 41.786 52.026 37.599 26.691 30.894 31.429 28.957 29.854 34.515 37.291 40.171 39.477 31.912 34.729 38.274 35.301 25.048 12.022 6.970 6.595 5.528 6.173 6.478 6.276 6.468
26.408 27.015 26.126 26.399 25.351 27.526 28.837 29.671 29.922 29.892 29.872 28.705 28.030 28.982 31.173 30.237 30.115 30.975 35.093 38.432 39.405 36.564 33.606 33.752 44.439 44.592 37.166 35.422 30.780 31.295 31.148 29.242 28.516 31.916 32.206 30.234 27.646 23.333 16.780 14.425 15.344 16.464 11.467 11.457 21.636 18.658 13.962 19.143 25.886 32.423 42.621 41.481 39.475 40.960 35.281 31.357 38.185 46.016 47.916 46.819 45.232 42.862 45.519 47.135 43.365 55.395 56.839 57.716 38.762 29.909 29.337 29.197 29.928 33.827 37.526 34.233 33.365 34.756 32.947 30.076 24.006 17.784 7.124 7.167 6.621 6.449 6.187 5.916 5.919
23.298 23.568 23.820 24.946 26.087 27.459 28.896 29.452 29.912 27.808 29.996 30.704 30.879 31.268 30.442 30.200 29.735 31.564 34.903 36.489 39.555 34.073 33.555 34.866 44.257 47.305 43.795 36.585 31.426 32.135 31.090 29.670 28.475 32.637 35.306 29.973 27.479 21.634 19.354 14.810 15.633 17.180 14.265 10.849 22.209 18.129 14.271 19.392 23.888 36.012 34.728 39.763 41.614 39.189 31.239 35.719 39.305 46.492 47.434 47.083 47.887 41.921 48.491 46.178 45.147 45.070 47.355 41.440 43.423 36.410 28.814 28.237 30.022 31.287 33.889 34.155 34.726 34.111 31.416 28.108 24.067 19.873 10.669 7.735 7.449 6.308 6.364 6.079 5.714
22.735 23.121 23.455 23.835 26.591 28.083 29.628 28.934 28.592 27.471 28.552 28.011 27.832 28.034 29.602 31.911 31.422 34.055 35.253 35.255 36.128 33.213 34.827 36.138 35.925 34.950 38.457 38.173 35.173 33.568 31.440 31.003 28.703 32.462 35.664 30.087 28.494 22.490 19.216 16.801 16.152 17.754 14.741 14.406 22.313 19.403 16.495 18.749 23.601 27.639 30.706 32.807 36.065 32.906 31.264 33.305 43.898 52.924 44.096 54.730 63.308 59.828 51.975 45.118 42.483 38.828 36.511 35.048 37.731 39.365 37.498 32.603 28.371 31.089 34.955 32.148 32.792 32.912 31.720 29.437 27.097 22.633 16.476 10.868 8.095 7.190 7.104 6.746 6.258
22.704 22.903 22.937 23.646 24.923 27.177 28.558 28.932 27.684 28.530 27.046 27.349 27.859 26.489 28.113 29.854 32.346 33.097 34.223 33.035 33.164 34.211 35.648 35.961 34.813 36.955 39.711 38.770 35.774 34.865 33.826 37.614 40.057 36.980 34.304 33.081 29.085 23.889 19.135 17.137 16.315 17.075 13.961 13.760 22.347 19.249 15.303 17.471 19.123 22.129 29.224 32.119 33.494 31.891 31.258 32.815 45.046 46.953 55.579 53.415 42.564 44.972 44.301 42.878 41.409 39.762 35.571 34.475 34.271 38.495 37.413 35.374 36.821 32.015 32.628 32.095 33.049 33.343 32.319 31.204 29.479 26.505 22.226 17.489 11.855 8.628 7.660 7.255 6.893
22.769 22.672 22.831 23.971 23.843 25.386 27.103 28.767 27.737 29.298 27.624 27.400 26.678 26.646 27.859 27.673 28.512 30.045 32.001 31.371 32.506 36.344 36.939 35.911 34.372 40.323 39.925 39.199 36.197 35.750 38.356 36.003 35.431 36.642 34.392 34.353 29.877 26.233 19.899 16.902 16.938 16.555 14.888 13.391 22.500 19.263 14.103 17.340 17.371 21.758 28.676 31.579 32.127 31.303 31.752 33.125 44.965 50.373 53.435 47.573 43.556 45.210 45.300 41.930 41.227 38.327 37.258 36.468 33.748 34.678 36.069 36.288 37.668 37.764 33.391 33.512 35.427 36.468 36.931 38.396 33.328 29.352 26.050 22.576 17.586 10.715 8.924 8.105 7.235
22.860 23.251 24.090 23.874 24.097 23.933 26.094 28.499 28.845 28.911 27.274 26.785 25.144 25.482 25.523 26.445 27.841 30.101 31.816 30.364 31.696 36.123 37.157 37.917 38.264 40.708 40.253 37.545 34.723 33.999 34.993 34.804 33.974 33.456 34.183 35.602 34.071 28.303 21.594 17.569 17.294 16.267 14.848 15.251 22.481 19.566 16.849 17.153 16.563 17.608 26.389 31.544 30.750 28.559 32.714 35.628 40.763 48.406 52.304 53.497 52.199 48.571 43.832 40.841 43.094 42.492 39.534 37.738 36.405 33.875 34.153 37.296 38.791 36.401 32.044 32.176 37.309 41.991 44.684 35.105 31.884 31.022 29.885 25.055 19.990 15.906 11.218 9.293 8.452
23.094 23.156 23.659 23.360 23.506 23.930 24.119 26.237 27.557 27.533 26.470 26.301 25.610 25.079 25.187 24.975 26.724 27.765 29.485 30.802 34.351 37.173 34.281 37.257 38.187 41.473 39.364 37.195 35.417 34.391 32.733 33.512 32.447 32.905 34.489 36.679 35.297 30.815 23.495 18.902 16.476 15.302 14.896 14.721 19.831 19.225 15.874 16.714 16.103 16.510 21.666 27.924 26.200 24.810 27.842 31.235 39.925 48.650 47.753 42.328 42.629 42.608 41.968 41.807 40.966 39.957 40.591 40.908 38.242 35.744 36.851 40.230 41.084 41.914 44.167 37.261 35.278 39.263 32.329 31.657 36.530 34.999 29.378 26.336 23.124 19.975 14.591 11.104 9.832
22.625 22.834 22.859 22.073 22.750 23.307 23.784 24.412 25.733 26.329 25.906 25.651 25.089 25.189 25.135 24.738 25.702 26.354 27.350 30.580 34.610 34.974 33.938 34.913 37.269 38.861 35.222 36.146 35.910 34.696 32.661 32.985 32.623 32.727 33.173 34.148 33.576 30.138 25.579 19.354 16.509 15.169 14.803 14.512 19.712 19.051 16.192 16.467 16.604 16.595 16.066 25.077 23.421 25.367 28.411 32.909 39.890 46.570 45.038 41.630 42.121 42.161 42.480 43.149 39.939 39.728 41.555 41.747 40.393 39.405 40.333 42.921 41.010 39.503 42.392 47.374 47.805 34.317 32.195 35.314 35.287 33.453 34.871 30.738 26.343 22.887 17.300 14.065 11.099
