data/RealTopo/Outputs_RealTopo/relWog_null_02RealTopo_faSavageHutterFoam_pft.asc
xllcenter 167455
yllcenter 361955
nrows 555
ncols 490
NODATA_value -9999
cellsize 5
[rows 435 to 463 of 555, columns 264 to 329 of 490]
1.69626e-05 3.87823e-05 9.66008e-05 0.000211517 0.000364202 0.000600607 0.00107836 0.00187641 0.00330721 0.00582262 0.0100745 0.0173149 0.0265327 0.0428933 0.0663992 0.10376 0.157603 0.233123 0.325992 0.45447 0.585275 0.724741 0.837168 0.886531 0.921845 0.959167 1.0133 1.04823 1.6902 1.64166 1.48726 1.4832 1.51914 1.75187 2.00621 2.22261 2.30828 2.19812 1.92293 1.7191 1.68961 1.81072 1.87479 1.83516 1.69988 1.59419 1.55117 1.50906 1.52127 1.68721 1.89433 2.08656 2.19867 2.22175 2.1861 2.14425 1.99604 1.77978 1.65401 1.64874 1.70818 1.78031 1.67936 1.52877 1.49571 1.52611
1.14751e-05 1.39638e-05 3.06223e-05 0.00010034 0.000246062 0.000346596 0.000442817 0.000666122 0.00139002 0.00270697 0.00510803 0.00821031 0.0115742 0.0191074 0.0312823 0.0525333 0.0818084 0.131055 0.209836 0.309523 0.451106 0.626653 0.789237 0.860497 0.856547 0.85809 0.884893 0.904262 0.965477 1.48904 1.49863 1.49924 1.50599 1.61937 1.83986 2.09165 2.28576 2.25159 1.9793 1.69839 1.60665 1.72583 1.8164 1.82437 1.73351 1.61209 1.53664 1.52345 1.50085 1.52995 1.70543 1.95378 2.11138 2.11474 2.03509 2.00408 2.02946 1.93831 1.76287 1.67812 1.71797 1.79238 1.75915 1.5655 1.52593 1.53194
1.16823e-05 1.16101e-05 1.19248e-05 5.09862e-05 0.000217388 0.000320542 0.000356811 0.000411089 0.00054533 0.00088367 0.00204415 0.0037639 0.00596318 0.00905025 0.0140389 0.0246425 0.0387322 0.063493 0.105791 0.176994 0.301301 0.465036 0.661328 0.768671 0.806186 0.816315 0.854572 0.887362 0.950271 1.44852 1.50221 1.4866 1.53048 1.55394 1.70337 1.91474 2.2047 2.28818 2.04126 1.73394 1.57666 1.62102 1.7017 1.6921 1.66406 1.56912 1.49927 1.49997 1.4997 1.50203 1.55818 1.75215 1.96507 2.02739 1.9334 1.79069 1.7882 1.92192 1.90698 1.75538 1.72954 1.80131 1.8195 1.67108 1.55019 1.54276
1.03598e-05 1.10661e-05 1.20506e-05 3.56062e-05 0.000182871 0.000308665 0.000330136 0.000380911 0.000416965 0.000544374 0.000807544 0.00141052 0.00289495 0.00568403 0.00870852 0.0133864 0.0210271 0.0341431 0.054037 0.0907141 0.170204 0.305855 0.47219 0.59304 0.68028 0.753625 0.841446 0.920767 0.969919 1.31453 1.51703 1.52614 1.66957 1.65896 1.68379 1.73119 1.98763 2.17585 2.00842 1.76143 1.59477 1.57568 1.5973 1.55223 1.53306 1.51772 1.52477 1.49928 1.49959 1.49988 1.50879 1.58066 1.70615 1.84747 1.87925 1.71534 1.56698 1.61401 1.74821 1.78096 1.7016 1.79707 1.8462 1.74806 1.56627 1.5828
9.98361e-06 1.00335e-05 1.17126e-05 3.01424e-05 0.000152401 0.00029126 0.000336535 0.000370846 0.000401821 0.000477899 0.000636005 0.000898407 0.00138136 0.00258518 0.00418913 0.00716587 0.011742 0.0194014 0.0305701 0.0523271 0.0969753 0.177633 0.284832 0.401199 0.532439 0.666664 0.806516 0.921504 1.00536 1.08604 1.44574 1.50194 1.631 1.71091 1.61271 1.51935 1.67455 1.92272 1.8457 1.65924 1.58008 1.53263 1.55085 1.50316 1.49588 1.50217 1.55144 1.49748 1.4997 1.49953 1.49967 1.50411 1.55363 1.68711 1.76706 1.70009 1.53261 1.4941 1.51769 1.62373 1.67146 1.76271 1.81085 1.77807 1.63002 1.62311
9.95202e-06 1.00163e-05 1.03952e-05 1.80177e-05 7.98586e-05 0.000214519 0.000321787 0.000417899 0.000467128 0.00051039 0.000700979 0.000853021 0.00110818 0.0015465 0.00222884 0.00374901 0.0063122 0.0106548 0.0173873 0.0322181 0.0607811 0.109763 0.170468 0.249138 0.380201 0.539467 0.694581 0.843789 0.973664 1.08424 1.33643 1.51643 1.52372 1.53189 1.51447 1.49737 1.51482 1.60588 1.55706 1.49918 1.51196 1.49663 1.50096 1.50695 1.49835 1.50549 1.53205 1.50466 1.49924 1.49966 1.4995 1.49973 1.51257 1.58168 1.67023 1.68619 1.5888 1.49447 1.49973 1.50781 1.5766 1.71005 1.76582 1.77569 1.68527 1.64204
1.08216e-05 9.93682e-06 1.00126e-05 1.05257e-05 2.26881e-05 7.91814e-05 0.000184849 0.000309306 0.000440441 0.000517091 0.000636805 0.000851607 0.00109231 0.0013376 0.00178969 0.00269193 0.00383902 0.00558025 0.00967113 0.0191415 0.0358007 0.0662233 0.11438 0.18334 0.269221 0.38303 0.543541 0.710144 0.873701 1.03235 1.17819 1.41848 1.50521 1.50001 1.51021 1.49984 1.4998 1.49664 1.49742 1.58933 1.59784 1.53574 1.52672 1.54864 1.52571 1.53787 1.57201 1.56401 1.50845 1.49803 1.50055 1.50374 1.49997 1.56017 1.65672 1.69702 1.65243 1.55248 1.48612 1.50069 1.52786 1.67022 1.72005 1.73598 1.72154 1.6437
1.2326e-05 1.19404e-05 1.04775e-05 9.98294e-06 1.0531e-05 1.6026e-05 4.9435e-05 9.87671e-05 0.00018862 0.000253759 0.000351681 0.000527277 0.000812824 0.00110968 0.00150595 0.00217239 0.00301451 0.00377981 0.00654882 0.0112974 0.0182677 0.0369683 0.0751394 0.132256 0.204373 0.283115 0.372714 0.543385 0.723079 0.909355 1.09682 1.28777 1.46243 1.49911 1.49918 1.4995 1.49963 1.49941 1.50509 1.66077 1.74346 1.69709 1.60251 1.58843 1.59198 1.58253 1.61769 1.62608 1.57027 1.50744 1.50862 1.49896 1.50561 1.56697 1.66828 1.73184 1.72115 1.62747 1.5288 1.49808 1.52519 1.64484 1.68999 1.6696 1.68547 1.67883
1.18712e-05 1.39206e-05 1.35621e-05 1.05373e-05 1.00027e-05 9.8514e-06 1.11868e-05 1.38359e-05 4.49764e-05 7.48374e-05 0.000114501 0.000194046 0.000393782 0.000662117 0.00100031 0.0014561 0.00227815 0.00336219 0.00529437 0.00768767 0.0115387 0.0213228 0.0438092 0.0863548 0.150549 0.222723 0.29472 0.379648 0.528569 0.727737 0.936998 1.16709 1.43595 1.50728 1.50752 1.49486 1.50057 1.49947 1.50682 1.6456 1.80344 1.82974 1.72163 1.64436 1.65026 1.65546 1.68372 1.70633 1.62777 1.53988 1.50244 1.50011 1.52062 1.5883 1.67766 1.76675 1.77999 1.71545 1.60168 1.49916 1.50654 1.58696 1.66441 1.61583 1.61318 1.67766
1.22173e-05 1.30814e-05 1.50147e-05 1.35004e-05 1.01599e-05 9.95827e-06 1.00219e-05 1.05124e-05 1.3816e-05 1.8328e-05 3.46666e-05 6.18076e-05 0.000123532 0.00024575 0.000438981 0.000659069 0.00111026 0.00221609 0.00354159 0.00522566 0.00836097 0.0140717 0.026107 0.0505547 0.0992068 0.164101 0.23407 0.305974 0.383798 0.515104 0.743106 0.980039 1.23743 1.50597 1.52723 1.58198 1.57102 1.49863 1.50925 1.53862 1.66124 1.81166 1.83371 1.7054 1.7403 1.72969 1.7302 1.82969 1.72316 1.57878 1.50581 1.49912 1.53624 1.60197 1.68928 1.79212 1.84292 1.79725 1.69076 1.55765 1.49533 1.51461 1.61121 1.57618 1.57434 1.67761
1.22551e-05 1.23281e-05 1.39994e-05 1.82943e-05 1.48147e-05 1.13792e-05 9.98768e-06 1.0008e-05 9.96284e-06 1.08236e-05 1.13802e-05 1.56514e-05 3.0326e-05 6.73161e-05 0.000135741 0.000252711 0.000464736 0.000899107 0.00156076 0.00280137 0.00536238 0.00897282 0.0156919 0.0297241 0.059966 0.111025 0.176913 0.251687 0.322454 0.402549 0.514132 0.7538 1.02486 1.42833 1.5094 1.61656 1.62158 1.58988 1.58577 1.5415 1.51315 1.63927 1.76364 1.7108 1.77419 1.78522 1.62672 1.7443 1.82338 1.61858 1.5402 1.51522 1.54493 1.60994 1.70202 1.82547 1.89673 1.87988 1.7854 1.62801 1.49384 1.50245 1.53482 1.55238 1.56492 1.6847
1.08205e-05 1.08087e-05 1.19584e-05 1.30792e-05 1.18484e-05 1.10689e-05 1.17804e-05 1.11355e-05 9.97038e-06 1.00055e-05 1.00298e-05 1.00486e-05 1.21524e-05 2.07537e-05 4.20876e-05 8.00474e-05 0.000182793 0.000335972 0.000579908 0.00116969 0.00251371 0.00475012 0.00856476 0.0158821 0.0331927 0.0668048 0.120167 0.191022 0.264437 0.340241 0.419474 0.530045 0.747661 0.998695 1.47022 1.60565 1.55772 1.49899 1.52092 1.54716 1.49198 1.50999 1.61981 1.61096 1.58004 1.59522 1.53798 1.63329 1.70047 1.66049 1.5706 1.52846 1.53408 1.60462 1.71234 1.84889 1.9415 1.94993 1.87755 1.73596 1.55731 1.49116 1.50149 1.51526 1.54481 1.68144
9.99086e-06 1.00141e-05 1.00276e-05 1.0489e-05 1.08246e-05 1.00231e-05 9.95243e-06 1.14004e-05 1.21255e-05 1.05006e-05 9.98314e-06 1.00127e-05 1.05613e-05 1.19492e-05 1.6318e-05 2.8438e-05 6.27664e-05 0.000104893 0.000204111 0.000409113 0.000901459 0.00197712 0.00402332 0.00782847 0.0161583 0.0360884 0.0746942 0.132599 0.202823 0.278144 0.353042 0.442748 0.547926 0.76312 1.46618 1.51629 1.50404 1.50062 1.49821 1.50198 1.51929 1.50566 1.5222 1.51612 1.48916 1.50656 1.55234 1.60585 1.66623 1.65464 1.59698 1.55881 1.55667 1.5793 1.68915 1.85618 1.99083 1.99575 1.94067 1.83299 1.62207 1.49706 1.502 1.49978 1.5125 1.67943
1.00001e-05 9.99999e-06 9.99985e-06 9.9878e-06 1.01048e-05 1.07e-05 9.99027e-06 1.01393e-05 1.33024e-05 1.41213e-05 1.06802e-05 9.92988e-06 1.00386e-05 1.06227e-05 1.11913e-05 1.60161e-05 1.82754e-05 2.88652e-05 5.87824e-05 0.000113811 0.000251202 0.000592867 0.00145433 0.00293752 0.00691769 0.0173598 0.0412844 0.0835337 0.144866 0.213488 0.288797 0.373843 0.469443 0.576164 0.788852 1.4851 1.50499 1.49918 1.49973 1.49973 1.50218 1.52218 1.49917 1.49968 1.50053 1.51453 1.55905 1.61656 1.68599 1.67558 1.60247 1.58604 1.57597 1.58131 1.6568 1.82578 2.0078 1.9756 1.8966 1.87526 1.73177 1.51827 1.49677 1.50086 1.51001 1.67221
9.99984e-06 9.99892e-06 9.99945e-06 9.98531e-06 1.00441e-05 1.073e-05 1.01863e-05 9.98571e-06 1.02957e-05 1.39352e-05 1.47272e-05 1.08138e-05 9.99587e-06 9.99551e-06 1.09935e-05 1.11478e-05 1.11477e-05 1.27009e-05 1.74024e-05 3.43266e-05 7.07396e-05 0.000171828 0.000385352 0.000909625 0.00236846 0.006802 0.0191174 0.0451896 0.0917831 0.15037 0.219658 0.301622 0.39639 0.504709 0.624487 0.926308 1.50552 1.50028 1.49966 1.49946 1.49985 1.49989 1.50078 1.50027 1.51783 1.55523 1.57066 1.64039 1.72289 1.71116 1.62025 1.57143 1.51148 1.52332 1.62751 1.74201 1.92669 1.90295 1.80721 1.77905 1.7337 1.58371 1.4887 1.51033 1.53676 1.63457
1.01229e-05 9.98598e-06 1.00639e-05 1.03002e-05 9.92289e-06 1.03707e-05 1.03993e-05 9.95585e-06 9.99322e-06 1.01296e-05 1.25532e-05 1.27948e-05 1.03192e-05 9.82383e-06 1.00613e-05 9.82989e-06 1.00546e-05 1.0622e-05 1.09814e-05 1.42799e-05 2.84112e-05 6.18347e-05 0.000131452 0.000294561 0.000729127 0.00211019 0.00689554 0.0203044 0.0486809 0.0940731 0.155403 0.229504 0.318942 0.42986 0.556711 0.730801 1.45568 1.50634 1.49872 1.49979 1.49979 1.49984 1.55375 1.524 1.53089 1.58925 1.58426 1.64435 1.74556 1.75205 1.65415 1.59273 1.49929 1.50039 1.52415 1.61455 1.78299 1.84364 1.75327 1.69077 1.68597 1.63357 1.54606 1.52403 1.58096 1.58835
1.05768e-05 1.0091e-05 1.00576e-05 1.0465e-05 1.08759e-05 1.09438e-05 1.1073e-05 1.12013e-05 1.00042e-05 9.97923e-06 1.0136e-05 1.24385e-05 1.21979e-05 1.31254e-05 9.762e-06 9.99966e-06 1.0001e-05 1.00182e-05 1.02343e-05 1.041e-05 1.34702e-05 2.61047e-05 5.26684e-05 0.000109303 0.000261829 0.00070775 0.00211578 0.0070629 0.020897 0.0486589 0.0941332 0.155614 0.234869 0.341108 0.474211 0.630244 0.809549 1.41875 1.50287 1.49925 1.49948 1.49932 1.51585 1.56996 1.54247 1.5963 1.59725 1.64405 1.7601 1.77664 1.68594 1.63044 1.54793 1.4968 1.49952 1.50753 1.61525 1.79273 1.75012 1.63902 1.653 1.69838 1.62983 1.54847 1.62406 1.63476
1.14791e-05 1.06358e-05 9.94918e-06 9.99591e-06 1.04291e-05 1.08569e-05 1.11347e-05 1.26983e-05 1.14283e-05 1.07085e-05 1.00108e-05 1.04711e-05 1.27918e-05 1.34592e-05 1.07489e-05 9.9976e-06 9.9993e-06 9.99992e-06 1.00015e-05 1.0005e-05 1.02825e-05 1.33136e-05 2.20674e-05 3.98126e-05 8.82356e-05 0.000228606 0.000658627 0.00211924 0.00682979 0.0198947 0.0462305 0.0894789 0.15059 0.238394 0.363778 0.529235 0.720374 1.45357 1.5064 1.49951 1.5006 1.4999 1.51028 1.61637 1.54368 1.57266 1.61248 1.64293 1.75409 1.79067 1.69011 1.60495 1.57082 1.56055 1.49786 1.499 1.51468 1.68351 1.78179 1.64087 1.61246 1.70096 1.68868 1.60016 1.66934 1.71007
1.18754e-05 1.11852e-05 1.01259e-05 9.99947e-06 1.03179e-05 1.03418e-05 1.05694e-05 1.2056e-05 1.24812e-05 1.12821e-05 1.02139e-05 9.99546e-06 1.28199e-05 1.01878e-05 1.15556e-05 1.2072e-05 9.87297e-06 9.9851e-06 1.00001e-05 9.99957e-06 1.00028e-05 1.045e-05 1.31129e-05 1.64488e-05 2.57919e-05 5.79981e-05 0.000164304 0.00054976 0.00183822 0.00589845 0.0175775 0.040987 0.0793872 0.141176 0.237929 0.38189 0.581759 0.847923 1.4522 1.50418 1.49944 1.49878 1.50574 1.58045 1.55948 1.54082 1.60952 1.65965 1.70712 1.76671 1.69676 1.57421 1.5486 1.57934 1.61488 1.48596 1.50153 1.58082 1.83022 1.68604 1.59446 1.67136 1.71007 1.60364 1.69545 1.77945
1.09575e-05 1.03972e-05 1.0505e-05 1.00369e-05 9.99523e-06 9.94346e-06 1.00103e-05 9.97274e-06 1.1179e-05 1.05492e-05 1.00019e-05 1.08848e-05 1.05569e-05 9.7935e-06 1.04345e-05 1.29582e-05 1.20461e-05 1.04688e-05 9.88107e-06 1.00051e-05 9.99909e-06 1.00341e-05 1.06212e-05 1.17125e-05 1.15356e-05 1.65389e-05 3.53138e-05 0.000113587 0.000415364 0.00146179 0.00498945 0.0140645 0.033104 0.0670631 0.126403 0.225163 0.386009 0.617939 0.918221 1.48298 1.49978 1.50055 1.5009 1.50533 1.55684 1.52978 1.58552 1.59719 1.63316 1.70014 1.65033 1.55277 1.53498 1.57898 1.67047 1.57643 1.48133 1.53955 1.78441 1.79664 1.60314 1.5859 1.67949 1.56256 1.59454 1.74871
1.11363e-05 1.05815e-05 1.03181e-05 1.00133e-05 1.0464e-05 1.00022e-05 1.00001e-05 9.96477e-06 1.02751e-05 1.00937e-05 9.98955e-06 1.12482e-05 9.73519e-06 9.99985e-06 1.0014e-05 1.0129e-05 1.21052e-05 1.31238e-05 1.17069e-05 1.05079e-05 9.92496e-06 9.99995e-06 1.00429e-05 1.03696e-05 9.99444e-06 1.05201e-05 1.46853e-05 2.72827e-05 8.17308e-05 0.000288584 0.00112328 0.0036195 0.0103141 0.0246466 0.0533944 0.107969 0.207968 0.37694 0.682931 1.47427 1.5113 1.50004 1.50765 1.49841 1.53098 1.5461 1.54638 1.50208 1.54146 1.62712 1.53223 1.51405 1.55254 1.5929 1.66834 1.62154 1.55704 1.5068 1.58291 1.74571 1.62466 1.51557 1.6528 1.53797 1.51891 1.63511
1.0628e-05 1.11952e-05 1.06401e-05 9.94387e-06 1.00142e-05 9.97796e-06 1.01784e-05 1.03025e-05 1.03144e-05 1.10966e-05 1.15864e-05 9.85355e-06 9.9792e-06 1.00038e-05 9.98801e-06 9.99943e-06 1.0084e-05 1.13562e-05 1.34996e-05 1.28447e-05 1.05088e-05 1.00018e-05 1.02429e-05 1.06497e-05 9.99733e-06 1.00457e-05 1.17563e-05 1.49569e-05 2.54397e-05 5.56962e-05 0.000183054 0.000647335 0.00233732 0.00655165 0.0172136 0.0399902 0.088782 0.182451 0.346332 0.641778 1.4878 1.50816 1.50015 1.49932 1.50183 1.50263 1.49943 1.49346 1.50867 1.57086 1.50388 1.50346 1.55277 1.58401 1.55774 1.54216 1.55458 1.50455 1.50137 1.57253 1.60117 1.50609 1.59654 1.55633 1.50876 1.51402
9.98219e-06 1.02133e-05 1.03891e-05 1.00046e-05 1.00017e-05 9.96534e-06 9.99364e-06 9.97775e-06 1.01975e-05 1.01496e-05 1.59462e-05 1.0025e-05 1.00008e-05 1.00735e-05 1.02488e-05 1.00002e-05 9.99989e-06 1.00324e-05 1.02745e-05 1.36996e-05 1.28888e-05 9.86804e-06 1.01096e-05 1.10677e-05 1.02691e-05 9.91828e-06 1.10969e-05 1.223e-05 1.60099e-05 2.44277e-05 4.13278e-05 8.45849e-05 0.000305852 0.00104728 0.00360156 0.010292 0.0272503 0.0682737 0.15345 0.306981 0.606816 1.49459 1.50926 1.49944 1.51594 1.49825 1.49857 1.49766 1.50011 1.51664 1.54357 1.50475 1.50576 1.51959 1.48952 1.50186 1.50385 1.49811 1.49271 1.50351 1.65937 1.52157 1.55155 1.52415 1.50002 1.49936
1e-05 1.00029e-05 1.01658e-05 9.99749e-06 9.97806e-06 1.02829e-05 1.04631e-05 1.006e-05 1.12226e-05 1.67042e-05 2.08222e-05 1.00372e-05 1.00767e-05 9.91064e-06 1.00533e-05 1.00002e-05 1.00587e-05 9.98906e-06 1.00313e-05 1.091e-05 1.45587e-05 1.218e-05 1.0118e-05 1.03571e-05 1.06658e-05 9.98751e-06 1.022e-05 1.07532e-05 1.1964e-05 1.5021e-05 2.44259e-05 3.42649e-05 6.04866e-05 0.000154458 0.000441146 0.00154581 0.00510312 0.017311 0.0506648 0.122819 0.262746 0.579272 1.50559 1.50798 1.50386 1.49789 1.49952 1.49912 1.49913 1.50254 1.52385 1.50855 1.49963 1.50051 1.49788 1.49466 1.86997 1.59224 0.0736008 -0.0334321 0.309375 1.57469 1.51554 1.49773 1.4994 1.49951
9.99995e-06 9.99967e-06 1.0098e-05 1.00016e-05 9.98067e-06 1.01877e-05 1.12958e-05 1.05393e-05 1.00338e-05 1.39642e-05 1.41402e-05 1.01677e-05 1.17463e-05 1.18718e-05 1.17076e-05 1.04365e-05 1.09401e-05 1.10195e-05 1.04663e-05 1.00757e-05 1.3004e-05 1.46184e-05 1.30852e-05 1.08265e-05 1.05931e-05 1.01734e-05 1.02652e-05 1.02842e-05 1.06528e-05 1.02524e-05 1.32137e-05 1.91915e-05 2.63208e-05 4.23777e-05 8.86908e-05 0.000212783 0.000631605 0.00219003 0.00987661 0.0337485 0.0895222 0.214554 0.527367 1.50343 1.50774 1.50304 1.49955 1.50058 1.50021 1.4999 1.50019 1.50086 1.49252 1.77785 1.51049 0.0653691 -0.0129021 0.0328607 0.0103454 0.0167238 0.0695816 0.386622 1.60952 1.50978 1.49834 1.50443
1.00032e-05 1.0136e-05 1.00668e-05 1.07103e-05 1.05067e-05 1.01218e-05 1.06602e-05 1.09726e-05 1.00075e-05 9.99891e-06 1.01026e-05 1.0463e-05 1.2753e-05 1.43345e-05 1.40295e-05 1.25128e-05 1.12249e-05 1.01604e-05 1.02974e-05 9.98948e-06 1.04527e-05 1.23799e-05 1.46248e-05 1.37322e-05 1.12608e-05 1.00819e-05 1.00237e-05 1.01209e-05 1.08956e-05 1.07085e-05 1.0213e-05 1.15203e-05 1.53457e-05 1.93327e-05 2.67071e-05 5.36473e-05 0.000128707 0.00035917 0.00138144 0.00593151 0.0203633 0.0568148 0.148608 0.406924 1.48652 1.42183 1.50795 1.49995 1.49941 1.51422 1.50396 1.39542 1.14381 -0.263828 0.0299477 0.00670956 -0.000482385 0.000173731 0.00445943 0.00822153 0.0183237 0.0995424 0.481542 1.57294 1.50299 1.50038
1.06433e-05 1.06227e-05 1.07276e-05 1.0712e-05 1.07376e-05 1.0295e-05 9.93843e-06 1.08051e-05 1.2825e-05 1.0012e-05 1.066e-05 1.06166e-05 1.0585e-05 1.17445e-05 1.22211e-05 1.26054e-05 1.2276e-05 9.98636e-06 9.99153e-06 1.00005e-05 1.00139e-05 1.00229e-05 1.10405e-05 1.3226e-05 1.27189e-05 1.06391e-05 9.99653e-06 9.99607e-06 1.00404e-05 1.06464e-05 1.07823e-05 1.06828e-05 1.15482e-05 1.34397e-05 1.38219e-05 1.41079e-05 2.38908e-05 5.13705e-05 0.000124893 0.000582878 0.0021666 0.00764233 0.0248407 0.0668703 0.161658 0.448853 1.49647 1.62141 1.40491 1.20158 0.402106 0.0883266 -0.00402243 -0.00768209 1.55744e-05 1.58744e-05 7.64798e-05 0.000490733 0.00202378 0.00542324 0.0116917 0.0314891 0.0939329 0.384187 1.47832 1.35946
1.076e-05 1.07486e-05 1.11154e-05 1.07677e-05 1.08873e-05 1.08398e-05 1.07609e-05 1.0183e-05 1.12994e-05 1.0928e-05 1.18981e-05 1.24258e-05 1.19558e-05 1.05965e-05 1.01749e-05 1.12028e-05 1.21727e-05 1.12054e-05 1.01071e-05 1.00045e-05 1.00002e-05 9.99882e-06 1.00118e-05 1.0306e-05 1.22223e-05 1.21184e-05 9.99007e-06 9.98735e-06 1e-05 1.00197e-05 1.06037e-05 1.06479e-05 1.10232e-05 1.13252e-05 1.20233e-05 1.26398e-05 1.15392e-05 1.15175e-05 1.61497e-05 3.15877e-05 0.000104069 0.000374449 0.00125414 0.00593702 0.0184422 0.0522626 0.137133 -0.0962299 0.0347012 0.0105142 -0.014378 0.000715046 -2.53869e-05 9.97286e-06 1.01003e-05 1.1677e-05 1.87227e-05 9.25162e-05 0.000517261 0.0021691 0.00728599 0.0207499 0.0504611 0.112181 0.202746 0.30988
1.01008e-05 1.03221e-05 1.04417e-05 1.02974e-05 1.04784e-05 1.04983e-05 1.14872e-05 1.15568e-05 1.0195e-05 1.09118e-05 1.09883e-05 1.17219e-05 1.21387e-05 1.0695e-05 9.98964e-06 1.03428e-05 1.09028e-05 1.13596e-05 1.05794e-05 9.98654e-06 9.99965e-06 1.00011e-05 9.99269e-06 1.00026e-05 1.05819e-05 1.27591e-05 1.18781e-05 1.01611e-05 9.99893e-06 1.00191e-05 1.03251e-05 1.01246e-05 1.07347e-05 1.13376e-05 1.12821e-05 1.1919e-05 1.21804e-05 1.11205e-05 1.00494e-05 1.01753e-05 1.02993e-05 1.39759e-05 1.91553e-05 8.42354e-05 0.000279168 -7.44189e-05 0.00132772 -4.29806e-05 1.04874e-05 1.05509e-05 1.06341e-05 9.97729e-06 1.00063e-05 1.00012e-05 1.00489e-05 1.11808e-05 1.29595e-05 1.67647e-05 6.61401e-05 0.000465581 0.00301789 0.0125891 0.0346016 0.0884426 0.18018 0.290883
