data/RealTopo/Outputs_RealTopo/relWog_null_02RealTopo_faSavageHutterFoamGamma_pfv.asc
ncols 490
nrows 555
xllcenter 167455
yllcenter 361955
cellsize 5
NODATA_value -9999
[rows 62 to 92 of 555, columns 70 to 139 of 490]
-9999 -9999 -9999 -9999 -9999 -9999 -9999 -9999 -9999 -9999 -9999 -9999 -9999 -9999 -9999 -9999 -9999 -9999 -9999 -9999 -9999 -9999 -9999 -9999 -9999 -9999 -9999 -9999 -9999 -9999 -9999 -9999 -9999 -9999 -9999 -9999 -9999 -9999 -9999 -9999 -9999 -9999 -9999 -9999 -9999 -9999 -9999 -9999 -9999 -9999 -9999 -9999 -9999 -9999 -9999 -9999 -9999 -9999 -9999 -9999 -9999 -9999 -9999 -9999 -9999 -9999 -9999 -9999 2.40637e-05 4.26977e-05
-9999 -9999 -9999 -9999 -9999 -9999 -9999 -9999 -9999 -9999 -9999 -9999 -9999 -9999 -9999 -9999 -9999 -9999 -9999 -9999 -9999 -9999 -9999 -9999 -9999 -9999 -9999 -9999 -9999 -9999 -9999 -9999 -9999 -9999 -9999 -9999 -9999 -9999 -9999 -9999 -9999 -9999 -9999 -9999 -9999 -9999 -9999 -9999 -9999 -9999 -9999 -9999 -9999 -9999 -9999 -9999 -9999 -9999 -9999 -9999 -9999 -9999 -9999 -9999 -9999 -9999 0.0250607 2.54625e-05 1.76161e-05 4.59492e-05
-9999 -9999 -9999 -9999 -9999 -9999 -9999 -9999 -9999 -9999 -9999 -9999 -9999 -9999 -9999 -9999 -9999 -9999 -9999 -9999 -9999 -9999 -9999 -9999 -9999 -9999 -9999 -9999 -9999 -9999 -9999 -9999 -9999 -9999 -9999 -9999 -9999 -9999 -9999 -9999 -9999 -9999 -9999 -9999 -9999 -9999 -9999 -9999 -9999 -9999 -9999 -9999 -9999 -9999 -9999 -9999 -9999 -9999 -9999 -9999 -9999 -9999 -9999 5.86139e-05 3.99584e-05 0.0127637 0.00735344 1.03026e-05 1.52875e-05 4.75909e-05
-9999 -9999 -9999 -9999 -9999 -9999 -9999 -9999 -9999 -9999 -9999 -9999 -9999 -9999 -9999 -9999 -9999 -9999 -9999 -9999 -9999 -9999 -9999 -9999 -9999 -9999 -9999 -9999 -9999 -9999 -9999 -9999 -9999 -9999 -9999 -9999 -9999 -9999 -9999 -9999 -9999 -9999 -9999 -9999 -9999 -9999 -9999 -9999 -9999 -9999 -9999 -9999 -9999 -9999 -9999 -9999 -9999 -9999 -9999 -9999 -9999 9.70423e-05 0.000102651 0.000100307 3.7289e-05 0.045748 0.00810701 -0.00479561 2.04135e-05 9.25592e-05
-9999 -9999 -9999 -9999 -9999 -9999 -9999 -9999 -9999 -9999 -9999 -9999 -9999 -9999 -9999 -9999 -9999 -9999 -9999 -9999 -9999 -9999 -9999 -9999 -9999 -9999 -9999 -9999 -9999 -9999 -9999 -9999 -9999 -9999 -9999 -9999 -9999 -9999 -9999 -9999 -9999 -9999 -9999 -9999 -9999 -9999 -9999 -9999 -9999 -9999 -9999 -9999 -9999 -9999 -9999 -9999 -9999 -9999 -9999 5.5619e-05 5.31662e-05 9.16311e-05 0.000101747 9.17261e-05 3.84973e-05 -0.0076095 0.0381169 -0.00183467 0.00151876 0.00014486
-9999 -9999 -9999 -9999 -9999 -9999 -9999 -9999 -9999 -9999 -9999 -9999 -9999 -9999 -9999 -9999 -9999 -9999 -9999 -9999 -9999 -9999 -9999 -9999 -9999 -9999 -9999 -9999 -9999 -9999 -9999 -9999 -9999 -9999 -9999 -9999 -9999 -9999 -9999 -9999 -9999 -9999 -9999 -9999 -9999 -9999 -9999 -9999 -9999 -9999 -9999 -9999 -9999 -9999 -9999 -9999 5.45201e-05 2.31872e-05 3.06774e-05 3.34547e-05 4.77404e-05 8.78188e-05 8.89031e-05 9.44788e-05 7.64708e-05 -0.000384873 0.00656177 0.0169678 0.0177583 -0.0011468
-9999 -9999 -9999 -9999 -9999 -9999 -9999 -9999 -9999 -9999 -9999 -9999 -9999 -9999 -9999 -9999 -9999 -9999 -9999 -9999 -9999 -9999 -9999 -9999 -9999 -9999 -9999 -9999 -9999 -9999 -9999 -9999 -9999 -9999 -9999 -9999 -9999 -9999 -9999 -9999 -9999 -9999 -9999 -9999 -9999 -9999 -9999 -9999 -9999 -9999 -9999 -9999 -9999 -9999 9.61623e-05 0.000101278 6.01188e-05 2.99003e-05 2.86556e-05 2.53807e-05 4.38932e-05 8.22099e-05 9.85781e-05 0.000108769 0.000103207 4.57349e-05 -0.00117084 -0.00135543 -0.000387692 0.000525652
-9999 -9999 -9999 -9999 -9999 -9999 -9999 -9999 -9999 -9999 -9999 -9999 -9999 -9999 -9999 -9999 -9999 -9999 -9999 -9999 -9999 -9999 -9999 -9999 -9999 -9999 -9999 -9999 -9999 -9999 -9999 -9999 -9999 -9999 -9999 -9999 -9999 -9999 -9999 -9999 -9999 -9999 -9999 -9999 -9999 -9999 -9999 -9999 -9999 -9999 -9999 -9999 0.000112515 2.81103e-05 6.32635e-05 8.19002e-05 6.02012e-05 3.73843e-05 2.49625e-05 1.88194e-05 3.9736e-05 7.77078e-05 9.44713e-05 8.39357e-05 0.000131217 8.19677e-05 1.20535e-05 8.22845e-07 0.000280757 0.00378064
-9999 -9999 -9999 -9999 -9999 -9999 -9999 -9999 -9999 -9999 -9999 -9999 -9999 -9999 -9999 -9999 -9999 -9999 -9999 -9999 -9999 -9999 -9999 -9999 -9999 -9999 -9999 -9999 -9999 -9999 -9999 -9999 -9999 -9999 -9999 -9999 -9999 -9999 -9999 -9999 -9999 -9999 -9999 -9999 -9999 -9999 -9999 -9999 -9999 2.84248e-05 0.000154923 0.00106756 0.000182127 4.40946e-05 4.66599e-05 6.86836e-05 7.69964e-05 5.10245e-05 1.68779e-05 1.31357e-05 3.69434e-05 0.000119798 0.00013094 3.22034e-05 9.34502e-05 0.000226212 9.00135e-05 4.48612e-05 0.000105814 0.000907877
-9999 -9999 -9999 -9999 -9999 -9999 -9999 -9999 -9999 -9999 -9999 -9999 -9999 -9999 -9999 -9999 -9999 -9999 -9999 -9999 -9999 -9999 -9999 -9999 -9999 -9999 -9999 -9999 -9999 -9999 -9999 -9999 -9999 -9999 -9999 -9999 -9999 -9999 -9999 -9999 -9999 -9999 -9999 -9999 -9999 -9999 -9999 4.14825e-05 9.22795e-06 2.11475e-05 0.000109778 -3.41947e-05 -5.53035e-05 7.18825e-05 8.7068e-05 8.68722e-05 9.49608e-05 8.58703e-05 1.94981e-05 1.50983e-05 3.95346e-05 0.00033217 0.000265302 -2.30909e-05 2.90109e-05 8.35769e-05 0.000126909 0.000108358 9.83534e-05 0.000288962
-9999 -9999 -9999 -9999 -9999 -9999 -9999 -9999 -9999 -9999 -9999 -9999 -9999 -9999 -9999 -9999 -9999 -9999 -9999 -9999 -9999 -9999 -9999 -9999 -9999 -9999 -9999 -9999 -9999 -9999 -9999 -9999 -9999 -9999 -9999 -9999 -9999 -9999 -9999 -9999 -9999 -9999 -9999 -9999 -9999 4.89434e-05 0.000176334 0.000111309 -2.34886e-06 2.28815e-05 7.09488e-05 9.1819e-05 8.65877e-05 9.34637e-05 0.000104587 0.000126704 0.000151603 0.000121981 2.44087e-05 1.3375e-05 2.58582e-05 0.000199787 0.000788455 3.80045e-05 1.92923e-05 3.10937e-05 6.59465e-05 0.000111317 8.95284e-05 7.95057e-05
-9999 -9999 -9999 -9999 -9999 -9999 -9999 -9999 -9999 -9999 -9999 -9999 -9999 -9999 -9999 -9999 -9999 -9999 -9999 -9999 -9999 -9999 -9999 -9999 -9999 -9999 -9999 -9999 -9999 -9999 -9999 -9999 -9999 -9999 -9999 -9999 -9999 -9999 -9999 -9999 -9999 -9999 8.43794e-05 2.19301e-05 2.44978e-05 6.91812e-05 0.000284544 0.000213255 -3.91299e-06 1.26676e-05 5.10013e-05 9.42581e-05 5.64103e-05 4.05423e-05 8.64191e-05 0.000118241 0.000230566 0.000257142 3.80205e-05 2.14682e-05 2.16762e-05 5.59645e-05 0.00013589 0.00025529 4.72678e-05 2.7156e-05 5.51087e-05 0.000101984 7.23161e-05 4.70886e-05
-9999 -9999 -9999 -9999 -9999 -9999 -9999 -9999 -9999 -9999 -9999 -9999 -9999 -9999 -9999 -9999 -9999 -9999 -9999 -9999 -9999 -9999 -9999 -9999 -9999 -9999 -9999 -9999 -9999 -9999 -9999 -9999 -9999 -9999 -9999 -9999 -9999 -9999 -9999 -9999 0.0179266 0.00042603 2.00421e-05 2.57048e-05 2.86584e-05 0.000107389 0.000474855 0.000199765 -2.42337e-05 7.62851e-06 2.27387e-05 0.00012661 0.000172029 6.6575e-05 6.23716e-05 6.98627e-05 0.000163947 0.000533916 0.00012622 3.44628e-05 2.40642e-05 3.78744e-05 5.69351e-05 8.29815e-05 3.13582e-05 2.46449e-05 5.52344e-05 9.42066e-05 6.14504e-05 5.06211e-05
-9999 -9999 -9999 -9999 -9999 -9999 -9999 -9999 -9999 -9999 -9999 -9999 -9999 -9999 -9999 -9999 -9999 -9999 -9999 -9999 -9999 -9999 -9999 -9999 -9999 -9999 -9999 -9999 -9999 -9999 -9999 -9999 -9999 -9999 -9999 -9999 -9999 -9999 0.0548281 0.0401278 0.0133865 -0.0046758 -3.3966e-05 3.0818e-05 3.46736e-05 0.000141202 0.000870638 8.08016e-05 -8.83895e-06 7.4429e-06 1.78677e-05 7.13254e-05 0.000223467 0.000180322 9.08739e-05 4.45507e-05 5.32449e-05 0.000131358 0.000175086 5.11478e-05 3.36902e-05 4.88782e-05 8.87122e-05 0.000134975 5.2281e-05 1.606e-05 4.40011e-05 7.03008e-05 6.78313e-05 4.60882e-05
-9999 -9999 -9999 -9999 -9999 -9999 -9999 -9999 -9999 -9999 -9999 -9999 -9999 -9999 -9999 -9999 -9999 -9999 -9999 -9999 -9999 -9999 -9999 -9999 -9999 -9999 -9999 -9999 -9999 -9999 -9999 -9999 -9999 -9999 -9999 -9999 0.0712087 0.0574983 0.052145 0.0052212 -0.0124263 -2.43987e-05 3.43649e-05 3.62796e-05 3.75089e-05 0.00052166 0.00370238 -5.60094e-05 -6.83139e-06 9.64912e-06 2.1548e-05 3.97484e-05 8.45744e-05 -0.00144492 0.000229903 4.49673e-05 3.42294e-05 8.02192e-05 0.000311727 0.000101674 4.1006e-05 5.58009e-05 0.000135866 0.0022852 0.00469234 0.00377727 0.000637378 4.93945e-05 5.35625e-05 5.76715e-05
-9999 -9999 -9999 -9999 -9999 -9999 -9999 -9999 -9999 -9999 -9999 -9999 -9999 -9999 -9999 -9999 -9999 -9999 -9999 -9999 -9999 -9999 -9999 -9999 -9999 -9999 -9999 -9999 -9999 -9999 -9999 -9999 -9999 0.0983992 0.0910698 0.0806302 0.070835 0.0568296 0.0345005 -0.0152286 -2.33238e-05 3.96942e-05 3.82605e-05 3.72491e-05 3.53441e-05 0.00129355 0.0149453 -0.000932276 -2.56179e-06 1.07003e-05 2.36748e-05 4.65931e-05 2.50719e-05 0.00432416 0.00250409 3.15939e-05 2.95873e-05 7.24671e-05 0.000247292 0.000298798 4.865e-05 5.32626e-05 0.000108952 0.00208412 0.0243719 0.0383749 0.0153385 -0.00131394 5.24466e-05 8.39731e-05
-9999 -9999 -9999 -9999 -9999 -9999 -9999 -9999 -9999 -9999 -9999 -9999 -9999 -9999 -9999 -9999 -9999 -9999 -9999 -9999 -9999 -9999 -9999 -9999 -9999 -9999 -9999 -9999 -9999 -9999 -9999 0.0899852 0.0974947 0.0909864 0.0846398 0.0735983 0.0681956 0.0595945 0.0106085 -0.00370516 4.03139e-05 4.86996e-05 4.90182e-05 3.82605e-05 3.14649e-05 0.000184976 0.00154829 0.00345732 -0.000244306 5.60926e-05 3.00706e-05 5.67358e-05 1.55629e-05 0.00324321 0.00325793 3.9898e-05 8.47467e-06 8.93533e-06 2.74159e-05 0.000185848 5.46364e-05 3.84878e-05 3.81581e-05 2.82275e-05 -0.00129461 0.00513929 0.0380873 -0.00311389 3.59837e-05 8.71016e-05
-9999 -9999 -9999 -9999 -9999 -9999 -9999 -9999 -9999 -9999 -9999 -9999 -9999 -9999 -9999 -9999 -9999 -9999 -9999 -9999 -9999 -9999 -9999 -9999 -9999 -9999 -9999 -9999 -9999 0.0238152 0.0853811 0.0919525 0.092997 0.0847318 0.0811722 0.0562471 0.0527322 0.0438767 -0.0107606 7.61053e-05 6.23386e-05 6.20329e-05 6.66688e-05 5.63752e-05 4.18558e-05 4.47831e-05 0.000161589 0.000451409 -0.00136346 0.000362016 9.17079e-05 5.1719e-05 3.64453e-05 0.00187206 0.00185169 2.30842e-05 1.87393e-06 4.27952e-06 2.85718e-05 9.72515e-05 4.1744e-05 1.91906e-05 6.29601e-06 5.27733e-06 3.4202e-06 0.00477893 0.0270751 -0.00262302 3.5698e-05 6.31592e-05
-9999 -9999 -9999 -9999 -9999 -9999 -9999 -9999 -9999 -9999 -9999 -9999 -9999 -9999 -9999 -9999 -9999 -9999 -9999 -9999 -9999 -9999 -9999 -9999 -9999 -9999 0.0776521 0.0843078 0.035451 0.0647433 0.0911497 0.0884421 0.0841431 0.0804653 0.0765719 0.05274 0.0454614 0.0187387 -0.00326954 7.43625e-05 6.30683e-05 6.04718e-05 7.04675e-05 6.85566e-05 5.04745e-05 5.10549e-05 4.38649e-05 8.79728e-06 8.50186e-06 0.000147925 0.000142294 0.000107291 0.00256313 0.00540984 -0.0011418 1.21366e-05 2.10148e-06 1.3638e-05 2.5311e-05 5.69807e-05 4.3401e-05 2.76899e-05 1.45959e-05 2.12574e-05 2.37621e-05 0.00400342 0.0192557 -0.00156749 4.57245e-05 6.25546e-05
-9999 -9999 -9999 -9999 -9999 -9999 -9999 -9999 -9999 -9999 -9999 -9999 -9999 -9999 -9999 -9999 -9999 -9999 -9999 -9999 -9999 -9999 -9999 -9999 0.0521055 0.0834064 0.0913102 0.0854772 0.0297534 0.0785088 0.0942718 0.104327 0.0958599 0.095363 0.0832472 0.0627206 0.0303005 -0.0115115 -5.38208e-06 5.12523e-05 5.26137e-05 4.82797e-05 5.57122e-05 5.43717e-05 4.25911e-05 4.45687e-05 5.056e-05 5.03077e-05 5.05039e-05 4.59357e-05 2.47293e-05 7.0496e-05 0.00295695 0.0386512 0.0492842 0.0553119 0.0542274 0.0418983 0.00556668 -0.000206615 3.796e-05 4.06884e-05 2.22768e-05 2.31509e-05 1.83533e-05 0.000941636 0.00618982 -0.000595567 5.16969e-05 6.20136e-05
-9999 -9999 -9999 -9999 -9999 -9999 -9999 -9999 -9999 -9999 -9999 -9999 -9999 -9999 -9999 -9999 -9999 -9999 -9999 -9999 -9999 -9999 0.0319389 0.0752531 0.0737802 0.0747004 0.0935808 0.0891102 0.0752898 0.0970819 0.107713 0.106394 0.106016 0.101126 0.0968733 0.0696097 0.00267322 -0.00342066 8.69766e-06 3.56346e-05 5.05109e-05 4.64577e-05 5.23011e-05 5.20505e-05 4.06704e-05 4.25143e-05 4.24267e-05 4.56904e-05 4.83375e-05 5.66517e-05 4.61362e-05 3.14018e-07 5.95395e-06 0.000910849 0.040831 0.0540041 0.0491665 0.043399 0.0426286 0.000259184 3.88378e-05 3.24964e-05 1.28299e-05 5.70669e-06 1.72383e-05 9.02257e-05 -0.00032928 6.18193e-05 5.51095e-05 5.61432e-05
-9999 -9999 -9999 -9999 -9999 -9999 -9999 -9999 -9999 -9999 -9999 -9999 -9999 -9999 -9999 -9999 -9999 -9999 -9999 0.0127999 0.00238132 0.0127358 -0.0100835 0.0322392 0.070645 0.0602441 0.0803149 0.0924736 0.0886332 0.0893975 0.0959926 0.0957575 0.0901922 0.0881399 0.081621 0.0719873 0.0344092 -0.00694479 2.50026e-06 2.30339e-05 4.06524e-05 3.92217e-05 4.86101e-05 4.79621e-05 3.84023e-05 4.58314e-05 4.37651e-05 4.93619e-05 4.66717e-05 5.17432e-05 5.45865e-05 2.60173e-05 3.90761e-06 5.37146e-07 -0.00247659 -0.00240788 -0.00153117 -0.00101975 0.00558524 0.00565774 0.000112119 5.53906e-05 1.42396e-05 1.8319e-05 2.99712e-05 6.91836e-05 9.57059e-05 5.70306e-05 5.66789e-05 5.74186e-05
-9999 -9999 -9999 -9999 -9999 -9999 -9999 -9999 -9999 -9999 -9999 -9999 -9999 -9999 -9999 -9999 -9999 0.0700531 0.0474903 0.0018348 0.0027142 0.00386534 0.0263903 0.0425595 0.043802 -0.00647113 0.0594547 0.0845956 0.0925767 0.0884835 0.0908413 0.0941888 0.0924999 0.0915493 0.0817069 0.0754704 0.0177873 1.36848e-05 7.8941e-06 1.6196e-05 2.84199e-05 3.4874e-05 4.254e-05 4.31599e-05 3.4556e-05 3.96521e-05 3.98394e-05 4.57254e-05 4.67362e-05 5.19277e-05 6.18011e-05 6.87585e-05 1.05067e-05 2.65765e-06 4.84219e-06 9.65705e-06 2.62346e-05 5.81051e-05 0.00361658 0.00391047 0.000150257 0.000105474 2.95717e-05 3.64977e-05 4.79365e-05 8.55146e-05 0.000109719 5.70509e-05 5.61077e-05 6.46237e-05
-9999 -9999 -9999 -9999 -9999 -9999 -9999 -9999 -9999 -9999 -9999 -9999 -9999 -9999 -9999 0.05769 0.0697948 0.00916266 0.00438362 0.000262522 -0.00247411 0.0278337 0.0441514 0.0423313 0.0190839 0.00289382 0.00350767 0.0580976 0.0826608 0.0859076 0.0885959 0.0896215 0.0895442 0.0909043 0.0831223 0.0740799 0.0614143 0.000323169 1.00504e-05 1.02633e-05 2.52496e-05 3.39182e-05 3.78734e-05 3.95718e-05 3.86827e-05 3.76493e-05 3.32232e-05 3.65742e-05 4.05944e-05 4.63169e-05 6.7407e-05 0.000118521 5.33145e-05 2.61312e-05 1.20733e-05 1.23712e-05 3.98482e-05 9.00308e-05 0.000120003 -0.00149814 0.000138663 0.000108597 3.17552e-05 3.40293e-05 4.06476e-05 6.36365e-05 8.79427e-05 5.41139e-05 5.47221e-05 6.53765e-05
-9999 -9999 -9999 -9999 -9999 -9999 -9999 -9999 -9999 -9999 -9999 -9999 0.000232075 0.0136954 0.0323966 0.0485668 0.0149303 0.000143101 0.000101433 7.41372e-05 0.0100378 0.0481019 0.0330251 -0.0118841 0.00924788 0.039182 -0.00773708 0.0312634 0.0716358 0.087213 0.0889405 0.0894538 0.0878071 0.0875998 0.080601 0.071706 0.0568465 0.0023784 3.65386e-05 5.24702e-06 2.08768e-05 2.84364e-05 3.46907e-05 3.65383e-05 3.79148e-05 4.28856e-05 3.76472e-05 3.80902e-05 3.96126e-05 4.09217e-05 5.19994e-05 8.47934e-05 8.68903e-05 5.94995e-05 3.42344e-05 2.40221e-05 4.50208e-05 9.19636e-05 7.87938e-05 7.14417e-05 7.12195e-05 8.11671e-05 3.20918e-05 2.84048e-05 3.76634e-05 6.18588e-05 6.63538e-05 4.48086e-05 5.02795e-05 5.54715e-05
-9999 -9999 -9999 -9999 -9999 -9999 -9999 -9999 -9999 -9999 0.0600879 0.00497614 0.00189987 0.0298858 0.0243694 0.017424 0.034435 -0.00675529 9.20726e-05 0.000211456 0.017837 0.0357954 -0.0113663 0.00359203 0.028473 -0.0106715 -3.71087e-05 0.0206491 0.0697001 0.0900367 0.0914925 0.0895253 0.0878526 0.0857131 0.0778601 0.0697293 0.0483785 0.00447731 0.000138184 9.39496e-06 1.61889e-05 2.7915e-05 3.01791e-05 3.24506e-05 3.73838e-05 3.89703e-05 3.67849e-05 3.90066e-05 4.35268e-05 3.91229e-05 4.44248e-05 5.28107e-05 5.66089e-05 6.82102e-05 5.19384e-05 4.59361e-05 4.83698e-05 9.05717e-05 0.000154429 6.7799e-05 9.17343e-05 0.000159096 4.44307e-05 3.7109e-05 4.07602e-05 7.02071e-05 6.38337e-05 4.55593e-05 5.02028e-05 5.5504e-05
-9999 -9999 -9999 -9999 -9999 -9999 -9999 -9999 0.0751344 0.0888658 0.0065463 -0.00228732 0.0313268 0.0286911 0.0125472 0.00338417 0.0172509 -0.00304655 0.000127271 1.05902e-05 0.0042011 0.0316889 -0.00289351 0.0004593 -0.00155866 -9.5565e-05 2.01809e-05 0.0135027 0.0762679 0.0923801 0.0884523 0.088999 0.086741 0.084343 0.0773437 0.0755314 0.0443583 0.000492736 0.000222377 5.20634e-05 1.41225e-05 2.93191e-05 3.72682e-05 3.77969e-05 3.7394e-05 4.06685e-05 3.79848e-05 3.59829e-05 3.53806e-05 3.1505e-05 3.52977e-05 4.87889e-05 5.96815e-05 8.6692e-05 7.80935e-05 6.7965e-05 7.04824e-05 6.34277e-05 0.000129289 0.000121388 7.96428e-05 0.000123185 3.91467e-05 4.50847e-05 5.38572e-05 7.45539e-05 6.82908e-05 5.22454e-05 5.3796e-05 6.03862e-05
-9999 -9999 -9999 -9999 -9999 0.066516 0.0210246 0.057837 0.0878871 0.0579689 -0.00568062 0.0137954 0.0451839 0.0125324 -0.00235533 0.000115543 -0.0034528 6.9733e-05 -0.00518625 -0.00168491 0.0105821 0.0425534 -0.00440738 0.00017661 -4.00614e-05 9.86965e-06 6.32839e-06 0.0463679 0.08496 0.0931752 0.0875527 0.088289 0.0852107 0.0809985 0.0698029 0.0585839 0.0434379 0.0011075 0.000311931 0.000132299 1.32923e-05 2.59049e-05 3.57683e-05 3.79183e-05 3.82003e-05 4.21767e-05 4.35586e-05 4.84974e-05 4.27102e-05 1.98772e-05 1.78816e-05 4.19321e-05 4.64055e-05 5.74487e-05 7.87533e-05 7.36018e-05 7.71659e-05 9.59013e-05 4.61272e-05 9.31707e-05 0.000126736 0.000238952 2.90541e-05 5.37287e-05 6.25655e-05 8.9537e-05 6.52567e-05 5.71671e-05 5.70349e-05 6.4478e-05
-9999 -9999 -9999 0.0792094 0.0780713 0.0701656 0.055451 0.0892381 0.0662976 0.00281026 0.0149588 0.045465 0.0346569 0.00535819 -0.000932406 0.000172741 0.000122142 3.52649e-05 -0.000887068 0.0420181 0.037358 -0.0112283 -0.000127159 3.1583e-05 5.00162e-05 2.43398e-05 -0.0156472 0.0617504 0.0961417 0.0911911 0.09044 0.0880659 0.084416 0.0783717 0.0679826 0.0515799 0.0474888 0.0049254 0.000303497 0.000403503 1.78494e-05 2.88004e-05 3.38107e-05 3.59202e-05 3.68311e-05 3.73122e-05 4.41104e-05 6.17348e-05 8.91209e-05 3.61378e-05 2.28789e-05 3.27147e-05 5.75592e-05 8.19807e-05 6.67317e-05 6.84979e-05 7.49429e-05 0.000134107 4.17176e-05 4.21452e-05 0.000121236 0.000336037 2.8755e-05 5.95956e-05 7.21047e-05 9.09725e-05 9.37476e-05 6.11177e-05 6.50104e-05 6.67505e-05
-9999 0.0292069 0.0576053 0.0946937 0.0623986 0.0661005 0.0851696 0.0657319 0.00417867 5.49896e-05 0.0314071 0.0491628 0.0167455 0.0102387 -0.00124857 0.000246921 0.00013059 9.06234e-05 0.00977322 0.0538363 -0.012846 -8.08021e-05 1.08266e-05 4.181e-05 0.000121191 8.14007e-06 0.0119684 0.0781933 0.0920035 0.0920038 0.090785 0.0889235 0.0821134 0.0731803 0.0658524 0.0564201 0.0445445 0.0223814 0.000490167 0.00158146 -6.07086e-05 2.91539e-05 3.52074e-05 3.54692e-05 3.8482e-05 4.10042e-05 3.59908e-05 5.36284e-05 9.77896e-05 6.80879e-05 3.40312e-05 2.10724e-05 3.26785e-05 8.07241e-05 9.9326e-05 5.42375e-05 9.04986e-05 8.52855e-05 6.57303e-05 3.69329e-05 8.16956e-05 0.00026621 4.69732e-05 6.81967e-05 7.70681e-05 0.00010274 9.8068e-05 6.8598e-05 8.12829e-05 8.49931e-05
0.0263357 0.0295475 0.0716485 0.0806391 0.0751705 0.0755242 0.0872543 0.0073831 8.7538e-05 0.00312394 0.0377905 0.0451827 0.0215276 0.00718595 -0.000854149 -0.000704083 0.000658732 0.000325509 0.00314683 0.0198768 -0.00255533 0.000210015 -9.07033e-07 7.49347e-05 0.000209451 0.00773512 0.0733181 0.0947448 0.0908201 0.092506 0.0913763 0.088081 0.0812532 0.073567 0.0677931 0.0597935 0.0447992 -0.00129026 0.00537984 0.000535509 1.63212e-06 3.17626e-05 2.96353e-05 3.06671e-05 3.09258e-05 3.77751e-05 4.41345e-05 9.02091e-05 8.95854e-05 3.83641e-05 2.64815e-05 2.16651e-05 7.66605e-06 1.72747e-05 6.28226e-05 6.55771e-05 8.80392e-05 7.48187e-05 7.23292e-05 4.55775e-05 8.15567e-05 0.000213023 5.76685e-05 7.64376e-05 8.5205e-05 0.000107262 0.000117579 7.97169e-05 8.85161e-05 9.67898e-05
