data/RealTopo/Outputs_RealTopo/relWog_02RealTopo_null_avaflow_pfv.asc
ncols 491
nrows 556
xllcenter 167450.00
yllcenter 361950.00
cellsize 5.00
NODATA_value -9999.000
[rows 204 to 237 of 556, columns 152 to 227 of 491]
0.000 1.087 1.301 1.499 1.679 1.940 2.333 2.945 3.912 5.304 6.934 8.481 9.782 10.859 11.808 12.915 14.611 16.695 18.251 19.328 20.709 22.385 23.735 25.051 26.527 27.622 28.473 29.077 29.344 29.426 29.498 29.229 28.594 27.957 27.504 26.558 25.558 25.040 25.351 29.034 32.460 33.397 33.456 32.244 29.640 29.371 29.543 29.213 29.007 28.514 26.805 24.528 22.262 19.838 17.112 13.738 10.045 6.716 4.348 2.877 1.988 1.625 0.000 0.000 0.000 0.000 0.000 0.000 0.000 0.000 0.000 0.000 0.000 0.000 0.000 0.000
0.000 0.000 0.000 0.000 1.248 1.331 1.478 1.750 2.233 2.995 4.014 5.210 6.339 7.283 8.229 9.471 11.307 13.490 15.100 16.411 18.176 20.072 21.704 23.003 24.250 25.646 26.973 28.209 28.858 29.211 29.393 29.379 29.044 28.563 28.051 27.268 26.253 25.519 25.712 27.922 32.395 34.134 34.341 33.411 31.105 30.240 30.750 31.130 31.410 30.999 28.985 26.469 24.328 22.601 20.769 18.126 14.435 10.296 6.858 4.464 2.900 1.958 1.545 0.000 0.000 0.000 0.000 0.000 0.000 0.000 0.000 0.000 0.000 0.000 0.000 0.000
0.000 0.000 0.000 0.000 0.000 0.000 1.122 1.231 1.409 1.687 2.203 2.894 3.611 4.238 4.994 6.271 8.022 9.750 11.166 12.864 15.069 17.504 20.070 22.150 23.638 24.573 25.279 26.518 27.733 28.537 29.062 29.293 29.243 28.965 28.564 27.809 26.776 26.079 26.160 27.550 32.005 34.911 35.249 34.269 32.541 30.941 31.517 32.609 33.094 32.649 31.109 28.510 25.639 24.504 23.528 21.797 18.836 14.706 10.476 7.020 4.498 2.868 1.911 1.508 0.000 0.000 0.000 0.000 0.000 0.000 0.000 0.000 0.000 0.000 0.000 0.000
0.000 0.000 0.000 0.000 0.000 0.000 0.000 0.000 0.000 1.213 1.401 1.561 1.844 2.182 2.678 3.679 4.923 6.147 7.511 9.427 11.904 15.070 18.466 21.456 23.614 24.965 25.670 25.781 26.249 27.270 28.173 28.801 29.135 29.117 28.806 28.300 27.447 26.504 26.352 27.261 30.508 34.696 35.766 35.258 33.979 31.840 32.030 33.478 34.146 33.719 32.480 30.294 27.737 26.540 25.385 24.399 22.706 19.339 14.988 10.684 7.075 4.474 2.793 1.807 1.374 0.000 0.000 0.000 0.000 0.000 0.000 0.000 0.000 0.000 0.000 0.000
0.000 0.000 0.000 0.000 0.000 0.000 0.000 0.000 0.000 0.000 0.000 0.904 0.989 1.237 1.418 1.980 2.726 3.627 4.886 6.672 8.980 11.882 15.408 19.112 22.294 24.413 25.436 25.867 25.960 26.174 26.929 27.818 28.505 28.882 28.824 28.508 28.122 27.179 26.501 27.295 29.634 33.016 35.478 35.837 35.267 33.420 32.845 33.845 34.515 34.265 33.240 31.312 29.662 28.712 27.496 26.532 25.537 23.242 19.578 15.129 10.725 7.045 4.361 2.699 1.810 1.380 1.000 0.000 0.000 0.000 0.000 0.000 0.000 0.000 0.000 0.000
0.000 0.000 0.000 0.000 0.000 0.000 0.000 0.000 0.000 0.000 0.000 0.000 0.000 0.892 0.957 1.253 1.758 2.489 3.394 4.648 6.364 8.719 11.803 15.555 19.306 22.379 24.336 25.301 25.745 25.758 25.826 26.382 27.201 27.983 28.538 28.608 28.404 27.891 26.895 27.179 29.401 31.919 33.820 35.493 36.114 35.041 33.480 33.866 34.595 34.380 33.462 32.021 31.140 30.422 29.667 28.747 27.496 25.856 23.337 19.581 15.094 10.625 6.899 4.497 2.987 2.011 1.479 1.171 0.000 0.000 0.000 0.000 0.000 0.000 0.000 0.000
0.000 0.000 0.000 0.000 0.000 0.000 0.000 0.000 0.000 0.000 0.000 0.000 0.000 0.000 0.844 1.075 1.467 1.984 2.524 3.274 4.305 5.945 8.413 11.734 15.497 19.068 21.920 23.747 24.720 25.057 24.945 24.982 25.374 26.428 27.545 28.241 28.367 28.240 27.631 27.223 28.536 30.919 32.790 34.601 35.569 35.689 34.620 34.130 34.373 34.303 33.516 32.755 32.376 31.863 31.320 30.629 29.500 27.715 25.843 23.239 19.454 15.043 10.856 7.473 5.022 3.309 2.192 1.541 1.248 0.000 0.000 0.000 0.000 0.000 0.000 0.000
0.000 0.000 0.000 0.000 0.000 0.000 0.000 0.000 0.000 0.000 0.000 0.000 0.000 0.000 0.000 0.000 1.233 1.516 1.939 2.305 2.858 3.914 5.712 8.332 11.556 15.004 18.352 21.184 22.985 23.862 24.251 24.115 24.057 24.459 25.621 26.887 27.723 28.127 28.040 27.675 27.916 29.559 31.637 33.450 35.126 35.478 35.015 34.387 34.069 33.912 33.498 33.340 33.392 33.152 32.593 32.005 31.326 29.670 27.579 25.715 23.213 19.623 15.469 11.416 7.926 5.226 3.381 2.218 1.540 1.257 0.000 0.000 0.000 0.000 0.000 0.000
0.000 0.000 0.000 0.000 0.000 0.000 0.000 0.000 0.000 0.000 0.000 0.000 0.000 0.000 0.000 0.000 0.000 1.254 1.431 1.668 2.030 2.694 3.824 5.581 7.975 11.074 14.608 17.933 20.587 22.452 23.471 23.696 23.428 23.261 23.665 24.962 26.551 27.539 27.942 27.783 27.904 28.736 30.467 32.351 33.986 35.212 34.950 34.462 34.018 33.322 33.199 33.542 33.936 33.887 33.569 33.208 32.619 31.338 29.348 27.636 25.922 23.300 19.697 15.589 11.725 8.327 5.534 3.562 2.323 1.628 1.314 0.000 0.000 0.000 0.000 0.000
0.000 0.000 0.000 0.000 0.000 0.000 0.000 0.000 0.000 0.000 0.000 0.000 0.000 0.000 0.000 0.000 0.000 0.000 0.000 1.338 1.556 1.947 2.619 3.670 5.265 7.704 10.922 14.391 17.669 20.387 22.153 23.045 23.221 22.855 22.874 23.713 24.962 26.360 27.201 27.555 27.507 27.964 29.634 31.326 32.968 34.624 34.992 34.344 33.936 34.108 34.239 33.946 33.868 34.030 33.945 33.686 33.226 32.366 30.828 29.488 27.825 25.936 23.196 19.497 15.531 12.159 8.929 6.060 3.949 2.615 1.812 1.412 0.000 0.000 0.000 0.000
0.000 0.000 0.000 0.000 0.000 0.000 0.000 0.000 0.000 0.000 0.000 0.000 0.000 0.000 0.000 0.000 0.000 0.000 0.000 0.000 0.000 1.439 1.849 2.483 3.507 5.166 7.603 10.746 14.269 17.526 20.046 21.739 22.545 22.781 22.507 22.726 23.607 24.847 25.932 26.715 26.849 27.043 28.703 30.730 32.018 33.363 34.709 34.672 34.849 35.331 35.355 35.035 34.249 33.515 33.634 33.807 33.400 32.757 32.040 30.946 29.470 27.782 25.712 22.632 18.999 15.915 12.858 9.632 6.636 4.407 2.958 2.044 1.500 1.172 0.000 0.000
0.000 0.000 0.000 0.000 0.000 0.000 0.000 0.000 0.000 0.000 0.000 0.000 0.000 0.000 0.000 0.000 0.000 0.000 0.000 0.000 0.000 0.000 1.442 1.748 2.388 3.477 5.117 7.534 10.723 14.229 17.341 19.649 21.274 22.083 22.216 21.941 22.069 23.356 24.740 25.779 26.344 26.487 27.469 29.844 30.972 32.106 34.035 35.242 35.491 35.481 35.426 35.281 34.792 33.769 32.578 32.884 33.248 32.986 32.612 31.955 30.695 29.178 27.564 25.206 22.157 19.407 16.681 13.577 10.273 7.134 4.808 3.234 2.168 1.515 1.173 0.000
0.000 0.000 0.000 0.000 0.000 0.000 0.000 0.000 0.000 0.000 0.000 0.000 0.000 0.000 0.000 0.000 0.000 0.000 0.000 0.000 0.000 0.000 0.000 1.402 1.775 2.401 3.444 5.021 7.442 10.680 14.154 17.069 19.288 20.707 21.438 21.586 21.439 22.189 23.402 24.729 25.757 26.336 26.666 28.165 29.596 30.726 33.273 34.880 35.499 35.421 35.242 35.060 34.739 34.002 32.888 32.193 32.263 32.718 32.621 32.229 31.393 30.232 29.458 27.503 24.948 22.409 20.019 17.094 14.009 10.658 7.503 5.087 3.357 2.199 1.511 1.215
0.000 0.000 0.000 0.000 0.000 0.000 0.000 0.000 0.000 0.000 0.000 0.000 0.000 0.000 0.000 0.000 0.000 0.000 0.000 0.000 0.000 0.000 0.000 0.000 1.470 1.762 2.336 3.291 4.907 7.372 10.581 13.940 16.570 18.577 19.993 20.805 21.171 21.827 22.416 23.339 24.651 25.716 26.305 26.737 27.779 28.965 32.255 34.340 35.280 35.257 34.838 34.615 34.386 34.031 33.347 32.586 32.120 31.999 31.854 31.864 31.622 31.142 30.777 29.387 27.285 25.240 23.186 20.351 17.261 14.106 10.815 7.784 5.334 3.516 2.294 1.544
0.000 0.000 0.000 0.000 0.000 0.000 0.000 0.000 0.000 0.000 0.000 0.000 0.000 0.000 0.000 0.000 0.000 0.000 0.000 0.000 0.000 0.000 0.000 0.000 0.000 1.393 1.636 2.204 3.221 4.828 7.256 10.377 13.554 16.114 17.938 19.271 20.335 21.170 21.902 22.312 23.388 24.645 25.548 25.762 25.961 27.547 31.175 33.333 34.786 35.092 34.419 33.907 33.697 33.479 33.332 32.968 32.450 31.868 31.438 31.468 31.529 31.536 31.329 30.547 29.065 27.656 25.932 23.498 20.632 17.570 14.385 11.095 8.063 5.584 3.664 2.320
0.000 0.000 0.000 0.000 0.000 0.000 0.000 0.000 0.000 0.000 0.000 0.000 0.000 0.000 0.000 0.000 0.000 0.000 0.000 0.000 0.000 0.000 0.000 0.000 0.000 0.000 1.303 1.571 2.139 3.125 4.702 7.076 10.254 13.380 15.606 17.298 19.003 20.260 21.007 21.481 22.060 23.416 24.412 24.670 24.406 25.623 29.087 32.166 33.976 34.623 34.083 33.279 32.852 32.592 32.498 32.654 32.483 31.879 31.009 31.323 32.023 31.803 31.444 31.067 30.402 29.594 27.996 25.990 23.551 20.790 17.739 14.564 11.323 8.283 5.676 3.650
0.000 0.000 0.000 0.000 0.000 0.000 0.000 0.000 0.000 0.000 0.000 0.000 0.000 0.000 0.000 0.000 0.000 0.000 0.000 0.000 0.000 0.000 0.000 0.000 0.000 0.000 0.000 0.000 1.506 2.027 2.969 4.551 6.979 10.079 13.024 15.188 17.077 18.674 19.640 20.336 20.758 21.894 23.244 24.186 24.131 24.035 26.062 29.378 32.271 33.697 33.623 32.718 32.191 31.976 31.842 31.874 31.978 31.743 31.256 31.800 32.298 32.059 31.285 30.804 30.925 30.887 29.684 27.800 25.766 23.473 20.854 18.107 14.856 11.497 8.402 5.662
0.000 0.000 0.000 0.000 0.000 0.000 0.000 0.000 0.000 0.000 0.000 0.000 0.000 0.000 0.000 0.000 0.000 0.000 0.000 0.000 0.000 0.000 0.000 0.000 0.000 0.000 0.000 0.000 0.000 1.466 1.925 2.854 4.391 6.810 9.900 12.671 14.605 16.191 17.649 18.803 19.452 20.479 21.900 23.482 24.544 24.360 24.487 25.959 29.041 31.884 33.031 32.451 31.833 31.812 31.900 31.626 31.571 31.550 31.789 31.855 31.908 31.852 30.864 30.079 30.621 31.213 30.945 29.273 27.126 25.507 23.863 21.476 18.431 15.317 12.048 8.469
0.000 0.000 0.000 0.000 0.000 0.000 0.000 0.000 0.000 0.000 0.000 0.000 0.000 0.000 0.000 0.000 0.000 0.000 0.000 0.000 0.000 0.000 0.000 0.000 0.000 0.000 0.000 0.000 0.000 0.000 1.452 1.807 2.672 4.237 6.680 9.572 11.866 13.670 15.311 16.701 17.706 18.783 20.593 22.015 23.729 24.533 24.578 24.014 24.900 28.338 31.154 31.984 31.732 31.626 31.846 31.834 31.464 31.435 31.616 31.619 31.325 31.020 30.422 29.773 29.896 30.563 31.159 30.467 28.374 27.079 26.272 24.425 22.066 19.366 15.826 12.042
0.000 0.000 0.000 0.000 0.000 0.000 0.000 0.000 0.000 0.000 0.000 0.000 0.000 0.000 0.000 0.000 0.000 0.000 0.000 0.000 0.000 0.000 0.000 0.000 0.000 0.000 0.000 0.000 0.000 0.000 0.000 1.363 1.698 2.577 4.112 6.426 9.095 11.295 13.151 14.702 15.769 16.708 18.596 20.389 21.837 23.274 23.516 25.558 26.093 25.527 27.577 30.239 31.274 31.279 31.396 31.604 31.550 31.281 31.155 31.005 30.628 30.354 30.216 29.912 29.578 29.892 30.774 31.044 29.861 28.004 27.817 27.133 25.370 22.747 19.454 15.569
0.000 0.000 0.000 0.000 0.000 0.000 0.000 0.000 0.000 0.000 0.000 0.000 0.000 0.000 0.000 0.000 0.000 0.000 0.000 0.000 0.000 0.000 0.000 0.000 0.000 0.000 0.000 0.000 0.000 0.000 0.000 0.000 0.000 1.614 2.393 3.859 6.072 8.601 10.940 12.767 14.072 15.169 16.750 18.428 19.458 21.079 22.516 26.407 28.229 27.977 25.952 25.945 28.743 29.974 30.309 30.804 31.120 31.124 30.623 30.222 29.952 29.788 29.789 29.598 29.327 29.435 30.106 30.928 30.843 29.558 28.623 28.372 27.493 25.461 22.558 18.891
0.000 0.000 0.000 0.000 0.000 0.000 0.000 0.000 0.000 0.000 0.000 0.000 0.000 0.000 0.000 0.000 0.000 0.000 0.000 0.000 0.000 0.000 0.000 0.000 0.000 0.000 0.000 0.000 0.000 0.000 0.000 0.000 0.000 0.000 1.375 2.101 3.461 5.467 7.891 10.378 12.501 13.966 15.083 16.537 17.945 19.166 22.483 25.931 27.773 28.588 28.521 27.027 26.837 27.469 28.526 29.490 29.955 30.348 30.354 29.723 29.367 29.163 29.026 28.911 28.776 28.942 29.678 30.762 32.170 31.633 29.691 28.684 28.310 27.279 25.092 22.116
0.000 0.000 0.000 0.000 0.000 0.000 0.000 0.000 0.000 0.000 0.000 0.000 0.000 0.000 0.000 0.000 0.000 0.000 0.000 0.000 0.000 0.000 0.000 0.000 0.000 0.000 0.000 0.000 0.000 0.000 0.000 0.000 0.000 0.000 0.000 1.234 1.825 3.039 4.823 7.125 9.775 12.108 13.542 14.474 16.002 17.920 20.547 23.096 25.874 27.320 28.671 28.676 28.116 28.804 29.059 28.027 27.949 28.855 29.399 29.506 29.048 28.984 29.243 29.585 29.693 29.493 30.154 31.981 33.770 33.506 31.667 29.835 29.075 28.316 26.904 24.622
0.000 0.000 0.000 0.000 0.000 0.000 0.000 0.000 0.000 0.000 0.000 0.000 0.000 0.000 0.000 0.000 0.000 0.000 0.000 0.000 0.000 0.000 0.000 0.000 0.000 0.000 0.000 0.000 0.000 0.000 0.000 0.000 0.000 0.000 0.000 0.000 1.160 1.622 2.668 4.219 6.320 8.787 10.818 12.137 13.602 15.733 17.919 19.933 21.531 23.945 26.362 27.565 28.468 30.140 31.231 30.970 30.101 28.503 28.104 28.666 29.167 29.466 29.985 30.522 30.859 30.985 31.323 32.766 33.791 34.110 33.212 31.247 30.175 29.676 28.307 26.059
0.000 0.000 0.000 0.000 0.000 0.000 0.000 0.000 0.000 0.000 0.000 0.000 0.000 0.000 0.000 0.000 0.000 0.000 0.000 0.000 0.000 0.000 0.000 0.000 0.000 0.000 0.000 0.000 0.000 0.000 0.000 0.000 0.000 0.000 0.000 0.000 0.000 1.019 1.447 2.348 3.689 5.449 7.418 9.202 10.735 12.605 14.786 17.148 19.566 22.108 24.261 26.244 28.582 31.111 33.374 34.088 33.844 32.226 30.606 29.990 29.767 29.876 30.172 30.782 31.488 31.895 31.904 32.240 33.010 33.672 33.616 32.350 31.217 30.731 29.654 27.317
0.000 0.000 0.000 0.000 0.000 0.000 0.000 0.000 0.000 0.000 0.000 0.000 0.000 0.000 0.000 0.000 0.000 0.000 0.000 0.000 0.000 0.000 0.000 0.000 0.000 0.000 0.000 0.000 0.000 0.000 0.000 0.000 0.000 0.000 0.000 0.000 0.000 0.000 0.000 1.456 2.148 3.204 4.593 6.564 8.608 11.036 13.775 16.288 18.933 21.499 23.757 26.234 28.979 31.850 34.866 36.035 36.997 36.654 34.564 32.620 31.533 30.469 30.439 30.492 31.079 31.592 31.787 31.601 31.943 32.816 33.213 32.770 31.921 31.386 30.990 29.705
0.000 0.000 0.000 0.000 0.000 0.000 0.000 0.000 0.000 0.000 0.000 0.000 0.000 0.000 0.000 0.000 0.000 0.000 0.000 0.000 0.000 0.000 0.000 0.000 0.000 0.000 0.000 0.000 0.000 0.000 0.000 0.000 0.000 0.000 0.000 0.000 0.000 0.000 0.000 0.000 1.443 2.159 3.576 5.544 7.817 10.302 13.143 15.810 18.743 21.519 23.611 26.157 29.703 32.677 35.451 36.767 38.407 39.424 39.161 36.891 33.935 32.495 31.156 30.709 30.472 31.001 31.357 31.281 31.319 32.344 32.825 33.066 33.130 32.722 32.218 31.261
0.000 0.000 0.000 0.000 0.000 0.000 0.000 0.000 0.000 0.000 0.000 0.000 0.000 0.000 0.000 0.000 0.000 0.000 0.000 0.000 0.000 0.000 0.000 0.000 0.000 0.000 0.000 0.000 0.000 0.000 0.000 0.000 0.000 0.000 0.000 0.000 0.000 0.000 0.000 0.000 1.266 1.745 2.821 4.415 6.627 9.392 12.489 15.549 18.566 21.819 23.896 26.046 29.629 32.675 35.106 36.649 38.238 40.213 41.452 40.522 37.904 35.126 33.579 31.420 30.627 30.643 31.207 31.348 31.267 31.785 32.738 33.863 34.711 34.564 33.691 32.864
0.000 0.000 0.000 0.000 0.000 0.000 0.000 0.000 0.000 0.000 0.000 0.000 0.000 0.000 0.000 0.000 0.000 0.000 0.000 0.000 0.000 0.000 0.000 0.000 0.000 0.000 0.000 0.000 0.000 0.000 0.000 0.000 0.000 0.000 0.000 0.000 0.000 0.000 0.000 0.000 0.000 1.506 2.258 3.410 5.300 8.158 11.576 14.718 17.544 20.935 23.987 26.049 28.613 32.054 35.108 36.720 37.930 39.436 41.059 41.559 40.424 38.900 36.902 34.972 32.396 31.406 31.646 31.768 31.515 31.686 33.449 35.452 36.406 36.383 35.850 35.129
0.000 0.000 0.000 0.000 0.000 0.000 0.000 0.000 0.000 0.000 0.000 0.000 0.000 0.000 0.000 0.000 0.000 0.000 0.000 0.000 0.000 0.000 0.000 0.000 0.000 0.000 0.000 0.000 0.000 0.000 0.000 0.000 0.000 0.000 0.000 0.000 0.000 0.000 0.000 0.000 0.000 1.249 1.786 2.600 4.101 6.881 10.274 13.532 16.104 19.252 23.438 26.233 27.808 30.951 34.692 37.190 38.130 39.262 40.570 41.820 42.146 41.376 40.005 38.301 36.398 33.335 32.363 32.530 32.672 32.475 33.772 36.128 37.635 38.145 38.262 37.623
0.000 0.000 0.000 0.000 0.000 0.000 0.000 0.000 0.000 0.000 0.000 0.000 0.000 0.000 0.000 0.000 0.000 0.000 0.000 0.000 0.000 0.000 0.000 0.000 0.000 0.000 0.000 0.000 0.000 0.000 0.000 0.000 0.000 0.000 0.000 0.000 0.000 0.000 0.000 0.000 0.000 0.000 1.194 1.848 3.110 5.559 8.675 12.005 14.898 17.676 21.398 25.367 27.549 29.973 33.636 36.822 37.918 39.218 40.644 42.169 42.372 42.094 41.596 40.959 39.423 36.656 33.919 32.906 33.352 33.148 33.568 36.058 38.372 39.182 39.467 39.571
0.000 0.000 0.000 0.000 0.000 0.000 0.000 0.000 0.000 0.000 0.000 0.000 0.000 0.000 0.000 0.000 0.000 0.000 0.000 0.000 0.000 0.000 0.000 0.000 0.000 0.000 0.000 0.000 0.000 0.000 0.000 0.000 0.000 0.000 0.000 0.000 0.000 0.000 0.000 0.000 0.000 0.000 0.826 1.339 2.402 4.321 6.913 10.115 13.430 16.096 18.597 22.676 26.582 29.262 32.373 34.984 36.596 37.832 40.277 41.985 42.454 42.173 41.884 41.731 41.232 39.637 37.222 34.905 33.862 34.315 34.631 36.643 39.623 41.134 42.212 43.038
0.000 0.000 0.000 0.000 0.000 0.000 0.000 0.000 0.000 0.000 0.000 0.000 0.000 0.000 0.000 0.000 0.000 0.000 0.000 0.000 0.000 0.000 0.000 0.000 0.000 0.000 0.000 0.000 0.000 0.000 0.000 0.000 0.000 0.000 0.000 0.000 0.000 0.000 0.000 0.000 0.000 0.000 0.000 1.216 2.005 3.339 5.343 8.200 11.595 14.698 16.965 19.816 24.320 27.705 30.511 32.700 34.493 36.235 38.735 40.743 41.941 42.093 41.929 41.668 41.477 41.392 40.102 37.732 35.892 35.592 35.505 36.252 38.361 41.081 43.041 44.874
0.000 0.000 0.000 0.000 0.000 0.000 0.000 0.000 0.000 0.000 0.000 0.000 0.000 0.000 0.000 0.000 0.000 0.000 0.000 0.000 0.000 0.000 0.000 0.000 0.000 0.000 0.000 0.000 0.000 0.000 0.000 0.000 0.000 0.000 0.000 0.000 0.000 0.000 0.000 0.000 0.000 0.000 0.000 1.184 1.742 2.590 4.042 6.408 9.585 12.934 15.670 17.837 21.463 25.288 27.940 30.386 32.457 34.869 36.987 39.369 41.337 41.794 41.575 41.396 41.947 41.588 40.943 39.097 36.731 35.877 35.490 35.384 36.016 38.133 41.090 43.027
