data/RealTopo/Outputs_RealTopo/relWog_null_02RealTopo_faSavageHutterFoamGamma_pft.asc
ncols 490
nrows 555
xllcenter 167455
yllcenter 361955
cellsize 5
NODATA_value -9999
[rows 116 to 144 of 555, columns 134 to 200 of 490]
1.0017e-05 9.99658e-06 1.00004e-05 1.00062e-05 1.00045e-05 1.00044e-05 1.00009e-05 9.99934e-06 1.0001e-05 9.99969e-06 9.99866e-06 9.96666e-06 1.02356e-05 9.59872e-06 2.38659e-05 3.28931e-05 1.10453e-05 8.33191e-06 9.99687e-06 9.99828e-06 9.998e-06 9.99313e-06 9.98764e-06 9.95429e-06 9.99312e-06 1.00201e-05 -0.000103034 -6.86214e-05 -1.05434e-05 1.74864e-05 1.74571e-05 2.27458e-05 2.39121e-05 2.45994e-05 2.45255e-05 2.45027e-05 2.36781e-05 2.13538e-05 1.45397e-05 1.33303e-05 1.30203e-05 1.19322e-05 1.10839e-05 9.08749e-06 9.98675e-06 9.99755e-06 1.00001e-05 9.99977e-06 1.00055e-05 9.98118e-06 9.5781e-06 1.00927e-05 2.11676e-05 2.62092e-05 2.20099e-05 1.41309e-05 1.09598e-05 1.0708e-05 1.00924e-05 9.99465e-06 9.97858e-06 9.98387e-06 9.99285e-06 9.99834e-06 9.99948e-06 9.99958e-06 9.99768e-06
1.0013e-05 9.99345e-06 9.99979e-06 9.99946e-06 9.99945e-06 1.0002e-05 1.00003e-05 1.00007e-05 9.99978e-06 1.00003e-05 9.99955e-06 9.95491e-06 8.74989e-06 4.49046e-05 5.82643e-05 2.00868e-05 1.66329e-05 1.09577e-05 9.81791e-06 9.99669e-06 9.97765e-06 9.95178e-06 9.71155e-06 1.0011e-05 -0.00406141 -0.00249755 0.00235573 0.00389364 0.00449893 0.00348408 0.00140954 0.000392584 6.13041e-05 1.62807e-05 1.29191e-05 1.07943e-05 8.79841e-06 8.85801e-06 9.53464e-06 9.61879e-06 9.67863e-06 9.75888e-06 9.84152e-06 1.00004e-05 1.00061e-05 1.00008e-05 1.00032e-05 9.99922e-06 1.00002e-05 9.99873e-06 9.99943e-06 9.9851e-06 9.54857e-06 1.30341e-05 1.54661e-05 2.655e-05 2.77109e-05 2.20103e-05 1.53962e-05 8.51726e-06 1.04478e-05 1.00557e-05 9.98358e-06 9.98848e-06 9.99261e-06 9.99691e-06 9.99906e-06
9.99404e-06 1.00008e-05 9.9994e-06 9.99856e-06 9.9987e-06 9.99864e-06 9.99995e-06 1.00026e-05 1.00014e-05 9.99982e-06 9.9995e-06 9.9779e-06 6.91957e-06 2.12538e-05 5.1896e-05 5.71274e-06 8.12075e-06 9.78974e-06 9.98698e-06 9.94549e-06 9.94337e-06 5.04411e-06 4.19766e-05 -0.010313 0.0215074 0.0751611 0.121618 0.14269 0.117952 0.0776408 0.0395587 0.0139684 0.00323572 0.000510389 5.87682e-05 1.0206e-05 9.93514e-06 1.00013e-05 1.00117e-05 1.00027e-05 9.9997e-06 9.99989e-06 1.00002e-05 1.00119e-05 1.00124e-05 1.0004e-05 1.00045e-05 1.00011e-05 9.9996e-06 1.00001e-05 1.00003e-05 9.99973e-06 9.99781e-06 9.60338e-06 9.1594e-06 8.60781e-06 1.48482e-05 1.22521e-05 2.57313e-05 4.21511e-05 2.91801e-05 1.68373e-05 9.00304e-06 1.0378e-05 1.00086e-05 9.94769e-06 9.97062e-06
9.98491e-06 9.98481e-06 9.99992e-06 1.00001e-05 1e-05 1.00004e-05 1.00021e-05 1.00009e-05 1.00031e-05 9.99959e-06 1e-05 9.99503e-06 1.00094e-05 1.01061e-05 1.01474e-05 1.0015e-05 9.98081e-06 9.97736e-06 9.97826e-06 -8.98386e-07 1.37361e-05 -0.0311138 0.00817257 0.14509 0.402802 0.609835 0.663052 0.667563 0.588775 0.477837 0.339008 0.180657 0.0618583 0.0148524 0.0029843 0.000243397 1.17743e-05 9.99735e-06 1.00639e-05 1.00068e-05 1.00032e-05 1.00012e-05 1.00005e-05 9.99828e-06 9.99893e-06 1.00071e-05 1.00054e-05 1.00012e-05 1.00004e-05 1.00007e-05 9.99888e-06 1.00006e-05 1.00008e-05 1.00008e-05 1.00001e-05 9.99958e-06 9.99999e-06 9.99257e-06 9.44183e-06 8.87619e-06 1.57969e-05 2.71286e-05 3.94118e-05 2.74465e-05 1.59851e-05 9.9509e-06 7.52957e-06
1.00911e-05 1.00304e-05 1.00211e-05 1.00036e-05 1.00008e-05 9.99934e-06 9.99736e-06 9.98301e-06 9.98254e-06 9.99384e-06 9.99887e-06 1e-05 1.00008e-05 1.00021e-05 1.00011e-05 9.98843e-06 9.94614e-06 9.99492e-06 -1.28968e-05 8.63838e-05 -0.0267082 0.0817098 0.478355 0.924874 1.17231 1.08079 1.05712 1.01769 0.935858 0.8716 0.770772 0.567965 0.367605 0.191257 0.0622721 0.00733353 -0.000101784 8.51473e-06 1.00039e-05 1.00543e-05 9.99513e-06 9.99923e-06 1.00002e-05 9.99772e-06 1e-05 9.99808e-06 1.00052e-05 1.0001e-05 9.99955e-06 9.99987e-06 9.99838e-06 1.00004e-05 1.00049e-05 1.00029e-05 1.00009e-05 1.00017e-05 1.00004e-05 1.00001e-05 9.99933e-06 9.98163e-06 9.76377e-06 9.36801e-06 8.73442e-06 1.70213e-05 2.7877e-05 3.44353e-05 1.94609e-05
9.99301e-06 1.00735e-05 1.0089e-05 1.00578e-05 1.00336e-05 9.78147e-06 8.71346e-06 7.77688e-06 7.71809e-06 9.00329e-06 9.83499e-06 9.98927e-06 9.99451e-06 9.97057e-06 9.97863e-06 1.00053e-05 8.52572e-06 1.30141e-05 0.00029196 0.00560503 0.227982 0.868209 1.53371 1.47451 1.44145 1.61134 1.66629 1.55696 1.42022 1.32838 1.18145 0.93042 0.724178 0.576778 0.372278 0.131214 0.00396586 -0.000680074 5.50924e-06 9.98945e-06 9.99928e-06 1.00015e-05 1.00063e-05 1.00216e-05 1.0004e-05 9.99832e-06 9.9986e-06 9.99865e-06 9.99996e-06 9.99998e-06 1.00001e-05 1.00009e-05 1.00002e-05 9.99996e-06 9.9999e-06 1.00002e-05 9.99979e-06 9.99996e-06 9.99977e-06 9.99991e-06 1.00009e-05 1.00007e-05 9.99315e-06 9.68752e-06 9.36863e-06 1.09847e-05 2.36641e-05
1.00236e-05 9.99988e-06 9.99074e-06 9.99016e-06 9.98941e-06 1.02441e-05 1.31944e-05 2.2124e-05 2.47446e-05 1.99537e-05 1.04283e-05 9.80126e-06 9.99768e-06 9.99897e-06 9.46591e-06 9.13895e-06 1.51947e-05 -0.025805 0.0500348 0.390284 1.25982 1.84962 1.74087 1.89726 2.0917 2.16131 2.15604 2.02069 1.90984 1.8439 1.68778 1.39834 1.11553 0.97047 0.786692 0.540168 0.124566 -0.00623273 -0.000263869 7.82802e-06 1.00176e-05 9.99492e-06 9.99865e-06 9.99451e-06 9.99452e-06 9.99817e-06 9.99992e-06 1.00001e-05 1.00058e-05 1.00037e-05 1.00015e-05 1e-05 9.99987e-06 9.99999e-06 9.99989e-06 9.9998e-06 9.99998e-06 9.99999e-06 9.99996e-06 9.99998e-06 1.00001e-05 1.00021e-05 1.00019e-05 1.00029e-05 1.00017e-05 9.99483e-06 9.2341e-06
1.04733e-05 1.00175e-05 1.00638e-05 1.02469e-05 1.16717e-05 2.10455e-05 3.27251e-05 2.29734e-05 7.57814e-06 5.23247e-06 8.8174e-06 1.01656e-05 9.98491e-06 9.96429e-06 1.11529e-05 3.60195e-05 -0.00764769 0.0595694 0.559564 1.4026 1.98667 2.03464 2.21942 2.34813 2.46191 2.53772 2.56811 2.51477 2.38059 2.23734 2.11078 2.04598 1.76489 1.36645 1.07132 0.822144 0.47898 0.038992 -0.00515435 -9.37404e-05 9.62313e-06 9.99783e-06 1.00009e-05 1.00004e-05 1e-05 1.00139e-05 1.00094e-05 1.00005e-05 1.00002e-05 1.00002e-05 1.00015e-05 9.9894e-06 9.99122e-06 9.98826e-06 9.9936e-06 9.99539e-06 9.99589e-06 9.99644e-06 9.99736e-06 9.99899e-06 9.99971e-06 9.99973e-06 9.99978e-06 9.99983e-06 9.99937e-06 9.99934e-06 1.00002e-05
1.00422e-05 1.09918e-05 1.10875e-05 1.23603e-05 1.52153e-05 1.52001e-05 1.10671e-05 6.45009e-06 9.78616e-06 9.85525e-06 1.05917e-05 1.14383e-05 1.05586e-05 -0.000756903 -0.00653593 0.0124641 0.134541 0.572923 1.35252 1.7403 2.11353 2.45212 2.61893 2.7822 2.87032 2.92855 2.97031 2.98726 2.96273 2.82554 2.51136 2.24437 2.06954 1.55714 1.13216 0.791467 0.553878 0.172501 -0.00417478 -0.000782196 4.39237e-05 3.97518e-05 -5.04411e-06 8.55993e-06 9.97515e-06 9.93789e-06 9.99193e-06 1.01604e-05 1.0367e-05 1.02692e-05 1.03958e-05 1.05436e-05 1.0512e-05 1.05027e-05 1.04372e-05 1.04084e-05 1.02339e-05 1.00416e-05 9.98989e-06 9.99272e-06 9.99515e-06 9.99494e-06 9.99592e-06 9.99878e-06 9.99996e-06 1.00001e-05 1.00016e-05
9.98641e-06 9.93423e-06 9.94651e-06 9.88841e-06 9.62129e-06 9.44819e-06 9.50832e-06 9.94353e-06 9.97681e-06 1.01316e-05 9.49365e-06 2.19202e-05 3.41157e-05 0.00153245 0.0311873 0.218125 0.608147 1.10596 1.39967 1.99388 2.5325 2.78129 3.03857 3.1558 3.26362 3.4106 3.50846 3.62787 3.41143 2.9454 2.46742 1.96856 1.8118 1.66114 1.55867 1.24904 0.852501 0.402607 0.0442153 -0.0166868 -0.0149287 -0.000896208 -4.88526e-05 0.000211201 0.000251121 2.92031e-05 2.03936e-05 2.11547e-05 2.12538e-05 2.0753e-05 2.20634e-05 2.30848e-05 2.22563e-05 2.21628e-05 2.08695e-05 1.98486e-05 1.52459e-05 1.17393e-05 1.08279e-05 1.07205e-05 1.05288e-05 1.02966e-05 1.00327e-05 9.96639e-06 9.98775e-06 9.99819e-06 9.99981e-06
1.25968e-05 9.8669e-06 9.99784e-06 9.99377e-06 9.97754e-06 9.95948e-06 9.96365e-06 1.0052e-05 1.0564e-05 1.22837e-05 2.76371e-05 5.41433e-05 0.0020585 0.0415422 0.25581 0.660702 1.00499 1.32206 1.8231 2.39682 2.76451 3.14584 3.3358 3.62844 3.84766 4.07681 4.1248 3.9051 3.57188 2.95231 2.66558 2.64459 2.49065 2.34194 1.94808 1.49154 0.937077 0.239434 0.199854 0.262125 0.36185 0.149765 0.0439488 0.00813412 0.00386841 -0.000228552 -4.80024e-06 1.66484e-05 1.52531e-05 1.46312e-05 1.46562e-05 1.41777e-05 1.39688e-05 1.44373e-05 1.4915e-05 1.62417e-05 2.01205e-05 2.29195e-05 2.17056e-05 2.09479e-05 3.23191e-05 3.03272e-05 2.09553e-05 1.23329e-05 6.08559e-06 1.01415e-05 9.93382e-06
1.25244e-05 9.86926e-06 9.98031e-06 9.96935e-06 9.96508e-06 9.982e-06 1.01684e-05 9.88357e-06 1.88052e-05 3.12716e-05 3.33833e-05 0.0010805 0.0329634 0.232345 0.622111 0.984841 1.36065 1.80914 2.17722 2.55195 2.99824 3.42057 3.81104 4.3473 4.47891 4.31971 4.15206 4.04885 3.90991 3.80712 3.6745 3.50899 3.29135 2.94669 2.43735 1.56869 1.22099 1.6912 2.15527 1.58199 1.50898 0.905995 0.285575 0.0122138 -0.00625753 -0.000641629 9.80485e-06 1.00907e-05 1.02651e-05 1.03856e-05 1.04542e-05 1.04646e-05 1.04501e-05 1.05248e-05 1.054e-05 1.04462e-05 1.02165e-05 1.06182e-05 1.29651e-05 1.1197e-05 1.02082e-05 9.75929e-06 1.80485e-05 2.83633e-05 3.51507e-05 2.50132e-05 1.18095e-05
9.91206e-06 9.94534e-06 9.97891e-06 9.99236e-06 1.00165e-05 1.0536e-05 1.48116e-05 2.97868e-05 3.48896e-05 2.15526e-05 0.000335721 0.0179239 0.180645 0.565029 0.952393 1.36544 1.80981 2.24764 2.50876 2.68501 3.17684 3.85463 4.4256 4.64307 4.3625 4.2555 4.42497 4.82067 4.86563 4.66999 4.64963 4.3471 4.01057 4.56865 4.07743 3.31857 3.78138 3.70865 3.33269 2.62719 1.72453 1.06513 0.340201 0.0705329 -0.0069254 -0.000389722 1.60406e-05 2.13545e-05 2.30801e-05 2.47888e-05 2.61366e-05 2.59485e-05 2.45506e-05 2.51223e-05 2.70599e-05 2.64372e-05 2.47196e-05 2.33569e-05 2.03359e-05 1.81605e-05 1.45505e-05 1.2861e-05 1.11242e-05 9.58629e-06 1.06635e-05 1.88075e-05 2.92241e-05
1.01635e-05 1.00558e-05 9.99215e-06 1.01451e-05 1.03211e-05 2.1624e-05 3.50562e-05 2.81031e-05 3.25502e-06 5.15455e-05 0.0060774 0.105726 0.470235 0.863595 1.23111 1.77326 2.25543 2.53507 2.79766 3.16681 3.715 4.1387 4.21214 4.39433 4.6411 5.21487 5.588 5.80753 5.97284 5.99338 6.07186 6.77832 6.46596 6.905 6.19153 4.75012 4.73288 3.9283 3.33852 2.54618 1.76168 0.843203 0.306404 0.114185 -0.00333856 -0.00159827 -6.90922e-06 9.52959e-06 9.26732e-06 9.66239e-06 1.05376e-05 1.17725e-05 1.23989e-05 1.18772e-05 1.16338e-05 1.16896e-05 1.25073e-05 1.5211e-05 1.78065e-05 1.74236e-05 1.65504e-05 1.80501e-05 2.65256e-05 2.0036e-05 1.29035e-05 1.04364e-05 1.09421e-05
1.90252e-05 1.48798e-05 1.11176e-05 1.5601e-05 2.79635e-05 3.24168e-05 1.74592e-05 6.43289e-06 1.17094e-05 0.00108702 0.0390224 0.31045 0.766144 1.12539 1.62733 2.23781 2.5013 2.77479 3.22099 3.69593 3.76665 3.58989 3.94497 4.67139 5.75002 6.27978 6.73518 7.61847 7.80429 8.5819 8.79005 9.40901 9.01319 7.53164 5.83163 5.13097 4.90266 3.84467 2.79544 2.12447 1.58694 0.522214 -0.00279713 -0.0138407 -0.00232312 -2.8176e-05 1.35159e-05 1.41154e-05 1.17277e-05 1.10999e-05 1.08324e-05 1.04585e-05 1.03222e-05 1.01834e-05 9.93261e-06 9.81236e-06 9.75644e-06 9.60192e-06 9.5586e-06 9.92124e-06 1.01984e-05 1.02467e-05 1.12024e-05 1.49808e-05 3.66634e-05 3.37314e-05 2.80972e-05
5.30044e-05 3.64031e-05 2.94771e-05 2.60349e-05 2.16898e-05 4.81602e-06 9.35136e-06 1.0029e-05 9.75779e-05 0.00832021 0.141567 0.596286 1.01759 1.47951 2.01416 2.40455 2.53275 2.97232 3.38193 3.53069 3.37824 3.39486 4.33232 5.58143 6.56013 7.98281 8.8743 10.2503 10.5149 11.7366 11.137 9.85701 8.22923 6.72006 5.75493 5.09644 4.15659 3.45432 2.39034 1.33221 0.619742 0.39118 0.213142 0.0249175 -0.0025453 -3.68128e-05 1.98318e-05 9.71708e-06 1.74446e-05 1.85179e-05 1.68733e-05 1.70911e-05 1.63186e-05 1.57856e-05 1.50383e-05 1.44299e-05 1.43783e-05 1.37205e-05 1.15349e-05 1.17276e-05 1.26282e-05 1.57721e-05 1.37671e-05 1.09193e-05 1.0157e-05 1.00215e-05 1.08361e-05
1.02208e-05 8.56802e-06 9.32388e-06 9.2453e-06 9.32523e-06 9.99567e-06 1.00024e-05 1.17946e-05 0.000743415 0.030097 0.309972 0.867372 1.25406 1.832 2.26337 2.61879 2.96673 3.19339 3.32695 3.33127 3.54789 4.11567 4.67412 5.64732 7.23971 9.50566 11.0962 13.1593 12.6814 11.8683 10.6422 9.08983 7.74427 6.30337 5.46953 4.58043 3.24622 2.11486 1.85289 1.64623 1.0059 0.354274 0.0200014 0.000878484 4.99869e-05 2.02355e-05 2.26941e-05 2.63612e-05 1.67982e-05 1.23805e-05 1.20693e-05 1.23373e-05 1.22389e-05 1.18346e-05 1.23605e-05 1.32641e-05 1.38999e-05 1.59171e-05 1.56943e-05 1.3564e-05 1.4098e-05 1.02466e-05 1.10861e-05 1.18493e-05 1.40276e-05 1.39962e-05 1.20132e-05
9.73688e-06 9.99968e-06 9.9959e-06 1.00006e-05 1.00035e-05 1.00019e-05 1.0004e-05 4.25082e-05 0.0031221 0.0737856 0.495345 1.05933 1.53039 2.1143 2.52731 2.94272 3.04385 3.1462 3.26256 3.76851 4.37933 4.95787 5.78571 5.90431 7.35679 10.9788 14.0446 13.4821 13.1153 11.8878 10.4027 8.94236 7.25261 6.09761 4.56357 3.48131 3.29734 2.77418 2.37952 1.2815 0.691938 0.145166 0.00963244 -0.00178374 1.43728e-05 1.0901e-05 1.04505e-05 9.86623e-06 9.98432e-06 1.00835e-05 1.00606e-05 1.0026e-05 1.00097e-05 9.99936e-06 1.00054e-05 9.41754e-06 9.88816e-06 1.03172e-05 1.09506e-05 1.23305e-05 1.38525e-05 1.40564e-05 1.28576e-05 1.57978e-05 1.33553e-05 3.4132e-06 9.48816e-06
1.00048e-05 1.00013e-05 1.00016e-05 1.00037e-05 1.00011e-05 9.99927e-06 1.00603e-05 0.00015006 0.0105502 0.180582 0.734741 1.2127 1.75339 2.07492 2.34716 2.63852 2.8791 3.17561 3.78153 4.4683 5.43403 6.74038 6.69148 7.86419 9.55966 11.8865 12.9953 13.2624 12.3641 11.3039 9.503 8.1104 6.52528 5.00583 3.98272 3.76891 3.92059 2.82043 1.95191 0.779661 0.16585 -0.00576949 -0.00258053 -2.06345e-05 1.0033e-05 1.00065e-05 9.9997e-06 9.99979e-06 1.00025e-05 1.00002e-05 9.99736e-06 9.99911e-06 9.99855e-06 9.99835e-06 9.99834e-06 1.00001e-05 9.99925e-06 9.99864e-06 1.00062e-05 1.00087e-05 1.00014e-05 9.25301e-06 1.04925e-05 1.53885e-05 2.48587e-05 2.65677e-05 6.57747e-06
1e-05 1.00025e-05 1.00009e-05 9.99916e-06 9.99874e-06 9.99948e-06 1.04275e-05 0.000538615 0.0248999 0.268202 0.690333 1.07396 1.56286 1.85115 2.21339 2.42609 3.08145 3.73713 4.34548 5.51665 6.87412 7.40315 9.37019 10.8045 9.55685 10.467 12.3234 11.8908 11.7714 10.6049 8.57111 6.62419 5.97877 5.38371 4.83653 4.19001 3.24502 1.66419 0.29019 -0.0496901 0.000739624 0.000134053 1.07828e-05 9.9898e-06 9.99929e-06 9.99139e-06 9.9987e-06 9.9995e-06 1.00009e-05 1.00012e-05 1.00011e-05 1.00007e-05 1e-05 1.00004e-05 1.00005e-05 1.00004e-05 1.00007e-05 1.00012e-05 1.00016e-05 9.99849e-06 9.99773e-06 9.99734e-06 1.00097e-05 8.66826e-06 1.08032e-05 2.21063e-05 1.74215e-05
1.00002e-05 1.00017e-05 9.99834e-06 9.99919e-06 9.99966e-06 1.00082e-05 2.8577e-05 0.00324054 0.0759735 0.400227 0.715339 1.09532 1.57076 1.98146 2.34007 2.84078 3.55381 4.33819 5.40962 6.66096 7.61028 10.0655 11.3693 10.0437 9.64205 10.8212 11.6533 12.2948 11.1915 9.70294 8.68612 7.53634 6.3602 5.92168 4.68669 2.90751 0.912977 0.127056 0.0148062 8.35255e-05 -3.44094e-05 1.00308e-05 1.00005e-05 1.00049e-05 1.00036e-05 1.00014e-05 1.00001e-05 1.00011e-05 1.00006e-05 1.00003e-05 9.99983e-06 1e-05 9.99983e-06 1.00001e-05 1.00001e-05 1.00002e-05 1.00002e-05 9.99995e-06 1.00001e-05 9.99856e-06 9.99813e-06 9.99666e-06 9.99139e-06 9.96681e-06 9.52835e-06 1.96322e-05 1.72989e-05
9.99999e-06 9.99942e-06 9.99846e-06 1.00023e-05 1.00041e-05 1.01306e-05 0.000247197 0.0139125 0.192808 0.593105 0.8204 1.18586 1.63698 1.95981 2.53814 3.24722 3.9531 4.95637 6.35063 7.29054 10.2592 11.435 10.2416 9.70036 9.18146 11.1957 11.8383 11.43 10.5828 10.1719 8.0752 7.10703 5.93159 4.54595 2.67459 1.12275 0.281594 -0.00815074 -0.00421069 -2.54394e-06 9.83049e-06 1.00052e-05 1.00022e-05 1.00011e-05 1.00001e-05 1e-05 9.99991e-06 1e-05 1e-05 9.99997e-06 9.99982e-06 9.99984e-06 9.99969e-06 1e-05 9.99992e-06 1.00001e-05 9.99968e-06 9.99954e-06 9.99981e-06 9.9998e-06 9.99992e-06 1e-05 9.99642e-06 9.88304e-06 8.88351e-06 2.45417e-05 1.73544e-05
9.99978e-06 9.99856e-06 1.00052e-05 1.00142e-05 1.00187e-05 1.07931e-05 0.000651985 0.025491 0.264342 0.70364 0.947107 1.24521 1.62518 2.12427 2.84581 3.45954 4.27969 5.74134 6.59389 9.75642 11.1488 10.0751 9.68998 8.93809 10.0843 10.4281 11.0819 11.1668 11.8006 9.6805 8.23649 6.16656 4.36642 2.88362 2.57672 1.46497 0.473275 0.0900774 -0.00644663 -0.000570252 9.77045e-06 1.00003e-05 1e-05 9.99994e-06 9.99998e-06 1e-05 9.99997e-06 1e-05 1e-05 1e-05 9.99994e-06 9.99997e-06 9.99994e-06 1e-05 9.99997e-06 9.99993e-06 9.99993e-06 1e-05 1e-05 1e-05 1.00001e-05 9.99998e-06 9.99974e-06 9.87298e-06 9.146e-06 2.47542e-05 1.61735e-05
9.99985e-06 9.997e-06 1.0017e-05 1.00232e-05 1.00059e-05 1.19796e-05 0.000883381 0.0291376 0.265831 0.697719 1.05352 1.21967 1.62308 2.36697 3.10995 3.64315 4.86909 5.99273 8.72251 10.4903 9.35219 9.59495 9.12233 9.10369 9.78184 9.27108 10.251 10.9894 10.3795 9.81462 8.59823 6.58845 4.85171 3.46624 3.31553 2.02164 0.990079 0.344437 0.000652766 -0.00284181 -1.18754e-05 9.99137e-06 1e-05 9.99999e-06 9.99999e-06 1e-05 1.00007e-05 1.00009e-05 9.9999e-06 9.99994e-06 9.99999e-06 1e-05 9.9999e-06 1e-05 1e-05 9.99992e-06 1e-05 1e-05 1e-05 1.00002e-05 1.00011e-05 9.99964e-06 1e-05 9.86966e-06 8.68217e-06 1.993e-05 2.25167e-05
9.99968e-06 1.00025e-05 1.00169e-05 1.00054e-05 1.00051e-05 1.19352e-05 0.000824576 0.0265799 0.256151 0.700414 1.13775 1.11306 1.79317 2.56254 3.19343 4.00362 5.49143 7.69572 9.89687 8.61409 8.64087 8.96983 8.87691 8.54644 8.47962 9.0774 8.81507 9.86139 10.2186 9.62065 9.71633 7.84465 7.14316 5.53001 4.87452 2.93744 1.45367 0.338362 0.0367567 -0.00498298 -6.07189e-05 9.46267e-06 9.99997e-06 1e-05 1.00001e-05 9.99999e-06 9.99997e-06 9.99988e-06 1e-05 1e-05 1e-05 1e-05 9.9999e-06 1e-05 1.00003e-05 1e-05 1.00003e-05 1e-05 1.00002e-05 1.00004e-05 1.00006e-05 9.99956e-06 9.99996e-06 9.8989e-06 1.05819e-05 2.90809e-05 1.43516e-05
9.9989e-06 1.0014e-05 1.00138e-05 9.99937e-06 1.0001e-05 1.04578e-05 0.000515333 0.0194709 0.235682 0.704637 1.06884 1.14756 2.01131 2.87739 3.63132 4.82293 7.01665 9.06617 8.43539 7.86185 8.21648 8.37821 8.04878 7.99658 8.53739 8.66346 8.43058 9.37081 10.0255 9.18885 9.41058 8.61847 7.39646 7.02125 6.52799 5.09828 2.13282 0.747554 0.138854 0.00130074 -0.000135369 1.78095e-05 9.99647e-06 1.00013e-05 1.00008e-05 9.99991e-06 1.00002e-05 9.99997e-06 1.00001e-05 1.00008e-05 9.99988e-06 1.00001e-05 1e-05 1e-05 1.00004e-05 1.00002e-05 1.00012e-05 1.00008e-05 1.00007e-05 1.00004e-05 1.00003e-05 9.99956e-06 9.99994e-06 9.91723e-06 1.11827e-05 2.46602e-05 1.12369e-05
9.99684e-06 1.00039e-05 1.00128e-05 9.99787e-06 1.00001e-05 1.02419e-05 0.000192651 0.0115015 0.18852 0.681445 0.750488 1.23781 2.19704 2.98306 4.01526 6.3517 8.27494 9.05058 7.67435 7.35118 7.58401 7.53086 7.48266 8.14359 8.18288 8.483 8.56058 8.60644 9.69322 9.00005 9.08471 9.00752 8.35965 7.66042 6.73091 6.44178 4.31753 1.93034 0.617816 0.139571 0.00805809 6.45545e-05 1.24405e-05 9.99945e-06 9.99979e-06 1.00001e-05 1.00009e-05 1.00005e-05 9.99995e-06 9.99994e-06 9.99984e-06 1.00004e-05 1.00008e-05 9.99994e-06 9.99998e-06 9.99997e-06 1.00002e-05 9.99983e-06 1e-05 1.00003e-05 1.00001e-05 9.99975e-06 9.9999e-06 9.93677e-06 1.11311e-05 2.31113e-05 1.15402e-05
9.99845e-06 1.00014e-05 1.00068e-05 1.00032e-05 1.00007e-05 1.00356e-05 4.72387e-05 0.00438351 0.0860986 0.397188 0.567666 1.39456 2.46493 3.49869 5.05776 8.24757 9.16977 8.02857 7.22176 7.09557 6.92573 6.68661 7.3939 7.64254 8.01803 8.30923 8.1964 8.04087 9.24743 9.46069 9.18372 8.76067 8.60086 8.72954 7.04243 7.05976 6.25557 3.35325 1.44827 0.640139 0.184783 0.00943862 0.000407381 1.8087e-05 1.00547e-05 1.00945e-05 1.00023e-05 1.00013e-05 9.99982e-06 1e-05 9.99972e-06 1e-05 1.00008e-05 1e-05 1.00001e-05 9.99998e-06 9.99997e-06 9.99999e-06 9.99997e-06 1e-05 1e-05 9.99987e-06 9.99992e-06 9.95515e-06 1.06653e-05 1.81453e-05 1.29321e-05
9.99948e-06 1.00602e-05 9.99812e-06 1.00184e-05 1.00105e-05 1.00059e-05 1.57818e-05 0.00108991 0.0230461 0.151564 0.564421 1.46252 2.91705 3.96323 7.68129 8.95125 8.1605 7.34188 6.92339 6.24591 5.79434 6.39501 6.61877 7.17218 7.73706 8.27521 8.01084 8.36406 8.33203 9.28039 9.70867 8.71759 8.22104 7.6995 7.29151 6.57768 6.03866 4.11469 1.70948 1.66195 0.809399 0.191263 0.0211288 0.000662306 -6.19636e-06 3.91733e-05 1.23895e-05 1.00015e-05 9.99962e-06 1e-05 1e-05 1.00001e-05 1e-05 1.0001e-05 1.0001e-05 9.99998e-06 1.00003e-05 1.00007e-05 9.99982e-06 9.99998e-06 1e-05 9.99996e-06 9.99996e-06 9.97718e-06 1.01331e-05 1.2281e-05 1.68748e-05
