data/RealTopo/Outputs_RealTopo/relWog_null_02RealTopo_faSavageHutterFoamGamma_pfv.asc
ncols 490
nrows 555
xllcenter 167455
yllcenter 361955
cellsize 5
NODATA_value -9999
[rows 248 to 278 of 555, columns 210 to 279 of 490]
33.3633 35.2248 35.046 34.9796 35.7482 37.8877 39.2871 40.1821 40.5012 39.4287 39.7299 41.2471 40.8501 40.6964 40.4537 42.6852 42.5805 40.0685 39.0553 35.8454 31.8413 33.4189 27.3883 22.5401 15.2441 8.99324 9.42853 9.9651 10.6894 10.9488 10.9382 10.034 8.334 7.88703 7.36196 5.64777 3.301 1.5046 0.94709 1.54794 2.20003 3.10914 3.94454 4.56512 6.04118 8.7198 11.8537 14.2432 15.8382 16.6362 16.4399 16.5108 16.7459 16.4044 13.3391 9.55272 5.35637 1.57686 0.694063 0.829189 0.409495 0.138816 0.092424 0.0778174 0.0769798 0.0790494 0.079566 0.0547094 0.0445133 0.0444472
29.3606 33.9742 34.872 35.6832 35.1029 36.3766 38.0129 39.1595 40.3197 40.2015 39.1433 41.3825 40.7017 42.1265 39.0552 40.5521 39.4018 39.2039 38.3544 34.3629 34.1881 33.3171 27.6747 21.7426 10.9887 9.66689 9.61205 9.87128 9.96881 10.5536 10.7271 10.279 8.96182 8.34896 8.11436 7.33598 4.88237 2.4997 0.97174 0.92966 1.46804 2.27915 2.95205 3.67593 4.41508 5.34318 7.93366 11.3116 14.0654 15.2975 16.028 16.7352 17.2439 17.3964 16.0514 12.5595 8.69789 5.42522 2.61369 1.17736 0.947691 0.586213 0.406487 0.144811 0.0656637 0.0797214 0.0753947 0.0585968 0.0500785 0.0444364
24.3551 30.1152 34.5328 34.5849 35.6229 35.5515 36.7002 38.6044 39.3936 39.3232 40.835 41.1274 40.9255 41.9638 42.7346 42.0322 40.4675 46.8043 28.5879 38.0732 35.009 33.6247 28.8091 21.408 11.259 11.5889 10.4221 10.0402 10.178 10.6995 10.8964 10.7331 10.2658 9.29679 8.5997 7.91932 6.57045 3.9373 1.91652 0.717694 0.747374 1.18175 2.07751 2.77686 3.18952 3.58505 4.35361 6.51353 10.605 12.827 14.9384 16.6525 17.4413 17.6144 16.5782 14.7899 12.4898 10.9513 6.51015 2.257 1.03938 0.905105 0.797352 0.56515 0.324855 0.15165 0.080151 0.0645765 0.0534274 0.0420772
22.4864 26.118 32.1296 33.3194 35.483 35.3509 36.0448 37.4461 38.3089 40.0623 41.2485 41.8304 43.8136 43.4281 42.0241 41.2443 39.3335 38.172 38.4089 37.3908 35.2338 33.1179 29.4237 23.442 13.6158 12.7946 12.0181 11.1388 10.6912 10.7282 11.0029 10.916 10.6597 9.69189 8.6711 8.32663 7.55537 5.73519 3.35969 1.24855 0.556224 0.529658 0.926871 1.71089 2.40412 2.84139 3.17692 3.80238 5.00785 8.45078 12.7911 15.7647 17.0247 16.8895 16.1043 16.3925 16.2467 14.086 10.2104 5.05625 1.4632 1.044 0.937261 0.924277 0.753901 0.455285 0.20723 0.102853 0.0412636 0.0351756
21.4809 24.4698 30.0439 33.882 34.7811 35.78 35.6562 36.5282 37.9606 39.4529 41.1315 42.5536 43.0746 42.394 41.3769 40.1275 39.2967 37.1145 36.5052 35.7087 34.4576 33.1962 29.857 25.6037 14.3436 12.8706 12.9312 12.3987 11.4972 10.8133 10.8071 10.8876 10.6102 9.82078 9.07133 9.32311 8.7281 7.72688 4.71013 2.34487 1.13324 0.521479 0.48782 0.761913 1.22103 1.88852 2.33918 2.75222 3.10377 5.40408 8.99085 12.6397 14.8585 16.0476 16.4937 17.5923 17.3769 15.7535 12.8327 8.76186 4.04908 1.23023 1.12625 1.00164 0.930502 0.682551 0.489874 0.259247 0.0755557 0.0312545
20.7375 23.0083 26.5597 31.9486 34.3145 35.7613 35.6341 36.0657 36.9793 37.9746 39.2858 41.1271 41.9155 42.5985 41.4992 40.4955 39.7149 36.5564 30.6425 39.8405 34.0702 32.9391 29.1593 25.7144 18.2751 12.8834 12.9422 13.0002 12.1186 11.6157 11.1444 10.9735 11.2002 10.9827 11.0878 10.4347 9.92583 9.27997 7.37146 4.26844 2.37252 1.09852 0.498839 0.432675 0.522232 0.752184 1.10144 1.65182 2.17606 3.48657 5.50139 7.81169 10.9581 14.3844 16.9545 17.6857 17.5307 16.3816 14.4794 11.9165 7.82645 2.94536 1.13105 1.11031 0.908514 0.767839 0.729206 0.622793 0.199095 0.00694847
19.2985 22.4378 25.2147 29.2314 33.2749 34.5958 35.935 35.6238 36.5763 37.2689 38.4855 40.0862 40.5245 41.5106 41.5288 40.0036 38.2437 39.2959 31.1985 32.5296 29.854 26.1916 27.6001 26.3497 20.0811 15.369 12.4368 12.6065 12.6378 12.4252 11.7018 11.5637 11.8942 12.1629 11.8465 11.3014 11.0447 10.5487 9.33671 6.74998 3.96718 2.08296 1.05811 0.52437 0.410678 0.354734 0.454869 0.786071 1.12316 1.86808 2.55604 3.78348 6.96738 11.872 15.5958 16.8699 17.035 16.3361 15.1938 13.7861 11.4401 6.1932 2.45793 1.21322 1.00727 0.893988 0.935963 0.776381 0.334169 0.2364
16.1817 21.0972 23.8485 27.068 31.3973 34.4924 35.8303 36.1741 36.1643 37.2118 37.7091 38.6843 40.1903 41.1223 40.4727 39.7166 37.6454 39.2435 39.0018 38.4793 34.7876 33.6697 32.4736 27.7191 22.244 16.5962 10.7991 12.1452 12.7612 12.8735 13.1748 12.9479 12.7242 12.8992 13.1915 12.6958 12.1647 11.4711 10.682 8.79146 5.82286 3.68297 2.05925 1.06499 0.580586 0.417822 0.294594 0.398489 0.654917 0.709378 0.852106 1.88463 3.94324 6.90519 11.3947 14.6708 15.7573 15.7769 15.4144 14.9429 13.8215 10.4522 5.60498 1.50197 1.34392 1.26832 1.14246 0.920862 0.621818 0.554136
14.0653 18.9254 22.8525 25.3339 28.8603 32.513 34.1378 36.1118 36.0582 36.1821 36.7733 37.3937 38.8331 40.1301 40.6772 40.5772 38.5741 38.057 36.6396 35.358 36.2715 34.1589 32.2636 28.5926 23.8198 18.5187 11.8143 12.093 12.8736 13.908 14.4779 14.4732 14.4504 14.5013 14.5786 14.3116 13.4648 12.5444 11.8076 10.4216 8.42062 5.7189 3.65806 2.04624 1.03976 0.607677 0.40078 0.20947 0.218189 0.247106 0.540481 0.874883 1.55699 2.98468 5.79639 9.99016 13.7006 14.9711 15.3047 15.2656 14.9154 13.678 9.36204 4.18131 1.81687 1.80463 1.51177 1.25922 1.14215 0.998116
10.9565 16.7133 21.3724 24.5422 27.1184 30.8942 33.504 34.7325 35.9926 36.003 36.4632 37.1636 37.7319 38.6672 39.416 39.8114 38.894 37.7935 39.1238 35.2608 38.7189 33.2989 33.3807 31.1681 26.6096 21.5286 15.1494 13.4586 14.0605 14.8637 15.38 15.8802 16.3186 16.2688 15.6875 15.8035 15.0071 14.4182 13.5461 12.5801 11.1038 8.5185 5.89186 3.72002 1.99329 0.981099 0.563118 0.0793164 0.00258472 0.0990955 0.222806 0.411144 0.685464 1.19607 2.11553 4.69744 9.0118 12.7142 14.5284 15.2249 15.3814 14.9314 13.0807 8.52154 4.13752 2.2657 1.98163 1.7044 1.48152 1.34235
6.62234 14.332 19.1427 23.3565 26.0111 28.507 32.1226 34.1794 35.1501 35.9141 36.2492 36.5666 37.1836 37.8798 38.9761 39.7968 37.9585 36.1317 39.2682 39.8387 39.0082 32.6707 34.8915 32.9194 29.7593 25.4385 19.1328 16.3883 16.2282 16.3691 16.5677 17.081 17.5447 17.5811 17.4056 17.0881 17.1469 16.538 15.5987 14.5005 12.8161 10.1796 7.7732 5.8369 3.78268 1.76354 0.526208 0.324049 0.107829 0.129464 0.133963 0.199288 0.347682 0.708315 1.17581 1.96368 3.646 7.43371 12.3833 14.7259 15.3288 15.3757 14.8094 12.649 6.99336 3.33681 2.6041 2.18049 1.83226 1.66062
2.78772 9.60171 17.3472 21.5053 24.6694 26.7863 29.5186 32.7383 34.5005 35.7506 36.4331 36.6646 36.4209 36.4556 36.9972 38.2433 39.2 38.8467 39.4428 36.5392 35.1706 33.063 34.785 33.6273 31.0534 28.3891 23.8751 21.5021 20.3744 19.0174 18.248 18.2773 18.2057 18.989 19.0817 18.8455 18.7912 18.4604 17.3167 16.0106 14.4602 11.8651 9.03292 6.97182 4.95291 3.44759 2.04806 0.948523 0.295394 0.134534 0.107441 0.113439 0.157451 0.341424 0.741494 1.12313 1.6421 3.51451 8.07638 13.258 15.2128 15.4709 15.4672 14.7139 11.5467 6.8508 3.62799 2.78872 2.48355 2.0352
0.885134 4.9852 12.6416 19.5007 22.9962 25.8261 28.0533 30.7129 33.6126 35.4669 35.8561 35.944 36.1757 36.1992 36.1163 37.8581 38.6675 38.486 37.8384 39.7463 39.7294 36.8939 34.3385 31.2099 31.4633 31.8311 28.4984 25.0724 24.199 22.7658 20.9328 19.88 19.8753 19.9571 20.4394 20.7046 20.314 19.7595 18.8724 17.6323 16.3146 13.9086 9.65019 7.68607 6.77187 5.84416 3.70348 1.12599 0.310117 0.141665 0.108606 0.101113 0.102163 0.147388 0.486787 0.805311 0.884091 1.59133 3.63961 7.90839 13.1782 15.2289 15.6382 15.4079 14.3368 10.58 6.66325 4.19089 3.19219 2.60854
0.257823 1.61123 6.87568 15.3168 21.4873 24.4377 27.0056 29.0107 31.5931 33.9598 35.1693 35.7327 36.0109 36.1628 36.0264 36.2589 37.5682 37.9618 37.7312 39.2176 39.631 38.0487 32.1164 33.796 35.0089 35.1071 32.54 27.1887 26.844 26.1288 24.4111 23.2603 22.1251 21.4581 21.7354 21.9538 21.6267 21.0002 20.3776 19.4166 18.116 16.0258 12.464 9.18107 8.498 6.86452 4.67243 2.02187 0.644694 0.220827 0.131637 0.107145 0.103505 0.120688 0.385065 0.682552 0.72764 1.03568 1.96982 4.15911 8.28053 13.4196 15.1551 15.5791 15.2499 13.7602 10.8943 8.54474 4.80511 3.73034
0.0932532 0.242719 2.44109 9.0919 17.6568 22.9421 25.7423 27.8733 29.6086 31.9247 34.0614 34.9924 35.5001 35.6365 35.5152 35.1091 35.7978 36.7796 36.9157 36.9174 37.968 39.0279 38.1842 36.9198 37.7363 36.4647 33.7021 28.7627 28.547 28.1456 28.0538 26.5429 24.8583 23.7202 23.1972 23.1512 23.0298 22.4169 21.7342 20.9809 19.944 18.4428 16.1059 11.9455 9.18228 7.76509 6.04302 4.03977 1.19442 0.412257 0.178891 0.116941 0.107172 0.109767 0.257781 0.57296 0.715372 0.936835 1.22859 2.48894 3.88116 8.82881 13.737 15.2571 15.451 15.2414 13.6729 11.8105 9.88206 5.69537
0.0868592 0.102104 0.486662 3.56194 11.1472 19.75 24.4301 26.6469 28.5687 30.1828 32.3246 33.9201 34.6669 35.233 35.1319 34.9553 35.4992 36.3702 37.1354 37.2169 38.3523 39.1256 39.8542 37.8155 36.3062 35.133 33.4401 30.3119 29.7705 29.8462 29.6472 28.8561 27.6643 26.5891 25.0507 24.5149 24.1508 23.7037 22.7464 22.7887 22.5768 21.4372 19.4642 15.6047 10.2771 8.99631 7.94828 5.97453 2.53698 0.80346 0.31078 0.149188 0.106908 0.109409 0.166069 0.468443 0.782611 0.928661 1.11105 1.81596 3.11129 4.52673 9.78532 14.1121 15.5082 15.7177 15.3142 13.9717 13.0363 10.2878
0.0887267 0.0945026 0.12932 0.89565 4.97318 12.9571 21.3712 25.293 27.4293 29.2077 30.6579 32.1801 34.0205 34.4895 34.7417 35.0521 35.0804 35.7438 36.4347 37.5275 37.8776 38.4194 39.1689 38.1563 38.2887 37.9942 36.0787 32.9741 30.8242 30.7355 30.4012 29.9335 29.6862 28.954 27.5594 26.2504 25.4469 24.8402 24.4345 25.2797 24.7095 23.4751 21.7502 18.8073 13.9337 10.1961 9.2165 7.56321 4.47522 1.60627 0.525524 0.20965 0.125787 0.105121 0.121517 0.4625 0.751992 0.878591 1.07611 1.52005 2.88437 3.63856 5.50622 11.6537 15.0786 15.9891 16.2412 15.5808 14.3548 13.3312
0.094951 0.0941245 0.0945016 0.168269 1.27524 6.12756 14.2812 22.4728 25.9135 28.0482 29.551 30.792 32.0555 33.7037 34.4234 34.645 34.9202 35.2764 36.0453 37.2863 37.979 37.9113 36.2812 37.3975 38.8846 37.9939 37.0337 33.6704 31.7791 31.3951 31.0044 30.8744 30.3576 29.8339 29.3789 28.8582 27.3827 26.2612 26.8721 26.8514 25.7414 24.6708 23.4029 21.6373 18.1737 12.7832 9.87491 8.55892 6.35771 3.16343 1.07668 0.368858 0.199419 0.102697 0.0939686 0.291605 0.692749 0.812024 0.969939 1.32392 2.43265 3.19755 3.61027 6.8886 13.6598 16.1374 16.7437 16.6724 15.588 14.5031
0.0989518 0.0932312 0.0943735 0.0936772 0.236608 1.7087 7.14231 15.324 23.2939 26.5394 28.2503 29.5496 31.4538 32.9692 34.0109 34.5575 34.7769 34.9819 35.3726 36.1833 37.1206 37.2203 37.1027 39.1444 38.7404 36.4871 36.3252 33.7225 32.842 32.3523 31.8837 31.7214 30.8903 30.205 30.2604 30.6046 29.9398 28.0356 28.8898 28.0674 26.9483 25.8319 24.8436 23.6775 21.7128 17.3749 11.3252 9.49143 7.54599 5.02111 2.35473 0.742224 0.357557 0.15883 0.0820578 0.15702 0.521319 0.745096 0.868237 1.24242 1.98393 3.04127 3.69267 4.72997 10.0713 15.6229 16.9191 17.1773 16.635 15.2787
0.117176 0.0974828 0.0980858 0.100923 0.108905 0.296223 1.98007 7.72308 15.8329 24.2346 27.1895 29.1112 30.6798 31.4985 32.6967 33.9886 34.982 35.0688 34.7235 34.9617 36.2368 37.3513 38.4906 39.5209 38.2082 35.7288 30.929 34.6262 32.5899 33.2933 32.7197 32.3388 31.7258 30.8635 31.041 31.2816 31.0181 30.6067 31.0609 29.6117 28.3674 27.4332 26.4884 25.3979 23.8784 21.3698 15.9403 10.1721 8.63308 6.76858 4.31561 1.74919 0.669927 0.285217 0.131992 0.0982494 0.289978 0.629659 0.810347 1.02668 1.55563 2.73414 3.79208 4.61876 5.8715 13.101 16.9636 17.4287 17.1707 16.079
0.121466 0.105208 0.100599 0.102476 0.101065 0.102927 0.328889 2.14609 8.02782 16.6682 24.598 27.6944 29.2305 30.3471 31.3436 32.4598 33.4738 33.6325 34.7067 34.1619 35.9667 37.432 38.5633 38.8485 36.8037 35.1596 37.5902 37.7107 34.7226 33.6063 33.0532 32.8938 32.3876 32.0113 31.9804 31.4768 30.6763 32.3751 32.4146 31.2564 30.0419 28.8401 28.0216 26.7889 25.5048 24.1746 20.6985 15.4119 9.65824 7.68525 5.52091 3.63202 1.3763 0.602485 0.291124 0.123802 0.168202 0.444419 0.630381 0.853818 1.34427 2.50537 3.69649 4.46506 5.31449 8.12084 15.6587 17.2811 17.3077 16.7123
0.105337 0.109231 0.0956984 0.0937187 0.0923559 0.0929291 0.0945165 0.318996 2.19213 8.12663 16.3208 24.6262 28.3177 29.2981 30.1012 31.3195 32.7642 33.7224 34.2227 34.6983 35.7098 36.616 36.6823 35.4187 34.3672 35.3215 37.4823 36.9013 36.4888 33.7837 33.7887 33.2483 32.742 32.4888 32.3788 32.7115 30.1672 32.7967 33.3772 32.2862 31.3047 30.3928 29.4894 28.4693 27.0864 25.8444 24.1718 20.6008 14.3869 9.29678 6.96381 4.86763 3.03182 1.30731 0.574489 0.255919 0.126363 0.271882 0.550868 0.797669 1.10831 1.77071 3.24567 4.41363 5.2112 6.00463 11.8849 16.5593 17.3127 17.0951
0.100522 0.10619 0.104975 0.0925043 0.0876898 0.0880513 0.0880309 0.103028 0.364645 2.12567 7.34555 15.3841 23.8989 27.6516 29.2339 30.7411 32.0093 32.9154 33.2707 33.8877 34.9235 35.8227 36.4587 35.5732 36.2662 36.5519 37.4254 35.5177 35.5165 33.3444 34.3956 33.9331 33.3251 33.1545 32.6943 32.2299 30.1225 33.0444 33.8365 33.1201 32.5216 31.8248 30.9644 29.7726 28.6009 27.4967 26.422 24.5268 20.8631 14.5722 9.01729 6.19969 4.37617 2.43196 0.981574 0.456023 0.176909 0.19737 0.5316 0.626514 0.880286 1.26576 2.3248 3.95456 5.03761 5.54728 6.68936 14.4803 16.69 16.9958
0.103368 0.103652 0.100723 0.0961671 0.085903 0.0803591 0.0853707 0.0867532 0.0968981 0.256898 1.7024 6.6932 14.452 22.5656 27.4311 29.4757 30.4054 31.9599 33.717 32.8143 34.512 34.8494 35.3844 36.3393 36.4106 36.5973 37.3791 35.2364 34.04 35.4522 34.6321 34.1875 33.6038 33.8739 33.5277 33.5876 31.6344 34.2976 34.1425 33.0059 32.5677 32.5484 31.6805 30.8294 30.1539 29.2587 28.2757 27.5258 25.1678 21.308 14.6615 8.69575 5.63068 3.43177 1.69408 0.632044 0.354803 0.192729 0.455867 0.621162 0.760258 1.10386 1.446 2.60641 4.49463 5.53868 5.85736 10.2097 15.3516 16.4788
0.100866 0.0944781 0.0883579 0.0830508 0.081686 0.0785812 0.084296 0.08859 0.0915138 0.0990636 0.29135 1.45001 5.58243 12.7248 20.5223 25.8598 28.5169 29.7775 30.7347 32.1451 33.4961 34.4514 35.0041 36.0288 37.1997 37.5637 36.5163 35.6659 35.4196 36.8131 35.685 34.5124 33.5416 34.2406 33.9271 33.056 32.6942 34.8946 34.6127 33.1659 32.5829 32.5434 32.3926 31.4467 31.1047 30.7456 30.1224 28.9316 27.6331 25.3998 21.2604 14.6655 8.72228 4.76189 2.51053 0.968605 0.587907 0.307264 0.454833 0.605665 0.695994 0.852658 1.22509 1.71772 3.22343 4.90613 5.47485 5.73196 12.6352 15.8775
0.0878658 0.0807929 0.0730318 0.0789167 0.0815197 0.0862268 0.0868038 0.088031 0.0810344 0.0619516 0.0790678 0.314086 1.76412 6.49396 12.9728 20.1316 26.4775 30.3365 32.5436 33.5981 33.6619 34.2752 36.5315 37.219 37.6435 37.5953 36.1801 35.7734 37.0893 35.7422 37.3962 34.7559 34.2265 34.1809 34.0578 33.2322 34.1797 35.5 34.5524 34.1751 33.3474 32.9474 33.0107 32.1894 31.8522 31.457 31.0587 29.8986 29.0589 27.6298 25.7568 21.7183 14.7959 8.5642 3.5214 1.51204 0.815891 0.585832 0.476417 0.533452 0.690189 0.76588 0.98648 1.33769 1.81038 3.45162 4.72072 5.34017 8.63451 14.4357
0.0822919 0.0679511 0.0693293 0.0785957 0.0782592 0.081314 0.0794492 0.0670766 0.0758395 0.0891102 0.0895056 0.0971312 0.338911 1.7496 6.781 14.2193 21.9604 26.8114 29.7847 32.393 33.7858 34.3618 35.9617 36.1764 35.3976 36.203 36.3524 37.261 36.7083 36.8468 36.5694 35.0559 34.9829 34.2794 33.852 33.582 35.7528 36.1286 35.4939 34.8268 34.0936 33.644 33.522 32.6544 32.0986 31.5021 31.3603 30.8645 30.2601 29.2781 27.7828 26.2243 21.9859 14.7429 8.14137 3.21864 1.01258 0.824372 0.480747 0.539926 0.662072 0.766598 0.837719 1.01142 1.31546 1.62926 3.46615 4.79945 5.72142 11.6649
0.0614666 0.0544457 0.0633642 0.0713257 0.0710534 0.0754659 0.0891899 0.0916704 0.0863341 0.0865314 0.0923051 0.0876502 0.0896796 0.40734 2.16786 6.99292 14.4225 21.6536 26.3764 29.9569 33.0727 34.9696 34.5592 35.3052 34.5446 36.0797 37.5666 37.7255 36.6857 33.2434 36.2855 34.7923 35.821 35.5481 33.9873 34.398 36.795 36.7513 36.0267 35.1548 34.1717 33.7947 33.7387 32.9038 32.0312 31.405 31.6501 31.7817 31.3103 30.035 29.1282 28.7535 26.3315 22.2592 14.7597 7.6655 2.87856 1.00804 0.738009 0.48992 0.608 0.694454 0.782692 0.856447 1.01627 1.29793 1.86888 3.63696 5.48114 7.05073
0.0605746 0.069309 0.075177 0.0859462 0.0941844 0.0933126 0.0909303 0.0850912 0.08412 0.0919312 0.0923457 0.0798385 0.0837447 0.0926783 0.418109 2.4628 7.5095 13.8006 21.3652 27.2279 31.0522 33.871 34.8505 35.237 37.3754 37.8311 37.6957 37.6242 36.5165 36.7579 36.7232 36.103 34.944 35.9726 35.4415 35.3328 37.148 36.2306 36.1525 35.7937 35.1918 34.8235 34.1456 33.6167 32.8374 32.2427 32.4537 32.7134 32.0231 30.9527 30.5954 30.1706 28.6943 26.6839 22.0503 14.7692 8.18206 1.64195 1.13587 0.72981 0.510451 0.619678 0.766723 0.836057 0.955731 1.13682 1.48338 2.59633 4.74346 5.84264
0.0836471 0.0915704 0.0897575 0.0909811 0.0932148 0.0911157 0.0826366 0.0791709 0.0844839 0.0886443 0.0805968 0.0762955 0.0822011 0.078881 0.108547 0.678365 3.48616 8.81926 14.806 21.6625 28.0767 31.6506 34.0762 36.8651 37.2254 37.5169 38.024 36.9526 35.2904 34.6484 37.1142 35.4574 34.9548 35.5351 34.8153 36.2987 36.2168 36.2193 35.6343 35.8344 35.4127 35.6866 34.8983 34.7169 33.9381 33.0732 33.0939 32.8619 32.2105 31.9732 31.9214 31.0127 30.0163 28.9705 26.9724 22.5232 14.5729 6.59508 2.43103 1.23297 0.655106 0.609244 0.74847 0.919623 0.924358 1.04604 1.3576 2.09537 3.61868 5.32327
0.086289 0.0870428 0.0826849 0.0884341 0.0868411 0.0867691 0.0895575 0.090241 0.0879176 0.0839846 0.0786912 0.0790312 0.081444 0.0759086 0.0706801 0.10912 0.443501 2.59916 8.44631 15.7552 22.974 30.155 32.9813 36.2791 34.479 37.0881 37.3992 35.3973 35.687 35.2575 33.1534 35.8259 36.004 34.59 34.4595 37.0835 36.2958 35.8078 35.8732 36.4105 36.0003 35.9564 35.5179 36.3128 35.7978 34.4099 33.9162 32.8423 32.6397 32.6106 32.4803 31.6997 31.0349 30.3158 29.3554 27.622 22.8718 14.4198 7.58824 4.26882 1.6565 0.672668 0.667472 0.798251 0.927709 1.06926 1.26172 1.7596 2.67252 4.72817
