data/RealTopo/Outputs_RealTopo/relWog_02RealTopo_null_TRENT2D_pfv.asc
ncols 490
nrows 555
cellsize  5.000
xllcenter   167455.00
yllcenter   361955.00
NODATA_value nan
[rows 195 to 233 of 555, columns 178 to 266 of 490]
30.336 29.973 29.177 28.400 27.929 27.409 27.140 28.413 25.689 24.203 24.361 24.143 23.258 22.826 22.543 20.902 15.336 5.237 1.086 nan nan nan nan nan nan nan nan nan nan nan nan nan nan nan nan nan nan nan nan nan 0.182 0.429 0.575 0.539 0.459 0.284 0.097 nan nan nan nan nan nan nan 0.086 nan 1.282 1.337 0.292 0.230 0.104 nan nan nan nan nan nan nan nan nan nan nan nan nan nan nan nan nan nan nan nan nan nan nan nan nan nan nan nan
30.768 30.534 30.287 29.873 28.159 28.069 27.335 28.394 27.296 26.191 25.303 24.731 23.118 24.357 23.952 22.982 19.929 12.538 7.017 1.265 1.585 nan nan nan nan nan nan nan nan nan nan nan nan nan nan nan nan nan nan nan 0.113 0.242 0.491 0.562 0.555 0.421 0.236 0.103 nan nan nan nan nan nan nan nan 1.075 1.377 0.393 0.271 0.137 nan nan nan nan nan nan nan nan nan nan nan nan nan nan nan nan nan nan nan nan nan nan nan nan nan nan nan nan
31.291 31.106 30.759 30.876 29.561 27.879 27.618 27.547 29.349 27.415 27.148 26.603 26.528 28.032 24.924 24.812 22.939 18.349 14.497 2.822 5.374 1.836 0.509 0.188 0.092 nan nan nan nan nan nan nan nan nan nan nan nan nan nan nan nan 0.146 0.285 0.497 0.595 0.569 0.328 0.220 0.080 nan nan nan nan nan nan nan 0.604 1.463 0.721 0.290 0.194 0.080 nan nan nan nan nan nan nan nan nan nan nan nan nan nan nan nan nan nan nan nan nan nan nan nan nan nan nan
31.196 31.360 31.366 31.265 30.868 28.758 28.365 27.582 28.337 27.484 28.610 28.564 28.251 31.316 27.547 25.586 24.916 22.489 19.632 15.348 13.356 8.025 3.666 1.039 0.351 0.141 0.162 nan nan nan nan nan nan nan nan nan nan nan nan nan nan nan 0.141 0.282 0.504 0.601 0.562 0.339 0.224 0.074 nan nan nan nan nan nan nan 1.676 1.186 0.450 0.205 nan nan nan nan nan nan nan nan nan nan nan nan nan nan nan nan nan nan nan nan nan nan nan nan nan nan nan nan
31.473 31.209 31.491 31.601 31.249 30.363 29.148 28.324 27.120 27.378 27.561 29.128 29.098 30.633 31.659 26.838 26.812 25.384 23.625 21.735 18.742 14.644 10.396 5.981 2.352 0.734 0.320 0.130 0.159 nan nan nan nan nan nan nan nan nan nan nan nan nan nan 0.102 0.241 0.534 0.495 0.549 0.338 0.212 nan nan nan nan nan nan nan 1.548 1.589 0.844 0.341 nan nan nan nan nan nan nan nan nan nan nan nan nan nan nan nan nan nan nan nan nan nan nan nan nan nan nan nan
31.056 31.006 31.424 31.599 31.638 31.721 29.987 28.771 27.567 27.696 26.865 28.607 29.852 30.548 32.852 30.461 28.252 27.170 25.802 24.295 22.511 20.041 17.100 13.247 8.731 3.740 1.499 0.617 0.242 0.100 nan nan nan nan nan nan nan nan nan nan nan nan nan nan 0.099 0.265 0.586 0.579 0.585 0.273 0.133 nan nan nan nan nan 0.119 1.164 1.505 1.409 0.550 nan nan nan nan nan nan nan nan nan nan nan nan nan nan nan nan nan nan nan nan nan nan nan nan nan nan nan nan
30.286 30.706 31.017 31.490 32.027 31.803 31.360 28.874 28.501 27.937 27.213 28.363 30.587 30.936 32.604 35.247 28.254 28.649 27.795 26.909 26.157 25.387 23.087 19.717 16.358 10.953 5.735 2.598 0.903 0.283 0.104 nan nan nan nan nan nan nan nan nan nan nan nan nan nan 0.106 0.273 0.547 0.565 0.523 0.211 0.065 nan nan nan nan 0.180 0.484 1.322 1.470 0.980 nan nan nan nan nan nan nan nan nan nan nan nan nan nan nan nan nan nan nan nan nan nan nan nan nan nan nan nan
29.464 30.077 30.577 31.282 31.771 31.924 31.759 29.896 28.914 28.360 28.029 27.950 30.241 30.889 35.281 35.998 30.866 29.898 29.087 28.997 28.593 27.595 26.872 25.017 22.309 18.165 13.153 8.189 3.154 0.925 0.305 0.110 nan nan nan nan nan nan nan nan nan nan nan nan nan nan 0.052 0.241 0.513 0.431 0.459 0.179 0.057 nan nan nan nan nan nan 1.357 1.107 0.137 nan nan nan nan nan nan nan nan nan nan nan nan nan nan nan nan nan nan nan nan nan nan nan nan nan nan nan
28.661 29.656 29.888 30.239 31.134 31.046 31.223 30.790 29.010 28.694 28.520 28.288 30.392 31.358 34.729 34.960 34.395 29.802 30.244 29.606 29.880 29.181 28.456 27.980 26.930 25.369 20.763 15.636 10.271 4.115 1.153 0.332 0.118 nan nan nan nan nan nan nan nan nan nan nan nan nan nan nan 0.252 0.554 0.526 0.356 0.152 0.077 0.072 nan nan nan nan 1.050 1.289 0.252 nan nan nan nan nan nan nan nan nan nan nan nan nan nan nan nan nan nan nan nan nan nan nan nan nan nan nan
26.688 28.241 28.934 29.549 30.267 30.671 30.966 30.962 29.951 28.857 28.595 28.625 31.061 31.706 33.310 35.044 36.847 31.236 30.863 30.266 30.842 30.298 29.628 32.135 32.610 29.846 25.864 22.040 17.434 11.041 5.857 1.293 0.363 nan nan nan nan nan nan nan nan nan nan nan nan nan nan nan nan nan 0.338 0.505 0.326 0.090 0.163 0.087 nan nan nan 0.672 1.443 0.418 nan nan nan nan nan nan nan nan nan nan nan nan nan nan nan nan nan nan nan nan nan nan nan nan nan nan nan
25.554 26.499 27.562 28.523 29.279 29.815 30.170 30.396 30.699 28.919 28.704 28.564 30.677 32.056 31.780 36.330 39.899 33.223 31.438 31.317 31.397 31.099 32.732 37.075 35.220 32.440 29.317 26.161 23.319 18.613 14.113 6.251 1.380 0.214 nan nan nan nan nan nan nan nan nan nan nan nan nan nan nan nan nan 0.289 0.495 0.558 0.379 0.205 nan nan nan nan 1.464 0.551 nan nan nan nan nan nan 0.086 nan nan nan nan nan nan nan nan nan nan nan nan nan nan nan nan nan nan nan nan
23.224 24.322 25.089 26.416 27.612 28.694 29.361 29.867 30.337 28.755 28.562 28.603 29.705 31.287 31.884 34.587 39.893 35.586 31.219 31.994 31.869 33.027 35.372 39.161 37.344 32.699 29.944 27.663 26.318 24.056 19.871 13.630 6.586 1.187 0.132 nan nan nan nan nan nan nan nan nan nan nan nan nan nan nan 0.436 0.556 0.687 0.917 0.845 0.523 nan nan nan nan 1.434 0.429 nan nan nan nan nan 0.138 0.189 0.133 nan nan nan nan nan nan nan nan nan nan nan nan nan nan nan nan nan nan nan
19.043 20.917 22.240 23.382 24.452 26.012 27.773 28.996 29.278 29.017 28.364 28.549 29.109 30.804 31.901 33.157 40.521 38.732 32.660 31.992 32.346 33.352 38.186 39.857 37.000 32.188 30.688 29.278 28.156 26.330 23.849 20.256 14.274 6.293 0.941 nan nan nan nan nan nan nan nan nan nan nan nan nan nan 0.121 0.223 0.361 0.625 0.870 0.931 0.939 0.823 nan nan nan 1.421 0.810 0.135 nan nan nan 0.135 0.208 0.224 0.197 0.115 nan nan nan nan nan nan nan nan nan nan nan nan nan nan nan nan nan nan
15.621 19.074 21.060 22.134 22.697 22.857 23.766 26.043 27.871 28.403 28.626 27.825 28.291 30.842 31.851 31.753 35.754 38.949 36.607 31.577 32.756 33.962 38.274 39.105 34.677 31.980 30.951 30.120 29.159 28.552 27.187 24.252 20.521 13.698 5.678 0.102 nan nan nan nan nan nan nan nan nan nan nan nan nan nan nan nan 0.175 0.237 0.373 0.769 0.804 0.569 nan nan 1.016 0.929 0.243 0.113 nan 0.164 0.208 0.230 0.261 0.268 0.203 nan nan nan nan nan nan nan nan nan nan nan nan nan nan nan nan nan nan
10.148 15.075 19.000 20.253 21.796 22.265 22.379 22.725 24.501 26.647 27.585 27.207 27.950 29.951 30.947 31.694 33.278 37.913 37.966 33.926 32.660 33.401 36.950 37.153 33.083 32.002 31.547 30.998 30.186 30.491 29.250 26.874 24.668 20.563 13.251 0.296 0.366 nan nan nan nan nan nan nan nan nan nan nan nan nan nan nan nan nan 0.096 0.255 0.487 0.919 nan nan 1.002 1.067 0.389 0.203 0.082 0.197 0.236 0.205 0.228 0.248 0.197 0.130 nan nan nan nan nan nan nan nan nan nan nan nan nan nan nan nan nan
4.564 10.700 15.114 17.941 20.055 20.701 22.008 22.348 22.928 24.073 24.856 26.102 27.322 27.918 29.844 31.614 31.738 33.697 40.701 37.366 33.130 33.674 36.464 34.476 32.904 32.549 32.446 32.057 31.599 31.313 31.532 29.288 26.960 24.161 19.297 10.781 3.323 nan nan nan nan nan nan nan nan nan nan nan nan nan nan nan nan nan 0.156 0.234 0.275 0.408 0.533 0.616 1.071 1.407 0.673 0.340 nan 0.180 0.109 nan 0.273 0.250 0.240 0.198 nan nan nan nan nan nan nan nan nan nan nan nan nan nan nan nan nan
1.276 4.594 10.052 14.723 17.937 19.261 20.418 21.253 21.812 22.936 23.830 25.021 25.063 26.996 27.978 30.462 31.804 31.961 36.203 38.589 35.577 36.125 35.323 34.482 33.483 33.182 32.929 33.325 33.408 32.163 32.424 30.682 28.531 26.494 23.977 18.570 10.739 nan nan nan nan nan nan nan nan nan nan nan nan nan nan nan nan nan 0.255 0.271 0.392 0.334 0.423 0.672 1.147 1.343 0.981 0.665 nan nan nan nan 0.395 0.281 0.279 0.212 nan nan nan nan nan nan nan nan nan nan nan nan nan nan nan nan nan
0.391 1.384 5.405 11.099 14.920 17.246 18.463 19.870 20.395 22.361 23.288 24.005 24.340 24.900 26.161 28.148 31.097 32.031 32.826 36.871 36.793 35.324 33.567 33.189 33.451 33.838 34.070 33.572 33.746 34.047 34.674 32.339 29.661 28.005 26.805 23.147 18.142 nan nan nan nan nan nan nan nan nan nan nan nan nan nan nan nan nan 0.210 0.278 0.370 0.255 0.365 0.404 0.766 1.267 1.161 1.012 nan nan 0.832 0.836 0.533 0.295 0.248 0.162 nan nan nan nan nan nan nan nan nan nan nan nan nan nan nan nan nan
0.112 0.443 1.829 6.392 11.639 14.572 16.819 18.305 19.324 21.010 22.812 23.315 23.870 23.406 24.653 25.633 29.273 31.612 32.281 33.599 36.734 34.867 33.146 33.129 34.728 34.331 35.175 34.749 34.387 34.360 34.179 31.841 30.920 30.362 27.923 26.003 21.531 14.289 nan nan nan nan nan nan nan nan nan nan nan nan nan nan nan 0.016 0.133 0.233 0.255 0.248 0.330 0.451 0.776 1.232 1.280 0.333 0.116 1.314 1.257 0.995 0.691 0.436 0.300 0.238 0.133 nan nan nan nan nan nan nan nan nan nan nan nan nan nan nan nan
0.098 0.122 0.483 2.405 7.934 12.219 14.727 16.359 17.526 18.980 20.894 22.409 22.953 23.466 23.409 23.693 26.535 30.302 32.114 32.504 35.668 35.542 36.436 37.360 37.859 37.301 37.362 35.247 35.102 35.069 34.002 33.197 32.792 30.720 29.541 27.662 24.667 19.540 13.774 6.877 nan nan nan nan nan nan nan nan nan nan nan nan nan nan nan nan 0.082 0.187 0.267 0.403 0.442 0.771 0.862 nan 1.289 1.334 1.109 1.096 0.859 0.638 0.412 0.223 0.189 nan nan nan nan nan nan nan nan nan nan nan nan nan nan nan nan
nan nan 0.096 0.349 2.021 7.047 11.533 14.005 15.194 16.563 18.539 20.691 22.178 22.819 23.096 23.801 24.923 29.683 32.073 32.332 33.079 35.137 38.091 39.506 38.511 37.759 36.183 34.629 33.882 34.500 34.582 34.637 33.099 31.373 29.764 28.514 26.327 22.831 18.677 13.006 4.227 nan nan nan nan nan nan nan nan nan nan nan nan nan nan nan nan nan nan nan 0.315 0.506 0.485 1.028 1.239 1.241 1.172 1.225 1.015 0.886 0.700 0.383 0.156 0.146 nan nan nan nan nan nan nan nan nan nan nan nan nan nan nan
nan nan nan nan 0.300 1.918 6.570 11.194 12.790 14.336 15.930 18.697 20.256 21.444 22.203 22.559 23.763 27.578 29.125 31.639 32.070 33.801 36.346 39.158 38.872 37.947 36.389 35.247 34.098 33.470 34.519 33.734 33.276 32.225 30.611 29.159 28.024 25.569 21.948 17.455 11.411 nan nan nan nan nan nan nan nan nan nan nan nan nan nan nan nan nan nan nan 0.481 0.582 0.677 0.941 0.912 1.022 1.153 1.193 1.088 1.250 0.943 0.543 0.230 0.144 nan nan nan nan nan nan nan nan nan nan nan nan nan nan nan
nan nan nan nan nan nan nan nan 10.542 12.025 13.723 16.435 18.454 20.267 21.097 21.712 22.573 24.509 25.672 28.976 31.020 33.305 34.299 39.624 38.894 37.685 35.951 34.534 34.016 34.165 34.485 33.711 33.200 32.475 30.999 30.264 29.868 27.223 24.151 20.861 15.638 11.438 nan nan nan nan nan nan nan nan nan nan nan nan nan nan nan nan nan 0.482 0.488 0.521 0.504 0.651 0.783 0.895 1.040 1.022 1.309 1.330 0.973 0.673 0.385 0.233 0.073 nan nan nan nan nan nan nan nan nan nan nan nan nan nan
nan nan nan nan nan nan nan nan 7.576 10.446 12.208 14.128 16.168 18.049 20.235 20.877 20.993 21.943 23.444 27.417 29.610 31.216 32.026 38.940 36.345 36.582 36.003 34.492 33.795 33.722 33.770 33.795 32.641 32.775 32.078 31.816 29.869 28.556 26.877 24.118 20.754 15.681 10.351 5.486 nan nan nan nan nan nan nan nan nan nan nan nan nan nan nan 0.593 0.426 0.518 0.564 0.620 0.837 0.861 0.971 1.149 1.232 1.240 1.067 0.974 0.599 0.279 0.144 nan nan nan nan nan nan nan nan nan nan nan nan nan nan
nan nan nan nan nan nan nan nan nan 8.782 10.941 12.279 14.252 16.306 18.704 19.339 20.394 20.614 21.337 24.755 28.507 29.326 32.379 35.815 36.776 35.537 34.931 34.093 33.966 33.915 33.491 31.862 31.209 31.925 33.345 33.224 30.604 29.528 28.163 26.317 23.518 19.313 15.006 10.884 nan nan nan nan nan nan nan nan nan nan nan nan nan nan nan 0.648 0.612 0.559 0.670 0.756 0.717 0.818 0.965 1.109 1.093 1.174 1.112 1.196 0.850 0.392 0.245 nan nan nan nan nan nan nan nan nan nan nan nan nan nan
nan nan nan nan nan nan nan nan nan nan 7.950 10.142 12.467 14.459 16.867 18.678 19.492 19.357 20.399 22.001 25.248 28.222 29.827 31.408 35.463 32.823 33.084 33.357 33.016 33.510 32.961 31.164 31.468 33.366 37.164 33.765 30.895 29.702 28.457 27.711 25.283 21.291 17.730 14.112 9.150 2.396 nan nan nan nan nan nan nan nan nan nan 0.981 0.635 0.654 1.023 0.921 0.829 0.831 0.843 0.832 0.864 0.777 0.913 0.959 1.078 1.095 1.294 0.938 0.628 0.332 nan nan nan nan nan nan nan nan nan nan nan nan nan nan
nan nan nan nan nan nan nan nan nan nan 4.002 8.346 10.382 12.718 15.037 17.449 18.276 18.983 19.766 20.227 22.627 25.261 27.523 30.602 33.037 32.079 32.953 33.302 34.058 34.333 33.226 32.328 32.804 33.940 36.221 32.443 30.638 29.835 29.260 27.949 26.307 23.052 19.608 16.775 13.491 7.384 nan nan nan nan nan nan nan nan nan nan 0.877 0.900 0.888 1.025 1.042 0.980 0.966 0.946 0.914 1.027 0.731 0.857 0.787 0.949 1.102 1.311 1.286 0.825 0.435 0.148 0.082 nan nan nan nan nan nan nan nan nan nan nan nan
nan nan nan nan nan nan nan nan nan nan nan 4.567 8.879 11.162 13.467 15.973 17.380 18.175 18.663 19.448 20.440 22.339 25.584 26.855 29.367 32.860 31.718 32.709 33.693 33.652 34.403 34.109 34.635 34.399 33.094 31.921 31.218 30.119 29.241 28.263 26.962 24.623 21.578 19.374 16.588 11.562 3.587 0.049 nan nan nan nan nan nan nan nan 0.432 0.458 0.520 0.570 0.633 0.677 0.719 0.768 0.842 0.926 0.956 0.950 1.019 0.878 1.030 1.234 1.310 0.835 0.667 0.232 0.171 nan nan nan nan nan nan nan nan nan nan nan nan
nan nan nan nan nan nan nan nan nan nan nan nan nan nan nan 11.309 15.670 16.894 17.792 18.595 19.380 20.814 24.716 26.980 26.146 29.364 34.016 31.302 31.931 32.429 33.493 33.473 34.010 33.179 32.072 32.537 31.569 30.760 29.911 29.062 27.997 26.263 23.778 21.694 19.218 15.606 8.198 nan nan nan nan nan nan nan nan nan 0.141 0.206 0.328 0.348 0.378 0.395 0.398 0.447 0.500 0.527 0.571 0.934 1.228 1.205 0.717 1.227 1.539 1.319 0.785 0.338 0.222 0.142 nan nan nan nan nan nan nan nan nan nan nan
nan nan nan nan nan nan nan nan nan nan nan nan nan nan nan nan 9.809 13.247 15.674 17.480 18.829 21.166 26.592 34.247 31.498 25.497 28.309 30.646 32.452 32.369 32.334 32.280 32.204 31.990 32.346 31.564 31.212 31.136 30.650 29.888 29.114 27.698 25.793 23.801 21.714 19.042 13.232 nan nan nan nan nan nan nan nan nan 0.082 0.114 0.218 0.232 0.271 0.306 0.338 0.339 0.373 0.469 0.382 0.562 1.056 1.337 1.247 1.429 1.644 1.464 0.946 0.495 0.301 0.208 0.114 nan nan nan nan nan nan nan nan nan nan
nan nan nan nan nan nan nan nan nan nan nan nan nan nan nan nan nan 7.825 12.482 14.932 17.539 20.726 24.139 32.608 32.981 30.781 24.869 27.677 31.123 30.780 30.866 31.459 31.253 31.181 30.466 30.386 30.487 31.397 31.342 30.710 30.041 29.487 27.833 26.248 23.851 20.850 16.488 nan nan nan nan nan nan nan nan nan 0.193 0.234 0.323 0.324 0.343 0.370 0.397 0.362 0.376 0.435 0.456 0.312 0.555 1.124 1.385 1.454 1.298 1.367 1.145 0.648 0.361 0.258 0.153 nan nan nan nan nan nan nan nan nan nan
nan nan nan nan nan nan nan nan nan nan nan nan nan nan nan nan nan nan 5.825 9.581 14.095 18.292 22.758 29.093 32.466 33.424 29.597 24.924 26.724 28.304 28.210 29.134 29.420 29.413 29.628 30.332 30.854 31.451 31.886 31.624 31.047 30.672 30.726 28.104 26.628 23.701 19.884 12.812 nan nan nan nan nan nan nan nan nan 0.461 0.443 0.321 0.348 0.383 0.413 0.442 0.473 0.514 0.580 0.460 0.269 0.722 1.078 0.937 1.426 1.737 1.385 0.760 0.485 0.325 0.205 nan nan nan nan nan nan nan nan nan nan
nan nan nan nan nan nan nan nan nan nan nan nan nan nan nan nan nan nan 3.227 7.725 13.432 16.458 20.250 25.369 27.716 27.168 27.628 29.438 25.340 24.475 26.953 26.941 27.614 28.491 29.662 30.282 31.257 32.084 32.944 33.104 33.054 33.403 32.705 30.221 27.731 25.705 22.737 18.037 nan nan nan nan nan nan nan nan nan 1.129 1.062 0.744 0.737 0.659 0.647 0.595 0.582 0.616 0.701 0.655 0.598 0.366 0.691 1.017 1.601 1.795 1.754 1.229 0.694 0.367 0.230 0.137 nan nan nan nan nan nan nan nan nan
nan nan nan nan nan nan nan nan nan nan nan nan nan nan nan nan nan nan nan 6.110 11.556 15.328 18.960 21.235 25.934 26.878 28.298 29.630 28.664 26.205 24.790 25.538 27.373 27.527 29.029 29.644 30.740 31.939 33.497 34.472 34.590 33.986 32.984 31.165 28.915 27.208 24.756 20.702 9.861 0.217 0.356 0.561 0.753 1.096 0.961 0.808 1.466 1.981 1.950 1.825 1.889 2.107 1.930 0.622 0.651 0.667 0.701 0.706 0.633 0.607 0.563 0.808 1.248 1.854 1.932 1.550 1.054 0.483 0.321 0.216 0.133 nan nan nan nan nan nan nan nan
nan nan nan nan nan nan nan nan nan nan nan nan nan nan nan nan nan nan nan nan 9.439 14.887 17.350 20.462 24.737 26.667 28.995 31.512 32.592 32.245 28.157 26.696 27.717 27.824 28.530 28.402 30.145 31.195 33.761 34.239 34.325 32.675 31.711 30.950 29.867 28.499 26.594 23.307 14.554 10.407 0.682 1.264 1.880 2.612 3.300 3.618 3.840 4.034 4.153 4.930 5.753 7.255 7.486 0.497 0.524 0.556 0.593 0.664 0.641 0.643 0.689 0.663 0.728 1.593 1.995 1.944 1.464 0.738 0.449 0.305 0.216 0.129 nan nan nan nan nan nan nan
nan nan nan nan nan nan nan nan nan nan nan nan nan nan nan nan nan nan nan nan 6.536 13.880 17.107 20.244 23.721 26.409 29.868 33.660 35.890 34.721 36.102 35.109 29.962 28.610 30.814 29.692 28.789 30.580 31.699 32.288 32.501 32.454 32.397 31.787 31.112 30.601 28.573 25.874 20.200 14.376 1.293 4.109 5.850 3.841 4.129 6.001 7.343 8.219 8.775 9.113 10.600 10.860 10.772 8.751 0.873 2.496 0.677 0.694 0.710 0.747 0.798 0.857 0.787 0.307 1.708 1.921 1.809 1.133 0.718 0.430 0.306 0.215 0.117 nan nan nan nan nan nan
nan nan nan nan nan nan nan nan nan nan nan nan nan nan nan nan nan nan nan nan nan 13.045 17.310 20.869 22.798 26.543 31.759 33.870 35.152 35.395 35.386 36.640 40.413 36.478 31.113 31.306 30.554 29.511 30.214 31.394 32.386 32.820 32.931 32.504 32.418 31.891 29.937 27.899 23.898 16.327 15.858 16.276 16.579 16.471 16.408 16.581 16.646 15.804 14.752 14.051 13.642 13.542 11.512 10.683 9.175 7.509 0.854 0.918 0.947 1.019 1.073 1.262 1.358 0.942 1.476 1.919 2.011 1.583 1.010 0.641 0.482 0.357 0.233 0.115 0.074 nan nan nan nan
nan nan nan nan nan nan nan nan nan nan nan nan nan nan nan nan nan nan nan nan nan nan 19.084 20.271 23.629 27.481 31.577 33.982 36.062 36.865 35.999 36.553 37.948 38.806 37.050 32.526 31.890 31.438 30.904 32.282 32.727 33.049 33.291 33.192 33.028 32.702 31.497 29.348 25.725 20.337 19.463 18.939 18.376 16.980 16.686 16.487 16.219 15.978 15.911 15.332 14.695 14.617 13.540 12.280 10.964 9.583 9.553 1.211 1.309 1.509 1.489 1.502 1.489 1.437 0.599 1.822 2.053 1.953 1.551 0.962 0.691 0.571 0.444 0.252 0.158 nan nan nan nan
nan nan nan nan nan nan nan nan nan nan nan nan nan nan nan nan nan nan nan nan nan nan nan 18.944 23.602 31.935 32.707 34.085 37.055 38.384 39.218 37.143 37.415 38.899 41.051 42.058 35.580 31.960 31.037 32.182 32.362 33.276 34.147 34.262 34.056 33.666 32.565 30.967 27.671 22.218 21.182 19.722 17.673 16.416 16.214 16.296 16.269 16.112 16.024 15.845 16.337 15.552 14.734 13.942 12.784 12.678 11.146 9.320 8.942 7.523 4.310 2.677 2.134 2.016 1.669 1.090 2.093 2.433 2.098 1.370 0.973 0.804 0.658 0.484 0.288 0.146 nan nan nan
