data/RealTopo/Outputs_RealTopo/relWog_02RealTopo_null_minVoellmyv2_pfv.asc
ncols 490
nrows 555
xllcenter 167455.00
yllcenter 361955.00
cellsize 5.00
nodata_value nan
[rows 420 to 447 of 555, columns 315 to 377 of 490]
25.467258 25.274541 25.149192 26.049520 26.874834 27.366370 27.623801 27.646123 27.555439 27.238847 26.589004 25.964733 25.221557 25.656875 26.219972 26.114666 26.001298 26.511591 27.438293 28.965424 30.212553 31.102540 31.548815 31.761290 31.815273 32.132900 32.202956 31.929470 31.244510 30.968151 30.712797 31.072090 31.633395 32.055721 32.001670 31.649059 31.369845 31.235734 31.186988 31.346342 31.451643 31.328137 31.161964 30.999773 30.995762 30.958546 30.563386 29.852413 29.336147 28.948743 28.246736 27.245159 26.136948 25.372205 24.223980 22.555736 20.703986 18.739338 16.548354 13.879152 10.742197 6.935571 3.482073
25.827318 25.435539 25.146792 25.885347 26.688181 27.252741 27.674032 27.594200 27.445716 27.402602 26.746253 26.173700 25.133587 25.500273 26.416287 26.516945 26.157114 26.102089 26.374137 27.750978 29.168703 30.330559 30.939071 31.288094 31.328840 31.687703 31.827299 31.698264 30.998737 31.150144 32.022499 32.495933 32.250740 31.832681 31.587071 31.332404 31.260925 31.079550 30.928937 31.328114 31.381011 31.508083 31.429305 31.280274 31.302001 31.216862 30.580673 29.930846 29.547183 29.197675 29.041390 28.284232 27.069464 25.715304 24.464074 23.051818 21.382973 19.520484 17.412452 15.022586 12.278753 8.535249 4.673952
26.066092 25.738131 25.458914 25.811027 26.735125 27.275500 27.823152 27.742113 27.748799 27.915639 27.419308 25.899462 24.169645 24.477817 25.649258 25.877009 25.554505 25.644068 25.500585 26.671829 28.143457 29.677830 30.572633 31.381844 31.900821 32.456704 32.958414 32.981682 32.705218 32.737081 32.580643 32.314053 32.093968 31.762033 31.709414 31.475984 31.062847 30.907719 30.826585 31.085447 31.397745 31.586771 31.353533 31.218654 31.130608 31.254142 30.645069 30.122938 30.031338 29.821248 29.778044 28.904320 27.763697 26.240693 24.733696 23.425834 22.018046 20.252669 18.234133 16.158795 13.447540 9.995792 6.111356
25.840832 25.740621 25.542341 25.674508 26.390426 27.235771 27.874712 27.887468 28.183760 27.898585 27.417707 26.316452 24.733081 24.685536 25.618928 25.727642 25.202345 25.661490 25.707951 27.179233 28.690953 30.001599 31.159587 32.163667 32.891247 33.068942 32.939080 32.571772 32.430942 32.110407 32.218503 32.279334 32.072252 32.062383 32.019352 31.553218 31.572145 31.625903 31.341297 31.475293 31.736917 31.452102 31.220604 31.291259 31.551711 31.518539 31.044637 30.851571 30.667360 30.331045 29.499432 28.681180 27.736150 26.622391 24.989850 23.883268 22.525874 20.894074 18.998123 17.020526 14.434373 11.297093 7.683750
25.666062 25.603822 25.540134 25.396835 26.127869 26.581264 27.435551 27.540408 27.986248 27.762935 27.474254 27.357656 26.717060 26.249709 27.170169 27.465330 27.137811 26.787728 26.436826 26.857483 28.089332 29.459825 30.834719 31.559186 32.106220 32.386775 32.381863 32.094929 31.888929 31.479816 31.834788 31.780573 31.722547 31.806707 31.951295 31.889300 32.006356 31.600672 31.611857 31.912035 31.714364 31.288649 31.414388 31.564879 31.700840 31.342171 31.091624 30.881195 30.574468 30.032529 29.272922 28.509979 27.645625 26.789971 25.780343 24.220686 22.894387 21.533483 19.761216 17.694532 15.339386 12.455993 9.165660
25.626676 25.326369 25.206386 24.907365 25.574895 26.003254 27.063748 27.838252 28.501427 28.940330 29.173026 29.122009 29.096555 29.075443 28.784365 27.991288 27.631386 26.656529 26.009318 25.781921 27.065800 28.590193 30.013974 30.967383 31.544361 31.833310 32.224777 32.103301 31.523788 31.278972 31.858622 31.667367 31.297454 31.615698 31.613831 31.237499 31.399368 31.289864 31.592479 31.404242 31.348937 31.212680 31.213731 31.560223 31.296462 30.964038 30.719752 30.463827 30.236181 29.839572 29.487199 28.635170 27.776006 26.778995 26.360375 24.843341 23.459151 22.098140 20.428459 18.475526 16.208127 13.607400 10.590188
25.200943 24.889038 24.982433 24.986349 25.693201 27.028409 28.049809 28.732352 29.058336 29.008659 28.840476 28.793630 28.917681 29.332554 28.738217 27.680595 27.291158 26.519592 25.677491 25.231377 26.400071 27.727242 29.005522 30.545274 31.089490 31.554215 31.910487 31.776988 31.275685 31.966841 32.494558 32.108374 31.714115 31.460118 31.048116 31.086657 31.205536 31.024211 30.932501 30.796144 30.880903 30.996666 30.898623 31.191794 30.964157 30.763339 30.627842 30.396653 29.946201 29.626785 29.479263 28.716118 27.942108 27.268457 26.510856 25.729240 23.790114 22.657038 21.106571 19.440557 17.236905 14.734509 12.154638
25.776171 25.975333 25.885283 25.820938 26.082278 27.109423 27.714452 28.178668 28.722499 28.834715 28.733511 28.662515 28.652531 29.064712 28.797085 28.054397 27.295684 26.524283 25.442093 25.103697 25.568391 27.124771 28.364693 29.884542 30.660846 31.327143 31.586589 31.455255 31.636033 32.434699 32.487213 32.162853 31.722797 31.036567 31.025912 30.657364 30.444760 30.351042 30.348753 30.318280 30.544388 30.522444 30.786710 30.946443 31.195436 30.950641 31.064473 30.555157 29.923210 29.707437 29.459622 29.169046 28.389411 27.833529 26.906540 26.071975 24.671555 23.315309 21.676957 20.253322 18.216733 15.979694 13.517447
26.350897 26.043110 25.546886 25.341022 25.305563 26.464379 27.527236 28.261641 28.632530 29.222880 29.198622 28.800510 28.583904 28.888471 28.918111 28.771162 27.893426 26.617345 25.407899 25.051616 24.989968 26.236077 27.843843 28.894360 30.174857 30.932045 31.294615 31.374644 31.978908 32.261274 32.134171 31.900071 31.045540 30.736371 30.313995 30.004637 29.805458 29.749135 29.903350 30.204180 30.298926 30.045528 30.498997 31.022655 31.206080 31.417298 31.062153 30.551450 30.411356 30.410457 29.956005 29.685783 28.934372 28.061019 27.249197 26.186322 25.336364 23.850177 22.353529 20.998796 19.190845 17.110033 14.500021
25.677058 25.494392 25.307260 25.189346 25.146340 26.145616 27.287926 28.164011 28.548770 29.052835 29.196418 29.086329 29.068984 28.837272 28.785275 28.988230 28.445467 27.100454 25.831796 24.742480 24.816157 25.192027 27.044525 28.000665 29.263689 30.366756 30.845547 31.307696 31.985913 32.100911 31.987695 31.249326 30.508661 30.003259 29.727683 29.628127 29.267927 29.438405 29.603176 30.114408 29.923329 29.858314 30.435792 31.311563 31.328196 31.724879 31.489982 31.240888 31.220542 30.920934 30.247665 29.810555 29.131890 28.357425 27.656488 26.408997 25.732350 24.568188 22.925663 21.840032 20.104719 17.864853 15.633277
25.333687 25.197174 25.054237 24.945652 24.980665 25.626853 26.713431 27.779655 28.550529 28.642183 29.235259 29.381443 29.348457 28.934424 28.787759 28.849085 28.469818 27.539094 26.157441 24.565648 24.756604 24.979755 26.212267 27.301811 28.523108 29.894949 30.495203 31.135014 31.643024 31.792629 31.353820 30.695999 30.120715 29.494464 29.537299 29.202816 29.067196 29.368250 29.551043 29.699784 29.774215 29.879515 30.906820 31.520910 31.608662 31.684619 31.699813 31.431938 31.113123 30.619202 30.543268 30.032120 29.514970 28.938184 28.104081 26.985737 26.260036 24.854185 24.161215 22.481920 20.594475 18.722152 16.686681
24.994703 24.800519 24.787707 24.817615 24.745839 24.939746 26.132852 27.367496 28.321466 28.472750 29.313943 29.299142 29.194000 29.043187 28.881899 28.652010 28.289719 27.513754 26.176269 24.798574 24.267861 25.072268 25.536235 26.931368 28.207764 29.148078 30.282613 30.939185 31.331783 31.066964 30.809959 30.339835 29.725039 29.486847 29.290478 28.758742 29.023520 29.082088 29.951927 30.263452 30.146805 30.252990 30.927981 31.195734 31.113031 31.075417 31.058664 30.801281 30.620419 30.453002 30.442018 30.125958 29.649084 28.943015 28.265435 27.441949 26.349539 25.410926 24.189943 22.496057 21.096761 19.264038 17.088390
24.675294 24.524614 24.724039 24.571502 24.585577 24.259896 25.678574 26.926725 27.972495 28.662799 28.902070 29.287786 29.179188 29.157852 28.818338 28.483942 28.253780 27.356279 26.125929 24.909661 23.736270 24.600976 25.217201 26.493015 27.388628 28.455203 30.322603 30.737746 30.936334 30.407636 30.510688 30.516748 30.333504 29.679857 29.113180 28.974706 29.122378 29.722576 30.657866 30.320551 30.085077 30.326472 30.427695 30.285061 30.360532 30.481912 30.444069 30.214071 30.369499 30.251275 29.807298 29.626485 29.243477 28.692409 28.180322 27.377621 26.300596 25.585881 24.179322 23.195689 21.375457 19.594792 17.491670
24.560803 24.331545 24.519588 24.405516 24.250937 24.099417 25.167679 26.400173 27.487013 28.491014 28.377616 29.277492 29.190083 29.185116 28.895531 28.466484 28.137107 27.471979 26.273179 24.966235 23.864016 23.836907 24.920009 25.769960 26.727289 27.895228 29.686692 30.432719 30.432378 30.488861 30.586989 30.460728 30.200563 29.788669 29.483248 29.281685 29.319197 29.650733 29.736740 29.443018 29.621306 29.482908 29.542227 29.560045 29.665070 30.027585 29.925331 29.825632 30.005504 29.803209 29.291737 29.246991 28.885058 28.590215 28.043179 27.191988 26.487757 25.814663 24.757338 23.435458 21.801664 20.141653 18.267548
24.510449 24.761308 24.567719 24.320899 23.813155 23.846437 24.553310 25.897471 26.853298 28.070017 28.602643 29.006399 29.412668 29.034898 29.050220 28.643272 28.009163 27.437252 26.400033 24.981577 24.009483 23.381572 24.203460 25.187481 26.554666 27.377176 28.957043 29.697811 29.855123 30.151699 30.127270 29.935610 29.645939 29.599378 29.289651 28.960320 28.487196 28.747898 29.132225 28.980158 28.703097 28.671757 28.894196 28.993634 29.255052 29.462176 29.416683 29.612849 29.598579 29.543105 29.477441 29.405793 28.841096 28.541352 27.932541 27.331183 26.708487 25.799519 24.795434 23.572525 22.436014 20.485626 19.190342
24.531147 24.714595 24.429768 24.223887 23.827478 23.593377 23.839748 25.309907 26.559226 27.719040 28.887141 28.922547 29.272894 28.978395 29.152577 28.706650 27.980456 27.257267 26.321603 24.832743 23.787645 23.282494 23.600126 24.617466 26.256636 27.766304 28.638383 29.077711 29.728680 29.698924 29.565806 29.368482 28.947555 29.225363 29.100025 28.756333 28.722853 28.724710 28.382877 28.121328 27.954790 28.058562 28.412203 28.697842 28.763416 28.959368 29.150082 29.479703 29.582326 29.653646 29.604184 29.235713 28.842388 28.395527 27.893847 27.458785 26.683013 25.906284 24.945072 23.883377 22.705795 21.394051 19.714450
24.329232 24.123966 24.268131 24.258726 24.128624 23.657220 23.139321 24.500743 26.021526 27.389702 28.455946 28.918174 28.920265 29.248124 29.134849 28.667802 27.925038 27.272371 26.241739 24.696208 23.599445 23.214645 23.524130 24.243069 25.787060 27.663334 28.532272 28.948742 29.391909 29.632009 29.260358 28.787341 28.707943 28.395939 28.350128 28.247164 27.800994 27.744291 27.597851 27.418091 27.334437 27.532343 27.951195 28.163693 28.403707 28.624215 29.001334 29.334849 29.487440 29.517528 29.330819 29.048106 28.757184 28.428903 27.953514 27.390546 26.777425 26.054750 25.162526 24.264406 23.078149 22.160848 20.275915
24.162647 24.128840 24.162439 24.147863 24.152916 23.885790 23.318386 23.945751 25.462881 27.018061 27.821132 28.698171 28.800940 28.994702 28.844051 28.676928 28.066741 27.305905 26.130062 24.623619 23.553134 23.360273 23.561156 24.059611 25.342826 27.085008 28.306635 29.047650 29.335108 29.531594 29.470091 28.864278 28.460758 27.740544 27.742667 27.695257 27.149699 27.055167 26.968028 26.804048 26.867196 27.119963 27.511677 27.901720 28.233596 28.465142 28.923441 29.147783 29.227101 29.188633 28.980498 28.850893 28.651893 28.383737 27.953754 27.397545 26.801285 26.073593 25.327359 24.480018 23.516025 22.544064 21.353596
24.017412 24.219625 24.174576 24.097920 23.981549 23.945262 23.789130 23.880043 25.334965 26.404076 27.519496 28.452099 28.819427 28.625472 28.726423 28.592123 28.249839 27.257003 25.913445 24.390253 23.416647 23.519943 23.515889 23.898845 25.022182 26.639042 28.015749 28.845827 29.338479 29.379608 29.401681 28.926678 28.493228 28.069909 27.709627 27.787437 27.299996 27.057676 26.792872 26.623430 26.693342 26.776093 27.195994 27.629761 27.893697 28.258559 28.637705 28.859777 28.926288 28.858782 28.799215 28.721440 28.472718 28.284264 27.971281 27.458703 26.825704 26.249506 25.513998 24.731600 23.843407 22.856871 21.868874
23.645552 23.820319 23.882436 23.901027 23.724230 23.643041 23.667223 23.511567 25.028514 26.261373 27.542415 28.358372 28.813952 28.780726 28.830271 28.667399 28.458818 27.521363 25.990102 24.410060 23.284468 23.302061 23.500035 23.907824 24.796664 26.571177 27.893976 28.459047 29.071198 29.373639 29.351575 28.791295 28.331082 28.174097 27.980382 27.855077 27.573614 27.196125 26.745813 26.327399 26.114602 26.444817 26.843528 27.172294 27.480757 27.882450 28.276844 28.597737 28.707377 28.745445 28.759427 28.645343 28.529253 28.322618 27.992924 27.466971 26.939587 26.316868 25.691421 24.913892 24.075711 23.161868 22.237847
23.049701 23.313480 23.462046 23.565620 23.512851 23.399015 23.289992 23.148512 24.518669 26.156292 27.264365 28.188493 28.830136 29.011390 28.914773 28.932675 28.602461 27.695956 26.353946 24.703267 23.343684 23.115920 23.517300 24.045866 24.687769 26.473812 28.192758 29.156632 29.562500 29.648816 29.305143 28.590636 28.168691 28.048007 27.897281 27.725938 27.467432 26.938685 26.324394 25.850844 25.898423 26.340212 26.457368 26.824753 27.155577 27.600792 28.090322 28.382809 28.551609 28.680730 28.686210 28.624386 28.520831 28.245086 27.889948 27.415358 26.932862 26.375461 25.813537 25.149037 24.473377 23.633472 22.596167
22.542752 22.762264 22.970497 23.047532 23.039076 22.967030 22.780549 22.739476 23.702142 25.451478 26.784741 27.892732 28.638615 28.839646 28.811716 28.737018 28.364585 27.541320 26.362008 24.724026 23.419656 23.140231 23.617229 24.401635 25.159612 26.986673 28.716996 29.798848 30.013505 29.802863 29.192114 28.476852 28.140257 27.752077 27.724019 27.708016 27.431357 26.890998 26.118276 25.776197 26.095742 26.025506 26.204985 26.590859 26.929644 27.404989 27.856610 28.147445 28.406619 28.543499 28.585168 28.556905 28.413497 28.236768 27.873639 27.494103 27.024153 26.519708 25.957442 25.352002 24.685089 23.929899 22.857844
22.013059 21.977306 22.232366 22.407366 22.505811 22.496189 22.378967 22.340205 22.847001 24.731384 26.312637 27.524088 28.323128 28.753630 28.805188 28.543804 28.182246 27.501789 26.328594 24.719618 23.346101 23.094433 23.560156 24.332301 25.310291 27.293974 28.773317 29.615916 29.923470 29.828937 29.390491 28.502615 28.116397 27.705940 27.655868 27.847701 27.700908 27.103365 26.529907 26.397616 26.297925 25.959121 25.925081 26.218205 26.596121 27.080656 27.529551 27.866087 28.128111 28.291833 28.412403 28.445319 28.370589 28.237596 27.890312 27.550475 27.093366 26.579148 26.003005 25.336958 24.713414 24.017100 23.182441
21.461396 21.381630 21.610456 21.860959 22.009253 22.070562 21.994634 21.896656 21.996991 24.082866 25.823355 27.144344 28.122462 28.834009 28.997605 28.618522 28.182579 27.666530 26.530668 24.806214 23.167446 22.826788 23.179489 23.910407 25.013857 27.051808 28.566660 29.577937 29.945195 29.866611 29.424227 28.489125 28.121952 27.689670 27.615898 27.968910 27.907004 27.443794 27.092918 26.763371 26.161215 25.692104 25.528759 25.778505 26.271159 26.752416 27.161434 27.501174 27.744747 28.025560 28.202470 28.287093 28.297439 28.112373 27.849454 27.577464 27.201697 26.695409 26.031031 25.372059 24.771622 24.164141 23.482380
20.835568 20.847052 20.955571 21.152885 21.338163 21.448192 21.423867 21.353357 21.516297 23.267030 25.217914 26.757609 27.846409 28.561039 28.811763 28.613985 28.163036 27.797257 26.756580 24.904621 23.029576 22.417356 22.684817 23.400044 24.508028 26.679162 28.469259 29.685032 30.090804 29.897882 29.468213 28.588806 28.432830 27.790834 27.457635 27.855364 27.920831 27.717469 27.372129 26.767104 26.052966 25.489477 25.258631 25.448515 25.898856 26.304072 26.612966 27.041706 27.429958 27.782711 27.975932 28.093779 28.120607 27.931746 27.800663 27.562521 27.121855 26.584495 25.997351 25.542717 24.924256 24.199721 23.547561
20.277492 20.214564 20.194034 20.321706 20.560578 20.600640 20.625711 20.679245 20.815308 22.161545 24.478385 26.256561 27.418997 28.151733 28.530258 28.723121 28.415821 27.869793 26.825924 25.046125 22.990492 21.964209 22.198689 22.879279 24.020120 26.380405 28.443420 29.654850 30.068257 30.059421 29.614198 28.715567 28.518448 27.665035 27.128982 27.642894 27.986843 28.104993 27.839884 27.111754 26.179979 25.280180 24.983054 25.120071 25.418747 25.738791 26.148739 26.696684 27.189463 27.513742 27.692718 27.852785 27.859242 27.824384 27.713414 27.360809 26.909017 26.516729 26.092958 25.525480 24.904986 24.276942 23.625281
19.784690 19.603407 19.497436 19.504881 19.583911 19.612853 19.684509 19.892284 20.030216 21.033279 23.568167 25.577251 26.999786 27.915409 28.449245 28.662001 28.588931 27.935362 26.795845 25.161945 22.963476 21.652641 21.875308 22.735749 23.865302 26.103253 28.403639 29.703081 30.114231 30.391881 29.899235 28.918607 28.562835 27.556822 26.810791 27.479646 28.188864 28.541787 28.260521 27.437273 26.371129 25.404580 24.946670 24.941339 25.137833 25.423365 25.885181 26.317742 26.815134 27.079098 27.263037 27.494566 27.568521 27.640057 27.471195 27.140301 26.905136 26.500722 26.015350 25.375699 24.846949 24.335985 23.659446
19.274837 19.095172 18.865424 18.750630 18.652060 18.732438 19.022329 19.366007 19.479068 19.891949 22.653593 24.872737 26.421113 27.509121 28.201779 28.362658 28.391443 27.865082 26.799821 25.270998 23.088190 21.548316 21.654158 22.503790 23.585153 25.753691 28.084805 29.614554 30.295028 30.486423 30.162321 29.205265 28.649094 27.533594 26.452499 27.240483 28.047632 28.521153 28.491128 27.952737 26.878715 25.948816 25.246528 24.967195 24.967034 25.140657 25.453818 25.857378 26.246851 26.490404 26.805534 27.088822 27.241481 27.286418 27.238670 27.128647 26.820860 26.372019 25.889738 25.338449 24.759407 24.234988 23.614475
