data/RealTopo/Outputs_RealTopo/relWog_02RealTopo_null_minVoellmyv2_pfv.asc
ncols 490
nrows 555
xllcenter 167455.00
yllcenter 361955.00
cellsize 5.00
nodata_value nan
[rows 364 to 391 of 555, columns 189 to 251 of 490]
1.813743 2.602937 2.945721 3.271935 3.663195 4.199153 4.761185 5.232211 5.326258 5.165751 4.601235 3.298816 2.834704 2.465678 2.434599 2.613505 2.763000 2.634690 2.272009 1.838498 1.416297 1.224876 1.298492 1.606204 2.311595 3.686367 5.482911 7.199246 8.360172 9.475155 10.453454 11.152369 11.927111 12.659456 13.408973 14.085727 14.607687 14.904299 15.121452 15.275751 15.461351 15.516671 14.874508 13.964333 13.225298 12.842835 12.648192 12.297084 11.679737 11.087845 10.853055 10.983779 10.912807 10.207742 9.209882 8.339377 7.541001 6.851660 6.114735 5.230658 4.253389 6.391697 10.470351
1.607654 2.293521 2.509295 2.636953 2.924119 3.534646 4.208655 4.883237 5.403224 5.794819 5.982849 5.551794 4.466456 3.585707 3.194800 3.188292 3.167917 3.030057 2.853442 2.477429 1.876645 1.383478 1.336143 1.644691 2.061897 3.100900 4.295176 5.037226 6.493605 7.931507 8.883558 9.689167 10.593520 11.386633 12.087114 12.686289 13.227972 13.839247 14.385373 14.780124 15.206406 15.386868 15.099348 14.582917 14.185079 14.011303 13.817687 13.264124 12.505526 12.011542 11.829661 11.980765 12.050026 11.512938 10.489063 9.463726 8.722918 8.060293 7.381292 6.572911 5.503732 7.604808 11.360724
1.201826 1.921232 2.058412 2.290737 2.549798 2.819041 3.240061 3.761786 4.446471 5.387262 6.286717 6.512633 5.979095 5.029853 4.267149 3.932777 3.754679 3.626790 3.445729 3.134745 2.697206 2.011357 1.344459 1.544762 1.679941 1.981368 2.815273 3.826130 5.148343 6.364197 7.780994 9.005397 9.802597 10.289395 10.664570 11.085044 11.769153 12.659339 13.360953 13.908253 14.416732 14.964612 15.345292 15.373428 15.060012 14.748456 14.547314 14.056848 13.434762 12.982677 12.970815 13.163563 13.018626 12.413762 11.412755 10.470783 9.851118 9.302694 8.601538 7.728534 6.681319 8.755831 12.153142
3.477270 1.618873 1.574528 1.752046 2.033597 2.286865 2.633312 3.104414 3.700570 4.462079 5.441362 6.058048 5.988297 5.719519 5.217630 4.676545 4.349504 4.189930 4.050571 3.831096 3.614061 3.124731 2.297762 1.942071 2.135826 2.124896 2.405030 3.548514 4.948289 6.379640 7.871444 8.926521 9.403237 9.753341 9.991457 10.223164 10.659169 11.303208 11.974414 12.849547 13.739796 14.451792 14.965208 15.181332 15.160511 14.995456 14.891215 14.648970 14.335519 14.219538 14.314538 14.108145 13.585924 13.186942 12.361767 11.388040 10.712753 10.261998 9.510320 8.599345 7.565085 9.702053 12.844871
6.977623 3.612794 1.707293 1.116209 1.480641 1.853197 2.280215 2.876059 3.437739 3.945646 4.501080 5.090802 5.629901 5.992006 5.810593 5.370599 4.972311 4.577715 4.508789 4.549928 4.437944 3.970721 3.522075 3.438088 3.479272 3.401630 3.494946 4.192466 5.196868 6.520764 7.972432 8.993893 9.521776 9.697006 9.817853 10.072447 10.643112 11.052838 11.438423 12.203284 12.899187 13.620392 14.126915 14.455138 14.788869 14.946864 15.114711 15.113510 15.026389 15.049599 15.116922 14.665365 14.230855 13.707898 12.733706 11.862662 11.339317 10.949852 10.278025 9.397847 8.365317 10.302195 13.355010
10.549529 6.584403 3.459681 0.678793 1.084785 1.404445 1.747171 2.179084 2.647760 3.045908 3.512117 4.123145 4.921111 5.537999 5.824603 5.920584 5.644973 5.136465 4.935297 4.964406 4.867962 4.400253 3.863138 3.838404 4.070053 4.065607 4.214553 4.632564 5.500720 6.892698 8.281462 9.269721 9.630668 9.806621 9.999398 10.364561 10.891941 11.089927 11.434348 12.018952 12.506296 13.054988 13.467248 13.920658 14.296711 14.583064 15.029182 15.282043 15.269189 15.340211 15.179778 14.695177 14.398721 13.837913 13.101672 12.473684 12.034458 11.570123 10.981904 10.237265 9.709768 10.647344 13.491800
13.553038 10.060577 6.334202 1.769046 0.871725 1.040157 1.145307 1.374735 1.813349 2.182301 2.619238 3.005112 3.614042 4.467324 5.212691 5.614940 5.551420 5.434309 5.254377 5.014674 4.828350 4.399706 3.944525 3.794991 4.002611 4.318202 4.693295 5.111423 5.708353 6.592774 8.003170 9.258056 9.710769 10.043631 10.526783 10.752561 10.907378 11.046129 11.282306 11.750036 12.231231 12.739280 13.030570 13.473653 13.830358 14.167127 14.651212 14.833853 14.868464 14.910228 14.640572 14.507200 14.585725 14.301686 13.822563 13.121215 12.626222 12.153074 11.709908 11.149840 10.726659 11.171536 13.547219
15.456965 13.709584 10.202180 5.452790 0.859034 0.776217 0.844079 0.974874 1.167528 1.475856 1.715894 2.065704 2.639784 3.243979 3.953514 4.595476 5.064278 5.381229 5.221750 4.886860 4.560286 4.405038 4.171812 4.093017 4.163305 4.280154 4.467393 4.740940 4.872873 5.450278 6.897785 8.330930 9.057326 9.776609 10.293325 10.533167 10.489393 10.537580 10.950179 11.421055 12.172406 12.789073 12.909126 13.333483 13.560160 13.859445 14.236140 14.323459 14.471503 14.515542 14.553460 14.732547 14.607232 14.492748 14.169354 13.675360 13.204671 12.728148 12.500228 11.958832 11.745982 12.093962 14.118696
15.825855 15.151669 13.636809 11.337956 7.310849 2.705355 0.428602 0.542678 0.674559 0.814982 1.043140 1.403437 1.806333 2.239274 2.722301 3.379498 4.044526 4.814793 4.931518 4.825695 4.713356 4.859535 4.804073 4.530716 4.268533 4.161656 4.162446 4.151805 4.011523 4.605907 6.065267 7.796942 8.777109 9.485747 10.101928 10.422973 10.434463 10.405663 10.941216 11.522370 12.337876 12.764487 13.076127 13.467027 13.543210 13.836064 14.060556 14.260646 14.278004 14.273593 14.586876 14.644915 14.460405 14.449317 14.332616 14.240142 13.737708 13.491115 13.189715 12.697757 12.965369 13.315584 14.918551
15.709664 16.268614 15.795857 14.858800 13.281950 10.786444 5.921757 4.749474 2.849643 0.803755 1.116027 1.428117 1.747192 2.188737 2.820844 3.677804 4.453900 4.919452 5.445169 5.807742 6.005302 6.300228 6.542341 6.670583 6.927110 7.147753 7.221636 6.772441 6.592570 6.660776 7.675341 9.259337 10.716000 11.417018 11.755321 11.917571 11.825591 11.634078 11.602845 11.948325 12.633980 13.109505 13.384622 13.503289 13.668310 13.811071 13.947290 14.217914 14.236811 14.316155 14.279196 14.255636 14.263871 14.247315 14.127544 14.245194 14.157725 14.050729 13.685866 13.694829 14.199699 14.473879 15.499190
15.111150 15.979819 16.324678 16.216532 15.778767 15.065757 13.739214 12.123804 9.769690 5.602545 2.266242 2.784619 3.251550 4.238266 5.710890 7.412911 8.756277 9.498729 9.956689 10.462584 10.806583 10.760383 10.541726 10.391763 10.416081 10.461219 10.536167 10.995353 11.551670 11.869384 12.513322 13.524195 14.247114 14.393706 14.486717 14.251148 13.809197 13.309786 12.830618 12.810775 13.523750 13.695877 13.491379 13.496614 13.718669 13.794263 13.830242 13.938961 14.176929 14.060315 13.901325 13.924446 13.807265 13.615116 13.789481 13.994176 13.889538 14.135424 14.258781 14.398667 14.606612 15.078144 16.045082
13.534711 15.925064 16.635266 16.668650 16.629874 16.436029 16.432862 15.628916 13.932626 12.108490 10.341804 6.174787 6.811008 7.652487 8.557026 9.651488 10.626221 10.902383 10.965576 11.276064 11.323897 10.891637 10.366864 9.932006 9.619970 9.733265 9.920743 10.116001 10.626765 10.942899 11.663431 12.866038 13.716125 13.957192 13.921357 13.814434 13.429789 12.997730 12.883929 13.059022 13.504765 13.681192 13.651618 13.615628 13.626521 13.579493 13.617505 13.839509 13.980531 13.837768 13.765190 13.497538 13.265912 13.180403 13.451053 13.477807 13.779043 14.205986 14.456568 14.779264 15.224811 16.055176 17.098795
11.564386 13.871269 15.116683 16.031153 16.305948 16.299169 16.420742 16.096899 15.388609 15.092756 14.235855 12.781732 11.842083 11.135434 10.740475 10.692600 10.990945 10.944637 10.675655 10.699315 10.658479 10.218407 9.536795 8.749318 8.078227 7.933670 7.395182 6.608547 6.706507 6.840268 6.849046 7.877163 9.349542 10.307196 10.800350 11.229974 11.595625 11.564761 11.681424 12.039259 12.438897 12.948096 13.164496 13.161625 13.172712 13.127121 13.364006 13.516384 13.633171 13.794118 13.606309 13.084008 12.808788 12.961452 13.253137 13.451214 13.820443 14.197674 14.718020 15.183681 15.739299 16.555078 17.455296
8.549640 10.574324 12.098810 13.642621 14.527146 14.862058 15.050731 15.572807 15.590595 15.232357 14.840847 14.517127 14.207376 13.882906 13.349563 12.783757 12.436869 11.683749 10.775203 10.465139 10.425388 10.427654 10.119246 9.583437 9.208443 8.990810 8.528139 8.192166 8.219623 8.469619 8.638000 8.402178 7.958466 7.946655 8.537660 9.248112 9.891695 10.198547 10.458553 10.870873 11.441590 12.144514 12.295046 12.424583 12.663943 12.734560 12.866637 13.044869 13.469831 13.655308 13.198889 12.652792 12.644870 13.010243 13.240006 13.551985 13.889165 14.468144 14.974192 15.625199 16.145749 16.907577 17.622105
2.934715 4.396217 5.916287 7.415786 8.914447 10.057051 10.721622 11.229457 11.545235 11.933520 12.135702 11.985436 11.943254 12.204687 12.407692 12.447057 12.419189 11.784386 11.262917 11.145434 10.868375 10.550359 9.905577 9.615014 9.546096 9.576869 9.467746 9.449981 9.622867 10.009486 10.208480 10.201877 10.009628 9.425375 8.737070 9.351905 9.759690 9.732913 9.980745 10.445747 10.868741 11.456419 11.731845 12.004223 12.185665 12.257424 12.510474 12.987230 13.215475 13.155785 12.750142 12.486719 12.569456 12.890261 13.205442 13.640671 14.197867 14.673124 15.285911 15.954016 16.605906 17.396763 18.201075
2.073215 2.058911 2.296373 2.634924 2.998496 3.786845 4.870537 6.037190 6.895536 7.670272 8.329407 9.159297 9.918211 10.546553 10.872235 11.348266 11.560431 11.415934 11.301253 11.272835 11.205207 11.059285 10.458970 9.406227 9.308157 9.634700 9.801230 10.073588 10.542689 10.962069 11.266484 11.456358 11.708590 11.429370 10.874260 10.754947 10.684895 10.389244 10.367563 10.807324 11.155494 11.425340 11.637327 11.856831 11.951805 12.005069 12.368202 12.657481 12.657319 12.655913 12.471492 12.351278 12.496804 12.877185 13.257499 13.844587 14.423374 14.891718 15.656131 16.535237 17.271053 17.839979 18.838011
2.495720 2.396717 2.424018 2.420189 2.396355 2.446604 2.479857 2.383030 2.746459 3.477947 4.398025 5.853454 7.218629 8.055661 8.871633 9.976309 10.666480 11.059202 11.179679 11.236717 11.343083 11.274357 10.654288 9.561781 8.788931 8.886970 9.211221 9.656408 10.489226 11.195550 11.580925 11.827514 12.084372 12.202779 12.117448 11.965346 11.875329 11.405451 11.038723 11.298808 11.501960 11.489873 11.522315 11.733306 11.927384 11.929152 12.047962 12.159961 12.294032 12.364781 12.339449 12.265406 12.447336 12.914336 13.522996 14.178260 14.642824 15.260844 16.263088 16.992708 17.425846 18.352654 19.411944
2.577465 2.542477 2.401132 2.418387 2.549135 2.732080 3.017114 2.895791 2.471275 2.291093 2.611068 3.353198 4.244495 5.335234 6.948877 8.227192 9.420940 10.002227 10.378467 10.721347 11.006576 11.028294 10.448258 9.487856 8.906365 8.466176 8.082886 8.307073 9.002887 9.596213 9.836958 10.035138 10.468717 10.888858 11.127152 11.175976 11.096705 11.153316 11.752933 12.030229 11.701415 11.215249 11.115774 11.468762 11.759380 11.751854 11.703495 11.910314 12.096426 12.100554 12.328226 12.459191 12.684901 13.221091 14.001791 14.537455 15.025666 15.784587 16.543772 16.953293 17.636637 18.595935 19.264263
2.389305 2.377127 2.202120 2.264605 2.498350 2.745045 2.962739 3.152479 3.267594 2.889234 2.577445 2.666919 3.130660 3.813702 4.783986 6.216987 7.356936 8.221400 9.065218 9.644988 10.025854 10.199174 9.893301 9.416053 9.009418 8.722404 8.445586 8.063756 8.132740 8.384978 8.629417 8.793276 9.149820 9.768868 10.552129 11.017836 11.028646 11.186832 11.744092 12.061189 11.854025 11.351949 10.961232 10.992526 11.298224 11.443793 11.593706 11.845426 12.020744 12.263930 12.696563 12.879402 13.195207 13.833289 14.429536 14.830915 15.365460 15.950966 16.543864 17.068036 17.743187 18.506070 18.893026
2.906710 2.688917 2.281787 2.234911 2.302530 2.396366 2.564900 2.969562 3.261194 3.248790 3.142599 2.915073 2.953409 3.145580 3.450074 4.143213 5.067460 6.238845 7.162093 7.879213 8.582765 9.134136 9.362083 9.329698 9.116020 9.071744 8.648504 8.344970 8.441071 8.389718 8.154573 8.114575 8.619490 9.500141 10.273956 10.576917 10.708189 11.105681 11.616007 11.971278 11.957187 11.588012 11.127178 10.767183 10.760180 10.916273 11.404535 12.023228 12.349782 12.662579 12.899196 13.118575 13.596157 14.070301 14.397513 14.817159 15.226201 15.866777 16.508230 17.028099 17.618382 18.139139 18.483074
3.795573 3.405723 3.042495 2.700470 2.383240 2.290855 2.460432 2.634082 2.769915 3.041637 3.163971 3.167505 3.214231 3.146233 3.140743 3.200182 3.581454 4.159618 4.886527 6.020331 7.358682 8.580235 9.353903 9.605391 9.686307 9.611335 9.256437 9.250130 9.235414 9.174617 8.644489 8.506683 8.910088 9.167504 9.316717 9.592018 10.018064 10.493544 10.892200 11.314555 11.558498 11.511429 11.277262 11.219375 11.265052 11.117425 11.206658 12.135062 12.746641 12.982787 13.166629 13.405749 13.688213 13.929496 14.171159 14.499655 14.953610 15.735692 16.176080 16.633813 17.273705 17.714893 18.000186
4.005905 3.841737 3.642132 3.416366 3.047475 2.679224 2.566216 2.610092 2.724101 2.877803 2.948433 3.074384 3.351906 3.522906 3.361432 3.166227 3.069500 3.047558 3.564659 4.847966 6.517770 8.148144 9.301893 9.734875 9.799707 9.958490 10.162117 10.096555 10.034076 10.065784 9.745557 9.243198 8.882570 8.678949 8.627805 8.645363 8.863885 9.110058 9.501469 10.271616 10.996974 11.287176 11.305812 11.355566 11.385935 11.525708 11.907217 12.531222 13.084424 13.379981 13.385020 13.351475 13.495560 13.650413 13.938862 14.347822 14.941752 15.325894 15.631803 16.250992 16.902091 17.205925 17.381654
3.627125 4.001842 4.132059 3.863443 3.571557 3.243562 2.931426 2.753270 2.685346 2.717903 2.776871 2.970002 3.371689 3.639155 3.596053 3.353269 3.114935 3.123104 3.488225 4.206818 5.411367 6.945701 8.393320 9.154124 9.475465 9.920678 10.240885 10.475190 10.755597 10.779405 10.694835 10.150748 9.274457 8.636719 8.451899 8.543667 8.654538 8.577510 8.693116 9.415286 10.177774 10.636005 10.868572 10.943717 11.061600 11.465152 12.282842 13.200754 13.592104 13.539015 13.265523 13.241170 13.517498 13.787866 14.007024 14.256364 14.590048 14.900061 15.317893 15.847940 16.361976 16.536182 16.689696
3.558064 3.977675 3.968749 4.069606 4.081040 3.854012 3.495512 2.896959 2.556401 2.550227 2.635704 2.783050 3.049437 3.235322 3.290866 3.212946 3.151856 3.323429 3.620212 4.056666 4.736913 5.722066 6.989417 8.105868 8.842124 9.263444 9.803069 10.412427 10.798210 11.135020 11.294936 10.964724 10.327606 9.535427 8.786623 8.535060 8.678440 8.887830 9.231574 9.704865 9.987892 10.143370 10.240603 10.432693 10.854280 11.384330 12.208186 13.276791 13.627046 13.436080 13.244937 13.465404 13.858837 13.961684 13.880200 14.019298 14.307884 14.574485 14.899073 15.348182 15.663403 15.800139 16.042898
3.186679 3.542056 3.754633 3.996760 4.216383 4.402922 4.301029 3.829030 3.245147 2.684948 2.439095 2.568991 2.740584 2.876651 2.962033 2.997551 3.126902 3.374762 3.608467 3.908429 4.288119 4.755839 5.549797 6.764015 7.866812 8.427196 9.305401 10.120598 10.617510 11.152760 11.519879 11.457302 11.105194 10.555901 9.922301 9.238175 8.969390 9.315064 9.738718 9.993577 10.140311 10.376089 10.442367 10.432576 10.772752 11.417618 12.194793 12.799273 13.088239 13.255944 13.415896 13.687938 13.930414 13.835683 13.748011 13.869880 13.963373 14.170953 14.542030 14.870908 15.056577 15.198950 15.627517
3.182937 3.320257 3.031619 3.497591 4.046115 4.331479 4.471188 4.634711 4.567880 4.009663 3.205626 2.931405 2.925819 2.980238 2.922404 2.921628 3.098033 3.381850 3.579156 3.744917 3.994194 4.224810 4.466409 5.379547 6.678046 7.455393 8.656852 9.709062 10.443003 11.045493 11.420834 11.603121 11.515361 11.256146 10.993293 10.487126 10.216785 10.107328 10.137645 10.237594 10.356022 10.541307 10.638398 10.661130 10.886374 11.446782 12.050330 12.507577 12.904687 13.212095 13.438723 13.637353 13.686811 13.663318 13.720478 13.750161 13.867002 14.042859 14.163353 14.311305 14.561453 15.017484 15.719504
2.623848 2.488657 2.562758 2.733597 3.043461 3.377177 3.972094 4.537839 4.805330 4.773445 4.679992 4.222394 3.705856 3.427239 3.290067 3.245007 3.273162 3.464148 3.617864 3.660339 3.806551 3.972685 3.897653 4.054301 5.059072 6.509667 7.919328 9.073145 9.901412 10.591152 11.205418 11.558609 11.792555 12.028656 11.672568 11.245000 11.706238 11.641025 10.961088 10.440498 10.446620 10.562345 10.669884 10.870942 11.157010 11.561071 12.089618 12.649147 12.941829 13.028011 13.157926 13.358862 13.534480 13.568541 13.509926 13.565313 13.667759 13.649189 13.762462 14.054538 14.436407 14.970183 15.616071
2.041782 2.417179 3.517804 2.354130 2.280653 2.493048 2.809650 3.508144 4.170639 4.580193 4.819368 4.644596 4.303411 3.942589 3.720685 3.498492 3.401393 3.499698 3.636891 3.754847 3.875357 3.931599 3.902669 3.630329 3.862636 5.198482 6.585720 7.815083 8.951453 9.934275 10.728705 11.377794 11.857214 12.135657 12.175078 12.435163 12.811408 12.859017 12.593805 11.905380 11.198013 10.826767 10.802561 11.057205 11.501951 11.912060 12.332710 12.705640 12.882027 12.932305 13.036998 13.199307 13.268366 13.183783 13.262500 13.447545 13.428708 13.500569 13.768517 13.938161 14.341306 15.027200 15.676021
