data/RealTopo/Outputs_RealTopo/relWog_02RealTopo_null_minVoellmyv2_pfv.asc
ncols 490
nrows 555
xllcenter 167455.00
yllcenter 361955.00
cellsize 5.00
nodata_value nan
[rows 364 to 391 of 555, columns 315 to 377 of 490]
31.970994 31.657495 31.130479 30.932435 30.689561 31.027082 32.244213 33.631800 35.004323 33.518708 31.786286 32.177826 31.684262 30.767388 30.210870 30.376356 30.902787 30.978407 30.268368 29.260624 28.096646 26.820939 25.528730 24.082415 22.534364 20.663184 18.507877 16.352411 13.852623 11.090972 9.459658 8.793645 8.101040 7.391649 6.735903 6.354925 6.391185 6.300111 5.828020 4.575657 3.841885 3.462008 2.945777 2.581461 2.132623 1.298803 0.446531 0.000000 0.000000 0.000000 0.000000 0.000000 0.000000 0.000000 0.000000 0.000000 0.000000 0.000000 0.000000 0.000000 0.000000 0.000000 0.000000
32.408229 33.464194 33.120567 32.109670 31.159015 30.974436 31.686990 32.346391 34.569502 34.115365 31.807167 32.636140 32.111752 31.418956 31.849130 32.513884 32.539670 31.764469 30.893953 29.960071 28.782988 27.571093 26.422954 25.162608 23.923188 22.306625 20.289882 18.162988 15.574770 12.676210 10.075890 9.364779 8.814809 8.259701 7.529636 6.731575 6.063980 6.419501 6.368597 5.888491 4.628167 3.757791 3.461182 3.257222 2.819466 1.985264 0.861427 0.000000 0.000000 0.000000 0.000000 0.000000 0.000000 0.000000 0.000000 0.000000 0.000000 0.000000 0.000000 0.000000 0.000000 0.000000 0.000000
30.924457 32.922978 33.745086 33.472136 32.766156 32.078420 31.082935 31.303268 34.076105 34.004728 31.577452 32.831737 33.369653 33.831737 33.989283 33.745293 32.981846 32.183967 31.697598 30.503781 29.376798 28.289411 27.360449 26.378424 25.221553 23.676455 21.801933 19.697368 17.041243 14.106273 10.970023 9.713322 9.397904 9.044650 8.303218 7.581700 6.944777 6.305440 6.547224 6.454048 5.701096 4.555417 4.201957 3.962114 3.525091 2.765821 1.497243 0.095628 0.000000 0.000000 0.000000 0.000000 0.000000 0.000000 0.000000 0.000000 0.000000 0.000000 0.000000 0.000000 0.000000 0.000000 0.000000
27.940710 31.067844 32.977824 33.282558 32.866321 32.355115 31.269793 31.940060 34.283943 33.844106 31.798105 33.555736 34.390958 34.393258 34.307866 33.787703 33.187421 33.025089 32.231683 30.984180 30.070196 29.369277 28.556849 27.487700 26.134667 24.675997 22.958000 20.940750 18.463855 15.515649 12.302993 10.394784 9.909348 9.578996 9.047107 8.398105 7.746474 7.002149 6.454211 6.595513 6.312826 5.755192 5.123021 4.635542 4.098704 3.398901 2.117658 0.263756 0.037631 0.000000 0.000000 0.000000 0.000000 0.000000 0.000000 0.000000 0.000000 0.000000 0.000000 0.000000 0.000000 0.000000 0.000000
24.722428 29.214074 31.803233 32.932767 33.516547 33.182423 32.504416 33.744473 34.492854 34.066429 31.451917 33.786304 34.009013 34.120913 34.329167 33.733852 33.681321 33.656802 32.755890 31.787434 31.122235 30.393693 29.424816 28.114125 26.814872 25.715015 24.133910 22.099066 19.707594 16.820146 13.828480 11.351435 10.409060 10.138014 9.721760 9.124711 8.686131 8.395086 7.851155 6.966316 6.569748 6.694181 6.359444 5.568717 4.834356 4.147504 2.807588 0.469027 0.090492 0.000000 0.000000 0.000000 0.000000 0.000000 0.000000 0.000000 0.000000 0.000000 0.000000 0.000000 0.000000 0.000000 0.000000
21.470323 27.211321 30.704631 32.621675 33.298725 32.065800 30.833608 32.480449 34.548825 33.962988 30.590224 33.516370 34.504123 34.354369 34.167888 33.747161 34.008411 33.974654 33.193089 32.625366 31.996114 31.001074 29.980884 28.710766 28.006184 27.295983 25.574657 23.270063 20.754190 18.071737 15.169130 12.428807 11.169571 10.823968 10.526141 10.119359 10.059466 9.778579 8.942656 7.912902 7.243249 7.301085 7.178643 6.486378 5.649776 4.914890 3.653062 0.759697 0.182297 0.010455 0.000000 0.000000 0.000000 0.000000 0.000000 0.000000 0.000000 0.000000 0.000000 0.000000 0.000000 0.000000 0.000000
18.053667 24.640140 29.144617 31.832604 32.914244 31.291889 30.033082 31.327908 34.706440 34.360146 29.988204 33.688670 34.787957 34.307786 33.896132 33.367114 33.900244 34.141094 33.634200 33.165067 32.282346 31.416732 30.811823 30.035891 29.749456 28.545512 26.839802 24.523626 22.080281 19.544529 16.499671 13.654564 12.012207 11.652165 11.413467 10.888283 10.681083 10.375122 9.578487 8.584021 7.919085 7.258748 6.950392 6.706798 6.430398 5.968233 4.843739 1.147240 0.264088 0.094594 0.000000 0.000000 0.000000 0.000000 0.000000 0.000000 0.000000 0.000000 0.000000 0.000000 0.000000 0.000000 0.000000
15.100208 22.158280 27.750787 31.417914 33.057782 32.569584 29.778250 30.915203 34.104990 35.301272 31.075164 33.816003 34.652035 34.517023 33.943393 33.584812 34.244847 33.937461 33.630560 33.359304 32.509343 32.344753 32.148481 31.340092 30.636081 29.238625 27.587287 25.598823 23.578417 20.917760 17.942666 15.116607 12.823422 12.074132 11.773441 11.253141 10.825090 10.591152 9.991973 9.119389 8.482637 7.754930 6.754133 6.477753 6.849325 6.937198 6.075933 1.827538 0.406863 0.188431 0.000000 0.000000 0.000000 0.000000 0.000000 0.000000 0.000000 0.000000 0.000000 0.000000 0.000000 0.000000 0.000000
12.647073 19.735235 26.122930 30.721243 32.949389 32.907148 30.649548 30.757610 33.336965 34.744679 30.592225 33.833228 34.718359 34.280314 34.169922 33.939330 33.847383 33.616700 33.736742 33.670678 33.155266 33.494877 32.784858 31.803710 31.252760 30.061338 28.367593 26.919408 24.857943 22.183821 19.614974 16.365131 13.682192 12.467414 12.176695 11.406559 10.855178 10.711799 10.326767 9.619647 9.075402 8.335632 7.324672 6.124585 6.197907 6.944472 6.596797 2.787527 0.770336 0.360729 0.000000 0.000000 0.000000 0.000000 0.000000 0.000000 0.000000 0.000000 0.000000 0.000000 0.000000 0.000000 0.000000
11.207470 17.193465 23.986806 29.408243 32.521321 33.045161 32.203450 30.963476 32.222638 33.462906 29.587641 34.468091 35.041311 33.847385 33.760659 33.653954 33.447188 33.262502 33.634112 33.826250 33.670919 33.757509 32.966249 32.478920 32.255153 31.251652 29.780536 28.113175 26.097957 24.131264 21.234906 17.705369 15.072499 13.265536 12.334417 11.439990 11.062796 10.878764 10.453455 9.986989 9.558209 8.968965 7.917458 6.766829 5.145547 6.364756 6.871351 3.978919 1.255620 0.572728 0.061889 0.000000 0.000000 0.000000 0.000000 0.000000 0.000000 0.000000 0.000000 0.000000 0.000000 0.000000 0.000000
11.020208 14.844992 21.727498 27.957775 31.735574 32.890658 31.777767 31.679064 32.269149 31.952592 28.792923 34.352042 35.709603 33.850149 33.579025 33.720350 33.780878 33.331464 33.859935 34.116778 33.864386 33.757179 33.552535 33.432618 32.976077 31.568419 29.976905 28.539926 27.419482 25.625421 22.931480 19.810754 16.845864 14.146821 12.233898 11.640135 11.183019 10.751029 10.324316 10.394614 10.172523 9.554833 8.459597 7.279295 5.795876 5.881804 7.193082 5.186846 1.991540 0.855488 0.134090 0.038915 0.000000 0.000000 0.000000 0.000000 0.000000 0.000000 0.000000 0.000000 0.000000 0.000000 0.000000
11.270622 13.463801 19.852853 26.508129 30.897968 32.279387 31.059232 30.948851 31.952751 30.515135 28.729486 34.160627 37.463308 37.010505 34.492258 34.683633 35.020302 35.341134 35.088286 34.969855 34.023586 33.870361 33.921918 33.761784 32.946827 31.757212 30.227315 28.673630 28.266228 26.412513 24.180477 21.334868 18.134135 14.970777 12.574674 11.949004 11.242263 10.733504 10.831573 10.914699 10.627722 9.946960 9.149235 8.247411 6.795990 6.690458 7.430258 6.091392 2.794467 1.432095 0.249777 0.117271 0.000000 0.000000 0.000000 0.000000 0.000000 0.000000 0.000000 0.000000 0.000000 0.000000 0.000000
11.642980 12.716801 18.227484 24.911403 30.150668 32.122666 30.536442 31.212530 31.679281 30.094089 29.189839 35.424927 39.160599 37.760664 35.364957 34.254322 34.983504 35.611138 35.667721 35.127139 34.316171 34.049497 33.858369 33.527956 32.998663 31.999962 30.686898 29.510188 28.709210 26.904842 25.359418 22.615185 19.340961 16.123707 13.651147 12.457134 11.657353 11.355864 11.227886 11.087996 10.833920 10.354042 9.934698 9.121236 7.725050 7.555161 7.423874 6.364197 3.759474 1.975496 0.409515 0.227065 0.047511 0.000000 0.000000 0.000000 0.000000 0.000000 0.000000 0.000000 0.000000 0.000000 0.000000
12.087768 12.149773 16.532020 23.059034 29.113484 32.323402 30.286264 31.650176 31.755666 31.450420 31.356576 37.775982 39.689608 38.201397 36.207469 33.437224 34.717228 35.276843 35.069616 34.870013 34.646603 34.836944 34.428669 34.290335 34.040664 33.299197 32.121494 30.734993 29.557080 28.532598 26.346355 23.668952 20.874836 17.618583 14.911416 13.168588 12.292595 11.659882 11.550762 11.315672 11.162069 10.918592 10.504714 9.586205 8.493636 7.652478 7.080321 6.186781 4.762367 2.390034 0.552550 0.375689 0.142690 0.000000 0.000000 0.000000 0.000000 0.000000 0.000000 0.000000 0.000000 0.000000 0.000000
12.643567 11.844307 14.886437 21.103943 28.094108 32.130322 31.709704 31.630266 33.552633 33.485799 35.639238 39.600281 39.353689 38.794693 37.336152 35.919753 34.895038 34.308818 34.097856 34.098584 34.358173 34.683622 34.660447 34.470772 34.307440 33.674694 32.701986 31.314189 30.309461 28.805545 26.954564 24.882492 22.423175 19.274613 16.348658 14.335959 13.046233 12.192736 11.785249 11.462929 11.257935 11.041217 10.584373 9.677559 8.964050 7.758539 6.628479 6.086575 5.630763 3.107465 0.582043 0.570406 0.283272 0.000000 0.000000 0.000000 0.000000 0.000000 0.000000 0.000000 0.000000 0.000000 0.000000
13.250911 11.736185 13.542821 19.148037 26.488461 31.446948 31.167999 31.149767 33.265405 33.907418 37.108757 38.729913 39.129133 38.764752 37.691832 37.144568 35.002570 33.328063 33.123405 32.785914 33.216015 33.533392 33.458708 33.400112 33.595558 33.558790 32.784183 31.644105 30.268772 28.977735 27.406431 25.934799 23.694520 20.986721 17.973284 15.698852 14.275539 12.876276 11.990205 11.746975 11.177093 10.965346 10.475225 9.863944 9.308075 8.357358 6.944612 5.840585 5.583328 4.253920 0.700519 0.708159 0.502634 0.073856 0.000000 0.000000 0.000000 0.000000 0.000000 0.000000 0.000000 0.000000 0.000000
13.884377 11.856594 12.470302 17.679073 24.664327 31.022796 30.412938 30.602675 33.162159 32.845088 37.126605 38.898407 38.814211 38.615848 38.383138 37.766712 35.476701 33.773727 32.445412 30.894364 32.163218 32.438251 32.213047 32.325229 32.834487 32.849188 32.445382 31.416709 29.932734 29.044093 28.273844 26.983011 25.215546 22.679851 19.526160 17.356899 15.478142 13.663556 12.889098 12.040985 11.243044 10.792213 10.262379 10.035231 9.641456 8.999640 7.572208 5.948371 5.575761 5.021337 1.192558 0.682038 0.536435 0.232213 0.000000 0.000000 0.000000 0.000000 0.000000 0.000000 0.000000 0.000000 0.000000
14.374366 12.223226 11.996094 17.016332 24.135432 30.524725 29.905062 30.664261 33.174993 31.876825 37.555805 38.926000 38.537817 38.411525 38.698127 37.955223 35.950732 35.573424 34.140592 33.633300 33.435890 32.287850 31.404029 31.618009 32.066310 32.239625 32.342394 31.029734 29.938858 29.266549 29.303303 28.005904 26.259673 23.927044 21.328144 18.776651 16.348219 14.845542 13.606410 12.338622 11.461601 10.688002 10.242982 10.186580 10.167215 9.603355 8.024819 6.392631 5.644295 5.042268 2.257614 0.601433 0.645241 0.362274 0.008391 0.000000 0.000000 0.000000 0.000000 0.000000 0.000000 0.000000 0.000000
14.970325 13.029416 12.006427 16.561302 24.579787 29.906376 29.769814 31.201427 33.670317 32.491665 37.718649 38.662518 38.124439 37.990633 38.290094 38.192657 36.638264 36.526678 35.623860 34.468963 33.676030 32.279061 30.940329 31.074037 31.432792 31.831655 32.371069 31.157329 29.791823 30.134239 29.168897 28.038362 26.750317 25.071250 22.726066 20.245945 18.007820 16.126177 14.346455 12.945323 11.848822 11.010719 10.638722 10.647722 11.031209 10.171268 8.869834 7.296897 5.921071 5.221280 2.797627 1.241397 0.772296 0.506796 0.120511 0.000000 0.000000 0.000000 0.000000 0.000000 0.000000 0.000000 0.000000
15.849889 13.885496 12.217948 17.104644 25.045587 29.272271 28.890060 32.300087 33.364165 35.751822 37.883060 38.362532 39.060459 38.942751 39.380786 38.494590 37.474939 36.290963 35.271864 34.617053 34.518336 33.833232 32.430299 31.579564 31.003869 31.691159 32.380999 31.574539 30.769384 30.187218 29.212997 28.371850 27.252030 26.007826 24.114372 21.664116 19.456460 17.234784 15.271006 13.827999 12.474163 11.622925 11.390591 11.680722 11.591065 10.914968 10.168786 8.350384 6.516484 5.669411 3.317966 2.037969 1.275603 0.643044 0.184124 0.000000 0.000000 0.000000 0.000000 0.000000 0.000000 0.000000 0.000000
16.559037 14.230520 12.313378 17.669051 25.108757 28.579946 28.259443 32.407583 32.842656 38.879859 39.313690 40.247800 40.010880 39.479567 38.888364 38.387308 37.644576 36.501990 35.511043 34.882735 34.730324 34.821342 34.244015 33.172325 31.964019 32.004444 32.362745 31.570943 30.851789 30.222690 29.272388 28.590542 28.270131 27.331228 25.280431 22.976487 21.070943 18.687175 16.614467 14.910511 13.618562 12.541262 12.268990 12.021829 11.574192 11.698144 10.986888 9.269143 7.156224 5.833732 3.659504 2.391278 1.739583 0.976298 0.328990 0.048303 0.000000 0.000000 0.000000 0.000000 0.000000 0.000000 0.000000
16.697016 14.537809 12.684874 18.247087 25.128929 28.095775 28.195363 32.592643 32.269985 39.072068 40.356159 39.871781 39.335207 39.160883 38.780485 38.328805 37.752138 36.783253 35.911508 35.005445 34.640437 35.052754 34.619261 34.157934 33.757960 33.144005 32.353518 31.806698 31.390527 30.846742 30.335849 30.589036 30.595054 28.761121 26.647662 24.718781 22.488228 20.074044 18.022815 16.355673 14.651203 13.394711 12.736510 12.033014 11.813713 12.161634 11.470949 9.982325 7.713872 5.888116 3.889765 2.559299 2.041348 1.334797 0.524858 0.141381 0.000000 0.000000 0.000000 0.000000 0.000000 0.000000 0.000000
16.611903 15.446948 13.567790 19.429986 25.701683 28.793381 28.346258 32.269948 31.992535 38.517658 39.601815 38.966573 38.485026 38.655690 38.578286 38.134932 37.867411 37.197958 36.467278 35.659593 34.982030 35.028247 34.545712 33.993330 33.911932 33.285473 32.130524 32.029837 32.215746 32.397955 32.640918 32.621017 31.471127 29.447778 27.764441 25.818997 23.402410 21.225184 19.406377 17.581850 15.689372 14.434908 13.305759 12.476296 12.320483 12.219476 11.651069 10.509444 8.550947 6.304144 4.178071 2.857644 2.091608 1.474729 0.680709 0.249321 0.000000 0.000000 0.000000 0.000000 0.000000 0.000000 0.000000
16.567571 15.722620 14.659104 20.422612 25.972227 28.605458 28.612765 31.286017 33.576751 38.563639 38.953859 38.486045 38.504883 38.349647 38.212954 37.860973 38.214179 37.878300 37.343324 36.623140 35.800343 35.032123 34.559481 34.444174 34.513217 33.834885 32.892032 32.420521 32.816231 33.601919 32.925098 32.141287 31.631912 30.509391 28.576553 26.386456 24.067129 22.038323 20.494674 18.758150 17.005190 15.425765 14.052795 13.063665 12.438636 11.988397 11.658912 10.952684 9.387859 6.962122 4.451044 3.050580 2.251691 1.482954 0.735818 0.365876 0.000000 0.000000 0.000000 0.000000 0.000000 0.000000 0.000000
16.676967 15.772190 15.577277 21.071907 26.004066 29.191353 28.680437 29.141583 34.227879 38.557850 38.416894 37.953385 38.091668 37.943290 37.913421 38.163186 37.926613 37.717456 37.598262 37.365736 36.465823 35.501499 35.216209 35.363041 35.078450 34.592664 34.534818 34.362545 34.276952 33.384638 32.736968 31.797345 32.394350 31.232452 28.995884 26.954440 24.909498 23.218498 21.612057 19.878143 18.129448 16.219916 14.667141 13.449719 12.429021 11.848740 11.738612 11.159718 9.945775 7.753685 4.789206 3.052792 2.331459 1.396736 0.773726 0.494936 0.092583 0.000000 0.000000 0.000000 0.000000 0.000000 0.000000
17.033167 16.189544 16.502563 21.590110 26.197494 29.878167 29.429363 26.220354 36.054470 38.282682 37.965198 37.266391 37.569331 37.464289 38.021937 39.024971 38.633886 38.800813 38.961838 38.224960 37.131003 36.703913 36.494694 35.997287 34.915382 34.301463 34.330131 34.382378 34.046268 32.831152 32.054728 32.555287 32.437277 31.283562 29.840017 28.163741 26.345897 24.688266 22.854100 21.103204 19.100206 16.970129 15.354702 13.938060 12.750856 12.240131 11.928903 11.283373 10.437869 8.695757 5.504988 3.258698 2.558175 1.534684 0.771242 0.520588 0.278256 0.000000 0.000000 0.000000 0.000000 0.000000 0.000000
17.231046 16.516728 17.332501 22.081521 26.527221 31.081242 31.034467 29.009657 37.225121 37.848936 38.168082 38.706056 39.058596 38.812348 38.803166 39.611346 40.347714 40.455936 40.185255 39.196078 38.427940 37.847579 37.114155 36.078962 34.792745 34.087288 33.733219 33.869094 34.223113 34.439604 34.292311 33.590987 32.001364 30.904031 29.484791 28.140360 26.797291 25.353871 23.836022 22.234274 20.240235 18.194092 16.521286 15.073379 13.893734 13.015329 12.269454 11.563802 11.004828 9.720689 6.625521 3.853310 2.905620 1.795186 0.835677 0.624555 0.383327 0.028805 0.000000 0.000000 0.000000 0.000000 0.000000
17.535025 16.654495 17.905965 22.516850 28.301888 33.109944 31.341601 34.724053 37.955397 38.574807 39.225111 39.197899 38.854328 38.344963 38.147023 38.806148 40.155445 40.091191 39.815429 39.469477 39.466475 38.609522 37.398240 36.073625 34.996448 34.052581 33.241016 33.090250 33.430104 33.543510 33.583404 33.438029 31.956872 30.912924 29.353012 28.189171 27.040000 25.906678 24.969647 23.523415 21.599662 19.913443 18.453188 16.852639 15.246459 13.795546 12.775049 12.140209 11.835444 10.776309 7.890136 4.461860 3.083781 2.071418 1.028639 0.694740 0.484251 0.149875 0.000000 0.000000 0.000000 0.000000 0.000000
