data/RealTopo/Outputs_RealTopo/Wog_02_curv_MoT-Voellmy_s_max.asc
ncols        490
nrows        555
xllcorner    167452.5
yllcorner    361952.5
cellsize     5.00
NODATA_value -9999
[rows 429 to 461 of 555, columns 304 to 379 of 490]
25.443 26.057 26.571 26.877 27.009 27.083 27.262 27.699 28.309 28.170 27.753 27.357 27.022 26.662 26.568 26.596 27.028 28.329 29.453 30.495 31.045 31.079 31.054 31.121 30.905 30.507 30.349 30.024 28.951 27.085 25.792 25.692 26.431 27.729 28.682 29.596 30.478 31.784 32.611 33.025 33.488 33.940 33.307 32.684 32.599 31.825 31.878 31.489 31.730 32.168 32.841 32.949 33.178 33.931 34.727 34.732 34.544 34.173 34.321 34.266 33.575 32.924 32.232 31.016 30.021 29.150 27.443 26.002 24.739 23.189 21.505 19.515 17.444 15.425 13.140 10.089
26.674 26.948 26.982 27.126 27.259 27.313 27.364 27.507 27.596 27.440 27.250 27.031 26.833 26.497 26.373 26.477 26.446 27.791 28.955 30.150 30.773 31.125 31.328 31.291 30.881 30.662 30.430 29.973 29.067 27.244 25.724 25.520 26.197 27.289 28.126 29.106 30.237 31.419 32.505 33.022 33.162 33.115 32.641 32.202 31.620 31.630 31.276 31.092 31.524 31.952 32.436 32.638 33.108 34.441 34.897 34.914 34.962 34.180 33.943 33.951 33.130 32.764 32.235 31.370 30.477 29.368 28.084 26.841 24.981 24.373 22.566 19.942 18.232 16.504 14.116 11.213
26.604 26.760 26.729 26.744 26.850 26.907 26.821 26.990 27.032 26.976 26.812 26.830 26.549 26.328 26.319 26.344 26.156 27.209 28.633 29.652 30.538 31.290 31.240 31.215 31.039 30.801 30.440 29.967 29.087 27.286 25.783 25.290 25.959 26.817 27.854 28.796 29.892 31.199 32.410 32.951 32.640 32.356 32.109 31.602 31.550 31.527 30.916 31.035 31.158 32.034 32.711 32.767 33.429 34.903 34.838 34.055 34.254 34.080 33.126 32.756 33.100 32.872 32.040 31.405 30.438 29.505 28.494 27.074 26.146 24.766 22.417 20.837 18.920 16.902 14.641 12.175
25.724 25.928 26.260 26.401 26.654 26.704 26.652 26.740 26.705 26.604 26.536 26.606 26.450 26.416 26.195 26.157 25.900 26.695 28.246 29.138 30.444 31.051 31.168 31.312 31.105 30.846 30.472 29.966 29.084 27.379 25.708 25.091 25.616 26.487 27.626 28.265 29.681 31.141 32.235 32.591 32.152 32.075 31.974 31.850 31.599 31.287 31.093 31.076 31.776 32.956 32.575 32.255 33.026 34.465 34.018 32.683 33.207 33.380 32.725 32.688 33.008 32.400 31.587 30.901 30.191 29.558 28.490 27.120 26.142 24.753 23.508 21.366 19.096 17.310 15.326 13.184
25.347 25.788 26.145 26.492 26.647 26.600 26.613 26.487 26.405 26.367 26.510 26.534 26.405 26.344 26.218 25.977 25.719 26.090 27.792 28.830 29.898 30.699 31.211 31.302 31.182 30.859 30.610 29.993 29.086 27.503 25.553 25.101 25.284 26.238 27.074 27.945 29.680 31.053 31.986 32.185 32.040 32.202 32.072 31.343 31.115 31.589 31.567 31.477 31.910 31.894 31.480 31.931 32.089 32.540 32.208 32.047 32.645 32.606 32.373 32.416 32.182 31.566 31.377 30.857 30.245 29.548 28.373 27.474 26.639 25.395 23.686 21.969 19.950 17.850 16.153 14.127
25.424 25.774 26.153 26.461 26.404 26.508 26.507 26.201 26.159 26.354 26.481 26.333 26.557 26.487 26.189 25.773 25.634 25.566 27.191 28.441 29.338 30.594 31.266 31.443 31.166 30.877 30.652 30.088 29.150 27.562 25.390 24.966 25.011 25.967 26.693 27.657 29.559 31.019 31.719 31.985 32.077 31.842 31.714 31.365 30.919 31.121 31.493 31.032 31.114 31.314 30.990 30.491 30.250 30.937 31.336 31.683 31.918 31.895 32.067 32.065 31.858 31.741 31.512 30.841 30.340 29.451 28.585 27.789 26.746 25.614 24.103 22.595 20.546 18.671 16.736 14.935
25.479 25.642 25.981 26.175 26.316 26.359 26.321 26.132 26.019 26.129 26.325 26.423 26.442 26.153 26.021 25.810 25.651 25.491 26.424 28.039 29.241 30.387 31.161 31.425 31.135 31.014 30.667 30.107 29.195 27.593 25.158 24.690 24.861 25.692 26.588 27.354 29.573 30.958 31.574 32.004 32.062 31.842 31.424 30.881 30.683 30.977 31.074 31.441 31.792 30.737 29.520 28.908 29.178 30.089 30.792 31.031 31.331 31.590 31.897 31.957 31.999 31.821 31.301 30.768 30.273 29.580 28.793 27.805 26.850 25.810 24.634 22.959 21.571 19.535 17.383 15.691
25.332 25.484 25.724 26.044 26.232 26.312 26.262 26.129 25.871 25.799 25.964 26.112 26.057 26.047 25.940 25.851 25.712 25.320 25.757 27.520 28.986 30.036 30.904 31.247 31.323 30.992 30.573 30.144 29.318 27.631 24.900 24.481 24.763 25.627 26.532 27.410 29.376 30.749 31.661 32.063 32.030 31.749 31.250 31.155 30.449 30.421 31.240 31.163 29.862 28.912 28.343 27.984 28.367 29.260 29.941 30.458 30.870 31.365 31.813 31.912 31.856 31.574 31.088 30.615 30.213 29.716 28.891 27.971 27.059 26.024 25.069 23.650 22.281 20.379 18.345 16.219
25.211 25.284 25.569 25.953 26.216 26.370 26.175 25.887 25.527 25.431 25.514 25.662 25.848 25.977 25.907 25.749 25.560 25.381 25.161 27.162 28.764 29.651 30.602 31.245 31.381 30.814 30.492 30.232 29.469 27.654 24.652 24.281 24.728 25.602 26.495 27.281 29.112 30.559 31.658 32.189 32.170 31.787 31.257 31.091 29.887 30.111 30.355 29.804 29.192 28.397 27.648 27.379 27.708 28.511 29.381 30.045 30.547 31.194 31.566 31.690 31.571 31.224 30.938 30.597 30.166 29.650 28.987 28.123 27.124 26.251 25.341 24.252 22.787 21.532 19.145 16.780
25.096 25.176 25.404 25.766 26.081 26.062 25.839 25.587 25.148 24.917 25.018 25.287 25.558 25.696 25.783 25.672 25.483 25.336 25.223 26.824 28.282 29.395 30.421 31.130 31.168 30.939 30.571 30.280 29.534 27.745 24.493 24.136 24.614 25.422 26.433 27.216 29.026 30.651 31.730 32.252 32.235 31.838 31.185 31.190 29.905 30.107 30.533 30.144 29.516 28.636 27.777 27.300 27.218 27.893 28.806 29.438 30.112 30.790 31.172 31.298 31.196 31.049 30.862 30.464 30.130 29.699 29.029 28.213 27.379 26.440 25.648 24.763 23.506 21.983 20.216 17.945
25.149 25.076 25.181 25.497 25.650 25.448 25.434 25.260 24.795 24.543 24.540 24.762 25.072 25.245 25.378 25.363 25.284 25.182 25.003 26.016 27.896 29.328 30.249 30.940 31.232 31.112 30.675 30.336 29.580 27.880 24.769 24.103 24.442 25.193 26.420 27.288 29.040 30.640 31.742 32.357 32.402 31.894 31.084 31.231 29.770 30.265 30.741 30.675 30.083 29.062 27.936 26.981 26.880 27.353 28.038 28.766 29.519 30.233 30.783 30.993 31.024 30.990 30.763 30.540 30.228 29.737 29.071 28.370 27.527 26.650 25.776 25.010 24.042 22.745 21.211 18.746
24.835 24.608 24.576 24.869 25.088 24.959 24.981 24.763 24.299 24.103 24.037 24.174 24.430 24.727 24.954 25.011 25.043 24.878 24.627 25.225 27.349 28.860 29.936 30.779 31.241 31.204 30.899 30.394 29.558 28.012 25.024 23.966 24.299 25.026 26.309 27.316 29.107 30.748 31.988 32.661 32.685 31.976 30.928 31.393 29.563 30.067 30.723 30.877 30.319 29.236 27.955 27.186 26.980 26.874 27.420 28.124 28.981 29.842 30.402 30.715 30.888 30.885 30.764 30.537 30.171 29.683 29.023 28.401 27.679 26.850 26.012 25.370 24.596 23.327 21.761 19.968
23.868 23.679 23.622 24.149 24.522 24.426 24.334 24.117 23.854 23.686 23.632 23.846 23.934 24.110 24.355 24.484 24.557 24.397 24.238 24.221 26.464 28.225 29.615 30.509 31.043 31.225 30.938 30.288 29.519 28.125 25.246 23.745 24.129 24.846 26.148 27.329 29.244 30.995 32.165 32.780 32.775 31.995 30.853 31.603 29.273 29.865 30.709 31.040 30.619 29.575 28.538 27.874 27.043 26.697 27.001 27.608 28.489 29.357 29.973 30.439 30.664 30.706 30.667 30.441 30.142 29.674 29.133 28.518 27.870 27.108 26.259 25.559 24.904 23.774 22.451 20.802
22.964 22.996 23.094 23.515 23.862 23.889 23.875 23.615 23.435 23.347 23.361 23.372 23.284 23.415 23.637 23.889 24.059 24.016 23.859 23.764 25.565 27.590 29.161 30.104 30.781 31.163 30.952 30.332 29.578 28.263 25.551 23.487 23.935 24.653 25.851 27.085 29.132 30.916 32.056 32.732 32.804 32.110 30.855 31.852 29.017 29.612 30.655 31.240 30.974 30.241 29.512 28.626 27.445 26.690 26.627 27.052 27.890 28.765 29.467 30.003 30.313 30.476 30.493 30.387 30.144 29.667 29.180 28.598 27.986 27.255 26.382 25.635 24.926 24.129 23.078 21.475
22.700 22.608 22.706 23.080 23.272 23.373 23.337 23.104 23.074 23.038 23.013 22.835 22.702 22.887 23.087 23.287 23.483 23.534 23.396 23.315 24.579 26.845 28.637 29.814 30.608 31.053 30.931 30.390 29.667 28.470 25.930 23.180 23.607 24.226 25.413 26.744 28.793 30.654 31.950 32.740 32.857 32.168 30.834 32.103 28.802 29.382 30.581 31.249 31.275 30.988 30.291 29.049 27.685 26.695 26.371 26.668 27.338 28.144 28.869 29.425 29.914 30.204 30.307 30.294 30.019 29.637 29.220 28.663 28.077 27.318 26.478 25.782 25.153 24.391 23.474 22.190
22.413 22.392 22.461 22.644 22.651 22.745 22.902 22.983 22.879 22.746 22.649 22.299 22.169 22.272 22.395 22.605 22.799 22.843 22.799 22.849 23.442 25.909 28.021 29.451 30.310 30.706 30.769 30.447 29.800 28.620 26.258 22.816 23.203 23.788 24.974 26.291 28.380 30.474 31.891 32.692 32.858 32.235 30.907 32.365 28.572 29.015 30.293 31.146 31.461 31.370 30.680 29.457 28.071 26.926 26.396 26.428 26.800 27.378 28.173 28.918 29.541 29.880 30.072 30.098 29.838 29.598 29.286 28.685 27.948 27.263 26.650 25.938 25.254 24.582 23.728 22.733
22.224 22.136 22.184 22.214 22.292 22.693 22.967 22.874 22.735 22.582 22.234 21.811 21.674 21.629 21.682 21.846 21.948 22.010 22.160 22.221 22.141 24.920 27.263 28.870 29.854 30.364 30.583 30.525 29.959 28.714 26.569 23.124 22.692 23.292 24.534 25.956 28.058 30.267 31.758 32.588 32.842 32.303 31.023 32.510 28.342 28.518 29.916 30.974 31.589 31.711 31.118 29.895 28.394 27.214 26.557 26.288 26.310 26.807 27.674 28.514 29.134 29.491 29.751 29.791 29.708 29.561 29.094 28.469 27.936 27.456 26.766 25.879 25.254 24.737 23.939 22.980
21.998 21.754 21.790 21.952 22.246 22.638 22.719 22.641 22.598 22.375 21.927 21.424 21.136 21.032 21.026 21.008 20.978 21.115 21.425 21.580 21.724 23.883 26.385 28.195 29.391 30.182 30.480 30.414 29.886 28.773 26.879 23.534 22.209 22.887 24.189 25.702 27.751 29.977 31.524 32.481 32.787 32.337 31.154 32.524 28.170 28.022 29.526 30.902 31.661 31.821 31.318 30.177 28.835 27.673 26.883 26.451 26.283 26.578 27.222 28.053 28.583 28.946 29.298 29.454 29.526 29.300 28.898 28.522 27.959 27.359 26.693 26.007 25.310 24.659 23.907 23.184
21.571 21.406 21.400 21.642 21.809 21.939 22.247 22.356 22.169 21.928 21.553 21.085 20.776 20.516 20.343 20.196 20.185 20.505 21.009 21.190 21.392 22.742 25.551 27.519 28.835 29.696 30.149 30.253 29.720 28.771 27.147 24.048 21.795 22.556 23.839 25.234 27.280 29.624 31.198 32.358 32.627 32.276 31.255 32.448 28.035 27.502 29.122 30.653 31.481 31.737 31.436 30.457 29.307 28.173 27.305 26.742 26.422 26.412 26.816 27.461 27.941 28.420 28.820 29.064 29.168 29.026 28.859 28.492 27.901 27.284 26.660 26.020 25.349 24.569 23.991 23.596
21.051 21.030 21.015 21.007 20.999 21.277 21.647 21.666 21.622 21.425 21.161 20.738 20.470 20.146 19.823 19.647 19.785 20.229 20.638 20.893 21.303 21.478 24.404 26.596 28.243 29.210 29.771 30.006 29.518 28.763 27.463 24.688 21.497 22.029 23.275 24.668 26.638 29.130 30.901 32.131 32.381 32.137 31.270 32.273 27.894 26.971 28.539 30.282 31.298 31.687 31.411 30.588 29.636 28.521 27.541 26.880 26.541 26.437 26.579 26.903 27.450 28.045 28.368 28.624 28.808 28.959 28.679 28.247 27.746 27.174 26.675 26.005 25.344 24.657 24.149 23.699
20.617 20.576 20.403 20.351 20.328 20.559 20.924 21.179 21.120 20.903 20.709 20.400 20.157 19.777 19.427 19.323 19.523 19.879 20.264 20.727 21.177 21.204 23.215 25.724 27.607 28.606 29.373 29.606 29.371 28.887 27.684 25.175 21.858 21.433 22.737 24.109 26.014 28.654 30.554 31.816 32.099 31.943 31.208 32.052 27.761 26.600 28.049 29.935 31.098 31.577 31.387 30.704 29.808 28.751 27.669 26.999 26.814 26.409 26.350 26.648 27.185 27.620 27.873 28.191 28.452 28.543 28.301 28.080 27.672 27.205 26.593 25.941 25.427 24.707 24.178 23.670
20.185 19.983 19.893 19.888 19.742 19.965 20.418 20.687 20.524 20.493 20.201 19.919 19.673 19.222 18.968 18.988 19.149 19.477 19.952 20.522 20.971 20.822 21.764 24.675 26.752 28.110 28.952 29.212 29.322 28.797 27.684 25.561 22.403 20.948 22.260 23.620 25.407 28.197 30.244 31.506 31.855 31.702 31.109 31.758 27.657 26.447 27.577 29.631 30.903 31.517 31.439 30.663 29.821 28.842 27.808 27.310 26.932 26.440 26.537 26.760 27.051 27.241 27.584 27.759 28.022 28.153 28.129 28.040 27.396 26.930 26.429 25.949 25.369 24.748 24.174 23.594
19.676 19.508 19.470 19.415 19.322 19.499 19.898 20.096 20.050 20.008 19.657 19.529 19.094 18.713 18.443 18.379 18.575 18.942 19.350 19.971 20.439 20.317 20.279 23.520 25.691 27.338 28.515 28.981 29.074 28.455 27.653 25.916 23.068 20.719 21.825 23.232 24.918 27.758 30.004 31.309 31.586 31.421 31.018 31.444 27.605 26.285 27.098 29.134 30.658 31.462 31.246 30.510 29.810 28.947 28.031 27.494 26.989 26.882 26.866 26.933 26.977 27.173 27.413 27.392 27.666 27.745 27.881 27.541 27.152 26.996 26.359 25.835 25.337 24.855 24.108 23.531
19.255 19.224 19.065 19.066 18.989 19.091 19.359 19.527 19.660 19.567 19.266 19.084 18.609 18.252 17.736 17.519 17.808 18.151 18.588 19.363 19.819 19.816 19.609 22.150 24.713 26.680 27.941 28.435 28.653 28.225 27.549 26.139 23.693 21.118 21.490 22.890 24.479 27.374 29.681 31.022 31.335 31.219 30.930 31.166 27.490 26.099 26.639 28.765 30.416 31.242 31.091 30.459 29.771 29.000 28.143 27.534 27.334 27.230 26.991 27.105 27.112 27.313 27.402 27.332 27.349 27.347 27.428 27.281 27.227 26.721 26.167 25.746 25.308 24.730 24.053 23.527
18.907 18.616 18.593 18.789 18.722 18.741 18.778 19.034 19.251 19.097 18.880 18.659 18.174 17.651 17.124 16.828 16.911 17.138 17.641 18.368 19.073 19.435 19.262 20.901 23.680 25.963 27.307 28.019 28.175 27.932 27.291 26.219 24.503 21.869 21.522 22.503 24.075 26.927 29.321 30.801 31.118 31.093 30.850 30.846 27.308 25.844 26.288 28.333 30.132 31.112 31.081 30.380 29.716 29.052 28.189 27.653 27.575 27.360 27.335 27.377 27.304 27.554 27.589 27.412 27.178 26.963 26.986 27.079 26.989 26.494 26.062 25.600 25.151 24.663 24.128 23.476
18.185 18.299 18.379 18.456 18.381 18.285 18.255 18.720 18.803 18.655 18.574 18.227 17.600 17.022 16.555 16.094 15.882 16.237 16.766 17.429 18.558 19.063 18.836 19.933 22.801 25.204 26.626 27.527 27.602 27.604 27.269 26.598 25.254 22.487 21.796 22.484 23.811 26.395 28.870 30.567 30.870 30.923 30.786 30.419 27.130 25.514 25.933 27.882 29.906 31.067 31.137 30.235 29.644 29.060 28.276 27.739 27.592 27.546 27.646 27.618 27.578 27.804 27.861 27.557 27.038 26.817 26.844 26.889 26.728 26.214 25.909 25.483 25.018 24.575 24.090 23.348
17.765 18.021 18.032 18.065 17.870 17.901 18.052 18.182 18.108 18.104 18.051 17.639 16.897 16.294 16.027 15.529 15.354 15.388 16.166 16.454 17.969 18.586 18.402 19.212 21.925 24.273 26.045 26.954 27.082 27.382 27.254 26.892 25.761 22.927 22.111 22.647 23.595 25.818 28.426 30.192 30.613 30.756 30.543 29.990 26.964 25.119 25.657 27.381 29.583 31.120 31.127 30.179 29.497 28.960 28.338 27.813 27.550 27.526 28.017 28.214 27.962 28.081 28.220 27.797 27.290 26.992 26.867 26.609 26.296 26.042 25.628 25.208 24.875 24.582 23.906 23.355
17.206 17.317 17.568 17.485 17.402 17.579 17.523 17.000 17.102 17.332 17.149 16.908 16.200 15.733 15.625 14.865 14.824 14.556 15.299 15.411 17.107 17.948 17.827 18.577 21.279 23.528 25.217 26.050 26.642 27.205 27.100 27.333 26.280 23.194 22.293 22.734 23.457 25.326 27.852 29.798 30.340 30.511 30.288 29.679 26.788 24.910 25.223 27.017 29.524 30.653 30.265 29.492 29.046 28.730 28.476 27.987 27.740 27.805 28.408 28.534 27.998 28.311 28.675 28.273 27.937 27.324 26.967 26.529 26.179 25.912 25.280 25.103 24.806 24.333 23.717 23.133
16.061 16.514 16.794 16.797 16.870 16.806 16.295 15.745 15.985 16.246 16.208 16.159 15.474 15.106 14.770 13.878 14.029 13.391 13.870 14.705 16.264 17.300 17.111 18.165 20.725 22.549 24.184 25.304 26.084 26.789 27.038 27.654 26.234 23.081 22.251 22.847 23.419 24.899 27.249 29.383 29.993 30.227 30.189 29.338 26.347 24.630 25.282 26.593 28.263 29.353 29.345 28.800 28.674 28.677 28.446 28.098 28.158 28.167 28.483 28.290 27.705 28.465 29.179 29.004 28.369 27.744 27.172 26.593 26.383 25.622 25.069 24.837 24.568 24.182 23.605 22.850
14.742 15.292 15.831 16.104 16.088 15.630 15.211 14.766 14.726 15.107 15.322 15.354 14.427 14.090 13.752 12.741 12.906 11.979 12.587 14.583 14.142 15.512 16.087 17.593 20.043 21.787 23.318 24.433 25.263 26.275 26.795 27.061 25.779 23.713 22.545 22.878 23.404 24.550 26.578 28.883 29.622 30.020 30.101 28.935 26.139 24.741 24.946 25.598 27.108 28.430 28.692 28.380 28.627 28.855 28.333 27.843 27.655 27.413 28.322 27.768 27.846 29.242 29.189 28.770 28.323 27.839 27.140 26.735 26.521 25.518 24.723 24.478 24.341 23.990 23.332 22.601
12.523 13.749 14.654 14.957 15.036 14.579 14.170 13.882 13.754 13.864 14.156 14.460 13.263 13.061 12.753 11.305 11.265 2.223 4.396 7.573 11.202 13.549 14.676 16.932 19.381 21.184 22.647 23.545 24.396 25.691 26.402 26.582 26.062 24.392 22.868 22.766 23.409 24.297 25.887 28.355 29.208 29.796 29.912 28.643 26.099 24.757 24.532 25.008 26.260 27.727 28.163 27.862 28.218 28.586 28.556 27.588 26.498 27.124 27.772 27.424 28.820 28.931 28.163 27.411 27.224 26.620 26.175 25.951 25.394 24.694 24.253 24.071 23.896 23.541 23.055 22.507
9.692 11.649 12.771 13.395 13.774 13.641 13.288 13.090 12.767 12.451 12.706 13.327 12.187 11.712 11.294 0.642 1.098 1.675 2.406 5.388 8.417 11.264 12.920 16.162 18.881 20.787 22.056 22.908 23.696 25.091 25.953 26.343 26.178 24.404 22.845 22.837 23.536 24.122 25.173 27.761 28.849 29.693 29.275 28.033 25.818 24.623 24.377 24.757 25.648 27.056 27.619 27.540 28.125 28.828 28.226 26.206 25.796 27.147 26.697 28.026 28.524 27.094 25.691 25.020 24.722 24.457 24.878 24.729 24.376 24.425 24.242 23.639 23.265 23.185 23.026 22.202
5.941 8.254 10.079 11.307 12.181 12.565 12.227 11.805 11.569 10.892 11.119 11.574 0.000 0.000 0.091 0.388 0.725 1.193 1.783 2.398 5.649 8.225 11.143 15.414 18.516 20.426 21.564 22.408 23.037 24.437 25.392 25.995 25.714 24.146 23.161 23.130 23.604 24.000 24.592 27.199 28.499 29.164 28.389 26.954 25.185 24.670 24.254 24.395 25.115 26.462 27.280 27.339 28.066 28.297 27.152 26.054 25.775 25.687 25.883 27.335 26.447 24.793 23.180 23.077 23.015 23.530 24.026 24.101 23.809 24.209 24.236 23.660 22.894 22.744 22.702 22.104
