data/RealTopo/Outputs_RealTopo/Wog_02_curv_MoT-Voellmy_s_max.asc
ncols        490
nrows        555
xllcorner    167452.5
yllcorner    361952.5
cellsize     5.00
NODATA_value -9999
[rows 330 to 362 of 555, columns 228 to 303 of 490]
0.000 0.000 0.000 0.000 0.000 0.000 0.000 0.000 0.000 0.000 0.000 0.000 0.000 0.000 0.000 0.000 0.000 0.000 0.000 0.000 0.000 0.000 0.000 0.042 0.091 0.146 0.226 0.344 0.442 0.666 1.032 1.488 2.554 3.349 3.315 6.374 24.508 28.195 29.488 28.970 29.297 29.705 29.711 29.068 33.354 36.486 38.390 39.600 41.073 41.046 38.386 36.709 35.590 34.386 31.868 32.669 23.425 23.267 23.012 22.713 22.736 22.658 22.520 22.929 24.351 26.213 28.070 29.463 31.199 33.576 35.771 37.619 39.054 40.475 41.720 42.914
0.000 0.000 0.000 0.000 0.000 0.000 0.000 0.000 0.000 0.000 0.000 0.000 0.000 0.000 0.000 0.000 0.000 0.000 0.000 0.000 0.000 0.000 0.006 0.068 0.118 0.185 0.277 0.408 0.497 0.816 1.176 1.800 3.094 3.816 3.804 8.465 25.420 28.501 29.629 29.326 29.335 29.443 29.364 28.634 33.449 36.319 38.175 39.532 40.818 41.414 41.051 39.434 37.790 36.246 33.210 34.007 24.896 24.553 24.108 23.582 23.160 22.876 22.719 22.514 22.697 24.620 26.373 27.478 29.140 30.883 33.215 36.399 38.202 39.718 41.101 42.486
0.000 0.000 0.000 0.000 0.000 0.000 0.000 0.000 0.000 0.000 0.000 0.000 0.000 0.000 0.002 0.016 0.007 0.000 0.000 0.000 0.000 0.000 0.043 0.090 0.145 0.226 0.334 0.452 0.540 0.958 1.391 2.133 3.510 4.081 4.115 10.708 26.198 28.734 29.607 29.702 29.802 29.614 28.956 27.779 33.378 36.100 38.097 39.729 40.747 41.233 41.820 41.458 40.424 39.005 35.518 35.329 25.547 25.327 24.958 24.514 23.903 23.396 23.063 22.832 22.470 22.304 24.052 25.762 27.208 29.018 30.742 33.956 36.873 38.815 40.476 41.957
0.000 0.000 0.000 0.000 0.000 0.000 0.000 0.000 0.000 0.000 0.000 0.000 0.000 0.000 0.052 0.088 0.075 0.010 0.000 0.000 0.000 0.012 0.067 0.109 0.173 0.267 0.396 0.502 0.632 1.135 1.690 2.598 4.019 4.420 4.321 12.802 26.900 28.927 29.531 30.032 30.112 29.735 29.069 27.822 33.417 36.032 37.994 39.845 41.017 42.012 42.804 41.874 40.531 39.396 37.374 36.709 24.703 24.804 24.693 24.455 24.079 23.745 23.394 23.069 22.655 22.294 22.607 24.732 26.163 28.259 29.376 30.966 34.890 37.740 39.688 41.410
0.000 0.000 0.000 0.000 0.000 0.000 0.000 0.000 0.005 0.011 0.005 0.002 0.001 0.021 0.095 0.127 0.129 0.065 0.003 0.000 0.010 0.050 0.085 0.133 0.208 0.317 0.452 0.562 0.784 1.346 1.981 3.104 4.588 4.868 4.695 14.900 27.404 29.171 29.397 30.065 30.313 29.570 28.643 27.906 33.347 35.974 38.041 40.034 41.640 42.712 42.546 41.655 40.465 39.372 37.615 37.487 24.883 22.634 23.082 23.545 23.726 23.711 23.563 24.138 23.628 22.770 22.824 24.829 26.206 27.393 28.932 29.654 32.956 36.194 38.702 40.917
0.000 0.000 0.000 0.000 0.000 0.000 0.002 0.020 0.054 0.064 0.048 0.032 0.037 0.075 0.118 0.140 0.133 0.087 0.012 0.009 0.048 0.071 0.103 0.159 0.247 0.382 0.534 0.624 0.940 1.542 2.203 3.480 4.909 5.047 5.065 17.301 28.282 29.417 29.529 30.161 30.090 29.057 27.718 27.751 33.124 35.707 37.824 40.063 41.811 42.597 42.317 41.641 40.437 39.547 37.763 37.618 26.172 22.926 21.564 22.262 23.088 23.417 23.450 24.875 24.720 22.737 22.828 24.026 26.209 27.501 29.521 30.783 32.356 35.158 37.642 40.156
0.000 0.000 0.000 0.000 0.000 0.005 0.044 0.079 0.096 0.093 0.074 0.065 0.070 0.095 0.136 0.149 0.125 0.080 0.021 0.044 0.068 0.085 0.127 0.190 0.298 0.458 0.604 0.668 1.090 1.700 2.503 3.769 4.984 5.082 5.420 19.167 29.441 30.135 29.769 30.346 29.965 28.633 26.992 27.559 32.979 35.536 37.613 39.908 41.457 42.158 42.304 41.920 40.590 39.918 38.404 37.629 26.797 24.021 21.302 21.418 23.500 23.371 23.835 25.398 25.590 23.807 22.590 22.743 25.076 27.558 30.005 31.874 32.895 35.182 37.493 39.657
0.000 0.000 0.000 0.000 0.002 0.047 0.095 0.104 0.112 0.106 0.086 0.081 0.087 0.109 0.153 0.150 0.106 0.060 0.043 0.064 0.078 0.104 0.160 0.241 0.383 0.543 0.641 0.714 1.227 1.881 2.888 4.135 4.991 5.211 5.996 19.975 29.452 30.993 30.475 30.770 29.810 28.131 26.157 27.450 32.686 35.548 37.791 39.603 40.964 41.942 42.616 42.301 40.931 40.383 39.068 37.625 27.130 24.523 21.928 22.083 25.065 25.456 25.624 27.222 27.639 25.961 22.637 22.363 22.389 25.374 28.004 30.594 32.540 34.608 37.294 39.478
0.000 0.000 0.000 0.000 0.034 0.101 0.109 0.111 0.119 0.119 0.100 0.091 0.101 0.124 0.175 0.145 0.084 0.056 0.060 0.075 0.103 0.152 0.214 0.311 0.463 0.603 0.661 0.853 1.429 2.141 3.300 4.547 5.107 5.572 7.348 20.471 28.760 30.805 30.869 31.065 29.909 27.974 25.425 27.456 32.484 35.356 37.736 39.768 41.356 42.267 42.765 42.562 41.225 40.829 39.696 37.641 27.494 24.958 22.412 22.226 26.019 26.364 26.727 29.208 29.544 28.147 23.905 22.034 21.826 22.448 25.106 27.758 30.274 32.649 35.421 37.966
0.000 0.000 0.000 0.011 0.085 0.112 0.114 0.120 0.125 0.129 0.119 0.104 0.111 0.135 0.188 0.130 0.066 0.060 0.072 0.106 0.156 0.198 0.256 0.374 0.538 0.648 0.688 0.999 1.645 2.462 3.751 4.915 5.531 6.674 9.230 20.923 28.447 30.203 30.668 30.744 29.608 27.637 24.705 27.440 32.212 35.358 37.892 40.286 41.961 42.363 42.499 42.603 41.426 41.095 40.448 37.830 28.000 25.487 23.020 22.338 26.607 26.305 26.115 29.791 31.752 30.917 27.472 21.337 21.179 21.011 23.569 25.801 28.089 30.601 32.776 35.434
0.000 0.000 0.001 0.041 0.096 0.111 0.123 0.129 0.128 0.133 0.133 0.119 0.120 0.144 0.190 0.115 0.071 0.076 0.106 0.149 0.194 0.246 0.327 0.449 0.586 0.665 0.690 1.122 1.743 2.820 4.133 5.150 6.357 8.719 11.275 21.565 28.305 29.749 30.316 30.042 28.880 26.562 23.873 27.219 31.975 35.342 38.211 40.496 41.668 42.588 43.201 42.474 41.328 40.881 40.652 38.216 28.607 26.178 23.808 22.532 27.203 26.064 25.524 29.409 32.159 33.125 31.092 24.293 20.704 20.499 22.325 24.454 26.468 28.894 31.436 33.773
0.000 0.000 0.009 0.067 0.095 0.109 0.129 0.141 0.139 0.140 0.138 0.124 0.127 0.148 0.191 0.113 0.084 0.112 0.153 0.194 0.238 0.307 0.407 0.545 0.667 0.699 0.666 1.217 1.986 3.257 4.592 5.725 8.082 10.748 13.360 21.979 27.885 29.260 30.100 29.528 27.861 25.194 23.436 26.889 31.757 35.573 38.243 39.902 41.519 42.911 43.273 42.716 40.975 40.659 40.986 38.454 29.275 27.041 24.682 22.845 27.782 26.020 24.647 28.721 31.689 33.446 33.081 28.905 19.883 20.171 22.363 24.037 25.799 27.509 30.299 32.990
0.000 0.002 0.038 0.084 0.095 0.107 0.130 0.139 0.144 0.144 0.137 0.129 0.131 0.148 0.195 0.119 0.133 0.175 0.211 0.247 0.298 0.374 0.479 0.620 0.725 0.722 0.722 1.431 2.447 3.844 5.363 7.613 10.300 12.942 15.537 22.128 27.305 28.458 29.355 28.760 26.648 24.051 22.663 26.508 31.421 34.876 37.726 40.150 41.861 42.934 43.361 42.838 41.052 40.886 41.281 38.535 30.065 27.874 25.432 23.323 28.389 26.162 23.660 28.150 31.250 33.367 33.861 30.569 22.646 20.484 23.371 26.036 28.639 30.769 32.578 35.041
0.000 0.013 0.065 0.090 0.102 0.110 0.119 0.123 0.135 0.155 0.160 0.158 0.131 0.143 0.191 0.158 0.199 0.224 0.246 0.285 0.354 0.438 0.557 0.695 0.750 0.705 0.864 1.697 2.889 4.427 6.798 9.849 12.695 15.547 17.928 22.166 26.924 27.943 28.527 27.794 25.251 23.283 22.145 25.748 30.785 34.476 37.647 40.557 41.839 42.636 43.567 42.790 41.549 41.666 41.372 38.487 30.576 28.483 26.162 23.930 29.085 26.542 22.580 27.482 30.699 33.030 33.869 31.201 24.239 18.767 22.213 25.876 28.431 31.272 34.297 37.249
0.001 0.024 0.066 0.084 0.099 0.108 0.114 0.131 0.149 0.162 0.166 0.176 0.142 0.136 0.187 0.196 0.235 0.253 0.276 0.337 0.416 0.502 0.629 0.759 0.770 0.667 1.050 2.032 3.334 5.420 8.789 12.143 15.144 18.021 20.080 22.275 26.568 27.789 28.015 27.072 24.167 21.831 20.538 24.750 29.886 33.988 37.396 40.475 42.465 43.266 43.162 42.113 41.792 41.875 41.096 38.156 30.670 29.102 26.940 24.556 29.820 27.009 22.532 26.551 30.149 32.638 33.561 31.690 25.885 17.220 18.097 21.741 25.771 28.846 31.875 35.075
0.001 0.023 0.055 0.069 0.081 0.093 0.113 0.135 0.149 0.156 0.172 0.175 0.181 0.178 0.195 0.221 0.264 0.291 0.321 0.397 0.479 0.570 0.702 0.800 0.777 0.641 1.237 2.431 4.105 7.287 11.032 14.580 18.267 20.799 22.177 22.698 26.390 27.866 27.659 26.651 23.866 20.625 18.874 23.694 28.952 33.564 37.744 40.580 41.925 42.101 41.650 41.813 42.038 41.293 40.571 37.632 30.705 29.467 27.502 25.063 30.459 27.420 22.317 25.344 29.509 32.311 33.334 32.075 27.749 19.107 15.971 17.027 18.978 23.986 28.123 31.461
0.033 0.055 0.078 0.084 0.086 0.085 0.102 0.118 0.123 0.153 0.189 0.222 0.241 0.199 0.188 0.237 0.277 0.330 0.388 0.456 0.538 0.640 0.789 0.859 0.736 0.572 1.482 2.867 5.431 9.790 13.377 17.200 20.947 23.437 24.289 24.098 26.550 28.160 28.116 27.190 24.783 21.353 19.293 22.620 27.611 32.921 37.581 39.690 40.764 41.166 41.020 41.732 41.753 40.776 40.306 37.152 30.793 29.521 27.891 25.556 30.835 27.697 21.875 24.216 28.956 32.001 33.312 32.519 29.125 21.985 13.396 15.728 15.745 17.347 22.457 27.452
0.134 0.109 0.090 0.097 0.117 0.133 0.141 0.142 0.135 0.154 0.198 0.229 0.232 0.239 0.226 0.261 0.295 0.386 0.444 0.521 0.606 0.712 0.885 0.871 0.657 0.517 1.767 3.726 7.765 12.267 15.745 19.203 22.054 23.993 24.695 24.380 26.828 28.441 28.722 28.109 26.327 22.738 19.539 21.328 26.749 32.422 36.626 38.935 40.319 40.935 40.945 41.053 41.165 40.505 39.887 36.627 30.680 29.607 28.324 26.034 31.258 27.931 21.593 23.223 28.437 31.812 33.339 32.932 30.174 24.147 14.630 13.291 14.608 15.374 19.438 23.713
0.154 0.143 0.128 0.119 0.132 0.161 0.184 0.216 0.270 0.294 0.279 0.268 0.316 0.344 0.345 0.273 0.318 0.457 0.502 0.603 0.684 0.756 0.989 0.855 0.639 0.579 2.083 5.558 10.628 14.374 17.969 21.154 21.690 21.295 22.511 23.665 26.940 28.448 29.406 29.462 27.874 23.381 19.910 20.211 25.641 31.565 36.070 38.396 39.105 40.453 41.047 40.404 40.854 40.207 39.289 36.111 30.673 29.872 28.707 26.549 31.755 27.936 21.375 22.111 27.758 31.518 33.143 33.086 31.098 25.902 16.337 11.716 12.203 14.918 17.105 21.744
0.188 0.170 0.179 0.180 0.156 0.214 0.241 0.241 0.364 0.488 0.517 0.484 0.526 0.561 0.479 0.310 0.332 0.500 0.579 0.724 0.738 0.769 1.086 0.841 0.447 0.778 2.746 8.083 13.351 16.788 19.954 20.540 20.215 20.711 21.412 24.177 26.930 28.552 30.371 31.619 28.554 23.148 20.256 20.140 25.372 30.457 34.252 36.802 38.248 40.032 40.523 40.219 40.509 39.834 38.990 35.842 30.879 30.052 28.949 27.376 31.854 27.583 20.624 20.411 26.784 30.596 32.405 33.312 31.985 27.199 17.884 11.508 10.902 14.916 14.680 20.736
0.374 0.324 0.327 0.384 0.367 0.430 0.517 0.393 0.418 0.654 0.794 0.820 0.831 0.840 0.740 0.509 0.333 0.518 0.639 0.855 0.773 0.868 1.156 0.691 0.360 1.022 4.778 11.191 15.715 18.499 18.598 18.730 20.084 21.487 22.387 24.714 26.930 28.817 31.519 31.578 27.934 24.011 21.264 20.816 23.515 29.023 32.433 35.228 38.047 38.672 39.377 40.124 40.422 39.594 38.871 35.652 31.003 30.248 29.468 28.338 31.835 27.312 20.207 18.871 25.011 29.491 31.815 32.830 32.235 28.358 19.414 12.581 11.213 15.719 12.843 18.899
0.824 0.741 0.706 0.913 1.024 1.116 1.435 1.332 1.034 1.321 1.248 1.305 1.330 1.196 1.028 0.819 0.528 0.451 0.672 0.925 0.669 1.081 1.199 0.629 0.373 1.361 7.154 13.674 16.428 17.380 16.669 19.515 21.727 22.146 23.361 25.026 26.931 28.827 31.709 31.193 28.747 25.257 23.058 22.715 22.882 26.686 30.841 33.775 36.784 38.295 38.879 39.616 39.841 39.552 38.994 35.520 31.316 30.794 30.356 28.806 31.864 26.925 20.019 17.097 22.685 27.849 30.872 32.564 32.726 29.013 20.864 13.799 11.714 16.490 12.989 15.158
1.060 1.098 1.145 1.179 1.346 1.554 2.043 2.064 1.802 1.905 1.953 1.964 1.889 1.694 1.366 1.136 0.747 0.545 0.748 0.888 0.649 1.284 1.201 0.608 0.343 2.531 9.969 15.233 16.383 17.788 20.483 22.162 22.897 22.977 23.778 25.295 26.971 29.349 31.783 31.721 30.277 27.899 26.300 23.109 21.546 24.977 29.573 33.051 36.003 37.761 38.974 39.812 39.604 39.431 38.780 35.516 32.230 31.404 30.837 28.744 31.943 26.233 19.529 14.593 20.464 26.252 29.982 32.780 33.010 29.364 22.400 14.994 12.126 17.335 13.411 13.303
5.411 4.986 4.450 3.817 3.285 2.569 2.568 2.548 2.466 2.478 2.510 2.670 2.574 2.276 1.887 1.612 1.268 0.959 0.775 0.817 0.668 1.463 1.101 0.477 0.341 5.259 11.650 16.176 19.099 20.845 22.571 22.742 22.776 23.307 23.939 25.706 27.525 30.282 31.992 32.215 31.443 30.258 26.805 22.421 21.999 23.589 28.472 32.436 35.372 37.500 39.020 39.961 39.768 39.013 38.295 35.424 32.931 31.857 30.929 29.068 31.732 25.817 18.911 12.435 18.813 24.506 29.376 32.261 32.394 30.223 23.280 16.032 12.645 18.034 13.808 14.167
7.200 6.608 5.910 5.322 4.974 4.271 3.458 3.452 3.271 3.035 3.237 3.699 3.603 3.143 2.457 2.120 2.031 1.442 0.923 0.743 0.596 1.627 0.987 0.736 1.599 7.462 12.944 16.460 20.451 21.341 21.594 21.724 22.341 23.205 24.333 26.539 28.683 30.824 32.139 32.494 32.048 30.430 26.624 23.442 22.150 23.254 27.559 31.727 34.976 37.172 38.577 39.732 39.752 38.683 38.019 35.783 33.763 32.542 31.338 29.401 31.136 25.014 18.556 13.488 16.781 22.121 28.051 31.132 32.366 31.262 24.853 17.762 13.529 18.876 14.347 15.031
7.853 7.373 6.818 6.638 6.376 5.567 4.866 4.826 4.463 3.882 4.033 4.570 4.478 3.964 3.318 2.860 2.579 2.246 1.496 0.735 0.577 1.860 1.655 1.595 4.326 9.832 14.730 17.485 19.811 20.564 20.963 21.619 22.344 23.361 25.063 27.415 29.459 30.647 31.858 32.514 32.000 30.413 27.552 24.187 22.600 23.251 26.530 31.016 34.398 36.630 38.310 39.792 39.583 38.599 37.984 36.211 34.780 33.170 31.568 29.440 30.581 23.694 17.267 14.095 14.732 20.572 26.933 30.572 32.380 31.553 26.088 19.255 14.549 19.287 14.751 15.946
8.420 8.069 7.817 7.925 7.444 6.644 6.181 5.824 5.267 4.780 4.882 5.311 5.156 4.576 3.858 3.467 3.165 2.786 2.170 1.565 0.431 2.577 3.694 4.281 6.443 12.428 17.130 19.224 20.514 21.361 21.666 21.904 22.390 23.571 25.819 28.285 29.694 30.345 31.544 32.279 31.919 30.740 28.123 25.027 22.971 23.394 25.691 30.185 33.694 36.036 38.234 39.348 39.032 38.753 38.033 36.955 35.453 33.230 31.845 29.558 30.255 22.944 16.319 15.383 14.985 19.124 25.694 29.962 32.222 31.859 27.216 20.779 15.596 19.760 15.494 17.117
9.312 8.973 9.112 9.145 8.545 7.925 7.541 7.064 6.468 5.897 5.999 6.228 6.060 5.454 4.693 4.315 3.903 3.495 2.711 1.974 0.891 3.480 4.430 4.721 9.103 15.107 19.043 20.733 21.534 21.592 21.519 21.903 22.544 24.094 26.627 28.871 29.566 30.166 31.236 32.163 32.222 31.321 28.891 26.013 23.784 23.882 25.563 29.139 32.793 35.579 37.853 38.677 38.529 38.730 38.381 37.323 35.228 33.365 32.052 29.637 29.875 22.507 17.716 16.558 15.758 17.456 24.149 29.140 31.798 32.188 28.381 22.325 16.996 20.205 16.364 17.957
10.324 10.206 10.534 10.321 9.737 9.245 8.797 8.198 7.651 7.306 7.246 7.205 7.034 6.511 5.799 5.163 4.611 4.074 3.361 2.878 2.181 4.196 4.332 6.816 12.206 17.195 20.087 21.363 21.336 21.099 21.279 21.934 22.971 24.982 27.510 28.973 29.607 30.363 31.184 32.201 32.568 31.615 29.715 27.384 24.878 24.125 25.395 27.963 31.828 35.026 37.436 38.283 38.328 38.454 38.054 36.552 34.934 34.114 32.338 30.031 29.469 22.437 18.924 17.653 16.575 17.063 22.341 28.169 31.482 32.705 29.371 23.523 18.467 20.478 17.537 18.654
11.701 11.738 11.759 11.234 10.719 10.272 9.748 9.163 8.621 8.293 8.297 8.245 7.960 7.299 6.513 5.977 5.446 4.917 4.514 4.125 3.390 4.253 5.723 9.149 14.649 18.350 20.297 21.023 20.674 20.602 21.371 22.275 23.705 25.864 27.906 28.925 29.773 30.569 30.955 31.943 32.543 31.956 30.542 28.250 25.287 24.166 25.329 27.373 30.873 34.231 36.879 38.019 38.100 38.160 37.330 35.558 35.207 34.820 33.043 30.507 29.073 22.891 20.393 18.599 17.410 17.661 21.404 27.176 31.014 32.794 29.773 24.700 19.854 20.622 18.764 19.467
13.328 13.182 12.691 12.017 11.502 10.898 10.421 9.953 9.451 9.134 9.292 9.302 8.827 8.079 7.354 6.802 6.507 6.282 5.686 4.831 4.220 4.170 7.295 11.167 15.936 18.695 19.944 20.283 20.310 20.632 21.532 22.883 24.590 26.513 27.990 29.073 30.047 30.345 30.474 31.664 32.568 32.183 30.887 28.620 25.691 24.581 25.262 27.001 30.035 33.467 36.150 37.575 37.921 37.874 36.781 35.187 35.563 35.390 33.637 30.777 28.925 23.605 21.779 19.511 18.334 18.376 21.795 26.192 30.516 32.726 29.776 24.867 20.783 20.863 19.745 19.964
14.802 14.240 13.525 12.901 12.131 11.440 11.071 10.700 10.364 10.226 10.476 10.447 9.946 9.238 8.544 7.996 7.836 7.299 6.411 5.840 5.395 4.758 8.553 12.349 16.475 18.978 20.073 20.379 20.276 20.876 22.192 23.902 25.554 26.814 27.846 29.232 30.168 29.958 29.943 31.441 32.761 32.503 31.023 29.005 26.498 24.865 25.181 26.783 29.255 32.679 35.538 37.173 37.769 37.721 36.421 34.944 35.996 35.971 34.150 31.323 28.925 24.784 22.808 20.477 19.495 19.181 22.240 25.853 29.940 32.312 29.647 25.348 21.505 21.267 20.673 20.548
15.787 15.212 14.461 13.749 12.798 12.139 11.767 11.485 11.296 11.366 11.579 11.411 11.036 10.437 9.718 9.198 8.787 8.018 7.373 6.954 6.269 5.492 9.533 13.645 17.286 19.245 19.979 19.976 20.236 21.418 23.187 24.824 26.121 26.690 27.667 29.177 30.149 30.036 29.769 30.959 32.387 32.430 31.285 29.504 27.146 25.532 25.418 26.643 28.830 31.922 34.849 36.706 37.608 37.614 36.350 34.982 36.229 36.444 34.846 31.773 28.906 25.859 23.839 21.602 20.617 20.133 22.665 26.074 29.535 31.755 29.170 25.809 22.369 21.711 21.491 21.031
