data/RealTopo/Outputs_RealTopo/Wog_02_curv_MoT-Voellmy_s_max.asc
ncols        490
nrows        555
xllcorner    167452.5
yllcorner    361952.5
cellsize     5.00
NODATA_value -9999
[rows 165 to 197 of 555, columns 152 to 227 of 490]
23.336 23.577 23.771 24.036 24.293 24.629 25.047 25.620 26.026 26.127 26.104 26.739 27.667 28.727 29.319 29.546 29.925 29.963 29.668 29.680 31.176 32.373 32.073 31.654 31.571 30.542 29.416 28.236 26.646 24.180 20.701 15.804 9.255 3.773 2.139 1.230 0.635 0.437 0.679 1.021 1.352 1.661 1.824 1.861 1.818 1.773 1.670 1.764 2.302 2.197 2.870 2.737 1.664 3.313 4.466 3.638 2.578 2.507 2.378 2.143 1.973 1.799 1.452 1.364 1.825 2.152 1.925 1.776 1.898 2.281 2.225 2.089 2.228 5.688 7.567 7.394
23.715 23.868 24.115 24.375 24.677 25.043 25.473 25.826 25.934 25.891 25.876 26.041 27.206 28.247 28.629 29.155 29.644 29.827 29.598 29.255 31.113 31.946 32.515 32.503 31.945 31.270 29.967 29.071 27.588 25.517 22.628 18.119 11.784 5.138 2.425 1.405 0.736 0.372 0.527 0.795 1.176 1.567 1.757 1.900 2.000 1.831 1.712 1.807 2.171 2.363 2.783 2.463 1.319 2.120 4.661 3.876 2.688 2.631 2.459 2.272 2.076 1.910 1.530 1.309 1.511 2.032 1.941 1.892 1.965 2.338 2.207 2.057 2.304 5.161 7.384 7.624
24.157 24.399 24.717 24.961 25.250 25.518 25.686 25.761 25.760 25.784 25.824 26.144 26.690 27.382 27.830 28.650 29.231 29.907 29.386 28.064 30.344 31.858 33.087 33.150 32.568 31.983 30.654 29.785 28.526 26.853 24.321 20.296 14.450 7.405 2.938 1.697 0.881 0.327 0.366 0.556 0.925 1.291 1.585 1.795 1.904 1.868 1.832 1.708 2.303 2.582 3.016 2.303 1.050 1.616 4.503 4.248 2.844 2.767 2.711 2.469 2.220 2.004 1.581 1.308 1.366 1.779 1.921 1.989 2.047 2.396 2.308 2.069 2.364 4.613 7.051 7.665
24.827 25.174 25.334 25.473 25.738 25.836 25.710 25.666 25.691 25.810 25.896 26.260 26.288 26.237 27.103 28.019 28.783 29.741 29.740 27.880 28.657 31.945 33.169 33.674 33.350 32.649 31.239 30.394 29.399 28.042 25.835 22.291 17.272 10.204 4.186 2.033 1.043 0.369 0.188 0.320 0.542 0.915 1.306 1.556 1.765 1.919 1.979 1.907 2.317 2.516 3.277 2.395 1.200 1.618 4.286 4.448 3.094 2.831 2.911 2.781 2.431 2.170 1.661 1.424 1.442 1.573 1.747 1.962 2.040 2.304 2.307 2.039 2.293 3.877 6.678 7.555
25.568 25.694 25.718 25.894 26.073 26.012 25.810 25.687 25.834 25.865 25.989 26.046 25.769 25.745 26.409 27.353 28.245 29.066 29.402 28.262 28.307 31.537 32.659 33.964 33.951 33.121 31.883 31.063 30.227 29.074 27.243 24.340 19.806 12.975 5.944 2.455 1.233 0.447 0.085 0.117 0.216 0.456 0.814 1.218 1.549 1.833 2.082 1.930 1.855 2.275 2.901 2.290 1.338 1.657 4.060 4.535 3.373 2.882 2.994 3.013 2.646 2.368 1.799 1.511 1.474 1.496 1.479 1.663 1.865 2.175 2.166 2.044 2.293 3.505 6.325 7.653
26.091 26.079 26.079 26.259 26.292 26.223 26.093 25.983 26.049 25.868 25.819 25.555 25.570 25.849 26.040 26.717 27.627 28.478 29.155 28.487 28.557 30.432 32.713 33.475 34.266 33.618 32.517 31.647 30.966 30.023 28.326 25.858 21.841 16.036 8.525 3.286 1.507 0.553 0.084 0.034 0.069 0.128 0.279 0.647 1.087 1.504 1.837 1.710 1.957 2.321 2.669 2.394 1.692 1.682 3.908 4.546 3.620 3.158 2.993 3.083 2.903 2.553 2.022 1.543 1.447 1.480 1.350 1.427 1.882 2.248 2.406 2.227 2.449 3.375 6.247 7.907
26.600 26.602 26.645 26.663 26.638 26.600 26.504 26.342 25.992 25.613 25.386 25.399 25.719 25.941 26.027 26.087 26.970 28.000 28.752 28.161 28.261 30.628 32.400 32.886 34.425 34.064 33.256 32.150 31.534 30.716 29.445 27.438 24.197 19.490 11.872 4.766 1.861 0.670 0.099 0.001 0.010 0.016 0.034 0.101 0.298 0.767 1.525 2.108 2.385 2.463 2.568 2.486 2.198 1.947 3.433 4.382 4.001 3.597 3.143 3.044 3.057 2.761 2.229 1.528 1.481 1.497 1.369 1.431 1.833 2.381 2.587 2.415 2.619 3.411 6.099 8.194
27.486 27.525 27.775 27.869 27.933 27.562 27.157 26.475 25.605 25.240 25.281 25.568 25.798 25.839 25.851 26.058 26.278 27.414 28.301 28.005 27.638 30.002 31.772 33.133 33.931 34.326 33.764 32.510 32.021 31.415 30.549 28.995 26.532 22.299 15.132 6.590 2.275 0.811 0.115 0.000 0.000 0.000 0.000 0.000 0.000 0.000 0.570 1.906 2.396 2.507 2.286 2.602 2.580 2.418 2.812 3.835 4.082 3.824 3.381 3.091 3.063 2.968 2.370 1.613 1.511 1.503 1.331 1.469 1.776 2.301 2.657 2.670 2.870 3.487 5.777 8.301
28.695 28.938 29.101 29.185 29.074 28.299 27.240 25.882 25.159 25.160 25.398 25.597 25.626 25.631 25.754 26.085 26.303 26.597 27.556 27.709 27.343 29.358 31.158 33.040 33.022 33.803 33.824 32.931 32.579 32.117 31.364 30.254 28.300 24.409 18.309 9.439 2.904 0.983 0.134 0.000 0.000 0.000 0.000 0.000 0.000 0.000 0.048 0.136 2.377 2.630 2.417 2.541 2.757 2.506 2.505 3.275 3.749 3.812 3.766 3.600 3.237 3.062 2.594 1.827 1.450 1.551 1.299 1.466 1.781 2.106 2.621 2.833 2.935 3.652 5.517 8.206
29.702 29.977 29.878 29.519 29.067 27.829 26.149 25.238 25.138 25.336 25.491 25.535 25.578 25.693 25.938 26.164 26.303 26.434 26.759 27.487 27.040 28.415 30.625 32.286 33.017 33.382 33.816 33.855 32.998 32.596 32.172 31.432 29.518 26.073 20.981 12.824 4.529 1.215 0.164 0.000 0.000 0.000 0.000 0.000 0.000 0.000 0.047 0.153 1.822 2.626 2.373 2.461 2.713 2.493 2.527 2.832 3.256 3.803 4.174 4.172 3.708 3.147 2.720 1.919 1.387 1.554 1.314 1.378 1.814 2.156 2.441 2.747 2.917 3.831 5.351 7.909
31.158 31.010 30.412 29.777 28.561 26.749 25.503 25.338 25.465 25.600 25.680 25.721 25.872 26.040 26.196 26.232 26.424 26.531 26.476 27.011 27.027 27.205 29.789 31.474 33.270 33.131 33.998 34.230 33.218 33.070 32.817 31.967 30.106 27.394 23.270 16.295 6.660 1.495 0.207 0.000 0.000 0.000 0.000 0.000 0.000 0.000 0.049 0.165 0.308 2.504 2.479 2.333 2.486 2.582 2.540 2.510 2.948 3.615 4.157 4.338 4.217 3.704 2.838 2.069 1.484 1.512 1.329 1.285 1.746 2.201 2.398 2.534 2.784 3.737 5.171 7.477
32.196 31.588 30.760 29.685 27.796 26.155 25.735 25.776 25.873 25.984 26.052 26.138 26.303 26.365 26.270 26.424 26.676 26.731 26.740 26.542 27.218 26.765 28.154 30.380 32.848 32.745 33.354 33.688 33.834 33.543 33.199 32.364 30.815 28.724 25.077 19.123 9.639 1.995 0.264 0.000 0.000 0.000 0.000 0.000 0.000 0.000 0.054 0.210 0.360 2.369 2.724 2.262 2.479 2.712 2.779 2.601 2.720 3.215 3.788 4.322 4.657 4.307 3.275 2.237 1.641 1.499 1.431 1.280 1.514 2.075 2.398 2.422 2.628 3.216 4.742 6.858
32.410 31.589 30.140 28.444 26.992 26.333 26.273 26.267 26.304 26.389 26.430 26.517 26.603 26.558 26.571 26.857 27.061 27.076 27.000 26.910 26.979 26.918 26.807 29.033 31.667 32.806 32.447 33.027 34.293 33.774 33.402 32.604 31.220 29.246 26.032 21.181 13.156 3.590 0.334 0.000 0.000 0.000 0.000 0.000 0.000 0.000 0.055 0.254 0.453 1.972 2.789 2.057 2.396 2.879 3.123 2.998 2.903 2.913 3.303 4.044 4.685 4.570 3.744 2.537 1.725 1.556 1.522 1.351 1.388 1.897 2.286 2.344 2.447 2.570 4.020 6.139
31.936 30.795 28.958 27.638 27.071 26.919 26.861 26.781 26.764 26.793 26.815 26.871 26.890 26.891 27.034 27.256 27.335 27.287 27.258 27.538 27.761 27.718 26.893 27.737 30.283 32.670 32.500 32.982 33.956 34.208 33.583 32.796 31.288 29.191 26.513 22.590 15.840 6.188 0.471 0.000 0.000 0.000 0.000 0.000 0.000 0.000 0.060 0.261 0.505 1.818 2.697 1.942 2.314 2.778 3.164 3.352 3.296 3.013 3.118 3.672 4.366 4.764 4.287 3.050 1.922 1.622 1.549 1.428 1.399 1.784 2.234 2.377 2.350 2.404 3.365 5.669
31.515 29.942 28.420 27.822 27.658 27.548 27.417 27.299 27.272 27.280 27.251 27.198 27.168 27.215 27.382 27.490 27.479 27.540 27.613 28.067 28.454 28.607 28.145 27.591 29.102 32.101 33.013 33.249 33.571 34.329 33.818 33.123 31.618 29.506 26.987 23.213 17.377 8.443 1.449 0.001 0.000 0.000 0.000 0.000 0.000 0.002 0.069 0.312 0.566 1.978 2.807 2.039 2.222 2.469 2.839 3.284 3.442 3.380 3.281 3.481 4.082 4.648 4.557 3.545 2.417 1.749 1.589 1.446 1.407 1.713 2.147 2.304 2.334 2.392 2.625 4.958
31.304 29.642 28.649 28.360 28.230 28.115 27.948 27.827 27.797 27.750 27.628 27.523 27.549 27.619 27.659 27.678 27.742 27.859 27.912 28.483 29.080 29.368 29.090 28.228 29.028 31.034 32.594 32.641 32.981 34.142 34.192 33.408 32.253 30.421 27.927 24.309 19.171 11.044 4.158 0.165 0.000 0.000 0.000 0.000 0.000 0.012 0.081 0.371 0.640 2.211 2.852 2.099 2.179 2.243 2.344 2.895 3.346 3.468 3.433 3.440 3.916 4.434 4.699 4.146 2.944 2.040 1.584 1.381 1.260 1.513 1.970 2.198 2.328 2.377 2.602 3.770
31.209 29.653 29.046 28.890 28.797 28.645 28.449 28.342 28.252 28.121 28.020 27.988 28.013 27.996 27.934 27.960 27.996 27.995 28.088 28.647 29.369 29.840 29.769 28.993 29.127 30.869 32.018 32.364 32.956 33.805 34.325 33.635 32.952 31.557 29.169 25.969 21.140 13.673 7.070 1.829 0.010 0.000 0.000 0.000 0.000 0.017 0.099 0.420 0.725 2.380 2.700 2.022 2.090 2.162 2.143 2.424 2.995 3.290 3.374 3.379 3.861 4.627 5.085 4.676 3.453 2.389 1.766 1.438 1.233 1.312 1.681 2.036 2.281 2.424 2.577 2.476
30.811 29.719 29.480 29.418 29.314 29.142 28.970 28.791 28.652 28.519 28.476 28.439 28.379 28.340 28.300 28.255 28.207 28.291 28.428 28.636 29.528 30.194 30.545 29.984 29.304 30.721 32.294 32.630 32.873 32.722 34.200 33.951 33.429 32.506 30.441 27.526 23.105 16.217 9.871 4.799 0.513 0.000 0.000 0.000 0.000 0.020 0.118 0.496 0.872 2.527 2.570 1.963 2.012 2.177 2.160 2.105 2.561 3.045 3.157 3.239 3.784 4.748 5.221 4.980 3.966 2.832 2.084 1.633 1.319 1.356 1.481 1.834 2.188 2.383 2.466 2.317
30.395 29.901 29.852 29.776 29.688 29.635 29.582 29.311 29.140 29.041 28.886 28.783 28.745 28.712 28.655 28.581 28.595 28.683 28.761 28.819 29.670 30.455 31.098 30.899 29.745 30.449 32.424 32.992 32.424 32.073 33.270 34.077 33.714 33.215 31.750 28.963 25.057 18.936 12.459 7.871 3.205 0.072 0.000 0.000 0.000 0.024 0.140 0.575 0.986 2.557 2.609 2.133 2.000 2.121 2.194 2.063 2.138 2.657 2.896 3.061 3.438 4.439 5.233 5.327 4.672 3.453 2.351 1.716 1.407 1.476 1.494 1.609 1.928 2.496 2.842 2.451
30.329 30.115 30.061 29.994 30.018 30.082 30.009 29.799 29.707 29.583 29.350 29.220 29.176 29.065 28.987 28.932 28.942 29.005 29.072 29.051 29.530 30.488 31.280 31.631 30.831 30.368 31.977 33.435 32.690 32.226 31.602 33.405 34.007 33.698 32.754 30.478 26.954 21.581 14.854 10.688 6.005 1.198 0.000 0.000 0.000 0.025 0.159 0.613 1.017 2.418 2.673 2.348 2.118 2.086 2.165 2.112 1.972 2.311 2.715 2.924 3.198 4.091 5.384 5.883 5.406 4.145 2.684 1.733 1.451 1.481 1.490 1.544 1.980 2.531 3.462 2.872
30.397 30.192 30.139 30.158 30.250 30.377 30.285 30.243 30.180 29.992 29.799 29.634 29.500 29.392 29.308 29.275 29.273 29.322 29.247 29.124 29.133 30.328 31.444 32.308 32.013 30.493 31.455 33.152 33.732 32.725 31.585 31.704 33.851 34.048 33.314 31.757 28.774 23.775 17.163 13.334 9.045 4.484 0.329 0.021 0.020 0.020 0.166 0.654 1.045 2.191 2.607 2.516 2.330 2.206 2.195 2.089 1.929 2.092 2.522 2.871 3.197 3.828 5.062 5.964 5.762 4.667 3.160 1.919 1.417 1.474 1.526 1.505 1.972 2.700 3.805 3.147
30.160 30.090 30.173 30.327 30.452 30.603 30.619 30.564 30.439 30.262 30.094 30.000 29.887 29.789 29.694 29.712 29.683 29.580 29.392 29.276 29.244 30.124 31.435 32.431 32.817 31.785 30.870 32.178 34.041 33.996 32.581 31.690 32.036 34.070 33.723 32.605 30.135 25.769 19.512 15.778 11.838 7.245 2.458 0.114 0.122 0.114 0.139 0.607 1.020 1.760 2.467 2.608 2.518 2.358 2.269 2.096 1.955 1.938 2.214 2.624 3.034 3.480 4.420 5.366 5.617 4.888 3.639 2.309 1.506 1.478 1.649 1.573 1.971 2.744 3.963 3.158
29.837 29.931 30.124 30.302 30.463 30.639 30.707 30.704 30.634 30.566 30.429 30.326 30.166 30.086 30.084 30.079 29.960 29.846 29.778 29.659 29.637 29.858 31.097 32.186 33.097 33.423 31.565 31.353 32.936 34.592 34.218 32.923 31.808 32.548 34.294 33.223 31.144 27.708 21.952 18.017 14.368 10.292 5.323 0.765 0.431 0.452 0.347 0.453 0.860 1.400 2.071 2.429 2.552 2.486 2.339 2.254 2.103 1.993 2.064 2.275 2.642 2.979 3.720 4.647 5.230 5.006 4.245 2.940 1.850 1.464 1.709 1.624 2.069 2.748 3.875 2.910
29.598 29.750 30.003 30.214 30.373 30.570 30.753 30.866 30.917 30.833 30.666 30.476 30.443 30.388 30.367 30.221 30.134 30.215 30.122 30.015 30.008 29.907 30.827 32.033 33.042 33.713 33.352 32.448 32.215 33.171 34.904 34.498 33.455 32.348 34.126 33.753 31.991 29.264 24.429 20.217 16.771 12.909 8.453 4.023 0.626 0.674 0.691 0.611 0.684 1.108 1.539 2.106 2.372 2.515 2.473 2.396 2.263 2.238 2.234 2.250 2.279 2.484 2.936 4.146 4.968 5.203 4.809 3.674 2.344 1.680 1.708 1.757 2.125 2.773 3.835 2.722
29.506 29.760 30.041 30.253 30.401 30.627 30.857 30.953 31.067 30.948 30.874 30.866 30.854 30.615 30.531 30.479 30.402 30.323 30.231 30.259 30.210 30.123 30.557 31.820 32.820 33.638 34.043 33.872 33.572 32.622 33.705 35.391 35.157 33.809 32.883 34.112 32.795 30.410 26.572 22.469 19.070 15.369 11.380 7.042 3.001 0.913 0.999 1.015 0.995 1.008 1.277 1.667 2.045 2.384 2.573 2.602 2.529 2.481 2.307 2.220 2.162 2.227 2.473 3.527 4.779 5.278 5.186 4.431 3.121 2.125 1.754 1.910 2.290 2.654 3.944 2.743
29.217 29.638 29.887 30.143 30.311 30.675 30.892 30.908 31.087 31.083 31.118 31.153 30.984 30.867 30.874 30.756 30.610 30.528 30.498 30.506 30.407 30.347 30.332 31.451 32.818 33.628 34.207 34.295 34.822 34.041 32.823 34.917 35.790 34.893 32.813 33.273 33.552 31.278 28.181 24.909 21.222 17.639 14.125 10.316 6.340 3.057 1.222 1.289 1.331 1.402 1.483 1.541 1.729 2.065 2.463 2.772 2.929 2.759 2.394 2.189 2.111 2.184 2.448 3.060 4.229 5.119 5.411 5.007 3.876 2.734 2.074 1.858 2.413 2.519 3.852 2.858
28.442 28.936 29.226 29.591 29.983 30.523 30.783 30.997 31.166 31.156 31.240 31.263 31.305 31.281 31.232 31.047 30.966 30.878 30.792 30.673 30.488 30.535 30.475 31.014 32.569 33.617 34.199 34.731 35.105 35.490 33.597 33.636 36.043 35.700 34.018 32.222 33.356 32.196 29.679 26.805 23.682 20.127 16.807 13.459 9.912 7.085 4.434 1.680 1.684 1.803 1.923 2.012 2.112 2.178 2.396 2.746 3.097 3.099 2.822 2.337 2.055 2.130 2.468 2.877 3.516 4.858 5.356 5.123 4.444 3.747 2.697 1.976 2.399 2.472 3.710 2.944
27.703 28.117 28.580 28.895 29.485 30.066 30.442 30.931 31.096 31.216 31.447 31.601 31.674 31.608 31.606 31.384 31.116 31.020 30.936 30.852 30.802 30.877 30.697 30.655 32.071 33.424 34.192 35.000 35.147 35.888 35.453 33.524 34.988 36.408 35.147 33.114 32.175 33.200 31.114 28.424 25.746 22.892 19.752 16.295 13.932 11.540 8.836 6.143 3.848 2.348 2.449 2.557 2.661 2.811 2.929 2.867 3.051 3.174 3.257 2.880 2.270 2.111 2.501 2.750 3.127 4.406 5.152 5.317 5.267 4.815 3.561 2.446 2.368 2.546 3.605 3.075
26.971 27.562 28.220 28.749 29.263 29.534 29.962 30.603 30.981 31.424 31.675 31.792 31.806 31.873 31.755 31.517 31.335 31.206 31.195 31.174 31.131 31.064 30.961 30.821 31.446 32.743 33.964 34.786 35.603 35.960 36.402 34.919 34.217 36.049 36.298 34.706 32.473 32.433 32.287 29.917 27.435 25.158 22.422 19.613 17.590 15.526 13.195 10.568 7.774 5.240 2.810 2.806 2.810 2.877 3.028 3.135 3.131 3.328 3.469 3.343 2.977 2.337 2.304 2.538 3.101 3.931 5.167 5.657 5.950 5.588 4.401 3.154 2.454 2.680 3.517 3.210
26.240 27.035 27.858 28.505 28.946 29.419 29.950 30.291 30.830 31.332 31.481 31.720 31.843 31.854 31.742 31.673 31.529 31.482 31.456 31.336 31.325 31.113 30.977 30.920 30.753 32.211 33.709 34.556 35.764 36.348 36.613 36.165 34.728 35.219 36.607 35.888 33.682 31.451 32.570 31.572 29.155 26.730 24.564 23.006 20.978 19.019 17.007 14.691 12.029 9.154 6.181 3.632 2.720 2.703 2.796 2.901 2.966 3.122 3.318 3.463 3.443 3.141 2.529 2.474 3.000 3.541 4.786 5.594 6.146 5.889 5.127 4.131 2.786 2.942 3.307 3.481
25.337 26.485 27.542 28.152 28.639 29.271 29.648 30.143 30.463 30.756 31.025 31.360 31.575 31.641 31.716 31.818 31.774 31.781 31.691 31.588 31.462 31.231 31.135 31.175 30.897 31.811 33.418 34.560 35.562 36.594 36.874 36.827 35.873 34.866 36.054 36.713 34.926 32.032 30.520 33.137 30.659 28.086 26.827 25.780 24.366 22.320 20.267 18.318 15.999 13.281 10.390 7.176 4.724 2.282 2.412 2.569 2.631 2.646 2.837 3.152 3.539 3.611 3.513 2.872 2.703 3.133 4.053 5.311 5.901 5.941 5.797 5.035 3.795 3.010 3.308 3.665
24.149 25.733 26.857 27.436 28.199 28.748 28.476 28.881 29.880 30.242 30.635 30.864 31.181 31.492 31.787 31.856 31.845 31.882 31.804 31.756 31.621 31.641 31.607 31.497 31.332 31.322 33.173 34.749 35.548 36.561 37.221 37.177 36.822 35.315 35.443 36.580 36.298 33.735 29.690 31.615 32.305 29.502 28.766 28.023 27.296 26.589 23.810 21.663 19.542 17.011 14.306 11.149 8.023 5.524 2.387 2.479 2.456 2.411 2.364 2.684 3.525 4.030 4.228 3.641 2.916 2.784 3.330 4.516 5.413 5.931 6.123 5.661 4.833 3.746 3.110 3.540
21.578 23.453 24.664 25.847 26.886 27.108 27.265 27.681 28.447 29.558 30.130 30.500 30.651 31.147 31.631 31.721 31.876 31.777 31.768 31.821 31.789 31.876 31.958 31.829 31.749 31.657 32.856 34.570 35.675 36.586 37.282 37.563 37.414 36.490 35.416 35.800 36.373 36.095 32.601 30.228 32.681 31.150 30.251 29.884 30.016 28.487 26.943 25.651 23.389 20.985 18.246 15.216 11.979 8.787 5.983 2.674 2.504 2.622 2.660 2.691 3.126 4.040 4.363 4.133 3.485 2.956 2.925 3.525 4.721 5.752 6.121 6.099 5.728 4.701 3.276 3.160
