data/RealTopo/Outputs_RealTopo/Wog_02_curv151s_MoT-Voellmy_s_max.asc
ncols        490
nrows        555
xllcorner    167452.5
yllcorner    361952.5
cellsize     5.00
NODATA_value -9999
[rows 170 to 203 of 555, columns 152 to 227 of 490]
23.729 23.933 23.894 23.989 24.165 24.148 23.640 22.838 22.367 21.502 20.564 19.306 17.854 16.873 16.016 15.234 14.771 14.588 14.477 14.110 14.132 14.649 13.587 13.664 13.668 11.696 9.566 8.491 7.507 5.911 3.620 2.138 1.269 0.782 0.519 0.321 0.091 0.000 0.000 0.000 0.000 0.000 0.000 0.000 0.000 0.000 0.000 0.000 0.000 0.000 0.000 0.000 0.000 0.000 0.000 0.000 0.000 0.000 0.000 0.000 0.000 0.000 0.000 0.000 0.000 0.000 0.000 0.000 0.000 0.000 0.000 0.000 0.000 0.000 0.000 0.000
24.175 24.298 24.162 24.370 24.529 24.558 24.399 23.749 23.134 22.011 20.914 19.603 18.730 17.897 16.931 15.907 15.185 14.851 14.626 13.857 13.399 14.475 14.354 13.530 14.492 13.285 11.034 9.439 8.476 6.965 4.765 2.752 1.778 1.193 0.698 0.403 0.219 0.000 0.000 0.000 0.000 0.000 0.000 0.000 0.000 0.000 0.000 0.000 0.000 0.000 0.000 0.000 0.000 0.000 0.000 0.000 0.000 0.000 0.000 0.000 0.000 0.000 0.000 0.000 0.000 0.000 0.000 0.000 0.000 0.000 0.000 0.000 0.000 0.000 0.000 0.000
24.619 24.866 25.142 25.273 25.415 25.429 25.165 24.618 23.335 22.121 21.019 20.272 19.727 18.810 17.638 16.644 15.849 15.315 14.936 14.095 13.623 13.837 14.536 13.770 14.754 14.920 12.604 10.384 9.466 8.291 6.400 3.975 2.339 1.476 0.839 0.491 0.268 0.025 0.000 0.000 0.000 0.000 0.000 0.000 0.000 0.000 0.000 0.000 0.000 0.000 0.000 0.000 0.000 0.000 0.000 0.000 0.000 0.000 0.000 0.000 0.000 0.000 0.000 0.000 0.000 0.000 0.000 0.000 0.000 0.000 0.000 0.000 0.000 0.000 0.000 0.000
25.724 26.024 26.741 27.193 27.494 26.820 25.902 24.340 23.099 22.113 21.489 21.026 20.425 19.431 18.221 17.440 16.687 15.869 15.243 14.444 13.770 13.871 14.620 14.273 14.419 15.795 14.072 11.499 10.609 9.722 8.152 5.785 3.338 1.808 1.043 0.599 0.322 0.144 0.000 0.000 0.000 0.000 0.000 0.000 0.000 0.000 0.000 0.000 0.000 0.000 0.000 0.000 0.000 0.000 0.000 0.000 0.000 0.000 0.000 0.000 0.000 0.000 0.000 0.000 0.000 0.000 0.000 0.000 0.000 0.000 0.000 0.000 0.000 0.000 0.000 0.000
26.989 27.654 28.024 28.002 28.129 26.914 25.016 23.729 22.822 22.325 22.019 21.539 20.741 19.986 19.025 18.328 17.473 16.559 15.631 14.850 14.250 14.212 14.567 14.657 14.250 16.100 15.261 13.348 11.737 10.965 9.930 8.087 4.998 2.477 1.315 0.745 0.401 0.200 0.021 0.000 0.000 0.000 0.000 0.000 0.000 0.000 0.000 0.000 0.000 0.000 0.000 0.000 0.000 0.000 0.000 0.000 0.000 0.000 0.000 0.000 0.000 0.000 0.000 0.000 0.000 0.000 0.000 0.000 0.000 0.000 0.000 0.000 0.000 0.000 0.000 0.000
28.024 28.958 29.186 28.354 27.647 25.776 24.304 23.449 22.894 22.666 22.451 21.892 21.251 20.707 20.172 19.257 18.354 17.504 16.364 15.542 14.908 13.959 14.326 14.765 14.690 16.132 16.457 15.001 12.616 12.004 11.479 10.139 7.307 4.017 1.845 0.995 0.510 0.245 0.121 0.002 0.000 0.000 0.000 0.000 0.000 0.000 0.000 0.000 0.000 0.000 0.000 0.000 0.000 0.000 0.000 0.000 0.000 0.000 0.000 0.000 0.000 0.000 0.000 0.000 0.000 0.000 0.000 0.000 0.000 0.000 0.000 0.000 0.000 0.000 0.000 0.000
30.153 29.985 29.648 28.688 26.910 25.076 24.033 23.492 23.316 23.124 22.931 22.478 22.038 21.679 21.047 19.980 19.314 18.452 17.383 16.218 15.561 14.812 14.301 14.651 14.895 15.710 16.969 15.813 13.833 13.006 12.547 11.682 9.758 6.631 3.545 1.394 0.673 0.313 0.170 0.052 0.000 0.000 0.000 0.000 0.000 0.000 0.000 0.000 0.000 0.000 0.000 0.000 0.000 0.000 0.000 0.000 0.000 0.000 0.000 0.000 0.000 0.000 0.000 0.000 0.000 0.000 0.000 0.000 0.000 0.000 0.000 0.000 0.000 0.000 0.000 0.000
30.808 30.371 29.085 27.379 25.861 24.960 24.157 23.857 23.760 23.625 23.474 23.139 22.813 22.353 21.440 20.874 20.401 19.596 18.560 17.322 16.362 15.691 14.376 14.434 15.135 15.440 16.659 16.116 15.362 13.696 13.142 12.653 11.547 9.351 6.137 3.091 1.042 0.443 0.212 0.117 0.000 0.000 0.000 0.000 0.000 0.000 0.000 0.000 0.000 0.000 0.000 0.000 0.000 0.000 0.000 0.000 0.000 0.000 0.000 0.000 0.000 0.000 0.000 0.000 0.000 0.000 0.000 0.000 0.000 0.000 0.000 0.000 0.000 0.000 0.000 0.000
30.321 29.332 27.557 26.261 25.430 24.805 24.574 24.415 24.177 24.044 23.857 23.642 23.383 22.912 22.225 21.829 21.459 20.579 19.520 18.489 17.306 16.485 15.045 14.177 14.623 15.421 16.479 16.616 15.986 14.547 13.433 12.998 12.484 11.126 9.007 6.113 2.995 0.770 0.294 0.144 0.000 0.000 0.000 0.000 0.000 0.000 0.000 0.000 0.000 0.000 0.000 0.000 0.000 0.000 0.000 0.000 0.000 0.000 0.000 0.000 0.000 0.000 0.000 0.000 0.000 0.000 0.000 0.000 0.000 0.000 0.000 0.000 0.000 0.000 0.000 0.000
29.604 28.215 26.670 25.875 25.299 25.036 25.077 24.937 24.636 24.471 24.340 24.173 23.796 23.334 22.959 22.638 22.087 21.331 20.515 19.508 18.392 17.229 16.161 14.922 14.354 15.398 16.496 17.298 16.620 15.462 13.776 13.103 12.657 12.083 11.124 9.044 6.180 3.299 0.842 0.214 0.000 0.000 0.000 0.000 0.000 0.000 0.000 0.000 0.000 0.000 0.000 0.000 0.000 0.000 0.000 0.000 0.000 0.000 0.000 0.000 0.000 0.000 0.000 0.000 0.000 0.000 0.000 0.000 0.000 0.000 0.000 0.000 0.000 0.000 0.000 0.000
29.168 27.573 26.557 25.749 25.449 25.451 25.513 25.283 25.080 25.048 24.890 24.580 24.104 23.715 23.567 23.219 22.535 21.988 21.513 20.690 19.716 18.443 17.101 15.314 14.927 15.533 16.479 17.163 16.854 16.248 14.514 13.245 12.601 12.299 12.094 11.212 9.465 6.871 4.124 1.678 0.000 0.000 0.000 0.000 0.000 0.000 0.000 0.000 0.000 0.000 0.000 0.000 0.000 0.000 0.000 0.000 0.000 0.000 0.000 0.000 0.000 0.000 0.000 0.000 0.000 0.000 0.000 0.000 0.000 0.000 0.000 0.000 0.000 0.000 0.000 0.000
28.868 27.255 26.483 25.893 25.681 25.775 25.838 25.653 25.544 25.574 25.223 24.748 24.577 24.416 24.013 23.584 23.216 22.656 21.962 21.499 20.845 19.719 18.151 16.065 15.369 15.428 15.959 16.366 16.964 17.028 15.687 13.727 12.766 12.462 12.262 11.951 11.152 9.639 7.486 4.701 0.000 0.000 0.000 0.000 0.000 0.000 0.000 0.000 0.000 0.000 0.000 0.000 0.000 0.000 0.000 0.000 0.000 0.000 0.000 0.000 0.000 0.000 0.000 0.000 0.000 0.000 0.000 0.000 0.000 0.000 0.000 0.000 0.000 0.000 0.000 0.000
28.182 27.077 26.307 25.953 26.114 26.127 25.977 26.011 25.922 25.728 25.561 25.272 25.088 24.888 24.461 24.084 23.640 22.996 22.560 22.106 21.432 20.660 19.371 18.087 15.971 15.933 16.267 16.124 17.089 16.977 16.471 14.649 13.438 12.757 12.281 12.039 11.445 10.615 9.443 7.342 0.000 0.000 0.000 0.000 0.000 0.000 0.000 0.000 0.000 0.000 0.000 0.000 0.000 0.000 0.000 0.000 0.000 0.000 0.000 0.000 0.000 0.000 0.000 0.000 0.000 0.000 0.000 0.000 0.000 0.000 0.000 0.000 0.000 0.000 0.000 0.000
27.553 26.714 26.374 26.307 26.302 26.262 26.258 26.267 26.144 25.877 25.924 25.815 25.404 25.220 24.954 24.569 24.007 23.613 23.274 22.812 22.261 21.556 20.630 19.629 17.319 16.446 16.463 16.648 16.628 16.208 16.767 15.757 14.205 13.517 12.690 12.112 11.489 10.822 10.180 8.835 0.042 0.000 0.000 0.000 0.000 0.000 0.000 0.000 0.000 0.000 0.000 0.000 0.000 0.000 0.000 0.000 0.000 0.000 0.000 0.000 0.000 0.000 0.000 0.000 0.000 0.000 0.000 0.000 0.000 0.000 0.000 0.000 0.000 0.000 0.000 0.000
27.250 26.641 26.515 26.432 26.206 26.226 26.884 26.639 26.326 26.437 26.290 25.958 25.739 25.667 25.377 24.944 24.590 24.204 23.879 23.528 22.936 22.253 21.476 20.346 19.302 17.586 17.272 17.029 15.999 15.671 15.781 16.328 15.166 14.362 13.629 12.588 11.715 11.125 10.264 9.379 2.871 0.000 0.000 0.000 0.000 0.000 0.000 0.000 0.000 0.000 0.000 0.000 0.000 0.000 0.000 0.000 0.000 0.000 0.000 0.000 0.000 0.000 0.000 0.000 0.000 0.000 0.000 0.000 0.000 0.000 0.000 0.000 0.000 0.000 0.000 0.000
27.047 26.483 26.482 26.415 26.230 26.288 26.787 26.688 26.684 26.885 26.730 26.453 26.249 25.944 25.715 25.303 24.929 24.693 24.495 23.960 23.367 22.677 22.068 21.426 20.896 18.745 17.932 17.541 16.631 15.454 15.085 15.155 16.084 15.409 14.477 13.479 12.429 11.406 10.281 9.671 6.036 0.000 0.000 0.000 0.000 0.000 0.000 0.000 0.000 0.000 0.000 0.000 0.000 0.000 0.000 0.000 0.000 0.000 0.000 0.000 0.000 0.000 0.000 0.000 0.000 0.000 0.000 0.000 0.000 0.000 0.000 0.000 0.000 0.000 0.000 0.000
26.549 26.154 25.974 26.159 26.377 26.412 26.683 26.827 27.002 26.997 26.876 26.642 26.437 26.189 25.929 25.652 25.393 25.274 24.929 24.260 23.502 23.048 22.849 22.414 21.587 20.378 18.968 18.001 17.454 16.473 14.873 14.558 15.154 16.345 15.358 14.375 13.276 11.900 10.909 10.113 7.606 0.000 0.000 0.000 0.000 0.000 0.000 0.000 0.000 0.000 0.000 0.000 0.000 0.000 0.000 0.000 0.000 0.000 0.000 0.000 0.000 0.000 0.000 0.000 0.000 0.000 0.000 0.000 0.000 0.000 0.000 0.000 0.000 0.000 0.000 0.000
25.913 25.702 25.668 25.932 26.249 26.543 26.789 26.866 26.898 26.888 26.788 26.870 26.926 26.596 26.162 26.160 26.065 25.638 25.024 24.585 24.015 23.557 23.257 22.826 22.045 21.875 19.974 18.850 17.940 17.401 15.897 14.655 14.572 15.660 16.140 15.292 14.041 12.739 11.804 10.506 7.794 0.000 0.000 0.000 0.000 0.000 0.000 0.000 0.000 0.000 0.000 0.000 0.000 0.000 0.000 0.000 0.000 0.000 0.000 0.000 0.000 0.000 0.000 0.000 0.000 0.000 0.000 0.000 0.000 0.000 0.000 0.000 0.000 0.000 0.000 0.000
25.110 25.103 25.281 25.590 25.826 26.101 26.427 26.681 26.689 27.018 26.974 26.973 26.638 26.670 26.546 26.671 26.299 25.789 25.760 25.153 24.674 24.261 23.642 23.128 22.646 22.228 21.187 20.005 19.559 17.945 16.965 15.626 14.907 15.103 16.749 16.128 14.695 13.739 12.595 11.125 7.697 0.040 0.000 0.000 0.000 0.000 0.000 0.000 0.000 0.000 0.000 0.000 0.000 0.000 0.000 0.000 0.000 0.000 0.000 0.000 0.000 0.000 0.000 0.000 0.000 0.000 0.000 0.000 0.000 0.000 0.000 0.000 0.000 0.000 0.000 0.000
24.465 24.575 24.968 25.381 25.523 25.739 26.124 26.599 26.866 27.128 26.934 26.539 26.784 27.017 26.863 26.552 26.211 26.332 26.058 25.507 25.283 24.768 24.083 23.757 23.007 22.411 21.687 20.501 20.176 19.339 17.830 16.645 15.784 15.671 16.132 16.566 15.232 14.416 13.167 11.716 7.919 1.298 0.000 0.000 0.000 0.000 0.000 0.000 0.000 0.000 0.000 0.000 0.000 0.000 0.000 0.000 0.000 0.000 0.000 0.000 0.000 0.000 0.000 0.000 0.000 0.000 0.000 0.000 0.000 0.000 0.000 0.000 0.000 0.000 0.000 0.000
23.847 24.223 24.743 25.296 25.228 25.395 26.068 26.296 26.690 26.868 26.735 26.768 27.316 26.915 26.581 27.099 26.727 26.245 25.985 25.707 25.568 25.059 24.739 24.146 23.388 22.863 22.370 20.792 20.359 20.150 19.119 17.931 17.688 16.064 15.145 16.060 15.927 14.868 13.667 12.312 8.546 3.896 0.000 0.000 0.000 0.000 0.000 0.000 0.000 0.000 0.000 0.000 0.000 0.000 0.000 0.000 0.000 0.000 0.000 0.000 0.000 0.000 0.000 0.000 0.000 0.000 0.000 0.000 0.000 0.000 0.000 0.000 0.000 0.000 0.000 0.000
22.530 23.391 23.788 24.523 24.716 25.043 25.804 25.743 26.397 26.769 26.783 26.836 26.773 26.755 26.932 27.003 26.939 26.672 26.401 26.369 26.087 25.233 24.997 24.385 24.165 23.407 22.532 21.579 20.564 20.550 19.688 18.751 17.976 16.950 15.119 14.655 15.975 14.942 13.912 13.100 9.451 3.958 1.048 0.000 0.000 0.000 0.000 0.000 0.000 0.000 0.000 0.000 0.000 0.000 0.000 0.000 0.000 0.000 0.000 0.000 0.000 0.000 0.000 0.000 0.000 0.000 0.000 0.000 0.000 0.000 0.000 0.000 0.000 0.000 0.000 0.000
21.383 22.315 22.457 23.138 23.681 24.891 25.502 25.324 26.227 26.296 26.518 26.533 27.098 27.061 27.127 27.438 27.357 27.044 26.792 26.456 25.856 25.668 25.440 24.861 24.400 24.119 22.922 22.625 21.003 20.834 20.274 19.918 18.910 18.007 16.220 14.480 14.673 15.200 14.069 13.680 10.680 3.731 2.897 0.441 0.000 0.000 0.000 0.000 0.000 0.000 0.000 0.000 0.000 0.000 0.000 0.000 0.000 0.000 0.000 0.000 0.000 0.000 0.000 0.000 0.000 0.000 0.000 0.000 0.000 0.000 0.000 0.000 0.000 0.000 0.000 0.000
20.486 21.120 21.782 22.353 22.944 23.796 24.478 25.219 25.615 25.821 26.580 26.835 27.222 27.113 27.494 27.602 27.204 27.028 26.722 26.680 26.363 26.420 25.934 25.337 24.903 24.547 23.246 22.768 22.289 21.254 20.717 20.295 19.994 18.824 17.335 15.654 14.226 15.096 14.505 13.541 11.381 5.380 3.792 2.470 0.302 0.000 0.000 0.000 0.000 0.000 0.000 0.000 0.000 0.000 0.000 0.000 0.000 0.000 0.000 0.000 0.000 0.000 0.000 0.000 0.000 0.000 0.000 0.000 0.000 0.000 0.000 0.000 0.000 0.000 0.000 0.000
19.096 20.226 21.215 22.244 22.979 23.240 23.522 24.435 25.271 25.995 26.701 26.711 27.029 27.370 27.382 27.307 27.280 26.883 26.851 27.051 26.593 26.722 26.580 25.684 25.426 24.609 23.771 22.931 22.761 21.963 21.418 20.333 20.515 19.964 18.699 17.461 15.467 14.127 14.364 13.463 11.710 7.325 5.425 3.653 2.311 0.645 0.001 0.000 0.000 0.000 0.000 0.000 0.000 0.000 0.000 0.000 0.000 0.000 0.000 0.000 0.000 0.000 0.000 0.000 0.000 0.000 0.000 0.000 0.000 0.000 0.000 0.000 0.000 0.000 0.000 0.000
17.854 19.331 20.813 21.687 22.254 22.927 23.519 23.930 24.691 25.617 25.910 26.322 26.712 27.011 26.879 26.949 26.947 26.999 27.136 27.088 27.174 26.882 26.118 25.912 25.929 25.036 24.523 23.504 23.139 22.670 22.049 20.777 20.723 20.299 19.517 18.350 16.761 15.482 14.690 14.069 11.948 9.486 7.654 5.613 3.841 2.600 1.023 0.047 0.000 0.000 0.000 0.000 0.000 0.000 0.000 0.000 0.000 0.000 0.000 0.000 0.000 0.000 0.000 0.000 0.000 0.000 0.000 0.000 0.000 0.000 0.000 0.000 0.000 0.000 0.000 0.000
16.478 18.594 20.340 21.148 21.701 22.894 22.783 22.680 23.567 24.503 25.136 25.536 26.074 26.318 26.296 27.043 27.006 27.035 27.263 27.249 27.277 26.630 26.500 26.594 26.050 25.596 25.176 24.332 23.835 23.139 22.750 21.525 20.652 20.448 19.937 19.020 17.983 16.944 15.922 16.372 14.445 11.888 10.137 8.240 6.163 4.409 2.782 1.508 0.485 0.058 0.000 0.000 0.000 0.000 0.000 0.000 0.000 0.000 0.000 0.000 0.000 0.000 0.000 0.000 0.000 0.000 0.000 0.000 0.000 0.000 0.000 0.000 0.000 0.000 0.000 0.000
13.425 15.894 17.831 19.336 20.736 21.372 21.119 21.465 22.088 23.146 24.310 24.786 25.184 25.847 26.268 26.538 26.706 27.199 26.907 27.134 27.052 26.842 26.737 27.014 26.784 26.330 25.856 25.639 24.728 23.911 23.419 22.567 20.965 20.753 20.387 20.319 18.750 19.054 18.007 17.704 17.471 14.758 12.638 11.038 9.404 7.047 4.670 3.366 1.908 1.243 0.810 0.552 0.014 0.024 0.000 0.000 0.000 0.000 0.000 0.000 0.000 0.000 0.000 0.000 0.000 0.000 0.000 0.000 0.000 0.000 0.000 0.000 0.000 0.000 0.000 0.000
8.797 11.066 13.405 15.978 18.034 19.286 20.072 20.554 20.141 21.044 22.863 23.897 24.017 24.581 25.658 26.065 26.452 26.736 26.438 26.665 26.768 26.784 27.174 27.082 26.787 27.207 26.506 25.967 25.377 24.736 24.107 23.532 21.643 20.803 20.616 20.382 19.841 20.145 20.356 19.811 18.852 18.263 15.068 13.737 12.217 9.883 8.162 6.036 4.459 2.889 1.877 1.430 1.114 0.695 0.389 0.048 0.078 0.060 0.008 0.000 0.000 0.000 0.000 0.000 0.000 0.000 0.000 0.000 0.000 0.000 0.000 0.000 0.000 0.000 0.000 0.000
4.510 6.191 8.487 11.189 13.999 16.600 18.377 18.730 18.328 18.718 20.517 22.157 22.852 23.186 23.692 24.691 25.593 25.673 25.829 26.332 26.752 26.741 27.105 27.068 27.288 27.129 26.726 26.932 26.401 25.659 24.742 24.040 23.154 21.656 20.848 20.335 20.237 19.775 21.419 21.266 20.532 20.412 17.728 16.254 14.873 13.431 11.414 9.442 7.561 5.700 4.189 2.864 2.242 1.677 1.182 0.795 0.523 0.277 0.116 0.038 0.003 0.000 0.000 0.000 0.000 0.000 0.000 0.000 0.000 0.000 0.000 0.000 0.000 0.000 0.000 0.000
2.294 3.152 4.382 6.179 8.690 11.719 14.513 15.874 16.412 17.198 18.286 20.014 21.617 22.703 22.790 22.963 23.815 24.930 25.453 26.182 26.524 26.651 26.508 26.991 27.363 27.003 27.091 27.132 26.457 25.941 25.268 24.714 24.341 23.215 21.489 20.365 20.331 19.647 21.069 23.221 22.765 22.276 21.404 18.515 17.391 16.031 14.625 13.168 11.430 9.306 7.128 5.195 3.918 2.845 2.128 1.461 0.958 0.552 0.237 0.126 0.066 0.009 0.000 0.000 0.000 0.000 0.000 0.000 0.000 0.000 0.000 0.000 0.000 0.000 0.000 0.000
1.202 1.624 2.198 2.968 4.076 6.044 8.770 11.664 13.930 15.513 16.856 18.388 19.937 20.971 21.875 22.996 23.074 24.116 25.210 25.367 25.634 25.661 26.670 27.274 26.847 27.131 27.251 26.882 26.684 26.197 25.946 25.466 24.990 24.318 22.185 21.495 19.938 19.522 20.751 24.397 25.144 24.713 23.557 20.588 19.744 18.936 18.052 16.981 15.378 13.344 10.958 8.632 6.470 4.741 3.425 2.427 1.580 0.953 0.472 0.244 0.139 0.079 0.015 0.000 0.000 0.000 0.000 0.000 0.000 0.000 0.000 0.000 0.000 0.000 0.000 0.000
0.555 0.839 1.139 1.434 1.808 2.438 3.691 6.077 9.211 12.039 14.275 15.961 17.555 19.104 19.826 20.925 22.594 23.669 24.554 24.854 24.747 25.047 26.140 26.266 26.894 27.045 26.883 26.768 26.521 26.620 26.456 26.032 25.668 24.945 23.623 22.507 20.813 19.748 20.690 23.630 26.570 26.610 25.379 23.823 21.743 21.477 20.960 19.982 18.784 17.254 14.966 12.593 10.217 7.795 5.597 4.109 2.692 1.676 0.960 0.550 0.309 0.162 0.092 0.018 0.001 0.000 0.000 0.000 0.000 0.000 0.000 0.000 0.000 0.000 0.000 0.000
0.266 0.435 0.567 0.694 0.848 1.058 1.309 1.911 3.623 6.677 9.880 12.413 14.500 16.127 17.240 18.657 20.769 22.438 23.358 23.663 23.763 24.517 25.557 25.863 25.965 26.057 26.546 26.580 27.003 26.621 26.516 26.737 26.009 25.240 24.823 23.239 22.260 19.688 19.801 23.438 27.263 26.960 27.020 25.892 23.448 23.165 23.157 22.504 21.479 20.565 19.190 16.925 14.495 11.731 9.250 6.716 4.761 3.118 1.872 1.114 0.684 0.386 0.186 0.108 0.035 0.005 0.000 0.000 0.000 0.000 0.000 0.000 0.000 0.000 0.000 0.000
