data/RealTopo/Outputs_RealTopo/Wog_02_curv151s_MoT-Voellmy_s_max.asc
ncols        490
nrows        555
xllcorner    167452.5
yllcorner    361952.5
cellsize     5.00
NODATA_value -9999
[rows 272 to 305 of 555, columns 228 to 303 of 490]
19.642 22.632 24.564 23.926 24.825 25.401 26.863 27.520 27.528 26.947 23.403 28.109 31.008 32.028 31.304 31.395 31.127 29.695 29.761 32.091 28.946 27.763 26.883 25.806 24.711 23.336 22.076 20.967 19.456 17.257 14.994 12.297 10.306 7.890 6.070 4.434 3.164 3.050 3.362 3.720 4.237 4.906 5.587 6.350 7.283 8.416 9.483 10.353 10.981 11.446 11.915 12.347 11.970 11.815 11.155 10.258 9.307 8.355 7.220 6.170 4.984 3.286 1.827 1.098 0.567 0.221 0.171 0.118 0.006 0.000 0.000 0.000 0.000 0.000 0.000 0.000
19.920 21.758 24.110 25.149 25.093 25.759 26.604 27.294 26.965 26.023 24.813 28.208 29.242 32.737 32.459 32.101 31.318 29.682 31.035 32.015 32.332 29.749 28.784 27.692 26.941 26.027 24.990 23.311 21.868 20.081 18.040 15.636 13.124 10.922 8.628 6.027 4.108 2.979 3.225 3.635 3.971 4.532 5.235 5.968 6.937 7.850 8.740 9.520 10.004 10.634 11.143 11.674 11.961 12.112 11.832 10.986 9.911 8.996 7.870 6.886 5.733 4.107 2.555 1.470 0.813 0.318 0.184 0.171 0.063 0.001 0.000 0.000 0.000 0.000 0.000 0.000
20.240 21.346 22.520 25.945 25.841 25.511 26.280 26.857 26.589 25.639 24.799 24.411 27.251 33.969 33.299 32.905 31.830 29.515 33.661 34.235 34.627 33.651 31.651 30.737 29.811 28.098 26.395 24.294 23.540 22.314 21.029 18.840 16.153 14.500 11.606 8.443 6.143 4.199 3.060 3.524 3.787 4.347 4.984 5.586 6.362 7.035 7.818 8.616 9.432 10.176 10.929 11.848 11.920 12.348 12.460 11.474 10.562 9.519 8.299 7.698 6.513 5.143 3.544 2.098 1.157 0.468 0.225 0.199 0.136 0.006 0.000 0.000 0.000 0.000 0.000 0.000
19.281 20.940 22.394 23.785 26.927 25.509 25.650 26.618 26.463 26.373 25.462 23.085 26.231 34.609 34.774 33.946 32.796 30.635 36.875 37.889 35.989 34.240 33.000 31.845 30.596 28.920 27.202 25.671 25.054 24.961 23.376 21.005 19.512 17.879 14.584 11.508 9.042 6.561 4.638 3.227 3.657 4.196 4.626 5.051 5.680 6.393 7.295 8.118 9.085 9.832 10.959 11.544 12.101 12.736 12.748 11.841 11.226 9.827 8.909 8.369 7.386 6.368 4.722 2.994 1.661 0.710 0.277 0.245 0.185 0.062 0.000 0.000 0.000 0.000 0.000 0.000
17.928 19.514 22.148 23.308 25.052 27.298 27.061 27.173 26.002 25.627 25.060 25.180 27.329 32.837 34.789 34.642 33.389 35.206 37.369 35.548 33.892 32.677 31.473 30.994 30.266 29.647 28.661 28.404 27.720 27.014 25.109 23.301 22.594 20.581 17.481 14.629 12.360 9.879 7.455 4.844 3.493 3.945 4.137 4.629 5.371 6.090 7.069 7.963 8.863 9.968 11.015 11.478 12.104 12.717 12.515 12.303 11.702 10.305 9.501 8.801 8.250 7.439 5.986 4.117 2.310 1.051 0.387 0.263 0.206 0.155 0.010 0.000 0.000 0.000 0.000 0.000
15.748 18.658 21.348 23.107 24.362 27.438 28.320 28.205 26.394 24.438 24.093 24.984 26.506 28.468 34.781 35.170 33.087 35.326 33.985 32.358 31.640 32.240 31.836 31.240 29.773 30.427 30.872 29.557 29.766 27.714 26.417 25.737 24.791 22.396 20.053 17.639 15.566 13.653 11.052 8.154 5.427 3.582 3.940 4.693 5.391 6.160 6.866 7.699 8.699 9.958 10.798 11.057 11.582 12.103 12.228 12.318 11.807 10.982 9.969 9.222 8.972 8.186 7.136 5.397 3.287 1.625 0.573 0.293 0.223 0.182 0.037 0.000 0.000 0.000 0.000 0.000
12.958 17.183 20.851 22.784 24.618 25.717 25.929 27.039 27.679 25.667 23.879 23.548 25.093 25.213 33.180 34.579 32.641 31.682 32.355 32.455 31.898 32.569 32.933 32.553 31.723 31.589 31.880 31.428 30.335 28.797 28.105 27.568 26.284 24.082 22.177 20.435 18.607 17.149 14.819 12.001 8.993 5.995 4.110 4.670 5.301 5.981 6.644 7.605 8.603 9.629 10.312 10.921 11.397 11.893 12.566 12.454 12.311 11.551 10.558 9.895 9.408 8.519 7.901 6.597 4.635 2.594 0.943 0.382 0.230 0.189 0.117 0.001 0.000 0.000 0.000 0.000
9.639 15.016 19.397 23.061 24.317 25.366 25.752 25.584 26.205 27.620 25.843 24.183 23.533 24.984 31.126 33.602 32.088 34.085 33.363 34.253 34.126 33.232 33.993 34.271 33.723 33.789 34.198 33.416 31.827 31.505 30.025 29.314 28.213 26.091 24.275 22.899 21.311 19.962 18.450 15.956 13.021 9.969 6.633 4.629 5.196 5.971 6.723 7.537 8.433 9.456 10.169 10.791 11.402 12.380 12.633 12.972 12.841 12.168 11.270 10.590 9.663 8.950 8.467 7.323 5.936 3.880 1.806 0.648 0.272 0.203 0.179 0.051 0.001 0.000 0.000 0.000
6.091 11.919 17.612 21.991 24.099 25.693 26.469 25.696 25.272 26.389 28.359 26.130 23.994 25.227 29.130 31.859 30.714 34.408 35.462 34.798 35.465 35.216 34.561 35.035 34.812 35.393 35.276 33.913 33.295 32.638 31.305 30.874 29.537 27.787 26.291 24.839 23.507 22.606 21.674 19.618 17.010 14.014 10.747 7.240 5.436 6.049 6.509 7.358 8.258 9.320 10.094 10.717 11.482 12.259 12.686 13.205 12.905 12.380 11.797 11.021 10.172 9.693 8.978 7.967 7.019 5.526 3.381 1.250 0.415 0.235 0.190 0.176 0.042 0.000 0.000 0.000
3.188 8.674 15.869 20.840 23.538 24.982 25.416 26.006 25.852 25.173 25.930 27.673 25.663 26.519 29.141 29.265 29.377 33.679 36.013 35.277 34.842 35.137 35.883 36.290 36.210 35.841 34.095 33.720 33.195 32.614 32.480 31.391 29.907 29.037 27.892 26.398 25.576 25.057 24.269 22.696 20.487 17.900 14.990 11.540 7.967 6.098 6.578 7.431 8.398 9.221 9.869 10.691 11.700 12.230 12.704 12.896 12.855 12.546 12.197 11.652 10.964 10.264 9.637 8.888 7.920 6.749 5.056 2.705 0.770 0.285 0.180 0.217 0.179 0.000 0.000 0.000
0.769 7.012 13.591 19.533 22.932 24.593 24.743 24.884 25.616 25.804 24.789 24.636 25.860 28.317 28.071 26.216 28.053 33.202 34.722 35.382 35.226 35.378 36.719 37.056 36.478 35.398 33.685 33.083 32.400 32.041 31.866 31.193 30.271 29.896 29.316 28.051 27.504 27.334 26.444 25.121 23.651 21.267 18.355 15.526 12.204 8.806 7.043 7.631 8.459 9.370 10.131 10.937 11.655 12.191 12.402 12.649 12.944 12.946 12.656 12.314 11.672 10.898 10.379 9.570 8.588 7.516 6.371 4.517 1.974 0.458 0.199 0.215 0.221 0.034 0.002 0.000
0.354 4.719 11.120 17.435 21.789 23.990 24.351 24.378 25.621 26.225 25.604 24.205 23.532 22.808 23.011 23.425 28.883 31.597 33.651 33.794 34.637 35.305 35.505 35.557 35.392 34.827 33.899 33.574 32.988 31.771 31.196 31.016 30.509 30.335 30.246 29.767 29.276 29.231 28.469 27.122 25.630 23.591 21.141 18.762 16.149 13.403 9.943 8.022 8.827 9.594 10.232 10.886 11.338 11.607 12.145 12.756 13.053 12.973 12.700 12.382 12.113 11.607 11.103 10.340 9.425 8.412 7.216 5.978 3.853 1.223 0.307 0.226 0.202 0.131 0.051 0.000
0.221 2.433 8.677 15.513 20.137 22.656 23.548 23.942 25.048 25.296 25.922 26.410 24.233 21.300 21.217 26.395 30.260 29.118 33.100 33.977 34.629 34.600 34.310 34.116 33.448 33.080 33.542 33.488 33.180 32.828 32.594 31.938 31.526 31.222 30.911 30.505 30.270 30.316 29.902 28.639 26.997 25.487 23.684 21.306 19.120 17.341 14.585 10.985 9.303 9.768 10.186 10.733 10.911 11.291 12.053 12.612 12.778 12.685 12.483 12.614 12.809 12.701 12.183 11.396 10.534 9.481 8.259 7.016 5.421 2.998 0.589 0.260 0.214 0.137 0.103 0.025
0.167 0.741 6.880 12.923 18.433 21.491 22.633 23.080 24.065 25.915 26.848 26.629 25.656 24.498 22.384 24.745 27.755 27.486 32.912 34.797 35.312 36.101 36.065 35.030 33.734 33.350 33.773 33.196 33.025 34.088 34.220 33.891 33.784 33.116 32.123 31.254 31.000 31.298 31.139 30.494 28.814 27.093 25.611 23.364 21.436 19.741 17.909 15.546 11.600 9.771 10.293 10.720 10.667 11.100 11.876 12.262 12.696 12.832 12.723 13.182 13.732 13.821 13.438 12.615 11.590 10.689 9.699 8.165 6.462 4.474 1.524 0.386 0.224 0.060 0.073 0.074
0.011 0.350 4.234 10.430 16.349 20.073 22.081 23.427 25.059 26.761 26.809 25.672 24.979 25.185 23.881 22.279 23.988 28.119 31.086 34.338 35.602 35.667 35.518 35.269 35.744 36.338 36.091 35.495 35.285 35.523 35.565 35.866 35.381 34.460 33.399 32.469 32.138 32.508 32.147 31.779 30.666 29.484 27.995 25.874 24.176 21.782 19.578 18.334 15.730 11.606 10.719 10.821 10.964 11.536 12.130 12.648 13.103 13.408 13.548 13.878 14.684 15.020 14.575 13.672 12.846 12.153 11.006 9.537 7.917 5.756 3.059 0.684 0.281 0.235 0.235 0.212
0.000 0.144 1.905 8.010 14.340 18.605 21.106 23.253 25.232 26.071 25.893 25.110 24.030 24.008 23.791 20.917 20.917 27.450 29.322 31.801 34.267 34.331 34.142 35.208 35.953 36.293 36.409 37.045 36.985 36.944 37.140 36.827 35.861 34.940 34.134 33.149 33.382 33.565 32.903 32.834 32.290 31.150 30.124 28.577 26.381 24.158 21.461 19.633 18.341 15.719 12.391 12.224 12.223 12.458 13.013 13.592 14.093 14.414 14.566 14.909 15.696 15.861 15.409 14.670 13.915 13.241 12.084 10.961 9.387 6.960 4.243 1.466 0.555 0.481 0.386 0.316
0.000 0.029 0.570 6.093 12.015 17.257 20.248 22.419 24.270 25.392 25.721 25.109 24.024 22.787 22.979 22.641 21.273 26.079 27.855 30.683 33.547 33.576 33.070 33.818 34.402 34.374 36.366 37.829 37.874 37.739 37.728 37.005 36.334 35.247 34.162 33.894 34.334 34.223 34.193 33.622 32.700 31.953 30.924 30.031 28.192 25.962 23.834 21.257 19.759 18.498 16.369 15.013 14.434 14.292 14.509 14.968 15.424 15.640 15.769 15.991 16.182 16.295 16.194 15.724 15.074 14.320 13.269 12.041 10.257 8.023 5.605 2.856 0.814 0.580 0.457 0.378
0.000 0.000 0.182 2.907 9.277 15.168 19.208 21.604 23.379 24.780 25.081 24.619 24.388 23.344 23.105 23.881 22.245 22.040 27.560 29.703 32.407 32.814 32.780 32.884 33.109 33.308 36.266 36.710 36.657 37.072 36.747 36.152 36.407 35.330 34.440 34.392 34.604 34.762 34.005 32.906 32.604 32.268 31.312 30.663 29.944 27.962 26.501 24.965 22.258 20.337 18.851 17.410 16.836 16.482 16.128 16.089 16.528 16.967 17.067 16.869 16.786 17.157 17.246 16.832 16.100 15.236 14.155 12.825 11.006 9.118 6.850 4.089 1.527 0.739 0.616 0.455
0.000 0.000 0.021 0.770 6.974 12.864 17.608 20.645 22.847 24.006 23.842 23.681 23.963 24.017 23.555 23.845 21.795 20.210 26.143 26.342 29.603 31.531 32.301 32.473 32.352 33.502 33.949 33.428 33.122 33.830 33.624 34.253 35.018 35.034 34.103 34.168 34.456 34.636 34.247 32.695 32.325 32.856 31.975 31.217 31.149 30.050 29.215 28.439 26.454 23.650 21.100 19.301 18.768 18.303 18.022 17.702 17.655 17.874 18.270 17.990 18.096 18.274 18.075 17.604 16.717 15.985 14.903 13.556 11.943 10.374 8.113 5.587 3.091 1.143 0.758 0.475
0.000 0.000 0.000 0.265 4.229 10.149 15.543 19.450 21.892 22.797 22.833 22.859 22.942 23.651 24.084 23.074 21.942 22.138 22.594 28.387 28.565 29.903 31.084 32.706 32.964 34.021 33.157 32.640 32.600 32.148 31.055 31.576 31.829 33.917 34.152 33.854 34.145 34.103 34.224 33.633 32.770 33.114 32.880 32.552 32.430 31.995 31.106 30.329 28.634 26.472 24.237 22.276 20.997 20.338 19.952 19.799 19.406 19.361 20.013 19.904 19.335 19.022 18.922 18.237 17.103 16.597 15.637 14.525 13.340 11.514 9.343 7.220 4.533 2.120 0.969 0.634
0.000 0.000 0.000 0.045 1.322 7.429 13.050 17.459 20.139 21.319 22.065 22.368 22.759 23.198 22.740 22.096 23.221 23.190 23.569 26.475 28.200 29.646 30.273 31.897 33.149 33.328 32.672 32.452 32.342 31.919 31.086 31.075 30.112 31.741 34.302 33.599 33.929 34.149 34.036 33.823 34.262 33.966 33.965 33.744 33.656 32.568 32.151 31.285 29.635 27.846 25.989 24.158 22.747 22.146 22.254 21.766 20.987 21.267 21.736 21.351 20.452 20.088 19.800 18.731 18.106 17.523 16.693 15.739 14.293 12.552 10.781 8.900 6.251 3.692 1.709 0.856
0.000 0.000 0.000 0.000 0.338 4.326 9.956 15.069 18.323 20.108 21.245 22.012 22.476 22.010 22.057 23.681 25.069 22.798 23.611 23.921 26.880 27.800 28.394 30.337 32.270 31.880 31.537 31.589 31.559 31.343 30.840 30.723 29.916 30.977 34.214 34.429 33.868 34.170 34.574 33.976 34.409 34.027 34.957 35.494 34.768 33.706 32.453 31.045 29.966 28.549 27.051 25.519 24.229 23.661 23.778 23.111 22.380 22.930 22.347 21.967 21.269 21.126 20.584 19.987 19.114 18.470 18.082 16.816 15.373 13.821 12.362 10.508 7.906 5.339 3.062 1.161
0.000 0.000 0.000 0.000 0.040 1.146 6.981 12.451 16.629 19.149 20.652 21.523 21.864 21.540 22.753 24.070 23.669 23.887 23.623 24.655 26.355 27.194 26.552 28.628 31.570 31.629 31.122 30.750 31.074 31.039 30.544 30.424 29.821 31.211 32.491 33.827 34.019 34.367 34.317 33.975 34.678 35.312 36.495 35.773 34.562 33.603 32.235 31.044 30.073 29.150 27.837 26.783 25.851 25.148 24.464 24.247 23.729 24.572 23.320 22.524 21.853 21.532 21.220 21.004 20.162 19.852 18.765 17.563 16.444 15.228 13.980 12.117 9.758 7.238 4.465 2.163
0.000 0.000 0.000 0.000 0.000 0.309 4.294 9.629 14.638 18.066 20.022 21.088 21.463 21.626 23.765 23.313 22.658 25.345 23.949 25.826 25.500 25.920 26.730 27.622 29.957 31.222 31.989 31.320 31.165 31.210 31.074 30.577 30.504 30.915 29.137 30.780 31.942 33.536 34.146 33.768 35.556 36.707 35.843 34.736 33.896 33.021 32.389 31.525 30.349 29.548 28.624 28.094 27.143 26.364 25.264 25.235 25.503 25.784 24.582 23.465 22.202 21.788 21.773 21.125 20.977 20.426 19.154 18.296 18.065 16.833 15.518 13.865 11.577 9.169 6.132 3.419
0.000 0.000 0.000 0.000 0.000 0.041 1.232 6.959 12.093 16.414 18.983 19.997 20.022 21.335 22.067 23.140 23.301 24.243 25.492 25.570 25.809 25.309 26.391 28.454 27.656 29.598 31.290 31.660 30.828 31.706 31.268 31.491 31.709 30.471 28.547 28.802 28.987 32.301 34.171 34.179 35.842 35.534 34.576 33.936 33.483 32.441 32.200 31.342 30.536 29.914 29.215 28.192 28.187 27.634 26.678 26.635 27.181 26.837 25.487 24.633 23.340 22.685 22.601 22.111 21.905 21.078 20.481 19.975 19.344 18.080 17.003 15.118 13.145 11.167 8.074 4.819
0.000 0.000 0.000 0.000 0.000 0.000 0.344 4.060 8.969 13.984 17.271 18.689 19.801 21.116 22.469 22.613 23.359 22.878 25.630 26.586 26.072 26.440 26.924 26.954 29.241 28.005 29.255 30.709 30.621 32.543 32.547 32.666 32.722 31.608 30.610 30.039 29.472 31.514 35.601 34.950 35.481 34.962 33.794 33.655 34.093 33.893 32.946 32.072 31.105 30.086 29.294 28.896 28.739 28.469 28.216 28.108 27.883 27.598 26.533 25.549 24.991 24.141 23.971 23.628 23.030 22.380 22.313 21.327 20.353 19.455 17.889 16.531 14.694 13.319 9.998 6.553
0.000 0.000 0.000 0.000 0.000 0.000 0.054 1.118 6.395 11.051 15.385 17.754 19.752 21.174 21.688 21.667 22.062 23.267 25.882 25.899 25.969 26.847 28.075 28.042 28.577 27.580 29.724 29.033 31.296 33.771 33.506 33.138 33.132 32.855 32.618 32.256 32.230 33.116 34.421 34.684 34.724 34.484 34.068 34.691 34.811 34.300 33.368 32.934 32.717 31.751 30.672 29.070 28.308 28.653 29.022 29.528 28.626 28.338 27.660 26.762 26.223 25.808 24.703 24.426 24.186 23.485 23.734 22.218 21.524 20.826 19.379 17.650 16.632 15.009 11.676 8.437
0.000 0.000 0.000 0.000 0.000 0.000 0.000 0.144 2.001 7.237 12.530 16.455 18.832 19.593 19.952 19.816 21.154 23.184 24.963 25.666 26.247 27.563 27.594 27.320 27.043 26.934 27.888 29.982 31.127 32.379 32.587 33.186 32.963 33.949 33.875 33.814 34.259 34.704 32.257 34.004 34.002 33.669 34.043 34.504 34.609 33.500 34.078 34.155 34.072 33.289 31.956 31.122 30.587 29.709 28.892 29.975 29.662 29.402 28.999 29.016 27.968 27.446 26.065 25.225 24.068 24.222 24.733 23.490 22.655 21.961 20.407 18.927 18.336 16.351 13.294 10.259
0.000 0.000 0.000 0.000 0.000 0.000 0.000 0.000 0.219 3.075 8.120 13.161 16.767 18.293 19.432 19.476 20.008 22.165 24.335 25.450 26.140 27.780 25.839 25.957 24.092 26.375 28.491 28.787 30.570 32.434 31.977 32.092 32.657 34.155 34.572 35.049 34.226 32.602 31.065 32.783 33.487 33.191 33.677 33.493 33.272 34.245 35.462 35.149 34.542 33.892 33.659 32.857 31.692 31.502 30.813 30.490 30.995 30.269 30.196 30.221 29.874 29.276 28.420 27.291 25.681 24.777 24.779 25.287 24.146 23.091 21.644 20.248 19.178 17.380 14.720 12.046
0.000 0.000 0.000 0.000 0.000 0.000 0.000 0.000 0.000 0.412 3.918 8.750 13.646 17.710 19.210 19.657 19.921 20.886 23.804 23.707 25.683 25.911 24.570 23.547 25.335 28.215 29.447 28.455 29.445 31.099 31.204 30.391 32.146 34.144 35.074 34.405 33.704 31.673 30.912 30.971 33.536 32.940 32.682 32.646 34.652 34.994 34.522 33.998 34.193 34.337 34.360 33.669 32.604 32.285 31.846 31.632 31.967 31.095 30.953 31.228 31.432 30.809 29.604 28.826 28.004 26.808 26.095 25.858 24.976 23.943 22.098 20.504 20.213 18.340 16.151 13.676
0.000 0.000 0.000 0.000 0.000 0.000 0.000 0.000 0.000 0.005 0.636 5.158 9.654 14.401 16.612 17.663 18.839 20.503 22.402 23.373 24.198 24.120 23.727 22.478 28.274 30.120 29.291 27.716 27.392 27.800 29.127 28.742 30.959 34.037 34.077 33.141 32.788 32.749 31.918 30.727 31.164 31.734 31.748 33.126 33.211 32.771 32.239 32.912 33.297 33.260 33.427 33.728 33.092 32.528 32.233 32.516 32.695 32.191 31.662 31.965 31.806 31.076 30.222 29.726 29.165 29.267 27.564 26.199 25.960 24.619 22.968 22.127 21.213 19.643 17.389 15.704
0.000 0.000 0.000 0.000 0.000 0.000 0.000 0.000 0.000 0.000 0.052 1.178 6.172 10.437 14.235 17.405 18.678 18.780 20.687 22.641 23.062 22.607 21.892 24.382 29.732 28.920 28.648 26.698 25.997 25.505 25.829 27.435 29.976 32.875 33.498 33.372 32.689 32.448 31.824 32.453 30.823 33.401 32.812 31.792 30.827 31.014 30.854 30.926 31.746 32.476 32.685 33.501 33.572 32.937 33.010 33.148 33.035 32.428 31.827 31.769 31.713 31.171 30.162 30.732 30.005 29.572 28.367 27.332 27.047 25.340 24.135 22.630 22.424 20.480 19.398 17.665
0.000 0.000 0.000 0.000 0.000 0.000 0.000 0.000 0.000 0.000 0.000 0.090 1.360 6.564 10.908 15.008 17.508 19.241 18.709 19.109 20.945 21.163 21.064 26.119 28.298 28.146 28.498 26.162 23.935 23.483 23.623 27.398 28.406 30.512 33.177 33.449 33.068 32.270 30.827 30.768 33.811 33.638 32.434 31.353 30.513 29.795 29.930 30.387 31.213 32.169 33.196 33.023 33.055 33.482 33.318 33.396 33.024 32.113 31.443 31.400 31.864 31.461 30.461 30.644 30.729 29.775 29.035 28.578 27.587 26.555 25.186 24.199 23.215 22.110 20.995 18.937
0.000 0.000 0.000 0.000 0.000 0.000 0.000 0.000 0.000 0.000 0.000 0.000 0.068 1.230 6.291 10.350 14.149 16.414 17.267 18.209 19.095 19.702 22.678 26.852 26.875 28.246 28.671 26.575 23.686 22.606 22.135 24.004 26.218 29.198 31.979 33.255 33.018 32.178 30.668 30.266 34.624 32.573 32.036 31.572 30.915 30.084 30.385 31.314 32.088 32.839 33.304 32.905 32.935 32.233 32.581 33.222 32.898 32.150 31.556 31.534 32.030 31.695 31.210 30.826 30.769 30.406 30.438 29.229 28.161 27.830 25.880 25.055 24.218 23.453 21.945 20.571
