data/RealTopo/Outputs_RealTopo/Wog_02_curv_MoT-Voellmy_h_max.asc
ncols        490
nrows        555
xllcorner    167452.5
yllcorner    361952.5
cellsize     5.00
NODATA_value -9999
[rows 272 to 305 of 555, columns 231 to 307 of 490]
11.406 11.968 12.260 12.611 12.742 13.461 13.171 10.757 4.703 3.281 3.427 3.426 3.309 3.241 3.267 3.295 3.240 3.237 3.415 3.700 3.709 3.788 3.762 3.622 3.522 3.386 3.167 2.757 2.502 2.246 2.042 1.772 1.587 1.496 1.386 1.307 1.266 1.220 1.173 1.160 1.157 1.161 1.202 1.242 1.254 1.328 1.460 1.533 1.498 1.531 1.511 1.471 1.417 1.368 1.359 1.299 1.151 0.940 0.723 0.503 0.307 0.171 0.090 0.054 0.052 0.046 0.046 0.051 0.041 0.020 0.016 0.008 0.003 0.001 0.000 0.000 0.000
11.527 11.102 11.454 11.891 12.517 13.460 14.329 12.249 6.329 3.331 3.424 3.462 3.473 3.435 3.360 3.195 3.282 3.484 3.454 3.606 3.775 3.821 3.841 3.740 3.774 3.786 3.663 3.405 2.960 2.743 2.431 2.105 1.917 1.741 1.587 1.455 1.358 1.313 1.259 1.199 1.197 1.156 1.161 1.232 1.287 1.353 1.440 1.559 1.547 1.543 1.550 1.506 1.468 1.427 1.394 1.381 1.281 1.099 0.894 0.658 0.428 0.249 0.134 0.074 0.057 0.051 0.047 0.050 0.041 0.023 0.020 0.010 0.003 0.001 0.000 0.000 0.000
11.667 10.789 10.992 11.138 11.829 13.106 14.561 13.407 8.441 3.330 3.403 3.496 3.568 3.620 3.717 3.345 3.160 3.305 3.477 3.559 3.670 3.841 3.965 4.027 4.084 4.096 4.030 3.797 3.561 3.277 2.822 2.566 2.357 2.079 1.891 1.690 1.510 1.446 1.369 1.270 1.236 1.219 1.223 1.238 1.308 1.340 1.415 1.515 1.569 1.567 1.569 1.527 1.522 1.470 1.443 1.451 1.382 1.260 1.053 0.815 0.566 0.352 0.199 0.106 0.067 0.056 0.050 0.049 0.041 0.025 0.021 0.013 0.004 0.002 0.000 0.000 0.000
10.614 11.334 10.747 10.828 10.827 11.978 14.333 14.226 10.443 4.250 3.396 3.458 3.631 3.709 3.552 3.280 3.156 3.413 3.643 3.817 3.912 4.034 4.188 4.329 4.303 4.229 4.150 4.105 4.099 3.765 3.323 3.090 2.834 2.535 2.276 2.007 1.796 1.624 1.502 1.404 1.346 1.316 1.310 1.290 1.320 1.349 1.397 1.434 1.558 1.581 1.562 1.585 1.593 1.516 1.506 1.476 1.450 1.394 1.203 0.984 0.730 0.478 0.289 0.158 0.085 0.060 0.054 0.048 0.038 0.027 0.021 0.015 0.005 0.002 0.000 0.000 0.000
8.880 10.577 11.046 10.836 10.370 10.341 12.225 14.127 12.706 6.718 3.556 3.587 3.718 4.110 3.054 3.113 3.664 4.021 4.048 3.982 3.970 4.096 4.293 4.316 4.375 4.270 4.313 4.502 4.401 4.104 3.886 3.666 3.366 3.067 2.730 2.442 2.192 1.902 1.709 1.622 1.518 1.419 1.380 1.342 1.333 1.376 1.392 1.394 1.488 1.564 1.580 1.646 1.635 1.610 1.584 1.512 1.501 1.464 1.348 1.156 0.904 0.643 0.415 0.235 0.123 0.071 0.054 0.045 0.036 0.029 0.020 0.015 0.006 0.002 0.001 0.000 0.000
7.834 9.215 10.327 10.802 10.692 9.782 9.821 11.974 13.076 9.446 4.393 3.441 3.326 3.281 3.640 4.164 4.001 3.995 4.117 4.148 4.081 3.990 4.121 4.253 4.327 4.370 4.538 4.647 4.559 4.438 4.395 4.241 3.936 3.625 3.239 2.919 2.653 2.317 2.076 1.904 1.690 1.545 1.429 1.429 1.416 1.399 1.383 1.424 1.497 1.543 1.617 1.651 1.661 1.667 1.636 1.585 1.548 1.486 1.445 1.321 1.114 0.840 0.561 0.346 0.186 0.097 0.061 0.046 0.036 0.029 0.020 0.017 0.008 0.003 0.001 0.000 0.000
6.921 8.291 9.304 10.083 10.870 10.528 8.893 9.880 11.528 10.983 6.193 3.354 3.528 3.679 3.451 3.578 3.869 3.804 3.932 4.166 4.167 4.145 4.134 4.224 4.240 4.386 4.537 4.597 4.708 4.719 4.722 4.653 4.439 4.134 3.801 3.447 3.111 2.828 2.506 2.182 1.964 1.773 1.622 1.562 1.503 1.465 1.431 1.473 1.514 1.572 1.614 1.643 1.679 1.686 1.675 1.651 1.590 1.537 1.515 1.424 1.288 1.045 0.746 0.493 0.281 0.145 0.080 0.051 0.038 0.030 0.021 0.018 0.009 0.004 0.001 0.000 0.000
6.507 7.605 8.700 9.363 10.012 10.449 9.703 9.082 9.984 10.706 7.754 4.004 3.193 3.330 3.387 3.391 3.652 3.824 3.760 3.920 4.112 4.187 4.255 4.235 4.313 4.428 4.416 4.582 4.736 4.834 4.935 4.926 4.815 4.616 4.336 3.972 3.591 3.254 2.919 2.586 2.327 2.151 1.880 1.731 1.642 1.588 1.535 1.537 1.552 1.596 1.597 1.679 1.678 1.703 1.720 1.704 1.650 1.642 1.594 1.501 1.408 1.236 0.961 0.665 0.406 0.218 0.113 0.065 0.044 0.033 0.022 0.018 0.010 0.005 0.001 0.000 0.000
6.303 7.148 8.150 9.140 9.494 9.523 9.575 8.719 9.668 10.204 9.179 5.679 3.100 3.108 3.251 3.231 3.280 3.563 3.780 3.851 3.955 4.051 4.088 4.314 4.511 4.536 4.584 4.513 4.598 4.887 5.063 5.099 5.073 4.962 4.744 4.456 4.078 3.705 3.414 3.063 2.685 2.446 2.213 2.072 1.934 1.778 1.658 1.615 1.630 1.615 1.638 1.680 1.709 1.746 1.769 1.758 1.737 1.715 1.668 1.617 1.527 1.366 1.138 0.842 0.558 0.321 0.167 0.092 0.055 0.037 0.025 0.016 0.012 0.006 0.002 0.000 0.000
5.991 6.762 7.698 8.718 9.401 9.171 8.799 8.625 9.427 10.381 10.121 7.703 3.832 2.816 2.930 3.145 3.239 3.318 3.497 3.664 3.769 3.884 4.090 4.329 4.543 4.642 4.724 4.680 4.670 4.827 5.047 5.131 5.153 5.117 4.996 4.832 4.604 4.226 3.821 3.508 3.168 2.828 2.658 2.425 2.223 2.047 1.901 1.772 1.702 1.666 1.691 1.701 1.769 1.801 1.810 1.812 1.803 1.769 1.751 1.711 1.621 1.487 1.289 1.027 0.727 0.454 0.253 0.137 0.076 0.045 0.027 0.016 0.011 0.006 0.002 0.001 0.000
5.699 6.473 7.350 8.281 9.029 9.220 8.838 8.006 8.103 10.067 10.717 9.075 5.343 2.741 2.688 2.861 3.035 3.146 3.230 3.386 3.640 3.897 4.122 4.294 4.465 4.550 4.653 4.818 4.891 4.908 5.007 5.076 5.122 5.131 5.101 5.038 4.913 4.655 4.330 4.037 3.765 3.448 3.102 2.775 2.505 2.296 2.151 1.986 1.830 1.764 1.783 1.816 1.839 1.853 1.851 1.859 1.859 1.857 1.834 1.797 1.733 1.622 1.439 1.192 0.911 0.622 0.369 0.200 0.111 0.062 0.034 0.019 0.011 0.007 0.003 0.001 0.000
5.210 6.164 7.073 8.009 8.729 9.123 9.084 8.454 7.128 8.555 9.944 9.774 6.717 3.246 2.603 2.698 2.799 2.855 2.954 3.156 3.405 3.660 3.980 4.243 4.423 4.614 4.696 4.740 4.829 4.905 4.975 5.077 5.120 5.110 5.123 5.118 5.094 5.054 4.865 4.514 4.209 3.979 3.648 3.236 2.890 2.559 2.336 2.200 2.044 1.941 1.951 1.955 1.930 1.923 1.927 1.946 1.953 1.958 1.926 1.876 1.827 1.738 1.578 1.353 1.087 0.790 0.506 0.286 0.161 0.092 0.049 0.024 0.011 0.008 0.003 0.001 0.000
4.572 5.595 6.650 7.660 8.367 9.014 9.205 8.856 8.162 8.247 8.831 9.438 8.331 4.451 2.554 2.618 2.670 2.744 2.814 2.880 3.046 3.286 3.544 3.864 4.160 4.495 4.696 4.753 4.816 4.862 4.922 5.025 5.134 5.187 5.182 5.185 5.160 5.135 5.105 4.911 4.595 4.330 4.134 3.828 3.361 2.883 2.630 2.481 2.298 2.194 2.150 2.089 2.076 2.068 2.034 2.033 2.026 2.017 2.007 1.968 1.910 1.832 1.710 1.506 1.238 0.958 0.663 0.401 0.226 0.131 0.074 0.036 0.015 0.009 0.004 0.001 0.000
3.884 5.006 6.113 7.144 7.956 8.770 9.120 9.086 8.785 7.757 9.060 9.189 8.872 6.136 3.344 2.622 2.637 2.648 2.696 2.795 2.963 3.090 3.208 3.417 3.684 4.006 4.363 4.623 4.740 4.792 4.894 5.009 5.109 5.193 5.249 5.300 5.288 5.268 5.226 5.134 4.937 4.586 4.261 4.164 3.892 3.407 3.071 2.793 2.601 2.513 2.411 2.324 2.282 2.246 2.196 2.116 2.083 2.064 2.067 2.047 2.012 1.960 1.835 1.640 1.403 1.121 0.825 0.539 0.313 0.180 0.104 0.054 0.025 0.011 0.005 0.002 0.001
3.063 4.191 5.444 6.627 7.554 8.247 8.902 9.365 9.298 8.532 8.604 9.441 8.980 7.751 4.494 3.141 2.684 2.642 2.728 2.900 2.978 2.982 3.063 3.228 3.380 3.641 4.023 4.327 4.494 4.676 4.840 4.974 5.094 5.175 5.253 5.398 5.496 5.445 5.390 5.330 5.151 4.957 4.679 4.331 4.227 3.988 3.506 3.147 2.979 2.832 2.707 2.624 2.536 2.452 2.382 2.264 2.163 2.118 2.109 2.130 2.118 2.071 1.961 1.809 1.600 1.302 0.979 0.683 0.429 0.246 0.139 0.074 0.034 0.015 0.008 0.003 0.001
2.202 3.226 4.442 5.691 6.822 7.794 8.696 9.314 9.591 9.094 8.123 9.263 9.205 8.497 6.198 4.188 3.264 2.772 2.727 2.821 2.929 3.030 3.167 3.216 3.225 3.387 3.720 4.080 4.362 4.539 4.699 4.897 5.035 5.146 5.333 5.416 5.507 5.625 5.628 5.594 5.395 5.209 5.076 4.800 4.466 4.374 4.084 3.560 3.251 3.143 3.028 2.932 2.845 2.720 2.594 2.463 2.297 2.201 2.196 2.235 2.226 2.176 2.100 1.977 1.766 1.502 1.199 0.867 0.569 0.333 0.186 0.099 0.048 0.021 0.010 0.004 0.002
1.393 2.236 3.357 4.501 5.747 6.989 7.994 8.979 9.695 9.555 8.782 8.228 9.571 9.092 7.809 5.558 4.284 3.296 2.930 2.905 2.936 3.050 3.225 3.206 3.170 3.289 3.542 3.910 4.322 4.442 4.540 4.710 4.859 5.036 5.161 5.365 5.720 5.883 5.885 5.926 5.844 5.552 5.309 5.135 4.843 4.603 4.527 4.121 3.627 3.381 3.258 3.151 3.120 3.071 2.910 2.705 2.493 2.373 2.320 2.317 2.318 2.271 2.224 2.124 1.953 1.742 1.434 1.052 0.727 0.459 0.257 0.139 0.068 0.031 0.014 0.006 0.002
0.763 1.347 2.230 3.308 4.488 5.712 6.899 8.269 9.291 9.812 9.339 8.421 8.312 8.789 8.634 6.456 5.391 4.651 3.684 3.163 3.084 3.077 3.076 3.019 3.138 3.365 3.557 3.949 4.383 4.490 4.471 4.535 4.695 4.924 5.135 5.360 5.630 5.955 6.082 6.130 6.219 6.040 5.655 5.310 5.085 4.908 4.780 4.590 4.135 3.739 3.495 3.361 3.259 3.274 3.249 3.037 2.799 2.613 2.463 2.397 2.389 2.388 2.359 2.290 2.157 1.979 1.667 1.275 0.908 0.612 0.359 0.192 0.096 0.046 0.021 0.009 0.003
0.353 0.699 1.251 2.097 3.127 4.245 5.571 7.024 8.308 9.279 9.640 9.236 8.301 8.232 8.200 8.029 6.074 5.421 4.772 3.996 3.459 3.307 3.164 3.220 3.333 3.351 3.423 3.682 4.091 4.601 4.687 4.512 4.560 4.746 5.055 5.308 5.462 5.721 6.095 6.264 6.371 6.427 6.112 5.633 5.262 5.167 5.177 5.009 4.628 4.171 3.805 3.580 3.446 3.362 3.417 3.371 3.097 2.837 2.669 2.566 2.500 2.514 2.501 2.459 2.378 2.190 1.882 1.514 1.112 0.768 0.487 0.271 0.139 0.067 0.031 0.013 0.004
0.138 0.300 0.598 1.096 1.831 2.776 4.066 5.432 6.858 8.040 9.153 9.559 9.039 7.793 8.220 8.233 7.456 6.621 5.799 4.908 4.113 3.623 3.486 3.526 3.560 3.554 3.532 3.544 3.714 4.110 4.722 4.625 4.527 4.609 4.813 5.104 5.351 5.532 5.841 6.117 6.274 6.423 6.469 6.226 5.756 5.480 5.391 5.195 4.924 4.590 4.218 3.892 3.637 3.510 3.536 3.522 3.328 3.112 2.936 2.753 2.697 2.676 2.640 2.603 2.526 2.366 2.123 1.765 1.336 0.954 0.639 0.382 0.197 0.097 0.046 0.020 0.007
0.044 0.105 0.234 0.471 0.889 1.556 2.529 3.733 5.094 6.390 7.882 8.818 8.943 8.518 7.621 7.980 8.324 7.291 6.803 6.018 5.166 4.205 3.869 3.900 3.858 3.829 3.768 3.718 3.705 3.835 4.331 4.641 4.502 4.503 4.605 4.807 5.055 5.286 5.659 5.965 6.177 6.390 6.476 6.417 6.364 6.103 5.856 5.577 5.243 4.879 4.509 4.199 3.912 3.673 3.551 3.550 3.565 3.442 3.243 3.065 2.938 2.817 2.798 2.742 2.657 2.555 2.351 2.000 1.561 1.159 0.816 0.507 0.278 0.143 0.069 0.030 0.010
0.010 0.031 0.077 0.175 0.373 0.742 1.330 2.194 3.270 4.612 6.174 7.319 8.094 8.752 7.980 7.247 7.571 8.274 7.141 6.679 6.082 5.334 4.479 4.225 4.238 4.204 4.079 3.948 3.807 3.791 4.071 4.480 4.559 4.491 4.439 4.572 4.810 5.023 5.276 5.521 5.886 6.375 6.615 6.763 6.845 6.706 6.379 6.106 5.730 5.248 4.825 4.517 4.241 3.949 3.724 3.598 3.666 3.636 3.519 3.417 3.216 3.060 2.949 2.874 2.845 2.743 2.558 2.222 1.805 1.385 1.009 0.664 0.394 0.205 0.100 0.045 0.017
0.000 0.005 0.022 0.059 0.143 0.318 0.628 1.139 1.860 2.962 4.182 5.308 6.612 7.787 8.064 7.751 6.832 7.414 7.977 6.987 6.767 6.465 5.613 4.557 4.353 4.430 4.426 4.301 4.049 3.871 3.823 4.164 4.669 4.700 4.525 4.423 4.566 4.748 4.807 5.146 5.739 6.309 6.790 7.074 7.141 7.097 6.913 6.633 6.220 5.727 5.251 4.880 4.537 4.215 3.975 3.822 3.730 3.744 3.736 3.615 3.508 3.358 3.140 3.096 3.075 2.940 2.740 2.447 2.062 1.617 1.198 0.839 0.526 0.288 0.144 0.066 0.027
0.000 0.000 0.003 0.018 0.051 0.128 0.282 0.554 0.997 1.737 2.625 3.762 4.878 5.757 7.100 7.062 7.148 6.636 6.971 7.273 6.699 6.791 6.705 5.766 4.743 4.600 4.711 4.684 4.561 4.315 4.055 3.862 4.427 4.815 4.796 4.397 4.271 4.340 4.564 5.099 5.607 6.040 6.570 7.045 7.370 7.446 7.303 7.050 6.760 6.318 5.776 5.266 4.848 4.465 4.234 4.144 4.006 3.872 3.854 3.828 3.742 3.592 3.453 3.344 3.227 3.087 2.934 2.668 2.320 1.901 1.448 1.045 0.680 0.397 0.207 0.097 0.042
0.000 0.000 0.000 0.002 0.016 0.050 0.124 0.263 0.539 0.979 1.633 2.468 3.455 4.365 5.537 6.156 6.480 6.588 6.224 6.565 7.110 6.952 6.632 6.479 5.584 4.746 4.870 4.849 4.919 4.893 4.646 4.223 4.168 4.449 4.879 4.477 4.097 4.125 4.431 4.917 5.348 5.728 6.111 6.629 7.144 7.464 7.594 7.469 7.184 6.858 6.407 5.759 5.196 4.812 4.603 4.413 4.300 4.147 3.996 3.992 3.916 3.837 3.747 3.539 3.355 3.275 3.097 2.892 2.595 2.202 1.730 1.277 0.869 0.535 0.286 0.139 0.062
0.000 0.000 0.000 0.000 0.003 0.017 0.052 0.126 0.287 0.550 0.999 1.569 2.370 3.321 4.125 5.023 5.647 5.986 5.896 6.092 6.474 6.842 7.054 6.738 6.122 5.053 4.821 4.871 4.958 5.058 4.834 4.702 4.422 4.402 4.637 4.533 4.115 4.083 4.333 4.615 4.906 5.280 5.778 6.337 6.856 7.281 7.491 7.504 7.365 7.195 6.941 6.426 5.723 5.271 4.976 4.725 4.502 4.376 4.165 4.087 4.151 4.079 3.972 3.730 3.558 3.480 3.301 3.100 2.848 2.468 1.985 1.554 1.105 0.696 0.391 0.197 0.091
0.000 0.000 0.000 0.000 0.000 0.003 0.018 0.056 0.135 0.283 0.545 0.959 1.605 2.442 3.233 4.035 4.792 5.325 5.401 5.587 6.230 6.660 6.277 6.692 6.394 5.467 4.841 4.892 4.952 4.996 5.052 4.920 4.757 4.621 4.453 4.618 4.452 4.137 4.186 4.337 4.622 5.002 5.479 5.906 6.420 6.966 7.354 7.536 7.474 7.216 7.001 6.851 6.379 5.809 5.424 5.127 4.790 4.528 4.358 4.169 4.137 4.247 4.326 4.056 3.773 3.621 3.499 3.306 3.112 2.710 2.296 1.867 1.357 0.895 0.533 0.276 0.132
0.000 0.000 0.000 0.000 0.000 0.000 0.003 0.020 0.057 0.136 0.283 0.555 0.986 1.632 2.398 3.187 3.967 4.614 5.016 5.400 5.891 6.397 6.521 6.157 6.497 6.256 5.483 4.904 4.946 5.029 5.197 5.187 5.010 4.852 4.795 4.820 4.782 4.254 4.063 4.126 4.397 4.807 5.136 5.468 5.991 6.617 7.132 7.357 7.430 7.443 7.222 6.890 6.714 6.278 5.864 5.528 5.202 4.903 4.682 4.479 4.257 4.167 4.264 4.415 4.134 3.793 3.659 3.542 3.313 2.965 2.641 2.213 1.670 1.144 0.693 0.384 0.191
0.000 0.000 0.000 0.000 0.000 0.000 0.000 0.003 0.020 0.063 0.142 0.302 0.557 0.985 1.650 2.294 3.114 3.849 4.468 5.288 5.681 5.750 6.316 6.222 6.379 6.875 6.921 5.090 4.831 4.946 5.123 5.252 5.212 5.154 5.213 5.244 5.194 4.565 4.003 3.980 4.195 4.406 4.679 5.096 5.661 6.252 6.852 7.273 7.418 7.476 7.410 7.178 6.920 6.585 6.217 5.909 5.650 5.299 5.016 4.831 4.676 4.403 4.241 4.383 4.347 4.078 3.832 3.716 3.570 3.286 2.982 2.564 2.010 1.430 0.903 0.520 0.264
0.000 0.000 0.000 0.000 0.000 0.000 0.000 0.000 0.004 0.023 0.059 0.140 0.295 0.543 0.973 1.594 2.228 3.028 3.769 4.802 5.309 5.152 5.686 6.313 6.219 6.817 7.570 6.818 4.729 4.864 4.983 5.204 5.448 5.703 5.483 5.300 5.241 4.971 4.207 3.900 3.851 3.885 4.296 4.924 5.428 5.899 6.502 7.126 7.471 7.570 7.604 7.426 7.187 6.896 6.507 6.179 5.911 5.656 5.473 5.283 5.072 4.856 4.497 4.337 4.497 4.329 4.096 3.998 3.784 3.521 3.275 2.904 2.383 1.750 1.144 0.682 0.359
0.000 0.000 0.000 0.000 0.000 0.000 0.000 0.000 0.000 0.003 0.018 0.057 0.139 0.290 0.544 0.977 1.506 2.167 3.095 4.057 4.612 4.823 5.272 5.834 6.384 6.589 7.397 7.603 5.155 4.678 4.941 5.195 5.403 5.525 5.777 5.833 5.437 5.138 4.600 3.759 3.552 3.811 4.183 4.554 5.040 5.555 6.044 6.657 7.282 7.589 7.729 7.652 7.455 7.197 6.820 6.473 6.197 6.000 5.862 5.760 5.489 5.191 4.893 4.730 4.716 4.534 4.364 4.189 3.996 3.771 3.569 3.225 2.707 2.093 1.443 0.887 0.487
0.000 0.000 0.000 0.000 0.000 0.000 0.000 0.000 0.000 0.000 0.004 0.022 0.059 0.132 0.263 0.489 0.930 1.409 2.247 3.041 3.554 4.486 5.075 5.477 5.933 6.674 6.966 7.609 6.467 4.651 4.887 5.060 5.249 5.364 5.532 5.856 6.216 5.701 4.731 3.919 3.557 3.546 3.827 4.191 4.536 5.007 5.509 6.009 6.685 7.337 7.670 7.787 7.746 7.546 7.263 6.873 6.590 6.327 6.109 5.988 5.874 5.600 5.326 5.159 4.961 4.843 4.653 4.436 4.200 4.008 3.824 3.446 3.038 2.459 1.788 1.151 0.668
0.000 0.000 0.000 0.000 0.000 0.000 0.000 0.000 0.000 0.000 0.000 0.003 0.017 0.052 0.114 0.229 0.460 0.848 1.472 2.087 2.646 3.612 4.310 5.056 5.447 6.110 6.696 7.064 7.146 4.957 4.731 5.033 5.176 5.344 5.466 5.627 6.176 5.990 5.048 4.489 3.686 3.357 3.397 3.685 4.027 4.416 4.884 5.412 6.008 6.655 7.305 7.728 7.876 7.927 7.667 7.246 6.863 6.604 6.415 6.194 6.089 6.027 5.836 5.454 5.198 5.254 4.941 4.656 4.416 4.275 4.016 3.741 3.358 2.801 2.163 1.493 0.912
0.000 0.000 0.000 0.000 0.000 0.000 0.000 0.000 0.000 0.000 0.000 0.000 0.002 0.014 0.043 0.106 0.217 0.459 0.850 1.301 1.916 2.570 3.284 4.180 5.148 5.537 6.251 6.340 7.085 6.068 4.689 4.911 5.174 5.356 5.489 5.526 5.633 6.021 5.988 5.055 3.938 3.199 3.075 3.230 3.510 3.888 4.320 4.853 5.445 6.079 6.680 7.183 7.672 8.002 7.923 7.575 7.183 6.862 6.618 6.464 6.369 6.281 6.100 5.854 5.663 5.447 5.292 4.981 4.627 4.452 4.274 4.041 3.642 3.124 2.564 1.894 1.213
