data/RealTopo/Outputs_RealTopo/Wog_02_curv_MoT-Voellmy_h_max.asc
ncols        490
nrows        555
xllcorner    167452.5
yllcorner    361952.5
cellsize     5.00
NODATA_value -9999
[rows 442 to 475 of 555, columns 308 to 384 of 490]
1.608 1.661 1.769 1.868 1.804 1.680 1.618 1.633 1.716 1.786 1.880 1.951 1.919 1.818 1.688 1.574 1.582 1.753 1.693 1.771 1.942 2.020 2.062 2.052 2.089 2.317 2.073 1.538 1.500 1.500 1.511 1.616 1.657 1.714 1.926 2.176 2.282 3.103 3.394 3.773 4.438 5.024 5.438 5.664 5.552 5.816 5.931 5.850 5.824 5.581 4.902 3.984 3.128 2.633 2.927 3.251 3.544 3.753 3.877 3.948 3.960 3.923 3.741 3.412 2.959 2.509 2.225 2.036 1.824 1.610 1.500 1.500 1.500 0.807 0.508 0.191 0.044
1.693 1.695 1.759 1.906 1.866 1.714 1.626 1.640 1.708 1.779 1.877 1.982 1.991 1.904 1.776 1.634 1.543 1.680 1.656 1.729 1.935 2.049 2.111 2.119 2.065 2.315 2.134 1.609 1.500 1.500 1.503 1.544 1.594 1.671 1.812 2.063 2.162 3.019 3.212 3.595 4.129 4.582 4.860 5.037 4.947 5.296 5.657 5.913 6.031 5.896 5.309 4.399 3.472 2.790 2.714 3.084 3.424 3.689 3.868 3.958 4.009 4.005 3.882 3.604 3.164 2.690 2.336 2.142 1.974 1.742 1.580 1.500 1.500 1.500 0.692 0.302 0.066
1.803 1.781 1.760 1.925 1.879 1.750 1.638 1.645 1.685 1.763 1.874 2.004 2.061 2.001 1.878 1.711 1.590 1.590 1.606 1.659 1.924 2.093 2.170 2.180 2.126 2.296 2.196 1.680 1.500 1.500 1.558 1.550 1.563 1.619 1.687 1.924 2.094 2.952 3.026 3.404 3.885 4.272 4.468 4.451 4.236 4.704 5.346 5.821 6.111 6.120 5.633 4.788 3.866 3.113 2.620 2.851 3.233 3.577 3.822 3.961 4.057 4.053 3.961 3.763 3.398 2.916 2.465 2.221 2.083 1.916 1.652 1.503 1.500 1.500 0.935 0.454 0.105
1.817 1.703 1.653 1.805 1.856 1.744 1.665 1.642 1.649 1.731 1.856 2.012 2.127 2.095 1.970 1.813 1.666 1.520 1.540 1.588 1.901 2.127 2.226 2.231 2.191 2.271 2.249 1.753 1.500 1.500 1.621 1.577 1.518 1.636 1.614 1.863 2.050 2.900 2.843 3.201 3.705 4.041 4.217 3.986 3.579 3.997 4.820 5.555 6.107 6.266 5.904 5.160 4.292 3.454 2.852 2.569 2.981 3.405 3.732 3.964 4.071 4.084 4.068 3.946 3.590 3.073 2.609 2.347 2.185 2.037 1.847 1.616 1.500 1.500 1.500 0.646 0.163
1.554 1.538 1.620 1.773 1.843 1.737 1.668 1.642 1.620 1.680 1.795 2.006 2.183 2.164 2.049 1.911 1.737 1.568 1.508 1.504 1.864 2.115 2.273 2.307 2.276 2.224 2.286 1.842 1.547 1.500 1.553 1.534 1.500 1.687 1.557 1.957 2.038 2.849 2.698 2.969 3.575 3.803 4.097 3.616 3.073 3.380 4.233 5.188 5.893 6.218 6.069 5.451 4.650 3.783 3.111 2.698 2.701 3.176 3.582 3.903 4.073 4.140 4.164 4.044 3.771 3.281 2.768 2.441 2.281 2.160 2.028 1.779 1.618 1.500 1.500 0.931 0.243
1.500 1.543 1.603 1.751 1.873 1.778 1.683 1.644 1.587 1.625 1.727 1.969 2.196 2.169 2.054 1.952 1.801 1.626 1.510 1.522 1.809 2.112 2.315 2.388 2.387 2.236 2.304 1.914 1.600 1.541 1.532 1.500 1.500 1.750 1.535 2.052 2.051 2.802 2.566 2.684 3.427 3.827 4.140 3.359 2.767 2.922 3.618 4.625 5.496 6.013 6.087 5.648 4.967 4.158 3.431 2.953 2.687 2.893 3.362 3.761 4.061 4.209 4.210 4.139 3.925 3.498 2.935 2.521 2.351 2.270 2.161 1.958 1.655 1.558 1.500 1.500 0.360
1.522 1.566 1.593 1.771 1.919 1.825 1.706 1.664 1.578 1.577 1.643 1.889 2.160 2.119 2.027 1.969 1.816 1.687 1.549 1.562 1.726 2.099 2.351 2.468 2.507 2.329 2.284 1.959 1.641 1.595 1.617 1.535 1.500 1.819 1.546 2.173 2.082 2.780 2.430 2.374 3.223 3.828 4.202 3.280 2.578 2.616 3.107 3.984 4.940 5.669 6.029 5.803 5.251 4.490 3.755 3.279 2.936 2.670 3.070 3.543 3.943 4.163 4.279 4.272 4.102 3.711 3.110 2.616 2.390 2.311 2.236 2.108 1.899 1.556 1.500 1.500 0.589
1.544 1.596 1.604 1.750 1.952 1.865 1.732 1.690 1.603 1.577 1.613 1.804 2.045 2.075 2.002 1.882 1.809 1.748 1.596 1.561 1.677 2.068 2.371 2.566 2.610 2.431 2.237 2.017 1.690 1.640 1.678 1.600 1.500 1.880 1.567 2.313 2.118 2.772 2.290 2.366 2.948 3.733 4.185 3.324 2.460 2.565 2.810 3.361 4.300 5.166 5.794 5.794 5.347 4.793 4.111 3.586 3.188 2.885 2.728 3.253 3.713 4.078 4.338 4.389 4.251 3.887 3.313 2.759 2.418 2.313 2.261 2.206 2.074 1.786 1.514 1.500 1.500
1.555 1.613 1.591 1.722 1.992 1.867 1.743 1.716 1.655 1.641 1.533 1.638 1.896 2.022 1.984 1.817 1.776 1.821 1.666 1.547 1.741 1.979 2.368 2.651 2.701 2.565 2.189 2.078 1.723 1.659 1.707 1.630 1.511 1.927 1.590 2.459 2.153 2.773 2.144 2.409 2.596 3.502 4.080 3.331 2.370 2.550 2.818 2.969 3.699 4.590 5.333 5.437 5.327 5.002 4.304 3.830 3.466 3.164 2.873 2.891 3.446 3.900 4.247 4.381 4.429 4.116 3.545 2.902 2.489 2.314 2.248 2.244 2.180 1.998 1.675 1.500 1.500
1.545 1.598 1.591 1.718 1.993 1.869 1.739 1.699 1.705 1.711 1.572 1.500 1.742 1.947 2.012 1.808 1.759 1.886 1.699 1.557 1.808 1.856 2.327 2.683 2.809 2.741 2.112 2.107 1.754 1.686 1.712 1.621 1.562 1.949 1.599 2.603 2.193 2.747 2.158 2.448 2.359 3.135 3.906 3.365 2.276 2.509 2.898 2.987 3.182 3.982 4.676 4.882 5.095 4.878 4.315 3.989 3.766 3.430 3.094 2.868 3.051 3.661 4.089 4.453 4.572 4.258 3.747 3.085 2.580 2.305 2.218 2.221 2.217 2.154 1.931 1.617 1.500
1.535 1.561 1.601 1.727 1.959 1.852 1.699 1.674 1.712 1.750 1.670 1.500 1.556 1.848 2.060 1.826 1.741 1.909 1.738 1.558 1.856 1.807 2.253 2.717 2.919 2.912 2.287 2.096 1.795 1.707 1.703 1.591 1.579 1.940 1.616 2.746 2.231 2.670 2.237 2.499 2.268 2.670 3.604 3.253 2.348 2.465 2.972 3.017 2.768 3.466 4.073 4.218 4.455 4.547 4.215 4.001 3.949 3.640 3.318 3.036 2.775 3.238 3.870 4.373 4.571 4.469 3.979 3.282 2.714 2.371 2.196 2.141 2.183 2.202 2.078 1.798 1.581
1.539 1.524 1.616 1.726 1.898 1.812 1.655 1.635 1.684 1.780 1.751 1.548 1.500 1.717 2.085 1.922 1.739 1.882 1.739 1.520 1.833 1.855 2.117 2.691 3.015 3.062 2.527 1.920 1.724 1.652 1.698 1.565 1.564 1.924 1.639 2.869 2.244 2.535 2.306 2.568 2.225 2.254 3.124 2.994 2.372 2.373 2.999 3.066 2.442 3.080 3.600 3.533 3.676 4.080 3.788 3.738 3.964 3.738 3.479 3.199 2.885 2.776 3.486 4.150 4.558 4.619 4.132 3.483 2.894 2.489 2.211 2.071 2.079 2.136 2.134 2.007 1.765
1.545 1.549 1.590 1.605 1.816 1.736 1.589 1.589 1.662 1.771 1.772 1.642 1.532 1.566 2.005 1.999 1.715 1.831 1.745 1.500 1.675 1.818 1.906 2.601 3.088 3.180 2.771 1.719 1.559 1.610 1.703 1.552 1.518 1.896 1.665 2.973 2.252 2.340 2.350 2.666 2.203 2.082 2.631 2.568 2.172 2.255 2.958 3.134 2.413 2.762 3.264 3.004 3.031 3.406 3.174 3.224 3.716 3.670 3.505 3.283 2.975 2.749 2.906 3.729 4.499 4.763 4.302 3.612 3.056 2.639 2.305 2.093 1.967 2.007 2.064 2.059 1.909
1.528 1.577 1.500 1.500 1.740 1.662 1.512 1.557 1.656 1.746 1.708 1.670 1.579 1.500 1.709 1.970 1.723 1.784 1.729 1.500 1.547 1.688 1.630 2.444 3.078 3.254 2.981 2.019 1.500 1.564 1.672 1.534 1.503 1.857 1.699 3.066 2.277 2.154 2.396 2.773 2.228 1.976 2.274 2.129 1.909 2.148 2.945 3.151 2.425 2.392 3.009 2.632 2.613 2.737 2.531 2.502 3.157 3.268 3.308 3.244 2.866 2.589 2.569 3.122 4.203 4.779 4.473 3.770 3.165 2.756 2.455 2.160 1.949 1.919 1.899 1.951 2.021
1.500 1.500 1.500 1.500 1.606 1.626 1.532 1.531 1.631 1.669 1.546 1.618 1.603 1.500 1.500 1.803 1.756 1.733 1.690 1.539 1.500 1.504 1.528 2.278 2.956 3.246 3.178 2.283 1.500 1.500 1.630 1.536 1.524 1.794 1.758 3.143 2.383 2.210 2.467 2.884 2.304 1.876 2.067 2.035 1.762 2.058 3.082 3.252 2.465 2.048 2.531 2.315 2.333 2.267 2.090 1.985 2.650 2.616 2.729 2.841 2.480 2.287 2.352 2.584 3.671 4.576 4.586 3.865 3.221 2.874 2.591 2.292 2.044 1.835 1.740 1.865 2.040
1.500 1.500 1.500 1.500 1.500 1.604 1.578 1.513 1.548 1.583 1.500 1.557 1.549 1.500 1.500 1.527 1.500 1.608 1.611 1.510 1.500 1.500 1.507 2.025 2.754 3.171 3.306 2.452 1.541 1.500 1.580 1.520 1.549 1.714 1.827 3.178 2.497 2.185 2.420 2.982 2.428 1.761 1.996 1.997 1.821 2.188 3.138 3.280 2.502 2.101 1.817 1.883 2.089 1.999 1.901 1.763 2.318 2.002 1.934 2.082 1.984 1.934 1.987 2.078 3.065 4.303 4.543 3.980 3.294 2.938 2.685 2.425 2.149 1.845 1.711 1.802 1.915
1.500 1.500 1.500 1.500 1.500 1.512 1.540 1.522 1.500 1.571 1.518 1.500 1.500 1.500 1.500 1.500 1.500 1.511 1.548 1.500 1.500 1.500 1.500 1.764 2.508 2.997 3.389 2.807 1.875 1.500 1.500 1.500 1.582 1.627 1.907 3.210 2.546 1.987 2.162 3.026 2.575 1.680 1.945 2.114 1.894 2.262 3.101 3.227 2.523 2.186 1.880 1.615 1.999 1.993 1.807 1.703 1.976 1.545 1.502 1.616 1.591 1.505 1.663 1.729 2.497 3.904 4.365 3.997 3.357 2.979 2.805 2.517 2.270 1.928 1.719 1.742 1.788
1.516 1.500 1.500 1.516 1.500 1.500 1.500 1.515 1.500 1.500 1.500 1.500 1.500 0.005 0.011 0.030 0.126 1.500 1.500 1.500 1.500 1.555 1.500 1.652 2.211 2.704 3.414 3.159 2.160 1.500 1.500 1.500 1.620 1.547 1.968 3.273 2.493 2.024 1.926 3.044 2.660 1.628 1.929 2.179 1.944 2.275 3.016 3.098 2.488 2.284 1.944 1.584 1.936 2.008 1.772 1.777 1.529 1.500 1.500 1.517 1.572 1.561 1.682 1.582 2.276 3.705 4.190 3.829 3.342 3.054 2.938 2.560 2.317 2.030 1.765 1.631 1.584
1.500 1.500 1.500 1.500 1.500 1.500 1.500 1.500 1.500 1.500 1.500 0.000 0.001 0.003 0.005 0.013 0.056 0.257 1.500 1.500 1.500 1.500 1.500 1.621 1.933 2.286 3.332 3.384 2.449 1.500 1.500 1.530 1.581 1.516 2.000 3.315 2.428 2.103 2.100 3.095 2.784 1.612 1.864 2.174 1.981 2.256 2.931 2.912 2.336 2.247 2.062 1.782 1.775 1.816 1.885 1.614 1.500 1.500 1.769 1.784 1.825 1.739 1.732 1.573 2.012 3.275 3.881 3.579 3.210 2.997 3.017 2.808 2.254 2.064 1.876 1.591 1.500
1.500 1.500 1.500 1.500 1.500 1.500 1.500 1.500 0.000 0.000 0.000 0.000 0.001 0.001 0.003 0.006 0.013 0.064 0.283 1.500 1.500 1.500 1.500 1.500 1.750 1.812 3.083 3.505 2.835 1.604 1.500 1.501 1.500 1.542 1.976 3.212 2.346 2.190 2.349 3.104 2.884 1.593 1.825 2.171 2.012 2.195 2.838 2.701 2.015 2.202 2.375 1.922 1.500 1.799 1.888 1.527 1.500 1.697 2.081 2.009 2.025 1.853 1.696 1.601 1.798 2.854 3.586 3.267 2.883 2.717 3.019 3.087 2.328 1.973 1.830 1.631 1.545
0.130 0.389 1.500 1.500 1.500 0.000 0.000 0.000 0.000 0.000 0.000 0.000 0.000 0.000 0.001 0.003 0.008 0.023 0.060 0.151 0.331 0.528 1.500 1.500 1.680 1.500 2.648 3.522 3.086 1.826 1.500 1.500 1.500 1.574 1.886 2.936 2.288 2.300 2.616 3.136 2.980 1.608 1.829 2.140 1.977 2.028 2.742 2.558 1.828 2.146 2.503 1.923 1.573 1.709 1.606 1.500 1.514 1.932 2.179 2.096 2.091 1.941 1.804 1.620 1.670 2.526 3.351 2.980 2.613 2.265 2.730 3.255 2.827 1.770 1.528 1.581 1.627
0.000 0.000 0.000 0.000 0.000 0.000 0.000 0.000 0.000 0.000 0.000 0.000 0.000 0.000 0.000 0.001 0.005 0.014 0.039 0.116 0.286 0.499 0.659 1.090 1.668 1.500 2.131 3.312 3.219 2.020 1.500 1.500 1.530 1.571 1.796 2.513 2.208 2.475 2.867 3.109 3.109 1.622 1.814 2.036 1.830 1.826 2.664 2.497 1.647 1.918 2.447 2.123 1.802 1.500 1.500 1.500 1.685 2.119 2.193 2.135 2.123 2.001 1.949 1.773 1.638 2.278 3.180 2.827 2.483 1.833 2.166 3.135 3.286 1.973 1.500 1.514 1.500
0.000 0.000 0.000 0.000 0.000 0.000 0.000 0.000 0.000 0.000 0.000 0.000 0.000 0.000 0.000 0.000 0.002 0.008 0.025 0.079 0.231 0.470 0.689 1.018 1.620 1.500 1.764 2.846 3.315 2.239 1.656 1.500 1.500 1.500 1.692 2.037 2.137 2.657 3.066 3.023 3.156 1.745 1.829 1.711 1.534 1.541 2.490 2.542 1.552 1.732 2.346 2.377 1.905 1.543 1.500 1.561 1.747 2.064 2.198 2.176 2.086 2.067 2.200 1.984 1.696 2.099 2.977 2.695 2.422 1.625 1.568 2.560 3.516 2.432 1.522 1.500 1.500
0.000 0.000 0.000 0.000 0.000 0.000 0.000 0.000 0.000 0.000 0.000 0.000 0.000 0.000 0.000 0.000 0.000 0.003 0.013 0.048 0.190 0.420 0.686 0.932 1.520 1.500 1.603 2.272 3.220 2.385 1.671 1.500 1.500 1.500 1.557 1.624 1.907 2.707 3.341 2.808 2.947 1.876 1.526 1.500 1.500 1.500 2.368 2.700 1.511 1.502 2.253 2.543 1.991 1.647 1.531 1.516 1.693 2.094 2.228 2.202 2.021 2.145 2.346 2.127 1.749 1.956 2.609 2.431 2.382 1.594 1.500 1.851 3.442 2.768 1.754 1.500 1.500
0.000 0.000 0.000 0.000 0.000 0.000 0.000 0.000 0.000 0.000 0.000 0.000 0.000 0.000 0.000 0.000 0.000 0.001 0.006 0.029 0.149 0.375 0.636 0.823 1.500 1.500 1.517 1.747 2.898 2.409 1.519 1.500 1.500 1.500 1.500 1.500 1.665 2.801 3.679 2.634 2.204 1.500 1.500 1.500 1.500 1.500 2.105 2.280 1.500 1.500 2.052 2.440 1.999 1.599 1.582 1.662 1.704 2.065 2.209 2.225 1.983 2.104 2.320 2.214 1.773 1.825 2.082 2.062 2.317 1.645 1.500 1.501 2.757 2.872 1.963 1.647 1.610
0.000 0.000 0.000 0.000 0.000 0.000 0.000 0.000 0.000 0.000 0.000 0.000 0.000 0.000 0.000 0.000 0.000 0.000 0.002 0.016 0.120 0.364 0.552 0.780 1.500 1.500 1.500 1.500 2.483 2.340 1.556 1.554 1.500 1.500 1.500 1.500 1.532 2.867 3.955 2.600 1.500 1.500 1.500 1.500 1.511 1.616 2.130 2.061 1.549 1.500 1.839 2.188 1.924 1.572 1.613 1.772 1.754 1.950 2.161 2.238 1.952 1.912 2.155 2.254 1.804 1.695 1.617 1.698 2.119 1.661 1.500 1.500 1.983 2.600 1.920 1.704 1.637
0.000 0.000 0.000 0.000 0.000 0.000 0.000 0.000 0.000 0.000 0.000 0.000 0.000 0.000 0.000 0.000 0.000 0.000 0.000 0.006 0.089 0.340 0.441 0.663 1.500 1.500 1.500 1.500 2.030 2.244 1.528 1.675 1.546 1.500 1.500 1.500 1.500 2.812 4.015 2.514 1.688 1.638 1.594 1.500 1.506 1.557 2.025 2.024 1.662 1.512 1.820 1.754 1.650 1.500 1.500 1.597 1.630 1.799 2.072 2.248 1.952 1.759 1.919 2.187 1.808 1.569 1.500 1.550 1.922 1.665 1.500 1.500 1.578 1.964 1.730 1.741 1.500
0.000 0.000 0.000 0.000 0.000 0.000 0.000 0.000 0.000 0.000 0.000 0.000 0.000 0.000 0.000 0.000 0.000 0.000 0.000 0.002 0.067 0.298 0.334 0.527 0.878 1.500 1.500 1.500 1.721 2.020 1.500 1.580 1.690 1.500 1.500 1.500 1.500 2.595 3.821 2.641 1.751 1.660 1.755 1.626 1.500 1.500 1.883 1.963 1.693 1.564 1.809 1.750 1.500 1.503 1.500 1.500 1.572 1.672 1.997 2.259 1.928 1.647 1.621 1.993 1.687 1.500 1.500 1.517 1.590 1.592 1.500 1.500 1.500 1.581 1.500 1.500 1.500
0.000 0.000 0.000 0.000 0.000 0.000 0.000 0.000 0.000 0.000 0.000 0.000 0.000 0.000 0.000 0.000 0.000 0.000 0.000 0.001 0.057 0.236 0.279 0.396 0.686 1.500 1.500 1.500 1.557 1.791 1.500 1.500 1.553 1.500 1.500 1.500 1.539 2.413 3.369 2.554 1.671 1.590 1.813 1.722 1.500 1.500 1.681 1.801 1.602 1.500 1.817 1.929 1.500 1.513 1.500 1.500 1.673 1.523 1.962 2.198 1.677 1.500 1.500 1.740 1.546 1.500 1.500 1.500 1.500 1.500 1.500 1.500 1.500 1.500 0.113 0.005 0.000
0.000 0.000 0.000 0.000 0.000 0.000 0.000 0.000 0.000 0.000 0.000 0.000 0.000 0.000 0.000 0.000 0.000 0.000 0.000 0.001 0.049 0.184 0.246 0.281 0.504 1.500 1.500 1.500 1.500 1.592 1.516 1.500 1.500 1.500 1.500 1.530 1.629 2.350 2.900 2.291 1.617 1.537 1.582 1.749 1.628 1.500 1.503 1.523 1.500 1.500 1.896 2.075 1.606 1.500 1.500 1.500 1.759 1.500 1.858 1.915 1.500 1.500 1.503 1.537 1.500 1.500 1.500 1.500 1.500 1.500 1.500 0.000 0.000 0.000 0.000 0.000 0.000
0.000 0.000 0.000 0.000 0.000 0.000 0.000 0.000 0.000 0.000 0.000 0.000 0.000 0.000 0.000 0.000 0.000 0.000 0.000 0.002 0.039 0.140 0.213 0.234 0.426 1.500 1.500 1.500 1.500 1.500 1.500 1.500 1.500 1.500 1.531 1.641 1.663 2.227 2.441 1.968 1.548 1.500 1.500 1.708 1.742 1.500 1.500 1.500 1.500 1.527 1.796 1.963 1.533 1.500 1.500 1.535 1.707 1.504 1.592 1.584 1.500 1.500 1.500 1.500 1.500 1.500 1.500 1.500 0.000 0.000 0.000 0.000 0.000 0.000 0.000 0.000 0.000
0.000 0.000 0.000 0.000 0.000 0.000 0.000 0.000 0.000 0.000 0.000 0.000 0.000 0.000 0.000 0.000 0.000 0.000 0.000 0.002 0.023 0.094 0.162 0.221 0.370 1.500 1.500 1.500 1.500 1.500 1.500 1.503 1.561 1.500 1.583 1.788 1.674 2.064 1.976 1.671 1.535 1.500 1.500 1.565 1.652 1.588 1.500 1.500 1.500 1.500 1.594 1.788 1.500 1.500 1.500 1.544 1.616 1.500 1.500 1.500 1.500 1.500 1.500 1.500 0.000 0.000 0.000 0.000 0.000 0.000 0.000 0.000 0.000 0.000 0.000 0.000 0.000
0.000 0.000 0.000 0.000 0.000 0.000 0.000 0.000 0.000 0.000 0.000 0.000 0.000 0.000 0.000 0.000 0.000 0.000 0.000 0.001 0.011 0.050 0.101 0.183 0.361 0.647 1.500 1.500 1.500 1.500 1.500 1.778 1.733 1.500 1.500 1.583 1.620 1.894 1.700 1.500 1.652 1.554 1.500 1.500 1.500 1.629 1.622 1.505 1.500 1.500 1.500 1.625 1.500 1.500 1.500 1.500 1.500 1.500 1.500 1.500 0.000 0.000 0.000 0.000 0.000 0.000 0.000 0.000 0.000 0.000 0.000 0.000 0.000 0.000 0.000 0.000 0.000
0.000 0.000 0.000 0.000 0.000 0.000 0.000 0.000 0.000 0.000 0.000 0.000 0.000 0.000 0.000 0.000 0.000 0.000 0.000 0.001 0.004 0.020 0.050 0.114 0.261 0.549 1.500 1.500 1.577 1.512 1.551 1.873 1.779 1.500 1.500 1.500 1.527 1.747 1.597 1.500 1.689 1.748 1.503 1.500 1.500 1.518 1.526 1.540 1.500 1.500 1.500 1.500 1.500 1.500 1.500 1.500 1.500 0.013 0.000 0.000 0.000 0.000 0.000 0.000 0.000 0.000 0.000 0.000 0.000 0.000 0.000 0.000 0.000 0.000 0.000 0.000 0.000
