data/RealTopo/Outputs_RealTopo/Wog_02_curv151s_MoT-Voellmy_s_max.asc
ncols        490
nrows        555
xllcorner    167452.5
yllcorner    361952.5
cellsize     5.00
NODATA_value -9999
[rows 408 to 441 of 555, columns 228 to 303 of 490]
2.481 2.537 2.590 2.603 2.795 2.972 3.032 3.263 3.792 4.469 5.050 5.391 5.598 5.719 5.861 6.266 6.782 7.381 8.217 9.248 10.280 10.848 11.009 10.609 10.390 10.560 10.920 11.228 11.839 12.515 13.069 13.764 14.480 15.459 16.611 17.575 18.178 18.709 19.196 19.679 20.726 21.744 22.805 23.356 23.670 23.883 24.581 25.518 25.631 26.328 26.657 27.030 27.214 27.133 28.158 28.725 28.793 30.152 30.815 30.682 30.065 29.303 28.749 28.847 29.141 28.548 28.741 28.433 28.027 28.746 29.252 29.454 29.640 30.479 30.870 30.724
2.838 2.516 2.598 2.695 2.811 3.011 3.141 3.286 3.429 3.653 3.998 4.345 4.768 5.366 5.834 6.235 6.414 6.639 7.205 8.167 9.148 10.038 10.465 10.140 9.974 10.507 10.508 10.782 11.349 11.837 12.429 13.237 14.364 15.612 16.662 17.638 18.298 18.647 19.440 20.458 21.338 21.897 22.665 23.241 23.917 24.483 25.313 25.776 26.106 26.253 26.198 26.716 26.926 27.855 28.616 29.098 29.392 30.263 30.316 29.711 28.966 28.330 28.340 28.773 28.462 28.254 28.070 27.565 27.373 28.130 28.596 28.517 29.188 29.863 30.472 30.867
4.059 4.011 3.787 3.726 3.475 3.108 2.981 3.173 3.346 3.364 3.461 3.784 4.349 4.882 5.502 5.887 6.014 6.298 6.818 7.317 7.891 8.695 9.256 9.177 9.578 10.218 10.344 10.418 10.733 11.282 12.110 13.297 14.449 15.204 15.970 16.921 17.968 18.490 19.504 20.445 21.105 21.812 22.431 23.378 23.747 24.142 24.968 25.221 25.647 25.794 26.038 26.710 27.513 28.066 28.394 28.803 29.537 29.570 29.246 28.777 28.298 28.273 28.336 28.012 27.789 27.618 27.384 27.335 27.261 27.483 27.795 28.401 28.885 29.289 30.070 30.219
2.750 3.005 3.236 3.447 3.514 3.383 3.124 2.726 2.673 2.803 3.042 3.390 3.861 4.449 4.972 5.251 5.691 6.225 6.754 7.006 7.214 7.567 7.850 8.377 8.966 9.539 9.981 10.016 10.512 11.172 12.107 13.196 13.876 14.561 15.536 16.588 17.289 17.904 19.279 20.877 21.473 21.727 22.473 23.222 23.451 23.949 24.261 24.802 25.463 25.810 26.312 26.846 27.468 27.805 28.391 28.572 28.594 28.400 28.273 28.078 27.960 28.363 27.978 27.672 27.263 26.927 26.705 26.552 26.584 26.983 27.364 27.889 28.288 28.921 29.708 30.461
2.211 2.367 2.648 3.003 3.319 3.581 3.910 4.020 3.710 3.695 3.831 3.972 4.149 4.340 4.501 4.890 5.413 5.876 6.318 6.711 6.985 6.869 6.727 7.133 8.142 9.001 9.565 10.219 10.664 11.158 11.946 12.536 13.220 14.124 15.384 16.609 17.379 18.195 19.436 20.215 20.795 21.773 22.512 22.772 23.382 23.708 23.988 24.753 25.066 25.359 26.050 26.828 27.314 27.765 28.083 27.854 27.427 27.306 27.433 27.497 27.805 27.792 27.645 27.425 26.923 26.643 26.338 26.107 26.103 26.195 26.705 27.260 27.857 29.132 29.635 29.596
2.277 2.308 2.465 2.823 3.157 3.205 3.219 3.830 4.549 5.075 5.488 5.656 5.640 5.768 5.887 5.845 5.692 5.722 5.948 6.133 6.007 5.854 6.153 6.866 7.886 8.835 9.594 10.179 10.558 11.007 11.309 11.679 12.590 13.820 15.160 16.195 17.112 18.107 18.926 19.977 20.957 21.352 22.081 22.872 23.188 23.602 24.109 24.458 24.687 25.095 25.542 26.068 26.524 26.889 27.056 27.064 26.892 26.857 27.093 27.304 27.256 27.208 27.200 27.017 26.695 26.495 26.251 26.175 26.181 26.340 26.474 26.596 27.602 28.438 28.958 28.762
2.655 2.854 3.027 3.007 3.189 3.841 4.630 5.140 5.412 5.555 5.363 4.824 4.486 4.440 4.568 4.724 4.898 5.101 5.194 5.129 5.253 5.768 6.404 7.115 7.659 8.121 8.893 9.483 9.974 10.264 10.532 11.182 12.153 13.426 14.609 15.818 16.950 17.812 18.395 19.561 20.625 21.247 21.809 22.321 23.032 23.624 23.981 24.213 24.575 25.077 25.349 25.752 25.828 25.844 26.021 26.329 26.673 26.854 26.991 26.943 26.861 26.508 26.351 26.445 26.296 26.215 25.804 25.507 25.928 26.449 26.369 26.538 27.173 27.925 28.244 28.213
3.391 3.410 3.680 4.242 4.790 5.027 5.056 5.073 4.662 3.557 2.597 2.533 2.592 2.736 3.029 3.430 3.851 4.202 4.465 4.764 5.193 5.653 6.138 6.504 6.718 7.265 7.873 8.416 8.995 9.535 10.186 11.148 12.060 12.939 14.128 15.357 16.493 17.463 18.418 19.383 20.065 20.884 21.724 21.993 22.350 23.226 23.803 24.027 24.704 25.134 25.210 25.201 25.286 25.487 25.758 26.019 26.241 26.578 26.762 26.585 26.584 26.410 26.383 26.790 26.654 26.047 25.866 26.158 26.151 26.124 26.386 26.684 27.083 27.378 27.443 27.240
5.321 5.082 5.026 5.066 5.153 4.990 4.291 3.181 2.252 2.337 2.396 2.444 2.474 2.618 2.864 3.133 3.434 3.728 4.087 4.451 4.721 4.942 5.307 5.637 6.052 6.569 6.958 7.518 8.313 9.159 9.926 10.736 11.473 12.482 13.806 14.811 15.916 17.052 18.032 18.938 19.809 20.913 21.604 21.733 22.275 23.127 23.627 24.013 24.318 24.551 24.884 24.839 25.136 25.688 25.792 25.809 25.942 26.136 26.215 26.193 26.284 26.496 26.676 26.601 26.370 26.181 26.041 26.091 26.033 25.906 26.041 26.459 26.736 27.181 27.107 26.671
4.801 4.951 4.768 4.337 3.830 2.795 1.959 2.013 2.114 2.231 2.367 2.462 2.527 2.664 2.977 3.209 3.291 3.507 3.863 4.116 4.251 4.453 4.727 5.005 5.380 5.754 6.225 6.826 7.568 8.367 9.208 9.939 10.731 11.939 13.021 14.044 15.419 16.561 17.463 18.558 19.651 20.492 21.043 21.542 22.153 22.792 23.245 23.550 23.966 24.173 24.355 24.659 25.165 25.397 25.305 25.441 25.853 25.980 25.753 26.014 26.347 26.493 26.569 26.379 26.301 26.275 26.151 25.982 25.873 25.747 25.688 26.091 26.352 26.524 26.641 26.840
1.262 1.365 1.423 1.493 1.622 1.746 1.822 1.900 1.946 1.937 1.979 2.088 2.214 2.411 2.643 2.793 2.870 3.070 3.307 3.475 3.688 4.036 4.264 4.403 4.677 5.019 5.412 5.878 6.553 7.288 8.209 9.137 10.012 10.925 11.934 13.129 14.616 15.822 16.950 18.001 18.969 19.989 20.750 21.192 21.868 22.700 22.741 22.894 23.671 24.026 24.078 24.448 24.801 24.899 25.240 25.882 25.862 25.878 25.786 25.962 26.195 25.955 25.759 25.667 25.826 25.938 25.795 25.632 25.514 25.120 25.378 25.559 25.584 25.893 26.298 26.587
0.842 0.996 1.084 1.162 1.285 1.420 1.542 1.658 1.769 1.830 1.839 1.848 1.865 1.960 2.059 2.028 2.060 2.265 2.445 2.591 2.842 3.189 3.454 3.803 4.140 4.306 4.485 4.991 5.681 6.409 7.302 8.256 9.251 10.313 11.244 12.338 13.834 15.360 16.492 17.340 18.390 19.448 20.448 21.283 21.624 22.278 22.491 22.732 23.643 24.161 24.084 24.383 24.539 24.977 25.660 26.271 26.243 25.712 25.463 25.582 25.559 25.427 25.422 25.406 25.342 25.509 25.601 25.492 25.165 25.182 25.260 25.393 25.510 25.382 25.603 25.884
0.455 0.631 0.778 0.916 1.026 1.102 1.180 1.293 1.418 1.524 1.632 1.688 1.701 1.769 1.859 1.829 1.846 1.923 1.974 2.041 2.172 2.407 2.685 3.020 3.320 3.519 3.970 4.527 5.009 5.626 6.434 7.495 8.624 9.750 10.620 11.805 13.293 14.577 15.486 16.553 17.730 18.606 19.729 20.510 21.325 21.597 21.864 22.820 24.189 24.485 24.229 24.413 25.190 25.521 25.254 25.485 25.688 24.753 24.469 24.761 24.880 24.751 24.532 24.610 24.962 25.032 25.015 25.251 25.188 24.992 25.043 25.155 25.222 25.157 25.203 25.358
0.000 0.043 0.409 0.685 0.826 0.894 0.949 1.024 1.084 1.144 1.209 1.279 1.338 1.401 1.489 1.584 1.695 1.794 1.819 1.807 1.889 1.991 2.171 2.369 2.560 3.003 3.555 4.012 4.462 5.026 5.689 6.644 7.775 8.872 9.628 10.634 12.168 13.240 14.430 15.847 17.150 17.987 19.222 20.130 20.776 21.596 22.485 23.351 24.781 24.591 24.028 24.288 25.566 24.960 24.140 24.223 24.157 23.631 23.477 23.468 23.704 23.686 23.826 24.018 24.537 24.714 24.944 24.906 24.963 24.678 24.512 24.731 24.985 25.137 25.125 25.059
0.000 0.000 0.000 0.055 0.438 0.680 0.806 0.871 0.913 0.977 1.004 1.066 1.145 1.228 1.316 1.424 1.505 1.591 1.645 1.685 1.780 1.840 1.871 2.005 2.233 2.618 3.005 3.396 3.889 4.455 5.103 5.896 6.738 7.682 8.724 9.638 10.821 12.395 13.947 15.314 16.657 17.866 19.199 19.951 20.487 21.477 22.417 23.515 23.868 23.360 23.385 23.980 24.259 23.441 22.966 22.837 22.672 22.407 22.223 22.369 22.614 22.751 23.210 23.552 23.924 24.223 24.449 24.513 24.472 24.256 24.291 24.270 24.517 24.778 24.813 25.167
0.000 0.000 0.000 0.000 0.002 0.130 0.476 0.627 0.718 0.832 0.911 0.962 1.037 1.132 1.241 1.310 1.366 1.422 1.483 1.579 1.700 1.773 1.766 1.868 2.056 2.256 2.528 2.897 3.404 3.901 4.471 5.103 5.838 6.700 7.897 8.965 9.849 11.677 13.406 14.675 16.052 17.517 18.322 19.084 20.206 21.287 21.698 22.527 22.719 22.536 22.788 23.089 22.892 22.109 21.549 21.430 21.487 21.398 21.640 21.839 21.883 22.286 22.611 22.680 22.945 23.425 23.691 23.793 23.776 23.830 23.782 23.932 24.042 24.133 24.639 25.156
0.000 0.000 0.000 0.000 0.000 0.000 0.001 0.104 0.419 0.594 0.717 0.807 0.881 0.931 1.031 1.119 1.185 1.244 1.291 1.415 1.531 1.611 1.700 1.791 1.908 2.043 2.258 2.583 2.948 3.308 3.732 4.333 5.018 5.862 6.932 8.107 9.258 10.489 12.192 13.871 15.054 15.900 17.115 18.048 19.225 20.347 21.123 21.695 21.890 22.226 22.507 22.451 21.976 21.244 20.712 20.835 20.985 21.210 21.347 21.161 21.162 21.694 21.838 22.278 22.520 22.727 22.918 23.086 23.268 23.438 23.424 23.208 23.667 24.095 24.360 24.683
0.000 0.000 0.000 0.000 0.000 0.000 0.000 0.000 0.013 0.232 0.472 0.619 0.745 0.816 0.850 0.881 0.954 1.101 1.177 1.234 1.309 1.394 1.495 1.656 1.808 1.893 2.057 2.281 2.506 2.726 3.134 3.658 4.142 4.856 5.774 6.972 8.138 9.306 10.759 12.286 13.278 14.319 15.627 16.827 18.207 19.269 20.208 20.841 21.285 21.863 21.564 21.418 21.467 21.056 20.816 21.352 21.097 21.097 21.008 20.830 20.820 21.252 21.312 21.732 21.931 22.011 22.139 22.272 22.691 23.099 22.954 23.262 23.609 23.943 24.226 24.280
0.000 0.000 0.000 0.000 0.000 0.000 0.000 0.000 0.000 0.003 0.128 0.374 0.527 0.652 0.721 0.769 0.843 0.946 1.058 1.138 1.146 1.173 1.359 1.545 1.678 1.746 1.836 1.974 2.130 2.343 2.685 3.018 3.350 3.874 4.698 5.758 6.839 8.132 9.388 10.301 11.558 13.094 14.472 15.948 17.334 18.221 18.775 19.604 20.331 20.637 20.802 21.099 21.212 20.899 20.975 21.116 20.744 20.830 20.703 20.760 20.739 20.760 20.692 20.975 21.150 20.881 21.118 21.759 21.995 22.442 22.348 22.543 22.814 23.231 23.556 23.950
0.000 0.000 0.000 0.000 0.000 0.000 0.000 0.000 0.000 0.000 0.000 0.018 0.223 0.399 0.487 0.566 0.643 0.722 0.802 0.910 0.990 1.086 1.215 1.313 1.448 1.590 1.681 1.793 1.916 2.106 2.288 2.481 2.787 3.268 3.896 4.582 5.418 6.493 7.623 8.806 10.126 11.423 12.864 14.440 15.692 16.770 17.849 18.659 19.290 19.891 20.344 20.849 20.980 20.974 20.699 20.658 20.852 20.919 20.596 20.480 20.101 19.883 19.509 19.731 19.795 19.854 20.314 20.835 21.392 22.203 22.233 22.347 22.376 22.800 23.287 23.355
0.000 0.000 0.000 0.000 0.000 0.000 0.000 0.000 0.000 0.000 0.000 0.000 0.003 0.107 0.312 0.397 0.478 0.559 0.630 0.700 0.783 0.919 1.014 1.091 1.194 1.330 1.497 1.661 1.795 1.877 2.019 2.187 2.513 2.878 3.357 3.776 4.291 5.109 6.145 7.462 8.563 9.717 11.386 13.038 14.487 15.755 16.406 17.801 18.528 19.618 20.201 20.279 20.407 20.684 20.245 20.516 20.996 20.309 19.939 19.389 18.767 18.476 18.401 18.333 18.190 19.160 19.806 20.014 20.625 21.609 21.927 21.972 22.107 22.508 22.940 23.405
0.000 0.000 0.000 0.000 0.000 0.000 0.000 0.000 0.000 0.000 0.000 0.000 0.000 0.000 0.010 0.152 0.301 0.392 0.469 0.517 0.584 0.687 0.765 0.851 0.934 1.039 1.205 1.378 1.550 1.675 1.841 2.035 2.333 2.611 2.972 3.307 3.709 4.235 5.004 5.998 7.198 8.523 9.883 11.715 12.824 13.640 15.524 16.859 17.524 19.593 19.766 19.452 19.861 20.097 20.349 20.109 19.708 18.894 18.504 18.109 17.573 17.424 17.524 17.508 18.260 18.882 19.360 19.380 19.665 20.338 20.794 21.013 21.381 21.602 22.298 22.901
0.000 0.000 0.000 0.000 0.000 0.000 0.000 0.000 0.000 0.000 0.000 0.000 0.000 0.000 0.000 0.000 0.005 0.124 0.262 0.312 0.376 0.448 0.515 0.584 0.656 0.746 0.871 1.000 1.134 1.350 1.555 1.823 2.061 2.366 2.651 2.945 3.226 3.626 4.242 5.000 5.999 7.096 8.475 9.729 11.144 12.710 14.926 15.926 17.321 17.946 18.263 18.682 19.028 19.164 19.407 18.957 18.595 17.717 17.486 17.248 17.146 17.219 17.315 17.719 17.476 17.493 18.010 18.248 18.725 19.650 20.289 20.704 20.863 22.649 21.768 22.537
0.000 0.000 0.000 0.000 0.000 0.000 0.000 0.000 0.000 0.000 0.000 0.000 0.000 0.000 0.000 0.000 0.000 0.000 0.000 0.035 0.187 0.264 0.318 0.367 0.429 0.511 0.600 0.685 0.794 0.956 1.188 1.457 1.701 1.962 2.194 2.471 2.807 3.223 3.623 4.237 5.075 6.005 7.057 8.228 9.852 11.908 13.258 14.269 15.478 16.151 16.882 17.366 17.614 17.802 17.927 17.795 17.398 16.939 17.240 17.319 17.564 17.473 16.603 16.141 16.102 16.547 17.569 18.349 19.220 19.928 19.973 20.499 21.876 23.934 25.222 25.786
0.000 0.000 0.000 0.000 0.000 0.000 0.000 0.000 0.000 0.000 0.000 0.000 0.000 0.000 0.000 0.000 0.000 0.000 0.000 0.000 0.000 0.000 0.000 0.000 0.002 0.098 0.355 0.482 0.581 0.688 0.836 1.020 1.239 1.433 1.697 1.995 2.338 2.703 3.133 3.672 4.206 4.915 5.808 6.953 8.239 9.668 10.839 12.024 13.098 14.130 14.963 15.574 16.037 16.532 17.019 16.799 16.285 16.847 17.555 17.833 17.045 16.120 15.595 15.484 16.225 17.135 18.201 19.116 19.637 20.381 22.964 24.717 25.699 25.695 25.417 25.547
0.000 0.000 0.000 0.000 0.000 0.000 0.000 0.000 0.000 0.000 0.000 0.000 0.000 0.000 0.000 0.000 0.000 0.000 0.000 0.000 0.000 0.000 0.000 0.000 0.000 0.000 0.000 0.058 0.311 0.464 0.598 0.741 0.903 1.104 1.291 1.482 1.771 2.138 2.631 3.074 3.483 4.013 4.785 5.675 6.758 7.688 8.713 9.933 11.145 12.264 13.275 14.179 14.747 15.343 15.733 15.727 16.372 17.273 17.431 17.024 16.068 15.706 15.998 16.497 17.040 17.770 18.555 19.663 21.596 24.409 24.852 24.894 24.992 24.726 24.219 24.737
0.000 0.000 0.000 0.000 0.000 0.000 0.000 0.000 0.000 0.000 0.000 0.000 0.000 0.000 0.000 0.000 0.000 0.000 0.000 0.000 0.000 0.000 0.000 0.000 0.000 0.000 0.000 0.000 0.000 0.046 0.313 0.502 0.708 0.945 1.147 1.262 1.381 1.601 1.979 2.353 2.782 3.271 3.786 4.463 5.270 5.988 6.841 7.886 9.166 10.394 11.674 12.729 13.479 14.210 14.855 15.328 16.536 17.445 17.055 16.280 15.822 16.168 16.790 17.319 17.638 18.189 20.523 23.209 24.043 24.210 23.933 23.999 24.001 23.870 24.303 24.417
0.000 0.000 0.000 0.000 0.000 0.000 0.000 0.000 0.000 0.000 0.000 0.000 0.000 0.000 0.000 0.000 0.000 0.000 0.000 0.000 0.000 0.000 0.000 0.000 0.000 0.000 0.000 0.000 0.000 0.000 0.008 0.212 0.604 0.888 1.079 1.205 1.285 1.389 1.525 1.692 2.080 2.504 2.984 3.544 3.994 4.468 5.160 5.979 6.999 8.236 9.576 10.771 12.025 13.307 14.320 15.158 16.531 16.536 15.405 15.609 16.115 17.041 17.658 18.112 19.359 22.241 23.284 22.242 23.736 23.168 23.536 23.903 24.155 24.097 24.295 24.399
0.000 0.000 0.000 0.000 0.000 0.000 0.000 0.000 0.000 0.000 0.000 0.000 0.000 0.000 0.000 0.000 0.000 0.000 0.000 0.000 0.000 0.000 0.000 0.000 0.000 0.000 0.000 0.000 0.000 0.000 0.000 0.007 0.282 0.775 1.054 1.238 1.323 1.359 1.413 1.541 1.656 1.783 2.124 2.547 2.974 3.448 3.801 4.367 5.254 6.297 7.448 8.918 10.515 11.949 13.105 14.466 15.517 14.587 14.142 15.213 16.563 18.113 19.658 21.261 22.955 22.736 22.157 22.696 22.699 23.066 23.533 23.783 23.920 24.055 24.160 24.630
0.000 0.000 0.000 0.000 0.000 0.000 0.000 0.000 0.000 0.000 0.000 0.000 0.000 0.000 0.000 0.000 0.000 0.000 0.000 0.000 0.000 0.000 0.000 0.000 0.000 0.000 0.000 0.000 0.000 0.000 0.000 0.000 0.024 0.454 0.909 1.137 1.292 1.384 1.430 1.501 1.558 1.587 1.692 1.792 2.053 2.513 3.041 3.689 4.201 4.847 5.786 6.987 8.384 10.000 11.590 13.143 13.908 13.642 14.000 15.471 17.117 19.969 21.082 21.776 22.097 21.729 21.448 21.804 22.337 22.730 23.208 23.451 23.364 23.675 24.017 24.571
0.000 0.000 0.000 0.000 0.000 0.000 0.000 0.000 0.000 0.000 0.000 0.000 0.000 0.000 0.000 0.000 0.000 0.000 0.000 0.000 0.000 0.000 0.000 0.000 0.000 0.000 0.000 0.000 0.000 0.000 0.000 0.000 0.000 0.079 0.584 0.905 1.136 1.311 1.432 1.481 1.490 1.561 1.609 1.607 1.680 1.907 2.336 2.878 3.366 3.820 4.425 5.500 6.797 8.228 9.835 11.478 12.493 12.807 13.972 16.092 18.604 20.369 20.227 20.683 21.110 20.956 20.811 20.908 21.603 22.207 22.343 22.790 23.252 23.424 23.999 24.392
0.000 0.000 0.000 0.000 0.000 0.000 0.000 0.000 0.000 0.000 0.000 0.000 0.000 0.000 0.000 0.000 0.000 0.000 0.000 0.000 0.000 0.000 0.000 0.000 0.000 0.000 0.000 0.000 0.000 0.000 0.000 0.000 0.000 0.003 0.187 0.652 0.908 1.104 1.268 1.405 1.514 1.625 1.632 1.609 1.615 1.699 1.844 2.074 2.513 3.058 3.779 4.594 5.546 6.830 8.417 10.098 11.077 12.061 14.382 16.976 18.784 18.711 19.333 19.850 20.278 20.771 20.871 20.956 21.178 21.669 22.630 23.286 23.058 23.354 23.908 24.406
0.000 0.000 0.000 0.000 0.000 0.000 0.000 0.000 0.000 0.000 0.000 0.000 0.000 0.000 0.000 0.000 0.000 0.000 0.000 0.000 0.000 0.000 0.000 0.000 0.000 0.000 0.000 0.000 0.000 0.000 0.000 0.000 0.000 0.000 0.007 0.235 0.623 0.813 1.004 1.216 1.401 1.554 1.618 1.685 1.717 1.674 1.733 1.887 2.122 2.538 3.103 3.633 4.395 5.613 7.196 8.630 10.024 12.339 14.689 16.359 17.575 18.215 19.095 19.523 19.943 20.523 20.534 20.784 21.398 22.022 22.839 23.333 23.155 23.554 24.573 25.050
0.000 0.000 0.000 0.000 0.000 0.000 0.000 0.000 0.000 0.000 0.000 0.000 0.000 0.000 0.000 0.000 0.000 0.000 0.000 0.000 0.000 0.000 0.000 0.000 0.000 0.000 0.000 0.000 0.000 0.000 0.000 0.000 0.000 0.000 0.000 0.002 0.144 0.512 0.709 0.883 1.061 1.239 1.366 1.470 1.619 1.747 1.804 1.916 2.081 2.334 2.627 2.997 3.594 4.685 5.844 7.060 9.163 11.704 13.545 14.974 16.136 17.308 18.269 19.139 19.933 20.176 20.362 21.045 21.552 21.838 22.395 23.040 23.314 24.080 24.777 24.504
