data/RealTopo/Outputs_RealTopo/Wog_02_curv_MoT-Voellmy_h_max.asc
ncols        490
nrows        555
xllcorner    167452.5
yllcorner    361952.5
cellsize     5.00
NODATA_value -9999
[rows 374 to 407 of 555, columns 308 to 384 of 490]
0.264 0.638 1.512 1.157 0.730 0.957 1.462 2.136 2.899 3.664 4.535 5.885 10.416 15.295 17.759 25.357 12.834 6.005 5.788 4.039 2.862 2.724 2.856 2.731 2.425 2.362 2.640 2.994 3.514 3.818 3.585 3.320 3.099 2.708 2.077 1.349 0.862 0.540 0.364 0.272 0.228 0.221 0.186 0.158 0.154 0.143 0.118 0.103 0.088 0.073 0.057 0.038 0.059 0.115 0.030 0.012 0.003 0.001 0.000 0.000 0.000 0.000 0.000 0.000 0.000 0.000 0.000 0.000 0.000 0.000 0.000 0.000 0.000 0.000 0.000 0.000 0.000
0.212 0.510 1.433 1.164 0.667 0.762 1.183 1.944 2.830 3.548 4.432 5.792 10.838 17.473 18.824 21.718 15.139 5.774 6.602 4.947 3.073 2.541 2.579 2.956 2.612 2.380 2.382 2.580 2.854 3.343 3.450 3.503 3.535 3.185 2.593 1.677 1.122 0.727 0.455 0.338 0.283 0.245 0.202 0.184 0.174 0.146 0.121 0.114 0.105 0.086 0.066 0.044 0.047 0.118 0.039 0.018 0.005 0.001 0.000 0.000 0.000 0.000 0.000 0.000 0.000 0.000 0.000 0.000 0.000 0.000 0.000 0.000 0.000 0.000 0.000 0.000 0.000
0.209 0.390 1.350 1.184 0.626 0.663 0.937 1.511 2.544 3.493 4.412 5.709 11.346 17.301 18.240 19.504 15.000 5.380 6.068 5.098 3.750 2.731 2.102 2.478 2.935 2.601 2.659 2.699 2.545 2.842 3.232 3.631 3.863 3.493 2.872 2.089 1.446 0.908 0.593 0.422 0.331 0.265 0.221 0.203 0.181 0.152 0.135 0.129 0.120 0.096 0.077 0.054 0.055 0.104 0.052 0.023 0.008 0.002 0.001 0.000 0.000 0.000 0.000 0.000 0.000 0.000 0.000 0.000 0.000 0.000 0.000 0.000 0.000 0.000 0.000 0.000 0.000
0.223 0.283 1.210 1.192 0.590 0.621 0.833 1.205 2.002 3.305 4.392 5.548 12.061 17.328 17.028 16.812 12.755 5.295 4.917 4.817 4.677 3.156 2.347 1.664 2.139 2.611 3.026 3.025 2.728 2.756 2.979 3.330 3.783 3.688 3.122 2.463 1.665 1.177 0.778 0.511 0.385 0.296 0.243 0.212 0.201 0.166 0.145 0.139 0.128 0.108 0.096 0.070 0.065 0.081 0.067 0.032 0.011 0.003 0.001 0.001 0.000 0.000 0.000 0.000 0.000 0.000 0.000 0.000 0.000 0.000 0.000 0.000 0.000 0.000 0.000 0.000 0.000
0.234 0.226 1.025 1.224 0.566 0.554 0.746 1.069 1.701 2.994 4.333 5.138 12.958 16.236 15.134 14.265 10.555 4.927 4.133 4.793 5.228 4.142 2.601 1.666 1.448 2.035 2.639 3.253 3.102 2.902 2.961 3.283 3.785 3.975 3.496 2.746 2.095 1.597 1.023 0.643 0.458 0.348 0.270 0.224 0.204 0.177 0.157 0.150 0.142 0.128 0.120 0.092 0.067 0.055 0.076 0.048 0.016 0.004 0.002 0.001 0.000 0.000 0.000 0.000 0.000 0.000 0.000 0.000 0.000 0.000 0.000 0.000 0.000 0.000 0.000 0.000 0.000
0.241 0.207 0.815 1.265 0.624 0.510 0.651 0.936 1.501 2.692 4.135 4.612 13.584 16.152 12.968 12.394 8.401 4.105 4.248 5.664 5.630 5.249 3.469 2.245 1.591 1.357 1.675 2.385 3.168 3.122 3.223 3.449 3.713 4.164 3.826 3.164 2.787 2.048 1.310 0.839 0.562 0.412 0.321 0.247 0.218 0.193 0.161 0.161 0.155 0.148 0.140 0.116 0.079 0.053 0.068 0.067 0.023 0.005 0.003 0.001 0.000 0.000 0.000 0.000 0.000 0.000 0.000 0.000 0.000 0.000 0.000 0.000 0.000 0.000 0.000 0.000 0.000
0.257 0.217 0.592 1.264 0.742 0.498 0.626 0.906 1.362 2.378 3.878 4.224 14.158 16.009 10.422 10.839 6.707 4.354 4.901 5.271 5.515 5.292 4.600 2.920 2.263 1.673 1.497 1.519 1.904 2.784 3.302 3.347 3.566 4.193 4.115 3.900 3.571 2.565 1.677 1.058 0.708 0.508 0.368 0.296 0.244 0.197 0.172 0.168 0.166 0.164 0.156 0.139 0.096 0.061 0.058 0.077 0.033 0.006 0.004 0.003 0.001 0.000 0.000 0.000 0.000 0.000 0.000 0.000 0.000 0.000 0.000 0.000 0.000 0.000 0.000 0.000 0.000
0.273 0.251 0.418 1.206 0.820 0.492 0.640 0.855 1.262 2.076 3.544 4.291 14.986 15.234 8.425 9.361 5.525 5.048 4.933 5.036 5.155 4.851 4.735 4.286 2.776 2.279 1.749 1.474 1.374 1.757 2.845 3.274 3.537 3.774 3.997 4.513 4.206 3.066 2.091 1.393 0.941 0.631 0.457 0.371 0.276 0.219 0.193 0.178 0.178 0.171 0.164 0.150 0.115 0.076 0.062 0.067 0.049 0.013 0.005 0.003 0.001 0.000 0.000 0.000 0.000 0.000 0.000 0.000 0.000 0.000 0.000 0.000 0.000 0.000 0.000 0.000 0.000
0.285 0.288 0.350 1.127 0.879 0.509 0.629 0.768 1.067 1.752 3.488 5.067 15.701 12.422 7.844 8.848 4.725 5.175 6.065 5.247 4.756 4.769 4.570 4.813 3.582 2.737 2.133 2.013 1.776 1.620 1.764 2.590 3.309 3.562 4.077 4.526 4.067 3.440 2.693 1.912 1.249 0.841 0.595 0.438 0.327 0.258 0.214 0.191 0.183 0.172 0.165 0.153 0.133 0.089 0.063 0.062 0.061 0.024 0.010 0.004 0.002 0.000 0.000 0.000 0.000 0.000 0.000 0.000 0.000 0.000 0.000 0.000 0.000 0.000 0.000 0.000 0.000
0.298 0.313 0.343 0.975 0.919 0.473 0.593 0.681 0.829 1.563 3.280 6.400 16.183 11.069 6.960 6.915 4.230 4.944 6.408 5.887 4.825 4.014 3.934 4.143 3.825 3.236 2.853 2.317 2.126 1.919 1.716 1.763 2.483 3.222 3.961 4.343 4.106 3.708 3.141 2.385 1.594 1.060 0.762 0.542 0.414 0.316 0.244 0.209 0.188 0.169 0.156 0.160 0.146 0.099 0.069 0.065 0.050 0.025 0.013 0.006 0.002 0.001 0.000 0.000 0.000 0.000 0.000 0.000 0.000 0.000 0.000 0.000 0.000 0.000 0.000 0.000 0.000
0.304 0.354 0.341 0.833 0.861 0.419 0.567 0.628 0.746 1.332 2.829 8.018 15.822 8.909 6.702 5.955 4.422 4.594 5.245 5.688 5.288 4.765 4.256 3.671 3.634 3.683 3.542 2.832 2.415 2.159 1.959 1.851 1.889 2.436 3.382 4.184 4.356 4.057 3.383 2.566 1.809 1.302 0.978 0.679 0.507 0.383 0.291 0.230 0.196 0.165 0.158 0.175 0.154 0.115 0.080 0.068 0.043 0.020 0.014 0.009 0.004 0.001 0.000 0.000 0.000 0.000 0.000 0.000 0.000 0.000 0.000 0.000 0.000 0.000 0.000 0.000 0.000
0.316 0.392 0.361 0.705 0.787 0.372 0.520 0.653 0.724 1.105 2.434 9.416 15.076 8.028 6.582 4.715 4.770 4.525 4.470 5.749 6.309 5.790 4.868 3.920 3.518 3.602 3.656 3.377 2.725 2.418 2.190 1.992 1.920 2.196 2.878 3.712 4.267 4.222 3.530 2.655 1.917 1.434 1.096 0.852 0.657 0.488 0.349 0.269 0.212 0.177 0.174 0.178 0.163 0.136 0.098 0.070 0.039 0.021 0.014 0.010 0.004 0.001 0.000 0.000 0.000 0.000 0.000 0.000 0.000 0.000 0.000 0.000 0.000 0.000 0.000 0.000 0.000
0.348 0.401 0.387 0.646 0.697 0.340 0.482 0.651 0.691 0.951 2.664 10.466 14.226 7.923 5.871 3.756 4.417 4.928 5.096 5.737 6.362 6.020 5.323 4.510 3.753 3.446 3.420 3.450 3.074 2.676 2.415 2.148 1.994 2.112 2.478 3.222 3.938 4.096 3.550 2.957 2.190 1.565 1.201 1.009 0.829 0.629 0.457 0.341 0.244 0.200 0.180 0.173 0.176 0.163 0.122 0.074 0.041 0.024 0.016 0.010 0.005 0.002 0.000 0.000 0.000 0.000 0.000 0.000 0.000 0.000 0.000 0.000 0.000 0.000 0.000 0.000 0.000
0.382 0.412 0.435 0.584 0.619 0.334 0.472 0.609 0.679 0.823 2.903 11.026 12.938 7.552 5.063 3.524 3.878 4.615 5.163 6.061 6.732 6.620 5.786 4.761 4.030 3.604 3.363 3.216 3.192 2.943 2.627 2.338 2.180 2.125 2.135 2.480 3.056 3.610 4.238 3.698 2.401 1.637 1.329 1.177 0.986 0.778 0.593 0.431 0.307 0.237 0.195 0.180 0.191 0.188 0.149 0.087 0.046 0.030 0.020 0.011 0.005 0.002 0.001 0.000 0.000 0.000 0.000 0.000 0.000 0.000 0.000 0.000 0.000 0.000 0.000 0.000 0.000
0.409 0.413 0.482 0.530 0.548 0.332 0.473 0.592 0.659 0.719 3.094 11.224 12.248 7.948 4.403 3.482 3.425 3.959 5.003 6.050 7.055 7.275 6.165 4.984 4.252 3.732 3.400 3.258 3.196 2.982 2.621 2.431 2.403 2.221 2.219 2.108 2.258 3.150 4.386 4.242 3.045 2.010 1.477 1.268 1.067 0.870 0.702 0.530 0.397 0.298 0.231 0.200 0.198 0.200 0.178 0.115 0.057 0.035 0.027 0.013 0.005 0.003 0.001 0.000 0.000 0.000 0.000 0.000 0.000 0.000 0.000 0.000 0.000 0.000 0.000 0.000 0.000
0.426 0.419 0.483 0.491 0.486 0.337 0.457 0.567 0.634 0.729 3.258 10.454 10.229 8.306 4.710 3.234 3.253 3.963 4.885 5.618 6.739 7.530 6.760 5.531 4.419 3.667 3.335 3.217 3.106 2.919 2.567 2.417 2.446 2.421 2.365 2.482 2.653 2.667 3.098 3.783 3.687 2.574 1.781 1.428 1.180 0.972 0.784 0.628 0.497 0.373 0.283 0.227 0.197 0.202 0.204 0.147 0.074 0.039 0.032 0.017 0.005 0.004 0.002 0.001 0.000 0.000 0.000 0.000 0.000 0.000 0.000 0.000 0.000 0.000 0.000 0.000 0.000
0.446 0.427 0.459 0.476 0.446 0.359 0.444 0.533 0.605 0.806 3.326 8.806 9.257 8.787 4.267 2.998 3.210 3.793 4.510 5.216 6.197 7.166 7.187 6.035 4.731 3.999 3.656 3.244 2.886 2.801 2.705 2.539 2.374 2.425 2.493 2.651 2.806 2.766 2.752 3.065 3.580 3.161 2.253 1.737 1.420 1.157 0.926 0.744 0.586 0.444 0.331 0.251 0.204 0.201 0.215 0.175 0.098 0.044 0.033 0.021 0.007 0.004 0.003 0.001 0.000 0.000 0.000 0.000 0.000 0.000 0.000 0.000 0.000 0.000 0.000 0.000 0.000
0.472 0.436 0.454 0.464 0.439 0.380 0.433 0.499 0.581 0.882 3.185 7.523 9.364 9.356 3.558 2.955 2.999 3.324 3.981 4.883 5.712 6.853 7.143 6.439 5.106 4.361 3.994 3.510 3.058 2.785 2.792 2.676 2.477 2.421 2.444 2.559 2.773 3.015 3.193 3.160 3.068 3.399 2.800 2.091 1.672 1.331 1.068 0.877 0.688 0.509 0.377 0.285 0.227 0.205 0.212 0.193 0.121 0.054 0.035 0.025 0.009 0.004 0.003 0.001 0.000 0.000 0.000 0.000 0.000 0.000 0.000 0.000 0.000 0.000 0.000 0.000 0.000
0.493 0.455 0.456 0.464 0.445 0.382 0.434 0.480 0.576 0.928 3.337 7.160 8.522 9.108 2.854 2.689 2.758 3.279 4.048 4.790 5.341 6.345 6.606 6.389 5.839 4.779 3.992 3.592 3.376 3.038 2.878 2.778 2.719 2.583 2.436 2.486 2.737 3.061 3.233 3.219 3.220 3.457 3.068 2.444 1.828 1.539 1.271 1.006 0.777 0.594 0.456 0.349 0.270 0.220 0.203 0.203 0.149 0.074 0.041 0.028 0.011 0.005 0.003 0.001 0.000 0.000 0.000 0.000 0.000 0.000 0.000 0.000 0.000 0.000 0.000 0.000 0.000
0.548 0.505 0.455 0.466 0.448 0.394 0.440 0.482 0.566 0.943 3.526 6.843 7.939 8.397 2.459 2.556 2.891 3.337 3.943 4.744 5.125 5.750 6.758 6.614 6.032 5.011 4.214 3.604 3.498 3.371 3.129 2.933 2.860 2.739 2.571 2.513 2.668 2.904 3.099 3.324 3.401 3.384 2.970 2.862 2.051 1.752 1.450 1.161 0.919 0.734 0.580 0.438 0.326 0.244 0.206 0.218 0.187 0.101 0.050 0.030 0.014 0.006 0.003 0.002 0.000 0.000 0.000 0.000 0.000 0.000 0.000 0.000 0.000 0.000 0.000 0.000 0.000
0.665 0.655 0.479 0.474 0.452 0.405 0.450 0.490 0.558 0.930 3.861 7.015 6.909 7.457 2.336 2.566 2.908 3.171 3.563 4.286 4.965 5.109 6.565 6.817 5.880 4.740 4.408 4.112 3.847 3.568 3.374 3.158 2.842 2.749 2.820 2.610 2.621 2.822 3.046 3.316 3.468 3.445 2.991 3.021 2.060 1.891 1.668 1.340 1.071 0.891 0.714 0.535 0.393 0.286 0.230 0.236 0.221 0.130 0.065 0.033 0.018 0.008 0.004 0.002 0.001 0.000 0.000 0.000 0.000 0.000 0.000 0.000 0.000 0.000 0.000 0.000 0.000
1.500 0.898 0.520 0.497 0.461 0.418 0.459 0.494 0.550 0.931 4.017 7.362 6.570 6.535 2.391 2.551 2.846 3.009 3.124 3.575 4.660 4.884 5.548 6.066 6.412 5.292 4.602 4.406 4.077 3.803 3.535 3.320 3.028 2.920 2.957 2.778 2.641 2.783 2.990 3.294 3.476 3.397 3.178 3.047 2.151 1.918 1.777 1.438 1.231 1.058 0.855 0.648 0.462 0.338 0.280 0.259 0.241 0.158 0.084 0.040 0.022 0.012 0.006 0.003 0.001 0.000 0.000 0.000 0.000 0.000 0.000 0.000 0.000 0.000 0.000 0.000 0.000
1.500 1.500 0.573 0.552 0.472 0.436 0.461 0.494 0.547 0.952 4.372 7.484 6.214 5.631 2.447 2.614 2.724 2.840 3.033 3.375 4.464 5.361 5.039 5.339 5.966 6.258 5.303 4.528 4.170 3.994 3.638 3.452 3.395 3.088 2.924 2.966 2.773 2.807 2.969 3.214 3.471 3.398 3.374 3.538 2.373 1.689 1.659 1.543 1.410 1.204 0.983 0.753 0.537 0.417 0.353 0.297 0.248 0.179 0.106 0.055 0.029 0.016 0.008 0.004 0.001 0.000 0.000 0.000 0.000 0.000 0.000 0.000 0.000 0.000 0.000 0.000 0.000
1.500 1.500 0.755 0.650 0.491 0.458 0.447 0.495 0.551 0.996 4.776 7.597 5.874 4.632 2.442 2.706 2.798 2.759 2.905 3.237 3.861 5.374 5.105 5.859 5.531 6.717 5.972 5.003 4.392 4.104 3.899 3.562 3.400 3.186 2.949 3.020 3.053 2.867 2.989 3.186 3.422 3.358 3.417 3.914 2.800 1.555 1.497 1.567 1.498 1.309 1.058 0.821 0.658 0.545 0.441 0.355 0.266 0.200 0.140 0.082 0.040 0.021 0.011 0.005 0.002 0.000 0.000 0.000 0.000 0.000 0.000 0.000 0.000 0.000 0.000 0.000 0.000
1.500 1.500 1.500 0.797 0.532 0.488 0.433 0.492 0.566 1.077 5.119 6.862 5.432 3.567 2.236 2.647 2.771 2.764 2.869 3.166 3.621 4.639 5.656 5.848 6.423 6.450 6.128 5.360 4.700 4.262 3.996 3.641 3.316 3.180 3.116 3.086 3.144 3.027 3.025 3.163 3.364 3.318 3.294 3.979 3.100 1.732 1.530 1.504 1.413 1.272 1.096 0.944 0.813 0.660 0.530 0.410 0.300 0.230 0.174 0.111 0.057 0.029 0.015 0.007 0.002 0.001 0.000 0.000 0.000 0.000 0.000 0.000 0.000 0.000 0.000 0.000 0.000
1.689 1.500 1.500 0.989 0.615 0.519 0.441 0.493 0.595 1.164 5.218 6.447 5.394 2.581 2.051 2.250 2.682 3.019 3.017 3.057 3.426 4.233 5.532 5.834 6.547 6.398 6.139 5.449 4.887 4.474 4.164 3.819 3.455 3.210 3.120 3.029 3.015 3.147 3.069 3.108 3.355 3.374 3.165 4.241 3.276 1.913 1.679 1.554 1.447 1.254 1.112 0.989 0.834 0.718 0.611 0.475 0.356 0.262 0.197 0.137 0.078 0.038 0.019 0.009 0.003 0.001 0.000 0.000 0.000 0.000 0.000 0.000 0.000 0.000 0.000 0.000 0.000
1.941 1.500 1.500 1.500 0.736 0.551 0.474 0.501 0.631 1.182 4.896 6.526 5.549 2.555 1.962 2.381 2.757 2.942 3.038 3.026 3.147 3.718 5.018 5.836 6.244 6.585 6.378 5.645 4.991 4.592 4.353 4.083 3.646 3.255 2.916 2.924 3.031 3.072 3.106 3.136 3.349 3.398 3.099 4.450 3.365 2.002 1.790 1.630 1.497 1.307 1.120 0.942 0.839 0.774 0.661 0.542 0.418 0.302 0.221 0.161 0.101 0.052 0.024 0.011 0.004 0.001 0.000 0.000 0.000 0.000 0.000 0.000 0.000 0.000 0.000 0.000 0.000
2.075 1.500 1.500 1.500 0.925 0.624 0.508 0.508 0.637 1.177 4.695 6.485 5.451 2.585 1.863 2.352 2.734 2.893 2.880 2.907 3.023 3.334 4.201 5.446 6.018 6.474 6.075 5.904 5.340 4.785 4.501 4.246 3.809 3.395 3.031 2.933 2.964 3.016 3.087 3.141 3.322 3.441 3.214 4.419 3.529 2.039 1.898 1.632 1.474 1.392 1.189 0.986 0.861 0.778 0.684 0.578 0.458 0.347 0.254 0.184 0.124 0.069 0.033 0.014 0.006 0.002 0.001 0.000 0.000 0.000 0.000 0.000 0.000 0.000 0.000 0.000 0.000
1.969 1.550 1.500 1.500 1.500 0.727 0.555 0.509 0.603 1.236 4.477 6.147 5.239 2.692 1.756 2.223 2.696 2.788 2.745 2.879 2.972 3.180 3.642 4.743 5.900 6.212 5.952 5.945 5.789 5.150 4.652 4.333 3.944 3.628 3.370 3.057 2.916 2.857 2.964 3.138 3.294 3.479 3.350 4.250 3.559 2.014 1.952 1.714 1.589 1.470 1.301 1.087 0.855 0.752 0.696 0.592 0.496 0.395 0.297 0.212 0.146 0.090 0.046 0.020 0.009 0.004 0.001 0.000 0.000 0.000 0.000 0.000 0.000 0.000 0.000 0.000 0.000
1.702 1.500 1.500 1.500 1.500 0.901 0.615 0.522 0.563 1.295 4.127 5.597 5.246 2.892 1.667 1.882 2.472 2.786 2.924 2.947 2.932 3.204 3.383 4.063 5.315 6.166 5.929 5.797 5.714 5.374 4.917 4.614 4.216 3.843 3.625 3.191 2.814 2.789 2.898 3.056 3.302 3.480 3.497 4.163 3.724 2.245 1.904 1.809 1.685 1.572 1.400 1.145 0.929 0.793 0.697 0.620 0.557 0.467 0.344 0.245 0.170 0.112 0.063 0.033 0.013 0.004 0.002 0.000 0.000 0.000 0.000 0.000 0.000 0.000 0.000 0.000 0.000
1.517 1.500 1.500 1.500 1.500 1.500 0.724 0.602 0.603 1.365 3.233 4.540 5.226 3.087 1.739 1.748 2.197 2.748 3.039 3.068 2.944 2.716 2.993 3.912 4.926 5.974 5.875 5.577 5.399 5.475 5.149 4.797 4.365 3.995 3.798 3.477 2.942 2.822 2.791 2.971 3.339 3.512 3.529 4.326 3.978 2.149 2.110 2.129 1.862 1.610 1.367 1.237 1.066 0.865 0.739 0.682 0.632 0.532 0.399 0.277 0.192 0.134 0.086 0.040 0.015 0.006 0.003 0.001 0.000 0.000 0.000 0.000 0.000 0.000 0.000 0.000 0.000
1.500 1.500 1.500 1.500 1.500 1.500 0.937 0.651 0.639 1.751 2.860 3.496 4.859 3.205 1.984 1.684 1.946 2.553 3.059 2.799 2.747 2.774 3.272 3.732 4.742 5.532 5.630 5.466 5.371 5.274 5.022 4.647 4.498 4.564 3.968 3.675 3.381 3.108 3.025 3.038 3.213 3.593 3.437 4.598 4.226 2.358 2.367 2.266 1.990 1.600 1.500 1.413 1.193 0.963 0.823 0.737 0.670 0.587 0.462 0.309 0.219 0.163 0.098 0.048 0.021 0.008 0.003 0.002 0.000 0.000 0.000 0.000 0.000 0.000 0.000 0.000 0.000
1.500 1.510 1.552 1.500 1.500 1.500 1.500 0.764 0.684 1.572 2.316 3.669 4.396 3.093 1.813 1.881 1.768 1.977 2.646 3.175 3.217 3.168 3.237 3.575 4.540 5.189 5.321 5.519 5.249 4.961 4.989 5.041 5.067 4.996 4.337 3.829 3.572 3.376 3.188 3.084 3.225 3.461 3.551 4.592 4.485 2.617 2.366 2.134 2.019 1.856 1.676 1.506 1.308 1.090 0.907 0.771 0.686 0.624 0.513 0.372 0.255 0.172 0.112 0.064 0.028 0.011 0.004 0.002 0.000 0.000 0.000 0.000 0.000 0.000 0.000 0.000 0.000
1.558 1.500 1.660 1.530 1.500 1.500 1.500 0.888 0.866 1.365 1.770 3.563 3.871 2.726 1.619 2.207 1.791 1.604 1.862 2.880 3.266 3.448 3.432 3.827 4.332 4.770 5.087 5.287 5.382 5.176 5.216 5.277 5.236 5.138 4.708 3.911 3.710 3.551 3.226 3.185 3.244 3.381 3.540 4.712 4.221 2.762 2.479 2.202 2.010 1.992 1.765 1.592 1.423 1.218 0.984 0.820 0.698 0.648 0.586 0.443 0.277 0.189 0.136 0.078 0.037 0.014 0.006 0.003 0.001 0.000 0.000 0.000 0.000 0.000 0.000 0.000 0.000
