data/RealTopo/Outputs_RealTopo/Wog_02_curv_MoT-Voellmy_s_max.asc
ncols        490
nrows        555
xllcorner    167452.5
yllcorner    361952.5
cellsize     5.00
NODATA_value -9999
[rows 132 to 164 of 555, columns 152 to 227 of 490]
17.492 17.647 17.753 17.840 17.861 17.781 17.598 17.258 17.079 16.664 15.745 14.502 13.042 13.417 15.481 11.796 12.333 9.977 10.256 9.270 10.030 10.637 10.921 10.297 7.330 5.394 5.456 1.996 2.039 2.971 2.237 3.497 2.083 2.235 2.748 2.332 3.001 1.894 3.959 2.368 2.339 3.086 1.591 2.013 1.849 1.523 1.462 1.036 1.445 2.140 3.051 5.428 2.065 2.414 2.469 3.085 3.199 2.695 3.528 2.876 3.028 2.897 3.035 1.628 0.368 0.000 0.000 0.000 0.000 0.000 0.000 0.000 0.000 0.000 0.000 0.000
17.920 18.179 18.417 18.578 18.663 18.654 18.775 19.065 18.855 18.166 17.342 16.133 14.457 13.513 13.203 12.542 11.160 8.938 9.829 9.479 10.610 11.420 11.774 10.933 8.158 6.400 5.604 5.773 6.660 2.387 1.083 0.014 0.000 0.000 0.000 0.000 0.109 0.030 1.137 0.425 0.738 1.617 0.690 0.303 0.394 0.663 0.379 2.838 1.688 1.407 6.017 3.936 1.794 1.308 1.720 1.228 1.808 1.638 2.737 2.416 3.854 3.391 2.751 0.841 1.491 1.979 0.426 0.012 0.000 0.000 0.000 0.000 0.000 0.000 0.026 0.037
18.387 18.756 19.068 19.303 19.571 20.147 20.520 20.381 20.029 19.513 18.589 17.424 15.935 14.567 13.767 12.616 11.318 9.680 8.806 10.265 11.378 12.244 12.596 11.371 8.628 6.774 3.978 0.488 0.256 0.000 0.000 0.000 0.000 0.000 0.000 0.000 0.000 0.000 0.000 0.000 0.006 0.000 0.000 0.000 0.000 0.000 0.000 0.010 0.000 0.000 0.001 2.216 1.435 0.808 1.523 1.168 1.517 0.824 1.904 0.711 1.996 1.856 1.596 0.797 0.812 0.558 0.423 0.349 0.000 0.000 0.000 0.000 0.000 0.007 0.174 0.869
18.866 19.328 19.705 20.407 21.299 21.493 21.449 21.411 21.132 20.570 19.816 18.860 17.318 14.944 13.632 12.868 12.183 10.963 9.600 10.975 12.028 12.628 12.678 10.732 7.455 4.981 2.849 0.420 0.146 0.000 0.000 0.000 0.000 0.000 0.000 0.000 0.000 0.000 0.000 0.000 0.000 0.000 0.000 0.000 0.000 0.000 0.000 0.009 0.000 0.000 0.000 0.338 0.190 0.630 0.396 1.097 0.759 0.914 1.473 3.276 3.161 2.202 0.908 0.828 0.770 0.564 0.721 0.367 0.000 0.000 0.000 0.000 0.003 0.006 0.699 0.776
19.345 19.889 20.976 21.998 22.101 22.280 22.411 22.320 22.025 21.724 21.274 19.802 17.766 15.730 14.230 13.802 13.154 11.742 9.752 10.647 11.380 11.884 11.839 9.698 6.511 3.850 2.289 0.429 0.006 0.000 0.000 0.000 0.000 0.000 0.000 0.000 0.000 0.000 0.000 0.000 0.000 0.000 0.000 0.000 0.000 0.000 0.000 0.000 0.000 0.000 0.000 0.003 0.000 0.000 0.000 0.000 0.000 0.000 0.000 0.272 1.404 1.551 1.623 2.115 1.339 0.624 0.230 0.005 0.000 0.000 0.001 0.010 0.011 0.011 0.248 0.628
19.819 21.108 22.306 22.440 22.821 23.072 23.161 23.151 23.068 23.018 21.698 20.113 18.623 17.151 15.190 14.423 13.341 11.447 8.719 9.290 10.247 11.212 11.466 9.529 6.747 4.048 2.361 0.652 0.010 0.001 0.000 0.000 0.000 0.000 0.000 0.000 0.000 0.000 0.000 0.000 0.000 0.000 0.000 0.000 0.000 0.000 0.000 0.000 0.000 0.000 0.000 0.000 0.000 0.000 0.000 0.000 0.000 0.000 0.000 0.000 0.000 0.000 0.000 0.000 0.000 0.000 0.000 0.000 0.000 0.000 0.109 0.311 0.615 0.871 0.901 0.599
20.834 22.317 22.540 23.064 23.433 23.710 23.930 24.144 24.115 23.037 22.036 21.072 19.897 18.369 16.072 13.978 12.502 10.621 8.115 8.692 10.185 11.562 12.030 10.261 7.658 4.754 2.316 0.984 0.015 0.002 0.000 0.000 0.000 0.000 0.000 0.000 0.000 0.000 0.000 0.000 0.000 0.000 0.000 0.000 0.000 0.000 0.000 0.000 0.000 0.000 0.000 0.000 0.000 0.000 0.000 0.000 0.000 0.000 0.000 0.000 0.000 0.000 0.000 0.000 0.000 0.000 0.000 0.000 0.000 0.000 0.119 0.243 0.563 0.824 0.839 0.441
22.056 22.402 23.053 23.555 23.976 24.405 24.918 24.813 24.152 23.409 22.991 22.073 20.845 18.823 16.450 14.082 12.132 10.611 9.026 9.454 10.880 12.350 12.793 11.093 8.624 5.703 2.538 1.385 0.034 0.003 0.000 0.000 0.000 0.000 0.000 0.000 0.000 0.000 0.000 0.000 0.000 0.000 0.000 0.000 0.000 0.000 0.000 0.000 0.000 0.000 0.000 0.000 0.000 0.000 0.000 0.000 0.000 0.000 0.000 0.000 0.000 0.000 0.000 0.000 0.000 0.000 0.000 0.000 0.000 0.000 0.002 0.002 0.005 0.006 0.008 0.014
22.085 22.817 23.444 23.999 24.608 25.232 25.214 24.854 24.464 24.367 23.670 22.878 21.672 20.066 18.004 15.523 13.448 11.607 10.438 10.517 11.651 13.206 13.600 11.958 9.608 6.794 3.247 1.755 0.079 0.004 0.001 0.000 0.000 0.000 0.000 0.000 0.000 0.000 0.000 0.000 0.000 0.000 0.000 0.000 0.000 0.000 0.000 0.000 0.000 0.000 0.000 0.000 0.000 0.000 0.000 0.000 0.000 0.000 0.000 0.000 0.000 0.000 0.000 0.000 0.000 0.000 0.000 0.000 0.000 0.000 0.010 0.013 0.014 0.012 0.056 0.171
22.404 23.121 23.793 24.504 25.289 25.278 25.240 25.237 25.122 24.900 24.267 23.742 22.720 21.354 19.614 17.519 15.703 13.448 11.662 11.785 12.606 14.084 14.395 12.840 10.632 7.934 4.412 1.732 0.173 0.006 0.002 0.000 0.000 0.000 0.000 0.000 0.000 0.000 0.000 0.000 0.000 0.000 0.000 0.000 0.000 0.000 0.000 0.000 0.000 0.000 0.000 0.000 0.000 0.000 0.000 0.000 0.000 0.000 0.000 0.000 0.000 0.000 0.000 0.000 0.000 0.000 0.000 0.000 0.000 0.003 0.218 0.387 0.564 0.367 0.739 1.189
22.640 23.393 24.156 25.104 25.275 25.332 25.603 25.689 25.656 25.258 25.062 24.495 23.586 22.285 20.766 18.946 17.169 15.391 13.212 13.067 13.734 14.959 15.180 13.736 11.669 9.077 5.621 2.092 0.591 0.010 0.003 0.000 0.000 0.000 0.000 0.000 0.000 0.000 0.000 0.000 0.000 0.000 0.000 0.000 0.000 0.000 0.000 0.000 0.000 0.000 0.000 0.000 0.000 0.000 0.000 0.000 0.000 0.000 0.000 0.000 0.000 0.000 0.000 0.000 0.000 0.000 0.000 0.000 0.000 0.002 0.382 0.576 0.446 0.712 1.724 2.463
22.826 23.630 24.724 25.159 25.202 25.608 25.889 25.985 26.014 25.789 25.687 25.049 24.394 23.217 21.857 20.148 18.331 16.706 15.606 14.760 15.103 15.874 15.988 14.652 12.720 10.208 6.847 2.961 1.360 0.023 0.004 0.001 0.000 0.000 0.000 0.000 0.000 0.000 0.000 0.000 0.000 0.000 0.000 0.000 0.000 0.000 0.000 0.000 0.000 0.000 0.000 0.000 0.000 0.000 0.000 0.000 0.000 0.000 0.000 0.000 0.000 0.000 0.000 0.000 0.000 0.000 0.000 0.000 0.001 0.004 0.353 0.668 0.484 1.298 2.621 3.319
22.972 24.192 24.867 24.872 25.336 25.751 26.037 26.227 26.358 26.358 26.054 25.685 25.127 24.153 22.931 21.345 19.632 18.081 17.321 16.647 16.412 17.016 16.797 15.588 13.786 11.368 8.089 4.196 1.428 0.042 0.006 0.002 0.000 0.000 0.000 0.000 0.000 0.000 0.000 0.000 0.000 0.000 0.000 0.000 0.000 0.000 0.000 0.000 0.000 0.000 0.000 0.000 0.000 0.000 0.000 0.000 0.000 0.000 0.000 0.000 0.000 0.000 0.000 0.000 0.001 0.000 0.002 0.004 0.006 0.010 0.399 0.436 0.835 2.095 3.368 3.995
23.394 24.283 24.302 24.870 25.355 25.777 26.160 26.447 26.659 26.730 26.503 26.367 25.733 25.102 23.939 22.468 20.823 19.275 18.456 18.068 17.558 18.149 17.701 16.545 14.875 12.548 9.360 5.489 1.878 0.193 0.007 0.003 0.000 0.000 0.000 0.000 0.000 0.000 0.000 0.000 0.000 0.000 0.000 0.000 0.000 0.000 0.000 0.000 0.000 0.000 0.000 0.000 0.000 0.000 0.000 0.000 0.000 0.000 0.001 0.003 0.101 0.000 0.002 0.001 0.007 0.003 0.007 0.008 0.013 0.015 0.020 0.355 1.382 2.674 3.898 4.541
23.414 23.571 24.183 24.777 25.291 25.803 26.299 26.669 26.944 27.091 27.061 26.797 26.434 25.910 24.808 23.482 21.940 20.469 19.700 19.448 18.694 18.925 18.843 17.513 15.981 13.753 10.638 6.819 2.790 0.892 0.011 0.004 0.000 0.000 0.000 0.000 0.000 0.000 0.000 0.000 0.000 0.000 0.000 0.000 0.000 0.000 0.000 0.000 0.000 0.000 0.000 0.000 0.000 0.000 0.000 0.000 0.000 0.001 0.076 0.239 0.355 0.012 0.077 0.006 0.007 0.005 0.008 0.011 0.428 0.380 0.687 1.401 2.367 3.119 4.359 5.136
22.795 23.287 23.995 24.637 25.246 25.869 26.418 26.879 27.216 27.428 27.475 27.270 27.083 26.435 25.659 24.436 23.081 21.670 20.946 20.730 19.788 19.605 19.780 18.587 17.107 14.987 11.951 8.198 4.032 1.307 0.025 0.007 0.002 0.001 0.000 0.000 0.000 0.000 0.000 0.000 0.000 0.000 0.000 0.000 0.000 0.000 0.000 0.000 0.000 0.000 0.000 0.000 0.000 0.000 0.000 0.000 0.000 0.115 0.342 0.548 0.659 0.014 0.269 0.011 0.009 0.121 0.020 0.288 0.838 1.140 1.266 1.442 2.992 3.630 5.060 5.905
22.232 23.041 23.804 24.526 25.214 25.877 26.471 26.986 27.368 27.657 27.805 27.765 27.428 27.130 26.411 25.396 24.144 22.800 22.171 21.895 20.766 20.288 20.476 19.820 18.224 16.238 13.306 9.625 5.369 1.912 0.409 0.009 0.005 0.005 0.003 0.001 0.000 0.000 0.000 0.000 0.000 0.000 0.000 0.000 0.000 0.000 0.000 0.010 0.000 0.000 0.004 0.000 0.000 0.000 0.002 0.002 0.007 0.570 0.618 0.654 0.653 0.012 0.371 0.015 0.019 0.408 0.650 1.077 1.235 1.433 1.450 1.368 3.239 4.074 5.823 6.571
21.946 22.827 23.652 24.397 25.129 25.819 26.465 26.990 27.456 27.803 28.027 28.073 27.924 27.642 27.036 26.382 25.056 23.890 23.327 22.994 21.706 20.982 21.155 20.840 19.369 17.494 14.685 11.095 6.798 2.857 1.631 0.049 0.005 0.005 0.005 0.005 0.000 0.000 0.000 0.000 0.000 0.000 0.000 0.000 0.000 0.000 0.000 0.001 0.001 0.004 0.007 0.000 0.000 0.000 0.008 0.006 0.034 0.651 0.599 0.553 0.592 0.083 0.491 0.351 0.506 0.971 1.255 1.322 1.331 1.437 1.481 1.380 3.261 4.590 6.483 7.016
21.722 22.674 23.505 24.280 25.024 25.765 26.453 27.033 27.506 27.878 28.177 28.337 28.274 28.032 27.881 27.040 25.878 24.869 24.419 23.966 22.580 21.666 21.716 21.615 20.688 18.763 16.126 12.625 8.308 4.179 2.635 0.544 0.187 0.005 0.005 0.008 0.000 0.002 0.001 0.001 0.003 0.003 0.001 0.000 0.000 0.000 0.002 0.129 0.064 0.007 0.008 0.004 0.002 0.003 0.008 0.007 0.729 0.638 0.022 0.510 0.571 0.598 1.067 1.351 1.420 1.397 1.414 1.361 1.349 1.423 1.498 1.473 3.290 5.092 7.029 7.199
21.533 22.485 23.346 24.150 24.925 25.679 26.397 27.009 27.488 27.893 28.240 28.467 28.594 28.564 28.188 27.539 26.792 25.795 25.333 24.762 23.501 22.430 22.326 22.258 21.793 20.169 17.607 14.244 9.954 5.687 3.319 1.622 0.411 0.445 0.468 0.895 0.021 0.009 0.005 0.005 0.006 0.006 0.006 0.002 0.001 0.004 0.008 0.242 0.269 0.011 0.010 0.005 0.011 0.409 0.010 0.013 0.420 0.475 0.117 0.378 1.188 1.580 1.687 1.690 1.573 1.495 1.453 1.398 1.387 1.481 1.560 1.576 3.416 5.561 7.509 7.089
21.278 22.246 23.131 23.967 24.776 25.570 26.289 26.900 27.439 27.900 28.272 28.575 28.824 28.790 28.572 28.327 27.543 26.636 26.069 25.662 24.489 23.205 23.000 22.883 22.482 21.468 19.272 16.025 11.792 7.479 4.481 2.435 0.615 0.215 0.066 0.695 0.572 0.483 0.523 0.005 0.006 0.007 0.006 0.010 0.006 0.006 0.008 0.490 0.352 0.479 0.079 0.088 0.012 0.273 0.137 0.364 0.159 0.379 1.125 1.559 1.797 1.823 1.882 1.798 1.529 1.470 1.504 1.466 1.437 1.523 1.597 1.621 3.558 6.098 7.806 6.932
20.987 21.967 22.855 23.727 24.581 25.402 26.127 26.770 27.351 27.861 28.300 28.687 28.996 29.167 29.121 28.618 28.120 27.469 26.782 26.653 25.563 23.970 23.632 23.581 23.179 22.335 20.602 17.628 13.654 9.534 6.429 5.173 2.120 2.000 1.607 1.326 0.666 0.639 0.753 0.591 0.531 0.009 0.180 0.372 0.008 0.131 0.010 0.247 0.958 0.617 0.562 0.554 0.578 0.869 1.259 1.404 1.439 1.628 1.506 1.679 1.916 1.869 1.914 1.824 1.524 1.450 1.522 1.524 1.469 1.527 1.624 1.707 3.581 6.720 7.914 6.542
20.914 21.639 22.596 23.494 24.339 25.170 25.933 26.613 27.234 27.797 28.316 28.772 29.177 29.452 29.252 28.951 28.833 28.171 27.648 27.630 26.530 24.684 24.224 24.341 24.000 23.148 21.477 18.723 14.989 10.959 7.830 6.762 3.551 2.845 2.279 2.169 2.013 1.746 1.262 0.304 0.023 0.021 0.481 0.404 0.020 0.521 0.032 0.415 1.171 2.147 0.421 0.583 1.836 1.760 1.910 1.981 1.722 1.931 1.577 1.550 1.810 1.892 1.974 1.844 1.555 1.425 1.478 1.535 1.510 1.558 1.639 1.800 3.686 7.216 7.899 5.913
21.064 21.580 22.317 23.211 24.076 24.935 25.748 26.471 27.139 27.730 28.281 28.822 29.275 29.575 29.512 29.487 29.271 28.759 28.395 28.222 27.129 25.575 24.830 25.037 24.862 23.964 22.273 19.645 15.931 11.543 8.041 6.840 3.887 3.032 2.422 2.289 2.194 2.066 1.905 1.646 1.421 1.217 1.087 0.790 0.742 1.077 1.171 1.344 1.772 1.731 1.924 2.231 2.278 3.018 2.509 2.032 1.671 1.963 1.617 1.443 1.703 1.960 2.105 1.933 1.603 1.388 1.407 1.520 1.569 1.614 1.660 1.848 4.041 7.601 7.644 5.305
21.199 21.697 22.135 22.855 23.774 24.689 25.555 26.325 27.028 27.664 28.277 28.852 29.310 29.633 29.851 29.675 29.361 29.295 29.089 28.486 27.340 26.593 25.565 25.606 25.578 24.691 23.059 20.521 16.891 12.018 7.714 6.322 3.940 2.925 2.366 2.127 1.873 1.876 1.730 1.454 1.480 1.382 1.391 1.334 1.377 1.428 1.445 1.713 2.221 1.866 2.141 4.473 5.224 3.771 2.928 2.021 1.644 1.897 1.728 1.448 1.566 1.914 2.177 2.042 1.684 1.398 1.382 1.530 1.614 1.677 1.769 1.860 4.400 7.916 7.373 5.171
21.324 21.805 22.242 22.680 23.513 24.461 25.350 26.180 26.931 27.638 28.308 28.889 29.375 29.766 30.079 29.756 29.717 29.895 29.400 29.031 27.885 27.665 26.753 26.750 26.129 24.890 23.532 21.414 17.898 12.619 7.636 5.866 3.760 2.581 2.170 1.918 1.516 1.538 1.465 1.315 1.420 1.428 1.356 1.332 1.624 1.615 1.488 1.629 2.420 1.943 2.144 4.444 5.279 3.793 3.009 2.267 1.714 1.857 1.779 1.470 1.446 1.725 2.142 2.092 1.765 1.473 1.414 1.515 1.625 1.750 1.832 1.709 4.405 7.836 7.142 5.309
21.504 21.973 22.448 22.917 23.343 24.197 25.160 26.071 26.845 27.583 28.286 28.912 29.443 29.882 30.156 29.970 29.976 29.951 29.775 29.615 28.870 28.311 27.876 27.614 26.935 25.739 24.310 22.094 18.440 13.483 8.536 5.327 3.279 2.681 2.308 2.034 1.726 1.450 1.189 1.732 1.683 1.619 1.491 1.389 1.660 1.765 1.597 1.572 2.444 1.990 2.214 3.683 4.361 3.497 3.365 2.408 1.737 1.829 1.769 1.508 1.375 1.554 2.043 2.090 1.875 1.585 1.432 1.444 1.605 1.762 1.699 1.563 4.274 7.237 6.761 5.265
21.719 22.183 22.674 23.123 23.512 23.935 24.952 25.851 26.645 27.446 28.221 28.867 29.400 29.844 30.096 30.168 29.996 30.005 30.021 29.942 29.910 29.054 29.002 28.323 27.533 26.462 24.958 22.686 19.384 14.972 9.743 4.707 3.266 2.987 2.620 2.295 1.642 0.899 1.471 1.869 1.813 1.673 1.596 1.535 1.596 1.744 1.670 1.626 2.455 2.101 2.370 3.225 4.012 3.593 3.517 2.418 1.769 1.822 1.820 1.609 1.358 1.456 1.926 2.149 2.038 1.687 1.451 1.391 1.493 1.779 1.607 1.695 4.000 6.588 6.452 5.231
21.957 22.428 22.865 23.285 23.661 24.104 24.566 25.457 26.344 27.220 28.035 28.677 29.317 29.850 30.155 30.330 30.028 29.977 30.271 30.568 30.451 30.269 30.205 29.107 28.155 27.041 25.643 23.657 20.752 16.607 11.127 5.262 3.225 2.945 2.588 1.849 0.966 0.914 1.450 1.812 1.838 1.725 1.626 1.561 1.644 1.729 1.690 1.716 2.516 2.179 2.603 2.998 4.111 3.775 3.707 2.573 1.926 1.907 1.895 1.709 1.451 1.439 1.856 2.227 2.138 1.755 1.499 1.424 1.396 1.885 1.773 1.715 3.456 6.545 6.663 5.448
22.199 22.635 23.029 23.403 23.765 24.165 24.511 24.989 25.956 26.875 27.724 28.565 29.444 29.901 30.190 30.318 30.349 29.854 30.434 30.884 30.947 31.189 30.846 29.598 28.643 27.690 26.525 24.691 22.063 18.193 12.898 6.762 3.085 2.767 2.343 1.388 0.859 0.874 1.309 1.688 1.788 1.729 1.603 1.592 1.681 1.717 1.673 1.713 2.517 2.190 2.732 2.888 3.958 3.987 3.832 2.723 2.102 2.026 1.904 1.774 1.598 1.434 1.715 2.180 2.189 1.831 1.569 1.477 1.433 2.000 1.929 1.794 3.125 6.467 6.990 5.942
22.447 22.819 23.198 23.507 23.841 24.202 24.563 24.922 25.532 26.547 27.566 28.645 29.345 29.668 30.047 30.328 30.419 29.980 30.380 30.741 31.419 31.062 30.457 30.257 29.226 28.364 27.359 25.688 23.231 19.780 14.843 8.730 3.782 2.655 2.101 1.287 0.730 0.768 1.102 1.526 1.679 1.647 1.634 1.633 1.598 1.689 1.675 1.735 2.457 2.237 2.781 2.977 3.645 4.009 3.998 2.821 2.268 2.134 1.998 1.832 1.705 1.511 1.483 1.976 2.203 1.934 1.606 1.553 1.558 2.042 2.045 1.852 2.733 6.127 7.108 6.275
22.724 23.028 23.345 23.636 23.981 24.328 24.661 25.024 25.477 26.335 27.442 28.338 28.776 29.351 30.019 30.312 30.237 30.070 29.830 30.739 31.529 31.485 30.328 30.636 29.916 29.046 28.116 26.653 24.396 21.296 16.750 10.961 5.148 2.509 1.744 1.164 0.611 0.690 0.951 1.257 1.631 1.647 1.740 1.673 1.607 1.635 1.691 1.705 2.231 2.174 2.861 2.990 3.151 3.930 4.275 3.007 2.427 2.299 2.183 1.935 1.783 1.588 1.386 1.690 2.182 2.059 1.681 1.627 1.665 2.064 2.130 1.909 2.272 5.875 7.088 6.519
22.997 23.290 23.549 23.842 24.131 24.425 24.753 25.234 25.814 26.217 26.890 27.571 28.189 29.090 29.829 29.993 30.063 30.098 29.530 30.538 31.262 31.992 31.335 30.679 30.929 29.712 28.855 27.513 25.532 22.766 18.696 13.345 7.022 2.685 1.712 1.049 0.596 0.525 0.836 1.105 1.544 1.640 1.755 1.758 1.649 1.645 1.646 1.620 2.146 2.063 2.791 2.882 2.505 3.871 4.340 3.280 2.541 2.421 2.324 2.052 1.870 1.681 1.409 1.469 2.068 2.143 1.827 1.695 1.785 2.206 2.195 2.041 2.119 5.888 7.337 6.964
