data/RealTopo/Outputs_RealTopo/Wog_02_curv151s_MoT-Voellmy_s_max.asc
ncols        490
nrows        555
xllcorner    167452.5
yllcorner    361952.5
cellsize     5.00
NODATA_value -9999
[rows 340 to 373 of 555, columns 304 to 379 of 490]
27.369 28.202 28.857 29.624 30.786 31.627 32.475 33.210 34.237 34.066 33.837 33.731 33.087 32.485 31.773 30.838 29.165 27.286 25.788 24.568 22.943 21.711 15.113 11.094 7.795 4.828 2.363 0.961 0.499 0.301 0.191 0.163 0.130 0.078 0.013 0.000 0.000 0.000 0.000 0.000 0.000 0.000 0.000 0.000 0.000 0.000 0.000 0.000 0.000 0.000 0.000 0.000 0.000 0.000 0.000 0.000 0.000 0.000 0.000 0.000 0.000 0.000 0.000 0.000 0.000 0.000 0.000 0.000 0.000 0.000 0.000 0.000 0.000 0.000 0.000 0.000
26.952 27.191 27.876 28.255 29.325 30.607 31.318 31.828 32.441 33.637 34.465 33.793 33.687 33.137 32.175 31.278 30.192 28.661 26.862 25.156 23.036 22.091 17.205 14.147 11.356 8.331 5.313 3.332 1.476 0.620 0.362 0.226 0.192 0.141 0.069 0.005 0.000 0.000 0.000 0.000 0.000 0.000 0.000 0.000 0.000 0.000 0.000 0.000 0.000 0.000 0.000 0.000 0.000 0.000 0.000 0.000 0.000 0.000 0.000 0.000 0.000 0.000 0.000 0.000 0.000 0.000 0.000 0.000 0.000 0.000 0.000 0.000 0.000 0.000 0.000 0.000
27.434 27.643 27.713 28.037 29.325 30.259 30.668 31.288 32.436 33.260 33.787 34.010 33.735 33.223 32.625 31.682 30.402 29.068 27.047 25.374 23.241 22.047 18.520 16.844 14.411 11.666 8.939 6.310 3.927 2.221 0.868 0.372 0.284 0.244 0.127 0.052 0.002 0.000 0.000 0.000 0.000 0.000 0.000 0.000 0.000 0.000 0.000 0.000 0.000 0.000 0.000 0.000 0.000 0.000 0.000 0.000 0.000 0.000 0.000 0.000 0.000 0.000 0.000 0.000 0.000 0.000 0.000 0.000 0.000 0.000 0.000 0.000 0.000 0.000 0.000 0.000
32.921 33.271 33.754 34.312 33.336 31.244 30.902 31.146 31.676 32.307 32.498 33.138 33.171 33.278 32.888 31.734 31.424 30.365 28.420 26.380 23.890 22.777 20.265 18.761 16.789 14.369 12.159 9.682 7.023 4.659 2.898 0.929 0.510 0.372 0.215 0.098 0.046 0.002 0.000 0.000 0.000 0.000 0.000 0.000 0.000 0.000 0.000 0.000 0.000 0.000 0.000 0.000 0.000 0.000 0.000 0.000 0.000 0.000 0.000 0.000 0.000 0.000 0.000 0.000 0.000 0.000 0.000 0.000 0.000 0.000 0.000 0.000 0.000 0.000 0.000 0.000
35.062 35.794 36.595 36.437 35.448 34.718 34.255 32.503 31.275 31.761 31.750 32.083 32.385 32.105 32.039 32.118 32.181 31.113 29.398 27.322 24.211 23.884 21.189 19.802 18.474 16.539 14.740 12.567 10.002 7.613 5.513 3.461 1.355 0.597 0.388 0.178 0.098 0.049 0.004 0.002 0.001 0.001 0.000 0.000 0.000 0.000 0.000 0.000 0.000 0.000 0.000 0.000 0.000 0.000 0.000 0.000 0.000 0.000 0.000 0.000 0.000 0.000 0.000 0.000 0.000 0.000 0.000 0.000 0.000 0.000 0.000 0.000 0.000 0.000 0.000 0.000
33.879 35.104 36.088 36.738 37.396 37.352 36.056 35.121 33.584 31.561 32.038 32.481 32.284 31.186 30.900 30.958 31.269 31.537 30.002 27.599 25.077 24.396 21.185 20.472 19.190 18.083 17.169 14.930 12.420 10.356 8.270 6.062 3.949 1.603 0.730 0.315 0.152 0.150 0.111 0.086 0.065 0.057 0.058 0.039 0.015 0.002 0.000 0.000 0.000 0.000 0.000 0.000 0.000 0.000 0.000 0.000 0.000 0.000 0.000 0.000 0.000 0.000 0.000 0.000 0.000 0.000 0.000 0.000 0.000 0.000 0.000 0.000 0.000 0.000 0.000 0.000
31.859 34.069 35.525 36.618 37.505 37.330 36.461 36.580 35.350 35.067 34.816 33.395 33.208 31.979 31.421 30.233 29.839 31.355 30.726 28.873 26.338 25.759 21.640 21.082 20.267 19.755 18.886 16.955 14.662 12.745 10.916 8.856 6.752 4.007 1.601 0.586 0.273 0.291 0.304 0.299 0.274 0.277 0.296 0.262 0.182 0.080 0.010 0.000 0.000 0.000 0.000 0.000 0.000 0.000 0.000 0.000 0.000 0.000 0.000 0.000 0.000 0.000 0.000 0.000 0.000 0.000 0.000 0.000 0.000 0.000 0.000 0.000 0.000 0.000 0.000 0.000
29.190 32.052 33.454 35.308 36.651 37.186 36.973 36.872 37.463 38.058 36.499 35.474 34.425 33.735 31.835 30.277 30.352 31.228 31.182 29.282 26.909 27.445 21.206 20.825 20.471 20.062 18.951 18.067 16.565 14.783 13.648 11.886 9.443 6.640 3.809 1.445 0.436 0.434 0.432 0.416 0.403 0.421 0.410 0.354 0.279 0.213 0.127 0.028 0.002 0.000 0.000 0.000 0.000 0.000 0.000 0.000 0.000 0.000 0.000 0.000 0.000 0.000 0.000 0.000 0.000 0.000 0.000 0.000 0.000 0.000 0.000 0.000 0.000 0.000 0.000 0.000
26.302 29.393 31.966 33.149 35.044 36.363 37.426 37.721 38.490 38.765 38.346 37.795 35.786 34.902 32.395 31.364 31.775 30.873 30.409 30.756 28.197 29.812 21.760 21.070 19.681 18.873 18.316 17.620 17.773 17.062 15.877 14.242 11.679 9.184 6.221 3.430 1.047 0.553 0.526 0.500 0.503 0.493 0.444 0.377 0.311 0.271 0.229 0.162 0.073 0.044 0.000 0.000 0.000 0.000 0.000 0.000 0.000 0.000 0.000 0.000 0.000 0.000 0.000 0.000 0.000 0.000 0.000 0.000 0.000 0.000 0.000 0.000 0.000 0.000 0.000 0.000
23.689 26.217 29.841 32.133 33.619 34.730 36.313 37.789 38.508 38.414 39.136 39.717 37.689 35.844 35.856 36.286 34.170 30.916 29.828 26.968 29.103 29.990 22.732 22.398 21.352 20.244 19.602 18.295 17.582 17.993 16.850 15.368 13.459 11.623 8.948 5.646 2.641 0.834 0.712 0.665 0.618 0.555 0.481 0.411 0.354 0.326 0.303 0.265 0.230 0.202 0.008 0.000 0.000 0.000 0.000 0.000 0.000 0.000 0.000 0.000 0.000 0.000 0.000 0.000 0.000 0.000 0.000 0.000 0.000 0.000 0.000 0.000 0.000 0.000 0.000 0.000
22.437 25.112 27.522 30.437 32.426 34.300 35.939 36.587 37.601 38.120 37.913 39.130 39.517 38.468 37.229 37.516 36.613 34.971 33.024 31.311 33.312 27.321 25.104 24.475 23.713 22.602 21.635 20.114 18.298 17.146 16.982 15.887 15.146 13.646 11.173 7.945 4.527 1.995 0.947 0.907 0.778 0.638 0.550 0.502 0.466 0.408 0.364 0.339 0.315 0.300 0.176 0.032 0.000 0.000 0.000 0.000 0.000 0.000 0.000 0.000 0.000 0.000 0.000 0.000 0.000 0.000 0.000 0.000 0.000 0.000 0.000 0.000 0.000 0.000 0.000 0.000
24.545 25.585 27.016 28.878 31.637 33.789 35.582 35.912 37.350 37.491 37.642 37.234 38.255 38.724 38.152 36.177 36.258 37.345 36.531 35.999 34.298 29.496 30.820 29.036 26.809 25.253 23.477 22.390 20.397 18.202 17.599 17.318 16.399 14.476 12.322 9.752 6.956 3.947 1.309 1.102 0.974 0.853 0.760 0.655 0.614 0.545 0.383 0.385 0.364 0.355 0.315 0.199 0.047 0.001 0.000 0.000 0.000 0.000 0.000 0.000 0.000 0.000 0.000 0.000 0.000 0.000 0.000 0.000 0.000 0.000 0.000 0.000 0.000 0.000 0.000 0.000
26.699 26.758 28.661 29.466 31.421 33.154 34.561 35.728 36.647 37.170 37.336 37.392 38.001 38.597 38.264 37.711 36.868 34.156 33.315 35.358 35.261 33.943 32.147 30.917 30.076 28.709 26.949 24.865 23.242 21.460 20.140 19.985 18.326 15.982 13.865 11.668 9.172 6.192 2.852 1.254 1.182 1.149 1.061 0.984 0.964 0.897 0.676 0.519 0.410 0.380 0.335 0.284 0.202 0.057 0.001 0.000 0.000 0.000 0.000 0.000 0.000 0.000 0.000 0.000 0.000 0.000 0.000 0.000 0.000 0.000 0.000 0.000 0.000 0.000 0.000 0.000
25.984 27.003 29.783 31.094 29.105 30.433 32.931 35.595 36.371 36.875 36.679 37.469 38.334 37.818 38.434 38.753 38.449 34.012 32.387 31.716 33.799 35.129 30.859 31.421 31.093 30.340 28.683 26.700 25.828 24.593 23.015 21.571 20.360 18.271 16.151 13.899 11.383 8.238 4.722 1.507 1.306 1.343 1.266 1.223 1.212 1.094 0.962 0.943 0.718 0.470 0.376 0.384 0.325 0.252 0.084 0.001 0.000 0.000 0.000 0.000 0.000 0.000 0.000 0.000 0.000 0.000 0.000 0.000 0.000 0.000 0.000 0.000 0.000 0.000 0.000 0.000
24.847 27.198 30.867 31.254 27.550 26.541 32.863 35.606 35.811 36.415 36.444 37.482 38.715 38.294 39.160 38.640 38.886 37.250 35.112 32.406 35.855 28.627 28.935 29.490 28.660 29.361 29.447 28.297 26.972 25.969 24.588 22.279 20.751 19.377 17.585 15.478 13.300 10.158 6.539 3.073 1.873 1.846 1.709 1.577 1.579 1.361 1.172 1.197 1.064 0.821 0.607 0.525 0.441 0.355 0.248 0.044 0.000 0.000 0.000 0.000 0.000 0.000 0.000 0.000 0.000 0.000 0.000 0.000 0.000 0.000 0.000 0.000 0.000 0.000 0.000 0.000
24.246 26.738 30.754 30.814 29.274 28.973 30.874 35.717 36.986 37.363 37.404 38.107 38.761 38.281 38.852 38.060 37.503 37.830 38.358 36.832 34.671 31.003 33.062 30.434 27.849 28.462 27.747 27.412 27.831 27.304 25.935 23.414 21.293 19.967 17.871 15.954 13.899 11.062 8.044 4.760 2.110 2.247 2.037 1.953 2.042 1.889 1.631 1.430 1.275 1.129 0.896 0.762 0.610 0.445 0.327 0.190 0.008 0.000 0.000 0.000 0.000 0.000 0.000 0.000 0.000 0.000 0.000 0.000 0.000 0.000 0.000 0.000 0.000 0.000 0.000 0.000
23.216 26.045 29.863 31.637 32.553 32.070 29.871 33.980 38.085 37.827 37.208 37.538 38.344 37.483 36.966 37.311 37.637 38.204 37.870 37.523 36.198 35.063 35.809 34.118 33.058 32.392 28.879 26.127 26.523 26.892 26.057 24.709 22.544 20.071 17.964 15.903 13.510 11.343 9.084 6.658 3.637 2.193 2.405 2.471 2.262 1.932 2.054 2.083 1.699 1.448 1.180 1.013 0.850 0.624 0.439 0.289 0.123 0.000 0.000 0.000 0.000 0.000 0.000 0.000 0.000 0.000 0.000 0.000 0.000 0.000 0.000 0.000 0.000 0.000 0.000 0.000
23.070 24.388 29.344 31.768 32.418 31.114 31.611 33.622 34.285 37.054 36.748 37.012 37.620 37.315 36.311 37.169 38.158 37.852 36.181 35.509 35.721 34.378 36.640 36.459 36.079 34.972 32.604 29.834 27.574 26.405 24.876 24.217 22.470 19.751 17.872 16.531 14.718 12.624 10.295 7.759 5.956 4.608 3.178 3.326 3.112 2.777 2.583 2.281 2.132 1.985 1.702 1.426 1.101 0.863 0.608 0.423 0.232 0.009 0.000 0.000 0.000 0.000 0.000 0.000 0.000 0.000 0.000 0.000 0.000 0.000 0.000 0.000 0.000 0.000 0.000 0.000
22.201 24.735 29.219 30.913 30.588 31.354 33.076 34.020 32.425 35.452 36.567 36.046 36.168 37.175 36.853 36.851 36.907 35.604 34.640 35.246 36.036 34.878 36.322 36.436 36.667 36.663 34.566 31.944 31.064 28.803 25.680 24.007 22.736 20.621 18.522 18.065 17.264 15.269 12.737 9.844 7.234 6.975 5.776 4.497 4.184 4.012 3.633 3.137 2.760 2.360 2.253 2.138 1.613 1.157 0.850 0.601 0.354 0.126 0.000 0.000 0.000 0.000 0.000 0.000 0.000 0.000 0.000 0.000 0.000 0.000 0.000 0.000 0.000 0.000 0.000 0.000
20.679 24.894 27.770 28.889 29.943 32.316 30.875 31.192 35.570 34.680 36.196 36.264 35.499 35.598 35.973 35.309 35.165 35.728 37.349 37.433 35.209 34.450 36.474 36.697 36.825 36.313 34.928 33.339 32.160 31.354 29.166 26.378 24.421 22.817 22.465 22.561 20.772 18.476 15.896 12.910 9.303 7.347 7.130 6.434 5.309 4.971 4.468 3.934 3.517 3.108 2.890 2.551 2.194 1.780 1.237 0.838 0.529 0.252 0.000 0.000 0.000 0.000 0.000 0.000 0.000 0.000 0.000 0.000 0.000 0.000 0.000 0.000 0.000 0.000 0.000 0.000
19.910 23.353 26.165 26.878 28.695 31.665 31.151 31.579 35.593 35.453 35.400 36.005 35.543 34.694 35.969 36.493 36.273 36.167 38.487 37.400 34.523 35.881 36.727 36.665 36.201 35.506 34.588 33.427 32.623 32.686 31.723 30.609 28.906 28.089 26.981 24.624 22.353 20.153 17.761 15.013 11.395 7.984 6.713 7.042 6.938 6.040 5.408 4.723 4.149 3.913 3.638 3.098 2.651 2.166 1.675 1.282 0.801 0.362 0.025 0.000 0.000 0.000 0.000 0.000 0.000 0.000 0.000 0.000 0.000 0.000 0.000 0.000 0.000 0.000 0.000 0.000
18.990 21.358 24.649 25.820 27.526 30.319 31.322 30.919 33.395 35.405 34.174 33.928 35.575 36.048 36.183 37.511 37.459 36.496 38.095 37.137 35.651 36.418 36.643 35.836 35.372 35.085 34.363 33.405 33.544 33.511 33.046 32.394 31.273 29.624 27.470 24.826 22.720 20.540 17.884 15.018 11.952 9.095 7.748 6.911 7.227 6.960 6.434 5.779 5.104 4.764 4.262 3.594 3.116 2.787 2.260 1.665 1.120 0.545 0.187 0.000 0.000 0.000 0.000 0.000 0.000 0.000 0.000 0.000 0.000 0.000 0.000 0.000 0.000 0.000 0.000 0.000
19.003 19.905 23.541 25.080 26.499 29.447 30.655 30.405 32.619 34.754 33.964 32.774 33.726 35.327 35.795 36.220 36.409 37.137 35.799 36.251 35.877 35.941 35.883 35.068 34.402 34.377 34.149 34.110 34.271 34.456 33.428 32.387 31.545 29.983 28.210 26.026 24.107 21.964 19.231 16.279 13.052 9.916 8.890 8.032 7.132 7.180 7.436 7.293 6.461 5.318 4.636 4.164 3.727 3.354 2.847 2.132 1.412 0.765 0.324 0.004 0.000 0.000 0.000 0.000 0.000 0.000 0.000 0.000 0.000 0.000 0.000 0.000 0.000 0.000 0.000 0.000
19.768 19.175 23.281 25.306 26.857 29.345 30.121 30.942 34.199 35.456 35.221 34.630 33.811 33.520 34.146 35.276 35.807 36.599 35.194 35.611 36.043 34.707 35.100 34.468 34.150 34.029 34.090 34.234 34.001 34.476 34.512 33.479 32.146 30.892 29.467 27.643 25.558 23.290 20.714 17.741 14.324 11.015 9.758 9.167 8.339 7.878 8.207 7.860 6.923 6.070 5.170 4.758 4.382 3.962 3.570 2.867 1.849 1.024 0.436 0.139 0.000 0.000 0.000 0.000 0.000 0.000 0.000 0.000 0.000 0.000 0.000 0.000 0.000 0.000 0.000 0.000
20.347 18.930 22.920 25.156 27.443 28.742 28.978 31.278 34.566 36.003 37.240 36.807 35.252 33.669 32.457 34.046 34.519 36.165 36.271 34.983 33.407 33.522 34.392 34.118 33.758 33.185 32.796 33.342 35.205 36.316 35.867 34.693 33.034 31.692 30.524 29.129 27.230 24.846 22.356 19.311 15.766 12.469 10.412 9.596 9.164 8.687 7.870 7.421 7.186 6.877 6.173 5.467 5.041 4.528 4.138 3.589 2.530 1.338 0.545 0.300 0.000 0.000 0.000 0.000 0.000 0.000 0.000 0.000 0.000 0.000 0.000 0.000 0.000 0.000 0.000 0.000
20.731 18.173 21.791 24.500 26.694 27.868 28.312 31.570 34.780 36.075 37.708 38.591 37.290 34.972 34.479 33.131 31.953 35.418 36.014 35.723 30.574 33.535 34.626 34.299 32.700 31.723 33.082 35.445 36.983 37.035 36.474 35.071 33.522 32.192 30.971 29.995 28.553 26.487 24.204 21.193 17.624 14.021 11.482 10.209 9.459 8.869 8.120 7.473 7.330 7.228 7.021 6.208 5.343 4.954 4.764 4.252 3.209 1.844 0.744 0.395 0.031 0.000 0.000 0.000 0.000 0.000 0.000 0.000 0.000 0.000 0.000 0.000 0.000 0.000 0.000 0.000
20.287 17.092 20.464 24.079 25.943 27.119 28.449 31.580 34.668 36.148 37.838 39.577 39.937 38.639 36.052 33.673 32.996 35.440 34.849 36.977 32.361 34.455 34.770 32.990 31.904 33.369 35.949 37.206 36.878 36.414 36.320 35.050 33.647 32.545 31.626 30.902 29.509 27.867 25.874 22.842 19.325 15.538 12.605 11.106 10.211 9.464 8.707 8.018 7.495 7.432 7.324 6.848 6.116 5.890 5.656 5.079 4.051 2.513 1.040 0.559 0.257 0.000 0.000 0.000 0.000 0.000 0.000 0.000 0.000 0.000 0.000 0.000 0.000 0.000 0.000 0.000
19.401 16.033 19.469 23.103 25.223 26.502 27.786 30.365 33.493 35.648 37.410 38.775 39.826 39.638 37.672 35.888 34.416 32.469 29.694 36.018 33.370 33.349 34.607 34.936 35.209 36.188 36.956 36.610 36.727 36.812 35.938 34.843 33.948 33.619 33.004 31.759 30.200 28.705 26.831 23.930 20.569 16.786 14.003 12.319 10.994 10.174 9.611 8.849 7.919 7.517 7.443 7.089 6.997 6.948 6.625 5.965 4.986 3.310 1.362 0.748 0.401 0.000 0.000 0.000 0.000 0.000 0.000 0.000 0.000 0.000 0.000 0.000 0.000 0.000 0.000 0.000
19.044 15.428 17.976 21.606 24.250 26.005 27.103 29.416 32.396 34.496 36.670 37.661 38.703 38.999 37.128 35.488 34.552 30.126 30.756 36.807 32.923 35.763 35.579 36.025 35.500 36.229 36.390 35.955 36.451 36.443 35.546 35.019 34.887 34.615 33.420 31.907 30.546 29.495 27.915 25.327 21.810 18.188 15.511 13.421 11.992 10.992 10.339 9.762 9.133 8.535 8.022 7.200 7.279 7.749 7.458 6.811 5.941 4.279 1.673 0.919 0.506 0.001 0.000 0.000 0.000 0.000 0.000 0.000 0.000 0.000 0.000 0.000 0.000 0.000 0.000 0.000
18.205 14.270 16.291 20.145 23.240 25.324 26.616 29.212 32.419 34.669 36.572 37.902 38.726 39.175 38.673 38.348 36.422 33.088 33.880 35.929 32.655 36.126 36.753 34.671 35.313 35.895 35.413 36.259 37.057 36.911 35.882 35.702 35.349 34.559 33.347 32.152 31.667 30.227 28.505 26.114 23.046 19.723 16.925 14.507 13.081 12.019 11.413 11.245 10.895 9.918 8.761 7.969 7.711 8.071 7.914 7.573 6.871 5.372 2.026 1.119 0.615 0.080 0.000 0.000 0.000 0.000 0.000 0.000 0.000 0.000 0.000 0.000 0.000 0.000 0.000 0.000
17.586 13.881 14.781 18.589 22.623 24.682 25.882 29.204 32.668 34.934 36.246 37.256 38.441 38.595 38.639 38.463 36.040 33.785 34.191 33.881 29.458 34.682 36.776 36.114 34.901 35.279 34.953 35.105 36.226 36.667 36.748 36.008 34.826 34.138 33.530 33.978 33.919 31.093 28.636 26.785 24.387 21.080 18.344 15.805 14.174 13.362 12.637 12.321 11.638 10.582 9.547 8.760 7.972 7.684 7.630 7.660 7.647 6.621 2.469 1.314 0.701 0.361 0.000 0.000 0.000 0.000 0.000 0.000 0.000 0.000 0.000 0.000 0.000 0.000 0.000 0.000
17.207 14.259 13.357 17.208 21.628 23.953 25.636 28.383 31.590 33.896 35.484 36.594 37.814 37.857 37.946 38.041 35.089 33.210 33.060 34.402 30.056 35.237 38.445 36.941 35.344 34.082 33.970 35.448 36.029 36.278 36.510 35.608 34.685 34.938 34.931 35.596 34.715 32.041 28.918 27.756 25.853 22.439 19.891 17.626 15.394 14.313 13.359 12.695 12.051 11.051 10.067 9.388 8.524 7.528 7.550 7.949 8.259 7.516 2.959 1.585 0.835 0.478 0.000 0.000 0.000 0.000 0.000 0.000 0.000 0.000 0.000 0.000 0.000 0.000 0.000 0.000
17.616 14.795 13.554 15.344 19.877 23.273 25.352 26.893 30.095 33.017 34.928 36.342 37.462 37.850 37.986 37.794 36.302 30.411 32.679 33.512 32.942 39.994 38.774 37.534 36.362 34.764 33.883 35.392 35.100 35.452 35.860 35.023 35.395 36.373 35.684 35.737 34.770 32.541 30.071 28.614 26.641 24.367 21.539 18.491 16.118 15.295 14.113 12.888 12.303 11.469 10.597 10.053 9.267 8.216 7.413 7.737 8.450 7.888 3.682 2.157 1.127 0.597 0.041 0.000 0.000 0.000 0.000 0.000 0.000 0.000 0.000 0.000 0.000 0.000 0.000 0.000
18.130 15.516 14.103 13.488 18.208 22.635 24.334 25.864 28.945 32.351 34.095 35.783 37.093 37.720 38.151 37.745 35.764 29.937 31.345 33.181 33.522 39.739 38.987 36.934 35.974 35.810 34.657 34.723 34.522 34.530 35.714 35.424 36.780 36.500 35.521 36.481 36.100 34.062 31.253 28.875 27.875 25.416 22.229 19.969 18.089 16.226 14.268 13.550 12.709 11.820 11.100 10.620 9.876 8.842 7.682 6.771 8.085 8.242 4.815 2.942 1.461 0.750 0.367 0.000 0.000 0.000 0.000 0.000 0.000 0.000 0.000 0.000 0.000 0.000 0.000 0.000
