data/RealTopo/Outputs_RealTopo/Wog_02_curv_MoT-Voellmy_h_max.asc
ncols        490
nrows        555
xllcorner    167452.5
yllcorner    361952.5
cellsize     5.00
NODATA_value -9999
[rows 408 to 441 of 555, columns 308 to 384 of 490]
1.607 1.536 1.601 1.581 1.500 1.506 1.500 1.500 1.058 1.809 1.618 2.360 3.316 2.460 1.395 1.993 2.132 1.807 1.910 2.285 2.749 3.230 3.717 4.104 4.262 4.582 4.889 5.123 5.386 5.227 5.227 5.236 5.453 5.384 4.979 4.206 3.957 3.654 3.397 3.304 3.262 3.346 3.541 4.690 3.598 2.813 2.627 2.343 2.076 1.971 1.931 1.724 1.526 1.314 1.061 0.888 0.750 0.709 0.639 0.465 0.321 0.228 0.157 0.096 0.047 0.019 0.008 0.003 0.001 0.000 0.000 0.000 0.000 0.000 0.000 0.000 0.000
1.675 1.572 1.524 1.500 1.500 1.500 1.500 1.500 1.500 1.717 2.063 2.253 2.758 2.075 1.382 1.409 1.931 2.220 2.148 2.176 2.574 2.959 3.501 4.088 4.475 4.566 4.906 5.113 5.512 5.146 5.088 5.182 5.586 5.768 5.365 4.692 4.136 3.781 3.576 3.409 3.346 3.304 3.503 4.547 2.989 2.698 2.599 2.447 2.333 2.158 2.125 1.848 1.608 1.392 1.217 0.996 0.825 0.730 0.642 0.521 0.398 0.270 0.185 0.115 0.060 0.025 0.010 0.004 0.002 0.000 0.000 0.000 0.000 0.000 0.000 0.000 0.000
1.757 1.598 1.553 1.553 1.500 1.500 1.500 1.500 1.500 1.649 2.169 2.451 2.108 1.615 1.407 1.419 1.512 2.070 2.439 2.328 2.533 2.796 3.160 3.732 4.613 4.601 4.886 5.201 5.374 5.049 5.167 5.548 5.823 6.038 5.632 5.009 4.309 3.963 3.683 3.472 3.314 3.367 3.353 3.645 2.881 2.616 2.579 2.632 2.569 2.352 2.163 1.925 1.779 1.613 1.374 1.089 0.860 0.732 0.699 0.612 0.466 0.325 0.218 0.138 0.075 0.034 0.013 0.006 0.003 0.001 0.000 0.000 0.000 0.000 0.000 0.000 0.000
1.885 1.679 1.585 1.789 1.668 1.500 1.500 1.500 1.500 1.593 1.922 2.398 1.531 1.316 1.522 1.584 1.543 1.770 2.303 2.488 2.464 2.599 3.019 3.645 4.246 4.580 4.895 5.441 5.341 5.384 5.414 5.714 6.101 6.103 5.795 5.190 4.549 4.174 3.769 3.558 3.448 3.470 3.408 3.128 2.871 2.799 2.791 2.765 2.637 2.376 2.204 2.158 1.980 1.739 1.416 1.163 0.956 0.803 0.755 0.666 0.525 0.386 0.254 0.165 0.093 0.044 0.018 0.007 0.004 0.002 0.000 0.000 0.000 0.000 0.000 0.000 0.000
1.993 1.770 1.636 1.775 1.780 1.803 1.524 1.500 1.500 1.681 1.785 2.255 1.253 1.284 1.622 1.553 1.531 1.672 2.089 2.597 2.589 2.587 2.880 3.499 3.987 4.408 4.880 5.532 5.527 5.704 5.779 5.785 6.014 6.192 6.007 5.343 4.681 4.252 3.963 3.695 3.532 3.481 3.353 3.098 2.944 2.898 2.904 2.845 2.594 2.492 2.448 2.285 2.023 1.778 1.536 1.296 1.071 0.894 0.799 0.707 0.583 0.450 0.301 0.194 0.114 0.057 0.024 0.009 0.004 0.002 0.000 0.000 0.000 0.000 0.000 0.000 0.000
2.144 1.843 1.730 1.607 1.648 1.762 1.729 1.501 1.573 1.793 1.737 2.046 1.253 1.317 1.678 1.392 1.528 1.762 2.093 2.532 2.752 2.675 2.876 3.348 3.790 4.198 4.715 5.327 5.622 5.853 5.925 5.910 6.199 6.443 6.236 5.583 4.835 4.239 4.043 3.786 3.611 3.499 3.381 3.141 2.990 2.957 2.939 2.850 2.826 2.725 2.492 2.270 2.112 1.900 1.723 1.500 1.192 0.976 0.848 0.760 0.639 0.508 0.358 0.227 0.136 0.071 0.032 0.013 0.005 0.003 0.001 0.000 0.000 0.000 0.000 0.000 0.000
2.406 1.937 1.802 1.677 1.572 1.517 1.713 1.557 1.761 1.894 1.990 1.699 1.355 1.412 1.744 1.500 1.500 1.733 2.023 2.499 2.850 2.875 2.909 3.233 3.535 3.939 4.456 4.992 5.569 5.878 5.987 6.119 6.392 6.562 6.445 5.984 5.198 4.382 4.048 3.826 3.630 3.546 3.431 3.227 3.034 2.939 2.970 3.072 3.005 2.721 2.487 2.378 2.241 2.021 1.882 1.645 1.286 1.055 0.914 0.816 0.688 0.567 0.423 0.265 0.162 0.088 0.042 0.018 0.008 0.004 0.002 0.000 0.000 0.000 0.000 0.000 0.000
2.614 1.969 1.853 1.763 1.629 1.567 1.545 1.583 1.822 1.971 1.770 1.776 1.500 1.511 1.760 1.718 1.500 1.669 2.027 2.480 2.843 2.993 2.947 3.052 3.328 3.665 4.164 4.732 5.364 5.814 6.065 6.259 6.467 6.708 6.657 6.281 5.502 4.665 4.087 3.821 3.644 3.538 3.449 3.253 3.059 3.116 3.199 3.099 2.906 2.781 2.629 2.459 2.308 2.140 2.001 1.862 1.500 1.159 0.990 0.878 0.744 0.629 0.497 0.308 0.193 0.110 0.055 0.024 0.010 0.005 0.002 0.000 0.000 0.000 0.000 0.000 0.000
2.734 1.999 1.937 1.834 1.698 1.605 1.575 1.586 1.820 1.945 1.799 1.549 1.500 1.550 1.626 1.603 1.669 1.815 1.914 2.351 2.751 2.975 2.985 2.977 3.151 3.395 3.855 4.478 5.125 5.663 6.058 6.339 6.542 6.729 6.798 6.524 5.843 5.003 4.157 3.854 3.715 3.565 3.358 3.287 3.252 3.200 3.114 3.009 2.957 2.873 2.752 2.551 2.398 2.237 2.055 2.033 1.675 1.500 1.074 0.956 0.806 0.675 0.561 0.360 0.229 0.134 0.069 0.032 0.014 0.007 0.003 0.001 0.000 0.000 0.000 0.000 0.000
2.907 2.169 2.007 1.889 1.759 1.633 1.591 1.619 1.784 1.902 1.818 1.675 1.562 1.570 1.510 1.500 1.745 1.925 1.919 2.174 2.606 2.917 3.049 3.084 3.002 3.145 3.512 4.151 4.849 5.452 5.977 6.395 6.605 6.829 7.020 6.826 6.184 5.276 4.359 3.920 3.724 3.544 3.535 3.473 3.207 2.970 3.022 3.117 3.055 2.947 2.810 2.651 2.500 2.322 2.111 2.152 1.918 1.500 1.155 1.047 0.878 0.728 0.617 0.423 0.270 0.165 0.089 0.042 0.018 0.009 0.004 0.002 0.000 0.000 0.000 0.000 0.000
3.124 2.306 2.032 1.953 1.826 1.661 1.597 1.626 1.762 1.925 1.860 1.746 1.642 1.563 1.540 1.500 1.740 1.898 1.884 2.005 2.467 2.854 3.107 3.202 3.059 2.857 3.136 3.765 4.512 5.234 5.846 6.345 6.729 6.997 7.190 7.040 6.433 5.575 4.674 3.925 3.765 3.737 3.603 3.266 3.090 3.062 3.052 3.115 3.107 2.970 2.872 2.765 2.599 2.416 2.222 2.196 1.972 1.582 1.500 1.158 0.984 0.794 0.673 0.490 0.313 0.201 0.113 0.055 0.023 0.011 0.006 0.002 0.000 0.000 0.000 0.000 0.000
3.252 2.402 2.064 2.026 1.895 1.715 1.630 1.641 1.732 2.015 1.857 1.760 1.721 1.649 1.594 1.551 1.661 1.721 1.776 1.903 2.359 2.759 3.100 3.237 3.097 2.846 2.837 3.379 4.144 4.972 5.684 6.246 6.700 7.013 7.206 7.100 6.706 6.018 5.180 4.349 3.925 3.630 3.314 3.208 3.223 3.163 3.097 3.093 3.084 3.024 2.939 2.839 2.690 2.502 2.321 2.149 1.850 1.782 1.585 1.500 1.115 0.888 0.741 0.562 0.354 0.239 0.141 0.072 0.031 0.014 0.007 0.003 0.001 0.000 0.000 0.000 0.000
3.303 2.517 2.111 2.086 1.973 1.834 1.706 1.650 1.744 2.048 1.859 1.771 1.786 1.732 1.657 1.597 1.665 1.584 1.566 1.804 2.290 2.639 3.047 3.230 3.185 2.957 2.635 2.993 3.713 4.582 5.431 6.119 6.586 6.903 7.178 7.392 7.268 6.683 5.680 4.566 3.824 3.525 3.435 3.316 3.216 3.204 3.152 3.095 3.057 3.020 2.982 2.877 2.727 2.576 2.425 2.210 1.945 1.808 1.861 1.500 1.500 1.026 0.840 0.642 0.396 0.280 0.178 0.094 0.042 0.019 0.009 0.004 0.002 0.000 0.000 0.000 0.000
3.304 2.634 2.155 2.145 2.053 1.935 1.811 1.692 1.681 1.963 1.776 1.743 1.805 1.776 1.707 1.641 1.716 1.598 1.502 1.806 2.328 2.579 2.952 3.190 3.214 3.047 2.733 2.744 3.367 4.221 5.114 5.918 6.519 6.985 7.307 7.571 7.415 6.767 5.828 4.861 3.982 3.683 3.494 3.334 3.195 3.174 3.127 3.119 3.075 3.019 2.965 2.910 2.792 2.683 2.533 2.313 2.104 1.790 1.627 1.655 1.500 1.188 0.974 0.738 0.442 0.326 0.217 0.121 0.058 0.026 0.011 0.005 0.003 0.001 0.000 0.000 0.000
3.215 2.718 2.242 2.146 2.097 2.018 1.914 1.768 1.687 1.774 1.713 1.707 1.809 1.833 1.751 1.633 1.508 1.500 1.517 1.968 2.632 2.679 2.877 3.265 3.380 3.257 2.866 2.512 3.011 3.830 4.774 5.591 6.198 6.709 7.231 7.513 7.367 6.976 6.306 5.325 4.344 3.787 3.555 3.410 3.225 3.107 3.093 3.080 3.035 3.036 2.973 2.933 2.883 2.802 2.633 2.369 2.150 1.903 1.637 1.517 1.550 1.500 1.145 0.861 0.517 0.372 0.257 0.157 0.081 0.036 0.016 0.007 0.003 0.001 0.000 0.000 0.000
2.949 2.664 2.168 2.148 2.109 2.058 1.968 1.859 1.756 1.698 1.682 1.700 1.820 1.910 1.807 1.622 1.564 1.534 1.734 2.999 3.715 2.890 2.868 3.197 3.374 3.298 2.895 2.498 2.678 3.358 4.302 5.196 5.900 6.483 7.173 7.495 7.528 7.226 6.625 5.841 4.799 3.928 3.729 3.536 3.278 3.082 2.981 2.975 3.052 3.067 3.008 2.890 2.879 2.911 2.726 2.450 2.137 1.981 1.830 1.569 1.542 1.529 1.500 1.027 0.623 0.420 0.304 0.200 0.112 0.053 0.024 0.010 0.004 0.002 0.000 0.000 0.000
2.488 2.394 2.093 2.161 2.150 2.110 2.019 1.935 1.836 1.699 1.693 1.693 1.864 2.049 1.932 1.742 1.799 1.736 1.711 2.368 2.874 2.079 2.464 2.950 3.251 3.273 2.965 2.585 2.447 2.966 3.810 4.832 5.689 6.371 7.029 7.511 7.639 7.305 6.850 6.163 5.244 4.255 3.844 3.545 3.455 3.227 2.983 2.944 3.054 3.065 3.000 2.864 2.898 2.911 2.819 2.628 2.348 2.163 1.954 1.725 1.500 1.646 1.500 1.237 0.759 0.471 0.351 0.246 0.149 0.077 0.035 0.015 0.006 0.003 0.001 0.000 0.000
2.062 2.082 2.034 2.125 2.202 2.149 2.081 2.012 1.921 1.769 1.822 1.814 2.060 2.040 1.875 1.687 1.608 1.500 1.500 1.500 1.779 1.669 2.284 2.764 3.212 3.341 3.118 2.677 2.361 2.709 3.402 4.386 5.389 6.167 6.812 7.535 7.680 7.333 6.866 6.402 5.487 4.471 4.047 3.795 3.573 3.248 3.135 3.086 3.030 3.078 2.991 2.961 2.933 2.888 2.877 2.772 2.591 2.315 2.089 1.844 1.598 1.500 1.585 1.500 0.936 0.542 0.401 0.289 0.188 0.107 0.052 0.022 0.009 0.004 0.002 0.000 0.000
1.837 1.914 1.980 2.039 2.127 2.201 2.246 2.191 2.060 1.827 1.804 1.727 1.671 1.698 1.727 1.684 1.618 1.553 1.500 1.500 1.500 1.660 2.335 2.579 3.137 3.383 3.186 2.744 2.416 2.489 3.058 3.942 4.932 5.808 6.677 7.426 7.611 7.401 7.055 6.404 5.713 5.022 4.090 3.820 3.651 3.445 3.302 3.198 3.076 3.101 3.071 3.037 2.997 2.933 2.861 2.814 2.698 2.459 2.218 1.984 1.697 1.500 1.500 1.681 1.142 0.631 0.458 0.330 0.225 0.136 0.072 0.034 0.014 0.006 0.002 0.000 0.000
1.732 1.847 1.916 2.002 2.176 2.350 2.412 2.270 2.062 1.862 1.593 1.500 1.500 1.697 1.783 1.723 1.694 1.606 1.500 1.500 1.500 1.562 2.156 2.316 2.966 3.391 3.190 2.827 2.484 2.324 2.792 3.544 4.469 5.440 6.439 7.155 7.360 7.391 7.255 6.745 6.001 5.158 4.394 4.108 3.960 3.658 3.374 3.198 3.175 3.123 3.158 3.097 3.037 2.946 2.930 2.892 2.747 2.604 2.331 2.069 1.793 1.538 1.500 1.625 1.500 0.821 0.533 0.381 0.260 0.166 0.100 0.049 0.021 0.010 0.004 0.000 0.000
1.746 1.830 1.941 1.977 2.185 2.320 2.342 2.298 2.190 2.007 1.706 1.533 1.500 1.578 1.725 1.741 1.708 1.617 1.632 1.500 1.500 1.549 1.699 2.068 2.763 3.297 3.185 2.828 2.548 2.365 2.559 3.209 4.002 5.011 6.095 6.801 7.161 7.403 7.233 7.221 6.382 5.570 4.840 4.308 4.152 3.891 3.475 3.195 3.198 3.162 3.137 3.207 3.074 3.003 3.045 2.985 2.770 2.636 2.447 2.176 1.906 1.642 1.500 1.555 1.585 1.065 0.622 0.442 0.301 0.204 0.128 0.067 0.031 0.014 0.006 0.001 0.000
1.680 1.640 1.709 1.831 1.993 2.265 2.448 2.486 2.354 2.142 1.820 1.571 1.500 1.500 1.616 1.773 1.737 1.682 1.604 1.520 1.500 1.571 1.678 1.880 2.518 3.120 3.214 2.836 2.570 2.395 2.445 2.953 3.586 4.493 5.577 6.463 6.984 7.185 7.463 7.503 6.908 6.228 5.209 4.567 4.239 4.001 3.575 3.290 3.204 3.173 3.045 3.197 3.215 3.111 3.059 3.022 2.898 2.733 2.571 2.333 2.051 1.733 1.529 1.536 1.540 1.500 0.751 0.520 0.362 0.244 0.156 0.091 0.044 0.020 0.008 0.002 0.000
1.500 1.500 1.561 1.749 1.978 2.296 2.536 2.600 2.478 2.268 1.948 1.632 1.526 1.516 1.553 1.759 1.761 1.726 1.623 1.517 1.503 1.579 1.696 1.820 2.258 2.933 3.200 2.877 2.559 2.399 2.489 2.679 3.256 3.965 4.926 6.042 6.804 7.303 7.620 7.631 7.448 6.552 5.639 4.893 4.364 4.044 3.693 3.324 3.178 3.115 2.998 3.054 3.246 3.247 3.149 3.119 3.154 2.901 2.731 2.480 2.188 1.883 1.631 1.500 1.581 1.500 1.500 0.636 0.436 0.290 0.197 0.121 0.061 0.028 0.012 0.003 0.000
1.515 1.500 1.540 1.721 1.974 2.260 2.549 2.645 2.597 2.391 2.060 1.730 1.562 1.539 1.550 1.691 1.819 1.749 1.681 1.581 1.528 1.580 1.724 1.821 2.036 2.702 3.069 2.966 2.573 2.423 2.474 2.604 3.010 3.531 4.273 5.351 6.633 7.447 7.759 7.891 7.622 6.812 5.964 5.063 4.636 4.198 3.730 3.333 3.025 2.960 2.992 3.043 3.211 3.336 3.344 3.329 3.270 3.079 2.930 2.649 2.379 2.058 1.748 1.517 1.500 1.500 1.500 0.746 0.529 0.366 0.254 0.158 0.082 0.037 0.016 0.005 0.000
1.550 1.506 1.517 1.629 1.957 2.207 2.467 2.627 2.632 2.443 2.189 1.850 1.649 1.550 1.560 1.694 1.820 1.790 1.740 1.634 1.563 1.586 1.750 1.842 1.900 2.429 2.875 2.992 2.663 2.428 2.412 2.683 2.764 3.203 3.767 4.752 6.241 7.339 7.833 7.818 7.733 7.223 6.225 5.241 4.634 4.043 3.846 3.510 3.021 2.839 3.037 3.200 3.248 3.350 3.496 3.419 3.304 3.259 3.153 2.907 2.593 2.233 1.912 1.660 1.525 1.551 1.500 1.500 0.656 0.454 0.315 0.201 0.108 0.050 0.021 0.006 0.001
1.577 1.523 1.500 1.500 1.910 2.136 2.288 2.497 2.568 2.460 2.252 1.983 1.747 1.601 1.596 1.703 1.825 1.809 1.793 1.694 1.613 1.610 1.757 1.882 1.902 2.182 2.622 2.898 2.764 2.460 2.424 2.671 2.645 2.949 3.392 4.266 5.595 6.783 7.627 8.031 8.010 7.390 6.427 5.361 4.604 4.250 4.040 3.557 3.166 2.980 3.172 3.275 3.288 3.405 3.519 3.504 3.464 3.464 3.281 3.099 2.784 2.422 2.098 1.787 1.502 1.500 1.500 1.500 0.824 0.554 0.380 0.251 0.142 0.067 0.027 0.008 0.002
1.655 1.529 1.500 1.500 1.720 1.953 2.094 2.350 2.397 2.359 2.245 2.079 1.846 1.692 1.648 1.727 1.847 1.858 1.810 1.746 1.679 1.639 1.753 1.915 1.936 2.010 2.349 2.741 2.814 2.550 2.462 2.585 2.609 2.597 3.124 3.763 4.857 6.235 7.278 7.951 8.170 7.770 6.730 5.751 5.009 4.466 4.049 3.754 3.382 3.121 3.142 3.230 3.330 3.483 3.538 3.580 3.594 3.524 3.373 3.234 2.961 2.645 2.262 1.910 1.643 1.500 1.500 1.500 1.500 0.666 0.464 0.312 0.186 0.091 0.036 0.012 0.003
1.717 1.571 1.526 1.500 1.505 1.745 1.930 2.146 2.260 2.292 2.168 2.054 1.906 1.779 1.742 1.747 1.850 1.886 1.807 1.809 1.747 1.678 1.746 1.935 1.986 1.952 2.121 2.517 2.776 2.627 2.519 2.531 2.528 2.464 2.872 3.358 4.170 5.424 6.695 7.780 8.173 8.010 7.334 6.022 4.927 4.761 4.558 4.259 3.725 3.147 3.067 3.180 3.318 3.470 3.562 3.618 3.624 3.589 3.523 3.371 3.133 2.838 2.437 2.082 1.791 1.546 1.500 1.500 1.527 0.801 0.565 0.383 0.238 0.122 0.049 0.017 0.004
1.735 1.576 1.542 1.500 1.500 1.552 1.762 1.993 2.176 2.173 2.030 1.880 1.909 1.904 1.832 1.778 1.842 1.934 1.807 1.868 1.803 1.739 1.744 1.938 2.028 2.006 1.961 2.234 2.574 2.633 2.549 2.510 2.486 2.531 2.567 3.056 3.713 4.744 5.945 6.793 7.779 8.085 7.328 6.420 5.823 5.505 5.047 4.653 4.113 3.390 3.053 3.113 3.261 3.395 3.516 3.617 3.659 3.685 3.668 3.542 3.302 2.999 2.642 2.250 1.929 1.692 1.500 1.500 1.502 1.500 0.683 0.474 0.302 0.162 0.067 0.022 0.006
1.654 1.562 1.584 1.544 1.515 1.507 1.607 1.799 1.984 2.038 1.931 1.739 1.712 1.904 1.895 1.763 1.815 1.962 1.866 1.854 1.855 1.825 1.783 1.918 2.061 2.075 1.867 1.961 2.221 2.535 2.547 2.471 2.509 2.541 2.467 2.756 3.362 4.250 5.261 6.127 7.318 7.860 7.500 6.808 6.158 5.805 5.471 5.021 4.478 3.758 3.032 3.019 3.169 3.306 3.451 3.588 3.688 3.768 3.761 3.673 3.481 3.191 2.834 2.430 2.081 1.821 1.589 1.500 1.500 1.500 0.825 0.587 0.380 0.214 0.093 0.030 0.010
1.514 1.576 1.617 1.607 1.570 1.545 1.566 1.643 1.734 1.894 1.868 1.778 1.659 1.589 1.735 1.706 1.793 1.929 1.869 1.837 1.914 1.892 1.836 1.889 2.090 2.141 1.853 1.775 1.857 2.370 2.509 2.420 2.431 2.451 2.443 2.515 3.105 3.879 4.699 5.461 6.665 7.514 7.469 6.969 6.282 5.879 5.630 5.277 4.838 4.130 3.335 2.940 3.063 3.229 3.408 3.572 3.715 3.800 3.806 3.781 3.631 3.377 3.032 2.632 2.231 1.949 1.709 1.512 1.500 1.500 1.500 0.711 0.485 0.283 0.129 0.042 0.014
1.536 1.609 1.655 1.653 1.623 1.580 1.582 1.634 1.708 1.799 1.843 1.824 1.719 1.591 1.524 1.626 1.715 1.851 1.828 1.837 1.927 1.939 1.894 1.872 2.106 2.192 1.888 1.679 1.637 2.094 2.353 2.296 2.251 2.296 2.383 2.365 2.854 3.599 4.233 4.851 5.985 6.837 7.145 6.842 6.274 5.995 5.795 5.635 5.194 4.497 3.690 2.958 2.950 3.143 3.340 3.536 3.694 3.797 3.861 3.826 3.736 3.530 3.238 2.826 2.411 2.084 1.849 1.691 1.500 1.500 1.500 0.870 0.615 0.372 0.181 0.060 0.018
1.569 1.645 1.698 1.720 1.684 1.612 1.608 1.645 1.706 1.787 1.853 1.865 1.772 1.653 1.566 1.510 1.629 1.822 1.783 1.819 1.928 1.985 1.950 1.910 2.116 2.237 1.932 1.611 1.556 1.776 2.066 2.147 2.028 2.046 2.205 2.280 2.570 3.367 3.898 4.318 5.336 6.218 6.702 6.618 6.183 6.084 6.069 5.844 5.436 4.906 4.079 3.255 2.799 2.996 3.242 3.479 3.651 3.779 3.869 3.881 3.819 3.690 3.430 3.038 2.594 2.229 1.981 1.744 1.509 1.500 1.500 1.500 0.761 0.498 0.255 0.085 0.024
1.563 1.666 1.753 1.805 1.741 1.648 1.620 1.640 1.707 1.779 1.865 1.912 1.848 1.741 1.619 1.532 1.605 1.802 1.733 1.791 1.935 2.001 2.009 1.981 2.117 2.285 2.001 1.533 1.513 1.559 1.698 1.859 1.803 1.817 2.027 2.226 2.414 3.231 3.633 3.976 4.819 5.551 6.073 6.239 5.975 6.051 6.085 5.874 5.693 5.276 4.475 3.588 2.846 2.822 3.106 3.384 3.613 3.770 3.864 3.932 3.907 3.809 3.589 3.228 2.773 2.366 2.106 1.889 1.641 1.500 1.500 1.500 0.900 0.654 0.360 0.125 0.032
