data/IdealizedTopo/Outputs_IdealizedTopo_V1/1HS_01_curv91s_MoT-Voellmy_s_max.asc
ncols        1001
nrows        301
xllcorner    997.5
yllcorner    -5002.5
cellsize     5.00
NODATA_value -9999
[rows 132 to 164 of 301, columns 74 to 147 of 1001]
0.000 0.000 0.000 0.000 0.000 0.000 0.000 0.000 0.000 0.000 0.000 0.000 0.000 0.000 0.000 0.000 0.000 0.000 0.000 0.000 0.000 0.000 0.000 0.000 0.000 0.000 0.000 0.000 0.000 0.000 0.000 0.000 0.000 0.000 0.000 0.000 0.000 0.000 0.000 0.000 0.000 0.000 0.000 0.000 0.000 0.000 0.000 0.000 0.000 0.000 0.000 0.000 0.000 0.000 0.000 0.000 0.000 0.000 0.000 0.000 0.000 0.000 0.000 0.000 0.000 0.000 0.000 0.000 0.000 0.000 0.000 0.000 0.000 0.000
1.952 1.709 1.502 1.321 1.160 1.018 0.890 0.775 0.636 0.242 0.007 0.000 0.000 0.000 0.000 0.000 0.000 0.000 0.000 0.000 0.000 0.000 0.000 0.000 0.000 0.000 0.000 0.000 0.000 0.000 0.000 0.000 0.000 0.000 0.000 0.000 0.000 0.000 0.000 0.000 0.000 0.000 0.000 0.000 0.000 0.000 0.000 0.000 0.000 0.000 0.000 0.000 0.000 0.000 0.000 0.000 0.000 0.000 0.000 0.000 0.000 0.000 0.000 0.000 0.000 0.000 0.000 0.000 0.000 0.000 0.000 0.000 0.000 0.000
8.320 7.799 7.267 6.729 6.191 5.657 5.132 4.616 4.112 3.623 3.159 2.729 2.354 2.026 1.718 1.462 1.247 1.062 0.903 0.766 0.647 0.544 0.450 0.212 0.010 0.000 0.000 0.000 0.000 0.000 0.000 0.000 0.000 0.000 0.000 0.000 0.000 0.000 0.000 0.000 0.000 0.000 0.000 0.000 0.000 0.000 0.000 0.000 0.000 0.000 0.000 0.000 0.000 0.000 0.000 0.000 0.000 0.000 0.000 0.000 0.000 0.000 0.000 0.000 0.000 0.000 0.000 0.000 0.000 0.000 0.000 0.000 0.000 0.000
12.624 12.303 11.954 11.568 11.140 10.666 10.150 9.597 9.016 8.413 7.797 7.177 6.559 5.952 5.361 4.795 4.281 3.825 3.407 3.021 2.660 2.317 2.015 1.726 1.473 1.252 1.060 0.893 0.748 0.624 0.518 0.428 0.345 0.140 0.004 0.000 0.000 0.000 0.000 0.000 0.000 0.000 0.000 0.000 0.000 0.000 0.000 0.000 0.000 0.000 0.000 0.000 0.000 0.000 0.000 0.000 0.000 0.000 0.000 0.000 0.000 0.000 0.000 0.000 0.000 0.000 0.000 0.000 0.000 0.000 0.000 0.000 0.000 0.000
15.537 15.306 15.154 15.070 14.989 14.904 14.782 14.607 14.364 14.048 13.663 13.198 12.655 12.031 11.342 10.581 9.764 8.902 8.017 7.276 6.651 6.027 5.416 4.824 4.270 3.763 3.305 2.892 2.519 2.186 1.873 1.596 1.352 1.140 0.956 0.798 0.663 0.548 0.450 0.368 0.219 0.019 0.000 0.000 0.000 0.000 0.000 0.000 0.000 0.000 0.000 0.000 0.000 0.000 0.000 0.000 0.000 0.000 0.000 0.000 0.000 0.000 0.000 0.000 0.000 0.000 0.000 0.000 0.000 0.000 0.000 0.000 0.000 0.000
18.063 17.895 17.713 17.518 17.309 17.086 16.847 16.592 16.319 16.027 15.716 15.384 15.031 14.656 14.258 13.837 13.396 12.956 12.470 11.942 11.372 10.775 10.167 9.533 8.875 8.202 7.520 6.839 6.169 5.519 4.897 4.314 3.776 3.291 2.855 2.456 2.109 1.785 1.504 1.264 1.058 0.882 0.732 0.604 0.497 0.407 0.306 0.073 0.001 0.000 0.000 0.000 0.000 0.000 0.000 0.000 0.000 0.000 0.000 0.000 0.000 0.000 0.000 0.000 0.000 0.000 0.000 0.000 0.000 0.000 0.000 0.000 0.000 0.000
19.513 19.419 19.315 19.200 19.073 18.935 18.785 18.621 18.444 18.252 18.045 17.823 17.585 17.330 17.059 16.772 16.468 16.144 15.802 15.462 15.090 14.683 14.241 13.759 13.235 12.670 12.096 11.500 10.874 10.221 9.543 8.845 8.131 7.414 6.702 6.003 5.329 4.691 4.100 3.566 3.085 2.647 2.267 1.909 1.603 1.343 1.123 0.935 0.776 0.641 0.528 0.432 0.342 0.120 0.003 0.000 0.000 0.000 0.000 0.000 0.000 0.000 0.000 0.000 0.000 0.000 0.000 0.000 0.000 0.000 0.000 0.000 0.000 0.000
20.912 20.874 20.829 20.774 20.710 20.635 20.551 20.456 20.349 20.232 20.103 19.961 19.806 19.637 19.455 19.259 19.047 18.819 18.575 18.314 18.036 17.738 17.421 17.082 16.721 16.336 15.926 15.491 15.027 14.535 14.013 13.461 12.877 12.262 11.618 10.945 10.242 9.515 8.769 8.013 7.257 6.508 5.780 5.084 4.440 3.855 3.328 2.849 2.435 2.048 1.713 1.434 1.198 0.999 0.830 0.688 0.567 0.466 0.380 0.194 0.011 0.000 0.000 0.000 0.000 0.000 0.000 0.000 0.000 0.000 0.000 0.000 0.000 0.000
22.265 22.233 22.196 22.152 22.104 22.049 21.988 21.921 21.846 21.765 21.676 21.579 21.475 21.361 21.238 21.105 20.962 20.809 20.644 20.467 20.278 20.075 19.859 19.627 19.380 19.117 18.835 18.535 18.214 17.873 17.510 17.123 16.713 16.278 15.816 15.325 14.804 14.252 13.669 13.054 12.407 11.727 11.014 10.272 9.508 8.729 7.943 7.153 6.377 5.628 4.928 4.289 3.709 3.181 2.702 2.300 1.921 1.606 1.343 1.122 0.936 0.778 0.645 0.532 0.438 0.332 0.082 0.001 0.000 0.000 0.000 0.000 0.000 0.000
22.710 22.722 22.729 22.731 22.728 22.721 22.708 22.691 22.668 22.640 22.607 22.568 22.524 22.474 22.417 22.360 22.300 22.229 22.150 22.060 21.959 21.846 21.722 21.586 21.437 21.275 21.098 20.908 20.701 20.480 20.241 19.986 19.713 19.420 19.109 18.778 18.426 18.051 17.654 17.232 16.785 16.311 15.808 15.276 14.713 14.120 13.493 12.830 12.133 11.403 10.647 9.868 9.072 8.259 7.440 6.630 5.857 5.137 4.475 3.869 3.313 2.810 2.395 1.994 1.666 1.394 1.167 0.975 0.813 0.677 0.561 0.464 0.367 0.122
23.741 23.777 23.812 23.840 23.864 23.882 23.895 23.903 23.907 23.905 23.898 23.887 23.870 23.849 23.821 23.789 23.750 23.706 23.656 23.599 23.536 23.465 23.388 23.302 23.208 23.107 22.995 22.875 22.744 22.603 22.451 22.287 22.112 21.924 21.723 21.508 21.280 21.036 20.778 20.503 20.212 19.904 19.577 19.231 18.865 18.478 18.068 17.634 17.175 16.692 16.183 15.646 15.079 14.478 13.843 13.175 12.479 11.759 11.015 10.236 9.427 8.593 7.756 6.942 6.168 5.441 4.760 4.123 3.534 2.997 2.543 2.137 1.778 1.487
24.111 24.155 24.197 24.236 24.273 24.307 24.339 24.368 24.394 24.419 24.440 24.459 24.475 24.488 24.498 24.505 24.509 24.510 24.507 24.500 24.489 24.474 24.455 24.430 24.400 24.364 24.322 24.274 24.219 24.156 24.085 24.006 23.918 23.821 23.715 23.598 23.471 23.334 23.185 23.025 22.854 22.671 22.476 22.268 22.048 21.815 21.569 21.308 21.034 20.745 20.442 20.124 19.790 19.438 19.069 18.684 18.283 17.865 17.425 16.962 16.472 15.958 15.422 14.870 14.309 13.725 13.102 12.432 11.715 10.961 10.186 9.407 8.636 7.879
24.362 24.441 24.518 24.593 24.668 24.739 24.808 24.876 24.941 25.004 25.064 25.121 25.176 25.227 25.276 25.320 25.362 25.400 25.435 25.465 25.492 25.515 25.534 25.548 25.558 25.563 25.564 25.559 25.550 25.535 25.515 25.489 25.457 25.420 25.376 25.325 25.268 25.204 25.133 25.055 24.970 24.877 24.777 24.669 24.554 24.431 24.300 24.162 24.016 23.863 23.702 23.534 23.359 23.177 22.988 22.793 22.592 22.386 22.173 21.955 21.755 21.570 21.410 21.266 21.129 20.997 20.864 20.729 20.588 20.443 20.288 20.131 19.963 19.790
25.055 25.133 25.207 25.279 25.350 25.417 25.482 25.546 25.607 25.666 25.725 25.781 25.834 25.887 25.938 25.988 26.036 26.082 26.127 26.171 26.213 26.253 26.292 26.330 26.366 26.400 26.432 26.462 26.490 26.516 26.539 26.559 26.577 26.591 26.602 26.610 26.614 26.614 26.611 26.603 26.591 26.574 26.553 26.528 26.498 26.464 26.425 26.381 26.334 26.282 26.227 26.168 26.106 26.041 25.974 25.905 25.836 25.769 25.711 25.675 25.666 25.681 25.707 25.737 25.768 25.798 25.824 25.844 25.858 25.865 25.863 25.853 25.834 25.806
24.816 24.905 24.995 25.084 25.173 25.264 25.354 25.443 25.534 25.625 25.714 25.805 25.896 25.985 26.076 26.165 26.254 26.343 26.432 26.519 26.606 26.691 26.776 26.859 26.940 27.020 27.098 27.175 27.249 27.321 27.391 27.458 27.523 27.585 27.644 27.700 27.753 27.803 27.850 27.894 27.934 27.972 28.006 28.037 28.065 28.090 28.113 28.132 28.149 28.164 28.177 28.188 28.198 28.207 28.218 28.230 28.248 28.274 28.309 28.356 28.420 28.491 28.562 28.629 28.691 28.746 28.793 28.832 28.865 28.898 28.934 28.975 29.022 29.075
25.481 25.590 25.696 25.803 25.906 26.010 26.111 26.212 26.311 26.409 26.505 26.600 26.694 26.786 26.878 26.968 27.057 27.145 27.232 27.317 27.402 27.485 27.568 27.649 27.730 27.809 27.888 27.966 28.043 28.120 28.195 28.270 28.344 28.417 28.490 28.561 28.632 28.702 28.771 28.840 28.907 28.973 29.038 29.103 29.167 29.229 29.291 29.352 29.413 29.472 29.532 29.591 29.651 29.710 29.770 29.831 29.893 29.957 30.026 30.100 30.176 30.257 30.342 30.430 30.521 30.614 30.712 30.815 30.923 31.034 31.149 31.264 31.378 31.488
25.262 25.361 25.460 25.557 25.655 25.752 25.848 25.946 26.043 26.140 26.238 26.335 26.434 26.533 26.632 26.732 26.833 26.934 27.036 27.139 27.244 27.349 27.455 27.562 27.670 27.780 27.891 28.003 28.115 28.229 28.343 28.458 28.573 28.689 28.804 28.921 29.037 29.153 29.269 29.385 29.501 29.616 29.732 29.847 29.961 30.075 30.189 30.303 30.416 30.530 30.642 30.756 30.869 30.982 31.096 31.210 31.324 31.439 31.555 31.671 31.788 31.907 32.025 32.145 32.266 32.387 32.510 32.634 32.759 32.886 33.010 33.131 33.246 33.360
25.705 25.828 25.949 26.071 26.191 26.310 26.430 26.548 26.667 26.783 26.901 27.017 27.134 27.249 27.365 27.479 27.594 27.708 27.822 27.935 28.048 28.161 28.274 28.386 28.499 28.610 28.723 28.834 28.946 29.057 29.168 29.281 29.392 29.504 29.616 29.729 29.841 29.954 30.068 30.181 30.295 30.410 30.525 30.641 30.757 30.874 30.991 31.109 31.227 31.346 31.465 31.584 31.704 31.823 31.943 32.062 32.182 32.301 32.419 32.537 32.653 32.769 32.884 32.997 33.108 33.218 33.324 33.426 33.531 33.649 33.767 33.884 34.000 34.115
25.526 25.633 25.739 25.843 25.949 26.053 26.157 26.261 26.366 26.470 26.574 26.680 26.786 26.892 26.999 27.107 27.216 27.326 27.437 27.549 27.663 27.778 27.894 28.011 28.130 28.249 28.370 28.492 28.616 28.740 28.865 28.991 29.118 29.246 29.374 29.503 29.632 29.762 29.893 30.023 30.155 30.290 30.439 30.589 30.739 30.890 31.041 31.193 31.345 31.497 31.649 31.801 31.953 32.105 32.257 32.409 32.560 32.710 32.860 33.010 33.159 33.306 33.451 33.594 33.735 33.874 34.011 34.146 34.279 34.410 34.539 34.666 34.791 34.914
25.705 25.828 25.949 26.070 26.191 26.310 26.430 26.548 26.667 26.783 26.901 27.017 27.134 27.249 27.365 27.479 27.594 27.708 27.822 27.935 28.048 28.161 28.274 28.386 28.499 28.610 28.722 28.834 28.945 29.057 29.168 29.280 29.392 29.503 29.616 29.728 29.840 29.953 30.067 30.180 30.294 30.409 30.524 30.640 30.756 30.873 30.990 31.108 31.226 31.344 31.463 31.583 31.702 31.822 31.942 32.061 32.180 32.299 32.418 32.535 32.652 32.768 32.882 32.996 33.107 33.217 33.323 33.425 33.530 33.648 33.766 33.883 33.999 34.113
25.261 25.360 25.459 25.556 25.654 25.751 25.848 25.945 26.042 26.139 26.237 26.334 26.433 26.532 26.631 26.731 26.831 26.933 27.035 27.138 27.242 27.347 27.454 27.561 27.669 27.779 27.890 28.002 28.114 28.228 28.342 28.457 28.572 28.688 28.803 28.920 29.036 29.152 29.268 29.384 29.500 29.615 29.730 29.845 29.960 30.074 30.188 30.301 30.415 30.528 30.641 30.754 30.867 30.980 31.094 31.208 31.322 31.437 31.553 31.669 31.786 31.904 32.023 32.143 32.263 32.385 32.508 32.632 32.757 32.883 33.008 33.128 33.244 33.358
25.480 25.590 25.696 25.802 25.905 26.010 26.110 26.212 26.310 26.408 26.505 26.599 26.694 26.785 26.877 26.968 27.056 27.144 27.231 27.316 27.401 27.484 27.566 27.648 27.728 27.808 27.887 27.964 28.041 28.118 28.194 28.268 28.342 28.415 28.488 28.559 28.630 28.700 28.769 28.837 28.905 28.971 29.036 29.101 29.164 29.227 29.289 29.350 29.410 29.470 29.529 29.589 29.648 29.707 29.767 29.828 29.890 29.955 30.023 30.097 30.174 30.254 30.339 30.427 30.518 30.612 30.709 30.812 30.920 31.032 31.147 31.262 31.376 31.487
24.816 24.904 24.994 25.084 25.173 25.263 25.353 25.443 25.534 25.624 25.714 25.805 25.895 25.985 26.075 26.165 26.253 26.343 26.431 26.518 26.605 26.690 26.775 26.858 26.939 27.019 27.097 27.174 27.248 27.320 27.389 27.457 27.521 27.583 27.642 27.698 27.751 27.801 27.848 27.892 27.932 27.970 28.004 28.035 28.063 28.088 28.110 28.129 28.146 28.161 28.174 28.185 28.195 28.204 28.215 28.227 28.245 28.270 28.306 28.353 28.416 28.487 28.559 28.626 28.688 28.743 28.789 28.828 28.862 28.895 28.931 28.972 29.019 29.072
25.054 25.132 25.206 25.278 25.349 25.416 25.481 25.545 25.606 25.665 25.723 25.779 25.833 25.886 25.937 25.986 26.034 26.080 26.126 26.169 26.211 26.252 26.291 26.328 26.364 26.398 26.430 26.460 26.488 26.513 26.537 26.557 26.574 26.589 26.600 26.608 26.612 26.612 26.608 26.600 26.588 26.572 26.551 26.525 26.495 26.461 26.422 26.379 26.331 26.280 26.224 26.166 26.103 26.038 25.971 25.903 25.834 25.766 25.708 25.673 25.663 25.679 25.705 25.735 25.765 25.795 25.821 25.841 25.855 25.862 25.860 25.850 25.831 25.802
24.362 24.441 24.518 24.593 24.668 24.739 24.808 24.876 24.941 25.004 25.064 25.121 25.176 25.226 25.275 25.320 25.362 25.400 25.434 25.465 25.491 25.514 25.533 25.547 25.557 25.562 25.563 25.558 25.549 25.534 25.514 25.488 25.456 25.418 25.374 25.323 25.266 25.202 25.131 25.053 24.968 24.875 24.775 24.667 24.552 24.429 24.299 24.160 24.015 23.861 23.701 23.533 23.358 23.176 22.987 22.792 22.591 22.385 22.173 21.955 21.755 21.570 21.410 21.267 21.130 20.998 20.866 20.731 20.590 20.445 20.291 20.134 19.967 19.795
24.109 24.153 24.195 24.235 24.271 24.305 24.337 24.367 24.392 24.417 24.438 24.457 24.473 24.486 24.496 24.503 24.507 24.508 24.504 24.498 24.487 24.472 24.452 24.428 24.398 24.362 24.320 24.272 24.216 24.154 24.083 24.004 23.917 23.820 23.713 23.596 23.470 23.332 23.184 23.024 22.853 22.670 22.475 22.268 22.048 21.815 21.569 21.308 21.034 20.746 20.443 20.126 19.791 19.440 19.072 18.687 18.286 17.868 17.430 16.966 16.478 15.964 15.428 14.877 14.316 13.734 13.111 12.443 11.726 10.973 10.199 9.420 8.649 7.893
23.741 23.778 23.812 23.840 23.864 23.882 23.895 23.903 23.907 23.905 23.898 23.887 23.870 23.848 23.820 23.788 23.750 23.706 23.655 23.598 23.535 23.464 23.387 23.301 23.207 23.106 22.994 22.874 22.743 22.602 22.450 22.287 22.111 21.923 21.722 21.508 21.280 21.036 20.778 20.504 20.213 19.905 19.578 19.232 18.867 18.480 18.071 17.637 17.179 16.696 16.188 15.652 15.085 14.485 13.850 13.184 12.488 11.769 11.025 10.247 9.439 8.605 7.768 6.954 6.179 5.451 4.769 4.132 3.542 3.005 2.544 2.142 1.782 1.491
22.708 22.720 22.727 22.729 22.726 22.719 22.706 22.689 22.666 22.638 22.605 22.566 22.523 22.472 22.415 22.359 22.299 22.229 22.149 22.059 21.958 21.846 21.722 21.585 21.437 21.275 21.098 20.908 20.702 20.480 20.242 19.987 19.714 19.422 19.111 18.780 18.428 18.054 17.657 17.236 16.789 16.316 15.813 15.281 14.719 14.126 13.500 12.839 12.142 11.413 10.657 9.879 9.083 8.270 7.451 6.641 5.867 5.147 4.484 3.877 3.321 2.816 2.400 1.999 1.670 1.398 1.170 0.978 0.815 0.678 0.562 0.465 0.369 0.125
22.264 22.231 22.195 22.151 22.103 22.048 21.987 21.920 21.845 21.764 21.676 21.578 21.474 21.360 21.237 21.105 20.962 20.808 20.644 20.467 20.278 20.075 19.859 19.628 19.381 19.117 18.836 18.536 18.216 17.875 17.512 17.126 16.717 16.282 15.821 15.330 14.810 14.258 13.676 13.062 12.415 11.735 11.023 10.282 9.519 8.740 7.953 7.164 6.388 5.638 4.937 4.297 3.716 3.188 2.708 2.306 1.926 1.610 1.346 1.125 0.938 0.779 0.646 0.534 0.439 0.334 0.084 0.001 0.000 0.000 0.000 0.000 0.000 0.000
20.912 20.875 20.830 20.775 20.710 20.636 20.552 20.457 20.350 20.232 20.104 19.962 19.807 19.638 19.457 19.260 19.049 18.821 18.577 18.316 18.038 17.741 17.423 17.085 16.725 16.340 15.931 15.495 15.032 14.541 14.020 13.467 12.884 12.271 11.627 10.954 10.252 9.525 8.779 8.024 7.268 6.518 5.790 5.094 4.448 3.863 3.334 2.855 2.439 2.053 1.717 1.437 1.201 1.001 0.832 0.689 0.568 0.467 0.381 0.197 0.011 0.000 0.000 0.000 0.000 0.000 0.000 0.000 0.000 0.000 0.000 0.000 0.000 0.000
19.512 19.418 19.314 19.199 19.073 18.935 18.785 18.621 18.444 18.252 18.046 17.824 17.586 17.332 17.060 16.774 16.471 16.147 15.803 15.463 15.092 14.685 14.244 13.762 13.239 12.674 12.103 11.508 10.883 10.231 9.553 8.855 8.142 7.424 6.712 6.013 5.338 4.700 4.108 3.573 3.091 2.653 2.272 1.913 1.607 1.346 1.125 0.937 0.778 0.643 0.529 0.433 0.343 0.122 0.003 0.000 0.000 0.000 0.000 0.000 0.000 0.000 0.000 0.000 0.000 0.000 0.000 0.000 0.000 0.000 0.000 0.000 0.000 0.000
18.064 17.896 17.714 17.519 17.311 17.087 16.849 16.594 16.321 16.030 15.719 15.387 15.035 14.660 14.263 13.842 13.399 12.959 12.473 11.946 11.376 10.783 10.176 9.542 8.885 8.212 7.530 6.850 6.179 5.528 4.906 4.322 3.784 3.298 2.861 2.461 2.113 1.789 1.508 1.267 1.060 0.884 0.733 0.606 0.498 0.408 0.308 0.075 0.001 0.000 0.000 0.000 0.000 0.000 0.000 0.000 0.000 0.000 0.000 0.000 0.000 0.000 0.000 0.000 0.000 0.000 0.000 0.000 0.000 0.000 0.000 0.000 0.000 0.000
15.539 15.309 15.152 15.067 14.986 14.901 14.779 14.604 14.362 14.046 13.661 13.197 12.655 12.031 11.342 10.582 9.765 8.904 8.020 7.286 6.661 6.037 5.426 4.834 4.279 3.771 3.312 2.898 2.524 2.191 1.877 1.599 1.355 1.143 0.959 0.800 0.664 0.549 0.451 0.369 0.222 0.020 0.000 0.000 0.000 0.000 0.000 0.000 0.000 0.000 0.000 0.000 0.000 0.000 0.000 0.000 0.000 0.000 0.000 0.000 0.000 0.000 0.000 0.000 0.000 0.000 0.000 0.000 0.000 0.000 0.000 0.000 0.000 0.000
