data/IdealizedTopo/Outputs_IdealizedTopo_V1/1HS_01_curv91s_MoT-Voellmy_s_max.asc
ncols        1001
nrows        301
xllcorner    997.5
yllcorner    -5002.5
cellsize     5.00
NODATA_value -9999
[rows 132 to 164 of 301, columns 0 to 73 of 1001]
0.000 0.000 0.000 0.000 0.000 0.000 0.000 0.000 0.000 0.000 0.003 0.055 0.216 0.392 0.636 1.035 1.515 1.993 2.463 2.897 3.294 3.551 3.627 3.709 3.919 4.102 4.254 4.373 4.465 4.523 4.544 4.527 4.469 4.360 4.200 3.968 3.652 3.442 3.328 3.203 3.068 2.927 2.782 2.636 2.489 2.344 2.201 2.072 1.935 1.803 1.678 1.562 1.452 1.349 1.246 1.046 0.474 0.019 0.000 0.000 0.000 0.000 0.000 0.000 0.000 0.000 0.000 0.000 0.000 0.000 0.000 0.000 0.000 0.000
0.000 0.000 0.000 0.000 0.000 0.000 0.000 0.000 0.000 0.268 0.699 1.650 2.770 3.805 4.161 4.874 5.528 6.099 6.623 7.087 7.504 7.887 8.228 8.538 8.822 9.074 9.304 9.513 9.698 9.861 10.009 10.138 10.248 10.340 10.417 10.479 10.524 10.553 10.566 10.575 10.576 10.569 10.552 10.524 10.484 10.431 10.364 10.284 10.190 10.080 9.955 9.812 9.652 9.474 9.278 9.060 8.824 8.564 8.278 7.964 7.620 7.240 6.826 6.379 5.906 5.418 4.927 4.447 3.990 3.563 3.170 2.813 2.488 2.219
0.000 0.000 0.000 0.000 0.000 0.000 0.000 0.000 0.000 2.880 3.843 5.000 6.052 6.950 7.710 8.396 8.984 9.512 9.985 10.404 10.792 11.132 11.452 11.735 11.996 12.231 12.444 12.637 12.811 12.968 13.109 13.234 13.348 13.446 13.535 13.615 13.684 13.743 13.796 13.839 13.871 13.892 13.902 13.904 13.899 13.890 13.874 13.852 13.823 13.787 13.749 13.703 13.650 13.589 13.521 13.446 13.363 13.271 13.172 13.064 12.942 12.796 12.627 12.427 12.200 11.942 11.654 11.338 10.991 10.614 10.207 9.771 9.310 8.824
0.000 0.000 0.000 0.000 0.000 0.000 0.000 0.000 0.000 5.501 6.589 7.567 8.416 9.164 9.827 10.416 10.960 11.446 11.881 12.292 12.666 13.005 13.330 13.624 13.898 14.154 14.384 14.606 14.805 14.986 15.156 15.305 15.441 15.563 15.669 15.763 15.848 15.920 15.987 16.047 16.101 16.152 16.202 16.252 16.304 16.359 16.418 16.475 16.528 16.573 16.606 16.626 16.629 16.615 16.584 16.533 16.465 16.377 16.270 16.146 16.004 15.846 15.673 15.485 15.285 15.071 14.845 14.607 14.355 14.089 13.810 13.514 13.202 12.918
0.000 0.000 0.000 0.000 0.000 0.000 0.000 0.000 0.000 7.008 8.014 8.781 9.448 10.053 10.609 11.125 11.608 12.057 12.473 12.863 13.237 13.581 13.910 14.220 14.507 14.787 15.043 15.295 15.527 15.755 15.966 16.175 16.370 16.563 16.745 16.920 17.083 17.238 17.376 17.508 17.622 17.729 17.818 17.899 17.961 18.011 18.039 18.055 18.051 18.037 18.010 17.972 17.929 17.878 17.822 17.762 17.701 17.637 17.569 17.498 17.425 17.347 17.264 17.174 17.078 16.974 16.862 16.739 16.606 16.461 16.305 16.135 15.951 15.752
0.000 0.000 0.000 0.000 0.000 0.000 0.000 0.000 0.000 7.049 8.070 8.946 9.691 10.381 11.003 11.577 12.108 12.601 13.057 13.476 13.862 14.215 14.539 14.835 15.107 15.357 15.596 15.816 16.019 16.215 16.400 16.571 16.740 16.896 17.049 17.191 17.331 17.463 17.596 17.728 17.855 17.980 18.097 18.206 18.309 18.404 18.496 18.578 18.659 18.731 18.802 18.864 18.926 18.978 19.029 19.071 19.109 19.138 19.161 19.174 19.179 19.173 19.158 19.131 19.093 19.043 18.981 18.908 18.823 18.726 18.617 18.497 18.364 18.219
0.000 0.000 0.000 0.000 0.000 0.000 0.000 0.000 0.000 7.052 8.061 8.950 9.694 10.392 11.031 11.623 12.179 12.701 13.194 13.668 14.115 14.536 14.931 15.302 15.657 15.989 16.297 16.583 16.851 17.103 17.335 17.548 17.742 17.927 18.096 18.250 18.391 18.522 18.646 18.760 18.867 18.965 19.057 19.149 19.239 19.327 19.418 19.508 19.594 19.679 19.757 19.828 19.894 19.949 19.995 20.033 20.061 20.080 20.092 20.097 20.094 20.086 20.073 20.056 20.033 20.007 19.977 19.940 19.900 19.854 19.800 19.741 19.673 19.598
0.000 0.000 0.000 0.000 0.000 0.000 0.000 0.000 0.000 7.076 8.106 8.985 9.756 10.460 11.100 11.698 12.269 12.805 13.310 13.787 14.237 14.662 15.066 15.452 15.817 16.161 16.484 16.790 17.085 17.361 17.620 17.862 18.098 18.317 18.521 18.713 18.897 19.066 19.221 19.371 19.506 19.630 19.746 19.848 19.941 20.021 20.089 20.148 20.198 20.243 20.285 20.325 20.363 20.404 20.446 20.489 20.533 20.577 20.623 20.669 20.714 20.756 20.797 20.836 20.870 20.900 20.927 20.949 20.963 20.972 20.976 20.971 20.958 20.939
0.000 0.000 0.000 0.000 0.000 0.000 0.000 0.000 0.000 7.084 8.114 8.998 9.767 10.473 11.115 11.712 12.281 12.818 13.324 13.803 14.255 14.682 15.090 15.481 15.850 16.199 16.529 16.850 17.152 17.437 17.712 17.974 18.221 18.459 18.687 18.900 19.108 19.306 19.490 19.674 19.845 20.008 20.167 20.315 20.461 20.599 20.729 20.858 20.978 21.096 21.209 21.315 21.421 21.518 21.613 21.704 21.787 21.868 21.941 22.010 22.072 22.127 22.178 22.219 22.257 22.286 22.308 22.325 22.333 22.338 22.334 22.326 22.311 22.290
0.000 0.000 0.000 0.000 0.000 0.000 0.000 0.000 0.000 7.092 8.123 9.011 9.782 10.490 11.133 11.735 12.311 12.852 13.363 13.847 14.306 14.747 15.169 15.569 15.949 16.311 16.663 16.997 17.314 17.617 17.912 18.190 18.454 18.710 18.955 19.186 19.406 19.620 19.820 20.008 20.191 20.364 20.525 20.675 20.820 20.955 21.080 21.194 21.302 21.402 21.493 21.576 21.652 21.721 21.784 21.844 21.899 21.956 22.011 22.067 22.124 22.181 22.239 22.296 22.350 22.403 22.452 22.499 22.542 22.581 22.616 22.646 22.672 22.693
0.000 0.000 0.000 0.000 0.000 0.000 0.000 0.000 0.000 7.098 8.130 9.021 9.791 10.501 11.146 11.747 12.324 12.866 13.378 13.863 14.323 14.761 15.183 15.583 15.962 16.322 16.669 17.001 17.315 17.612 17.901 18.176 18.435 18.684 18.924 19.150 19.366 19.576 19.773 19.964 20.148 20.321 20.492 20.653 20.810 20.961 21.105 21.248 21.382 21.516 21.643 21.770 21.889 22.009 22.122 22.235 22.343 22.449 22.552 22.651 22.749 22.842 22.935 23.022 23.107 23.189 23.265 23.341 23.411 23.477 23.539 23.596 23.650 23.696
0.000 0.000 0.000 0.000 0.000 0.000 0.000 0.000 0.000 7.104 8.135 9.030 9.799 10.511 11.157 11.759 12.336 12.880 13.393 13.879 14.340 14.782 15.207 15.611 15.994 16.359 16.716 17.055 17.376 17.688 17.989 18.275 18.549 18.818 19.073 19.319 19.559 19.788 20.008 20.224 20.428 20.628 20.821 21.004 21.184 21.357 21.521 21.683 21.837 21.982 22.127 22.263 22.391 22.517 22.636 22.748 22.855 22.958 23.055 23.147 23.233 23.316 23.396 23.471 23.542 23.610 23.675 23.737 23.797 23.856 23.911 23.965 24.016 24.065
0.000 0.000 0.000 0.000 0.000 0.000 0.000 0.000 0.000 7.108 8.140 9.038 9.806 10.520 11.167 11.769 12.346 12.890 13.404 13.891 14.353 14.795 15.220 15.624 16.009 16.373 16.730 17.069 17.390 17.699 17.999 18.284 18.554 18.819 19.072 19.311 19.545 19.768 19.980 20.186 20.383 20.570 20.752 20.927 21.092 21.254 21.408 21.554 21.699 21.835 21.968 22.096 22.219 22.341 22.456 22.571 22.680 22.790 22.895 22.999 23.101 23.201 23.300 23.395 23.492 23.585 23.677 23.769 23.857 23.945 24.032 24.116 24.200 24.282
0.000 0.000 0.000 0.000 0.000 0.000 0.000 0.000 0.000 7.112 8.144 9.044 9.812 10.527 11.175 11.777 12.354 12.899 13.414 13.901 14.364 14.805 15.231 15.637 16.022 16.387 16.745 17.086 17.409 17.721 18.024 18.312 18.587 18.859 19.116 19.363 19.606 19.838 20.061 20.281 20.490 20.695 20.894 21.083 21.273 21.453 21.629 21.802 21.966 22.132 22.289 22.444 22.595 22.740 22.885 23.022 23.160 23.292 23.422 23.548 23.669 23.790 23.905 24.019 24.128 24.234 24.338 24.438 24.535 24.629 24.719 24.808 24.894 24.975
0.000 0.000 0.000 0.000 0.000 0.000 0.000 0.000 0.000 7.115 8.147 9.050 9.817 10.533 11.181 11.784 12.361 12.906 13.421 13.909 14.372 14.813 15.240 15.646 16.031 16.398 16.755 17.096 17.421 17.732 18.035 18.324 18.598 18.870 19.128 19.373 19.616 19.847 20.068 20.286 20.494 20.694 20.890 21.077 21.259 21.436 21.604 21.770 21.929 22.081 22.232 22.376 22.514 22.650 22.780 22.907 23.030 23.148 23.265 23.377 23.486 23.593 23.695 23.797 23.896 23.993 24.088 24.183 24.275 24.367 24.457 24.548 24.637 24.727
0.000 0.000 0.000 0.000 0.000 0.000 0.000 0.000 0.000 7.118 8.150 9.054 9.821 10.537 11.186 11.790 12.366 12.911 13.427 13.915 14.379 14.820 15.247 15.653 16.039 16.406 16.764 17.105 17.430 17.742 18.047 18.336 18.612 18.885 19.145 19.392 19.638 19.871 20.096 20.318 20.529 20.735 20.937 21.129 21.320 21.504 21.682 21.858 22.026 22.194 22.356 22.514 22.670 22.820 22.971 23.115 23.260 23.399 23.538 23.673 23.806 23.938 24.066 24.194 24.318 24.442 24.563 24.684 24.802 24.919 25.034 25.149 25.260 25.372
0.000 0.000 0.000 0.000 0.000 0.000 0.000 0.000 0.000 7.120 8.152 9.057 9.823 10.540 11.190 11.794 12.370 12.916 13.432 13.920 14.384 14.825 15.253 15.660 16.047 16.414 16.772 17.115 17.440 17.753 18.059 18.349 18.626 18.899 19.160 19.407 19.654 19.888 20.112 20.335 20.547 20.751 20.953 21.145 21.333 21.516 21.691 21.865 22.032 22.194 22.354 22.506 22.658 22.804 22.946 23.087 23.221 23.355 23.485 23.611 23.736 23.857 23.977 24.094 24.207 24.321 24.431 24.540 24.647 24.752 24.857 24.960 25.061 25.162
0.000 0.000 0.000 0.000 0.000 0.000 0.000 0.000 0.000 7.121 8.153 9.059 9.825 10.543 11.193 11.797 12.373 12.920 13.436 13.925 14.389 14.832 15.260 15.667 16.054 16.422 16.781 17.124 17.450 17.763 18.069 18.359 18.636 18.910 19.170 19.418 19.664 19.899 20.123 20.346 20.558 20.764 20.967 21.160 21.351 21.536 21.714 21.893 22.063 22.232 22.396 22.556 22.716 22.868 23.023 23.171 23.320 23.465 23.608 23.750 23.889 24.027 24.163 24.299 24.431 24.564 24.694 24.825 24.952 25.081 25.207 25.334 25.458 25.582
0.000 0.000 0.000 0.000 0.000 0.000 0.000 0.000 0.000 7.122 8.156 9.061 9.829 10.546 11.196 11.800 12.378 12.924 13.440 13.929 14.394 14.837 15.265 15.672 16.059 16.427 16.786 17.129 17.456 17.769 18.076 18.367 18.645 18.920 19.181 19.431 19.679 19.915 20.142 20.367 20.581 20.790 20.995 21.190 21.384 21.571 21.751 21.930 22.102 22.271 22.436 22.594 22.753 22.905 23.056 23.203 23.345 23.487 23.623 23.758 23.890 24.019 24.147 24.271 24.394 24.515 24.632 24.750 24.865 24.978 25.091 25.200 25.311 25.419
0.000 0.000 0.000 0.000 0.000 0.000 0.000 0.000 0.000 7.121 8.153 9.059 9.825 10.543 11.193 11.797 12.373 12.920 13.436 13.925 14.389 14.832 15.260 15.667 16.054 16.422 16.781 17.124 17.450 17.763 18.069 18.359 18.636 18.910 19.170 19.418 19.664 19.899 20.123 20.346 20.558 20.764 20.967 21.160 21.351 21.536 21.714 21.892 22.063 22.232 22.396 22.556 22.715 22.868 23.023 23.171 23.320 23.465 23.608 23.750 23.889 24.027 24.163 24.298 24.431 24.564 24.694 24.825 24.952 25.081 25.207 25.334 25.458 25.582
0.000 0.000 0.000 0.000 0.000 0.000 0.000 0.000 0.000 7.120 8.152 9.057 9.823 10.540 11.190 11.794 12.370 12.916 13.432 13.920 14.384 14.825 15.253 15.660 16.047 16.414 16.772 17.115 17.440 17.753 18.059 18.349 18.626 18.899 19.160 19.407 19.654 19.888 20.112 20.335 20.547 20.751 20.953 21.145 21.333 21.516 21.691 21.865 22.032 22.194 22.354 22.506 22.658 22.804 22.946 23.087 23.221 23.355 23.485 23.611 23.736 23.857 23.976 24.093 24.207 24.320 24.431 24.539 24.647 24.751 24.856 24.959 25.060 25.162
0.000 0.000 0.000 0.000 0.000 0.000 0.000 0.000 0.000 7.118 8.150 9.054 9.821 10.537 11.186 11.790 12.366 12.911 13.427 13.915 14.379 14.820 15.247 15.653 16.039 16.406 16.764 17.105 17.430 17.742 18.047 18.336 18.612 18.885 19.145 19.392 19.638 19.871 20.096 20.318 20.529 20.735 20.937 21.129 21.320 21.504 21.682 21.858 22.026 22.194 22.356 22.514 22.670 22.820 22.971 23.115 23.260 23.399 23.538 23.673 23.806 23.938 24.066 24.194 24.318 24.442 24.563 24.684 24.801 24.919 25.034 25.148 25.260 25.372
0.000 0.000 0.000 0.000 0.000 0.000 0.000 0.000 0.000 7.115 8.147 9.050 9.817 10.533 11.181 11.784 12.361 12.906 13.421 13.909 14.372 14.813 15.240 15.646 16.031 16.398 16.755 17.096 17.421 17.732 18.035 18.324 18.598 18.870 19.128 19.373 19.616 19.847 20.068 20.286 20.494 20.693 20.890 21.077 21.259 21.436 21.604 21.769 21.929 22.081 22.232 22.375 22.514 22.650 22.780 22.907 23.030 23.147 23.265 23.376 23.485 23.592 23.694 23.797 23.895 23.993 24.088 24.182 24.274 24.366 24.456 24.547 24.636 24.726
0.000 0.000 0.000 0.000 0.000 0.000 0.000 0.000 0.000 7.112 8.144 9.044 9.812 10.527 11.175 11.777 12.354 12.899 13.414 13.901 14.364 14.805 15.231 15.637 16.022 16.387 16.745 17.086 17.409 17.721 18.024 18.312 18.587 18.859 19.116 19.363 19.606 19.838 20.061 20.281 20.490 20.695 20.894 21.083 21.273 21.453 21.629 21.802 21.966 22.132 22.289 22.444 22.595 22.740 22.885 23.022 23.160 23.292 23.422 23.548 23.669 23.790 23.905 24.018 24.128 24.233 24.338 24.437 24.534 24.629 24.719 24.807 24.893 24.974
0.000 0.000 0.000 0.000 0.000 0.000 0.000 0.000 0.000 7.108 8.140 9.038 9.806 10.520 11.167 11.769 12.346 12.890 13.404 13.891 14.353 14.795 15.220 15.624 16.009 16.373 16.730 17.069 17.390 17.699 17.999 18.284 18.554 18.819 19.072 19.311 19.544 19.768 19.979 20.186 20.383 20.570 20.752 20.927 21.091 21.254 21.408 21.554 21.699 21.835 21.968 22.096 22.219 22.340 22.456 22.571 22.680 22.790 22.895 22.999 23.101 23.201 23.300 23.395 23.492 23.585 23.677 23.768 23.857 23.945 24.032 24.116 24.200 24.282
0.000 0.000 0.000 0.000 0.000 0.000 0.000 0.000 0.000 7.104 8.135 9.030 9.799 10.511 11.157 11.759 12.336 12.880 13.393 13.879 14.340 14.782 15.207 15.611 15.994 16.359 16.716 17.055 17.376 17.688 17.989 18.275 18.549 18.818 19.073 19.319 19.559 19.788 20.008 20.224 20.428 20.628 20.821 21.004 21.184 21.357 21.521 21.683 21.837 21.982 22.126 22.262 22.390 22.516 22.635 22.747 22.854 22.958 23.055 23.146 23.232 23.315 23.395 23.470 23.541 23.609 23.674 23.736 23.796 23.854 23.910 23.963 24.014 24.063
0.000 0.000 0.000 0.000 0.000 0.000 0.000 0.000 0.000 7.098 8.130 9.021 9.791 10.501 11.146 11.747 12.324 12.866 13.378 13.863 14.322 14.761 15.183 15.583 15.962 16.322 16.669 17.001 17.315 17.612 17.901 18.176 18.435 18.684 18.924 19.150 19.366 19.576 19.773 19.964 20.148 20.320 20.492 20.653 20.810 20.961 21.105 21.248 21.382 21.516 21.643 21.770 21.889 22.009 22.122 22.235 22.343 22.449 22.552 22.651 22.750 22.842 22.935 23.023 23.107 23.189 23.265 23.341 23.411 23.477 23.539 23.596 23.650 23.696
0.000 0.000 0.000 0.000 0.000 0.000 0.000 0.000 0.000 7.092 8.123 9.011 9.782 10.490 11.133 11.735 12.311 12.852 13.363 13.847 14.306 14.747 15.169 15.569 15.949 16.311 16.663 16.997 17.314 17.617 17.912 18.190 18.453 18.710 18.955 19.186 19.406 19.619 19.820 20.008 20.191 20.363 20.524 20.674 20.820 20.954 21.079 21.194 21.301 21.401 21.492 21.575 21.651 21.720 21.783 21.842 21.898 21.954 22.009 22.065 22.122 22.179 22.237 22.294 22.348 22.400 22.450 22.497 22.540 22.579 22.614 22.644 22.670 22.691
0.000 0.000 0.000 0.000 0.000 0.000 0.000 0.000 0.000 7.084 8.114 8.998 9.767 10.473 11.115 11.712 12.281 12.818 13.324 13.803 14.255 14.682 15.090 15.481 15.850 16.199 16.529 16.849 17.152 17.437 17.712 17.974 18.221 18.459 18.687 18.900 19.108 19.306 19.490 19.673 19.844 20.008 20.167 20.315 20.460 20.598 20.729 20.858 20.978 21.096 21.209 21.314 21.420 21.518 21.613 21.703 21.786 21.867 21.940 22.009 22.072 22.126 22.177 22.219 22.256 22.285 22.307 22.324 22.332 22.337 22.333 22.325 22.310 22.289
0.000 0.000 0.000 0.000 0.000 0.000 0.000 0.000 0.000 7.076 8.106 8.985 9.756 10.460 11.100 11.698 12.269 12.805 13.310 13.787 14.237 14.662 15.066 15.452 15.817 16.160 16.484 16.790 17.084 17.361 17.620 17.862 18.098 18.317 18.521 18.713 18.897 19.065 19.221 19.371 19.506 19.630 19.746 19.848 19.942 20.022 20.089 20.148 20.199 20.243 20.286 20.325 20.364 20.404 20.447 20.490 20.534 20.578 20.624 20.670 20.714 20.757 20.798 20.837 20.871 20.901 20.928 20.949 20.964 20.973 20.977 20.972 20.959 20.940
0.000 0.000 0.000 0.000 0.000 0.000 0.000 0.000 0.000 7.052 8.061 8.950 9.694 10.392 11.031 11.623 12.179 12.701 13.194 13.668 14.115 14.536 14.931 15.302 15.657 15.989 16.297 16.583 16.851 17.103 17.335 17.547 17.742 17.926 18.095 18.249 18.390 18.520 18.645 18.759 18.865 18.964 19.056 19.147 19.237 19.325 19.416 19.506 19.592 19.677 19.755 19.826 19.892 19.947 19.993 20.031 20.059 20.079 20.091 20.095 20.092 20.084 20.072 20.054 20.031 20.006 19.975 19.939 19.899 19.852 19.799 19.740 19.672 19.597
0.000 0.000 0.000 0.000 0.000 0.000 0.000 0.000 0.000 7.049 8.070 8.946 9.691 10.381 11.003 11.577 12.108 12.601 13.057 13.476 13.861 14.215 14.538 14.835 15.107 15.356 15.595 15.816 16.019 16.215 16.399 16.571 16.740 16.895 17.049 17.190 17.331 17.463 17.596 17.728 17.855 17.980 18.097 18.206 18.310 18.404 18.496 18.579 18.660 18.731 18.802 18.864 18.925 18.978 19.029 19.071 19.109 19.138 19.161 19.174 19.179 19.173 19.158 19.131 19.093 19.044 18.981 18.909 18.824 18.726 18.618 18.498 18.365 18.220
0.000 0.000 0.000 0.000 0.000 0.000 0.000 0.000 0.000 7.008 8.014 8.781 9.448 10.053 10.609 11.125 11.608 12.057 12.473 12.863 13.237 13.581 13.910 14.220 14.507 14.787 15.043 15.295 15.527 15.755 15.966 16.176 16.370 16.564 16.745 16.920 17.083 17.238 17.377 17.509 17.623 17.730 17.819 17.899 17.961 18.012 18.040 18.056 18.052 18.038 18.012 17.973 17.930 17.880 17.824 17.764 17.702 17.638 17.570 17.499 17.426 17.348 17.264 17.175 17.079 16.975 16.863 16.740 16.607 16.463 16.306 16.136 15.952 15.754
