data/IdealizedTopo/Outputs_IdealizedTopo_V1/1HS_01_curv91s_MoT-Voellmy_h_max.asc
ncols        1001
nrows        301
xllcorner    997.5
yllcorner    -5002.5
cellsize     5.00
NODATA_value -9999
[rows 136 to 169 of 301, columns 385 to 461 of 1001]
0.000 0.000 0.000 0.000 0.000 0.000 0.000 0.000 0.000 0.000 0.000 0.000 0.000 0.000 0.000 0.000 0.000 0.000 0.000 0.000 0.000 0.000 0.000 0.000 0.000 0.000 0.000 0.000 0.000 0.000 0.000 0.000 0.000 0.000 0.000 0.000 0.000 0.000 0.000 0.000 0.000 0.000 0.000 0.000 0.000 0.000 0.000 0.000 0.000 0.000 0.000 0.000 0.000 0.000 0.000 0.000 0.000 0.000 0.000 0.000 0.000 0.000 0.000 0.000 0.000 0.000 0.000 0.000 0.000 0.000 0.000 0.000 0.000 0.000 0.000 0.000 0.000
0.000 0.000 0.000 0.000 0.000 0.000 0.000 0.000 0.000 0.000 0.000 0.000 0.000 0.000 0.000 0.000 0.000 0.000 0.000 0.000 0.000 0.000 0.000 0.000 0.000 0.000 0.000 0.000 0.000 0.000 0.000 0.000 0.000 0.000 0.000 0.000 0.000 0.000 0.000 0.000 0.000 0.000 0.000 0.000 0.000 0.000 0.000 0.000 0.000 0.000 0.000 0.000 0.000 0.000 0.000 0.000 0.000 0.000 0.000 0.000 0.000 0.000 0.000 0.000 0.000 0.000 0.000 0.000 0.000 0.000 0.000 0.000 0.000 0.000 0.000 0.000 0.000
0.000 0.000 0.000 0.000 0.000 0.000 0.000 0.000 0.000 0.000 0.000 0.000 0.000 0.000 0.000 0.000 0.000 0.000 0.000 0.000 0.000 0.000 0.000 0.000 0.000 0.000 0.000 0.000 0.000 0.000 0.000 0.000 0.000 0.000 0.000 0.000 0.000 0.000 0.000 0.000 0.000 0.000 0.000 0.000 0.000 0.000 0.000 0.000 0.000 0.000 0.000 0.000 0.000 0.000 0.000 0.000 0.000 0.000 0.000 0.000 0.001 0.001 0.001 0.001 0.001 0.000 0.000 0.000 0.000 0.000 0.000 0.000 0.000 0.000 0.000 0.000 0.000
0.000 0.000 0.000 0.000 0.000 0.000 0.000 0.000 0.000 0.000 0.000 0.000 0.000 0.000 0.000 0.000 0.000 0.000 0.000 0.000 0.000 0.000 0.000 0.000 0.000 0.000 0.000 0.000 0.000 0.000 0.000 0.000 0.000 0.000 0.000 0.000 0.000 0.000 0.000 0.000 0.000 0.000 0.000 0.000 0.000 0.000 0.000 0.000 0.000 0.001 0.001 0.002 0.003 0.005 0.008 0.012 0.018 0.024 0.033 0.041 0.051 0.059 0.066 0.069 0.065 0.053 0.035 0.017 0.006 0.002 0.000 0.000 0.000 0.000 0.000 0.000 0.000
0.000 0.000 0.000 0.000 0.000 0.000 0.000 0.000 0.000 0.000 0.000 0.000 0.000 0.000 0.000 0.000 0.000 0.000 0.000 0.000 0.000 0.000 0.000 0.000 0.000 0.000 0.000 0.000 0.000 0.000 0.000 0.000 0.000 0.000 0.001 0.001 0.001 0.002 0.003 0.004 0.005 0.007 0.009 0.012 0.016 0.020 0.025 0.031 0.039 0.047 0.057 0.069 0.083 0.099 0.118 0.140 0.165 0.193 0.225 0.260 0.297 0.337 0.377 0.414 0.441 0.453 0.438 0.381 0.277 0.163 0.068 0.019 0.004 0.001 0.000 0.000 0.000
0.000 0.000 0.000 0.000 0.000 0.000 0.000 0.000 0.000 0.000 0.000 0.000 0.000 0.000 0.001 0.001 0.001 0.002 0.002 0.003 0.004 0.005 0.006 0.008 0.010 0.012 0.014 0.017 0.021 0.025 0.029 0.033 0.039 0.044 0.051 0.057 0.065 0.072 0.080 0.088 0.097 0.107 0.117 0.129 0.141 0.154 0.168 0.182 0.198 0.214 0.231 0.249 0.268 0.288 0.310 0.333 0.358 0.386 0.416 0.452 0.493 0.545 0.607 0.674 0.745 0.818 0.887 0.938 0.950 0.900 0.756 0.502 0.250 0.082 0.017 0.002 0.000
0.011 0.013 0.016 0.019 0.022 0.025 0.029 0.033 0.038 0.044 0.050 0.056 0.064 0.072 0.080 0.089 0.098 0.107 0.117 0.127 0.137 0.148 0.159 0.170 0.182 0.194 0.206 0.218 0.230 0.242 0.254 0.266 0.277 0.288 0.299 0.309 0.319 0.328 0.337 0.347 0.358 0.370 0.383 0.397 0.412 0.427 0.442 0.459 0.476 0.495 0.514 0.535 0.558 0.583 0.619 0.659 0.703 0.751 0.806 0.868 0.940 1.023 1.118 1.227 1.346 1.472 1.593 1.696 1.764 1.775 1.708 1.546 1.285 0.921 0.484 0.152 0.025
0.228 0.240 0.252 0.264 0.275 0.285 0.295 0.305 0.314 0.322 0.330 0.338 0.345 0.352 0.359 0.365 0.372 0.378 0.384 0.391 0.397 0.404 0.410 0.417 0.424 0.432 0.440 0.447 0.455 0.464 0.472 0.480 0.488 0.496 0.504 0.512 0.520 0.527 0.534 0.541 0.550 0.559 0.569 0.579 0.589 0.598 0.608 0.617 0.626 0.634 0.641 0.648 0.654 0.660 0.667 0.681 0.696 0.714 0.736 0.765 0.801 0.849 0.913 0.997 1.107 1.237 1.389 1.560 1.733 1.867 1.910 1.833 1.658 1.439 1.202 0.908 0.440
0.767 0.782 0.798 0.812 0.827 0.841 0.856 0.871 0.887 0.903 0.919 0.937 0.954 0.972 0.991 1.010 1.027 1.043 1.057 1.068 1.077 1.083 1.088 1.091 1.092 1.091 1.089 1.086 1.081 1.075 1.069 1.062 1.054 1.045 1.037 1.028 1.019 1.010 1.001 0.994 0.992 0.992 0.993 0.996 1.002 1.014 1.035 1.057 1.081 1.105 1.130 1.156 1.183 1.213 1.244 1.277 1.326 1.383 1.446 1.513 1.584 1.657 1.732 1.806 1.877 1.943 2.001 2.051 2.092 2.275 2.520 2.748 2.886 2.877 2.696 2.327 1.775
1.003 0.999 0.993 0.986 0.979 0.970 0.961 0.951 0.941 0.932 0.922 0.914 0.906 0.899 0.894 0.901 0.916 0.930 0.943 0.956 0.969 0.980 0.990 1.000 1.008 1.015 1.021 1.025 1.028 1.030 1.030 1.028 1.025 1.021 1.026 1.034 1.040 1.046 1.050 1.054 1.062 1.069 1.074 1.079 1.082 1.083 1.083 1.079 1.075 1.067 1.056 1.042 1.024 1.002 0.978 0.957 1.003 1.052 1.106 1.164 1.228 1.300 1.383 1.479 1.589 1.713 1.843 1.970 2.073 2.131 2.127 2.018 1.812 1.643 1.463 1.172 0.885
1.968 1.979 1.989 1.997 2.002 2.005 2.005 2.001 1.995 1.985 1.972 1.956 1.937 1.916 1.892 1.864 1.836 1.805 1.773 1.740 1.713 1.706 1.696 1.683 1.667 1.648 1.626 1.604 1.611 1.617 1.622 1.625 1.627 1.627 1.625 1.622 1.618 1.613 1.607 1.602 1.604 1.607 1.613 1.622 1.637 1.657 1.683 1.713 1.747 1.781 1.812 1.841 1.867 1.889 1.909 1.954 2.019 2.083 2.148 2.212 2.273 2.328 2.375 2.409 2.430 2.437 2.430 2.408 2.588 2.933 3.442 4.153 4.955 5.406 5.475 5.027 4.331
1.550 1.509 1.468 1.448 1.449 1.446 1.441 1.433 1.424 1.414 1.408 1.408 1.409 1.410 1.412 1.446 1.480 1.514 1.548 1.581 1.615 1.649 1.683 1.716 1.749 1.779 1.807 1.832 1.855 1.874 1.888 1.895 1.900 1.898 1.887 1.870 1.848 1.816 1.772 1.729 1.679 1.615 1.543 1.469 1.396 1.321 1.244 1.264 1.289 1.315 1.343 1.372 1.401 1.433 1.464 1.495 1.526 1.557 1.590 1.621 1.648 1.672 1.689 1.699 1.699 1.690 1.669 1.635 1.589 1.553 1.833 2.167 2.475 2.192 1.471 0.826 0.514
3.199 3.185 3.177 3.167 3.155 3.141 3.133 3.122 3.110 3.095 3.078 3.065 3.051 3.035 3.018 2.998 2.978 2.956 2.933 2.909 2.886 2.863 2.840 2.815 2.791 2.767 2.743 2.720 2.697 2.675 2.653 2.632 2.611 2.591 2.571 2.552 2.533 2.517 2.504 2.493 2.490 2.485 2.479 2.477 2.477 2.475 2.473 2.469 2.470 2.470 2.470 2.469 2.469 2.469 2.469 2.470 2.472 2.474 2.475 2.477 2.489 2.520 2.547 2.577 2.606 2.703 2.852 3.005 3.163 3.462 3.863 4.381 5.471 9.362 11.414 9.528 8.652
2.098 2.109 2.123 2.140 2.158 2.178 2.200 2.223 2.249 2.276 2.308 2.341 2.370 2.395 2.415 2.428 2.433 2.430 2.418 2.397 2.367 2.329 2.282 2.227 2.164 2.096 2.021 1.942 1.863 1.783 1.700 1.616 1.531 1.446 1.426 1.423 1.419 1.412 1.402 1.391 1.382 1.367 1.351 1.337 1.327 1.320 1.314 1.307 1.300 1.293 1.284 1.275 1.265 1.255 1.243 1.232 1.221 1.220 1.256 1.294 1.333 1.373 1.419 1.481 1.565 1.664 1.776 1.900 2.036 2.178 2.339 2.694 3.117 2.808 1.699 1.532 0.461
3.766 3.768 3.770 3.772 3.775 3.777 3.780 3.783 3.785 3.788 3.791 3.794 3.796 3.800 3.802 3.806 3.809 3.812 3.815 3.818 3.822 3.825 3.829 3.832 3.836 3.840 3.844 3.848 3.851 3.856 3.859 3.864 3.868 3.872 3.876 3.881 3.885 3.890 3.896 3.911 3.946 3.976 4.008 4.040 4.074 4.109 4.147 4.186 4.227 4.269 4.315 4.361 4.411 4.463 4.517 4.575 4.635 4.699 4.765 4.836 4.910 4.987 5.069 5.154 5.243 5.337 5.433 5.534 5.638 5.746 5.856 5.970 6.953 13.654 27.057 12.769 24.517
2.093 2.106 2.120 2.137 2.155 2.174 2.195 2.218 2.242 2.270 2.301 2.333 2.361 2.386 2.406 2.420 2.427 2.427 2.418 2.401 2.375 2.340 2.296 2.243 2.182 2.114 2.039 1.958 1.873 1.789 1.701 1.612 1.522 1.460 1.462 1.462 1.459 1.454 1.446 1.436 1.428 1.414 1.394 1.371 1.349 1.329 1.313 1.300 1.288 1.276 1.264 1.252 1.240 1.228 1.216 1.204 1.195 1.215 1.250 1.288 1.327 1.369 1.417 1.484 1.569 1.669 1.782 1.909 2.047 2.188 2.341 2.639 2.941 2.779 1.749 1.587 0.557
3.184 3.170 3.162 3.152 3.140 3.126 3.118 3.108 3.096 3.082 3.067 3.053 3.040 3.025 3.008 2.990 2.971 2.950 2.928 2.906 2.883 2.859 2.836 2.813 2.790 2.767 2.744 2.721 2.699 2.677 2.656 2.635 2.615 2.596 2.577 2.558 2.539 2.522 2.509 2.499 2.496 2.491 2.486 2.483 2.483 2.481 2.479 2.475 2.476 2.476 2.475 2.473 2.472 2.471 2.471 2.471 2.472 2.473 2.474 2.474 2.475 2.490 2.517 2.572 2.677 2.802 2.948 3.098 3.254 3.491 3.907 4.463 5.677 9.431 11.434 9.637 8.824
1.536 1.495 1.453 1.455 1.455 1.452 1.446 1.438 1.428 1.418 1.418 1.418 1.418 1.420 1.422 1.446 1.481 1.515 1.550 1.585 1.619 1.654 1.689 1.723 1.756 1.787 1.816 1.842 1.866 1.886 1.900 1.908 1.913 1.910 1.897 1.881 1.857 1.821 1.776 1.730 1.675 1.607 1.535 1.460 1.386 1.310 1.239 1.262 1.286 1.311 1.336 1.363 1.391 1.419 1.448 1.477 1.505 1.535 1.567 1.598 1.625 1.649 1.667 1.678 1.681 1.674 1.657 1.629 1.589 1.539 1.789 2.099 2.370 2.112 1.500 0.858 0.505
1.964 1.975 1.985 1.995 2.003 2.008 2.011 2.011 2.007 1.999 1.988 1.974 1.955 1.935 1.911 1.884 1.855 1.824 1.790 1.756 1.721 1.707 1.696 1.682 1.665 1.645 1.623 1.605 1.611 1.617 1.622 1.624 1.625 1.625 1.623 1.620 1.615 1.610 1.603 1.599 1.601 1.604 1.609 1.618 1.633 1.653 1.679 1.709 1.744 1.780 1.815 1.848 1.877 1.904 1.928 1.950 1.971 2.023 2.089 2.156 2.218 2.275 2.324 2.361 2.385 2.396 2.393 2.377 2.606 2.988 3.558 4.321 5.073 5.395 5.432 4.986 4.300
1.004 0.999 0.994 0.986 0.978 0.969 0.959 0.949 0.939 0.929 0.919 0.910 0.902 0.895 0.890 0.905 0.919 0.933 0.947 0.960 0.973 0.984 0.995 1.005 1.013 1.021 1.027 1.033 1.036 1.039 1.040 1.039 1.037 1.034 1.030 1.037 1.044 1.050 1.054 1.059 1.066 1.073 1.079 1.083 1.086 1.087 1.086 1.083 1.078 1.070 1.058 1.043 1.024 1.002 0.978 0.954 0.999 1.047 1.099 1.157 1.220 1.290 1.370 1.462 1.568 1.687 1.817 1.946 2.051 2.127 2.127 1.999 1.783 1.653 1.482 1.176 0.862
0.766 0.782 0.797 0.811 0.826 0.841 0.856 0.871 0.886 0.902 0.919 0.936 0.954 0.972 0.991 1.010 1.029 1.045 1.060 1.072 1.081 1.088 1.093 1.096 1.097 1.097 1.094 1.090 1.086 1.079 1.072 1.064 1.055 1.046 1.036 1.026 1.016 1.006 0.996 0.987 0.984 0.982 0.982 0.983 0.991 1.012 1.033 1.055 1.078 1.102 1.127 1.154 1.181 1.210 1.241 1.275 1.312 1.353 1.400 1.466 1.540 1.617 1.697 1.778 1.859 1.938 2.013 2.084 2.151 2.350 2.616 2.856 2.990 2.956 2.736 2.321 1.722
0.228 0.241 0.253 0.264 0.275 0.285 0.295 0.305 0.314 0.322 0.330 0.338 0.345 0.352 0.358 0.365 0.371 0.377 0.383 0.389 0.395 0.402 0.408 0.415 0.422 0.430 0.438 0.446 0.454 0.462 0.471 0.479 0.487 0.496 0.504 0.512 0.520 0.527 0.534 0.542 0.551 0.561 0.571 0.581 0.591 0.601 0.610 0.619 0.628 0.637 0.645 0.652 0.658 0.672 0.685 0.699 0.713 0.730 0.749 0.774 0.805 0.848 0.907 0.989 1.095 1.220 1.367 1.531 1.694 1.816 1.846 1.761 1.587 1.378 1.149 0.844 0.364
0.011 0.013 0.016 0.019 0.022 0.025 0.029 0.033 0.038 0.044 0.050 0.056 0.064 0.071 0.080 0.088 0.097 0.107 0.116 0.126 0.137 0.147 0.158 0.170 0.181 0.193 0.205 0.217 0.229 0.241 0.253 0.265 0.276 0.287 0.298 0.308 0.318 0.327 0.336 0.346 0.357 0.369 0.382 0.396 0.410 0.425 0.441 0.457 0.474 0.492 0.511 0.532 0.554 0.581 0.617 0.656 0.700 0.748 0.802 0.863 0.934 1.016 1.111 1.220 1.341 1.471 1.600 1.712 1.789 1.807 1.740 1.567 1.288 0.886 0.429 0.115 0.016
0.000 0.000 0.000 0.000 0.000 0.000 0.000 0.000 0.000 0.000 0.000 0.000 0.000 0.000 0.001 0.001 0.001 0.002 0.002 0.003 0.004 0.005 0.006 0.008 0.009 0.012 0.014 0.017 0.020 0.024 0.028 0.033 0.038 0.044 0.050 0.057 0.064 0.072 0.079 0.087 0.096 0.106 0.117 0.129 0.141 0.154 0.168 0.183 0.199 0.215 0.232 0.251 0.270 0.291 0.313 0.336 0.362 0.390 0.421 0.457 0.498 0.550 0.612 0.678 0.749 0.821 0.889 0.939 0.952 0.901 0.753 0.489 0.230 0.068 0.012 0.001 0.000
0.000 0.000 0.000 0.000 0.000 0.000 0.000 0.000 0.000 0.000 0.000 0.000 0.000 0.000 0.000 0.000 0.000 0.000 0.000 0.000 0.000 0.000 0.000 0.000 0.000 0.000 0.000 0.000 0.000 0.000 0.000 0.000 0.000 0.000 0.001 0.001 0.001 0.002 0.003 0.004 0.005 0.007 0.009 0.012 0.016 0.020 0.025 0.032 0.039 0.047 0.057 0.069 0.083 0.099 0.118 0.140 0.166 0.194 0.225 0.260 0.298 0.338 0.379 0.416 0.445 0.459 0.447 0.393 0.287 0.168 0.067 0.018 0.003 0.000 0.000 0.000 0.000
0.000 0.000 0.000 0.000 0.000 0.000 0.000 0.000 0.000 0.000 0.000 0.000 0.000 0.000 0.000 0.000 0.000 0.000 0.000 0.000 0.000 0.000 0.000 0.000 0.000 0.000 0.000 0.000 0.000 0.000 0.000 0.000 0.000 0.000 0.000 0.000 0.000 0.000 0.000 0.000 0.000 0.000 0.000 0.000 0.000 0.000 0.000 0.000 0.000 0.001 0.001 0.002 0.003 0.005 0.008 0.012 0.018 0.025 0.033 0.042 0.052 0.061 0.068 0.071 0.068 0.056 0.038 0.019 0.007 0.002 0.000 0.000 0.000 0.000 0.000 0.000 0.000
0.000 0.000 0.000 0.000 0.000 0.000 0.000 0.000 0.000 0.000 0.000 0.000 0.000 0.000 0.000 0.000 0.000 0.000 0.000 0.000 0.000 0.000 0.000 0.000 0.000 0.000 0.000 0.000 0.000 0.000 0.000 0.000 0.000 0.000 0.000 0.000 0.000 0.000 0.000 0.000 0.000 0.000 0.000 0.000 0.000 0.000 0.000 0.000 0.000 0.000 0.000 0.000 0.000 0.000 0.000 0.000 0.000 0.000 0.000 0.000 0.001 0.001 0.001 0.001 0.001 0.000 0.000 0.000 0.000 0.000 0.000 0.000 0.000 0.000 0.000 0.000 0.000
0.000 0.000 0.000 0.000 0.000 0.000 0.000 0.000 0.000 0.000 0.000 0.000 0.000 0.000 0.000 0.000 0.000 0.000 0.000 0.000 0.000 0.000 0.000 0.000 0.000 0.000 0.000 0.000 0.000 0.000 0.000 0.000 0.000 0.000 0.000 0.000 0.000 0.000 0.000 0.000 0.000 0.000 0.000 0.000 0.000 0.000 0.000 0.000 0.000 0.000 0.000 0.000 0.000 0.000 0.000 0.000 0.000 0.000 0.000 0.000 0.000 0.000 0.000 0.000 0.000 0.000 0.000 0.000 0.000 0.000 0.000 0.000 0.000 0.000 0.000 0.000 0.000
0.000 0.000 0.000 0.000 0.000 0.000 0.000 0.000 0.000 0.000 0.000 0.000 0.000 0.000 0.000 0.000 0.000 0.000 0.000 0.000 0.000 0.000 0.000 0.000 0.000 0.000 0.000 0.000 0.000 0.000 0.000 0.000 0.000 0.000 0.000 0.000 0.000 0.000 0.000 0.000 0.000 0.000 0.000 0.000 0.000 0.000 0.000 0.000 0.000 0.000 0.000 0.000 0.000 0.000 0.000 0.000 0.000 0.000 0.000 0.000 0.000 0.000 0.000 0.000 0.000 0.000 0.000 0.000 0.000 0.000 0.000 0.000 0.000 0.000 0.000 0.000 0.000
0.000 0.000 0.000 0.000 0.000 0.000 0.000 0.000 0.000 0.000 0.000 0.000 0.000 0.000 0.000 0.000 0.000 0.000 0.000 0.000 0.000 0.000 0.000 0.000 0.000 0.000 0.000 0.000 0.000 0.000 0.000 0.000 0.000 0.000 0.000 0.000 0.000 0.000 0.000 0.000 0.000 0.000 0.000 0.000 0.000 0.000 0.000 0.000 0.000 0.000 0.000 0.000 0.000 0.000 0.000 0.000 0.000 0.000 0.000 0.000 0.000 0.000 0.000 0.000 0.000 0.000 0.000 0.000 0.000 0.000 0.000 0.000 0.000 0.000 0.000 0.000 0.000
0.000 0.000 0.000 0.000 0.000 0.000 0.000 0.000 0.000 0.000 0.000 0.000 0.000 0.000 0.000 0.000 0.000 0.000 0.000 0.000 0.000 0.000 0.000 0.000 0.000 0.000 0.000 0.000 0.000 0.000 0.000 0.000 0.000 0.000 0.000 0.000 0.000 0.000 0.000 0.000 0.000 0.000 0.000 0.000 0.000 0.000 0.000 0.000 0.000 0.000 0.000 0.000 0.000 0.000 0.000 0.000 0.000 0.000 0.000 0.000 0.000 0.000 0.000 0.000 0.000 0.000 0.000 0.000 0.000 0.000 0.000 0.000 0.000 0.000 0.000 0.000 0.000
0.000 0.000 0.000 0.000 0.000 0.000 0.000 0.000 0.000 0.000 0.000 0.000 0.000 0.000 0.000 0.000 0.000 0.000 0.000 0.000 0.000 0.000 0.000 0.000 0.000 0.000 0.000 0.000 0.000 0.000 0.000 0.000 0.000 0.000 0.000 0.000 0.000 0.000 0.000 0.000 0.000 0.000 0.000 0.000 0.000 0.000 0.000 0.000 0.000 0.000 0.000 0.000 0.000 0.000 0.000 0.000 0.000 0.000 0.000 0.000 0.000 0.000 0.000 0.000 0.000 0.000 0.000 0.000 0.000 0.000 0.000 0.000 0.000 0.000 0.000 0.000 0.000
0.000 0.000 0.000 0.000 0.000 0.000 0.000 0.000 0.000 0.000 0.000 0.000 0.000 0.000 0.000 0.000 0.000 0.000 0.000 0.000 0.000 0.000 0.000 0.000 0.000 0.000 0.000 0.000 0.000 0.000 0.000 0.000 0.000 0.000 0.000 0.000 0.000 0.000 0.000 0.000 0.000 0.000 0.000 0.000 0.000 0.000 0.000 0.000 0.000 0.000 0.000 0.000 0.000 0.000 0.000 0.000 0.000 0.000 0.000 0.000 0.000 0.000 0.000 0.000 0.000 0.000 0.000 0.000 0.000 0.000 0.000 0.000 0.000 0.000 0.000 0.000 0.000
0.000 0.000 0.000 0.000 0.000 0.000 0.000 0.000 0.000 0.000 0.000 0.000 0.000 0.000 0.000 0.000 0.000 0.000 0.000 0.000 0.000 0.000 0.000 0.000 0.000 0.000 0.000 0.000 0.000 0.000 0.000 0.000 0.000 0.000 0.000 0.000 0.000 0.000 0.000 0.000 0.000 0.000 0.000 0.000 0.000 0.000 0.000 0.000 0.000 0.000 0.000 0.000 0.000 0.000 0.000 0.000 0.000 0.000 0.000 0.000 0.000 0.000 0.000 0.000 0.000 0.000 0.000 0.000 0.000 0.000 0.000 0.000 0.000 0.000 0.000 0.000 0.000
