data/IdealizedTopo/Outputs_IdealizedTopo_V1/1HS_01_curv91s_MoT-Voellmy_h_max.asc
ncols        1001
nrows        301
xllcorner    997.5
yllcorner    -5002.5
cellsize     5.00
NODATA_value -9999
[rows 136 to 169 of 301, columns 0 to 76 of 1001]
0.000 0.000 0.000 0.000 0.000 0.000 0.000 0.000 0.000 1.500 1.500 1.500 1.500 1.500 1.500 1.500 1.500 1.500 1.500 1.500 1.500 1.500 1.500 1.500 1.500 1.500 1.500 1.500 1.500 1.500 1.500 1.500 1.500 1.500 1.500 1.500 1.500 1.500 1.500 1.500 1.500 1.500 1.500 1.500 1.500 1.500 1.500 1.500 1.500 1.500 1.500 1.500 1.500 1.500 1.500 1.500 1.500 1.500 1.500 1.500 1.500 1.500 1.500 1.500 1.500 1.500 1.500 1.500 1.500 1.500 1.187 1.115 1.037 0.958 0.880 0.805 0.733
0.000 0.000 0.000 0.000 0.000 0.000 0.000 0.000 0.000 1.500 1.500 1.500 1.500 1.500 1.500 1.500 1.500 1.500 1.500 1.500 1.500 1.500 1.500 1.500 1.500 1.500 1.500 1.500 1.500 1.500 1.500 1.500 1.500 1.500 1.500 1.500 1.500 1.500 1.500 1.500 1.500 1.500 1.500 1.500 1.500 1.500 1.500 1.500 1.500 1.500 1.500 1.500 1.500 1.500 1.500 1.500 1.500 1.500 1.500 1.500 1.500 1.500 1.500 1.500 1.500 1.500 1.500 1.500 1.500 1.500 0.923 0.838 0.821 0.802 0.782 0.762 0.741
0.000 0.000 0.000 0.000 0.000 0.000 0.000 0.000 0.000 1.500 1.500 1.500 1.501 1.501 1.501 1.501 1.501 1.501 1.501 1.501 1.501 1.501 1.501 1.501 1.502 1.502 1.502 1.502 1.502 1.502 1.502 1.502 1.502 1.503 1.503 1.503 1.503 1.503 1.503 1.504 1.504 1.504 1.504 1.504 1.505 1.505 1.505 1.505 1.506 1.506 1.506 1.507 1.507 1.507 1.508 1.508 1.509 1.509 1.509 1.510 1.510 1.511 1.511 1.512 1.512 1.513 1.513 1.514 1.507 1.500 1.390 1.353 1.315 1.277 1.237 1.197 1.157
0.000 0.000 0.000 0.000 0.000 0.000 0.000 0.000 0.000 1.500 1.500 1.500 1.501 1.502 1.502 1.502 1.502 1.503 1.503 1.503 1.503 1.503 1.503 1.503 1.503 1.503 1.503 1.504 1.504 1.504 1.504 1.504 1.504 1.504 1.505 1.505 1.505 1.505 1.505 1.505 1.505 1.506 1.506 1.506 1.506 1.506 1.507 1.507 1.507 1.507 1.507 1.508 1.508 1.508 1.508 1.508 1.509 1.509 1.509 1.510 1.510 1.510 1.510 1.511 1.511 1.511 1.512 1.512 1.507 1.500 1.307 1.268 1.248 1.228 1.208 1.189 1.170
0.000 0.000 0.000 0.000 0.000 0.000 0.000 0.000 0.000 1.500 1.500 1.500 1.501 1.502 1.504 1.505 1.507 1.507 1.507 1.508 1.508 1.509 1.509 1.510 1.510 1.511 1.511 1.512 1.512 1.513 1.514 1.514 1.515 1.516 1.517 1.517 1.518 1.519 1.520 1.521 1.522 1.523 1.524 1.525 1.526 1.527 1.529 1.530 1.531 1.532 1.534 1.535 1.536 1.537 1.538 1.540 1.541 1.542 1.543 1.544 1.545 1.546 1.546 1.547 1.548 1.549 1.549 1.548 1.540 1.526 1.509 1.491 1.472 1.454 1.436 1.419 1.401
0.000 0.000 0.000 0.000 0.000 0.000 0.000 0.000 0.000 1.500 1.500 1.500 1.501 1.502 1.504 1.506 1.507 1.510 1.511 1.513 1.515 1.517 1.519 1.522 1.525 1.528 1.531 1.534 1.537 1.541 1.544 1.547 1.550 1.553 1.556 1.559 1.562 1.565 1.568 1.571 1.574 1.578 1.581 1.585 1.589 1.593 1.597 1.601 1.605 1.609 1.613 1.618 1.622 1.625 1.629 1.632 1.635 1.638 1.639 1.641 1.641 1.640 1.638 1.635 1.631 1.626 1.620 1.612 1.604 1.595 1.585 1.574 1.563 1.551 1.538 1.526 1.514
0.000 0.000 0.000 0.000 0.000 0.000 0.000 0.000 0.000 1.500 1.500 1.500 1.501 1.502 1.504 1.505 1.507 1.510 1.512 1.515 1.517 1.519 1.521 1.523 1.524 1.525 1.527 1.528 1.529 1.530 1.532 1.533 1.535 1.537 1.538 1.540 1.542 1.544 1.546 1.548 1.550 1.552 1.554 1.557 1.559 1.562 1.564 1.567 1.570 1.572 1.575 1.578 1.581 1.584 1.587 1.589 1.592 1.595 1.598 1.600 1.603 1.605 1.608 1.610 1.612 1.616 1.623 1.631 1.636 1.641 1.644 1.646 1.646 1.646 1.644 1.641 1.639
0.000 0.000 0.000 0.000 0.000 0.000 0.000 0.000 0.000 1.500 1.500 1.500 1.501 1.502 1.503 1.505 1.507 1.510 1.512 1.515 1.518 1.520 1.523 1.526 1.529 1.532 1.536 1.539 1.542 1.546 1.550 1.554 1.559 1.564 1.569 1.575 1.581 1.587 1.593 1.600 1.607 1.614 1.621 1.628 1.635 1.642 1.649 1.655 1.662 1.668 1.674 1.680 1.686 1.692 1.698 1.704 1.710 1.715 1.721 1.726 1.731 1.736 1.741 1.744 1.748 1.751 1.754 1.756 1.757 1.758 1.758 1.757 1.757 1.755 1.753 1.751 1.748
0.000 0.000 0.000 0.000 0.000 0.000 0.000 0.000 0.000 1.500 1.500 1.500 1.501 1.502 1.503 1.505 1.507 1.509 1.512 1.514 1.517 1.520 1.523 1.526 1.529 1.533 1.536 1.539 1.542 1.546 1.549 1.551 1.554 1.557 1.559 1.562 1.565 1.568 1.571 1.574 1.577 1.580 1.584 1.587 1.591 1.595 1.599 1.603 1.607 1.612 1.616 1.621 1.626 1.630 1.635 1.640 1.646 1.651 1.656 1.662 1.667 1.673 1.678 1.684 1.689 1.695 1.700 1.706 1.711 1.716 1.722 1.727 1.732 1.737 1.742 1.747 1.751
0.000 0.000 0.000 0.000 0.000 0.000 0.000 0.000 0.000 1.500 1.500 1.500 1.501 1.502 1.503 1.505 1.507 1.509 1.512 1.514 1.517 1.520 1.523 1.526 1.529 1.533 1.536 1.540 1.544 1.548 1.552 1.556 1.560 1.564 1.569 1.574 1.579 1.584 1.589 1.595 1.601 1.607 1.614 1.621 1.629 1.637 1.645 1.654 1.664 1.674 1.684 1.694 1.705 1.716 1.727 1.738 1.749 1.760 1.771 1.782 1.792 1.803 1.813 1.824 1.833 1.843 1.853 1.862 1.871 1.879 1.888 1.896 1.903 1.911 1.917 1.924 1.931
0.000 0.000 0.000 0.000 0.000 0.000 0.000 0.000 0.000 1.500 1.500 1.500 1.501 1.502 1.503 1.505 1.507 1.509 1.511 1.514 1.517 1.519 1.522 1.526 1.529 1.532 1.536 1.540 1.544 1.547 1.552 1.556 1.560 1.565 1.569 1.574 1.579 1.583 1.588 1.593 1.598 1.603 1.607 1.612 1.617 1.623 1.628 1.634 1.639 1.645 1.651 1.658 1.664 1.671 1.678 1.686 1.693 1.701 1.709 1.718 1.726 1.735 1.744 1.753 1.763 1.773 1.783 1.793 1.804 1.814 1.825 1.837 1.848 1.860 1.871 1.883 1.896
0.000 0.000 0.000 0.000 0.000 0.000 0.000 0.000 0.000 1.500 1.500 1.500 1.501 1.502 1.503 1.505 1.507 1.509 1.511 1.514 1.516 1.519 1.522 1.525 1.529 1.532 1.536 1.540 1.544 1.548 1.552 1.557 1.562 1.567 1.572 1.578 1.583 1.590 1.596 1.602 1.609 1.615 1.622 1.629 1.637 1.645 1.652 1.660 1.669 1.677 1.686 1.695 1.704 1.714 1.724 1.734 1.744 1.756 1.767 1.779 1.792 1.805 1.818 1.832 1.847 1.862 1.877 1.892 1.908 1.925 1.941 1.958 1.975 1.991 2.009 2.025 2.043
0.000 0.000 0.000 0.000 0.000 0.000 0.000 0.000 0.000 1.500 1.500 1.500 1.501 1.502 1.503 1.505 1.507 1.509 1.511 1.514 1.517 1.519 1.523 1.526 1.530 1.534 1.538 1.543 1.547 1.552 1.557 1.562 1.568 1.573 1.579 1.585 1.590 1.596 1.603 1.609 1.615 1.621 1.628 1.634 1.641 1.647 1.654 1.661 1.668 1.675 1.682 1.689 1.697 1.705 1.713 1.722 1.730 1.739 1.749 1.758 1.769 1.779 1.790 1.801 1.812 1.824 1.837 1.849 1.863 1.876 1.891 1.906 1.921 1.937 1.954 1.971 1.989
0.000 0.000 0.000 0.000 0.000 0.000 0.000 0.000 0.000 1.500 1.500 1.500 1.501 1.502 1.503 1.505 1.507 1.510 1.513 1.516 1.520 1.523 1.527 1.531 1.536 1.540 1.544 1.549 1.553 1.558 1.562 1.567 1.572 1.577 1.582 1.586 1.592 1.597 1.603 1.608 1.614 1.620 1.627 1.634 1.641 1.649 1.657 1.665 1.674 1.683 1.693 1.704 1.714 1.726 1.737 1.750 1.762 1.775 1.789 1.803 1.817 1.831 1.846 1.861 1.877 1.892 1.908 1.924 1.940 1.957 1.974 1.991 2.008 2.026 2.044 2.062 2.081
0.000 0.000 0.000 0.000 0.000 0.000 0.000 0.000 0.000 1.500 1.500 1.501 1.502 1.503 1.506 1.509 1.512 1.516 1.519 1.522 1.525 1.528 1.532 1.535 1.538 1.542 1.546 1.550 1.554 1.558 1.563 1.568 1.573 1.579 1.585 1.591 1.598 1.605 1.612 1.620 1.628 1.636 1.644 1.652 1.661 1.670 1.679 1.688 1.697 1.706 1.716 1.725 1.735 1.745 1.755 1.765 1.775 1.786 1.797 1.808 1.820 1.833 1.845 1.858 1.872 1.886 1.900 1.915 1.930 1.946 1.963 1.979 1.997 2.015 2.033 2.053 2.072
0.000 0.000 0.000 0.000 0.000 0.000 0.000 0.000 0.000 1.500 1.500 1.500 1.501 1.502 1.503 1.505 1.507 1.510 1.513 1.516 1.520 1.523 1.527 1.531 1.536 1.540 1.544 1.549 1.553 1.558 1.562 1.567 1.572 1.577 1.582 1.586 1.592 1.597 1.603 1.608 1.614 1.620 1.627 1.634 1.641 1.649 1.657 1.665 1.674 1.683 1.693 1.704 1.714 1.726 1.737 1.750 1.762 1.775 1.789 1.803 1.817 1.831 1.846 1.861 1.877 1.892 1.908 1.924 1.940 1.957 1.974 1.991 2.008 2.026 2.044 2.063 2.081
0.000 0.000 0.000 0.000 0.000 0.000 0.000 0.000 0.000 1.500 1.500 1.500 1.501 1.502 1.503 1.505 1.507 1.509 1.511 1.514 1.517 1.519 1.523 1.526 1.530 1.534 1.538 1.543 1.547 1.552 1.557 1.562 1.568 1.573 1.579 1.585 1.590 1.596 1.603 1.609 1.615 1.621 1.628 1.634 1.641 1.647 1.654 1.661 1.668 1.675 1.682 1.689 1.697 1.705 1.713 1.722 1.730 1.739 1.749 1.758 1.768 1.779 1.790 1.801 1.812 1.824 1.837 1.849 1.863 1.876 1.891 1.905 1.921 1.937 1.953 1.971 1.989
0.000 0.000 0.000 0.000 0.000 0.000 0.000 0.000 0.000 1.500 1.500 1.500 1.501 1.502 1.503 1.505 1.507 1.509 1.511 1.514 1.516 1.519 1.522 1.525 1.529 1.532 1.536 1.540 1.544 1.548 1.552 1.557 1.562 1.567 1.572 1.578 1.583 1.590 1.596 1.602 1.609 1.615 1.622 1.629 1.637 1.644 1.652 1.660 1.669 1.677 1.686 1.695 1.704 1.714 1.724 1.734 1.745 1.756 1.767 1.779 1.792 1.805 1.818 1.833 1.847 1.862 1.877 1.892 1.908 1.925 1.941 1.958 1.975 1.991 2.009 2.025 2.043
0.000 0.000 0.000 0.000 0.000 0.000 0.000 0.000 0.000 1.500 1.500 1.500 1.501 1.502 1.503 1.505 1.507 1.509 1.511 1.514 1.517 1.519 1.522 1.526 1.529 1.532 1.536 1.540 1.544 1.547 1.552 1.556 1.560 1.565 1.569 1.574 1.579 1.583 1.588 1.593 1.598 1.603 1.607 1.612 1.617 1.623 1.628 1.633 1.639 1.645 1.651 1.658 1.664 1.671 1.678 1.686 1.693 1.701 1.709 1.717 1.726 1.735 1.744 1.753 1.763 1.773 1.783 1.793 1.804 1.814 1.825 1.836 1.848 1.859 1.871 1.883 1.895
0.000 0.000 0.000 0.000 0.000 0.000 0.000 0.000 0.000 1.500 1.500 1.500 1.501 1.502 1.503 1.505 1.507 1.509 1.512 1.514 1.517 1.520 1.523 1.526 1.529 1.533 1.536 1.540 1.544 1.548 1.552 1.556 1.560 1.564 1.569 1.574 1.579 1.584 1.589 1.595 1.601 1.607 1.614 1.621 1.629 1.637 1.645 1.654 1.664 1.674 1.684 1.694 1.705 1.716 1.727 1.738 1.749 1.760 1.771 1.782 1.792 1.803 1.813 1.824 1.833 1.843 1.853 1.862 1.871 1.879 1.888 1.896 1.903 1.911 1.917 1.924 1.930
0.000 0.000 0.000 0.000 0.000 0.000 0.000 0.000 0.000 1.500 1.500 1.500 1.501 1.502 1.503 1.505 1.507 1.509 1.512 1.514 1.517 1.520 1.523 1.526 1.529 1.533 1.536 1.539 1.542 1.546 1.549 1.551 1.554 1.557 1.559 1.562 1.565 1.568 1.571 1.574 1.577 1.580 1.584 1.587 1.591 1.595 1.599 1.603 1.607 1.612 1.616 1.621 1.625 1.630 1.635 1.640 1.646 1.651 1.656 1.662 1.667 1.673 1.678 1.684 1.689 1.695 1.700 1.705 1.711 1.716 1.721 1.727 1.732 1.737 1.742 1.746 1.751
0.000 0.000 0.000 0.000 0.000 0.000 0.000 0.000 0.000 1.500 1.500 1.500 1.501 1.502 1.503 1.505 1.507 1.510 1.512 1.515 1.518 1.520 1.523 1.526 1.529 1.532 1.536 1.539 1.542 1.546 1.550 1.554 1.559 1.564 1.569 1.575 1.581 1.587 1.593 1.600 1.607 1.614 1.621 1.628 1.635 1.642 1.649 1.655 1.662 1.668 1.674 1.680 1.686 1.692 1.698 1.704 1.710 1.715 1.721 1.726 1.731 1.736 1.740 1.744 1.748 1.751 1.753 1.756 1.757 1.758 1.758 1.757 1.757 1.755 1.753 1.751 1.748
0.000 0.000 0.000 0.000 0.000 0.000 0.000 0.000 0.000 1.500 1.500 1.500 1.501 1.502 1.504 1.505 1.507 1.510 1.512 1.515 1.517 1.519 1.521 1.523 1.524 1.525 1.527 1.528 1.529 1.530 1.532 1.533 1.535 1.537 1.538 1.540 1.542 1.544 1.546 1.548 1.550 1.552 1.554 1.557 1.559 1.562 1.564 1.567 1.570 1.572 1.575 1.578 1.581 1.584 1.587 1.589 1.592 1.595 1.598 1.600 1.603 1.605 1.607 1.610 1.612 1.616 1.624 1.631 1.636 1.641 1.644 1.646 1.647 1.646 1.645 1.642 1.639
0.000 0.000 0.000 0.000 0.000 0.000 0.000 0.000 0.000 1.500 1.500 1.500 1.501 1.502 1.504 1.506 1.507 1.510 1.511 1.513 1.515 1.517 1.519 1.522 1.525 1.528 1.531 1.534 1.537 1.541 1.544 1.547 1.550 1.553 1.556 1.559 1.562 1.565 1.568 1.571 1.574 1.578 1.581 1.585 1.589 1.593 1.597 1.601 1.605 1.609 1.613 1.617 1.622 1.625 1.629 1.632 1.635 1.638 1.639 1.641 1.641 1.640 1.638 1.635 1.631 1.626 1.620 1.612 1.604 1.595 1.585 1.574 1.563 1.551 1.539 1.526 1.514
0.000 0.000 0.000 0.000 0.000 0.000 0.000 0.000 0.000 1.500 1.500 1.500 1.501 1.502 1.504 1.505 1.507 1.507 1.507 1.508 1.508 1.509 1.509 1.510 1.510 1.511 1.511 1.512 1.512 1.513 1.514 1.514 1.515 1.516 1.516 1.517 1.518 1.519 1.520 1.521 1.522 1.523 1.524 1.525 1.526 1.527 1.529 1.530 1.531 1.532 1.534 1.535 1.536 1.537 1.538 1.540 1.541 1.542 1.543 1.544 1.545 1.546 1.546 1.547 1.548 1.549 1.549 1.548 1.540 1.526 1.509 1.491 1.472 1.454 1.436 1.419 1.401
0.000 0.000 0.000 0.000 0.000 0.000 0.000 0.000 0.000 1.500 1.500 1.500 1.501 1.502 1.502 1.502 1.502 1.503 1.503 1.503 1.503 1.503 1.503 1.503 1.503 1.503 1.503 1.504 1.504 1.504 1.504 1.504 1.504 1.504 1.505 1.505 1.505 1.505 1.505 1.505 1.505 1.506 1.506 1.506 1.506 1.506 1.507 1.507 1.507 1.507 1.507 1.508 1.508 1.508 1.508 1.508 1.509 1.509 1.509 1.509 1.510 1.510 1.510 1.511 1.511 1.511 1.512 1.512 1.507 1.500 1.307 1.268 1.248 1.228 1.208 1.189 1.170
0.000 0.000 0.000 0.000 0.000 0.000 0.000 0.000 0.000 1.500 1.500 1.500 1.501 1.501 1.501 1.501 1.501 1.501 1.501 1.501 1.501 1.501 1.501 1.501 1.502 1.502 1.502 1.502 1.502 1.502 1.502 1.502 1.502 1.503 1.503 1.503 1.503 1.503 1.503 1.504 1.504 1.504 1.504 1.504 1.505 1.505 1.505 1.505 1.506 1.506 1.506 1.507 1.507 1.507 1.508 1.508 1.509 1.509 1.509 1.510 1.510 1.511 1.511 1.512 1.512 1.513 1.513 1.514 1.507 1.500 1.390 1.353 1.315 1.277 1.237 1.197 1.157
0.000 0.000 0.000 0.000 0.000 0.000 0.000 0.000 0.000 1.500 1.500 1.500 1.500 1.500 1.500 1.500 1.500 1.500 1.500 1.500 1.500 1.500 1.500 1.500 1.500 1.500 1.500 1.500 1.500 1.500 1.500 1.500 1.500 1.500 1.500 1.500 1.500 1.500 1.500 1.500 1.500 1.500 1.500 1.500 1.500 1.500 1.500 1.500 1.500 1.500 1.500 1.500 1.500 1.500 1.500 1.500 1.500 1.500 1.500 1.500 1.500 1.500 1.500 1.500 1.500 1.500 1.500 1.500 1.500 1.500 0.922 0.838 0.821 0.802 0.783 0.762 0.741
0.000 0.000 0.000 0.000 0.000 0.000 0.000 0.000 0.000 1.500 1.500 1.500 1.500 1.500 1.500 1.500 1.500 1.500 1.500 1.500 1.500 1.500 1.500 1.500 1.500 1.500 1.500 1.500 1.500 1.500 1.500 1.500 1.500 1.500 1.500 1.500 1.500 1.500 1.500 1.500 1.500 1.500 1.500 1.500 1.500 1.500 1.500 1.500 1.500 1.500 1.500 1.500 1.500 1.500 1.500 1.500 1.500 1.500 1.500 1.500 1.500 1.500 1.500 1.500 1.500 1.500 1.500 1.500 1.500 1.500 1.186 1.114 1.037 0.958 0.879 0.804 0.733
0.000 0.000 0.000 0.000 0.000 0.000 0.000 0.000 0.000 0.116 0.192 0.288 0.382 0.460 0.519 0.563 0.595 0.619 0.637 0.653 0.665 0.676 0.686 0.695 0.702 0.709 0.715 0.720 0.725 0.728 0.731 0.733 0.735 0.736 0.738 0.740 0.742 0.745 0.747 0.750 0.754 0.757 0.762 0.767 0.770 0.771 0.770 0.766 0.759 0.751 0.740 0.728 0.715 0.701 0.686 0.670 0.654 0.639 0.624 0.610 0.596 0.583 0.569 0.554 0.538 0.521 0.502 0.482 0.461 0.438 0.414 0.389 0.363 0.337 0.310 0.283 0.258
0.000 0.000 0.000 0.000 0.000 0.000 0.000 0.000 0.000 0.010 0.025 0.049 0.082 0.120 0.160 0.198 0.233 0.267 0.296 0.320 0.342 0.362 0.377 0.392 0.404 0.414 0.423 0.430 0.436 0.441 0.445 0.448 0.451 0.453 0.455 0.458 0.460 0.463 0.466 0.469 0.473 0.478 0.482 0.485 0.487 0.488 0.489 0.489 0.488 0.487 0.485 0.482 0.477 0.470 0.462 0.452 0.439 0.425 0.409 0.392 0.374 0.356 0.337 0.319 0.300 0.281 0.262 0.243 0.224 0.205 0.187 0.169 0.152 0.136 0.121 0.107 0.093
0.000 0.000 0.000 0.000 0.000 0.000 0.000 0.000 0.000 0.000 0.001 0.004 0.008 0.015 0.025 0.036 0.049 0.063 0.078 0.093 0.108 0.123 0.138 0.152 0.165 0.178 0.189 0.201 0.211 0.221 0.230 0.238 0.245 0.252 0.258 0.263 0.267 0.270 0.272 0.273 0.272 0.270 0.267 0.264 0.260 0.256 0.250 0.244 0.238 0.231 0.223 0.215 0.206 0.196 0.187 0.176 0.166 0.154 0.143 0.131 0.118 0.106 0.093 0.081 0.069 0.059 0.049 0.041 0.033 0.027 0.022 0.017 0.014 0.011 0.008 0.007 0.005
0.000 0.000 0.000 0.000 0.000 0.000 0.000 0.000 0.000 0.000 0.000 0.000 0.000 0.000 0.001 0.002 0.003 0.005 0.007 0.009 0.012 0.015 0.017 0.020 0.023 0.026 0.029 0.031 0.033 0.034 0.035 0.035 0.035 0.033 0.032 0.030 0.029 0.027 0.025 0.023 0.022 0.020 0.018 0.016 0.014 0.013 0.011 0.010 0.009 0.007 0.007 0.006 0.005 0.004 0.004 0.003 0.001 0.000 0.000 0.000 0.000 0.000 0.000 0.000 0.000 0.000 0.000 0.000 0.000 0.000 0.000 0.000 0.000 0.000 0.000 0.000 0.000
0.000 0.000 0.000 0.000 0.000 0.000 0.000 0.000 0.000 0.000 0.000 0.000 0.000 0.000 0.000 0.000 0.000 0.000 0.000 0.000 0.000 0.000 0.000 0.000 0.000 0.000 0.000 0.000 0.000 0.000 0.000 0.000 0.000 0.000 0.000 0.000 0.000 0.000 0.000 0.000 0.000 0.000 0.000 0.000 0.000 0.000 0.000 0.000 0.000 0.000 0.000 0.000 0.000 0.000 0.000 0.000 0.000 0.000 0.000 0.000 0.000 0.000 0.000 0.000 0.000 0.000 0.000 0.000 0.000 0.000 0.000 0.000 0.000 0.000 0.000 0.000 0.000
