data/RealTopo/Outputs_RealTopo_V1/Wog_02_curv151s_MoT-Voellmy_h_max.asc
ncols        490
nrows        555
xllcorner    167452.5
yllcorner    361952.5
cellsize     5.00
NODATA_value -9999
[rows 340 to 373 of 555, columns 154 to 230 of 490]
0.000 0.000 0.000 0.000 0.000 0.000 0.000 0.000 0.000 0.000 0.000 0.000 0.000 0.000 0.046 0.425 0.752 0.673 0.306 0.080 0.019 0.002 0.000 0.000 0.000 0.000 0.000 0.000 0.000 0.000 0.000 0.000 0.001 0.001 0.001 0.001 0.001 0.001 0.001 0.001 0.002 0.003 0.003 0.001 0.000 0.000 0.000 0.000 0.000 0.000 0.000 0.000 0.000 0.000 0.000 0.000 0.000 0.000 0.000 0.000 0.000 0.000 0.000 0.000 0.000 0.000 0.000 0.000 0.000 0.000 0.000 0.000 0.000 0.000 0.000 0.000 0.000
0.000 0.000 0.000 0.000 0.000 0.000 0.000 0.000 0.000 0.000 0.000 0.000 0.000 0.000 0.011 0.238 0.660 0.745 0.466 0.158 0.041 0.008 0.002 0.000 0.000 0.000 0.000 0.000 0.000 0.000 0.001 0.001 0.001 0.001 0.001 0.001 0.001 0.001 0.001 0.002 0.002 0.003 0.003 0.003 0.001 0.001 0.000 0.000 0.000 0.000 0.000 0.000 0.000 0.000 0.000 0.000 0.000 0.000 0.000 0.000 0.000 0.000 0.000 0.000 0.000 0.000 0.000 0.000 0.000 0.000 0.000 0.000 0.000 0.000 0.000 0.000 0.000
0.000 0.000 0.000 0.000 0.000 0.000 0.000 0.000 0.000 0.000 0.000 0.000 0.000 0.000 0.000 0.119 0.443 0.741 0.630 0.318 0.100 0.025 0.010 0.003 0.000 0.000 0.000 0.000 0.001 0.001 0.001 0.001 0.001 0.001 0.001 0.001 0.001 0.001 0.001 0.002 0.002 0.003 0.003 0.003 0.003 0.002 0.001 0.000 0.000 0.000 0.000 0.000 0.000 0.000 0.000 0.000 0.000 0.000 0.000 0.000 0.000 0.000 0.000 0.000 0.000 0.000 0.000 0.000 0.000 0.000 0.000 0.000 0.000 0.000 0.000 0.000 0.000
0.000 0.000 0.000 0.000 0.000 0.000 0.000 0.000 0.000 0.000 0.000 0.000 0.000 0.000 0.001 0.052 0.258 0.586 0.833 0.619 0.231 0.072 0.040 0.018 0.001 0.000 0.001 0.001 0.001 0.001 0.001 0.002 0.002 0.002 0.002 0.002 0.002 0.002 0.002 0.002 0.002 0.003 0.003 0.003 0.004 0.003 0.002 0.000 0.000 0.000 0.000 0.000 0.000 0.000 0.000 0.000 0.000 0.000 0.000 0.000 0.000 0.000 0.000 0.000 0.000 0.000 0.000 0.000 0.000 0.000 0.000 0.000 0.000 0.000 0.000 0.000 0.000
0.000 0.000 0.000 0.000 0.000 0.000 0.000 0.000 0.000 0.000 0.000 0.000 0.000 0.000 0.000 0.016 0.124 0.399 0.802 0.851 0.441 0.166 0.122 0.065 0.013 0.001 0.001 0.002 0.002 0.002 0.002 0.002 0.002 0.002 0.002 0.002 0.002 0.002 0.002 0.002 0.002 0.003 0.003 0.004 0.004 0.005 0.005 0.002 0.000 0.000 0.000 0.000 0.000 0.000 0.000 0.000 0.000 0.000 0.000 0.000 0.000 0.000 0.000 0.000 0.000 0.000 0.000 0.000 0.000 0.000 0.000 0.000 0.000 0.000 0.000 0.000 0.000
0.000 0.000 0.000 0.000 0.000 0.000 0.000 0.000 0.000 0.000 0.000 0.000 0.000 0.000 0.000 0.005 0.051 0.210 0.551 0.879 0.790 0.454 0.282 0.183 0.052 0.003 0.001 0.001 0.001 0.001 0.002 0.002 0.002 0.002 0.002 0.002 0.002 0.003 0.003 0.003 0.003 0.003 0.004 0.004 0.005 0.007 0.008 0.006 0.003 0.001 0.000 0.000 0.000 0.000 0.000 0.000 0.000 0.000 0.000 0.000 0.000 0.000 0.000 0.000 0.000 0.000 0.000 0.000 0.000 0.000 0.000 0.000 0.000 0.000 0.000 0.000 0.000
0.000 0.000 0.000 0.000 0.000 0.000 0.000 0.000 0.000 0.000 0.000 0.000 0.000 0.000 0.000 0.000 0.015 0.078 0.277 0.664 1.004 0.999 0.635 0.409 0.179 0.045 0.005 0.001 0.001 0.001 0.001 0.001 0.001 0.001 0.001 0.002 0.002 0.002 0.003 0.003 0.004 0.004 0.005 0.007 0.008 0.008 0.010 0.011 0.009 0.004 0.001 0.000 0.000 0.000 0.000 0.000 0.000 0.000 0.000 0.000 0.000 0.000 0.000 0.000 0.000 0.000 0.000 0.000 0.000 0.000 0.000 0.000 0.000 0.000 0.000 0.000 0.000
0.000 0.000 0.000 0.000 0.000 0.000 0.000 0.000 0.000 0.000 0.000 0.000 0.000 0.000 0.000 0.000 0.001 0.020 0.104 0.326 0.680 1.031 1.149 0.948 0.624 0.306 0.080 0.002 0.001 0.001 0.001 0.001 0.002 0.002 0.003 0.004 0.006 0.008 0.010 0.014 0.019 0.028 0.039 0.045 0.039 0.030 0.022 0.018 0.015 0.011 0.005 0.001 0.000 0.000 0.000 0.000 0.000 0.000 0.000 0.000 0.000 0.000 0.000 0.000 0.000 0.000 0.000 0.000 0.000 0.000 0.000 0.000 0.000 0.000 0.000 0.000 0.000
0.000 0.000 0.000 0.000 0.000 0.000 0.000 0.000 0.000 0.000 0.000 0.000 0.000 0.000 0.000 0.000 0.000 0.001 0.029 0.098 0.258 0.536 0.910 1.361 1.448 1.161 0.746 0.400 0.207 0.130 0.152 0.168 0.176 0.183 0.193 0.192 0.183 0.165 0.144 0.137 0.139 0.130 0.117 0.096 0.086 0.072 0.057 0.040 0.027 0.020 0.011 0.005 0.001 0.000 0.000 0.000 0.000 0.000 0.000 0.000 0.000 0.000 0.000 0.000 0.000 0.000 0.000 0.000 0.000 0.000 0.000 0.000 0.000 0.000 0.000 0.000 0.000
0.000 0.000 0.000 0.000 0.000 0.000 0.000 0.000 0.000 0.000 0.000 0.000 0.000 0.000 0.000 0.000 0.000 0.000 0.000 0.000 0.021 0.066 0.188 0.465 0.839 1.266 1.215 0.726 0.379 0.160 0.135 0.125 0.122 0.134 0.141 0.153 0.160 0.172 0.173 0.148 0.114 0.098 0.089 0.084 0.084 0.078 0.070 0.057 0.045 0.032 0.020 0.010 0.002 0.000 0.000 0.000 0.000 0.000 0.000 0.000 0.000 0.000 0.000 0.000 0.000 0.000 0.000 0.000 0.000 0.000 0.000 0.000 0.000 0.000 0.000 0.000 0.000
0.000 0.000 0.000 0.000 0.000 0.000 0.000 0.000 0.000 0.000 0.000 0.000 0.000 0.000 0.000 0.000 0.000 0.000 0.000 0.000 0.000 0.002 0.050 0.169 0.306 0.507 0.785 0.792 0.484 0.193 0.039 0.020 0.022 0.024 0.030 0.039 0.052 0.069 0.084 0.098 0.108 0.114 0.117 0.116 0.111 0.103 0.090 0.078 0.065 0.050 0.035 0.019 0.006 0.001 0.000 0.000 0.000 0.000 0.000 0.000 0.000 0.000 0.000 0.000 0.000 0.000 0.000 0.000 0.000 0.000 0.000 0.000 0.000 0.000 0.000 0.000 0.000
0.000 0.000 0.000 0.000 0.000 0.000 0.000 0.000 0.000 0.000 0.000 0.000 0.000 0.000 0.000 0.000 0.000 0.000 0.000 0.000 0.000 0.004 0.051 0.132 0.238 0.324 0.438 0.693 0.711 0.405 0.090 0.025 0.032 0.039 0.047 0.051 0.053 0.058 0.070 0.088 0.106 0.126 0.142 0.151 0.155 0.152 0.138 0.121 0.103 0.084 0.062 0.038 0.017 0.005 0.001 0.000 0.000 0.000 0.000 0.000 0.000 0.000 0.000 0.000 0.000 0.000 0.000 0.000 0.000 0.001 0.001 0.001 0.001 0.001 0.001 0.001 0.002
0.000 0.000 0.000 0.000 0.000 0.000 0.000 0.000 0.000 0.000 0.000 0.000 0.000 0.000 0.000 0.000 0.000 0.000 0.000 0.000 0.000 0.005 0.037 0.094 0.195 0.301 0.346 0.518 0.845 0.690 0.206 0.073 0.062 0.054 0.063 0.070 0.076 0.083 0.089 0.093 0.103 0.122 0.147 0.175 0.191 0.208 0.212 0.200 0.181 0.155 0.125 0.090 0.053 0.024 0.008 0.003 0.001 0.000 0.000 0.000 0.001 0.001 0.001 0.001 0.001 0.001 0.002 0.002 0.001 0.001 0.001 0.001 0.001 0.001 0.001 0.002 0.003
0.000 0.000 0.000 0.000 0.000 0.000 0.000 0.000 0.000 0.000 0.000 0.000 0.000 0.000 0.000 0.000 0.000 0.000 0.000 0.000 0.000 0.003 0.017 0.050 0.112 0.200 0.298 0.459 0.604 0.847 0.460 0.449 0.441 0.427 0.402 0.384 0.353 0.319 0.293 0.274 0.264 0.257 0.239 0.234 0.246 0.290 0.302 0.306 0.298 0.283 0.260 0.220 0.170 0.115 0.068 0.042 0.024 0.012 0.007 0.004 0.004 0.004 0.005 0.006 0.007 0.008 0.009 0.010 0.011 0.012 0.014 0.017 0.022 0.029 0.035 0.038 0.037
0.000 0.000 0.000 0.000 0.000 0.000 0.000 0.000 0.000 0.000 0.000 0.000 0.000 0.000 0.000 0.000 0.000 0.000 0.000 0.000 0.000 0.000 0.000 0.000 0.001 0.012 0.043 0.068 0.278 0.739 0.366 0.171 0.212 0.266 0.312 0.343 0.377 0.394 0.403 0.396 0.380 0.362 0.343 0.318 0.291 0.304 0.329 0.372 0.396 0.416 0.431 0.436 0.427 0.395 0.340 0.284 0.227 0.166 0.114 0.073 0.044 0.027 0.034 0.043 0.053 0.065 0.074 0.083 0.095 0.099 0.103 0.113 0.121 0.120 0.102 0.089 0.079
0.000 0.000 0.000 0.000 0.000 0.000 0.000 0.000 0.000 0.000 0.000 0.000 0.000 0.000 0.000 0.000 0.000 0.000 0.000 0.000 0.000 0.000 0.000 0.000 0.000 0.000 0.000 0.008 0.123 0.737 0.437 0.037 0.023 0.037 0.054 0.066 0.071 0.078 0.093 0.119 0.149 0.173 0.199 0.221 0.239 0.258 0.293 0.337 0.369 0.407 0.455 0.498 0.544 0.577 0.600 0.609 0.603 0.573 0.516 0.445 0.380 0.317 0.247 0.183 0.132 0.100 0.072 0.081 0.095 0.103 0.097 0.095 0.100 0.100 0.101 0.102 0.102
0.000 0.000 0.000 0.000 0.000 0.000 0.000 0.000 0.000 0.000 0.000 0.000 0.000 0.000 0.000 0.000 0.000 0.000 0.000 0.000 0.000 0.000 0.000 0.000 0.000 0.000 0.000 0.000 0.051 0.649 0.653 0.078 0.030 0.012 0.017 0.027 0.035 0.042 0.049 0.056 0.067 0.087 0.111 0.136 0.163 0.195 0.225 0.259 0.298 0.327 0.368 0.417 0.464 0.518 0.580 0.659 0.733 0.790 0.828 0.853 0.844 0.787 0.691 0.554 0.414 0.322 0.250 0.190 0.140 0.108 0.094 0.091 0.095 0.100 0.106 0.110 0.112
0.000 0.000 0.000 0.000 0.000 0.000 0.000 0.000 0.000 0.000 0.000 0.000 0.000 0.000 0.000 0.000 0.000 0.000 0.000 0.000 0.000 0.000 0.000 0.000 0.000 0.000 0.000 0.000 0.021 0.480 1.083 0.169 0.051 0.016 0.009 0.012 0.014 0.020 0.027 0.036 0.044 0.051 0.059 0.071 0.086 0.106 0.131 0.162 0.186 0.203 0.223 0.252 0.284 0.326 0.375 0.439 0.508 0.561 0.621 0.669 0.707 0.701 0.667 0.604 0.550 0.459 0.369 0.278 0.205 0.163 0.130 0.106 0.096 0.099 0.107 0.114 0.113
0.000 0.000 0.000 0.000 0.000 0.000 0.000 0.000 0.000 0.000 0.000 0.000 0.000 0.000 0.000 0.000 0.000 0.000 0.000 0.000 0.000 0.000 0.000 0.000 0.000 0.000 0.000 0.000 0.009 0.297 1.177 0.277 0.078 0.027 0.009 0.011 0.011 0.011 0.012 0.013 0.012 0.009 0.007 0.006 0.005 0.005 0.006 0.007 0.008 0.012 0.016 0.021 0.026 0.035 0.050 0.074 0.099 0.119 0.134 0.163 0.214 0.287 0.368 0.447 0.499 0.500 0.461 0.395 0.320 0.246 0.194 0.152 0.124 0.116 0.121 0.125 0.117
0.000 0.000 0.000 0.000 0.000 0.000 0.000 0.000 0.000 0.000 0.000 0.000 0.000 0.000 0.000 0.000 0.000 0.000 0.000 0.000 0.000 0.000 0.000 0.000 0.000 0.000 0.000 0.000 0.002 0.171 1.040 0.406 0.158 0.058 0.012 0.013 0.013 0.013 0.013 0.014 0.014 0.011 0.009 0.007 0.006 0.005 0.005 0.005 0.005 0.006 0.006 0.004 0.002 0.003 0.007 0.014 0.028 0.047 0.069 0.090 0.115 0.156 0.216 0.289 0.362 0.433 0.469 0.459 0.415 0.353 0.285 0.227 0.181 0.156 0.150 0.143 0.133
0.000 0.000 0.000 0.000 0.000 0.000 0.000 0.000 0.000 0.000 0.000 0.000 0.000 0.000 0.000 0.000 0.000 0.000 0.000 0.000 0.000 0.000 0.000 0.000 0.000 0.000 0.000 0.000 0.000 0.076 0.925 0.690 0.345 0.119 0.014 0.014 0.015 0.014 0.015 0.016 0.015 0.014 0.012 0.008 0.006 0.005 0.005 0.005 0.005 0.006 0.006 0.004 0.002 0.001 0.001 0.003 0.007 0.017 0.033 0.056 0.080 0.100 0.134 0.182 0.250 0.324 0.377 0.409 0.423 0.411 0.368 0.309 0.259 0.220 0.195 0.176 0.168
0.000 0.000 0.000 0.000 0.000 0.000 0.000 0.000 0.000 0.000 0.000 0.000 0.000 0.000 0.000 0.000 0.000 0.000 0.000 0.000 0.000 0.000 0.000 0.000 0.000 0.000 0.000 0.000 0.000 0.009 0.495 0.872 0.554 0.209 0.016 0.013 0.014 0.015 0.015 0.016 0.016 0.016 0.014 0.011 0.007 0.005 0.005 0.006 0.005 0.005 0.006 0.005 0.003 0.002 0.001 0.001 0.001 0.004 0.011 0.027 0.055 0.080 0.097 0.125 0.174 0.223 0.280 0.338 0.382 0.427 0.421 0.378 0.334 0.295 0.260 0.235 0.225
0.000 0.000 0.000 0.000 0.000 0.000 0.000 0.000 0.000 0.000 0.000 0.000 0.000 0.000 0.000 0.000 0.000 0.000 0.000 0.000 0.000 0.000 0.000 0.000 0.000 0.000 0.000 0.000 0.000 0.000 0.151 0.733 0.742 0.335 0.022 0.012 0.013 0.014 0.016 0.017 0.017 0.018 0.017 0.015 0.010 0.005 0.004 0.004 0.005 0.006 0.007 0.007 0.005 0.003 0.002 0.001 0.001 0.001 0.001 0.009 0.029 0.053 0.077 0.098 0.112 0.143 0.198 0.273 0.352 0.407 0.421 0.427 0.408 0.369 0.333 0.312 0.295
0.000 0.000 0.000 0.000 0.000 0.000 0.000 0.000 0.000 0.000 0.000 0.000 0.000 0.000 0.000 0.000 0.000 0.000 0.000 0.000 0.000 0.000 0.000 0.000 0.000 0.000 0.000 0.000 0.000 0.000 0.041 0.393 0.752 0.444 0.040 0.009 0.010 0.010 0.012 0.015 0.018 0.020 0.021 0.019 0.015 0.008 0.003 0.003 0.005 0.007 0.009 0.009 0.007 0.005 0.003 0.002 0.001 0.001 0.001 0.002 0.011 0.027 0.048 0.078 0.098 0.110 0.138 0.195 0.279 0.356 0.432 0.477 0.472 0.455 0.429 0.413 0.391
0.000 0.000 0.000 0.000 0.000 0.000 0.000 0.000 0.000 0.000 0.000 0.000 0.000 0.000 0.000 0.000 0.000 0.000 0.000 0.000 0.000 0.000 0.000 0.000 0.000 0.000 0.000 0.000 0.000 0.000 0.055 0.139 0.573 0.662 0.082 0.007 0.008 0.008 0.009 0.012 0.016 0.019 0.022 0.024 0.023 0.016 0.009 0.005 0.007 0.009 0.010 0.010 0.009 0.007 0.005 0.003 0.002 0.001 0.001 0.002 0.005 0.012 0.029 0.058 0.081 0.095 0.115 0.140 0.188 0.260 0.339 0.415 0.479 0.518 0.522 0.504 0.480
0.000 0.000 0.000 0.000 0.000 0.000 0.000 0.000 0.000 0.000 0.000 0.000 0.000 0.000 0.000 0.000 0.000 0.000 0.000 0.000 0.000 0.000 0.000 0.000 0.000 0.000 0.000 0.000 0.000 0.000 0.074 0.132 0.402 1.106 0.143 0.006 0.007 0.008 0.009 0.010 0.012 0.015 0.019 0.025 0.030 0.031 0.027 0.020 0.014 0.013 0.013 0.012 0.012 0.009 0.007 0.005 0.003 0.002 0.002 0.002 0.004 0.011 0.024 0.042 0.058 0.078 0.097 0.108 0.123 0.150 0.197 0.262 0.331 0.390 0.439 0.467 0.479
0.000 0.000 0.000 0.000 0.000 0.000 0.000 0.000 0.000 0.000 0.000 0.000 0.000 0.000 0.000 0.000 0.000 0.000 0.000 0.000 0.000 0.000 0.000 0.000 0.000 0.000 0.000 0.000 0.000 0.001 0.102 0.188 0.398 1.091 0.244 0.005 0.005 0.005 0.006 0.007 0.008 0.010 0.012 0.015 0.019 0.024 0.026 0.025 0.020 0.016 0.015 0.014 0.014 0.012 0.011 0.009 0.006 0.003 0.004 0.005 0.008 0.019 0.036 0.044 0.058 0.073 0.088 0.101 0.116 0.132 0.152 0.178 0.208 0.249 0.292 0.335 0.369
0.000 0.000 0.000 0.000 0.000 0.000 0.000 0.000 0.000 0.000 0.000 0.000 0.000 0.000 0.000 0.000 0.000 0.000 0.000 0.000 0.000 0.000 0.000 0.000 0.000 0.000 0.000 0.000 0.000 0.001 0.145 0.314 0.473 0.951 0.366 0.007 0.004 0.004 0.005 0.005 0.006 0.007 0.009 0.010 0.011 0.015 0.021 0.025 0.024 0.020 0.018 0.017 0.017 0.017 0.017 0.017 0.016 0.014 0.013 0.017 0.028 0.052 0.067 0.065 0.066 0.074 0.088 0.106 0.125 0.145 0.162 0.177 0.189 0.207 0.227 0.249 0.277
0.000 0.000 0.000 0.000 0.000 0.000 0.000 0.000 0.000 0.000 0.000 0.000 0.000 0.000 0.000 0.000 0.000 0.000 0.000 0.000 0.000 0.000 0.000 0.000 0.000 0.000 0.000 0.000 0.000 0.002 0.200 0.570 0.615 0.696 0.290 0.017 0.007 0.003 0.003 0.003 0.004 0.005 0.007 0.008 0.010 0.013 0.018 0.025 0.027 0.028 0.026 0.023 0.022 0.022 0.022 0.024 0.028 0.031 0.029 0.036 0.050 0.068 0.081 0.090 0.094 0.091 0.092 0.108 0.131 0.153 0.172 0.182 0.187 0.199 0.205 0.217 0.234
0.000 0.000 0.000 0.000 0.000 0.000 0.000 0.000 0.000 0.000 0.000 0.000 0.000 0.000 0.000 0.000 0.000 0.000 0.000 0.000 0.000 0.000 0.000 0.000 0.000 0.000 0.000 0.000 0.000 0.003 0.270 0.900 0.928 0.579 0.119 0.031 0.013 0.006 0.002 0.002 0.002 0.003 0.006 0.007 0.009 0.011 0.014 0.019 0.026 0.032 0.035 0.036 0.035 0.031 0.029 0.030 0.036 0.048 0.055 0.056 0.064 0.078 0.090 0.097 0.097 0.097 0.102 0.106 0.120 0.137 0.155 0.167 0.180 0.193 0.198 0.208 0.219
0.000 0.000 0.000 0.000 0.000 0.000 0.000 0.000 0.000 0.000 0.000 0.000 0.000 0.000 0.000 0.000 0.000 0.000 0.000 0.000 0.000 0.000 0.000 0.000 0.000 0.000 0.000 0.000 0.000 0.007 0.309 0.804 0.791 0.370 0.153 0.061 0.023 0.009 0.003 0.002 0.003 0.003 0.005 0.006 0.008 0.009 0.010 0.012 0.014 0.019 0.025 0.032 0.037 0.038 0.038 0.040 0.048 0.058 0.067 0.075 0.083 0.092 0.098 0.101 0.097 0.090 0.086 0.089 0.094 0.105 0.124 0.146 0.169 0.189 0.203 0.215 0.224
0.000 0.000 0.000 0.000 0.000 0.000 0.000 0.000 0.000 0.000 0.000 0.000 0.000 0.000 0.000 0.000 0.000 0.000 0.000 0.000 0.000 0.000 0.000 0.000 0.000 0.000 0.000 0.000 0.000 0.014 0.347 0.480 0.475 0.395 0.253 0.137 0.066 0.028 0.008 0.002 0.002 0.003 0.004 0.005 0.006 0.007 0.008 0.008 0.009 0.011 0.015 0.020 0.025 0.029 0.033 0.037 0.042 0.055 0.071 0.084 0.092 0.094 0.093 0.096 0.097 0.085 0.072 0.068 0.070 0.079 0.099 0.129 0.165 0.191 0.208 0.222 0.225
0.000 0.000 0.000 0.000 0.000 0.000 0.000 0.000 0.000 0.000 0.000 0.000 0.000 0.000 0.000 0.000 0.000 0.000 0.000 0.000 0.000 0.000 0.000 0.000 0.000 0.000 0.000 0.000 0.000 0.019 0.316 0.339 0.357 0.402 0.435 0.311 0.210 0.115 0.045 0.009 0.003 0.004 0.004 0.005 0.005 0.006 0.007 0.009 0.011 0.013 0.017 0.022 0.029 0.039 0.049 0.055 0.061 0.067 0.076 0.083 0.088 0.089 0.096 0.108 0.210 0.095 0.086 0.088 0.100 0.111 0.124 0.137 0.153 0.174 0.194 0.210 0.220
0.000 0.000 0.000 0.000 0.000 0.000 0.000 0.000 0.000 0.000 0.000 0.000 0.000 0.000 0.000 0.000 0.000 0.000 0.000 0.000 0.000 0.000 0.000 0.000 0.000 0.000 0.000 0.000 0.000 0.010 0.228 0.198 0.216 0.375 0.439 0.438 0.396 0.327 0.217 0.110 0.043 0.017 0.009 0.009 0.011 0.012 0.014 0.016 0.019 0.023 0.029 0.040 0.055 0.072 0.096 0.123 0.147 0.159 0.172 0.187 0.198 0.192 0.160 0.140 0.125 0.107 0.097 0.092 0.099 0.112 0.132 0.157 0.188 0.208 0.211 0.213 0.219
