data/RealTopo/Outputs_RealTopo_V1/Wog_02_curv151s_MoT-Voellmy_h_max.asc
ncols        490
nrows        555
xllcorner    167452.5
yllcorner    361952.5
cellsize     5.00
NODATA_value -9999
[rows 374 to 407 of 555, columns 154 to 230 of 490]
0.000 0.000 0.000 0.000 0.000 0.000 0.000 0.000 0.000 0.000 0.000 0.000 0.000 0.000 0.000 0.000 0.000 0.000 0.000 0.000 0.000 0.000 0.000 0.000 0.000 0.000 0.000 0.000 0.000 0.006 0.120 0.090 0.132 0.253 0.316 0.373 0.417 0.455 0.438 0.376 0.258 0.161 0.089 0.041 0.017 0.012 0.016 0.020 0.026 0.033 0.043 0.056 0.085 0.122 0.162 0.205 0.251 0.296 0.332 0.352 0.365 0.379 0.385 0.369 0.359 0.340 0.325 0.316 0.320 0.319 0.315 0.310 0.294 0.280 0.263 0.242 0.234
0.000 0.000 0.000 0.000 0.000 0.000 0.000 0.000 0.000 0.000 0.000 0.000 0.000 0.000 0.000 0.000 0.000 0.000 0.000 0.000 0.000 0.000 0.000 0.000 0.000 0.000 0.000 0.000 0.000 0.005 0.074 0.055 0.061 0.120 0.181 0.240 0.265 0.319 0.373 0.397 0.415 0.386 0.317 0.246 0.168 0.089 0.045 0.039 0.048 0.061 0.078 0.095 0.117 0.139 0.151 0.162 0.186 0.223 0.266 0.309 0.343 0.357 0.369 0.372 0.371 0.370 0.341 0.315 0.287 0.267 0.248 0.236 0.233 0.231 0.229 0.230 0.231
0.000 0.000 0.000 0.000 0.000 0.000 0.000 0.000 0.000 0.000 0.000 0.000 0.000 0.000 0.000 0.000 0.000 0.000 0.000 0.000 0.000 0.000 0.000 0.000 0.000 0.000 0.000 0.000 0.000 0.001 0.058 0.078 0.035 0.062 0.103 0.131 0.154 0.202 0.268 0.322 0.383 0.436 0.522 0.561 0.574 0.536 0.524 0.457 0.405 0.385 0.370 0.336 0.298 0.271 0.243 0.216 0.227 0.240 0.239 0.222 0.192 0.188 0.208 0.191 0.156 0.122 0.093 0.074 0.073 0.079 0.088 0.099 0.117 0.138 0.155 0.170 0.181
0.000 0.000 0.000 0.000 0.000 0.000 0.000 0.000 0.000 0.000 0.000 0.000 0.000 0.000 0.000 0.000 0.000 0.000 0.000 0.000 0.000 0.000 0.000 0.000 0.000 0.000 0.000 0.000 0.000 0.000 0.028 0.105 0.074 0.037 0.051 0.067 0.085 0.111 0.144 0.196 0.259 0.338 0.422 0.517 0.623 0.747 0.835 0.905 0.928 0.911 0.883 0.839 0.767 0.697 0.586 0.456 0.336 0.234 0.179 0.158 0.163 0.174 0.190 0.191 0.180 0.154 0.132 0.110 0.094 0.090 0.097 0.105 0.115 0.121 0.126 0.133 0.142
0.000 0.000 0.000 0.000 0.000 0.000 0.000 0.000 0.000 0.000 0.000 0.000 0.000 0.000 0.000 0.000 0.000 0.000 0.000 0.000 0.000 0.000 0.000 0.000 0.000 0.000 0.000 0.000 0.000 0.000 0.000 0.062 0.171 0.121 0.013 0.016 0.024 0.035 0.047 0.061 0.081 0.109 0.142 0.182 0.226 0.267 0.317 0.356 0.379 0.369 0.367 0.359 0.367 0.370 0.341 0.306 0.268 0.229 0.196 0.169 0.171 0.178 0.187 0.193 0.191 0.184 0.168 0.150 0.129 0.112 0.086 0.084 0.093 0.107 0.118 0.129 0.132
0.000 0.000 0.000 0.000 0.000 0.000 0.000 0.000 0.000 0.000 0.000 0.000 0.000 0.000 0.000 0.000 0.000 0.000 0.000 0.000 0.000 0.000 0.000 0.000 0.000 0.000 0.000 0.000 0.000 0.000 0.000 0.000 0.053 0.331 0.027 0.008 0.010 0.012 0.015 0.017 0.017 0.018 0.024 0.035 0.050 0.067 0.084 0.107 0.137 0.174 0.204 0.236 0.273 0.303 0.314 0.310 0.294 0.275 0.250 0.219 0.177 0.175 0.185 0.193 0.203 0.211 0.214 0.212 0.208 0.205 0.185 0.157 0.147 0.144 0.131 0.123 0.123
0.000 0.000 0.000 0.000 0.000 0.000 0.000 0.000 0.000 0.000 0.000 0.000 0.000 0.000 0.000 0.000 0.000 0.000 0.000 0.000 0.000 0.000 0.000 0.000 0.000 0.000 0.000 0.000 0.000 0.000 0.000 0.000 0.007 0.114 0.034 0.009 0.009 0.010 0.013 0.017 0.019 0.015 0.012 0.013 0.019 0.026 0.032 0.042 0.062 0.091 0.114 0.142 0.176 0.215 0.249 0.270 0.278 0.285 0.292 0.271 0.217 0.179 0.160 0.164 0.174 0.195 0.222 0.249 0.275 0.299 0.315 0.319 0.299 0.278 0.241 0.202 0.168
0.000 0.000 0.000 0.000 0.000 0.000 0.000 0.000 0.000 0.000 0.000 0.000 0.000 0.000 0.000 0.000 0.000 0.000 0.000 0.000 0.000 0.000 0.000 0.000 0.000 0.000 0.000 0.000 0.000 0.000 0.000 0.000 0.014 0.113 0.025 0.009 0.008 0.010 0.012 0.014 0.017 0.019 0.017 0.014 0.013 0.015 0.017 0.020 0.028 0.041 0.061 0.080 0.110 0.148 0.186 0.221 0.250 0.282 0.319 0.316 0.271 0.214 0.165 0.140 0.137 0.142 0.153 0.160 0.166 0.172 0.178 0.180 0.174 0.158 0.150 0.153 0.158
0.000 0.000 0.000 0.000 0.000 0.000 0.000 0.000 0.000 0.000 0.000 0.000 0.000 0.000 0.000 0.000 0.000 0.000 0.000 0.000 0.000 0.000 0.000 0.000 0.000 0.000 0.000 0.000 0.000 0.000 0.000 0.000 0.021 0.145 0.031 0.012 0.009 0.009 0.009 0.010 0.011 0.014 0.018 0.018 0.017 0.016 0.015 0.014 0.016 0.023 0.034 0.049 0.073 0.100 0.133 0.173 0.217 0.267 0.317 0.341 0.329 0.276 0.218 0.170 0.153 0.149 0.146 0.139 0.127 0.123 0.128 0.142 0.150 0.145 0.139 0.137 0.141
0.000 0.000 0.000 0.000 0.000 0.000 0.000 0.000 0.000 0.000 0.000 0.000 0.000 0.000 0.000 0.000 0.000 0.000 0.000 0.000 0.000 0.000 0.000 0.000 0.000 0.000 0.000 0.000 0.000 0.000 0.000 0.000 0.002 0.156 0.104 0.021 0.015 0.012 0.008 0.007 0.008 0.009 0.011 0.015 0.018 0.018 0.018 0.016 0.015 0.018 0.022 0.032 0.046 0.068 0.097 0.131 0.171 0.218 0.262 0.299 0.313 0.304 0.256 0.180 0.135 0.124 0.126 0.121 0.110 0.099 0.101 0.116 0.132 0.143 0.153 0.160 0.162
0.000 0.000 0.000 0.000 0.000 0.000 0.000 0.000 0.000 0.000 0.000 0.000 0.000 0.000 0.000 0.000 0.000 0.000 0.000 0.000 0.000 0.000 0.000 0.000 0.000 0.000 0.000 0.000 0.000 0.000 0.000 0.000 0.000 0.082 0.124 0.027 0.023 0.020 0.014 0.010 0.008 0.008 0.009 0.011 0.014 0.017 0.020 0.018 0.016 0.016 0.017 0.020 0.026 0.041 0.060 0.082 0.111 0.152 0.197 0.224 0.243 0.268 0.250 0.196 0.136 0.106 0.096 0.094 0.098 0.104 0.107 0.106 0.109 0.122 0.141 0.162 0.181
0.000 0.000 0.000 0.000 0.000 0.000 0.000 0.000 0.000 0.000 0.000 0.000 0.000 0.000 0.000 0.000 0.000 0.000 0.000 0.000 0.000 0.000 0.000 0.000 0.000 0.000 0.000 0.000 0.000 0.000 0.000 0.000 0.000 0.046 0.089 0.028 0.028 0.027 0.024 0.018 0.013 0.011 0.011 0.011 0.012 0.016 0.019 0.020 0.018 0.017 0.016 0.017 0.020 0.025 0.031 0.043 0.064 0.102 0.155 0.187 0.197 0.214 0.225 0.207 0.162 0.120 0.094 0.082 0.084 0.093 0.102 0.104 0.101 0.096 0.091 0.098 0.119
0.000 0.000 0.000 0.000 0.000 0.000 0.000 0.000 0.000 0.000 0.000 0.000 0.000 0.000 0.000 0.000 0.000 0.000 0.000 0.000 0.000 0.000 0.000 0.000 0.000 0.000 0.000 0.000 0.000 0.000 0.000 0.000 0.000 0.032 0.085 0.025 0.026 0.026 0.028 0.026 0.020 0.014 0.011 0.011 0.012 0.013 0.014 0.016 0.017 0.017 0.017 0.017 0.017 0.018 0.021 0.027 0.041 0.071 0.128 0.173 0.174 0.182 0.201 0.199 0.180 0.148 0.118 0.098 0.084 0.081 0.084 0.090 0.097 0.095 0.082 0.072 0.076
0.000 0.000 0.000 0.000 0.000 0.000 0.000 0.000 0.000 0.000 0.000 0.000 0.000 0.000 0.000 0.000 0.000 0.000 0.000 0.000 0.000 0.000 0.000 0.000 0.000 0.000 0.000 0.000 0.000 0.000 0.000 0.000 0.000 0.011 0.087 0.024 0.021 0.026 0.030 0.030 0.028 0.021 0.014 0.011 0.009 0.009 0.010 0.012 0.014 0.016 0.017 0.016 0.015 0.015 0.016 0.020 0.028 0.050 0.101 0.158 0.175 0.174 0.182 0.192 0.189 0.172 0.153 0.130 0.106 0.088 0.081 0.084 0.092 0.095 0.091 0.085 0.083
0.000 0.000 0.000 0.000 0.000 0.000 0.000 0.000 0.000 0.000 0.000 0.000 0.000 0.000 0.000 0.000 0.000 0.000 0.000 0.000 0.000 0.000 0.000 0.000 0.000 0.000 0.000 0.000 0.000 0.000 0.000 0.000 0.000 0.001 0.067 0.038 0.017 0.021 0.027 0.033 0.035 0.034 0.027 0.018 0.011 0.009 0.010 0.012 0.014 0.016 0.018 0.018 0.015 0.014 0.015 0.017 0.023 0.037 0.074 0.132 0.173 0.174 0.174 0.183 0.187 0.184 0.180 0.171 0.156 0.132 0.107 0.092 0.091 0.093 0.098 0.103 0.104
0.000 0.000 0.000 0.000 0.000 0.000 0.000 0.000 0.000 0.000 0.000 0.000 0.000 0.000 0.000 0.000 0.000 0.000 0.000 0.000 0.000 0.000 0.000 0.000 0.000 0.000 0.000 0.000 0.000 0.000 0.000 0.000 0.000 0.000 0.042 0.066 0.014 0.016 0.017 0.022 0.030 0.039 0.042 0.038 0.030 0.020 0.014 0.015 0.017 0.019 0.020 0.021 0.019 0.018 0.018 0.020 0.023 0.031 0.054 0.101 0.151 0.167 0.170 0.177 0.181 0.185 0.188 0.190 0.189 0.175 0.157 0.130 0.105 0.096 0.099 0.106 0.112
0.000 0.000 0.000 0.000 0.000 0.000 0.000 0.000 0.000 0.000 0.000 0.000 0.000 0.000 0.000 0.000 0.000 0.000 0.000 0.000 0.000 0.000 0.000 0.000 0.000 0.000 0.000 0.000 0.000 0.000 0.000 0.000 0.000 0.000 0.012 0.077 0.083 0.013 0.010 0.011 0.015 0.021 0.029 0.037 0.042 0.038 0.028 0.023 0.022 0.022 0.023 0.024 0.024 0.024 0.025 0.025 0.024 0.028 0.040 0.071 0.113 0.139 0.154 0.171 0.186 0.194 0.199 0.204 0.203 0.201 0.204 0.179 0.152 0.134 0.121 0.114 0.117
0.000 0.000 0.000 0.000 0.000 0.000 0.000 0.000 0.000 0.000 0.000 0.000 0.000 0.000 0.000 0.000 0.000 0.000 0.000 0.000 0.000 0.000 0.000 0.000 0.000 0.000 0.000 0.000 0.000 0.000 0.000 0.000 0.000 0.000 0.000 0.012 0.094 0.053 0.006 0.007 0.008 0.010 0.013 0.018 0.026 0.032 0.032 0.025 0.020 0.019 0.020 0.022 0.022 0.022 0.022 0.022 0.023 0.024 0.029 0.044 0.072 0.105 0.128 0.144 0.163 0.182 0.200 0.214 0.229 0.242 0.245 0.234 0.225 0.209 0.192 0.174 0.153
0.000 0.000 0.000 0.000 0.000 0.000 0.000 0.000 0.000 0.000 0.000 0.000 0.000 0.000 0.000 0.000 0.000 0.000 0.000 0.000 0.000 0.000 0.000 0.000 0.000 0.000 0.000 0.000 0.000 0.000 0.000 0.000 0.000 0.000 0.000 0.000 0.025 0.091 0.025 0.012 0.012 0.013 0.013 0.016 0.019 0.025 0.030 0.027 0.023 0.020 0.019 0.020 0.021 0.020 0.020 0.021 0.021 0.023 0.026 0.031 0.043 0.068 0.089 0.100 0.114 0.133 0.152 0.174 0.197 0.220 0.237 0.250 0.260 0.274 0.292 0.295 0.295
0.000 0.000 0.000 0.000 0.000 0.000 0.000 0.000 0.000 0.000 0.000 0.000 0.000 0.000 0.000 0.000 0.000 0.000 0.000 0.000 0.000 0.000 0.000 0.000 0.000 0.000 0.000 0.000 0.000 0.000 0.000 0.000 0.000 0.000 0.000 0.000 0.003 0.064 0.046 0.018 0.017 0.017 0.018 0.018 0.019 0.021 0.026 0.030 0.032 0.030 0.026 0.026 0.027 0.029 0.029 0.027 0.027 0.027 0.028 0.032 0.039 0.049 0.060 0.069 0.080 0.095 0.108 0.117 0.128 0.147 0.166 0.185 0.208 0.239 0.281 0.325 0.371
0.000 0.000 0.000 0.000 0.000 0.000 0.000 0.000 0.000 0.000 0.000 0.000 0.000 0.000 0.000 0.000 0.000 0.000 0.000 0.000 0.000 0.000 0.000 0.000 0.000 0.000 0.000 0.000 0.000 0.000 0.000 0.000 0.000 0.000 0.000 0.000 0.000 0.021 0.057 0.017 0.011 0.010 0.010 0.010 0.012 0.016 0.020 0.026 0.034 0.042 0.050 0.056 0.059 0.058 0.056 0.054 0.054 0.052 0.047 0.044 0.042 0.042 0.046 0.054 0.063 0.071 0.077 0.079 0.084 0.089 0.095 0.105 0.119 0.133 0.148 0.163 0.186
0.000 0.000 0.000 0.000 0.000 0.000 0.000 0.000 0.000 0.000 0.000 0.000 0.000 0.000 0.000 0.000 0.000 0.000 0.000 0.000 0.000 0.000 0.000 0.000 0.000 0.000 0.000 0.000 0.000 0.000 0.000 0.000 0.000 0.000 0.000 0.000 0.000 0.004 0.050 0.028 0.013 0.010 0.010 0.010 0.011 0.012 0.012 0.011 0.012 0.014 0.019 0.022 0.021 0.017 0.015 0.016 0.019 0.024 0.030 0.029 0.027 0.027 0.031 0.038 0.050 0.060 0.068 0.072 0.073 0.072 0.071 0.076 0.088 0.101 0.110 0.112 0.118
0.000 0.000 0.000 0.000 0.000 0.000 0.000 0.000 0.000 0.000 0.000 0.000 0.000 0.000 0.000 0.000 0.000 0.000 0.000 0.000 0.000 0.000 0.000 0.000 0.000 0.000 0.000 0.000 0.000 0.000 0.000 0.000 0.000 0.000 0.000 0.000 0.000 0.000 0.035 0.034 0.015 0.014 0.015 0.016 0.018 0.019 0.019 0.018 0.016 0.016 0.018 0.019 0.019 0.018 0.014 0.011 0.008 0.009 0.010 0.010 0.012 0.014 0.017 0.023 0.034 0.049 0.066 0.077 0.082 0.082 0.083 0.086 0.093 0.101 0.103 0.103 0.105
0.000 0.000 0.000 0.000 0.000 0.000 0.000 0.000 0.000 0.000 0.000 0.000 0.000 0.000 0.000 0.000 0.000 0.000 0.000 0.000 0.000 0.000 0.000 0.000 0.000 0.000 0.000 0.000 0.000 0.000 0.000 0.000 0.000 0.000 0.000 0.000 0.000 0.000 0.036 0.032 0.011 0.013 0.014 0.015 0.015 0.016 0.017 0.019 0.020 0.021 0.021 0.019 0.020 0.023 0.024 0.025 0.023 0.020 0.015 0.011 0.010 0.008 0.009 0.012 0.017 0.027 0.043 0.060 0.075 0.085 0.090 0.086 0.077 0.070 0.070 0.078 0.087
0.000 0.000 0.000 0.000 0.000 0.000 0.000 0.000 0.000 0.000 0.000 0.000 0.000 0.000 0.000 0.000 0.000 0.000 0.000 0.000 0.000 0.000 0.000 0.000 0.000 0.000 0.000 0.000 0.000 0.000 0.000 0.000 0.000 0.000 0.000 0.000 0.000 0.000 0.051 0.034 0.008 0.007 0.007 0.008 0.009 0.009 0.009 0.009 0.009 0.011 0.010 0.009 0.009 0.012 0.015 0.020 0.024 0.026 0.027 0.027 0.023 0.016 0.011 0.009 0.011 0.013 0.017 0.025 0.040 0.050 0.046 0.046 0.039 0.031 0.035 0.043 0.056
0.000 0.000 0.000 0.000 0.000 0.000 0.000 0.000 0.000 0.000 0.000 0.000 0.000 0.000 0.000 0.000 0.000 0.000 0.000 0.000 0.000 0.000 0.000 0.000 0.000 0.000 0.000 0.000 0.000 0.000 0.000 0.000 0.000 0.000 0.000 0.000 0.000 0.000 0.039 0.032 0.010 0.007 0.006 0.007 0.007 0.007 0.008 0.008 0.008 0.008 0.008 0.007 0.006 0.004 0.004 0.006 0.007 0.010 0.015 0.021 0.028 0.034 0.028 0.016 0.010 0.012 0.015 0.019 0.027 0.027 0.024 0.024 0.024 0.022 0.020 0.024 0.034
0.000 0.000 0.000 0.000 0.000 0.000 0.000 0.000 0.000 0.000 0.000 0.000 0.000 0.000 0.000 0.000 0.000 0.000 0.000 0.000 0.000 0.000 0.000 0.000 0.000 0.000 0.000 0.000 0.000 0.000 0.000 0.000 0.000 0.000 0.000 0.000 0.000 0.000 0.039 0.035 0.011 0.009 0.008 0.007 0.007 0.007 0.009 0.009 0.009 0.009 0.009 0.010 0.010 0.007 0.004 0.003 0.003 0.003 0.003 0.005 0.011 0.021 0.031 0.033 0.026 0.017 0.013 0.015 0.017 0.018 0.018 0.017 0.018 0.020 0.018 0.018 0.022
0.000 0.000 0.000 0.000 0.000 0.000 0.000 0.000 0.000 0.000 0.000 0.000 0.000 0.000 0.000 0.000 0.000 0.000 0.000 0.000 0.000 0.000 0.000 0.000 0.000 0.000 0.000 0.000 0.000 0.000 0.000 0.000 0.000 0.000 0.000 0.000 0.000 0.000 0.063 0.048 0.010 0.011 0.010 0.008 0.006 0.006 0.007 0.007 0.008 0.008 0.008 0.009 0.011 0.012 0.011 0.010 0.006 0.002 0.001 0.001 0.002 0.006 0.013 0.020 0.022 0.019 0.015 0.012 0.014 0.014 0.015 0.015 0.015 0.017 0.019 0.018 0.019
0.000 0.000 0.000 0.000 0.000 0.000 0.000 0.000 0.000 0.000 0.000 0.000 0.000 0.000 0.000 0.000 0.000 0.000 0.000 0.000 0.000 0.000 0.000 0.000 0.000 0.000 0.000 0.000 0.000 0.000 0.000 0.000 0.000 0.000 0.000 0.000 0.000 0.000 0.072 0.054 0.009 0.011 0.011 0.010 0.008 0.008 0.007 0.007 0.007 0.007 0.007 0.007 0.007 0.008 0.009 0.008 0.008 0.005 0.002 0.001 0.001 0.002 0.006 0.012 0.017 0.018 0.016 0.014 0.014 0.014 0.014 0.014 0.013 0.014 0.017 0.019 0.021
0.000 0.000 0.000 0.000 0.000 0.000 0.000 0.000 0.000 0.000 0.000 0.000 0.000 0.000 0.000 0.000 0.000 0.000 0.000 0.000 0.000 0.000 0.000 0.000 0.000 0.000 0.000 0.000 0.000 0.000 0.000 0.000 0.000 0.000 0.000 0.000 0.000 0.000 0.035 0.037 0.009 0.010 0.012 0.013 0.011 0.010 0.009 0.008 0.008 0.008 0.008 0.008 0.007 0.007 0.007 0.007 0.008 0.006 0.004 0.002 0.002 0.003 0.004 0.008 0.013 0.013 0.014 0.014 0.014 0.014 0.014 0.013 0.012 0.012 0.013 0.018 0.020
0.000 0.000 0.000 0.000 0.000 0.000 0.000 0.000 0.000 0.000 0.000 0.000 0.000 0.000 0.000 0.000 0.000 0.000 0.000 0.000 0.000 0.000 0.000 0.000 0.000 0.000 0.000 0.000 0.000 0.000 0.000 0.000 0.000 0.000 0.000 0.000 0.000 0.000 0.014 0.034 0.012 0.011 0.012 0.013 0.013 0.012 0.011 0.011 0.011 0.011 0.010 0.010 0.010 0.010 0.009 0.009 0.010 0.009 0.006 0.005 0.004 0.005 0.006 0.009 0.012 0.013 0.013 0.015 0.015 0.015 0.014 0.015 0.018 0.020 0.021 0.022 0.021
0.000 0.000 0.000 0.000 0.000 0.000 0.000 0.000 0.000 0.000 0.000 0.000 0.000 0.000 0.000 0.000 0.000 0.000 0.000 0.000 0.000 0.000 0.000 0.000 0.000 0.000 0.000 0.000 0.000 0.000 0.000 0.000 0.000 0.000 0.000 0.000 0.000 0.000 0.005 0.017 0.011 0.010 0.011 0.012 0.013 0.013 0.012 0.012 0.012 0.013 0.013 0.013 0.013 0.014 0.014 0.014 0.015 0.013 0.010 0.008 0.006 0.006 0.008 0.010 0.013 0.016 0.016 0.016 0.018 0.019 0.018 0.019 0.018 0.018 0.017 0.018 0.020
0.000 0.000 0.000 0.000 0.000 0.000 0.000 0.000 0.000 0.000 0.000 0.000 0.000 0.000 0.000 0.000 0.000 0.000 0.000 0.000 0.000 0.000 0.000 0.000 0.000 0.000 0.000 0.000 0.000 0.000 0.000 0.000 0.000 0.000 0.000 0.000 0.000 0.000 0.000 0.009 0.007 0.008 0.009 0.011 0.012 0.012 0.013 0.012 0.013 0.014 0.014 0.014 0.015 0.016 0.016 0.017 0.018 0.018 0.016 0.013 0.009 0.008 0.009 0.011 0.014 0.017 0.017 0.014 0.013 0.016 0.017 0.016 0.011 0.009 0.009 0.010 0.011
0.000 0.000 0.000 0.000 0.000 0.000 0.000 0.000 0.000 0.000 0.000 0.000 0.000 0.000 0.000 0.000 0.000 0.000 0.000 0.000 0.000 0.000 0.000 0.000 0.000 0.000 0.000 0.000 0.000 0.000 0.000 0.000 0.000 0.000 0.000 0.000 0.000 0.000 0.000 0.004 0.004 0.004 0.006 0.008 0.010 0.011 0.013 0.014 0.013 0.013 0.014 0.015 0.015 0.016 0.017 0.018 0.019 0.022 0.023 0.022 0.019 0.015 0.013 0.013 0.015 0.017 0.016 0.012 0.009 0.009 0.011 0.014 0.012 0.009 0.008 0.007 0.007
