data/RealTopo/Outputs_RealTopo_V1/Wog_02_curv151s_MoT-Voellmy_h_max.asc
ncols        490
nrows        555
xllcorner    167452.5
yllcorner    361952.5
cellsize     5.00
NODATA_value -9999
[rows 408 to 441 of 555, columns 231 to 307 of 490]
0.006 0.008 0.008 0.008 0.010 0.012 0.017 0.023 0.031 0.037 0.041 0.044 0.046 0.049 0.056 0.066 0.084 0.101 0.120 0.136 0.143 0.137 0.134 0.141 0.162 0.190 0.226 0.274 0.329 0.386 0.434 0.482 0.536 0.596 0.663 0.732 0.798 0.835 0.883 0.942 0.997 1.058 1.113 1.158 1.500 1.500 1.526 1.814 1.897 1.948 1.867 1.616 1.564 1.627 1.500 1.500 1.500 1.500 1.534 1.559 1.517 1.512 1.500 1.500 1.500 1.534 1.577 1.776 2.137 2.556 2.626 2.873 2.852 2.645 2.524 2.206 1.719
0.007 0.007 0.008 0.009 0.009 0.010 0.013 0.017 0.024 0.031 0.035 0.038 0.040 0.044 0.048 0.053 0.061 0.076 0.097 0.123 0.150 0.155 0.140 0.140 0.150 0.171 0.207 0.252 0.303 0.351 0.395 0.446 0.506 0.566 0.634 0.691 0.734 0.781 0.831 0.895 0.954 1.003 1.055 1.091 1.148 1.500 1.501 1.730 1.791 1.796 1.699 1.600 1.613 1.539 1.500 1.500 1.533 1.586 1.611 1.577 1.521 1.565 1.546 1.512 1.500 1.500 1.533 1.705 1.974 2.303 2.453 2.707 2.921 2.803 2.576 2.311 1.898
0.013 0.010 0.009 0.008 0.008 0.010 0.013 0.016 0.019 0.023 0.028 0.033 0.039 0.046 0.048 0.048 0.050 0.058 0.071 0.097 0.133 0.153 0.151 0.148 0.149 0.163 0.189 0.223 0.261 0.307 0.366 0.424 0.480 0.537 0.604 0.665 0.713 0.759 0.797 0.849 0.896 0.961 1.008 1.058 1.123 1.169 1.500 1.554 1.604 1.577 1.609 1.615 1.603 1.594 1.548 1.564 1.623 1.668 1.654 1.616 1.592 1.597 1.593 1.571 1.535 1.513 1.533 1.659 1.849 2.097 2.361 2.601 2.849 2.905 2.722 2.480 2.098
0.010 0.010 0.009 0.007 0.006 0.007 0.010 0.014 0.017 0.021 0.024 0.029 0.036 0.041 0.046 0.048 0.050 0.053 0.060 0.075 0.100 0.126 0.145 0.151 0.154 0.155 0.170 0.194 0.227 0.278 0.337 0.394 0.450 0.515 0.574 0.617 0.661 0.729 0.785 0.814 0.862 0.926 0.966 1.029 1.076 1.117 1.500 1.500 1.500 1.500 1.506 1.524 1.601 1.677 1.690 1.660 1.672 1.697 1.694 1.703 1.664 1.655 1.651 1.650 1.596 1.568 1.564 1.623 1.760 1.999 2.262 2.486 2.625 2.928 2.962 2.700 2.245
0.007 0.008 0.010 0.012 0.016 0.019 0.021 0.024 0.027 0.027 0.026 0.027 0.029 0.032 0.038 0.044 0.049 0.054 0.060 0.070 0.081 0.097 0.115 0.133 0.140 0.146 0.157 0.175 0.210 0.255 0.304 0.352 0.405 0.471 0.524 0.572 0.641 0.702 0.750 0.799 0.849 0.892 0.942 0.986 1.023 1.077 1.117 1.500 1.500 1.500 1.500 1.543 1.652 1.763 1.791 1.749 1.692 1.696 1.748 1.773 1.746 1.724 1.700 1.751 1.655 1.636 1.627 1.630 1.724 1.894 2.095 2.386 2.657 2.879 3.035 2.883 2.464
0.006 0.008 0.011 0.014 0.017 0.024 0.032 0.039 0.045 0.048 0.047 0.044 0.042 0.040 0.039 0.039 0.043 0.051 0.058 0.059 0.062 0.069 0.084 0.102 0.120 0.135 0.148 0.169 0.201 0.235 0.273 0.316 0.371 0.432 0.480 0.536 0.599 0.661 0.723 0.772 0.820 0.878 0.920 0.950 0.997 1.049 1.077 1.500 1.500 1.500 1.540 1.627 1.712 1.783 1.812 1.761 1.713 1.720 1.765 1.826 1.835 1.791 1.746 1.794 1.702 1.663 1.659 1.660 1.719 1.818 1.986 2.286 2.672 2.918 3.017 3.021 2.728
0.009 0.011 0.017 0.025 0.035 0.042 0.042 0.036 0.029 0.026 0.027 0.027 0.027 0.028 0.028 0.029 0.031 0.034 0.039 0.042 0.044 0.052 0.067 0.083 0.103 0.124 0.145 0.166 0.189 0.214 0.244 0.286 0.335 0.391 0.451 0.504 0.551 0.615 0.688 0.740 0.789 0.843 0.897 0.934 0.979 1.022 1.052 1.077 1.500 1.505 1.617 1.717 1.750 1.775 1.797 1.757 1.707 1.759 1.831 1.899 1.928 1.877 1.816 1.792 1.723 1.657 1.661 1.699 1.716 1.797 1.936 2.181 2.542 2.879 3.035 3.004 2.852
0.017 0.025 0.034 0.040 0.036 0.024 0.012 0.007 0.006 0.007 0.008 0.009 0.011 0.013 0.015 0.018 0.020 0.023 0.027 0.033 0.041 0.050 0.058 0.071 0.090 0.111 0.134 0.153 0.169 0.192 0.223 0.258 0.301 0.354 0.415 0.468 0.515 0.580 0.648 0.704 0.761 0.817 0.866 0.914 0.954 0.978 1.028 1.067 1.113 1.500 1.562 1.705 1.784 1.787 1.800 1.770 1.682 1.766 1.865 1.909 1.936 1.951 1.910 1.829 1.732 1.675 1.676 1.702 1.714 1.780 1.936 2.166 2.495 2.830 2.940 2.976 3.044
0.035 0.036 0.031 0.021 0.010 0.005 0.005 0.005 0.006 0.006 0.007 0.008 0.008 0.010 0.012 0.015 0.017 0.020 0.025 0.030 0.038 0.045 0.052 0.063 0.077 0.094 0.114 0.136 0.157 0.181 0.205 0.231 0.274 0.323 0.376 0.433 0.489 0.542 0.594 0.664 0.735 0.779 0.821 0.880 0.933 0.966 1.008 1.057 1.110 1.500 1.500 1.619 1.796 1.789 1.800 1.802 1.666 1.744 1.848 1.915 1.986 2.040 2.005 1.897 1.788 1.721 1.708 1.714 1.720 1.771 1.901 2.138 2.476 2.760 2.829 3.010 3.248
0.026 0.016 0.007 0.004 0.004 0.004 0.005 0.005 0.006 0.007 0.008 0.008 0.009 0.011 0.013 0.015 0.018 0.021 0.023 0.026 0.031 0.037 0.044 0.053 0.064 0.078 0.096 0.119 0.147 0.173 0.190 0.215 0.252 0.293 0.344 0.400 0.453 0.505 0.564 0.630 0.691 0.749 0.792 0.840 0.912 0.961 0.990 1.040 1.086 1.118 1.500 1.570 1.683 1.695 1.729 1.769 1.615 1.698 1.809 1.924 2.027 2.096 2.094 2.002 1.881 1.778 1.752 1.748 1.723 1.760 1.893 2.102 2.398 2.670 2.836 3.059 3.287
0.003 0.003 0.003 0.003 0.003 0.003 0.004 0.004 0.005 0.005 0.006 0.006 0.008 0.009 0.010 0.011 0.013 0.016 0.018 0.021 0.025 0.029 0.035 0.041 0.051 0.063 0.079 0.099 0.125 0.155 0.182 0.205 0.230 0.266 0.316 0.366 0.419 0.475 0.535 0.601 0.656 0.710 0.762 0.824 0.888 0.937 0.970 1.020 1.063 1.104 1.158 1.500 1.500 1.540 1.566 1.612 1.585 1.684 1.827 1.979 2.089 2.153 2.190 2.152 2.016 1.887 1.839 1.798 1.779 1.796 1.883 2.041 2.322 2.630 2.799 3.039 3.297
0.001 0.002 0.002 0.002 0.003 0.003 0.003 0.003 0.003 0.004 0.004 0.004 0.004 0.005 0.005 0.006 0.007 0.008 0.011 0.014 0.017 0.021 0.026 0.032 0.037 0.045 0.057 0.072 0.096 0.126 0.157 0.185 0.208 0.235 0.275 0.328 0.387 0.438 0.495 0.558 0.622 0.678 0.731 0.798 0.865 0.904 0.938 0.989 1.057 1.102 1.100 1.500 1.500 1.500 1.500 1.511 1.603 1.709 1.833 1.981 2.142 2.243 2.275 2.271 2.177 2.025 1.907 1.854 1.823 1.818 1.893 2.020 2.290 2.626 2.781 3.040 3.351
0.001 0.001 0.001 0.001 0.002 0.002 0.002 0.003 0.003 0.003 0.003 0.003 0.003 0.003 0.003 0.003 0.004 0.005 0.006 0.008 0.010 0.014 0.019 0.023 0.027 0.032 0.041 0.052 0.068 0.092 0.124 0.159 0.181 0.203 0.241 0.296 0.354 0.403 0.461 0.516 0.584 0.649 0.723 0.775 0.820 0.850 0.900 0.948 1.033 1.061 1.066 1.111 1.500 1.500 1.500 1.560 1.645 1.743 1.875 2.019 2.190 2.318 2.406 2.412 2.330 2.170 2.017 1.930 1.876 1.854 1.897 2.007 2.252 2.623 2.788 3.052 3.381
0.000 0.001 0.001 0.001 0.001 0.001 0.001 0.002 0.002 0.002 0.002 0.002 0.002 0.002 0.003 0.003 0.003 0.004 0.004 0.005 0.007 0.009 0.012 0.015 0.019 0.024 0.031 0.040 0.050 0.066 0.093 0.131 0.161 0.179 0.217 0.260 0.310 0.365 0.423 0.475 0.532 0.600 0.667 0.721 0.757 0.781 0.870 0.937 0.982 1.001 1.099 1.181 1.500 1.500 1.511 1.617 1.715 1.807 1.935 2.063 2.205 2.359 2.503 2.552 2.509 2.353 2.184 2.060 1.957 1.882 1.884 1.977 2.217 2.620 2.793 3.055 3.350
0.000 0.000 0.000 0.001 0.001 0.001 0.001 0.001 0.001 0.001 0.001 0.001 0.002 0.002 0.002 0.003 0.003 0.003 0.003 0.004 0.005 0.006 0.007 0.010 0.014 0.017 0.023 0.030 0.038 0.051 0.070 0.101 0.133 0.158 0.182 0.216 0.259 0.315 0.368 0.419 0.487 0.555 0.598 0.656 0.702 0.774 0.869 0.926 0.943 1.008 1.131 1.228 1.308 1.500 1.553 1.682 1.773 1.881 1.988 2.093 2.212 2.388 2.567 2.694 2.705 2.586 2.386 2.210 2.081 1.946 1.900 1.957 2.138 2.573 2.801 3.081 3.274
0.000 0.000 0.000 0.000 0.000 0.001 0.001 0.001 0.001 0.001 0.001 0.001 0.001 0.002 0.002 0.002 0.002 0.003 0.003 0.003 0.004 0.005 0.006 0.008 0.010 0.012 0.017 0.023 0.030 0.041 0.055 0.074 0.104 0.131 0.147 0.175 0.215 0.259 0.311 0.376 0.443 0.505 0.560 0.621 0.678 0.767 0.849 0.910 0.954 1.033 1.145 1.260 1.354 1.454 1.575 1.680 1.781 1.923 2.018 2.157 2.305 2.455 2.640 2.830 2.930 2.867 2.627 2.409 2.229 2.056 1.964 1.945 2.064 2.542 2.817 3.067 3.092
0.000 0.000 0.000 0.000 0.000 0.000 0.000 0.001 0.001 0.001 0.001 0.001 0.001 0.001 0.001 0.002 0.002 0.002 0.003 0.003 0.004 0.004 0.005 0.006 0.008 0.009 0.013 0.018 0.023 0.032 0.043 0.057 0.080 0.105 0.125 0.144 0.174 0.215 0.274 0.331 0.394 0.452 0.523 0.591 0.659 0.748 0.810 0.878 0.964 1.063 1.164 1.280 1.348 1.434 1.538 1.668 1.802 1.946 2.048 2.213 2.378 2.529 2.736 2.969 3.140 3.154 2.899 2.663 2.447 2.193 2.024 1.987 2.052 2.489 2.718 2.946 2.734
0.000 0.000 0.000 0.000 0.000 0.000 0.000 0.000 0.000 0.000 0.000 0.001 0.001 0.001 0.001 0.001 0.001 0.002 0.002 0.003 0.003 0.003 0.004 0.005 0.006 0.008 0.010 0.014 0.018 0.024 0.033 0.044 0.059 0.082 0.106 0.124 0.146 0.187 0.235 0.288 0.346 0.399 0.461 0.535 0.621 0.706 0.785 0.884 0.974 1.053 1.147 1.243 1.299 1.401 1.507 1.660 1.812 1.948 2.073 2.252 2.454 2.632 2.839 3.124 3.365 3.440 3.191 2.944 2.649 2.327 2.110 2.050 2.087 2.403 2.588 2.688 2.315
0.000 0.000 0.000 0.000 0.000 0.000 0.000 0.000 0.000 0.000 0.000 0.000 0.001 0.001 0.001 0.001 0.001 0.001 0.002 0.002 0.002 0.003 0.003 0.004 0.005 0.006 0.008 0.010 0.013 0.018 0.024 0.031 0.041 0.057 0.078 0.102 0.132 0.158 0.190 0.236 0.286 0.341 0.410 0.489 0.568 0.655 0.759 0.859 0.949 1.044 1.128 1.203 1.307 1.411 1.500 1.638 1.785 1.944 2.107 2.301 2.537 2.804 3.038 3.279 3.546 3.782 3.614 3.328 2.976 2.554 2.250 2.165 2.138 2.254 2.347 2.197 1.982
0.000 0.000 0.000 0.000 0.000 0.000 0.000 0.000 0.000 0.000 0.000 0.000 0.000 0.000 0.000 0.001 0.001 0.001 0.001 0.001 0.002 0.002 0.003 0.004 0.004 0.005 0.006 0.008 0.010 0.013 0.016 0.021 0.026 0.037 0.051 0.073 0.100 0.127 0.155 0.190 0.233 0.292 0.354 0.423 0.505 0.601 0.694 0.785 0.885 1.015 1.104 1.195 1.325 1.393 1.497 1.634 1.785 1.987 2.206 2.429 2.651 3.004 3.346 3.488 3.727 4.055 4.009 3.763 3.403 2.818 2.367 2.277 2.241 2.170 1.985 1.845 1.800
0.000 0.000 0.000 0.000 0.000 0.000 0.000 0.000 0.000 0.000 0.000 0.000 0.000 0.000 0.000 0.000 0.000 0.001 0.001 0.001 0.001 0.002 0.002 0.003 0.004 0.005 0.006 0.007 0.008 0.010 0.012 0.015 0.019 0.025 0.033 0.045 0.063 0.090 0.119 0.145 0.179 0.224 0.286 0.363 0.420 0.521 0.617 0.699 0.815 0.948 1.088 1.191 1.280 1.366 1.541 1.708 1.896 2.110 2.361 2.590 2.886 3.270 3.616 3.831 4.076 4.362 4.428 4.172 3.829 3.048 2.364 2.316 2.288 2.087 1.786 1.744 1.731
0.000 0.000 0.000 0.000 0.000 0.000 0.000 0.000 0.000 0.000 0.000 0.000 0.000 0.000 0.000 0.000 0.000 0.000 0.000 0.001 0.001 0.001 0.002 0.002 0.003 0.004 0.005 0.006 0.007 0.008 0.010 0.012 0.015 0.019 0.025 0.032 0.043 0.059 0.080 0.104 0.131 0.174 0.232 0.280 0.344 0.416 0.487 0.617 0.748 0.861 1.021 1.147 1.286 1.443 1.633 1.826 2.048 2.282 2.522 2.775 3.116 3.446 3.806 4.054 4.370 4.752 5.071 4.782 4.543 3.439 2.657 3.176 3.316 2.583 1.964 1.868 1.782
0.000 0.000 0.000 0.000 0.000 0.000 0.000 0.000 0.000 0.000 0.000 0.000 0.000 0.000 0.000 0.000 0.000 0.000 0.000 0.000 0.000 0.001 0.001 0.001 0.001 0.002 0.003 0.004 0.005 0.006 0.008 0.010 0.013 0.016 0.020 0.024 0.032 0.042 0.057 0.074 0.098 0.130 0.166 0.199 0.265 0.315 0.410 0.527 0.643 0.767 0.921 1.093 1.295 1.498 1.731 1.933 2.173 2.432 2.671 2.957 3.255 3.694 4.258 4.822 5.346 5.735 5.945 5.213 4.892 2.999 1.964 2.128 2.050 1.902 1.806 1.657 1.549
0.000 0.000 0.000 0.000 0.000 0.000 0.000 0.000 0.000 0.000 0.000 0.000 0.000 0.000 0.000 0.000 0.000 0.000 0.000 0.000 0.000 0.000 0.000 0.001 0.001 0.001 0.001 0.002 0.003 0.004 0.005 0.007 0.009 0.013 0.016 0.019 0.023 0.030 0.041 0.056 0.072 0.090 0.110 0.149 0.200 0.257 0.334 0.425 0.537 0.670 0.824 1.007 1.209 1.472 1.741 1.974 2.207 2.465 2.819 3.308 3.834 4.399 5.040 5.891 6.327 6.106 5.276 3.826 2.898 2.087 1.665 1.595 1.681 1.783 1.785 1.677 1.554
0.000 0.000 0.000 0.000 0.000 0.000 0.000 0.000 0.000 0.000 0.000 0.000 0.000 0.000 0.000 0.000 0.000 0.000 0.000 0.000 0.000 0.000 0.000 0.000 0.000 0.001 0.001 0.001 0.001 0.002 0.003 0.004 0.006 0.008 0.011 0.014 0.016 0.021 0.029 0.040 0.052 0.065 0.082 0.113 0.152 0.203 0.263 0.340 0.434 0.546 0.675 0.836 1.061 1.327 1.546 1.803 2.134 2.594 3.211 3.886 4.510 5.039 5.533 5.652 4.714 4.033 2.926 2.390 2.187 1.909 1.673 1.617 1.699 1.840 1.932 1.818 1.664
0.000 0.000 0.000 0.000 0.000 0.000 0.000 0.000 0.000 0.000 0.000 0.000 0.000 0.000 0.000 0.000 0.000 0.000 0.000 0.000 0.000 0.000 0.000 0.000 0.000 0.000 0.000 0.000 0.001 0.001 0.002 0.002 0.003 0.005 0.007 0.009 0.011 0.015 0.019 0.026 0.035 0.045 0.061 0.081 0.108 0.145 0.194 0.257 0.332 0.426 0.531 0.661 0.836 1.019 1.212 1.506 1.936 2.528 3.222 3.848 4.444 4.767 4.525 3.651 2.627 2.077 1.950 2.107 2.240 2.150 1.942 1.776 1.741 1.890 1.994 1.900 1.725
0.000 0.000 0.000 0.000 0.000 0.000 0.000 0.000 0.000 0.000 0.000 0.000 0.000 0.000 0.000 0.000 0.000 0.000 0.000 0.000 0.000 0.000 0.000 0.000 0.000 0.000 0.000 0.000 0.000 0.001 0.001 0.002 0.002 0.003 0.003 0.005 0.007 0.009 0.012 0.017 0.022 0.030 0.042 0.057 0.076 0.099 0.134 0.180 0.243 0.325 0.418 0.521 0.639 0.748 0.867 1.071 1.309 1.534 1.703 1.974 2.734 3.458 2.745 1.662 1.572 1.590 1.816 2.125 2.347 2.357 2.117 1.808 1.721 1.819 1.944 1.914 1.750
0.000 0.000 0.000 0.000 0.000 0.000 0.000 0.000 0.000 0.000 0.000 0.000 0.000 0.000 0.000 0.000 0.000 0.000 0.000 0.000 0.000 0.000 0.000 0.000 0.000 0.000 0.000 0.000 0.000 0.001 0.001 0.002 0.002 0.002 0.002 0.003 0.004 0.005 0.007 0.010 0.014 0.020 0.028 0.037 0.051 0.068 0.092 0.121 0.169 0.230 0.306 0.400 0.506 0.599 0.745 0.964 1.079 1.153 1.202 1.242 1.763 1.868 1.500 1.500 1.572 1.500 1.746 1.984 2.255 2.404 2.202 1.854 1.660 1.690 1.867 1.888 1.818
0.000 0.000 0.000 0.000 0.000 0.000 0.000 0.000 0.000 0.000 0.000 0.000 0.000 0.000 0.000 0.000 0.000 0.000 0.000 0.000 0.000 0.000 0.000 0.000 0.000 0.000 0.000 0.000 0.000 0.000 0.001 0.002 0.002 0.002 0.002 0.003 0.003 0.003 0.004 0.005 0.008 0.012 0.018 0.025 0.032 0.041 0.056 0.079 0.107 0.143 0.204 0.287 0.382 0.505 0.717 0.909 0.992 1.061 1.103 1.110 1.104 1.500 1.500 1.500 1.500 1.516 1.602 1.783 2.098 2.411 2.294 1.928 1.640 1.618 1.772 1.831 1.794
0.000 0.000 0.000 0.000 0.000 0.000 0.000 0.000 0.000 0.000 0.000 0.000 0.000 0.000 0.000 0.000 0.000 0.000 0.000 0.000 0.000 0.000 0.000 0.000 0.000 0.000 0.000 0.000 0.000 0.000 0.000 0.001 0.002 0.002 0.003 0.003 0.003 0.003 0.003 0.004 0.004 0.006 0.009 0.015 0.021 0.027 0.035 0.049 0.068 0.093 0.129 0.180 0.263 0.394 0.585 0.753 0.854 0.944 0.947 1.002 1.060 1.500 1.500 1.502 1.546 1.569 1.561 1.616 1.906 2.360 2.339 1.985 1.680 1.581 1.690 1.716 1.651
0.000 0.000 0.000 0.000 0.000 0.000 0.000 0.000 0.000 0.000 0.000 0.000 0.000 0.000 0.000 0.000 0.000 0.000 0.000 0.000 0.000 0.000 0.000 0.000 0.000 0.000 0.000 0.000 0.000 0.000 0.000 0.001 0.001 0.002 0.002 0.003 0.003 0.003 0.003 0.003 0.004 0.004 0.005 0.007 0.012 0.019 0.026 0.035 0.045 0.062 0.086 0.120 0.171 0.264 0.420 0.564 0.669 0.725 0.834 0.992 1.094 1.199 1.500 1.500 1.649 1.685 1.655 1.612 1.630 2.107 2.222 1.963 1.734 1.592 1.624 1.627 1.515
0.000 0.000 0.000 0.000 0.000 0.000 0.000 0.000 0.000 0.000 0.000 0.000 0.000 0.000 0.000 0.000 0.000 0.000 0.000 0.000 0.000 0.000 0.000 0.000 0.000 0.000 0.000 0.000 0.000 0.000 0.000 0.000 0.001 0.001 0.002 0.002 0.003 0.003 0.003 0.004 0.004 0.004 0.004 0.005 0.007 0.011 0.016 0.022 0.030 0.042 0.059 0.084 0.122 0.194 0.284 0.363 0.467 0.583 0.778 0.935 1.067 1.205 1.500 1.500 1.520 1.686 1.679 1.500 1.500 1.805 1.936 1.774 1.619 1.532 1.542 1.588 1.500
0.000 0.000 0.000 0.000 0.000 0.000 0.000 0.000 0.000 0.000 0.000 0.000 0.000 0.000 0.000 0.000 0.000 0.000 0.000 0.000 0.000 0.000 0.000 0.000 0.000 0.000 0.000 0.000 0.000 0.000 0.000 0.000 0.000 0.001 0.001 0.001 0.002 0.003 0.003 0.004 0.005 0.005 0.005 0.006 0.007 0.008 0.010 0.014 0.020 0.029 0.041 0.058 0.090 0.142 0.195 0.249 0.318 0.456 0.628 0.809 0.994 1.154 1.288 1.500 1.504 1.500 1.526 1.500 1.500 1.564 1.629 1.507 1.530 1.537 1.505 1.539 1.500
0.000 0.000 0.000 0.000 0.000 0.000 0.000 0.000 0.000 0.000 0.000 0.000 0.000 0.000 0.000 0.000 0.000 0.000 0.000 0.000 0.000 0.000 0.000 0.000 0.000 0.000 0.000 0.000 0.000 0.000 0.000 0.000 0.000 0.000 0.000 0.001 0.001 0.002 0.002 0.003 0.004 0.005 0.006 0.006 0.007 0.008 0.009 0.011 0.015 0.019 0.026 0.041 0.067 0.096 0.133 0.192 0.265 0.347 0.468 0.648 0.842 1.037 1.248 1.500 1.500 1.500 1.500 1.500 1.500 1.500 1.500 1.500 1.598 1.649 1.622 1.570 1.572
