data/RealTopo/Outputs_RealTopo_V1/Wog_02_curv151s_MoT-Voellmy_h_max.asc
ncols        490
nrows        555
xllcorner    167452.5
yllcorner    361952.5
cellsize     5.00
NODATA_value -9999
[rows 272 to 305 of 555, columns 231 to 307 of 490]
6.042 8.277 10.376 12.588 14.189 14.807 15.304 12.427 10.109 5.508 1.652 1.650 1.578 1.523 1.477 1.382 1.159 1.031 0.943 0.896 0.783 0.681 0.587 0.478 0.377 0.287 0.215 0.153 0.114 0.079 0.056 0.037 0.027 0.021 0.020 0.023 0.026 0.030 0.037 0.047 0.057 0.068 0.081 0.103 0.132 0.164 0.200 0.248 0.292 0.309 0.267 0.225 0.186 0.153 0.121 0.093 0.063 0.035 0.015 0.005 0.002 0.000 0.000 0.000 0.000 0.000 0.000 0.000 0.000 0.000 0.000 0.000 0.000 0.000 0.000 0.000 0.000
5.532 6.959 8.750 10.961 14.641 16.283 17.129 11.329 11.736 8.056 2.141 1.750 1.712 1.701 1.724 1.512 1.369 1.308 1.182 1.100 1.017 0.890 0.777 0.657 0.562 0.454 0.349 0.256 0.181 0.132 0.087 0.056 0.039 0.026 0.017 0.019 0.023 0.026 0.031 0.039 0.047 0.057 0.071 0.091 0.123 0.163 0.198 0.243 0.292 0.319 0.296 0.256 0.210 0.175 0.144 0.116 0.083 0.053 0.027 0.010 0.003 0.001 0.000 0.000 0.000 0.000 0.000 0.000 0.000 0.000 0.000 0.000 0.000 0.000 0.000 0.000 0.000
4.782 5.990 7.772 10.167 13.929 17.633 18.620 12.593 13.849 10.445 3.370 1.961 1.906 1.889 2.077 1.718 1.494 1.435 1.396 1.335 1.224 1.110 1.008 0.904 0.815 0.680 0.539 0.400 0.299 0.220 0.140 0.094 0.065 0.039 0.023 0.015 0.020 0.023 0.026 0.032 0.039 0.048 0.063 0.082 0.112 0.150 0.189 0.227 0.270 0.314 0.312 0.283 0.246 0.196 0.167 0.144 0.105 0.073 0.041 0.017 0.006 0.002 0.000 0.000 0.000 0.000 0.000 0.000 0.000 0.000 0.000 0.000 0.000 0.000 0.000 0.000 0.000
4.087 5.543 7.462 9.687 12.911 14.642 15.678 15.349 18.897 13.587 5.495 2.293 2.189 2.175 2.212 1.804 1.596 1.639 1.661 1.653 1.568 1.433 1.310 1.212 1.101 0.929 0.754 0.601 0.488 0.352 0.233 0.166 0.114 0.069 0.040 0.020 0.018 0.021 0.023 0.028 0.036 0.043 0.054 0.070 0.096 0.130 0.171 0.205 0.255 0.294 0.309 0.312 0.287 0.225 0.193 0.165 0.131 0.097 0.057 0.028 0.011 0.004 0.001 0.000 0.000 0.000 0.000 0.000 0.000 0.000 0.000 0.000 0.000 0.000 0.000 0.000 0.000
3.287 4.838 6.531 8.239 10.349 11.680 13.052 16.100 19.076 14.238 8.780 3.508 2.434 2.613 1.928 1.833 2.044 2.121 2.024 1.952 1.853 1.761 1.660 1.489 1.356 1.178 1.008 0.886 0.727 0.534 0.392 0.290 0.204 0.129 0.075 0.040 0.022 0.019 0.022 0.028 0.034 0.039 0.048 0.060 0.082 0.113 0.145 0.181 0.230 0.270 0.302 0.339 0.322 0.267 0.219 0.182 0.160 0.126 0.082 0.044 0.019 0.007 0.002 0.000 0.000 0.000 0.000 0.000 0.000 0.000 0.000 0.000 0.000 0.000 0.000 0.000 0.000
2.680 4.279 5.280 6.656 8.593 10.815 12.756 15.812 15.435 13.809 11.463 5.348 2.984 2.430 2.433 2.532 2.420 2.401 2.304 2.218 2.103 2.006 1.899 1.745 1.614 1.429 1.314 1.194 0.992 0.783 0.630 0.489 0.355 0.237 0.141 0.081 0.044 0.023 0.021 0.025 0.028 0.034 0.043 0.054 0.074 0.099 0.126 0.165 0.213 0.251 0.294 0.343 0.353 0.320 0.251 0.200 0.181 0.155 0.118 0.071 0.034 0.013 0.003 0.001 0.000 0.000 0.000 0.000 0.000 0.000 0.000 0.000 0.000 0.000 0.000 0.000 0.000
1.879 3.423 5.043 6.880 7.613 9.338 12.877 16.330 15.565 14.192 13.303 7.249 4.348 3.458 2.426 2.389 2.531 2.475 2.447 2.459 2.360 2.294 2.144 2.008 1.866 1.719 1.616 1.458 1.283 1.087 0.920 0.757 0.577 0.408 0.261 0.158 0.091 0.049 0.025 0.022 0.025 0.031 0.040 0.052 0.067 0.089 0.117 0.157 0.196 0.231 0.270 0.316 0.360 0.352 0.293 0.225 0.189 0.179 0.161 0.113 0.063 0.027 0.008 0.002 0.000 0.000 0.000 0.000 0.000 0.000 0.000 0.000 0.000 0.000 0.000 0.000 0.000
1.133 2.404 4.380 6.350 7.434 7.758 10.060 14.739 15.842 15.567 14.348 8.673 5.352 4.480 2.779 2.491 2.568 2.580 2.506 2.496 2.504 2.492 2.415 2.242 2.117 2.032 1.854 1.742 1.584 1.396 1.241 1.071 0.867 0.656 0.453 0.288 0.176 0.101 0.053 0.026 0.025 0.030 0.038 0.049 0.063 0.084 0.110 0.148 0.185 0.213 0.237 0.290 0.337 0.366 0.333 0.258 0.203 0.196 0.189 0.157 0.108 0.054 0.020 0.005 0.001 0.000 0.000 0.000 0.000 0.000 0.000 0.000 0.000 0.000 0.000 0.000 0.000
0.687 1.603 3.038 4.944 6.901 7.796 7.977 10.541 15.897 16.693 15.016 10.359 6.859 5.794 3.609 2.349 2.366 2.492 2.562 2.565 2.556 2.575 2.494 2.454 2.432 2.310 2.169 2.029 1.850 1.730 1.586 1.406 1.214 0.977 0.715 0.488 0.319 0.196 0.114 0.060 0.029 0.031 0.038 0.051 0.064 0.082 0.105 0.141 0.176 0.199 0.223 0.263 0.312 0.370 0.373 0.301 0.235 0.211 0.199 0.189 0.158 0.096 0.042 0.012 0.002 0.000 0.000 0.000 0.000 0.000 0.000 0.000 0.000 0.000 0.000 0.000 0.000
0.489 1.219 2.440 3.977 5.577 7.349 8.505 9.147 13.325 16.178 13.749 12.030 8.582 7.282 4.514 2.744 2.270 2.335 2.461 2.504 2.484 2.492 2.529 2.588 2.618 2.570 2.491 2.315 2.157 2.065 1.940 1.755 1.583 1.335 1.032 0.762 0.546 0.361 0.221 0.127 0.068 0.039 0.047 0.057 0.067 0.082 0.105 0.137 0.168 0.189 0.214 0.245 0.297 0.359 0.393 0.346 0.271 0.231 0.216 0.206 0.191 0.145 0.080 0.030 0.008 0.001 0.000 0.000 0.000 0.000 0.000 0.000 0.000 0.000 0.000 0.000 0.000
0.334 0.899 1.923 3.224 4.565 6.348 8.357 10.342 13.952 13.706 11.822 12.893 10.921 8.763 5.490 3.313 2.421 2.164 2.246 2.284 2.370 2.472 2.556 2.650 2.693 2.665 2.619 2.568 2.470 2.360 2.269 2.123 1.956 1.711 1.389 1.095 0.842 0.602 0.404 0.258 0.153 0.086 0.057 0.063 0.073 0.086 0.105 0.131 0.158 0.185 0.212 0.242 0.283 0.338 0.387 0.379 0.309 0.262 0.241 0.222 0.214 0.192 0.135 0.067 0.023 0.005 0.001 0.000 0.000 0.000 0.000 0.000 0.000 0.000 0.000 0.000 0.000
0.225 0.659 1.480 2.617 3.843 5.011 6.907 10.786 15.624 13.475 12.987 14.553 11.985 8.682 6.742 4.193 2.731 2.058 1.900 2.037 2.209 2.373 2.545 2.715 2.773 2.788 2.774 2.701 2.627 2.571 2.493 2.412 2.286 2.075 1.764 1.456 1.187 0.940 0.694 0.472 0.303 0.186 0.101 0.065 0.075 0.087 0.105 0.130 0.158 0.189 0.222 0.248 0.274 0.319 0.378 0.406 0.362 0.304 0.270 0.245 0.230 0.216 0.182 0.118 0.054 0.018 0.003 0.000 0.000 0.000 0.000 0.000 0.000 0.000 0.000 0.000 0.000
0.141 0.462 1.135 2.129 3.217 4.481 6.178 8.421 11.742 14.551 15.015 14.044 10.860 9.104 8.581 5.635 3.408 2.275 1.809 1.799 1.908 2.079 2.266 2.463 2.637 2.844 2.925 2.861 2.822 2.745 2.641 2.580 2.530 2.394 2.140 1.847 1.553 1.298 1.043 0.773 0.542 0.359 0.215 0.117 0.072 0.084 0.105 0.133 0.162 0.199 0.234 0.257 0.284 0.323 0.376 0.422 0.401 0.341 0.297 0.268 0.247 0.224 0.203 0.162 0.096 0.042 0.011 0.001 0.000 0.000 0.000 0.000 0.000 0.000 0.000 0.000 0.000
0.086 0.315 0.836 1.675 2.736 4.126 5.703 6.777 7.867 10.991 13.489 12.534 10.450 10.569 10.687 7.639 4.758 2.858 1.976 1.635 1.794 1.951 2.063 2.173 2.369 2.611 2.777 2.891 2.923 2.852 2.791 2.761 2.735 2.642 2.447 2.218 1.927 1.685 1.432 1.136 0.874 0.619 0.400 0.248 0.132 0.090 0.114 0.139 0.171 0.216 0.251 0.277 0.309 0.341 0.381 0.419 0.416 0.370 0.327 0.294 0.269 0.243 0.212 0.179 0.133 0.076 0.028 0.004 0.001 0.001 0.002 0.001 0.000 0.000 0.000 0.000 0.000
0.050 0.207 0.604 1.295 2.264 3.418 4.632 6.014 7.360 8.883 11.395 12.636 10.983 11.124 10.452 8.653 6.438 3.933 2.551 1.908 1.678 1.761 1.845 1.981 2.122 2.312 2.544 2.728 2.790 2.856 2.911 2.919 2.927 2.839 2.650 2.527 2.312 2.050 1.815 1.544 1.260 0.978 0.707 0.466 0.283 0.151 0.130 0.158 0.196 0.239 0.273 0.304 0.331 0.359 0.392 0.417 0.421 0.392 0.354 0.327 0.302 0.269 0.227 0.194 0.156 0.105 0.050 0.013 0.002 0.001 0.001 0.000 0.000 0.000 0.000 0.000 0.000
0.026 0.129 0.419 0.979 1.804 2.800 4.052 5.496 6.871 7.966 9.900 12.838 12.516 11.013 10.760 9.318 7.891 5.680 3.601 2.517 1.686 1.564 1.721 1.845 1.895 2.029 2.267 2.496 2.675 2.806 2.920 3.038 3.109 3.019 2.939 2.846 2.618 2.377 2.158 1.930 1.654 1.400 1.143 0.846 0.554 0.346 0.209 0.217 0.239 0.276 0.311 0.336 0.358 0.378 0.402 0.425 0.427 0.409 0.389 0.369 0.342 0.306 0.260 0.221 0.176 0.130 0.079 0.027 0.004 0.001 0.001 0.000 0.000 0.000 0.000 0.000 0.000
0.011 0.073 0.272 0.695 1.388 2.330 3.471 4.655 5.955 7.396 8.527 11.583 12.695 10.603 11.797 12.033 9.644 7.324 5.415 3.767 2.347 1.493 1.621 1.700 1.749 1.876 2.061 2.293 2.590 2.726 2.851 3.050 3.149 3.119 3.042 3.013 3.013 2.801 2.507 2.309 2.036 1.800 1.634 1.397 1.075 0.773 0.575 0.460 0.395 0.372 0.377 0.387 0.400 0.414 0.428 0.440 0.442 0.441 0.430 0.411 0.385 0.347 0.303 0.257 0.208 0.165 0.112 0.048 0.011 0.002 0.001 0.001 0.000 0.000 0.000 0.000 0.000
0.004 0.039 0.165 0.474 1.031 1.866 2.889 3.981 5.105 6.590 7.803 8.755 9.888 10.072 11.497 10.423 10.092 8.845 7.621 5.814 3.631 2.245 1.393 1.410 1.564 1.799 1.993 2.269 2.578 2.676 2.738 2.911 3.086 3.188 3.136 3.102 3.258 3.255 2.924 2.682 2.458 2.110 1.915 1.779 1.596 1.384 1.135 0.923 0.747 0.612 0.533 0.501 0.480 0.475 0.479 0.479 0.483 0.482 0.463 0.444 0.424 0.397 0.356 0.309 0.257 0.208 0.148 0.077 0.024 0.005 0.002 0.001 0.000 0.000 0.000 0.000 0.000
0.001 0.018 0.091 0.298 0.723 1.408 2.343 3.416 4.538 5.803 6.954 7.759 9.283 11.041 10.161 10.245 9.805 8.884 8.347 8.032 5.878 3.480 2.004 1.368 1.496 1.641 1.794 2.057 2.372 2.688 2.773 2.817 2.990 3.152 3.304 3.313 3.369 3.476 3.367 3.131 2.908 2.581 2.232 1.924 1.700 1.608 1.516 1.352 1.165 0.940 0.768 0.662 0.603 0.559 0.545 0.541 0.532 0.516 0.500 0.488 0.471 0.458 0.420 0.374 0.320 0.259 0.188 0.113 0.045 0.012 0.003 0.001 0.001 0.000 0.000 0.000 0.000
0.000 0.007 0.047 0.174 0.471 1.001 1.824 2.833 4.001 5.151 6.116 7.103 9.107 11.392 10.271 10.046 10.271 10.702 9.890 9.334 8.352 5.761 3.195 1.798 1.498 1.601 1.697 1.865 2.042 2.343 2.743 2.767 2.899 3.069 3.255 3.447 3.569 3.631 3.632 3.494 3.248 2.953 2.671 2.335 1.954 1.754 1.661 1.543 1.407 1.240 1.044 0.875 0.754 0.677 0.633 0.601 0.577 0.568 0.557 0.535 0.529 0.526 0.489 0.445 0.387 0.313 0.239 0.158 0.074 0.025 0.007 0.002 0.001 0.001 0.000 0.000 0.000
0.000 0.002 0.021 0.093 0.290 0.692 1.361 2.262 3.397 4.378 5.232 6.644 8.907 9.254 10.004 9.732 9.355 9.771 11.451 11.119 10.221 8.215 4.982 3.139 1.586 1.570 1.662 1.791 1.875 2.084 2.452 2.697 2.765 2.941 3.101 3.259 3.487 3.552 3.758 3.802 3.606 3.333 3.072 2.756 2.437 2.136 1.939 1.774 1.609 1.469 1.298 1.097 0.942 0.833 0.735 0.675 0.657 0.650 0.628 0.605 0.599 0.580 0.554 0.511 0.452 0.386 0.306 0.209 0.113 0.048 0.016 0.005 0.001 0.001 0.001 0.001 0.000
0.000 0.000 0.007 0.046 0.170 0.458 0.966 1.732 2.695 3.630 4.687 6.066 6.603 7.725 8.958 10.203 10.112 9.273 8.870 10.167 10.196 9.635 7.474 4.650 2.822 1.572 1.627 1.719 1.770 1.912 2.174 2.508 2.665 2.820 2.943 3.087 3.337 3.442 3.640 3.695 3.659 3.670 3.473 3.230 2.993 2.670 2.345 2.117 1.901 1.699 1.521 1.331 1.173 1.039 0.886 0.791 0.761 0.746 0.716 0.701 0.672 0.653 0.622 0.573 0.529 0.462 0.377 0.266 0.161 0.082 0.034 0.012 0.003 0.001 0.001 0.001 0.000
0.000 0.000 0.002 0.020 0.094 0.284 0.650 1.252 2.053 3.011 4.004 4.884 5.427 6.845 8.136 9.254 10.238 9.409 9.660 9.459 10.117 10.557 9.957 7.301 4.299 2.204 1.662 1.700 1.700 1.774 1.853 2.142 2.562 2.770 2.862 2.992 3.291 3.416 3.362 3.406 3.634 3.856 3.900 3.739 3.477 3.197 2.856 2.558 2.246 1.944 1.717 1.572 1.397 1.246 1.057 0.954 0.878 0.853 0.824 0.790 0.763 0.744 0.689 0.663 0.627 0.548 0.450 0.331 0.218 0.123 0.059 0.025 0.008 0.002 0.001 0.001 0.001
0.000 0.000 0.000 0.007 0.046 0.162 0.412 0.854 1.509 2.366 3.262 4.120 4.967 5.602 6.719 7.532 8.470 9.682 10.099 10.303 8.906 9.344 11.169 10.175 6.500 3.740 1.840 1.805 1.801 1.800 1.759 1.787 2.207 2.625 2.828 2.833 3.038 3.098 3.169 3.458 3.683 3.829 4.053 4.074 3.898 3.697 3.367 3.021 2.682 2.300 1.969 1.786 1.603 1.413 1.228 1.137 1.039 0.976 0.934 0.893 0.870 0.836 0.801 0.776 0.726 0.626 0.530 0.410 0.283 0.174 0.092 0.046 0.019 0.005 0.002 0.002 0.001
0.000 0.000 0.000 0.002 0.020 0.083 0.242 0.544 1.084 1.843 2.740 3.660 4.605 4.822 5.684 6.658 7.057 8.229 9.977 10.037 10.646 9.871 8.804 10.141 8.797 5.612 2.682 2.060 2.018 1.958 1.852 1.810 1.906 2.247 2.649 2.689 2.757 2.844 3.078 3.493 3.822 3.968 4.084 4.166 4.141 3.959 3.780 3.520 3.220 2.773 2.347 2.011 1.750 1.563 1.410 1.308 1.207 1.132 1.051 1.000 0.961 0.929 0.918 0.862 0.796 0.722 0.623 0.500 0.372 0.241 0.134 0.073 0.035 0.013 0.004 0.002 0.001
0.000 0.000 0.000 0.000 0.007 0.038 0.129 0.323 0.726 1.290 2.136 2.941 3.763 4.474 5.215 5.826 6.070 7.104 8.309 9.138 10.493 11.146 10.926 9.614 9.771 8.624 4.239 2.424 2.139 2.012 1.882 1.904 1.863 2.027 2.302 2.465 2.561 2.766 3.049 3.421 3.707 3.906 4.102 4.328 4.466 4.274 4.013 3.767 3.525 3.229 2.835 2.387 1.937 1.739 1.581 1.453 1.340 1.261 1.167 1.096 1.074 1.036 1.009 0.930 0.883 0.835 0.725 0.612 0.472 0.322 0.185 0.109 0.057 0.024 0.007 0.003 0.002
0.000 0.000 0.000 0.000 0.001 0.013 0.056 0.171 0.408 0.808 1.420 2.190 3.134 4.132 4.877 5.226 5.644 6.509 7.198 7.644 8.518 11.240 13.413 11.890 11.871 9.789 6.033 3.666 2.429 2.155 2.044 1.975 1.936 1.972 2.010 2.245 2.464 2.617 2.895 3.174 3.414 3.641 4.044 4.352 4.617 4.694 4.466 4.176 3.938 3.582 3.134 2.804 2.291 1.974 1.790 1.627 1.475 1.357 1.260 1.174 1.134 1.135 1.148 1.041 0.983 0.930 0.835 0.717 0.594 0.411 0.259 0.162 0.088 0.042 0.016 0.004 0.004
0.000 0.000 0.000 0.000 0.000 0.003 0.020 0.075 0.201 0.460 0.900 1.597 2.485 3.456 4.244 4.909 5.366 6.109 6.351 6.679 8.071 10.518 13.540 14.098 12.955 10.461 7.436 5.469 3.490 2.586 2.342 2.191 2.085 2.013 1.984 2.109 2.349 2.450 2.670 2.863 3.138 3.521 3.941 4.146 4.398 4.749 4.884 4.655 4.329 4.086 3.604 3.154 2.701 2.275 2.034 1.834 1.620 1.496 1.388 1.310 1.209 1.179 1.193 1.179 1.116 1.029 0.947 0.853 0.721 0.521 0.360 0.235 0.132 0.070 0.031 0.011 0.013
0.000 0.000 0.000 0.000 0.000 0.000 0.005 0.027 0.086 0.248 0.538 1.048 1.696 2.564 3.663 4.241 4.825 5.683 5.995 6.343 7.919 11.771 12.451 11.323 12.338 11.959 9.105 7.024 5.216 3.146 2.735 2.550 2.340 2.194 2.145 2.203 2.374 2.448 2.541 2.724 3.044 3.334 3.516 3.735 4.120 4.581 4.989 4.938 4.594 4.485 4.134 3.622 3.137 2.613 2.326 2.091 1.850 1.654 1.518 1.434 1.352 1.278 1.228 1.239 1.203 1.138 1.054 0.972 0.862 0.673 0.490 0.333 0.194 0.106 0.051 0.026 0.012
0.000 0.000 0.000 0.000 0.000 0.000 0.000 0.006 0.034 0.111 0.262 0.563 1.063 1.700 2.654 3.614 4.218 5.150 5.778 6.363 7.989 12.095 10.334 10.197 11.340 12.055 10.481 8.602 7.102 4.820 3.135 2.850 2.713 2.627 2.396 2.281 2.273 2.464 2.515 2.709 2.872 2.854 3.097 3.554 3.921 4.235 4.699 5.100 5.002 4.791 4.602 4.151 3.623 3.063 2.687 2.403 2.100 1.854 1.709 1.611 1.501 1.425 1.326 1.261 1.282 1.252 1.184 1.136 1.039 0.826 0.642 0.454 0.281 0.153 0.074 0.038 0.018
0.000 0.000 0.000 0.000 0.000 0.000 0.000 0.001 0.010 0.041 0.116 0.290 0.628 1.140 1.805 2.788 3.547 4.199 5.132 6.198 8.290 8.969 8.771 9.368 9.908 11.509 11.458 10.173 9.249 6.842 3.713 3.202 3.037 2.920 2.839 2.683 2.445 2.453 2.646 2.608 2.611 2.799 3.060 3.365 3.715 4.019 4.374 4.924 5.287 5.224 5.118 4.741 4.125 3.534 3.087 2.766 2.399 2.116 1.966 1.871 1.686 1.560 1.443 1.394 1.392 1.343 1.311 1.269 1.167 0.994 0.805 0.604 0.384 0.216 0.107 0.053 0.025
0.000 0.000 0.000 0.000 0.000 0.000 0.000 0.000 0.002 0.012 0.049 0.142 0.326 0.630 1.092 1.744 2.774 3.425 4.347 5.490 6.744 7.238 8.411 9.046 9.179 10.684 11.466 11.918 11.054 8.495 5.309 3.759 3.425 3.180 3.028 2.978 2.841 2.569 2.567 2.561 2.670 2.801 3.013 3.281 3.547 3.864 4.138 4.435 4.929 5.359 5.478 5.265 4.733 4.055 3.546 3.193 2.829 2.454 2.223 2.125 1.925 1.741 1.608 1.562 1.513 1.452 1.440 1.405 1.330 1.160 0.996 0.745 0.514 0.312 0.160 0.080 0.039
0.000 0.000 0.000 0.000 0.000 0.000 0.000 0.000 0.000 0.002 0.015 0.050 0.131 0.314 0.597 1.028 1.760 2.634 3.686 4.779 5.147 6.330 7.770 8.431 8.701 9.514 10.819 11.668 11.282 10.455 7.522 4.768 4.046 3.636 3.313 3.157 3.081 2.763 2.438 2.689 2.785 2.856 2.996 3.216 3.399 3.593 3.835 4.018 4.355 4.788 5.203 5.473 5.306 4.818 4.180 3.686 3.283 2.842 2.569 2.378 2.151 1.978 1.846 1.709 1.609 1.605 1.541 1.513 1.450 1.349 1.158 0.922 0.686 0.438 0.243 0.125 0.061
0.000 0.000 0.000 0.000 0.000 0.000 0.000 0.000 0.000 0.000 0.002 0.013 0.048 0.128 0.298 0.626 1.054 1.779 2.647 3.400 4.212 5.250 6.361 7.199 8.259 8.922 9.984 10.047 11.726 12.738 9.453 6.289 4.862 4.261 3.842 3.626 3.374 2.992 2.702 2.613 2.750 2.858 3.014 3.077 3.162 3.328 3.523 3.816 4.174 4.516 4.889 5.110 5.322 5.410 4.973 4.281 3.764 3.241 2.935 2.734 2.484 2.238 2.055 1.890 1.817 1.741 1.670 1.655 1.578 1.496 1.345 1.140 0.868 0.595 0.364 0.200 0.098
